D00 0.0544 246 426 268 481
D00 0.0444 3 421 124 500
D00 0.0431 238 410 273 490
D00 0.0380 227 428 267 512
D00 0.0376 236 437 261 490
D00 0.0355 2 437 84 512
D00 0.0335 254 416 275 474
D00 0.0290 210 416 260 507
D00 0.0276 247 394 281 484
D00 0.0254 1 406 89 484
D00 0.0253 361 427 481 536
D00 0.0249 220 445 256 513
D00 0.0246 222 393 277 507
D00 0.0240 0 454 62 492
D00 0.0240 250 424 278 496
D00 0.0220 71 479 125 506
D00 0.0217 199 443 244 518
D00 0.0217 0 402 173 485
D00 0.0216 45 476 113 510
D00 0.0215 15 469 101 514
D00 0.0213 0 455 50 519
D00 0.0210 247 400 268 460
D00 0.0210 332 409 445 517
D00 0.0208 215 455 243 508
D00 0.0208 1 457 29 506
D00 0.0208 3 457 125 523
D00 0.0206 518 570 596 600
D00 0.0206 393 465 442 540
D00 0.0205 242 441 271 513
D00 0.0203 377 454 543 545
D00 0.0201 51 488 106 512
D00 0.0200 2 438 67 476
D00 0.0193 234 425 265 468
D00 0.0189 364 439 441 518
D00 0.0186 218 431 264 482
D00 0.0184 89 479 144 505
D00 0.0183 94 454 158 508
D00 0.0182 207 464 233 514
D00 0.0178 33 489 88 514
D00 0.0177 179 407 282 512
D00 0.0177 189 419 246 505
D00 0.0176 14 444 163 506
D00 0.0174 226 450 267 476
D00 0.0173 503 561 579 596
D00 0.0172 376 466 469 527
D00 0.0169 63 471 153 509
D00 0.0168 13 425 102 468
D00 0.0168 245 423 290 518
D00 0.0167 0 390 114 462
D00 0.0163 346 423 422 499
D00 0.0163 402 484 432 535
D00 0.0161 56 456 122 510
D00 0.0160 341 417 399 476
D00 0.0160 108 465 146 502
D00 0.0157 252 381 278 457
D00 0.0156 237 440 275 470
D00 0.0155 0 477 80 521
D00 0.0155 81 462 134 505
D00 0.0154 33 414 156 469
D00 0.0152 41 427 184 493
D00 0.0152 0 435 34 496
D00 0.0151 0 402 68 432
D00 0.0151 0 414 75 550
D00 0.0149 384 450 490 509
D00 0.0149 1 473 28 523
D00 0.0149 10 463 81 501
D00 0.0147 118 472 153 507
D00 0.0146 0 0 70 135
D00 0.0146 367 432 470 487
D00 0.0146 1 467 46 496
D00 0.0144 323 404 413 489
D00 0.0143 254 409 292 489
D00 0.0142 22 450 107 499
D00 0.0141 13 406 100 448
D00 0.0140 342 412 462 476
D00 0.0140 190 458 238 507
D00 0.0139 538 550 600 600
D00 0.0139 113 444 178 503
D00 0.0138 0 459 39 487
D00 0.0138 44 392 184 454
D00 0.0138 200 441 276 490
D00 0.0137 254 377 278 419
D00 0.0137 0 382 115 531
D00 0.0137 356 438 404 491
D00 0.0137 369 428 539 506
D00 0.0136 512 230 586 350
D00 0.0135 215 458 260 485
D00 0.0135 128 419 232 502
D00 0.0134 307 454 508 563
D00 0.0133 401 467 513 528
D00 0.0133 204 455 239 492
D00 0.0132 63 471 115 498
D00 0.0132 350 428 389 464
D00 0.0131 79 487 134 510
D00 0.0131 325 407 383 465
D00 0.0130 216 472 241 520
D00 0.0130 502 573 564 598
D00 0.0129 18 446 92 479
D00 0.0129 69 410 202 474
D00 0.0128 160 439 237 510
D00 0.0128 218 403 324 513
D00 0.0127 231 459 262 502
D00 0.0126 91 402 161 431
D00 0.0125 31 420 105 453
D00 0.0125 342 419 381 456
D00 0.0124 384 448 458 561
D00 0.0124 263 417 285 472
D00 0.0123 1 477 44 506
D00 0.0122 95 396 222 493
D00 0.0122 100 394 170 423
D00 0.0122 403 491 449 542
D00 0.0122 481 154 592 347
D00 0.0122 351 455 424 531
D00 0.0121 0 413 45 484
D00 0.0121 246 384 269 431
D00 0.0121 140 426 206 485
D00 0.0120 198 466 225 513
D00 0.0120 32 498 86 519
D00 0.0120 14 488 67 514
D00 0.0120 42 407 130 447
D00 0.0120 422 479 566 551
D00 0.0120 199 468 246 496
D00 0.0120 499 238 544 335
D00 0.0119 354 424 439 469
D00 0.0119 397 473 476 549
D00 0.0118 387 474 444 510
D00 0.0118 6 377 156 437
D00 0.0118 336 489 545 586
D00 0.0118 21 479 78 507
D00 0.0118 226 422 254 475
D00 0.0117 20 402 93 431
D00 0.0116 338 429 394 522
D00 0.0114 242 382 273 414
D00 0.0114 260 391 287 465
D00 0.0114 75 389 159 426
D00 0.0114 3 418 75 453
D00 0.0112 12 393 82 424
D00 0.0112 191 441 272 528
D00 0.0112 64 398 148 436
D00 0.0110 365 447 415 500
D00 0.0110 239 377 294 491
D00 0.0110 347 420 410 455
D00 0.0109 0 56 37 136
D00 0.0109 104 435 190 478
D00 0.0109 0 484 45 532
D00 0.0109 75 444 157 488
D00 0.0108 16 498 65 520
D00 0.0108 513 278 575 349
D00 0.0108 419 449 568 515
D00 0.0108 263 410 309 505
D00 0.0108 198 477 244 507
D00 0.0108 396 482 453 521
D00 0.0108 0 399 57 454
D00 0.0107 125 463 162 501
D00 0.0107 70 444 209 507
D00 0.0107 321 403 366 452
D00 0.0107 71 411 141 441
D00 0.0106 117 455 155 492
D00 0.0106 393 477 425 528
D00 0.0106 227 454 286 518
D00 0.0106 237 403 262 458
D00 0.0105 40 429 114 460
D00 0.0105 557 573 600 599
D00 0.0105 26 442 89 467
D00 0.0105 8 518 53 545
D00 0.0105 309 394 392 525
D00 0.0104 355 440 402 467
D00 0.0103 373 459 427 509
D00 0.0103 180 466 264 515
D00 0.0103 322 414 374 505
D00 0.0103 343 405 533 554
D00 0.0102 157 411 237 481
D00 0.0102 89 396 146 420
D00 0.0102 97 435 268 513
D00 0.0101 66 458 132 491
D00 0.0101 84 469 112 509
D00 0.0101 19 489 97 524
D00 0.0101 0 476 106 544
D00 0.0100 495 552 568 585
D00 0.0100 483 222 561 343
D00 0.0100 0 428 57 465
D00 0.0100 396 436 513 483
D10 0.0144 2 450 50 479
D10 0.0138 4 442 61 470
D10 0.0135 207 459 255 486
D10 0.0113 0 409 58 439
D20 0.0444 0 414 136 506
D20 0.0256 0 386 145 475
D20 0.0242 0 443 54 503
D20 0.0229 502 557 594 600
D20 0.0182 0 403 231 520
D20 0.0166 0 408 49 491
D20 0.0159 0 0 408 294
D20 0.0156 167 0 600 294
D20 0.0155 454 534 600 600
D20 0.0154 127 458 545 600
D20 0.0153 463 196 599 357
D20 0.0153 0 311 408 600
D20 0.0151 0 0 220 145
D20 0.0149 423 459 588 547
D20 0.0149 0 398 75 436
D20 0.0147 0 118 290 600
D20 0.0144 372 457 600 600
D20 0.0144 167 311 600 600
D20 0.0139 312 118 600 600
D20 0.0137 0 0 112 73
D20 0.0137 7 526 53 553
D20 0.0136 453 0 600 228
D20 0.0132 506 252 590 355
D20 0.0130 0 0 600 434
D20 0.0127 377 0 600 144
D20 0.0126 0 457 400 600
D20 0.0125 0 0 72 109
D20 0.0124 343 183 600 366
D20 0.0124 0 145 600 600
D20 0.0121 0 392 91 531
D20 0.0118 386 0 600 317
D20 0.0118 0 447 184 547
D20 0.0116 40 407 499 568
D20 0.0115 294 0 478 75
D20 0.0115 115 421 277 505
D20 0.0115 4 373 182 445
D20 0.0113 452 369 600 600
D20 0.0111 0 0 107 149
D20 0.0111 29 0 297 90
D20 0.0110 0 518 66 556
D20 0.0110 430 488 590 577
D20 0.0108 144 0 486 105
D20 0.0106 0 371 59 510
D20 0.0104 0 333 131 523
D20 0.0104 514 255 561 340
D20 0.0103 0 189 34 269
D20 0.0101 0 434 29 508
D20 0.0101 218 0 423 75
D40 0.0159 123 116 177 139
D40 0.0118 489 549 576 591
