D00 0.1335 284 431 325 523
D00 0.1162 301 464 327 515
D00 0.1062 267 413 319 516
D00 0.0834 291 454 320 511
D00 0.0827 304 479 334 517
D00 0.0751 298 442 339 523
D00 0.0714 270 444 305 516
D00 0.0701 275 397 338 530
D00 0.0677 283 471 330 517
D00 0.0653 280 418 310 502
D00 0.0547 292 417 351 515
D00 0.0534 280 463 311 513
D00 0.0516 270 465 352 519
D00 0.0504 271 409 302 486
D00 0.0475 260 427 300 525
D00 0.0455 275 400 296 460
D00 0.0447 283 409 305 470
D00 0.0446 266 452 289 512
D00 0.0418 292 428 315 491
D00 0.0413 273 437 381 521
D00 0.0370 276 388 312 477
D00 0.0337 298 482 362 518
D00 0.0322 300 436 324 502
D00 0.0313 273 470 298 517
D00 0.0313 266 399 288 458
D00 0.0311 309 472 345 512
D00 0.0307 244 395 309 522
D00 0.0296 287 404 318 478
D00 0.0294 259 392 296 480
D00 0.0269 437 535 486 559
D00 0.0265 280 433 309 477
D00 0.0261 298 495 342 519
D00 0.0256 307 447 333 508
D00 0.0253 293 463 349 504
D00 0.0250 246 453 318 520
D00 0.0250 286 399 405 517
D00 0.0245 116 460 152 522
D00 0.0240 266 425 289 486
D00 0.0230 108 480 145 520
D00 0.0228 194 401 228 432
D00 0.0221 254 443 281 518
D00 0.0221 305 452 373 515
D00 0.0220 270 444 336 509
D00 0.0218 274 385 296 438
D00 0.0214 545 388 595 491
D00 0.0205 268 487 318 514
D00 0.0202 295 414 328 487
D00 0.0194 87 460 149 521
D00 0.0192 430 529 477 555
D00 0.0192 575 402 597 455
D00 0.0192 268 484 356 533
D00 0.0189 268 371 304 455
D00 0.0189 568 373 600 462
D00 0.0187 266 384 287 436
D00 0.0187 283 460 432 524
D00 0.0184 282 494 329 518
D00 0.0179 202 393 234 425
D00 0.0178 311 441 348 513
D00 0.0176 280 396 331 467
D00 0.0174 250 407 286 501
D00 0.0172 283 386 306 436
D00 0.0171 101 497 151 521
D00 0.0171 447 529 492 555
D00 0.0170 202 406 234 439
D00 0.0170 263 478 294 516
D00 0.0168 228 427 341 525
D00 0.0167 130 473 157 522
D00 0.0164 337 406 468 516
D00 0.0163 319 441 405 515
D00 0.0162 120 445 165 529
D00 0.0158 279 451 328 494
D00 0.0157 310 406 374 503
D00 0.0157 239 436 275 523
D00 0.0156 274 467 321 533
D00 0.0156 525 408 587 503
D00 0.0153 0 573 66 600
D00 0.0153 358 451 421 517
D00 0.0152 571 410 600 473
D00 0.0150 374 386 504 503
D00 0.0149 408 537 469 558
D00 0.0148 303 423 339 498
D00 0.0148 453 536 504 560
D00 0.0147 291 395 316 447
D00 0.0147 7 443 128 517
D00 0.0147 306 469 350 535
D00 0.0146 331 433 391 497
D00 0.0146 319 412 382 443
D00 0.0146 450 523 477 561
D00 0.0145 254 398 281 471
D00 0.0144 0 0 67 142
D00 0.0141 215 398 240 436
D00 0.0139 323 525 395 554
D00 0.0138 100 472 137 513
D00 0.0137 179 396 226 437
D00 0.0137 0 461 65 529
D00 0.0137 575 378 597 438
D00 0.0136 315 483 343 524
D00 0.0136 326 423 376 447
D00 0.0135 109 464 144 503
D00 0.0135 0 0 33 80
D00 0.0135 406 403 550 514
D00 0.0134 310 479 366 507
D00 0.0133 30 469 139 522
D00 0.0133 257 434 277 496
D00 0.0132 414 529 488 563
D00 0.0132 378 462 442 521
D00 0.0132 295 408 352 469
D00 0.0132 75 435 168 519
D00 0.0131 321 417 381 476
D00 0.0131 370 453 479 510
D00 0.0131 51 450 151 511
D00 0.0130 148 422 197 450
D00 0.0129 0 433 73 477
D00 0.0129 257 392 278 445
D00 0.0129 300 407 429 480
D00 0.0129 265 361 373 520
D00 0.0127 148 414 195 440
D00 0.0127 224 434 295 515
D00 0.0127 117 487 165 518
D00 0.0126 429 543 479 565
D00 0.0126 168 405 217 428
D00 0.0126 104 476 164 528
D00 0.0125 229 428 263 520
D00 0.0125 294 474 384 536
D00 0.0124 308 414 357 439
D00 0.0123 47 455 109 515
D00 0.0123 317 415 366 458
D00 0.0123 189 395 230 468
D00 0.0122 0 418 96 507
D00 0.0121 113 413 203 506
D00 0.0120 537 434 599 513
D00 0.0120 321 460 359 517
D00 0.0119 337 421 403 452
D00 0.0119 247 452 267 512
D00 0.0119 272 380 322 445
D00 0.0119 183 380 237 433
D00 0.0119 292 457 330 485
D00 0.0119 197 409 224 457
D00 0.0118 17 454 86 519
D00 0.0118 310 403 373 433
D00 0.0118 185 391 220 425
D00 0.0118 141 405 214 474
D00 0.0117 197 395 378 528
D00 0.0117 349 528 408 551
D00 0.0117 0 449 72 498
D00 0.0117 341 442 420 488
D00 0.0116 374 573 442 600
D00 0.0116 237 453 256 511
D00 0.0116 346 471 465 520
D00 0.0116 336 457 385 508
D00 0.0115 391 527 465 555
D00 0.0115 188 403 216 447
D00 0.0115 260 402 361 486
D00 0.0114 330 429 392 461
D00 0.0114 432 523 509 561
D00 0.0113 563 405 600 506
D00 0.0113 166 398 223 484
D00 0.0113 72 466 124 516
D00 0.0112 292 440 372 495
D00 0.0112 112 476 156 509
D00 0.0111 139 405 186 449
D00 0.0111 84 487 136 516
D00 0.0111 300 405 326 455
D00 0.0110 158 404 206 449
D00 0.0110 174 409 211 442
D00 0.0110 243 425 268 503
D00 0.0109 0 62 34 148
D00 0.0109 224 445 250 516
D00 0.0109 78 0 265 93
D00 0.0109 288 391 320 425
D00 0.0107 93 451 139 501
D00 0.0107 183 412 218 473
D00 0.0107 394 476 468 510
D00 0.0107 295 392 353 447
D00 0.0107 220 401 251 433
D00 0.0106 363 423 445 500
D00 0.0106 330 535 389 558
D00 0.0106 354 388 484 450
D00 0.0105 302 434 476 541
D00 0.0105 130 422 178 450
D00 0.0105 272 442 321 483
D00 0.0104 39 474 97 512
D00 0.0104 56 465 117 501
D00 0.0104 217 407 240 458
D00 0.0103 240 397 273 486
D00 0.0103 340 438 402 472
D00 0.0103 127 465 176 518
D00 0.0103 209 397 246 482
D00 0.0103 309 498 368 519
D00 0.0102 262 428 332 489
D00 0.0102 304 410 341 445
D00 0.0102 204 407 235 474
D00 0.0102 307 430 356 485
D00 0.0101 302 481 459 538
D00 0.0101 310 478 406 520
D00 0.0101 378 529 439 551
D00 0.0101 174 426 210 461
D00 0.0100 300 405 348 429
D00 0.0100 21 574 95 600
D00 0.0100 311 528 372 552
D00 0.0100 13 432 115 489
D00 0.0100 341 415 398 439
D10 0.0229 187 412 233 435
D10 0.0174 167 432 216 457
D10 0.0163 274 495 325 518
D10 0.0156 202 412 248 435
D10 0.0139 177 422 224 449
D10 0.0136 148 432 199 456
D10 0.0136 175 441 223 465
D10 0.0133 532 411 600 446
D10 0.0123 158 440 208 464
D10 0.0122 422 480 486 508
D10 0.0119 168 414 218 438
D10 0.0118 299 432 346 456
D10 0.0114 185 432 230 458
D10 0.0112 397 466 492 510
D10 0.0112 141 423 224 465
D10 0.0112 308 423 357 448
D10 0.0112 313 469 366 497
D10 0.0110 291 440 333 464
D10 0.0108 0 455 55 490
D10 0.0108 95 0 284 89
D10 0.0105 523 437 596 471
D10 0.0104 540 431 595 459
D10 0.0104 137 0 335 66
D10 0.0103 208 0 343 43
D10 0.0102 553 414 597 441
D10 0.0100 194 443 240 466
D20 0.0428 265 463 340 516
D20 0.0368 295 407 589 523
D20 0.0353 267 432 423 523
D20 0.0341 195 406 240 429
D20 0.0283 415 432 600 517
D20 0.0280 355 377 577 491
D20 0.0268 0 0 310 132
D20 0.0253 400 481 492 517
D20 0.0248 227 426 368 522
D20 0.0245 489 376 600 499
D20 0.0218 362 438 521 520
D20 0.0204 537 356 600 487
D20 0.0200 401 465 549 522
D20 0.0196 309 454 560 541
D20 0.0186 436 334 600 509
D20 0.0177 423 488 486 514
D20 0.0177 553 411 600 491
D20 0.0173 196 398 239 422
D20 0.0171 169 411 340 514
D20 0.0171 189 397 232 436
D20 0.0170 86 476 165 523
D20 0.0167 0 0 408 294
D20 0.0167 305 312 600 484
D20 0.0167 167 0 600 294
D20 0.0164 0 311 408 600
D20 0.0164 517 401 593 480
D20 0.0162 0 0 119 73
D20 0.0161 29 0 235 76
D20 0.0160 0 0 177 178
D20 0.0158 285 403 444 496
D20 0.0157 0 118 290 600
D20 0.0157 55 462 182 524
D20 0.0156 270 469 448 541
D20 0.0153 167 311 600 600
D20 0.0151 204 398 247 436
D20 0.0149 446 403 594 476
D20 0.0148 312 118 600 600
D20 0.0144 387 453 496 510
D20 0.0143 330 463 478 524
D20 0.0143 504 423 598 517
D20 0.0142 79 431 233 520
D20 0.0138 566 356 600 443
D20 0.0137 505 322 600 465
D20 0.0136 0 0 600 434
D20 0.0134 0 145 600 600
D20 0.0132 198 385 238 448
D20 0.0132 136 399 300 486
D20 0.0131 177 400 494 529
D20 0.0129 164 397 260 444
D20 0.0129 403 523 484 559
D20 0.0125 92 0 372 89
D20 0.0125 183 451 392 539
D20 0.0124 362 341 573 454
D20 0.0124 370 454 600 600
D20 0.0120 148 411 240 465
D20 0.0120 455 0 600 222
D20 0.0120 211 406 260 429
D20 0.0120 0 0 73 110
D20 0.0119 0 456 231 600
D20 0.0117 36 412 308 523
D20 0.0116 379 0 600 144
D20 0.0112 432 481 519 519
D20 0.0112 181 390 257 428
D20 0.0112 480 429 588 488
D20 0.0111 378 480 505 537
D20 0.0108 469 364 592 445
D20 0.0107 539 429 596 478
D20 0.0106 123 393 233 494
D20 0.0106 251 0 408 78
D20 0.0106 194 458 332 521
D20 0.0102 554 339 600 411
D20 0.0102 389 0 600 308
D20 0.0101 131 450 549 600
D20 0.0101 130 0 505 144
D20 0.0100 574 384 600 465
D20 0.0100 372 522 463 555
D20 0.0100 88 452 324 541
D20 0.0100 504 415 600 460
D40 0.0179 409 365 598 450
D40 0.0175 387 480 475 520
D40 0.0169 510 367 600 406
D40 0.0164 414 488 478 514
D40 0.0150 390 416 572 508
D40 0.0148 373 382 550 464
D40 0.0139 393 349 575 424
D40 0.0139 415 454 536 509
D40 0.0135 441 488 499 516
D40 0.0133 537 376 594 400
D40 0.0130 559 371 596 404
D40 0.0129 444 471 581 519
D40 0.0129 571 423 599 464
D40 0.0126 394 494 461 523
D40 0.0119 518 436 593 511
D40 0.0118 426 404 580 474
D40 0.0116 370 374 509 435
D40 0.0115 451 497 507 519
D40 0.0113 430 329 600 406
D40 0.0112 425 497 483 518
D40 0.0111 476 449 588 506
D40 0.0110 574 370 597 425
D40 0.0107 461 359 581 407
D40 0.0107 366 489 450 526
D40 0.0103 406 480 471 507
D40 0.0100 427 361 519 394
D40 0.0100 439 377 566 431
