D00 0.0408 290 409 318 479
D00 0.0407 295 403 335 484
D00 0.0377 141 412 200 476
D00 0.0363 92 409 219 478
D00 0.0362 284 418 306 473
D00 0.0359 13 411 156 477
D00 0.0333 167 395 213 420
D00 0.0331 296 377 338 458
D00 0.0331 160 404 219 471
D00 0.0319 128 398 222 454
D00 0.0313 157 403 206 430
D00 0.0308 302 416 327 474
D00 0.0308 144 434 183 474
D00 0.0304 188 420 216 469
D00 0.0293 59 415 185 471
D00 0.0287 152 425 191 466
D00 0.0286 303 384 347 435
D00 0.0285 306 404 363 473
D00 0.0285 286 385 375 472
D00 0.0279 121 422 184 479
D00 0.0268 217 427 240 476
D00 0.0262 144 409 202 444
D00 0.0261 170 427 216 475
D00 0.0261 302 391 328 446
D00 0.0260 165 433 200 473
D00 0.0256 310 417 338 473
D00 0.0249 31 418 203 494
D00 0.0249 147 390 215 431
D00 0.0247 303 405 427 480
D00 0.0246 204 422 232 469
D00 0.0245 102 437 169 474
D00 0.0244 176 386 221 412
D00 0.0242 452 522 493 558
D00 0.0240 144 419 185 455
D00 0.0239 82 401 202 452
D00 0.0230 44 422 128 468
D00 0.0230 77 432 157 477
D00 0.0230 277 397 314 483
D00 0.0230 195 428 225 474
D00 0.0229 310 391 377 423
D00 0.0228 298 381 331 418
D00 0.0228 161 417 202 455
D00 0.0226 463 528 500 564
D00 0.0222 54 489 102 515
D00 0.0220 172 408 211 445
D00 0.0220 228 419 249 471
D00 0.0219 181 415 234 472
D00 0.0218 293 433 314 483
D00 0.0218 135 396 246 486
D00 0.0214 307 408 342 446
D00 0.0214 168 388 223 447
D00 0.0210 420 515 490 548
D00 0.0209 325 417 390 476
D00 0.0209 178 412 207 464
D00 0.0208 155 443 190 479
D00 0.0207 117 450 170 476
D00 0.0205 131 430 179 461
D00 0.0204 307 396 416 451
D00 0.0202 0 421 115 496
D00 0.0201 304 393 348 420
D00 0.0200 447 514 507 565
D00 0.0200 430 529 495 561
D00 0.0199 44 498 95 519
D00 0.0199 3 398 136 458
D00 0.0196 180 399 217 434
D00 0.0195 137 450 186 476
D00 0.0195 274 420 298 471
D00 0.0194 400 498 452 526
D00 0.0190 302 393 372 443
D00 0.0190 291 383 322 453
D00 0.0189 192 419 227 456
D00 0.0189 246 393 266 437
D00 0.0184 308 386 359 412
D00 0.0184 318 425 347 478
D00 0.0182 238 402 258 452
D00 0.0180 410 506 481 537
D00 0.0179 187 404 215 454
D00 0.0179 27 486 93 519
D00 0.0178 326 395 391 417
D00 0.0178 485 542 556 571
D00 0.0178 25 416 111 459
D00 0.0177 312 417 352 455
D00 0.0175 72 427 139 464
D00 0.0175 180 430 222 462
D00 0.0175 238 417 257 471
D00 0.0174 173 394 246 462
D00 0.0173 57 423 148 490
D00 0.0173 17 440 147 510
D00 0.0172 311 403 357 430
D00 0.0170 89 522 123 556
D00 0.0168 207 409 246 479
D00 0.0167 163 381 234 420
D00 0.0167 293 377 318 424
D00 0.0165 376 430 457 479
D00 0.0163 24 430 107 475
D00 0.0161 346 418 412 477
D00 0.0160 433 522 481 554
D00 0.0160 315 417 475 501
D00 0.0157 292 379 364 425
D00 0.0156 314 425 372 466
D00 0.0156 240 391 270 421
D00 0.0156 163 527 218 552
D00 0.0156 408 491 461 533
D00 0.0155 311 414 356 439
D00 0.0154 178 423 221 449
D00 0.0154 375 494 443 527
D00 0.0153 45 409 130 450
D00 0.0152 466 532 532 567
D00 0.0152 247 409 266 463
D00 0.0152 463 515 499 549
D00 0.0151 151 401 194 460
D00 0.0150 181 394 230 418
D00 0.0148 290 378 408 434
D00 0.0148 322 433 361 474
D00 0.0148 471 522 508 559
D00 0.0148 129 438 213 481
D00 0.0148 0 422 87 468
D00 0.0147 146 402 187 434
D00 0.0147 300 428 398 485
D00 0.0147 175 443 210 477
D00 0.0146 91 441 145 470
D00 0.0145 378 485 504 551
D00 0.0145 313 383 401 418
D00 0.0145 298 442 329 481
D00 0.0144 237 387 259 425
D00 0.0144 24 498 79 521
D00 0.0144 503 537 591 577
D00 0.0143 109 490 162 513
D00 0.0143 287 366 327 437
D00 0.0143 105 445 149 478
D00 0.0143 339 435 381 474
D00 0.0142 158 450 206 476
D00 0.0142 191 386 242 410
D00 0.0141 133 395 202 424
D00 0.0141 114 420 180 454
D00 0.0140 202 443 235 478
D00 0.0140 0 481 83 523
D00 0.0139 1 450 101 535
D00 0.0137 269 404 355 493
D00 0.0137 0 0 70 136
D00 0.0137 61 477 99 511
D00 0.0136 139 437 170 481
D00 0.0136 69 490 123 513
D00 0.0136 161 419 204 490
D00 0.0135 372 452 474 540
D00 0.0135 398 485 437 523
D00 0.0135 385 482 466 528
D00 0.0134 129 431 162 475
D00 0.0134 508 545 571 569
D00 0.0133 60 498 111 518
D00 0.0133 46 440 128 483
D00 0.0133 336 388 399 412
D00 0.0132 457 543 507 567
D00 0.0132 78 421 149 453
D00 0.0131 0 409 87 449
D00 0.0131 2 493 64 528
D00 0.0130 316 423 365 448
D00 0.0130 132 414 185 438
D00 0.0130 233 399 261 431
D00 0.0130 356 457 573 559
D00 0.0130 409 518 469 541
D00 0.0130 9 404 173 524
D00 0.0130 229 396 264 479
D00 0.0128 114 383 232 435
D00 0.0128 294 377 337 402
D00 0.0128 481 539 521 570
D00 0.0128 224 396 273 417
D00 0.0128 343 450 393 476
D00 0.0127 429 419 600 495
D00 0.0127 362 416 471 470
D00 0.0127 0 77 53 136
D00 0.0127 110 432 165 461
D00 0.0126 371 425 498 492
D00 0.0126 48 392 260 481
D00 0.0126 136 522 172 554
D00 0.0125 416 499 472 525
D00 0.0125 391 507 447 530
D00 0.0124 413 503 503 562
D00 0.0124 15 471 118 522
D00 0.0124 321 405 377 454
D00 0.0124 165 398 200 441
D00 0.0123 321 403 379 427
D00 0.0123 32 412 106 443
D00 0.0123 184 378 232 403
D00 0.0123 417 535 482 558
D00 0.0122 0 45 35 129
D00 0.0122 403 430 483 478
D00 0.0122 351 430 456 519
D00 0.0121 525 431 600 477
D00 0.0121 433 510 490 533
D00 0.0121 181 527 240 551
D00 0.0121 264 421 289 470
D00 0.0121 335 439 420 481
D00 0.0121 324 422 544 524
D00 0.0120 249 387 339 471
D00 0.0120 353 485 388 519
D00 0.0120 0 403 69 432
D00 0.0119 279 441 308 479
D00 0.0119 320 444 384 479
D00 0.0118 298 403 338 430
D00 0.0118 59 431 117 459
D00 0.0118 58 423 119 449
D00 0.0117 538 508 596 532
D00 0.0116 87 428 192 508
D00 0.0116 367 426 430 466
D00 0.0116 63 449 175 500
D00 0.0115 228 405 250 452
D00 0.0115 69 412 140 443
D00 0.0115 418 493 533 546
D00 0.0115 79 515 116 550
D00 0.0115 111 441 175 494
D00 0.0114 256 419 277 471
D00 0.0114 401 450 452 477
D00 0.0114 212 387 262 410
D00 0.0114 204 440 247 469
D00 0.0113 13 488 68 516
D00 0.0113 344 499 400 520
D00 0.0113 3 576 61 598
D00 0.0113 359 434 398 474
D00 0.0112 83 451 137 476
D00 0.0112 185 381 215 421
D00 0.0112 219 527 275 550
D00 0.0112 101 455 167 485
D00 0.0111 380 537 435 559
D00 0.0111 185 450 231 475
D00 0.0111 39 576 101 597
D00 0.0111 138 518 208 549
D00 0.0111 403 456 449 537
D00 0.0110 0 449 195 553
D00 0.0110 311 450 358 478
D00 0.0110 532 530 597 585
D00 0.0110 71 481 124 506
D00 0.0110 468 498 512 571
D00 0.0110 501 537 559 564
D00 0.0110 239 387 273 469
D00 0.0110 211 419 243 455
D00 0.0109 465 410 600 471
D00 0.0109 71 440 126 469
D00 0.0109 0 476 64 509
D00 0.0109 81 417 305 515
D00 0.0109 202 378 252 401
D00 0.0109 198 420 238 491
D00 0.0109 192 404 266 478
D00 0.0108 446 457 600 539
D00 0.0108 127 425 224 509
D00 0.0108 212 520 266 545
D00 0.0107 0 491 31 529
D00 0.0107 50 440 106 468
D00 0.0107 88 490 146 512
D00 0.0107 53 404 124 433
D00 0.0107 0 89 32 127
D00 0.0107 389 532 468 560
D00 0.0107 269 427 324 485
D00 0.0107 361 498 421 522
D00 0.0106 184 415 229 438
D00 0.0106 66 506 123 557
D00 0.0106 437 543 492 566
D00 0.0106 348 487 416 520
D00 0.0106 407 438 586 520
D00 0.0105 357 421 423 453
D00 0.0105 12 574 89 600
D00 0.0105 161 429 259 483
D00 0.0105 255 402 275 452
D00 0.0105 393 464 518 536
D00 0.0105 444 504 498 546
D00 0.0104 241 408 268 443
D00 0.0104 109 481 161 505
D00 0.0103 222 443 250 479
D00 0.0103 0 418 58 454
D00 0.0103 282 403 357 455
D00 0.0102 233 389 281 411
D00 0.0102 331 401 404 430
D00 0.0102 49 473 127 513
D00 0.0102 354 471 458 524
D00 0.0102 479 503 600 562
D00 0.0102 120 481 168 518
D00 0.0102 30 462 163 526
D00 0.0102 364 445 433 480
D00 0.0102 34 481 88 508
D00 0.0101 524 496 599 530
D00 0.0101 3 489 101 540
D00 0.0101 64 489 94 526
D00 0.0101 497 492 599 541
D00 0.0101 402 534 492 572
D00 0.0101 305 439 347 471
D00 0.0101 55 379 218 444
D00 0.0100 396 434 438 475
D00 0.0100 388 413 523 476
D00 0.0100 349 427 390 467
D00 0.0100 0 495 45 541
D00 0.0100 222 391 255 420
D00 0.0100 5 440 91 481
D00 0.0100 494 525 566 573
D10 0.0185 0 85 73 132
D10 0.0138 2 95 57 122
D10 0.0115 0 480 48 503
D10 0.0111 0 86 44 113
D10 0.0100 547 516 599 538
D20 0.0269 37 520 124 557
D20 0.0263 414 518 496 557
D20 0.0236 403 500 591 568
D20 0.0217 161 402 343 483
D20 0.0210 61 527 113 554
D20 0.0207 361 511 523 580
D20 0.0199 130 521 216 555
D20 0.0193 4 528 93 563
D20 0.0182 46 458 479 600
D20 0.0168 379 479 538 558
D20 0.0158 431 511 560 559
D20 0.0158 390 526 487 562
D20 0.0158 442 480 600 554
D20 0.0157 172 421 242 470
D20 0.0157 42 535 100 557
D20 0.0156 114 412 267 492
D20 0.0151 417 526 536 574
D20 0.0151 438 520 588 578
D20 0.0147 3 407 246 523
D20 0.0147 233 396 282 418
D20 0.0145 326 495 497 567
D20 0.0145 236 396 396 484
D20 0.0144 341 530 510 600
D20 0.0143 335 482 592 587
D20 0.0142 0 0 408 294
D20 0.0142 0 457 230 600
D20 0.0140 167 0 600 294
D20 0.0139 395 509 485 547
D20 0.0138 279 409 431 494
D20 0.0137 524 499 600 536
D20 0.0136 21 536 80 559
D20 0.0136 5 501 129 564
D20 0.0133 0 311 408 600
D20 0.0133 0 0 214 145
D20 0.0132 4 536 58 561
D20 0.0132 1 474 158 549
D20 0.0128 0 118 290 600
D20 0.0127 353 490 447 527
D20 0.0126 167 311 600 600
D20 0.0123 34 528 88 554
D20 0.0122 106 417 550 570
D20 0.0122 312 118 600 600
D20 0.0121 455 0 600 219
D20 0.0120 165 521 256 554
D20 0.0118 48 482 126 518
D20 0.0118 178 411 281 472
D20 0.0116 382 0 600 145
D20 0.0115 0 0 600 434
D20 0.0114 195 520 283 552
D20 0.0113 182 394 320 459
D20 0.0113 309 474 476 550
D20 0.0113 282 437 600 566
D20 0.0113 0 540 131 596
D20 0.0112 407 536 545 594
D20 0.0111 520 400 600 440
D20 0.0108 0 519 115 582
D20 0.0107 0 145 600 600
D20 0.0107 0 0 72 109
D20 0.0107 318 523 468 581
D20 0.0105 14 490 118 540
D20 0.0104 384 544 500 592
D20 0.0104 420 415 600 600
D20 0.0101 0 375 147 600
D20 0.0100 62 473 153 510
D20 0.0100 0 513 63 564
D20 0.0100 73 429 231 508
D40 0.0207 427 525 487 552
D40 0.0170 514 408 600 445
D40 0.0162 136 527 194 552
D40 0.0140 535 414 596 438
D40 0.0131 201 527 258 550
D40 0.0118 412 512 488 557
D40 0.0114 375 529 464 564
