D00 0.0613 0 404 77 451
D00 0.0527 263 427 291 479
D00 0.0443 0 405 107 471
D00 0.0439 0 388 71 433
D00 0.0424 379 427 476 530
D00 0.0419 367 430 410 515
D00 0.0383 0 419 70 466
D00 0.0365 399 457 522 534
D00 0.0361 375 445 402 503
D00 0.0355 270 422 298 466
D00 0.0354 16 413 77 440
D00 0.0354 383 445 569 560
D00 0.0352 257 414 297 487
D00 0.0343 255 436 282 486
D00 0.0338 0 385 54 416
D00 0.0334 407 469 469 532
D00 0.0326 317 399 350 438
D00 0.0324 275 420 307 454
D00 0.0322 6 422 64 448
D00 0.0321 360 420 547 529
D00 0.0319 320 401 363 453
D00 0.0318 0 414 144 500
D00 0.0316 347 411 435 514
D00 0.0311 271 435 296 487
D00 0.0305 367 437 393 494
D00 0.0290 0 378 106 438
D00 0.0289 358 415 401 500
D00 0.0282 112 383 204 467
D00 0.0275 383 438 429 528
D00 0.0270 384 453 410 512
D00 0.0269 136 386 208 433
D00 0.0268 421 477 564 546
D00 0.0267 328 407 354 460
D00 0.0266 4 419 87 493
D00 0.0262 0 391 165 462
D00 0.0261 57 478 108 504
D00 0.0258 79 390 198 492
D00 0.0256 263 445 288 493
D00 0.0253 185 376 229 402
D00 0.0246 413 475 442 527
D00 0.0244 460 560 524 595
D00 0.0243 376 437 420 496
D00 0.0243 2 402 55 431
D00 0.0242 367 426 455 493
D00 0.0242 63 469 115 499
D00 0.0240 0 427 53 497
D00 0.0239 324 400 413 493
D00 0.0237 428 471 496 533
D00 0.0235 161 381 217 416
D00 0.0234 416 489 454 529
D00 0.0231 156 394 204 422
D00 0.0230 55 461 126 505
D00 0.0230 255 420 284 462
D00 0.0228 130 396 193 454
D00 0.0227 24 406 83 433
D00 0.0223 395 457 443 534
D00 0.0221 138 401 209 477
D00 0.0221 32 444 165 508
D00 0.0219 363 452 397 522
D00 0.0217 404 480 589 587
D00 0.0215 148 403 196 430
D00 0.0215 83 459 144 520
D00 0.0214 177 370 223 411
D00 0.0211 327 395 373 470
D00 0.0210 4 430 60 456
D00 0.0210 122 420 194 495
D00 0.0209 326 405 374 431
D00 0.0208 419 490 485 530
D00 0.0207 355 436 388 507
D00 0.0205 88 377 145 400
D00 0.0205 52 425 181 495
D00 0.0205 104 406 183 476
D00 0.0204 263 413 291 454
D00 0.0201 104 453 168 515
D00 0.0201 2 408 49 446
D00 0.0200 169 376 215 403
D00 0.0199 257 449 294 479
D00 0.0198 279 426 306 475
D00 0.0198 309 381 362 443
D00 0.0198 145 381 235 469
D00 0.0198 123 423 169 450
D00 0.0196 375 461 419 519
D00 0.0196 114 375 228 438
D00 0.0193 265 417 305 444
D00 0.0193 244 422 279 484
D00 0.0193 9 396 69 421
D00 0.0192 441 479 525 523
D00 0.0190 116 396 227 508
D00 0.0190 532 572 600 600
D00 0.0190 126 413 177 458
D00 0.0189 322 393 360 427
D00 0.0189 316 398 388 444
D00 0.0188 458 572 511 597
D00 0.0188 132 449 192 512
D00 0.0187 422 482 466 522
D00 0.0187 42 446 108 504
D00 0.0187 294 396 353 456
D00 0.0187 318 414 350 455
D00 0.0186 90 369 144 392
D00 0.0186 357 428 384 483
D00 0.0185 447 540 586 600
D00 0.0184 22 421 84 445
D00 0.0182 83 371 170 407
D00 0.0182 399 483 458 544
D00 0.0181 89 380 194 429
D00 0.0181 342 420 395 521
D00 0.0179 271 413 311 487
D00 0.0179 443 496 579 565
D00 0.0178 397 439 460 514
D00 0.0178 133 370 211 416
D00 0.0178 194 368 239 393
D00 0.0177 336 410 384 463
D00 0.0177 166 375 224 436
D00 0.0176 448 432 600 568
D00 0.0176 374 415 474 470
D00 0.0175 302 388 392 471
D00 0.0174 331 415 368 455
D00 0.0174 60 487 115 512
D00 0.0173 348 419 393 474
D00 0.0173 0 0 71 138
D00 0.0172 100 481 135 519
D00 0.0171 449 564 502 591
D00 0.0170 249 429 290 501
D00 0.0169 375 473 490 544
D00 0.0168 28 373 203 443
D00 0.0168 257 437 310 500
D00 0.0167 137 412 187 439
D00 0.0167 430 518 568 586
D00 0.0166 87 472 128 510
D00 0.0166 311 396 338 445
D00 0.0166 265 400 305 464
D00 0.0166 393 446 421 504
D00 0.0166 371 464 458 526
D00 0.0165 409 499 445 535
D00 0.0165 416 473 456 514
D00 0.0164 335 431 485 561
D00 0.0164 52 476 133 517
D00 0.0163 55 466 95 501
D00 0.0163 0 449 65 512
D00 0.0162 480 496 569 541
D00 0.0160 71 457 133 492
D00 0.0159 408 478 513 570
D00 0.0159 372 435 407 476
D00 0.0158 97 366 172 394
D00 0.0158 65 397 179 447
D00 0.0157 153 399 203 450
D00 0.0157 259 433 308 471
D00 0.0157 376 471 401 524
D00 0.0157 21 394 88 427
D00 0.0156 386 419 433 497
D00 0.0155 335 413 384 439
D00 0.0155 80 487 130 515
D00 0.0155 269 420 336 453
D00 0.0154 448 469 499 517
D00 0.0153 356 450 423 530
D00 0.0153 150 386 200 414
D00 0.0152 404 474 432 526
D00 0.0152 0 58 37 138
D00 0.0152 39 415 160 467
D00 0.0151 256 460 295 486
D00 0.0151 0 393 59 481
D00 0.0151 289 414 314 456
D00 0.0149 272 405 340 475
D00 0.0148 73 382 143 411
D00 0.0148 466 485 535 518
D00 0.0147 499 486 595 575
D00 0.0147 0 378 46 405
D00 0.0145 17 470 111 508
D00 0.0145 371 441 444 554
D00 0.0144 309 392 343 427
D00 0.0144 247 416 273 463
D00 0.0144 545 546 600 600
D00 0.0143 62 458 103 494
D00 0.0143 442 542 504 595
D00 0.0143 366 462 521 589
D00 0.0143 458 555 507 584
D00 0.0143 201 377 249 400
D00 0.0142 25 414 214 521
D00 0.0142 473 569 546 600
D00 0.0141 362 426 397 465
D00 0.0141 456 488 510 513
D00 0.0141 54 460 181 520
D00 0.0140 0 372 80 412
D00 0.0140 476 493 546 525
D00 0.0140 165 393 220 485
D00 0.0140 0 397 77 534
D00 0.0139 234 411 297 470
D00 0.0139 436 488 489 515
D00 0.0139 32 395 127 453
D00 0.0138 377 424 425 474
D00 0.0138 428 494 510 541
D00 0.0138 0 394 31 418
D00 0.0137 107 472 145 512
D00 0.0137 55 371 142 404
D00 0.0136 108 427 167 459
D00 0.0136 138 439 187 491
D00 0.0136 36 422 104 491
D00 0.0135 121 382 191 417
D00 0.0135 423 504 533 558
D00 0.0135 501 526 600 600
D00 0.0135 327 395 443 461
D00 0.0135 162 366 220 397
D00 0.0135 94 439 211 511
D00 0.0134 180 388 218 424
D00 0.0134 96 464 136 502
D00 0.0134 276 444 308 482
D00 0.0133 417 438 492 527
D00 0.0133 5 461 133 520
D00 0.0133 270 439 313 465
D00 0.0133 19 425 88 460
D00 0.0132 35 383 165 427
D00 0.0132 304 404 347 431
D00 0.0132 110 363 196 399
D00 0.0131 150 440 211 503
D00 0.0131 268 448 299 509
D00 0.0131 126 428 177 480
D00 0.0131 200 379 235 413
D00 0.0130 282 418 476 523
D00 0.0130 0 355 186 505
D00 0.0129 0 425 37 461
D00 0.0129 282 412 375 467
D00 0.0128 353 430 428 486
D00 0.0128 468 550 549 594
D00 0.0128 115 464 176 502
D00 0.0128 0 439 36 519
D00 0.0127 315 416 382 496
D00 0.0127 74 445 155 488
D00 0.0126 169 397 209 434
D00 0.0126 301 412 346 442
D00 0.0126 312 387 540 556
D00 0.0125 418 505 472 533
D00 0.0125 116 401 182 436
D00 0.0125 144 463 182 502
D00 0.0125 351 410 390 445
D00 0.0123 95 385 156 409
D00 0.0123 0 381 46 454
D00 0.0123 360 410 420 470
D00 0.0123 394 472 421 525
D00 0.0122 316 382 352 414
D00 0.0122 0 83 29 132
D00 0.0122 173 363 241 401
D00 0.0122 403 504 450 549
D00 0.0122 195 375 225 419
D00 0.0122 387 481 450 523
D00 0.0121 347 427 375 480
D00 0.0121 418 460 475 513
D00 0.0121 274 397 297 448
D00 0.0120 145 419 195 471
D00 0.0120 246 446 272 492
D00 0.0120 0 352 93 468
D00 0.0120 36 479 94 503
D00 0.0120 453 490 493 528
D00 0.0119 61 449 124 483
D00 0.0119 174 388 248 460
D00 0.0118 368 458 409 487
D00 0.0118 249 417 294 442
D00 0.0118 162 528 222 553
D00 0.0117 345 405 376 453
D00 0.0117 13 436 68 491
D00 0.0117 0 449 189 555
D00 0.0116 0 439 49 465
D00 0.0116 124 368 186 389
D00 0.0116 187 369 244 424
D00 0.0116 138 366 205 394
D00 0.0116 153 411 201 438
D00 0.0115 257 393 319 490
D00 0.0115 503 571 577 600
D00 0.0114 411 495 478 553
D00 0.0114 467 556 498 596
D00 0.0114 279 415 326 443
D00 0.0114 436 505 487 535
D00 0.0113 90 433 153 512
D00 0.0113 59 378 122 399
D00 0.0113 296 408 331 447
D00 0.0112 359 449 401 477
D00 0.0112 349 419 409 453
D00 0.0112 409 464 447 503
D00 0.0112 272 451 314 526
D00 0.0111 299 408 353 499
D00 0.0111 326 416 356 484
D00 0.0111 135 455 174 494
D00 0.0111 25 459 80 504
D00 0.0111 64 386 248 539
D00 0.0111 114 376 176 400
D00 0.0111 234 421 266 485
D00 0.0111 458 463 508 536
D00 0.0110 240 425 289 447
D00 0.0110 474 556 527 583
D00 0.0110 0 81 71 133
D00 0.0110 79 453 133 476
D00 0.0110 148 376 201 402
D00 0.0110 403 447 431 504
D00 0.0109 23 381 111 418
D00 0.0109 393 431 423 483
D00 0.0109 337 403 399 434
D00 0.0109 281 394 322 461
D00 0.0108 283 396 305 448
D00 0.0108 83 362 135 398
D00 0.0108 159 414 205 492
D00 0.0108 0 356 108 418
D00 0.0108 131 395 186 421
D00 0.0108 240 450 284 479
D00 0.0107 412 526 515 579
D00 0.0107 370 421 430 453
D00 0.0107 503 507 562 535
D00 0.0107 18 387 78 408
D00 0.0107 254 456 281 500
D00 0.0106 458 506 549 547
D00 0.0106 378 431 425 456
D00 0.0106 0 467 52 526
D00 0.0106 85 433 166 475
D00 0.0106 257 381 366 476
D00 0.0106 464 479 518 509
D00 0.0106 400 539 530 599
D00 0.0105 165 447 198 512
D00 0.0105 167 379 199 424
D00 0.0105 455 496 509 522
D00 0.0105 359 462 383 517
D00 0.0105 93 497 139 521
D00 0.0105 211 369 261 390
D00 0.0104 321 390 511 490
D00 0.0104 464 462 566 533
D00 0.0104 567 569 600 600
D00 0.0104 135 471 173 510
D00 0.0103 438 479 490 506
D00 0.0103 35 412 94 455
D00 0.0103 159 456 186 507
D00 0.0103 0 0 34 68
D00 0.0103 9 379 67 401
D00 0.0103 377 449 420 477
D00 0.0103 242 431 288 458
D00 0.0102 239 407 285 453
D00 0.0102 348 431 392 458
D00 0.0102 337 426 364 478
D00 0.0102 380 444 437 483
D00 0.0102 242 439 285 470
D00 0.0102 242 411 302 520
D00 0.0102 98 358 172 384
D00 0.0102 106 377 165 421
D00 0.0102 221 432 285 490
D00 0.0101 133 431 184 457
D00 0.0101 449 457 541 561
D00 0.0101 349 441 393 467
D00 0.0100 81 390 154 422
D00 0.0100 305 398 421 544
D00 0.0100 105 482 167 518
D00 0.0100 0 102 37 131
D00 0.0100 407 523 444 554
D00 0.0100 493 451 595 548
D00 0.0100 272 399 386 505
D00 0.0100 250 458 305 517
D00 0.0100 439 554 490 582
D00 0.0100 327 394 388 425
D10 0.0110 0 385 43 430
D10 0.0109 255 469 297 493
D10 0.0108 117 0 307 72
D10 0.0102 0 469 47 496
D20 0.0264 0 0 301 136
D20 0.0219 539 234 599 372
D20 0.0196 257 419 335 457
D20 0.0184 125 456 553 600
D20 0.0173 237 419 310 461
D20 0.0170 320 422 596 564
D20 0.0164 566 292 600 374
D20 0.0163 37 408 506 572
D20 0.0162 0 0 148 216
D20 0.0159 0 0 117 73
D20 0.0159 343 441 492 538
D20 0.0158 0 0 408 294
D20 0.0157 167 0 600 294
D20 0.0152 0 311 408 600
D20 0.0148 546 283 594 391
D20 0.0147 377 0 600 145
D20 0.0146 0 118 290 600
D20 0.0145 26 0 234 76
D20 0.0144 167 311 600 600
D20 0.0141 0 456 226 600
D20 0.0140 455 0 600 220
D20 0.0139 312 118 600 600
D20 0.0132 451 371 600 600
D20 0.0131 0 0 72 110
D20 0.0129 0 0 600 434
D20 0.0127 17 0 504 175
D20 0.0124 251 427 318 477
D20 0.0123 0 145 600 600
D20 0.0123 146 401 316 484
D20 0.0120 518 266 600 400
D20 0.0119 139 523 230 555
D20 0.0118 47 0 426 104
D20 0.0115 478 525 600 600
D20 0.0114 0 0 158 111
D20 0.0113 389 0 600 303
D20 0.0111 0 371 146 600
D20 0.0108 295 0 481 75
D20 0.0107 293 425 458 523
D20 0.0106 233 437 303 487
D20 0.0103 573 270 600 353
D20 0.0102 387 528 545 600
D20 0.0100 0 288 30 351
D20 0.0100 492 175 592 381
D40 0.0624 264 424 305 450
D40 0.0383 379 420 567 531
D40 0.0342 259 422 299 469
D40 0.0275 253 419 319 459
D40 0.0227 423 447 600 562
D40 0.0217 391 425 519 505
D40 0.0216 391 431 465 478
D40 0.0215 253 430 295 458
D40 0.0179 389 428 449 463
D40 0.0172 258 417 299 444
D40 0.0167 406 440 484 488
D40 0.0156 551 534 597 560
D40 0.0153 517 513 594 556
D40 0.0152 401 440 454 467
D40 0.0150 500 505 577 548
D40 0.0142 385 416 492 470
D40 0.0132 466 481 546 524
D40 0.0129 428 449 552 513
D40 0.0128 566 529 600 564
D40 0.0128 521 514 573 544
D40 0.0128 338 366 597 525
D40 0.0127 352 390 542 494
D40 0.0124 531 524 583 552
D40 0.0122 536 524 600 566
D40 0.0120 416 460 492 511
D40 0.0112 382 435 439 472
D40 0.0111 385 424 434 449
D40 0.0108 247 385 600 600
D40 0.0108 410 450 465 475
D40 0.0103 362 417 437 461
D40 0.0102 449 507 600 600
D40 0.0100 512 507 567 536
