D00 0.3459 84 437 192 514
D00 0.2602 92 455 166 510
D00 0.2011 45 420 224 515
D00 0.1985 105 416 214 493
D00 0.1969 19 444 183 524
D00 0.1853 140 435 196 475
D00 0.1817 112 444 178 503
D00 0.1607 75 464 137 523
D00 0.1455 82 479 118 521
D00 0.1436 288 487 319 529
D00 0.1392 125 445 189 483
D00 0.1311 147 415 206 479
D00 0.1290 159 425 200 469
D00 0.1239 62 456 159 540
D00 0.1107 108 465 162 501
D00 0.0951 286 482 341 520
D00 0.0932 119 455 171 492
D00 0.0880 92 475 150 509
D00 0.0868 119 399 229 472
D00 0.0838 41 478 123 524
D00 0.0789 274 477 324 530
D00 0.0736 77 482 106 527
D00 0.0733 76 472 116 550
D00 0.0707 72 495 113 521
D00 0.0698 159 417 215 458
D00 0.0689 67 440 293 542
D00 0.0667 289 479 321 514
D00 0.0617 379 427 517 499
D00 0.0600 59 448 201 583
D00 0.0570 76 395 278 499
D00 0.0564 15 474 147 543
D00 0.0538 285 431 324 522
D00 0.0527 39 434 163 499
D00 0.0516 393 430 457 486
D00 0.0501 266 473 356 520
D00 0.0488 119 443 231 499
D00 0.0470 146 400 258 452
D00 0.0469 285 474 311 523
D00 0.0465 287 473 331 550
D00 0.0463 253 456 340 532
D00 0.0449 201 395 254 422
D00 0.0447 140 414 258 494
D00 0.0438 0 378 244 523
D00 0.0438 39 402 369 525
D00 0.0431 417 437 543 532
D00 0.0425 342 411 475 483
D00 0.0419 2 433 266 585
D00 0.0405 378 419 444 477
D00 0.0403 350 409 388 444
D00 0.0401 269 495 316 524
D00 0.0383 119 430 191 466
D00 0.0382 400 440 451 470
D00 0.0379 292 426 537 526
D00 0.0375 167 411 229 445
D00 0.0366 54 484 112 542
D00 0.0360 211 386 260 414
D00 0.0358 90 468 125 517
D00 0.0350 409 436 479 495
D00 0.0344 448 450 515 518
D00 0.0343 270 413 346 540
D00 0.0343 281 412 308 458
D00 0.0340 96 458 157 490
D00 0.0338 146 422 194 460
D00 0.0337 147 412 206 446
D00 0.0334 392 432 443 462
D00 0.0333 236 478 353 542
D00 0.0331 110 424 244 530
D00 0.0331 273 397 299 437
D00 0.0327 276 409 311 440
D00 0.0326 292 420 315 470
D00 0.0323 144 432 195 510
D00 0.0320 69 487 143 564
D00 0.0316 442 444 524 488
D00 0.0315 176 402 244 432
D00 0.0315 290 464 336 511
D00 0.0314 80 481 177 532
D00 0.0311 431 428 573 570
D00 0.0311 256 469 362 576
D00 0.0310 81 488 144 522
D00 0.0308 139 452 395 545
D00 0.0303 276 486 374 536
D00 0.0302 268 418 318 514
D00 0.0302 339 406 387 431
D00 0.0299 154 434 224 473
D00 0.0297 61 466 130 504
D00 0.0294 59 416 178 474
D00 0.0293 188 428 444 518
D00 0.0292 414 443 455 484
D00 0.0291 44 488 109 516
D00 0.0288 3 454 120 508
D00 0.0288 245 451 498 549
D00 0.0285 351 411 421 445
D00 0.0284 227 389 265 423
D00 0.0284 275 491 340 565
D00 0.0283 296 490 325 538
D00 0.0280 488 464 597 567
D00 0.0278 290 404 316 446
D00 0.0277 57 479 114 510
D00 0.0274 297 391 329 424
D00 0.0271 190 381 263 421
D00 0.0264 207 404 262 426
D00 0.0264 278 438 371 520
D00 0.0263 127 469 174 505
D00 0.0263 397 424 486 530
D00 0.0262 132 393 301 461
D00 0.0261 258 459 421 527
D00 0.0259 106 450 164 479
D00 0.0258 229 385 277 412
D00 0.0256 283 504 323 528
D00 0.0256 424 448 491 515
D00 0.0256 459 470 527 533
D00 0.0255 283 405 321 483
D00 0.0255 149 450 192 488
D00 0.0254 265 406 310 430
D00 0.0254 211 427 340 527
D00 0.0253 342 402 400 452
D00 0.0253 554 534 594 582
D00 0.0253 552 550 596 598
D00 0.0252 357 426 465 514
D00 0.0250 227 471 333 521
D00 0.0248 363 418 432 456
D00 0.0246 95 465 152 536
D00 0.0245 76 499 103 550
D00 0.0245 48 461 131 573
D00 0.0242 0 416 139 545
D00 0.0241 322 400 452 459
D00 0.0240 170 394 236 424
D00 0.0239 269 418 304 451
D00 0.0239 166 413 236 474
D00 0.0237 262 391 294 425
D00 0.0237 547 434 600 494
D00 0.0236 454 451 515 475
D00 0.0236 293 446 316 507
D00 0.0235 137 459 183 501
D00 0.0231 523 559 594 595
D00 0.0231 70 504 109 529
D00 0.0230 15 255 227 568
D00 0.0230 162 443 209 476
D00 0.0229 356 405 398 436
D00 0.0228 0 476 167 582
D00 0.0227 83 478 297 581
D00 0.0223 119 409 201 457
D00 0.0222 69 325 297 583
D00 0.0222 546 510 600 572
D00 0.0221 283 429 308 481
D00 0.0219 154 403 215 434
D00 0.0218 414 440 493 474
D00 0.0217 62 467 107 523
D00 0.0216 436 464 497 534
D00 0.0216 115 443 173 467
D00 0.0215 276 392 312 425
D00 0.0214 431 454 501 494
D00 0.0214 538 573 593 599
D00 0.0211 352 421 406 449
D00 0.0211 398 433 435 480
D00 0.0209 306 383 337 414
D00 0.0208 290 387 334 410
D00 0.0206 298 436 343 513
D00 0.0205 347 420 432 497
D00 0.0205 70 457 142 493
D00 0.0204 249 382 284 415
D00 0.0204 23 476 107 511
D00 0.0203 562 449 592 496
D00 0.0202 239 487 326 529
D00 0.0202 365 403 479 453
D00 0.0201 301 402 325 446
D00 0.0201 160 428 214 503
D00 0.0200 102 473 184 514
D00 0.0199 280 397 324 436
D00 0.0199 388 440 513 564
D00 0.0198 20 502 244 600
D00 0.0198 262 409 296 439
D00 0.0197 126 455 176 523
D00 0.0195 268 481 318 507
D00 0.0195 271 451 309 521
D00 0.0194 145 380 269 439
D00 0.0193 572 524 597 574
D00 0.0192 95 423 169 488
D00 0.0190 269 384 303 414
D00 0.0190 183 409 274 474
D00 0.0187 509 508 598 554
D00 0.0187 346 401 376 440
D00 0.0187 161 402 301 527
D00 0.0186 0 469 78 513
D00 0.0186 23 393 193 486
D00 0.0186 289 389 318 427
D00 0.0186 392 425 426 472
D00 0.0186 445 472 506 510
D00 0.0185 221 378 269 401
D00 0.0185 301 420 323 470
D00 0.0184 300 484 355 528
D00 0.0183 560 521 594 560
D00 0.0183 385 401 554 515
D00 0.0182 405 433 480 465
D00 0.0182 282 466 315 505
D00 0.0182 288 405 334 428
D00 0.0181 258 407 315 461
D00 0.0181 567 533 599 598
D00 0.0181 476 483 549 540
D00 0.0176 67 492 99 537
D00 0.0176 553 544 592 570
D00 0.0176 392 423 456 456
D00 0.0176 293 415 400 507
D00 0.0176 535 437 600 559
D00 0.0175 374 431 429 460
D00 0.0173 186 388 240 413
D00 0.0173 534 549 592 584
D00 0.0173 455 458 511 486
D00 0.0173 571 440 598 488
D00 0.0172 457 463 522 502
D00 0.0172 89 489 119 538
D00 0.0169 56 446 387 591
D00 0.0169 271 388 319 410
D00 0.0169 434 483 538 546
D00 0.0169 377 437 443 499
D00 0.0169 79 448 152 484
D00 0.0169 212 380 292 419
D00 0.0169 325 407 410 481
D00 0.0168 424 452 465 492
D00 0.0167 241 395 290 421
D00 0.0166 103 469 221 600
D00 0.0165 118 464 209 510
D00 0.0164 146 440 310 507
D00 0.0164 270 486 309 543
D00 0.0164 508 444 598 518
D00 0.0164 162 388 226 441
D00 0.0163 504 571 583 599
D00 0.0163 310 394 333 435
D00 0.0163 64 443 122 527
D00 0.0163 72 417 147 508
D00 0.0162 470 451 549 518
D00 0.0162 355 417 382 465
D00 0.0162 414 532 479 564
D00 0.0162 156 485 389 580
D00 0.0161 331 413 381 438
D00 0.0160 0 31 35 123
D00 0.0159 533 531 592 567
D00 0.0159 227 486 331 569
D00 0.0158 188 413 245 436
D00 0.0158 284 423 339 494
D00 0.0158 490 490 583 539
D00 0.0157 272 432 315 458
D00 0.0156 95 480 132 525
D00 0.0156 2 434 113 491
D00 0.0155 186 400 302 442
D00 0.0154 120 478 165 512
D00 0.0154 20 502 128 558
D00 0.0154 391 446 457 510
D00 0.0154 517 484 587 578
D00 0.0154 361 412 393 458
D00 0.0153 249 484 488 581
D00 0.0153 239 379 289 401
D00 0.0153 261 392 316 440
D00 0.0152 465 476 535 511
D00 0.0151 426 423 526 481
D00 0.0151 279 422 323 447
D00 0.0151 137 394 378 490
D00 0.0151 337 397 384 421
D00 0.0151 510 565 577 590
D00 0.0150 134 416 183 479
D00 0.0150 87 439 159 473
D00 0.0149 245 470 309 548
D00 0.0149 411 529 466 551
D00 0.0148 248 402 332 497
D00 0.0148 300 437 324 498
D00 0.0147 422 539 486 573
D00 0.0147 360 405 429 434
D00 0.0147 186 418 230 453
D00 0.0146 255 488 313 517
D00 0.0146 176 405 220 461
D00 0.0146 281 381 327 418
D00 0.0145 444 444 509 467
D00 0.0145 129 440 165 489
D00 0.0145 306 478 352 506
D00 0.0145 559 438 597 474
D00 0.0145 288 500 350 533
D00 0.0144 443 464 489 501
D00 0.0144 82 478 156 596
D00 0.0144 126 367 233 504
D00 0.0144 39 501 108 533
D00 0.0143 429 446 478 485
D00 0.0142 251 400 285 431
D00 0.0142 246 411 313 439
D00 0.0142 171 441 242 499
D00 0.0142 264 413 291 455
D00 0.0141 464 468 499 519
D00 0.0141 553 459 595 488
D00 0.0141 296 417 326 453
D00 0.0141 0 2 74 157
D00 0.0141 384 402 529 462
D00 0.0141 269 424 305 485
D00 0.0140 379 410 421 468
D00 0.0140 242 379 271 419
D00 0.0140 297 375 330 405
D00 0.0138 0 17 32 85
D00 0.0138 0 460 47 506
D00 0.0138 296 400 404 443
D00 0.0137 406 451 448 491
D00 0.0137 297 403 352 498
D00 0.0137 78 398 191 450
D00 0.0136 249 383 306 431
D00 0.0136 192 458 334 558
D00 0.0135 533 419 600 476
D00 0.0134 540 526 590 553
D00 0.0134 218 449 426 593
D00 0.0134 307 396 357 420
D00 0.0134 228 405 283 427
D00 0.0134 128 440 214 556
D00 0.0132 277 502 372 588
D00 0.0132 470 483 514 521
D00 0.0131 96 431 168 462
D00 0.0131 567 566 600 600
D00 0.0129 411 457 474 557
D00 0.0129 244 399 476 493
D00 0.0129 290 501 318 550
D00 0.0129 5 430 91 528
D00 0.0129 19 489 89 513
D00 0.0129 296 468 374 515
D00 0.0128 293 390 331 461
D00 0.0128 386 429 415 479
D00 0.0127 333 457 479 524
D00 0.0127 414 463 480 499
D00 0.0127 77 498 131 532
D00 0.0127 197 377 260 405
D00 0.0126 4 489 107 526
D00 0.0126 530 205 600 361
D00 0.0126 395 522 482 558
D00 0.0126 305 492 335 538
D00 0.0125 314 376 570 550
D00 0.0125 246 476 319 511
D00 0.0125 379 414 433 439
D00 0.0125 386 449 438 476
D00 0.0125 104 422 178 452
D00 0.0125 345 393 393 433
D00 0.0125 4 479 61 506
D00 0.0125 259 376 294 405
D00 0.0124 0 401 64 433
D00 0.0124 262 379 311 400
D00 0.0123 154 383 232 420
D00 0.0123 317 406 371 428
D00 0.0123 246 420 313 449
D00 0.0123 0 476 48 520
D00 0.0123 499 515 600 588
D00 0.0123 90 490 174 565
D00 0.0122 0 393 118 503
D00 0.0122 348 426 416 462
D00 0.0122 158 454 231 487
D00 0.0122 287 413 334 435
D00 0.0121 280 379 327 401
D00 0.0121 136 392 213 431
D00 0.0121 308 387 355 410
D00 0.0121 468 492 521 542
D00 0.0120 80 502 113 562
D00 0.0120 288 443 318 482
D00 0.0120 521 455 597 493
D00 0.0120 108 379 224 445
D00 0.0120 493 553 573 585
D00 0.0119 477 496 532 526
D00 0.0119 457 474 489 527
D00 0.0119 568 501 600 566
D00 0.0117 226 517 352 582
D00 0.0117 437 462 521 577
D00 0.0117 195 444 259 501
D00 0.0116 156 455 222 514
D00 0.0116 175 431 230 458
D00 0.0116 212 388 276 434
D00 0.0116 352 398 403 421
D00 0.0116 286 484 394 569
D00 0.0116 319 442 411 507
D00 0.0115 366 404 409 457
D00 0.0114 264 503 321 586
D00 0.0114 158 397 212 418
D00 0.0113 563 408 600 485
D00 0.0113 297 423 419 558
D00 0.0113 181 428 216 475
D00 0.0113 427 456 464 525
D00 0.0112 213 424 299 496
D00 0.0112 246 423 325 466
D00 0.0111 562 553 600 579
D00 0.0111 0 472 31 509
D00 0.0110 246 440 313 509
D00 0.0110 2 13 56 118
D00 0.0110 516 517 577 544
D00 0.0110 0 83 30 149
D00 0.0110 488 466 575 527
D00 0.0110 172 441 303 591
D00 0.0109 259 427 296 460
D00 0.0109 100 560 133 594
D00 0.0109 464 451 501 500
D00 0.0109 422 493 503 566
D00 0.0109 445 535 497 576
D00 0.0109 98 524 300 600
D00 0.0108 400 536 459 559
D00 0.0108 539 499 596 546
D00 0.0108 50 510 107 546
D00 0.0108 5 393 73 423
D00 0.0108 572 422 598 471
D00 0.0107 474 458 508 511
D00 0.0107 13 415 133 469
D00 0.0107 31 497 101 520
D00 0.0107 533 533 600 600
D00 0.0107 410 544 466 569
D00 0.0107 91 574 141 596
D00 0.0107 348 411 392 491
D00 0.0107 499 506 557 538
D00 0.0107 0 525 114 600
D00 0.0107 167 451 196 504
D00 0.0107 314 405 375 493
D00 0.0106 235 394 310 450
D00 0.0106 87 440 134 510
D00 0.0106 289 395 361 455
D00 0.0105 298 537 347 563
D00 0.0105 551 414 599 458
D00 0.0105 0 0 43 73
D00 0.0105 475 374 594 537
D00 0.0105 294 383 349 430
D00 0.0105 422 454 450 506
D00 0.0105 307 450 334 503
D00 0.0104 1 41 28 97
D00 0.0104 438 456 471 508
D00 0.0104 463 489 503 529
D00 0.0104 384 526 457 553
D00 0.0103 437 553 490 577
D00 0.0103 190 420 242 469
D00 0.0103 338 405 368 445
D00 0.0103 200 403 254 441
D00 0.0103 3 469 60 497
D00 0.0103 152 470 190 507
D00 0.0103 561 466 591 513
D00 0.0102 130 415 191 437
D00 0.0102 208 413 263 434
D00 0.0102 314 400 348 431
D00 0.0102 264 391 351 472
D00 0.0102 366 474 433 527
D00 0.0101 0 476 78 600
D00 0.0101 264 437 324 469
D00 0.0101 475 453 523 489
D00 0.0101 305 544 358 566
D00 0.0101 20 513 144 583
D00 0.0101 452 486 500 515
D00 0.0101 175 424 250 536
D00 0.0100 166 388 221 410
D00 0.0100 540 393 600 503
D00 0.0100 222 394 254 430
D00 0.0100 556 467 600 590
D00 0.0100 318 387 344 426
D10 0.0659 288 479 355 508
D10 0.0621 411 435 586 496
D10 0.0441 425 419 599 477
D10 0.0408 302 481 369 502
D10 0.0392 456 446 548 483
D10 0.0330 500 472 600 513
D10 0.0327 281 473 406 517
D10 0.0317 295 473 348 500
D10 0.0303 466 451 534 473
D10 0.0295 379 481 437 502
D10 0.0284 268 457 440 525
D10 0.0275 458 449 591 507
D10 0.0275 469 443 567 471
D10 0.0266 521 485 596 516
D10 0.0258 529 480 591 503
D10 0.0254 364 472 453 510
D10 0.0254 448 443 521 473
D10 0.0243 486 434 593 487
D10 0.0230 355 478 429 505
D10 0.0229 301 453 431 503
D10 0.0216 490 482 589 527
D10 0.0213 304 487 368 512
D10 0.0212 381 471 436 495
D10 0.0201 548 498 598 522
D10 0.0194 521 465 597 500
D10 0.0190 489 417 595 467
D10 0.0185 128 477 183 504
D10 0.0185 315 478 402 505
D10 0.0181 504 440 593 469
D10 0.0172 474 472 567 520
D10 0.0171 549 508 598 532
D10 0.0167 550 468 595 495
D10 0.0164 346 462 441 503
D10 0.0164 380 489 435 512
D10 0.0162 286 472 329 497
D10 0.0161 307 469 388 501
D10 0.0161 110 485 166 511
D10 0.0161 256 497 312 523
D10 0.0157 162 450 224 474
D10 0.0149 531 489 600 534
D10 0.0149 519 431 599 460
D10 0.0149 380 457 464 505
D10 0.0147 112 474 198 514
D10 0.0145 469 458 530 483
D10 0.0145 474 455 562 488
D10 0.0144 551 433 597 456
D10 0.0143 131 487 185 510
D10 0.0143 262 441 311 465
D10 0.0143 399 469 451 494
D10 0.0141 464 479 518 505
D10 0.0139 415 401 580 459
D10 0.0139 486 466 575 499
D10 0.0139 506 490 575 511
D10 0.0138 551 517 596 542
D10 0.0138 553 441 597 467
D10 0.0136 345 481 439 520
D10 0.0136 557 489 600 513
D10 0.0135 495 481 567 502
D10 0.0134 466 488 520 516
D10 0.0130 550 423 597 448
D10 0.0129 354 472 410 496
D10 0.0126 483 433 577 461
D10 0.0125 453 430 550 469
D10 0.0125 354 442 409 465
D10 0.0124 241 497 321 536
D10 0.0124 543 459 592 488
D10 0.0121 558 479 600 504
D10 0.0121 352 489 409 513
D10 0.0120 357 437 429 471
D10 0.0117 140 467 191 497
D10 0.0116 157 458 213 483
D10 0.0116 295 488 426 536
D10 0.0116 253 433 306 457
D10 0.0115 396 404 518 452
D10 0.0115 463 469 517 496
D10 0.0115 392 458 444 487
D10 0.0113 328 489 390 513
D10 0.0113 399 488 450 513
D10 0.0112 543 450 594 478
D10 0.0112 488 490 551 514
D10 0.0112 507 455 593 492
D10 0.0111 355 451 409 474
D10 0.0110 369 454 436 492
D10 0.0108 254 480 312 506
D10 0.0107 281 441 324 464
D10 0.0107 377 450 429 475
D10 0.0106 381 478 466 525
D10 0.0106 338 441 431 486
D10 0.0106 479 481 541 504
D10 0.0105 400 474 467 507
D10 0.0104 92 495 149 519
D10 0.0103 550 414 597 440
D10 0.0102 222 479 331 522
D10 0.0101 436 433 513 464
D10 0.0100 530 241 595 276
D20 0.0831 424 439 600 535
D20 0.0652 344 429 579 570
D20 0.0622 83 404 574 564
D20 0.0602 381 429 548 512
D20 0.0587 443 462 592 569
D20 0.0445 414 417 600 490
D20 0.0394 324 417 496 503
D20 0.0370 431 448 568 508
D20 0.0323 268 436 464 513
D20 0.0308 41 355 341 568
D20 0.0306 179 451 600 600
D20 0.0305 393 457 548 562
D20 0.0298 449 514 588 584
D20 0.0296 506 556 598 597
D20 0.0276 119 417 316 498
D20 0.0262 0 288 262 548
D20 0.0255 272 405 317 429
D20 0.0251 546 441 600 500
D20 0.0249 215 421 523 530
D20 0.0246 482 496 560 544
D20 0.0245 347 442 512 537
D20 0.0239 457 483 577 547
D20 0.0238 275 405 441 492
D20 0.0236 152 435 341 518
D20 0.0236 170 335 592 523
D20 0.0222 373 437 453 488
D20 0.0221 474 544 589 593
D20 0.0220 342 412 423 458
D20 0.0217 501 508 592 552
D20 0.0216 266 410 322 439
D20 0.0212 491 425 600 511
D20 0.0208 17 165 600 591
D20 0.0206 0 449 411 600
D20 0.0205 549 462 600 536
D20 0.0198 509 460 600 505
D20 0.0196 423 494 554 569
D20 0.0191 327 406 401 446
D20 0.0188 0 0 408 294
D20 0.0186 17 15 600 441
D20 0.0186 481 444 593 485
D20 0.0184 167 0 600 294
D20 0.0181 0 483 138 569
D20 0.0181 250 399 328 436
D20 0.0178 481 494 586 569
D20 0.0176 13 519 109 556
D20 0.0172 312 118 600 600
D20 0.0172 266 471 455 546
D20 0.0171 0 118 290 600
D20 0.0165 289 482 535 580
D20 0.0165 461 442 539 490
D20 0.0160 497 523 599 600
D20 0.0160 511 536 594 581
D20 0.0159 435 394 600 467
D20 0.0158 122 272 375 560
D20 0.0158 552 486 600 561
D20 0.0156 347 431 440 478
D20 0.0153 174 470 345 551
D20 0.0153 0 0 219 145
D20 0.0150 0 237 151 576
D20 0.0147 373 0 600 145
D20 0.0145 0 406 179 600
D20 0.0143 173 513 343 586
D20 0.0143 476 409 600 587
D20 0.0143 442 422 547 479
D20 0.0142 342 502 585 600
D20 0.0141 540 468 595 512
D20 0.0140 248 414 324 455
D20 0.0138 275 353 538 593
D20 0.0134 285 398 417 452
D20 0.0133 265 390 338 427
D20 0.0133 453 0 600 218
D20 0.0129 527 194 600 339
D20 0.0128 79 0 448 145
D20 0.0128 209 420 375 514
D20 0.0128 485 567 583 600
D20 0.0128 296 0 482 75
D20 0.0126 453 538 543 580
D20 0.0125 48 506 109 559
D20 0.0122 482 418 591 477
D20 0.0122 417 536 556 593
D20 0.0121 561 459 600 487
D20 0.0116 269 0 503 121
D20 0.0115 417 353 600 600
D20 0.0113 524 387 600 561
D20 0.0113 0 354 198 521
D20 0.0111 0 0 73 113
D20 0.0110 97 520 179 558
D20 0.0110 299 452 426 525
D20 0.0110 51 0 337 515
D20 0.0109 187 0 453 89
D20 0.0108 566 457 600 519
D20 0.0108 75 482 197 596
D20 0.0108 386 0 600 301
D20 0.0106 82 512 265 588
D20 0.0106 292 524 513 600
D20 0.0105 0 0 108 72
D20 0.0104 74 0 300 221
D20 0.0103 0 0 106 157
D20 0.0102 301 399 389 434
D20 0.0101 55 526 103 552
D20 0.0100 472 552 548 584
D20 0.0100 268 405 353 444
D40 0.0410 19 330 401 529
D40 0.0360 0 275 546 560
D40 0.0273 489 505 569 548
D40 0.0233 506 520 576 550
D40 0.0209 501 515 559 543
D40 0.0189 420 529 499 569
D40 0.0188 25 162 373 600
D40 0.0172 502 524 585 566
D40 0.0167 241 535 293 560
D40 0.0160 474 448 523 478
D40 0.0156 427 536 480 562
D40 0.0151 0 236 303 469
D40 0.0150 500 536 589 581
D40 0.0150 212 528 298 562
D40 0.0147 521 230 589 305
D40 0.0144 429 526 542 576
D40 0.0142 433 505 539 562
D40 0.0141 407 522 485 560
D40 0.0138 125 528 182 552
D40 0.0136 108 522 198 556
D40 0.0127 444 544 496 571
D40 0.0126 534 214 600 290
D40 0.0125 501 209 600 324
D40 0.0123 470 514 556 557
D40 0.0120 426 529 480 552
D40 0.0119 0 5 93 158
D40 0.0119 486 505 543 535
D40 0.0119 258 536 312 560
D40 0.0116 81 237 456 466
D40 0.0115 244 527 331 564
D40 0.0114 452 537 504 562
D40 0.0113 513 535 572 557
D40 0.0111 0 379 348 600
D40 0.0109 547 474 590 507
D40 0.0109 72 520 105 554
D40 0.0105 455 541 521 576
D40 0.0103 480 445 556 482
D40 0.0103 144 528 200 552
