D00 0.0901 90 450 236 515
D00 0.0823 114 475 181 510
D00 0.0631 120 472 174 496
D00 0.0613 15 450 197 512
D00 0.0605 61 471 201 515
D00 0.0593 112 486 166 515
D00 0.0523 117 465 214 505
D00 0.0488 103 479 160 507
D00 0.0455 0 423 165 505
D00 0.0451 123 483 208 516
D00 0.0443 86 464 172 509
D00 0.0439 128 471 160 512
D00 0.0411 105 433 220 498
D00 0.0382 121 476 152 517
D00 0.0377 76 480 167 518
D00 0.0373 107 454 186 501
D00 0.0354 0 434 100 520
D00 0.0354 117 420 257 513
D00 0.0317 140 452 267 509
D00 0.0314 120 460 171 520
D00 0.0307 3 467 55 517
D00 0.0297 0 391 112 498
D00 0.0296 0 442 66 509
D00 0.0283 4 468 135 520
D00 0.0283 127 458 200 494
D00 0.0281 531 568 599 600
D00 0.0279 178 484 222 512
D00 0.0275 137 468 186 500
D00 0.0274 120 462 173 489
D00 0.0271 81 489 142 514
D00 0.0266 1 385 47 413
D00 0.0262 432 426 485 532
D00 0.0259 190 494 261 520
D00 0.0257 425 464 446 519
D00 0.0255 416 410 466 518
D00 0.0255 150 468 231 514
D00 0.0249 197 486 242 515
D00 0.0247 275 387 332 410
D00 0.0246 81 433 176 502
D00 0.0240 1 467 30 517
D00 0.0238 0 425 76 467
D00 0.0237 429 419 461 491
D00 0.0237 157 428 222 461
D00 0.0236 136 476 168 517
D00 0.0235 75 415 212 483
D00 0.0229 67 485 194 530
D00 0.0226 102 496 157 519
D00 0.0225 142 412 273 477
D00 0.0225 147 476 199 507
D00 0.0224 404 390 479 535
D00 0.0223 178 478 253 519
D00 0.0220 555 559 596 596
D00 0.0218 437 430 470 500
D00 0.0217 156 440 223 507
D00 0.0211 262 380 343 416
D00 0.0210 64 477 139 510
D00 0.0208 542 537 600 600
D00 0.0208 276 395 331 419
D00 0.0207 141 431 217 475
D00 0.0206 165 417 254 457
D00 0.0206 4 416 125 467
D00 0.0200 166 424 230 482
D00 0.0198 439 417 510 543
D00 0.0197 431 413 457 465
D00 0.0197 417 447 453 530
D00 0.0195 5 433 62 458
D00 0.0192 2 375 64 409
D00 0.0188 429 443 459 520
D00 0.0188 144 481 220 528
D00 0.0188 104 466 156 524
D00 0.0187 117 448 159 507
D00 0.0187 94 458 164 493
D00 0.0187 252 392 321 421
D00 0.0187 0 441 34 509
D00 0.0185 9 384 86 413
D00 0.0184 432 473 455 525
D00 0.0183 4 486 52 527
D00 0.0182 440 421 466 476
D00 0.0182 169 419 283 506
D00 0.0181 13 477 45 521
D00 0.0181 420 411 452 479
D00 0.0181 0 432 50 477
D00 0.0179 449 440 477 494
D00 0.0177 54 485 127 516
D00 0.0177 179 432 237 456
D00 0.0176 279 376 345 405
D00 0.0175 1 398 57 489
D00 0.0175 12 451 103 495
D00 0.0175 132 448 175 504
D00 0.0175 133 417 216 460
D00 0.0174 201 423 256 447
D00 0.0174 196 411 260 442
D00 0.0174 135 465 191 525
D00 0.0173 7 371 36 413
D00 0.0173 11 461 83 518
D00 0.0173 172 424 229 450
D00 0.0172 132 399 259 456
D00 0.0171 416 465 437 519
D00 0.0170 90 472 152 497
D00 0.0169 515 550 591 600
D00 0.0167 243 385 314 414
D00 0.0167 164 440 216 464
D00 0.0167 0 413 48 460
D00 0.0166 10 488 63 516
D00 0.0164 455 444 490 507
D00 0.0164 218 487 255 517
D00 0.0164 121 427 190 490
D00 0.0163 42 461 131 507
D00 0.0162 131 490 175 521
D00 0.0160 48 466 170 537
D00 0.0158 408 425 444 522
D00 0.0158 173 401 287 445
D00 0.0157 0 394 97 448
D00 0.0157 510 574 574 598
D00 0.0156 1 376 28 418
D00 0.0156 26 444 121 482
D00 0.0155 3 454 42 493
D00 0.0154 39 387 97 409
D00 0.0154 424 434 447 494
D00 0.0154 470 462 514 540
D00 0.0153 144 440 202 489
D00 0.0152 434 233 456 283
D00 0.0152 456 435 531 558
D00 0.0152 522 564 583 593
D00 0.0151 159 468 208 501
D00 0.0150 484 479 521 542
D00 0.0149 9 395 70 416
D00 0.0149 112 465 145 509
D00 0.0149 554 505 599 584
D00 0.0149 265 442 306 523
D00 0.0149 423 405 449 455
D00 0.0148 185 451 301 509
D00 0.0148 285 386 339 426
D00 0.0147 206 403 269 435
D00 0.0146 269 400 336 432
D00 0.0146 181 460 235 507
D00 0.0145 0 392 184 465
D00 0.0144 164 393 325 461
D00 0.0144 174 436 241 469
D00 0.0144 186 430 251 496
D00 0.0144 493 561 571 596
D00 0.0143 192 423 247 465
D00 0.0143 464 460 500 525
D00 0.0143 19 486 155 532
D00 0.0143 146 432 205 458
D00 0.0142 475 240 507 280
D00 0.0142 114 446 177 484
D00 0.0142 170 490 215 519
D00 0.0142 112 484 142 523
D00 0.0142 63 452 155 498
D00 0.0141 302 386 355 408
D00 0.0140 349 243 372 291
D00 0.0139 393 410 453 534
D00 0.0139 206 472 320 518
D00 0.0139 302 378 356 400
D00 0.0138 66 494 136 521
D00 0.0138 442 232 464 283
D00 0.0138 0 428 33 461
D00 0.0137 92 402 200 522
D00 0.0137 102 478 134 518
D00 0.0137 198 407 324 512
D00 0.0136 268 379 324 402
D00 0.0136 0 374 126 432
D00 0.0136 491 574 551 598
D00 0.0135 211 399 321 443
D00 0.0134 18 474 60 511
D00 0.0134 320 420 344 468
D00 0.0134 437 455 469 525
D00 0.0133 274 448 297 499
D00 0.0133 412 416 440 489
D00 0.0133 478 476 507 529
D00 0.0133 431 402 472 480
D00 0.0133 273 423 314 504
D00 0.0132 0 386 52 447
D00 0.0132 165 455 343 524
D00 0.0131 3 449 79 554
D00 0.0130 59 387 116 408
D00 0.0130 21 485 95 517
D00 0.0129 499 483 595 585
D00 0.0129 0 358 45 422
D00 0.0129 200 432 255 455
D00 0.0128 546 551 590 586
D00 0.0128 214 390 300 427
D00 0.0127 467 560 536 593
D00 0.0127 495 495 526 543
D00 0.0126 173 454 213 510
D00 0.0126 150 491 196 521
D00 0.0126 31 476 106 509
D00 0.0125 468 438 590 567
D00 0.0125 182 430 219 497
D00 0.0124 420 489 450 526
D00 0.0123 120 429 193 461
D00 0.0123 204 486 271 529
D00 0.0122 239 396 298 419
D00 0.0122 1 0 177 261
D00 0.0122 460 465 488 518
D00 0.0122 6 423 58 452
D00 0.0121 406 475 448 524
D00 0.0121 447 456 482 524
D00 0.0120 210 419 278 450
D00 0.0120 190 414 300 466
D00 0.0119 157 445 220 479
D00 0.0119 217 414 273 438
D00 0.0118 3 380 40 431
D00 0.0118 312 406 351 480
D00 0.0117 182 415 242 440
D00 0.0117 72 398 210 454
D00 0.0117 282 447 306 499
D00 0.0117 424 465 463 541
D00 0.0117 258 404 315 428
D00 0.0116 448 460 506 559
D00 0.0116 280 398 344 452
D00 0.0116 19 379 78 404
D00 0.0116 58 414 154 479
D00 0.0116 239 401 332 488
D00 0.0115 204 423 270 483
D00 0.0115 467 453 495 503
D00 0.0115 209 477 248 510
D00 0.0113 256 469 318 526
D00 0.0113 97 457 141 514
D00 0.0113 21 465 95 500
D00 0.0113 194 443 244 519
D00 0.0113 341 220 379 300
D00 0.0112 11 494 81 522
D00 0.0111 94 426 183 468
D00 0.0111 447 551 515 584
D00 0.0111 571 512 598 564
D00 0.0110 159 413 226 445
D00 0.0110 445 417 478 484
D00 0.0110 194 473 225 512
D00 0.0110 229 387 289 410
D00 0.0109 281 439 324 520
D00 0.0109 441 481 465 532
D00 0.0109 481 450 544 552
D00 0.0109 568 523 600 593
D00 0.0109 308 421 339 484
D00 0.0109 232 441 310 513
D00 0.0108 166 479 200 515
D00 0.0108 250 393 329 451
D00 0.0108 161 421 206 455
D00 0.0107 414 404 440 454
D00 0.0107 32 381 121 414
D00 0.0107 524 422 600 579
D00 0.0106 152 461 209 487
D00 0.0106 408 397 446 474
D00 0.0106 407 425 426 481
D00 0.0106 190 482 331 534
D00 0.0105 180 418 219 470
D00 0.0105 295 405 345 429
D00 0.0105 542 468 598 572
D00 0.0105 436 545 486 572
D00 0.0104 304 395 353 418
D00 0.0104 255 424 300 499
D00 0.0104 398 449 437 528
D00 0.0104 1 494 29 539
D00 0.0103 152 436 197 470
D00 0.0103 194 406 250 431
D00 0.0103 48 440 126 471
D00 0.0102 137 451 191 477
D00 0.0102 0 0 33 81
D00 0.0102 390 249 421 287
D00 0.0102 51 379 104 403
D00 0.0101 38 456 114 488
D00 0.0101 293 414 336 492
D00 0.0101 261 410 329 441
D00 0.0101 235 373 319 408
D00 0.0101 259 494 294 524
D00 0.0101 176 431 208 475
D00 0.0101 320 404 345 449
D00 0.0101 558 540 595 575
D00 0.0101 399 417 433 507
D00 0.0101 226 494 266 521
D00 0.0101 275 401 340 513
D00 0.0101 273 464 298 517
D00 0.0101 95 474 144 535
D00 0.0101 0 45 35 133
D00 0.0100 527 499 591 563
D00 0.0100 37 432 131 520
D00 0.0100 16 435 84 475
D00 0.0100 543 522 592 573
D00 0.0100 248 379 307 401
D00 0.0100 437 465 519 528
D00 0.0100 227 405 285 429
D00 0.0100 547 581 600 600
D00 0.0100 413 541 478 573
D00 0.0100 33 400 163 443
D10 0.0727 166 489 235 511
D10 0.0700 137 478 223 508
D10 0.0572 158 483 255 515
D10 0.0418 129 472 197 496
D10 0.0391 197 491 255 515
D10 0.0368 129 488 199 514
D10 0.0305 1 438 70 469
D10 0.0295 177 496 242 517
D10 0.0294 186 482 246 507
D10 0.0279 207 498 266 518
D10 0.0262 2 487 45 517
D10 0.0244 4 443 95 485
D10 0.0233 1 433 51 457
D10 0.0225 5 497 53 521
D10 0.0223 161 472 219 498
D10 0.0222 118 496 173 519
D10 0.0221 186 485 289 519
D10 0.0213 142 491 220 520
D10 0.0210 163 465 314 521
D10 0.0206 226 499 288 519
D10 0.0198 6 450 62 475
D10 0.0197 5 478 54 507
D10 0.0192 216 491 277 516
D10 0.0178 16 436 116 475
D10 0.0168 0 441 41 464
D10 0.0164 2 469 47 496
D10 0.0157 251 500 304 521
D10 0.0155 218 491 313 525
D10 0.0151 541 555 592 580
D10 0.0142 3 459 49 486
D10 0.0141 24 452 94 474
D10 0.0130 542 545 591 568
D10 0.0126 24 444 94 467
D10 0.0125 209 481 266 506
D10 0.0114 517 536 597 582
D10 0.0111 1 506 43 529
D10 0.0109 241 470 296 492
D10 0.0107 222 452 314 496
D10 0.0106 1 403 47 425
D10 0.0106 241 490 294 517
D10 0.0105 404 497 451 522
D10 0.0103 268 499 322 523
D10 0.0101 252 461 301 486
D20 0.1249 89 465 241 519
D20 0.0791 25 446 225 515
D20 0.0704 114 472 219 511
D20 0.0598 108 478 263 534
D20 0.0571 96 478 181 518
D20 0.0521 70 429 289 522
D20 0.0447 0 459 52 521
D20 0.0425 2 460 151 525
D20 0.0402 38 468 218 535
D20 0.0370 139 466 298 521
D20 0.0356 87 484 213 530
D20 0.0286 516 555 600 600
D20 0.0280 3 482 41 519
D20 0.0272 152 476 232 516
D20 0.0269 2 415 213 535
D20 0.0264 1 383 65 415
D20 0.0253 471 537 598 598
D20 0.0246 164 488 252 522
D20 0.0242 100 453 327 544
D20 0.0232 0 445 76 536
D20 0.0198 96 469 235 567
D20 0.0197 0 492 58 524
D20 0.0196 41 458 471 600
D20 0.0185 0 411 403 567
D20 0.0179 487 491 600 596
D20 0.0176 119 494 261 558
D20 0.0175 129 439 255 542
D20 0.0171 0 476 117 541
D20 0.0169 0 0 292 133
D20 0.0167 15 463 262 577
D20 0.0160 500 523 592 586
D20 0.0159 152 418 320 507
D20 0.0156 91 441 204 539
D20 0.0150 0 0 408 294
D20 0.0148 0 0 147 217
D20 0.0148 167 0 600 294
D20 0.0146 0 0 113 73
D20 0.0146 0 442 29 520
D20 0.0145 484 566 582 600
D20 0.0144 52 396 261 500
D20 0.0143 0 481 43 551
D20 0.0142 2 373 92 410
D20 0.0141 192 458 600 600
D20 0.0137 167 311 600 600
D20 0.0136 446 547 562 592
D20 0.0135 30 0 227 76
D20 0.0135 0 118 290 600
D20 0.0132 312 118 600 600
D20 0.0130 423 507 591 588
D20 0.0128 0 369 138 440
D20 0.0128 457 453 575 575
D20 0.0127 0 385 56 527
D20 0.0122 114 416 382 528
D20 0.0122 0 0 73 109
D20 0.0121 0 0 600 434
D20 0.0121 376 0 600 146
D20 0.0120 0 236 516 600
D20 0.0118 15 0 168 125
D20 0.0117 0 374 45 439
D20 0.0116 69 0 446 148
D20 0.0115 185 479 278 533
D20 0.0114 455 0 600 218
D20 0.0112 562 492 600 569
D20 0.0112 59 0 332 88
D20 0.0108 0 388 168 493
D20 0.0108 133 468 215 535
D20 0.0108 0 376 149 600
D20 0.0108 491 495 548 552
D20 0.0105 261 0 450 74
D20 0.0104 0 488 29 515
D20 0.0104 484 503 580 566
D20 0.0103 423 413 600 600
D20 0.0103 12 485 193 564
D20 0.0103 538 581 595 600
D20 0.0101 476 515 561 585
D40 0.0147 56 106 107 131
D40 0.0126 154 520 248 558
D40 0.0119 44 98 115 135
D40 0.0115 194 527 245 554
D40 0.0111 497 524 546 549
D40 0.0105 500 508 538 548
D40 0.0104 121 519 209 556
