D00 0.1180 177 438 293 515
D00 0.0665 183 467 261 510
D00 0.0650 218 433 280 495
D00 0.0575 199 422 324 506
D00 0.0573 543 423 597 528
D00 0.0561 103 425 311 519
D00 0.0540 192 449 270 504
D00 0.0502 189 478 245 507
D00 0.0492 232 426 295 484
D00 0.0467 508 413 597 515
D00 0.0465 175 414 297 487
D00 0.0434 151 431 269 498
D00 0.0424 236 443 276 483
D00 0.0413 561 437 598 508
D00 0.0368 119 461 268 519
D00 0.0340 524 440 587 536
D00 0.0330 573 453 597 510
D00 0.0330 242 436 285 475
D00 0.0329 215 415 319 474
D00 0.0329 170 444 244 512
D00 0.0316 227 452 269 492
D00 0.0293 205 464 254 502
D00 0.0286 537 420 600 479
D00 0.0284 554 458 600 536
D00 0.0283 148 414 390 523
D00 0.0280 164 474 239 511
D00 0.0279 526 422 595 454
D00 0.0268 58 449 298 539
D00 0.0268 198 425 278 475
D00 0.0261 241 428 305 465
D00 0.0252 275 393 349 424
D00 0.0247 207 399 335 457
D00 0.0243 229 409 366 508
D00 0.0241 115 413 262 480
D00 0.0238 483 415 589 469
D00 0.0238 559 434 596 475
D00 0.0235 234 438 308 502
D00 0.0232 544 431 594 458
D00 0.0226 200 464 318 515
D00 0.0225 260 401 331 433
D00 0.0223 55 424 245 499
D00 0.0219 234 432 282 460
D00 0.0218 238 407 315 450
D00 0.0217 191 455 237 509
D00 0.0217 506 413 574 445
D00 0.0216 104 452 239 504
D00 0.0215 304 396 361 421
D00 0.0211 568 442 598 486
D00 0.0208 521 466 600 517
D00 0.0203 160 473 277 535
D00 0.0202 0 445 132 511
D00 0.0197 561 472 597 511
D00 0.0194 236 420 298 454
D00 0.0188 292 452 356 513
D00 0.0183 43 389 307 508
D00 0.0183 257 414 313 438
D00 0.0179 248 399 360 445
D00 0.0178 521 436 600 494
D00 0.0174 264 423 350 498
D00 0.0172 151 398 286 458
D00 0.0171 282 403 344 428
D00 0.0171 250 406 307 429
D00 0.0170 186 418 272 459
D00 0.0170 311 444 374 503
D00 0.0169 471 426 600 568
D00 0.0169 504 389 598 475
D00 0.0167 246 414 357 470
D00 0.0167 220 438 266 476
D00 0.0165 214 480 258 513
D00 0.0165 339 442 386 487
D00 0.0165 567 427 599 465
D00 0.0163 528 417 588 440
D00 0.0160 223 417 277 465
D00 0.0159 207 409 290 450
D00 0.0158 258 397 318 421
D00 0.0156 209 459 262 524
D00 0.0155 256 423 311 447
D00 0.0155 433 406 587 533
D00 0.0155 194 394 411 490
D00 0.0154 574 480 598 536
D00 0.0154 217 462 283 500
D00 0.0153 225 440 339 520
D00 0.0153 237 392 320 429
D00 0.0153 295 388 349 414
D00 0.0153 477 406 565 447
D00 0.0152 553 437 587 493
D00 0.0151 223 471 267 509
D00 0.0150 218 401 303 439
D00 0.0149 45 447 203 506
D00 0.0148 187 476 251 528
D00 0.0148 168 426 256 468
D00 0.0148 250 444 296 481
D00 0.0147 216 421 470 515
D00 0.0147 522 483 600 536
D00 0.0146 272 404 375 487
D00 0.0145 194 413 265 442
D00 0.0145 288 395 376 431
D00 0.0145 138 427 226 465
D00 0.0144 546 462 599 503
D00 0.0144 550 426 586 472
D00 0.0144 553 382 600 506
D00 0.0144 23 430 178 494
D00 0.0143 520 418 562 451
D00 0.0142 261 450 331 510
D00 0.0142 256 418 311 489
D00 0.0140 84 435 212 488
D00 0.0138 508 472 580 531
D00 0.0137 244 444 285 510
D00 0.0137 313 459 350 518
D00 0.0136 243 432 335 480
D00 0.0136 187 447 418 544
D00 0.0136 0 446 66 507
D00 0.0135 209 446 257 486
D00 0.0134 449 398 590 454
D00 0.0132 150 380 273 517
D00 0.0132 255 383 338 420
D00 0.0132 305 473 344 510
D00 0.0132 168 409 256 448
D00 0.0131 224 381 355 435
D00 0.0130 496 403 562 434
D00 0.0129 0 468 99 518
D00 0.0129 213 432 270 457
D00 0.0128 289 382 372 421
D00 0.0128 563 401 600 478
D00 0.0128 187 468 221 510
D00 0.0128 166 422 241 453
D00 0.0127 507 426 580 459
D00 0.0127 8 409 184 526
D00 0.0127 348 436 375 481
D00 0.0126 231 415 287 436
D00 0.0126 179 446 249 483
D00 0.0125 535 459 600 582
D00 0.0124 299 487 348 514
D00 0.0124 160 455 233 492
D00 0.0123 223 423 276 447
D00 0.0123 493 414 550 440
D00 0.0122 265 423 320 469
D00 0.0122 188 460 244 488
D00 0.0122 231 407 289 428
D00 0.0121 266 439 321 490
D00 0.0120 205 404 273 434
D00 0.0120 316 458 383 520
D00 0.0120 135 422 207 453
D00 0.0120 297 429 392 512
D00 0.0119 174 482 220 512
D00 0.0118 130 487 251 534
D00 0.0118 557 458 596 488
D00 0.0118 152 434 214 456
D00 0.0118 474 425 569 494
D00 0.0117 458 462 511 486
D00 0.0116 524 376 600 554
D00 0.0116 341 436 424 478
D00 0.0115 331 422 393 481
D00 0.0115 561 423 600 448
D00 0.0115 333 454 369 490
D00 0.0115 346 450 395 479
D00 0.0115 141 441 228 488
D00 0.0115 169 469 230 499
D00 0.0115 252 441 309 468
D00 0.0114 181 490 245 520
D00 0.0114 523 397 600 447
D00 0.0113 120 434 208 474
D00 0.0113 327 451 378 479
D00 0.0113 51 413 199 476
D00 0.0113 300 416 358 502
D00 0.0113 581 463 600 516
D00 0.0112 433 465 585 595
D00 0.0112 545 483 592 519
D00 0.0112 190 424 254 447
D00 0.0112 0 431 97 494
D00 0.0111 20 463 115 504
D00 0.0110 257 425 291 472
D00 0.0110 316 450 406 493
D00 0.0110 23 463 172 521
D00 0.0109 282 477 363 518
D00 0.0109 301 465 363 500
D00 0.0109 413 444 514 485
D00 0.0108 488 356 595 520
D00 0.0107 0 468 49 512
D00 0.0107 467 444 517 485
D00 0.0107 266 388 326 412
D00 0.0107 368 442 468 485
D00 0.0106 314 388 366 413
D00 0.0106 83 391 254 464
D00 0.0106 505 443 581 504
D00 0.0106 324 436 360 494
D00 0.0106 305 443 344 506
D00 0.0106 551 407 599 452
D00 0.0105 273 409 349 438
D00 0.0104 138 418 232 510
D00 0.0104 314 455 352 492
D00 0.0103 286 441 323 506
D00 0.0103 246 466 357 515
D00 0.0103 83 470 213 517
D00 0.0103 569 409 600 444
D00 0.0103 315 419 415 497
D00 0.0102 265 420 338 449
D00 0.0102 483 405 538 428
D00 0.0102 0 0 34 69
D00 0.0102 0 397 131 500
D00 0.0102 171 433 235 455
D00 0.0101 465 396 518 418
D00 0.0101 0 0 67 122
D00 0.0101 106 425 188 467
D10 0.0303 197 486 254 510
D10 0.0242 514 469 600 516
D10 0.0211 540 478 595 505
D10 0.0209 538 488 594 514
D10 0.0203 3 488 59 512
D10 0.0200 205 472 273 510
D10 0.0193 216 468 268 496
D10 0.0174 214 487 270 512
D10 0.0173 0 479 50 507
D10 0.0171 533 463 599 502
D10 0.0160 525 491 596 528
D10 0.0149 234 458 290 484
D10 0.0143 460 455 564 493
D10 0.0142 555 468 596 497
D10 0.0141 0 470 74 512
D10 0.0137 505 466 583 499
D10 0.0132 508 485 581 519
D10 0.0127 224 478 279 506
D10 0.0126 376 439 463 468
D10 0.0125 545 458 595 488
D10 0.0125 4 469 59 499
D10 0.0123 513 479 573 504
D10 0.0119 549 495 595 522
D10 0.0117 477 462 542 486
D10 0.0113 0 457 66 493
D10 0.0111 200 496 253 518
D10 0.0102 234 468 290 495
D10 0.0102 252 450 310 476
D10 0.0102 271 483 345 514
D20 0.0462 172 441 316 519
D20 0.0417 458 427 600 524
D20 0.0382 188 465 268 512
D20 0.0297 9 417 300 526
D20 0.0294 434 408 600 484
D20 0.0285 334 414 513 475
D20 0.0243 206 417 378 505
D20 0.0242 103 406 549 558
D20 0.0235 207 454 292 506
D20 0.0226 486 427 590 491
D20 0.0221 367 430 476 464
D20 0.0218 367 425 556 489
D20 0.0200 545 407 600 558
D20 0.0192 300 424 485 492
D20 0.0189 516 447 600 501
D20 0.0181 188 453 600 600
D20 0.0174 461 417 583 468
D20 0.0173 332 410 590 530
D20 0.0172 0 0 408 294
D20 0.0170 167 0 600 294
D20 0.0169 379 434 501 481
D20 0.0167 523 479 596 541
D20 0.0165 0 311 408 600
D20 0.0165 105 468 269 540
D20 0.0162 167 311 600 600
D20 0.0161 397 420 520 466
D20 0.0158 0 118 290 600
D20 0.0155 312 118 600 600
D20 0.0155 0 0 224 146
D20 0.0153 488 465 591 525
D20 0.0149 349 401 496 455
D20 0.0146 391 436 586 509
D20 0.0146 573 437 600 519
D20 0.0144 0 453 56 510
D20 0.0144 0 0 149 226
D20 0.0143 64 326 459 509
D20 0.0141 0 0 600 434
D20 0.0138 0 454 233 600
D20 0.0137 444 466 600 551
D20 0.0137 0 165 557 591
D20 0.0132 326 419 448 467
D20 0.0132 465 448 586 505
D20 0.0129 254 407 434 484
D20 0.0128 368 0 600 146
D20 0.0125 168 434 440 547
D20 0.0123 417 435 545 482
D20 0.0121 0 0 116 73
D20 0.0121 391 393 574 458
D20 0.0120 452 0 600 219
D20 0.0118 224 467 324 512
D20 0.0117 183 473 307 536
D20 0.0117 0 234 35 308
D20 0.0116 420 412 600 600
D20 0.0113 254 434 432 512
D20 0.0110 526 477 600 600
D20 0.0110 362 448 578 557
D20 0.0109 278 393 462 461
D20 0.0109 371 410 472 445
D20 0.0108 573 464 600 548
D20 0.0107 196 386 491 494
D20 0.0104 27 150 341 333
D20 0.0104 0 0 72 110
D20 0.0103 0 368 150 600
D20 0.0103 43 73 217 332
D20 0.0102 486 526 600 600
D20 0.0102 0 311 236 516
D20 0.0100 382 0 600 302
D20 0.0100 71 0 442 147
D40 0.0393 413 434 474 457
D40 0.0357 401 428 486 462
D40 0.0254 415 427 472 449
D40 0.0246 297 535 348 560
D40 0.0224 557 428 596 465
D40 0.0196 567 434 599 475
D40 0.0192 406 441 468 464
D40 0.0188 377 421 478 456
D40 0.0183 305 396 388 432
D40 0.0180 377 435 476 472
D40 0.0173 291 529 370 564
D40 0.0173 321 404 376 428
D40 0.0155 465 462 520 486
D40 0.0153 411 436 510 474
D40 0.0150 350 430 452 465
D40 0.0143 411 420 510 455
D40 0.0140 457 455 552 491
D40 0.0139 383 435 457 457
D40 0.0120 401 409 486 447
D40 0.0118 518 493 600 543
D40 0.0117 329 397 384 420
D40 0.0108 459 450 527 482
D40 0.0108 0 250 511 534
D40 0.0107 348 443 442 486
D40 0.0104 558 489 597 528
D40 0.0103 429 438 475 468
D40 0.0101 281 530 332 555
D40 0.0101 245 374 600 504
D40 0.0101 445 543 517 585
D40 0.0100 428 428 460 463
D40 0.0100 264 525 346 559
