D00 0.0398 0 420 152 503
D00 0.0388 347 421 393 471
D00 0.0349 69 433 172 516
D00 0.0346 338 414 384 461
D00 0.0337 0 416 76 458
D00 0.0336 95 451 158 510
D00 0.0316 0 412 121 471
D00 0.0310 345 423 390 449
D00 0.0306 86 473 148 510
D00 0.0296 120 524 154 558
D00 0.0296 328 405 374 450
D00 0.0295 359 434 398 475
D00 0.0294 104 415 202 502
D00 0.0286 111 442 177 502
D00 0.0283 274 440 315 526
D00 0.0269 25 449 144 507
D00 0.0264 53 411 182 475
D00 0.0260 329 404 399 475
D00 0.0258 1 430 108 487
D00 0.0253 319 395 364 441
D00 0.0253 18 421 101 451
D00 0.0250 356 425 415 482
D00 0.0241 91 487 141 511
D00 0.0236 164 386 215 410
D00 0.0236 2 423 65 448
D00 0.0235 106 464 147 502
D00 0.0233 123 425 187 487
D00 0.0226 343 415 390 440
D00 0.0225 0 424 59 483
D00 0.0224 108 478 159 506
D00 0.0223 368 445 406 481
D00 0.0219 62 423 121 446
D00 0.0218 139 384 206 414
D00 0.0216 46 469 156 519
D00 0.0216 312 390 419 489
D00 0.0213 282 465 307 517
D00 0.0209 149 391 210 422
D00 0.0209 314 390 351 427
D00 0.0209 552 543 598 591
D00 0.0207 270 457 302 520
D00 0.0206 142 407 202 467
D00 0.0206 120 455 184 491
D00 0.0201 33 409 127 447
D00 0.0201 288 457 319 522
D00 0.0201 35 450 190 530
D00 0.0199 265 422 306 509
D00 0.0194 118 468 169 496
D00 0.0193 248 412 284 444
D00 0.0191 66 483 133 515
D00 0.0191 95 432 175 483
D00 0.0189 8 416 73 440
D00 0.0189 28 460 94 522
D00 0.0188 173 394 221 420
D00 0.0187 0 445 103 533
D00 0.0185 0 401 107 448
D00 0.0185 89 393 210 455
D00 0.0183 255 440 298 522
D00 0.0181 142 395 215 440
D00 0.0179 182 386 230 410
D00 0.0179 200 439 239 519
D00 0.0179 568 556 600 594
D00 0.0178 110 460 162 488
D00 0.0178 73 459 129 508
D00 0.0178 340 402 378 437
D00 0.0177 122 388 203 427
D00 0.0177 0 441 68 504
D00 0.0177 312 391 382 457
D00 0.0176 245 414 270 457
D00 0.0176 146 429 197 478
D00 0.0174 365 428 406 466
D00 0.0174 209 455 231 508
D00 0.0174 126 527 180 554
D00 0.0174 427 493 464 526
D00 0.0173 52 416 112 441
D00 0.0172 134 445 175 483
D00 0.0171 137 440 202 500
D00 0.0168 90 402 242 486
D00 0.0168 86 468 185 519
D00 0.0167 284 398 374 485
D00 0.0165 104 533 152 557
D00 0.0165 253 420 279 468
D00 0.0164 255 413 297 495
D00 0.0164 101 467 133 510
D00 0.0164 68 441 147 493
D00 0.0163 165 404 213 429
D00 0.0163 314 417 381 494
D00 0.0162 257 418 293 451
D00 0.0162 1 437 78 471
D00 0.0162 239 416 303 529
D00 0.0161 306 381 359 436
D00 0.0161 0 431 54 458
D00 0.0161 162 409 201 444
D00 0.0161 30 424 124 461
D00 0.0159 335 427 396 492
D00 0.0159 136 395 194 418
D00 0.0156 65 401 178 446
D00 0.0155 345 417 422 462
D00 0.0155 0 458 55 521
D00 0.0154 153 419 194 454
D00 0.0153 67 422 143 465
D00 0.0153 159 380 230 417
D00 0.0152 274 446 298 504
D00 0.0150 292 440 332 526
D00 0.0150 71 469 170 549
D00 0.0149 143 414 239 502
D00 0.0149 263 420 288 468
D00 0.0148 327 423 444 491
D00 0.0148 0 418 35 453
D00 0.0148 283 424 324 507
D00 0.0147 47 474 116 512
D00 0.0145 16 480 153 543
D00 0.0145 415 472 477 527
D00 0.0145 162 427 200 463
D00 0.0145 238 411 279 493
D00 0.0145 306 382 342 417
D00 0.0145 369 442 420 470
D00 0.0144 349 408 401 453
D00 0.0144 190 390 228 423
D00 0.0143 109 509 164 561
D00 0.0143 292 447 316 503
D00 0.0143 239 410 300 462
D00 0.0142 165 412 213 459
D00 0.0142 167 388 226 443
D00 0.0142 365 460 412 483
D00 0.0141 251 427 282 499
D00 0.0141 180 400 219 433
D00 0.0141 78 418 146 449
D00 0.0141 0 438 40 488
D00 0.0140 283 438 307 493
D00 0.0140 39 483 103 519
D00 0.0139 104 446 203 530
D00 0.0139 16 432 84 456
D00 0.0139 307 398 343 434
D00 0.0138 0 478 85 523
D00 0.0138 111 474 140 515
D00 0.0138 138 440 188 468
D00 0.0137 235 423 286 446
D00 0.0137 246 427 270 480
D00 0.0136 44 432 130 477
D00 0.0136 217 446 239 500
D00 0.0135 139 432 189 458
D00 0.0135 311 413 358 439
D00 0.0135 320 422 369 447
D00 0.0135 273 421 298 468
D00 0.0134 571 536 598 586
D00 0.0134 88 432 253 515
D00 0.0133 133 409 195 444
D00 0.0133 99 524 138 556
D00 0.0133 228 428 281 522
D00 0.0132 326 395 371 421
D00 0.0132 0 403 67 435
D00 0.0132 101 415 187 462
D00 0.0131 208 425 247 504
D00 0.0131 264 456 289 510
D00 0.0131 111 450 163 478
D00 0.0131 201 382 236 413
D00 0.0131 165 379 215 402
D00 0.0130 273 401 340 514
D00 0.0130 370 449 440 481
D00 0.0130 0 0 69 140
D00 0.0130 127 464 178 509
D00 0.0129 300 410 355 503
D00 0.0129 129 457 160 503
D00 0.0129 358 424 410 448
D00 0.0128 0 397 81 521
D00 0.0128 271 488 317 517
D00 0.0128 256 429 318 541
D00 0.0128 267 411 302 443
D00 0.0128 48 435 120 517
D00 0.0128 331 430 378 458
D00 0.0127 97 455 140 494
D00 0.0127 524 543 597 577
D00 0.0127 158 424 222 481
D00 0.0126 241 403 275 435
D00 0.0126 153 400 195 434
D00 0.0126 13 396 184 461
D00 0.0124 534 568 600 599
D00 0.0124 258 403 292 435
D00 0.0123 329 398 403 443
D00 0.0123 35 498 86 521
D00 0.0123 60 432 120 454
D00 0.0123 0 448 32 514
D00 0.0122 264 436 288 493
D00 0.0122 88 490 186 540
D00 0.0122 143 388 236 466
D00 0.0122 0 411 49 444
D00 0.0122 228 413 296 442
D00 0.0121 0 393 189 534
D00 0.0121 261 415 308 457
D00 0.0120 122 521 168 547
D00 0.0120 14 466 70 517
D00 0.0120 288 412 406 519
D00 0.0119 341 439 387 468
D00 0.0119 350 449 396 477
D00 0.0119 119 450 152 499
D00 0.0118 134 469 187 495
D00 0.0118 169 441 231 503
D00 0.0117 365 447 395 493
D00 0.0117 232 411 266 443
D00 0.0117 251 414 365 525
D00 0.0117 109 386 186 414
D00 0.0116 125 437 168 475
D00 0.0116 354 438 390 501
D00 0.0116 348 437 419 507
D00 0.0116 85 410 158 441
D00 0.0115 0 494 66 525
D00 0.0114 251 521 300 559
D00 0.0113 301 465 324 518
D00 0.0113 83 438 150 472
D00 0.0113 183 379 229 401
D00 0.0112 391 455 490 534
D00 0.0112 217 439 259 519
D00 0.0112 33 482 72 520
D00 0.0112 60 403 122 436
D00 0.0112 233 420 264 486
D00 0.0111 100 393 175 423
D00 0.0111 273 430 317 481
D00 0.0111 248 468 310 524
D00 0.0111 199 456 224 507
D00 0.0111 298 389 333 425
D00 0.0111 155 441 206 467
D00 0.0110 378 461 434 483
D00 0.0109 370 436 472 517
D00 0.0109 505 551 580 584
D00 0.0108 89 429 159 461
D00 0.0108 535 518 600 589
D00 0.0107 454 540 490 576
D00 0.0107 295 394 356 451
D00 0.0107 286 491 319 523
D00 0.0107 1 475 27 524
D00 0.0106 265 478 324 531
D00 0.0106 164 404 259 486
D00 0.0106 20 441 82 487
D00 0.0106 427 461 463 525
D00 0.0106 37 412 84 444
D00 0.0105 30 437 107 469
D00 0.0105 222 430 253 496
D00 0.0105 562 572 600 597
D00 0.0105 282 421 307 469
D00 0.0105 36 465 105 501
D00 0.0105 23 402 96 434
D00 0.0105 427 440 600 516
D00 0.0104 176 404 206 450
D00 0.0104 173 413 222 438
D00 0.0104 204 445 234 482
D00 0.0104 158 383 207 453
D00 0.0104 1 496 26 543
D00 0.0104 515 559 592 592
D00 0.0103 316 387 363 410
D00 0.0103 143 448 182 506
D00 0.0103 490 440 600 549
D00 0.0102 434 483 470 522
D00 0.0102 195 433 228 495
D00 0.0102 377 435 414 487
D00 0.0102 110 518 146 551
D00 0.0102 152 454 191 490
D00 0.0102 0 0 34 67
D00 0.0101 416 481 496 545
D00 0.0101 126 405 219 531
D00 0.0101 89 378 215 432
D00 0.0101 188 416 281 506
D00 0.0101 395 482 466 535
D00 0.0101 48 510 158 558
D00 0.0101 251 412 320 442
D00 0.0101 418 484 457 521
D00 0.0101 41 473 82 512
D00 0.0100 202 399 235 433
D00 0.0100 129 378 202 405
D00 0.0100 252 431 301 456
D00 0.0100 537 453 600 575
D00 0.0100 242 437 274 505
D10 0.0221 421 499 471 523
D10 0.0180 0 446 69 481
D10 0.0162 404 489 489 529
D10 0.0153 0 450 86 498
D10 0.0136 426 507 480 529
D10 0.0127 4 459 62 485
D10 0.0127 412 489 463 518
D10 0.0116 0 450 41 475
D10 0.0114 96 0 287 94
D10 0.0109 0 488 48 515
D10 0.0108 270 497 319 520
D10 0.0107 399 0 600 110
D10 0.0106 406 503 471 533
D10 0.0103 433 494 507 526
D10 0.0103 391 499 450 521
D10 0.0101 0 479 48 506
D20 0.0275 0 0 309 136
D20 0.0227 427 515 600 589
D20 0.0223 517 545 600 589
D20 0.0205 464 539 600 597
D20 0.0201 44 458 479 600
D20 0.0198 73 522 161 558
D20 0.0181 118 522 199 558
D20 0.0173 0 448 139 534
D20 0.0171 0 394 150 461
D20 0.0168 0 0 408 294
D20 0.0165 167 0 600 294
D20 0.0162 0 311 408 600
D20 0.0159 102 410 552 568
D20 0.0159 347 482 594 594
D20 0.0157 0 0 148 216
D20 0.0155 0 118 290 600
D20 0.0155 167 311 600 600
D20 0.0154 0 456 227 600
D20 0.0152 0 0 118 73
D20 0.0150 46 521 131 556
D20 0.0150 377 0 600 146
D20 0.0149 200 457 600 600
D20 0.0149 312 118 600 600
D20 0.0146 405 477 590 554
D20 0.0144 452 0 600 223
D20 0.0143 0 409 210 527
D20 0.0137 0 0 600 434
D20 0.0137 27 0 237 76
D20 0.0134 396 483 525 544
D20 0.0134 2 492 166 564
D20 0.0132 386 492 545 571
D20 0.0131 0 145 600 600
D20 0.0130 70 528 126 553
D20 0.0129 30 443 286 556
D20 0.0129 92 499 268 563
D20 0.0126 0 0 174 118
D20 0.0126 2 239 54 295
D20 0.0126 364 457 520 534
D20 0.0125 171 432 340 522
D20 0.0122 0 0 72 111
D20 0.0122 103 418 279 501
D20 0.0119 207 515 296 551
D20 0.0119 214 417 382 509
D20 0.0118 402 480 490 525
D20 0.0116 0 372 147 600
D20 0.0113 235 410 323 447
D20 0.0109 420 412 600 600
D20 0.0106 57 472 216 550
D20 0.0106 332 525 546 600
D20 0.0105 101 477 293 545
D20 0.0103 131 514 260 555
D20 0.0103 61 411 317 529
D20 0.0103 170 409 342 487
D20 0.0101 315 449 576 565
D20 0.0100 409 507 512 559
D40 0.0293 70 407 142 445
D40 0.0244 74 415 126 441
D40 0.0199 162 527 221 550
D40 0.0189 207 521 295 554
D40 0.0184 155 521 250 552
D40 0.0171 83 406 133 433
D40 0.0170 211 527 272 551
D40 0.0168 259 535 309 559
D40 0.0166 239 527 293 554
D40 0.0163 4 248 47 297
D40 0.0157 122 521 216 554
D40 0.0144 82 399 168 438
D40 0.0140 245 527 322 562
D40 0.0130 154 521 211 545
D40 0.0119 190 527 253 550
D40 0.0116 272 536 331 559
D40 0.0112 9 260 54 290
D40 0.0110 221 521 279 545
D40 0.0108 0 258 72 302
D40 0.0107 264 530 357 564
D40 0.0100 95 405 154 430
