D00 0.0288 331 405 401 519
D00 0.0287 0 422 163 503
D00 0.0275 336 417 453 530
D00 0.0270 323 411 373 509
D00 0.0262 217 438 259 524
D00 0.0235 334 415 370 479
D00 0.0231 330 404 356 451
D00 0.0227 232 457 262 523
D00 0.0225 336 424 390 487
D00 0.0217 25 449 136 504
D00 0.0217 218 412 258 491
D00 0.0216 0 431 99 518
D00 0.0215 52 421 219 496
D00 0.0213 45 432 154 491
D00 0.0210 346 436 424 519
D00 0.0209 226 413 251 461
D00 0.0199 235 420 259 469
D00 0.0198 368 461 430 521
D00 0.0198 201 409 265 514
D00 0.0192 227 466 252 517
D00 0.0191 83 432 191 488
D00 0.0189 324 411 365 462
D00 0.0188 226 415 275 508
D00 0.0184 90 411 223 474
D00 0.0183 381 471 451 528
D00 0.0183 33 412 168 478
D00 0.0179 64 459 148 504
D00 0.0178 227 401 266 473
D00 0.0178 217 477 261 521
D00 0.0176 0 440 53 504
D00 0.0174 331 421 357 472
D00 0.0171 342 436 379 474
D00 0.0171 198 432 243 513
D00 0.0171 232 426 263 498
D00 0.0167 134 411 257 506
D00 0.0164 181 423 252 499
D00 0.0162 81 449 165 497
D00 0.0162 306 411 355 507
D00 0.0161 200 408 259 465
D00 0.0159 322 444 361 530
D00 0.0158 541 547 600 600
D00 0.0157 231 491 261 524
D00 0.0157 341 436 385 524
D00 0.0154 549 461 597 566
D00 0.0152 570 491 600 563
D00 0.0151 9 407 119 489
D00 0.0150 205 467 254 515
D00 0.0149 240 413 271 474
D00 0.0148 64 474 130 507
D00 0.0148 350 441 405 490
D00 0.0146 359 450 407 525
D00 0.0146 123 432 231 487
D00 0.0145 208 429 252 479
D00 0.0143 293 392 370 523
D00 0.0142 143 415 245 467
D00 0.0142 336 436 369 507
D00 0.0141 213 418 247 454
D00 0.0140 0 0 68 138
D00 0.0139 324 397 363 442
D00 0.0139 328 428 360 497
D00 0.0139 333 432 374 459
D00 0.0138 226 436 251 491
D00 0.0137 510 572 594 600
D00 0.0136 216 437 242 490
D00 0.0136 207 447 234 499
D00 0.0136 88 469 143 497
D00 0.0136 315 399 357 473
D00 0.0135 565 529 600 600
D00 0.0135 240 445 271 519
D00 0.0135 311 407 388 555
D00 0.0133 216 456 243 509
D00 0.0131 191 445 275 531
D00 0.0130 108 396 239 453
D00 0.0130 61 389 217 463
D00 0.0129 358 459 462 547
D00 0.0129 328 412 413 471
D00 0.0129 121 424 205 467
D00 0.0129 2 78 26 133
D00 0.0129 12 467 115 519
D00 0.0128 0 448 32 511
D00 0.0128 216 432 261 457
D00 0.0128 292 420 315 471
D00 0.0128 0 0 122 205
D00 0.0127 332 422 372 449
D00 0.0127 158 398 242 437
D00 0.0127 240 378 291 400
D00 0.0127 572 476 597 524
D00 0.0127 351 430 459 494
D00 0.0127 319 409 352 443
D00 0.0126 141 406 220 449
D00 0.0125 283 406 323 481
D00 0.0124 339 429 398 465
D00 0.0124 560 461 596 523
D00 0.0122 209 415 287 553
D00 0.0121 188 440 236 489
D00 0.0121 573 552 598 600
D00 0.0119 225 423 270 450
D00 0.0119 147 428 214 462
D00 0.0119 120 441 184 501
D00 0.0119 230 410 262 446
D00 0.0118 300 536 349 562
D00 0.0117 329 389 355 433
D00 0.0117 185 478 270 519
D00 0.0117 182 405 237 429
D00 0.0117 387 479 427 533
D00 0.0117 72 449 127 498
D00 0.0117 243 425 293 520
D00 0.0116 189 456 236 507
D00 0.0116 108 457 161 502
D00 0.0115 0 457 84 507
D00 0.0115 0 466 52 529
D00 0.0114 227 470 285 525
D00 0.0114 293 421 333 500
D00 0.0114 572 64 599 112
D00 0.0114 85 399 194 447
D00 0.0114 283 420 307 469
D00 0.0113 318 420 350 488
D00 0.0113 330 413 372 438
D00 0.0113 205 414 252 439
D00 0.0113 100 446 167 482
D00 0.0113 208 392 266 449
D00 0.0113 97 478 152 503
D00 0.0113 161 439 238 509
D00 0.0112 0 45 33 129
D00 0.0112 236 415 297 473
D00 0.0112 47 464 113 502
D00 0.0112 548 502 598 594
D00 0.0111 330 462 353 519
D00 0.0111 155 423 208 448
D00 0.0111 227 481 266 558
D00 0.0111 176 393 241 423
D00 0.0110 175 410 244 442
D00 0.0110 245 435 269 489
D00 0.0109 221 379 274 400
D00 0.0109 517 0 597 127
D00 0.0108 298 420 412 499
D00 0.0108 164 414 218 439
D00 0.0108 317 454 348 522
D00 0.0107 36 432 104 498
D00 0.0107 0 31 62 206
D00 0.0107 238 482 270 520
D00 0.0107 110 437 177 472
D00 0.0106 0 390 166 464
D00 0.0106 203 405 251 428
D00 0.0106 308 422 382 471
D00 0.0106 303 437 344 520
D00 0.0105 284 419 488 563
D00 0.0105 157 433 248 477
D00 0.0105 334 463 365 529
D00 0.0105 525 434 600 534
D00 0.0105 221 387 273 408
D00 0.0105 198 447 225 498
D00 0.0105 1 462 40 501
D00 0.0104 89 459 143 488
D00 0.0103 277 411 309 441
D00 0.0103 347 445 375 499
D00 0.0103 71 402 170 512
D00 0.0103 165 419 235 451
D00 0.0103 221 401 254 434
D00 0.0102 202 396 252 419
D00 0.0102 250 420 281 483
D00 0.0101 177 397 252 455
D00 0.0101 301 428 325 480
D00 0.0101 207 493 269 522
D00 0.0101 233 432 280 458
D00 0.0100 343 475 423 524
D00 0.0100 264 406 306 477
D00 0.0100 382 477 413 523
D00 0.0100 165 405 219 430
D00 0.0100 204 436 239 473
D10 0.0207 553 497 597 522
D10 0.0203 527 533 600 564
D10 0.0198 269 415 319 435
D10 0.0196 549 544 599 565
D10 0.0168 269 408 319 428
D10 0.0164 524 493 600 524
D10 0.0153 563 505 600 528
D10 0.0152 359 455 454 501
D10 0.0142 204 489 256 515
D10 0.0141 251 415 302 436
D10 0.0140 366 450 446 482
D10 0.0134 493 466 571 495
D10 0.0133 356 456 421 492
D10 0.0133 543 488 593 516
D10 0.0129 215 497 262 520
D10 0.0129 252 407 302 428
D10 0.0122 374 461 439 486
D10 0.0119 178 479 272 518
D10 0.0118 503 473 581 504
D10 0.0114 352 450 404 479
D10 0.0113 0 460 47 488
D10 0.0112 287 415 342 436
D10 0.0107 552 526 596 555
D10 0.0106 388 447 476 489
D10 0.0106 252 410 342 445
D10 0.0105 370 469 425 496
D10 0.0103 441 434 589 496
D10 0.0101 542 548 600 585
D10 0.0101 231 498 279 521
D10 0.0101 287 408 342 428
D10 0.0101 349 442 403 469
D20 0.1713 362 434 594 569
D20 0.0480 208 405 600 572
D20 0.0447 410 486 600 577
D20 0.0415 352 448 517 539
D20 0.0375 125 453 575 600
D20 0.0327 450 445 600 555
D20 0.0309 381 476 545 549
D20 0.0240 340 415 471 525
D20 0.0230 23 350 600 590
D20 0.0216 555 480 600 556
D20 0.0212 326 403 526 552
D20 0.0210 320 482 542 579
D20 0.0204 369 465 486 527
D20 0.0199 393 519 596 600
D20 0.0189 537 54 599 116
D20 0.0187 504 455 600 594
D20 0.0184 457 541 600 598
D20 0.0182 387 446 567 519
D20 0.0181 525 487 600 529
D20 0.0170 167 0 600 294
D20 0.0170 0 0 408 294
D20 0.0164 449 372 600 600
D20 0.0162 560 491 596 525
D20 0.0161 0 118 290 600
D20 0.0157 295 327 600 529
D20 0.0154 466 484 595 546
D20 0.0151 568 78 600 115
D20 0.0148 312 118 600 600
D20 0.0148 0 0 148 225
D20 0.0146 511 468 600 515
D20 0.0146 493 461 586 499
D20 0.0145 566 507 600 585
D20 0.0144 555 453 599 527
D20 0.0143 543 505 600 567
D20 0.0141 441 507 596 561
D20 0.0140 0 457 230 600
D20 0.0139 0 0 600 434
D20 0.0136 377 0 600 145
D20 0.0136 420 468 580 527
D20 0.0135 0 0 72 114
D20 0.0132 474 453 571 491
D20 0.0132 455 0 600 217
D20 0.0129 324 405 363 430
D20 0.0126 359 429 514 502
D20 0.0125 0 0 108 71
D20 0.0125 316 463 480 548
D20 0.0122 0 0 268 179
D20 0.0122 41 320 506 506
D20 0.0121 30 416 350 600
D20 0.0120 541 85 595 112
D20 0.0119 324 385 363 455
D20 0.0119 446 528 594 579
D20 0.0118 527 0 600 111
D20 0.0117 547 431 600 585
D20 0.0116 525 465 591 564
D20 0.0116 0 49 61 223
D20 0.0114 329 396 371 442
D20 0.0112 564 38 600 118
D20 0.0112 450 451 587 506
D20 0.0111 382 254 587 574
D20 0.0110 13 0 233 368
D20 0.0109 0 367 146 600
D20 0.0107 507 402 600 546
D20 0.0107 389 0 600 299
D20 0.0106 0 224 277 397
D20 0.0105 395 463 455 533
D20 0.0105 375 451 456 509
D20 0.0104 0 0 180 112
D20 0.0104 548 93 598 118
D20 0.0104 515 517 599 586
D20 0.0104 309 523 519 600
D20 0.0103 558 70 597 109
D20 0.0102 406 455 506 559
D20 0.0100 0 78 32 168
D20 0.0100 577 484 600 550
D40 0.0283 373 487 448 529
D40 0.0233 385 497 434 523
D40 0.0215 393 488 494 531
D40 0.0203 412 497 512 539
D40 0.0198 392 505 442 532
D40 0.0183 519 566 600 600
D40 0.0179 509 528 600 567
D40 0.0178 570 539 600 573
D40 0.0174 363 468 439 517
D40 0.0168 348 457 418 508
D40 0.0165 546 574 598 599
D40 0.0159 375 476 424 524
D40 0.0158 397 502 471 534
D40 0.0154 560 533 598 565
D40 0.0149 435 506 527 548
D40 0.0148 401 492 447 526
D40 0.0146 459 548 544 587
D40 0.0143 569 499 599 535
D40 0.0140 306 536 356 562
D40 0.0138 378 472 467 542
D40 0.0135 505 488 600 531
D40 0.0134 496 468 589 507
D40 0.0133 476 460 573 495
D40 0.0132 299 531 381 565
D40 0.0131 522 544 600 593
D40 0.0128 511 506 600 554
D40 0.0127 472 557 571 596
D40 0.0126 542 519 600 576
D40 0.0126 571 519 599 559
D40 0.0125 365 469 414 496
D40 0.0125 356 460 405 487
D40 0.0124 388 489 444 517
D40 0.0124 439 539 526 579
D40 0.0119 370 472 410 511
D40 0.0119 425 540 584 597
D40 0.0118 402 477 466 525
D40 0.0117 348 449 394 479
D40 0.0117 386 505 506 556
D40 0.0117 549 492 592 524
D40 0.0116 558 559 598 597
D40 0.0116 420 483 515 526
D40 0.0115 176 521 264 558
D40 0.0114 410 498 478 524
D40 0.0114 211 535 263 558
D40 0.0113 391 486 423 529
D40 0.0109 419 507 489 531
D40 0.0109 424 512 503 542
D40 0.0109 381 504 454 544
D40 0.0105 372 500 432 534
D40 0.0104 486 478 580 520
D40 0.0103 441 492 534 535
D40 0.0101 393 516 538 582
D40 0.0100 411 538 495 577
