D00 0.0604 0 439 89 534
D00 0.0546 2 457 64 524
D00 0.0524 2 431 116 494
D00 0.0341 0 444 47 503
D00 0.0329 7 473 71 511
D00 0.0319 0 454 33 527
D00 0.0306 14 459 92 507
D00 0.0281 1 441 31 491
D00 0.0273 3 417 97 475
D00 0.0262 491 469 600 594
D00 0.0261 331 410 354 460
D00 0.0256 0 411 173 489
D00 0.0254 132 439 174 520
D00 0.0251 132 465 159 513
D00 0.0246 4 472 41 512
D00 0.0246 6 441 161 507
D00 0.0246 1 482 44 534
D00 0.0240 0 438 72 475
D00 0.0239 338 410 363 460
D00 0.0236 333 401 369 433
D00 0.0235 543 482 597 587
D00 0.0235 255 421 278 468
D00 0.0233 8 486 56 517
D00 0.0227 0 375 125 508
D00 0.0226 121 456 167 508
D00 0.0225 1 409 61 498
D00 0.0223 2 453 70 494
D00 0.0219 262 487 308 513
D00 0.0215 378 439 417 523
D00 0.0212 282 468 306 514
D00 0.0209 264 420 286 468
D00 0.0208 22 481 88 519
D00 0.0206 266 443 306 520
D00 0.0205 29 478 83 505
D00 0.0201 29 469 83 496
D00 0.0200 386 462 409 518
D00 0.0197 141 474 166 520
D00 0.0195 2 483 87 539
D00 0.0194 57 432 168 490
D00 0.0194 556 561 597 597
D00 0.0193 544 534 600 600
D00 0.0190 519 512 595 592
D00 0.0183 331 396 370 472
D00 0.0181 9 465 136 517
D00 0.0178 328 397 356 439
D00 0.0175 118 472 156 509
D00 0.0174 88 419 184 500
D00 0.0173 273 475 300 516
D00 0.0173 516 477 594 557
D00 0.0172 7 469 58 496
D00 0.0169 30 456 98 492
D00 0.0168 136 462 170 502
D00 0.0167 531 0 573 69
D00 0.0166 2 492 27 543
D00 0.0165 328 396 373 423
D00 0.0165 245 422 270 467
D00 0.0162 247 409 286 478
D00 0.0162 341 408 377 442
D00 0.0162 102 457 155 505
D00 0.0161 324 403 365 450
D00 0.0161 14 491 78 525
D00 0.0160 342 406 392 431
D00 0.0159 435 457 600 549
D00 0.0158 378 454 401 511
D00 0.0156 122 426 184 484
D00 0.0156 265 407 286 450
D00 0.0154 41 453 109 509
D00 0.0152 131 448 160 500
D00 0.0152 0 425 42 475
D00 0.0151 2 474 55 571
D00 0.0151 3 456 46 487
D00 0.0146 93 424 175 469
D00 0.0145 331 426 352 480
D00 0.0144 112 415 193 461
D00 0.0143 1 395 131 461
D00 0.0143 46 465 90 499
D00 0.0143 255 408 278 450
D00 0.0142 256 420 294 513
D00 0.0141 123 488 167 514
D00 0.0141 128 433 180 459
D00 0.0140 18 446 89 484
D00 0.0139 284 444 322 520
D00 0.0138 369 426 409 508
D00 0.0138 139 455 183 509
D00 0.0138 255 469 303 514
D00 0.0133 339 426 361 480
D00 0.0133 119 442 171 466
D00 0.0133 323 409 359 493
D00 0.0132 454 493 592 572
D00 0.0132 150 464 174 515
D00 0.0131 109 441 164 488
D00 0.0130 84 450 169 497
D00 0.0129 43 441 130 487
D00 0.0129 0 392 66 422
D00 0.0128 291 467 314 514
D00 0.0128 251 427 282 500
D00 0.0127 549 502 598 556
D00 0.0127 321 390 365 429
D00 0.0126 131 478 174 506
D00 0.0126 37 460 81 517
D00 0.0125 393 464 418 519
D00 0.0125 0 487 35 517
D00 0.0125 274 458 314 512
D00 0.0125 235 417 280 458
D00 0.0124 265 475 325 512
D00 0.0123 572 542 598 596
D00 0.0122 536 0 565 47
D00 0.0121 386 455 426 533
D00 0.0120 255 415 295 459
D00 0.0120 135 444 172 481
D00 0.0120 94 467 176 512
D00 0.0119 243 424 289 449
D00 0.0119 322 411 346 460
D00 0.0118 148 401 210 432
D00 0.0117 312 396 358 419
D00 0.0117 137 441 186 465
D00 0.0117 332 394 388 443
D00 0.0117 140 417 201 471
D00 0.0116 81 447 154 480
D00 0.0116 537 562 584 596
D00 0.0116 132 406 209 449
D00 0.0116 51 460 144 504
D00 0.0116 244 432 289 458
D00 0.0116 13 418 147 550
D00 0.0115 563 502 600 587
D00 0.0115 144 431 180 496
D00 0.0115 0 320 142 556
D00 0.0114 119 450 169 475
D00 0.0114 240 413 274 443
D00 0.0114 107 448 198 505
D00 0.0113 113 465 141 511
D00 0.0113 0 468 36 495
D00 0.0112 146 433 195 457
D00 0.0112 236 429 279 517
D00 0.0111 23 475 59 521
D00 0.0111 536 461 600 542
D00 0.0110 384 451 549 537
D00 0.0109 0 397 54 463
D00 0.0109 75 406 223 485
D00 0.0109 273 420 295 468
D00 0.0109 347 418 372 470
D00 0.0109 138 423 189 450
D00 0.0108 0 0 72 134
D00 0.0107 527 0 600 114
D00 0.0107 311 387 356 412
D00 0.0107 273 406 295 448
D00 0.0107 49 478 103 505
D00 0.0107 231 420 265 452
D00 0.0107 332 421 372 448
D00 0.0106 477 468 588 530
D00 0.0106 63 425 149 470
D00 0.0106 72 456 145 490
D00 0.0105 8 438 47 483
D00 0.0105 315 397 354 471
D00 0.0105 0 55 35 134
D00 0.0105 340 412 390 506
D00 0.0103 352 413 414 529
D00 0.0103 139 394 205 423
D00 0.0103 367 423 487 527
D00 0.0103 164 397 213 421
D00 0.0103 264 458 290 510
D00 0.0103 43 397 181 457
D00 0.0103 411 421 587 529
D00 0.0103 48 461 105 486
D00 0.0102 112 400 197 517
D00 0.0102 31 426 121 470
D00 0.0102 155 413 206 439
D00 0.0102 264 436 287 493
D00 0.0102 243 416 290 438
D00 0.0101 26 443 75 504
D00 0.0101 483 301 517 391
D00 0.0101 489 313 513 373
D00 0.0101 496 0 600 161
D00 0.0100 260 402 290 432
D00 0.0100 0 404 49 426
D00 0.0100 95 407 177 451
D00 0.0100 318 400 352 431
D10 0.0355 2 442 51 469
D10 0.0262 2 432 67 467
D10 0.0191 539 565 594 595
D10 0.0169 253 488 305 513
D10 0.0162 0 434 41 460
D10 0.0145 3 419 94 462
D10 0.0141 15 434 81 458
D10 0.0136 234 478 320 516
D10 0.0115 462 526 585 582
D10 0.0112 552 554 595 581
D10 0.0109 250 0 600 222
D10 0.0106 7 506 54 530
D10 0.0104 552 544 595 565
D10 0.0102 0 0 65 28
D10 0.0102 5 424 60 448
D20 0.0773 0 429 93 522
D20 0.0577 0 424 155 503
D20 0.0552 0 436 64 498
D20 0.0391 530 570 599 600
D20 0.0296 467 540 600 600
D20 0.0275 1 444 43 484
D20 0.0273 0 412 230 526
D20 0.0265 0 443 177 548
D20 0.0259 0 428 81 474
D20 0.0228 0 429 50 546
D20 0.0228 437 506 600 592
D20 0.0212 551 542 600 600
D20 0.0199 491 559 592 598
D20 0.0189 34 458 486 600
D20 0.0186 566 568 600 600
D20 0.0175 0 0 305 136
D20 0.0165 0 380 127 552
D20 0.0165 2 473 121 542
D20 0.0158 0 418 30 493
D20 0.0157 412 451 589 568
D20 0.0155 524 523 600 600
D20 0.0155 0 0 147 218
D20 0.0155 0 376 60 515
D20 0.0153 0 465 54 525
D20 0.0147 0 0 408 294
D20 0.0147 167 0 600 294
D20 0.0144 0 0 114 73
D20 0.0141 0 456 223 600
D20 0.0140 0 311 408 600
D20 0.0140 546 581 600 600
D20 0.0138 456 0 600 224
D20 0.0135 10 457 161 518
D20 0.0135 0 118 290 600
D20 0.0134 330 459 600 597
D20 0.0132 167 311 600 600
D20 0.0130 98 412 558 575
D20 0.0129 0 0 187 109
D20 0.0127 312 118 600 600
D20 0.0126 442 549 569 593
D20 0.0124 385 0 600 145
D20 0.0123 0 407 50 482
D20 0.0123 372 523 577 600
D20 0.0122 84 468 174 511
D20 0.0120 0 0 72 110
D20 0.0119 0 0 600 434
D20 0.0119 0 447 28 530
D20 0.0117 0 442 30 468
D20 0.0117 0 475 74 600
D20 0.0113 0 145 600 600
D20 0.0113 56 0 267 75
D20 0.0111 116 526 179 555
D20 0.0106 452 370 600 600
D20 0.0106 545 470 600 600
D20 0.0104 0 439 21 489
D20 0.0100 0 402 316 571
D20 0.0100 0 485 34 561
D40 0.0208 3 442 38 491
D40 0.0170 483 559 584 596
D40 0.0137 121 528 172 553
D40 0.0131 508 574 577 598
D40 0.0129 535 503 596 564
D40 0.0123 520 566 585 593
D40 0.0117 539 1 573 43
D40 0.0106 115 522 198 556
D40 0.0106 533 0 583 62
D40 0.0105 196 528 286 562
D40 0.0103 551 520 597 573
