D00 0.0265 462 449 501 536
D00 0.0224 2 506 28 552
D00 0.0215 469 464 495 524
D00 0.0211 0 0 62 135
D00 0.0185 0 44 39 135
D00 0.0175 0 485 36 557
D00 0.0174 179 453 203 497
D00 0.0169 449 427 512 538
D00 0.0163 462 457 488 515
D00 0.0163 0 442 53 504
D00 0.0153 470 449 494 502
D00 0.0150 169 458 214 502
D00 0.0150 166 457 200 491
D00 0.0149 61 423 150 462
D00 0.0146 84 417 162 447
D00 0.0145 63 461 117 485
D00 0.0145 0 0 34 82
D00 0.0141 47 449 115 499
D00 0.0141 2 516 46 546
D00 0.0138 447 478 514 545
D00 0.0136 454 476 497 526
D00 0.0135 55 451 126 480
D00 0.0133 477 476 504 529
D00 0.0132 34 459 108 489
D00 0.0130 110 400 232 440
D00 0.0129 55 434 141 473
D00 0.0129 1 60 26 120
D00 0.0129 4 422 84 529
D00 0.0128 188 452 212 498
D00 0.0127 159 469 209 495
D00 0.0126 0 453 85 496
D00 0.0124 0 418 45 486
D00 0.0124 25 436 96 491
D00 0.0123 470 435 496 482
D00 0.0122 0 449 36 530
D00 0.0121 152 402 223 430
D00 0.0120 478 452 520 538
D00 0.0119 178 448 243 502
D00 0.0118 76 432 137 455
D00 0.0118 378 452 418 525
D00 0.0117 459 455 528 562
D00 0.0117 0 508 36 536
D00 0.0117 0 524 35 551
D00 0.0116 79 440 154 469
D00 0.0116 386 465 411 515
D00 0.0116 175 469 227 496
D00 0.0115 78 453 137 475
D00 0.0115 62 463 98 498
D00 0.0114 153 390 244 423
D00 0.0113 0 33 29 108
D00 0.0111 0 502 70 545
D00 0.0111 568 383 600 420
D00 0.0110 0 454 31 491
D00 0.0109 0 447 65 480
D00 0.0109 0 494 30 530
D00 0.0109 140 412 199 436
D00 0.0109 1 465 56 558
D00 0.0109 75 453 103 493
D00 0.0108 108 405 176 455
D00 0.0107 160 398 218 419
D00 0.0106 272 402 335 432
D00 0.0106 1 414 27 458
D00 0.0105 69 443 127 466
D00 0.0104 469 421 520 517
D00 0.0104 445 453 490 531
D00 0.0103 162 442 204 508
D00 0.0103 40 454 100 475
D00 0.0103 0 429 28 476
D00 0.0102 325 405 376 429
D00 0.0101 96 392 161 432
D00 0.0101 240 434 293 457
D00 0.0101 69 445 164 481
D00 0.0100 97 417 169 468
D10 0.0200 443 500 497 523
D10 0.0164 426 491 516 529
D10 0.0134 0 457 66 490
D10 0.0118 454 487 495 520
D10 0.0115 134 0 331 67
D10 0.0114 0 468 47 495
D10 0.0113 0 461 88 504
D10 0.0104 183 0 322 42
D10 0.0100 219 0 414 67
D10 0.0100 79 461 136 484
D20 0.0760 0 392 176 456
D20 0.0433 16 412 122 450
D20 0.0339 65 402 162 440
D20 0.0318 40 382 188 438
D20 0.0309 0 420 162 484
D20 0.0302 48 416 179 459
D20 0.0261 81 392 173 433
D20 0.0239 0 409 80 452
D20 0.0225 8 380 130 437
D20 0.0196 37 0 456 130
D20 0.0174 0 433 140 514
D20 0.0166 0 354 171 430
D20 0.0165 459 472 506 542
D20 0.0165 46 460 475 600
D20 0.0164 0 0 225 146
D20 0.0144 369 0 600 144
D20 0.0144 0 0 408 294
D20 0.0142 167 0 600 294
D20 0.0138 0 372 101 468
D20 0.0136 0 311 408 600
D20 0.0134 0 457 224 600
D20 0.0133 54 433 175 479
D20 0.0133 0 379 244 474
D20 0.0132 96 396 242 442
D20 0.0131 61 406 230 465
D20 0.0131 0 118 290 600
D20 0.0130 203 459 600 600
D20 0.0129 167 311 600 600
D20 0.0127 454 0 600 217
D20 0.0126 42 405 122 437
D20 0.0125 312 118 600 600
D20 0.0124 60 0 352 91
D20 0.0122 0 404 96 507
D20 0.0121 0 509 68 550
D20 0.0120 0 0 114 73
D20 0.0119 116 379 265 425
D20 0.0118 4 415 63 443
D20 0.0116 0 0 600 434
D20 0.0116 463 430 501 503
D20 0.0115 445 470 592 557
D20 0.0115 0 405 207 518
D20 0.0112 10 449 115 500
D20 0.0111 0 0 71 110
D20 0.0111 170 0 458 90
D20 0.0110 359 457 526 531
D20 0.0110 12 404 89 435
D20 0.0110 0 145 600 600
D20 0.0109 34 0 242 77
D20 0.0108 475 472 519 548
D20 0.0107 425 481 539 545
D20 0.0107 0 404 46 467
D20 0.0105 436 477 511 527
D20 0.0103 385 0 600 300
D20 0.0103 0 453 102 563
D20 0.0102 0 375 146 600
D20 0.0102 422 414 600 600
D20 0.0101 0 0 106 150
D40 0.0918 12 428 88 455
D40 0.0859 13 418 120 452
D40 0.0718 1 397 164 454
D40 0.0663 32 424 106 449
D40 0.0557 56 423 122 446
D40 0.0553 42 411 138 447
D40 0.0507 85 400 176 436
D40 0.0479 457 506 505 530
D40 0.0409 67 415 133 441
D40 0.0408 3 408 91 466
D40 0.0397 113 406 174 431
D40 0.0354 56 397 201 446
D40 0.0350 3 423 62 461
D40 0.0339 113 399 203 433
D40 0.0327 45 431 112 453
D40 0.0316 466 498 508 526
D40 0.0288 101 412 167 435
D40 0.0288 7 433 124 478
D40 0.0287 444 496 513 537
D40 0.0278 34 384 166 434
D40 0.0273 19 440 80 461
D40 0.0263 456 495 495 527
D40 0.0221 81 381 225 432
D40 0.0208 53 422 138 460
D40 0.0208 26 416 95 443
D40 0.0207 33 422 67 457
D40 0.0200 1 420 41 454
D40 0.0200 139 405 199 429
D40 0.0199 92 410 142 439
D40 0.0198 75 418 156 447
D40 0.0194 475 495 506 540
D40 0.0191 466 514 510 542
D40 0.0186 473 506 518 534
D40 0.0184 134 391 219 426
D40 0.0179 74 410 168 461
D40 0.0171 567 394 600 433
D40 0.0171 123 398 182 424
D40 0.0167 2 378 107 437
D40 0.0162 172 371 268 402
D40 0.0153 42 417 76 454
D40 0.0152 463 481 501 536
D40 0.0151 0 440 50 464
D40 0.0146 466 487 524 547
D40 0.0146 28 437 106 465
D40 0.0146 467 446 497 483
D40 0.0141 0 422 70 488
D40 0.0140 0 412 46 476
D40 0.0132 54 416 87 452
D40 0.0132 129 412 191 435
D40 0.0128 65 415 97 451
D40 0.0126 0 435 32 470
D40 0.0126 151 398 208 420
D40 0.0121 62 407 123 433
D40 0.0120 154 363 250 397
D40 0.0118 42 406 100 461
D40 0.0115 180 380 278 410
D40 0.0115 75 426 121 457
D40 0.0114 0 352 190 442
D40 0.0114 127 380 211 417
D40 0.0111 19 413 66 447
D40 0.0110 177 378 246 399
D40 0.0109 516 546 600 589
D40 0.0108 129 399 161 435
D40 0.0108 133 405 219 440
D40 0.0108 53 356 219 423
D40 0.0107 0 363 234 483
D40 0.0107 96 397 161 424
D40 0.0105 103 381 185 422
D40 0.0105 447 502 487 531
D40 0.0104 80 414 115 450
D40 0.0104 452 505 546 557
D40 0.0104 460 455 491 491
D40 0.0103 204 378 270 399
D40 0.0102 485 487 513 537
D40 0.0102 187 369 254 393
D40 0.0101 69 393 139 454
D40 0.0100 445 486 593 570
