D00 0.0353 0 454 65 511
D00 0.0221 530 561 600 594
D00 0.0221 12 473 78 509
D00 0.0220 3 482 62 517
D00 0.0208 0 435 57 495
D00 0.0206 229 424 268 501
D00 0.0205 4 451 111 503
D00 0.0201 236 437 260 490
D00 0.0195 2 471 43 510
D00 0.0191 0 430 127 492
D00 0.0190 4 469 58 497
D00 0.0184 547 574 600 597
D00 0.0182 373 432 423 459
D00 0.0181 21 488 73 512
D00 0.0175 331 410 446 510
D00 0.0170 354 422 422 453
D00 0.0170 514 570 589 600
D00 0.0168 368 425 429 481
D00 0.0166 0 476 52 539
D00 0.0165 337 416 437 465
D00 0.0160 1 457 44 492
D00 0.0159 236 437 277 519
D00 0.0159 244 437 268 490
D00 0.0158 0 459 30 507
D00 0.0158 219 436 259 520
D00 0.0157 550 325 584 398
D00 0.0154 375 437 442 471
D00 0.0149 0 439 98 532
D00 0.0146 131 406 213 448
D00 0.0145 343 415 396 439
D00 0.0145 357 428 482 494
D00 0.0144 560 334 592 402
D00 0.0144 228 438 251 490
D00 0.0143 495 557 588 596
D00 0.0140 9 458 79 490
D00 0.0139 368 449 409 532
D00 0.0138 31 460 83 504
D00 0.0137 0 480 33 519
D00 0.0131 0 0 58 108
D00 0.0131 1 450 76 481
D00 0.0130 353 418 413 502
D00 0.0130 82 428 147 460
D00 0.0129 364 437 439 514
D00 0.0129 7 498 55 521
D00 0.0128 393 448 457 481
D00 0.0128 63 418 173 464
D00 0.0126 130 402 197 433
D00 0.0125 141 415 205 472
D00 0.0124 3 492 41 526
D00 0.0124 512 565 571 590
D00 0.0123 344 423 398 447
D00 0.0123 145 414 199 439
D00 0.0123 38 435 155 481
D00 0.0123 428 545 476 570
D00 0.0122 377 473 401 526
D00 0.0122 9 415 151 472
D00 0.0122 235 431 278 481
D00 0.0122 0 405 46 484
D00 0.0122 323 406 417 482
D00 0.0121 244 424 285 501
D00 0.0121 220 408 261 486
D00 0.0118 88 420 158 453
D00 0.0117 375 444 504 514
D00 0.0116 568 550 600 586
D00 0.0116 380 425 433 448
D00 0.0116 41 479 92 505
D00 0.0116 102 399 187 438
D00 0.0115 79 433 168 472
D00 0.0115 157 407 222 461
D00 0.0115 425 455 463 492
D00 0.0115 330 409 411 447
D00 0.0115 384 425 413 468
D00 0.0114 245 455 269 507
D00 0.0114 354 432 408 457
D00 0.0114 0 446 35 482
D00 0.0113 80 441 135 465
D00 0.0112 500 508 600 590
D00 0.0112 370 435 409 471
D00 0.0110 429 460 477 505
D00 0.0110 450 481 585 551
D00 0.0110 234 455 263 519
D00 0.0110 92 444 160 500
D00 0.0110 3 411 84 479
D00 0.0110 210 424 252 502
D00 0.0110 122 434 185 492
D00 0.0109 432 475 491 510
D00 0.0109 163 414 216 439
D00 0.0108 440 466 499 521
D00 0.0108 360 417 416 439
D00 0.0108 154 423 208 448
D00 0.0107 502 574 561 597
D00 0.0107 550 536 599 582
D00 0.0106 573 344 598 396
D00 0.0106 521 547 580 590
D00 0.0106 23 467 58 512
D00 0.0105 110 414 194 457
D00 0.0104 339 425 393 518
D00 0.0104 0 0 42 70
D00 0.0104 568 459 600 520
D00 0.0103 89 411 220 469
D00 0.0103 153 405 207 430
D00 0.0103 501 468 598 563
D00 0.0103 420 469 469 495
D00 0.0102 349 430 465 539
D00 0.0102 385 475 409 527
D00 0.0102 398 443 451 469
D00 0.0100 82 447 151 477
D00 0.0100 2 4 27 59
D00 0.0100 395 460 525 531
D10 0.0168 0 452 51 477
D10 0.0158 1 461 51 487
D10 0.0148 0 433 78 479
D10 0.0147 538 556 596 581
D10 0.0146 0 442 50 468
D10 0.0117 11 430 89 462
D10 0.0106 21 440 95 469
D10 0.0106 0 432 49 459
D10 0.0103 235 442 280 467
D20 0.0270 522 557 600 596
D20 0.0194 0 424 141 497
D20 0.0188 554 317 596 403
D20 0.0178 0 0 408 294
D20 0.0177 167 0 600 294
D20 0.0177 547 564 599 591
D20 0.0174 0 311 408 600
D20 0.0170 0 0 234 148
D20 0.0167 167 311 600 600
D20 0.0167 0 118 290 600
D20 0.0160 312 118 600 600
D20 0.0150 470 539 599 597
D20 0.0148 0 0 152 227
D20 0.0146 0 0 600 434
D20 0.0146 437 472 598 559
D20 0.0146 558 573 600 597
D20 0.0142 0 145 600 600
D20 0.0140 57 460 474 600
D20 0.0131 523 536 600 581
D20 0.0127 551 533 600 600
D20 0.0126 373 456 600 600
D20 0.0124 0 457 225 600
D20 0.0123 439 510 600 586
D20 0.0121 454 0 600 228
D20 0.0120 0 451 129 526
D20 0.0118 0 0 73 116
D20 0.0115 0 0 113 71
D20 0.0115 432 440 600 525
D20 0.0114 363 0 600 146
D20 0.0113 0 70 262 298
D20 0.0110 6 526 55 551
D20 0.0110 560 555 600 581
D20 0.0109 381 0 600 315
D20 0.0108 363 451 522 536
D20 0.0105 452 367 600 600
D20 0.0105 553 459 600 535
D20 0.0102 0 0 35 78
D20 0.0101 471 507 553 546
D20 0.0100 0 451 57 505
D20 0.0100 68 0 306 240
D40 0.0236 551 468 599 493
D40 0.0181 539 463 595 487
D40 0.0178 530 461 600 501
D40 0.0142 568 458 600 492
D40 0.0139 3 143 325 338
D40 0.0122 3 37 197 342
D40 0.0122 561 462 593 502
D40 0.0118 282 228 339 290
D40 0.0118 568 471 600 508
D40 0.0112 449 438 600 526
D40 0.0111 501 450 594 505
D40 0.0103 552 476 598 503
