D00 0.0610 52 409 179 475
D00 0.0584 71 394 191 454
D00 0.0552 100 390 187 430
D00 0.0542 13 417 174 500
D00 0.0542 89 402 167 433
D00 0.0502 5 396 169 451
D00 0.0480 110 450 160 475
D00 0.0475 67 431 168 487
D00 0.0464 120 442 169 469
D00 0.0450 99 413 196 468
D00 0.0433 120 398 199 440
D00 0.0427 113 396 178 420
D00 0.0418 107 433 181 477
D00 0.0403 116 384 187 415
D00 0.0364 22 381 183 434
D00 0.0359 115 405 178 428
D00 0.0358 0 408 122 471
D00 0.0357 8 440 137 512
D00 0.0348 123 427 184 464
D00 0.0343 45 448 153 503
D00 0.0337 56 473 118 510
D00 0.0334 0 412 73 457
D00 0.0330 103 440 164 495
D00 0.0324 81 382 173 421
D00 0.0323 51 399 147 436
D00 0.0313 5 393 71 423
D00 0.0310 133 394 205 423
D00 0.0308 14 401 79 435
D00 0.0304 101 409 175 441
D00 0.0298 88 397 151 423
D00 0.0297 129 418 191 453
D00 0.0285 71 459 124 505
D00 0.0280 84 449 153 479
D00 0.0279 76 414 215 491
D00 0.0277 143 402 210 433
D00 0.0272 14 385 79 414
D00 0.0266 88 413 150 435
D00 0.0258 114 408 165 480
D00 0.0256 38 454 108 512
D00 0.0255 125 452 163 488
D00 0.0250 134 414 190 439
D00 0.0247 4 429 107 488
D00 0.0245 69 406 135 431
D00 0.0244 61 487 111 513
D00 0.0238 110 375 180 405
D00 0.0236 102 422 158 471
D00 0.0235 122 435 152 477
D00 0.0235 85 404 154 466
D00 0.0232 99 458 152 484
D00 0.0225 74 456 140 490
D00 0.0225 15 406 111 444
D00 0.0225 411 452 585 541
D00 0.0222 370 418 486 538
D00 0.0222 163 396 213 420
D00 0.0221 17 391 109 428
D00 0.0221 140 387 200 410
D00 0.0221 7 422 63 450
D00 0.0218 0 422 66 483
D00 0.0217 95 387 160 411
D00 0.0216 0 391 62 448
D00 0.0213 113 391 217 458
D00 0.0212 25 396 84 420
D00 0.0211 0 387 53 411
D00 0.0210 79 468 131 496
D00 0.0208 38 483 103 516
D00 0.0206 23 413 84 438
D00 0.0205 114 433 164 461
D00 0.0200 78 478 129 505
D00 0.0191 403 433 513 532
D00 0.0190 32 406 97 430
D00 0.0190 0 431 53 457
D00 0.0190 72 373 212 440
D00 0.0188 106 424 196 510
D00 0.0187 124 445 190 478
D00 0.0185 0 396 101 516
D00 0.0185 15 468 122 517
D00 0.0185 131 378 191 401
D00 0.0184 0 441 68 506
D00 0.0184 171 404 220 429
D00 0.0182 127 432 175 503
D00 0.0181 95 417 163 453
D00 0.0178 81 376 156 402
D00 0.0177 363 402 582 543
D00 0.0176 4 404 55 429
D00 0.0176 128 423 162 469
D00 0.0173 397 465 489 530
D00 0.0173 92 445 149 469
D00 0.0172 141 406 209 460
D00 0.0172 59 465 103 501
D00 0.0172 48 457 117 492
D00 0.0170 0 374 103 446
D00 0.0170 139 431 194 458
D00 0.0169 164 388 213 411
D00 0.0168 130 528 183 551
D00 0.0167 6 377 73 406
D00 0.0166 350 449 544 560
D00 0.0165 422 467 532 528
D00 0.0164 115 429 215 483
D00 0.0161 5 409 47 446
D00 0.0160 57 380 140 418
D00 0.0158 124 373 209 408
D00 0.0158 159 413 213 437
D00 0.0157 73 407 169 523
D00 0.0156 181 393 219 423
D00 0.0155 384 437 465 522
D00 0.0155 131 436 199 470
D00 0.0155 0 395 43 418
D00 0.0153 0 448 183 554
D00 0.0151 148 422 204 448
D00 0.0150 0 377 60 425
D00 0.0150 90 464 139 510
D00 0.0149 118 445 155 506
D00 0.0147 427 422 597 514
D00 0.0147 413 483 463 536
D00 0.0146 81 466 113 510
D00 0.0146 26 392 209 532
D00 0.0146 111 443 143 483
D00 0.0146 245 421 270 469
D00 0.0145 332 416 450 532
D00 0.0144 403 485 592 586
D00 0.0144 0 468 77 515
D00 0.0144 447 549 482 586
D00 0.0144 55 412 144 455
D00 0.0142 479 441 600 548
D00 0.0142 147 382 219 418
D00 0.0141 237 428 260 480
D00 0.0140 125 399 170 458
D00 0.0140 0 440 51 464
D00 0.0139 135 440 168 483
D00 0.0139 381 465 441 536
D00 0.0139 36 387 96 409
D00 0.0138 47 418 120 500
D00 0.0138 107 461 145 498
D00 0.0137 55 414 126 435
D00 0.0137 249 419 282 453
D00 0.0137 455 468 577 526
D00 0.0136 0 420 43 466
D00 0.0135 57 449 127 482
D00 0.0133 410 485 506 540
D00 0.0133 533 261 600 428
D00 0.0132 71 378 130 399
D00 0.0131 81 454 159 520
D00 0.0130 111 367 178 394
D00 0.0130 0 378 51 402
D00 0.0129 382 554 433 580
D00 0.0129 0 0 66 133
D00 0.0129 153 405 231 445
D00 0.0127 97 404 260 475
D00 0.0126 44 397 111 421
D00 0.0126 20 429 79 480
D00 0.0124 246 436 269 487
D00 0.0123 71 386 132 409
D00 0.0123 183 388 229 410
D00 0.0123 132 416 188 484
D00 0.0122 437 450 559 513
D00 0.0121 0 399 35 435
D00 0.0121 30 379 84 402
D00 0.0120 122 412 153 463
D00 0.0120 17 465 89 501
D00 0.0120 97 387 157 450
D00 0.0119 96 445 137 498
D00 0.0119 24 374 112 408
D00 0.0119 439 486 554 538
D00 0.0117 0 44 34 130
D00 0.0116 411 0 596 229
D00 0.0116 112 528 166 549
D00 0.0115 72 474 104 515
D00 0.0113 17 431 76 455
D00 0.0113 33 441 91 490
D00 0.0113 519 555 600 599
D00 0.0113 228 437 250 488
D00 0.0112 230 414 267 492
D00 0.0112 78 393 126 425
D00 0.0111 437 541 492 594
D00 0.0111 96 370 158 391
D00 0.0111 6 435 89 539
D00 0.0111 565 276 600 367
D00 0.0111 0 445 56 480
D00 0.0110 376 548 460 590
D00 0.0109 366 421 446 501
D00 0.0109 0 431 38 512
D00 0.0109 242 412 274 445
D00 0.0108 180 408 220 441
D00 0.0108 189 401 227 432
D00 0.0108 0 383 34 416
D00 0.0108 54 453 258 554
D00 0.0108 167 385 224 430
D00 0.0108 74 368 143 395
D00 0.0107 115 454 174 514
D00 0.0107 137 440 200 500
D00 0.0107 91 452 123 495
D00 0.0107 99 398 133 438
D00 0.0106 413 551 478 584
D00 0.0106 52 497 103 519
D00 0.0105 401 466 454 522
D00 0.0105 514 0 600 133
D00 0.0104 24 379 148 489
D00 0.0104 0 0 42 82
D00 0.0104 531 212 600 358
D00 0.0104 134 461 171 499
D00 0.0103 509 461 596 532
D00 0.0103 252 424 298 448
D00 0.0103 315 466 348 499
D00 0.0103 23 393 95 463
D00 0.0103 391 429 491 488
D00 0.0103 239 404 278 472
D00 0.0103 25 488 80 515
D00 0.0103 6 455 79 491
D00 0.0102 422 491 485 532
D00 0.0102 67 440 138 473
D00 0.0102 555 235 596 317
D00 0.0101 120 397 153 439
D00 0.0101 41 473 84 510
D00 0.0101 25 444 81 519
D00 0.0101 453 176 600 454
D00 0.0100 159 426 201 461
D00 0.0100 351 438 424 517
D00 0.0100 449 486 499 535
D10 0.0124 563 290 600 314
D10 0.0119 308 471 357 495
D10 0.0116 73 0 274 93
D10 0.0109 299 479 348 502
D10 0.0102 290 0 600 185
D10 0.0100 315 479 366 502
D10 0.0100 289 471 341 493
D20 0.0329 3 405 76 451
D20 0.0255 0 0 316 129
D20 0.0190 67 0 452 146
D20 0.0181 372 0 600 146
D20 0.0160 0 0 408 294
D20 0.0157 167 0 600 294
D20 0.0156 453 0 600 217
D20 0.0155 0 0 118 73
D20 0.0154 0 311 408 600
D20 0.0152 70 373 150 407
D20 0.0148 0 0 178 177
D20 0.0148 0 118 290 600
D20 0.0145 167 311 600 600
D20 0.0145 28 0 238 77
D20 0.0140 312 118 600 600
D20 0.0139 131 525 199 553
D20 0.0130 0 0 600 434
D20 0.0129 262 0 549 177
D20 0.0128 0 457 223 600
D20 0.0125 0 145 600 600
D20 0.0124 81 365 170 399
D20 0.0123 386 0 600 299
D20 0.0121 374 455 600 600
D20 0.0119 47 458 481 600
D20 0.0117 90 0 387 90
D20 0.0117 0 0 72 108
D20 0.0116 563 355 600 439
D20 0.0110 0 354 182 425
D20 0.0109 277 538 457 600
D20 0.0108 0 521 84 559
D20 0.0105 529 0 600 113
D20 0.0104 452 366 600 600
D20 0.0103 183 0 508 112
D20 0.0101 0 370 116 446
D20 0.0100 253 0 452 73
D40 0.0443 5 404 77 449
D40 0.0252 16 413 76 440
D40 0.0236 14 405 72 431
D40 0.0189 568 396 600 434
D40 0.0164 136 528 192 551
D40 0.0154 562 412 600 436
D40 0.0137 547 381 600 437
D40 0.0126 130 522 217 554
D40 0.0119 436 531 600 600
D40 0.0114 569 415 600 449
D40 0.0113 445 548 522 588
D40 0.0110 456 554 507 581
D40 0.0102 481 547 589 595
