D00 0.0662 259 432 306 479
D00 0.0614 361 444 396 482
D00 0.0590 275 442 309 482
D00 0.0507 264 435 321 498
D00 0.0450 345 442 391 471
D00 0.0440 232 422 313 490
D00 0.0422 341 436 398 488
D00 0.0420 241 429 302 465
D00 0.0343 247 422 288 455
D00 0.0342 260 441 352 485
D00 0.0333 200 422 285 452
D00 0.0327 256 412 294 471
D00 0.0326 274 432 310 467
D00 0.0315 268 451 304 489
D00 0.0309 221 411 294 463
D00 0.0299 273 442 330 469
D00 0.0297 0 451 65 510
D00 0.0295 114 462 175 484
D00 0.0289 367 452 404 490
D00 0.0284 249 431 336 473
D00 0.0270 251 448 302 476
D00 0.0269 357 439 412 496
D00 0.0261 190 425 256 448
D00 0.0257 287 438 315 486
D00 0.0254 97 455 188 490
D00 0.0250 217 433 287 456
D00 0.0244 3 471 98 510
D00 0.0238 348 457 394 486
D00 0.0238 264 423 302 457
D00 0.0233 125 454 182 479
D00 0.0232 235 397 335 507
D00 0.0230 22 485 99 513
D00 0.0225 355 445 389 506
D00 0.0219 169 418 262 452
D00 0.0215 261 405 289 455
D00 0.0214 194 413 273 446
D00 0.0210 118 449 208 485
D00 0.0207 356 433 385 474
D00 0.0205 333 426 425 503
D00 0.0204 114 470 174 492
D00 0.0203 334 436 385 461
D00 0.0201 37 481 100 504
D00 0.0201 313 446 393 479
D00 0.0199 362 460 396 498
D00 0.0191 281 452 307 503
D00 0.0185 284 447 341 494
D00 0.0185 239 397 302 477
D00 0.0181 238 410 281 446
D00 0.0180 139 461 203 485
D00 0.0179 21 463 113 503
D00 0.0177 321 536 403 565
D00 0.0176 126 465 198 496
D00 0.0172 0 441 48 489
D00 0.0171 306 422 412 474
D00 0.0170 268 407 316 484
D00 0.0169 1 463 42 501
D00 0.0168 571 246 600 321
D00 0.0167 245 446 309 506
D00 0.0166 265 420 346 513
D00 0.0165 295 535 369 566
D00 0.0164 71 460 154 489
D00 0.0164 11 479 73 506
D00 0.0160 113 419 253 469
D00 0.0160 375 446 413 483
D00 0.0160 261 457 352 503
D00 0.0159 108 446 166 485
D00 0.0158 276 459 328 485
D00 0.0157 95 520 118 564
D00 0.0156 49 469 130 497
D00 0.0156 203 436 285 468
D00 0.0154 252 395 282 441
D00 0.0153 250 431 286 474
D00 0.0152 348 446 378 493
D00 0.0146 97 462 158 498
D00 0.0145 184 415 243 442
D00 0.0143 181 432 246 454
D00 0.0143 100 474 171 506
D00 0.0142 131 403 280 449
D00 0.0140 6 489 62 513
D00 0.0140 92 437 177 480
D00 0.0139 315 451 388 506
D00 0.0139 457 546 502 591
D00 0.0136 296 444 372 498
D00 0.0136 313 442 414 531
D00 0.0135 41 455 141 494
D00 0.0135 3 460 57 486
D00 0.0134 0 465 29 514
D00 0.0133 1 478 48 506
D00 0.0132 249 415 294 440
D00 0.0132 289 453 316 503
D00 0.0132 121 442 187 474
D00 0.0131 0 449 30 498
D00 0.0130 39 471 100 496
D00 0.0129 10 456 84 492
D00 0.0127 0 0 61 106
D00 0.0126 455 574 508 598
D00 0.0125 10 469 70 497
D00 0.0125 225 439 325 522
D00 0.0125 3 451 57 477
D00 0.0122 363 429 405 475
D00 0.0120 265 427 318 448
D00 0.0120 81 448 169 500
D00 0.0120 150 450 194 481
D00 0.0119 0 0 36 73
D00 0.0119 195 403 271 434
D00 0.0119 428 571 498 600
D00 0.0118 454 544 491 576
D00 0.0117 194 405 289 487
D00 0.0117 350 456 409 514
D00 0.0116 467 553 515 598
D00 0.0116 305 466 382 498
D00 0.0116 149 454 211 491
D00 0.0115 255 462 314 499
D00 0.0114 566 420 600 506
D00 0.0114 371 433 429 519
D00 0.0114 139 454 169 490
D00 0.0114 81 418 203 472
D00 0.0113 344 463 382 498
D00 0.0112 214 442 290 497
D00 0.0112 264 411 301 446
D00 0.0111 0 477 67 519
D00 0.0111 83 524 115 558
D00 0.0111 428 554 510 596
D00 0.0110 445 562 496 591
D00 0.0110 478 546 504 593
D00 0.0110 149 466 230 497
D00 0.0110 338 436 368 476
D00 0.0109 290 419 362 491
D00 0.0109 0 439 73 471
D00 0.0109 370 455 420 502
D00 0.0108 0 49 138 341
D00 0.0108 358 465 384 510
D00 0.0107 185 426 262 476
D00 0.0107 512 568 585 600
D00 0.0107 60 472 116 507
D00 0.0107 212 397 274 418
D00 0.0106 130 460 160 498
D00 0.0106 89 453 152 479
D00 0.0106 540 240 600 369
D00 0.0105 327 430 380 494
D00 0.0105 574 276 598 330
D00 0.0105 474 573 528 599
D00 0.0104 41 475 113 518
D00 0.0104 120 449 170 510
D00 0.0104 72 466 145 511
D00 0.0103 321 439 365 470
D00 0.0103 86 467 131 495
D00 0.0103 338 433 460 543
D00 0.0103 21 444 110 488
D00 0.0102 296 440 327 485
D00 0.0102 275 421 330 463
D00 0.0102 248 452 293 488
D00 0.0101 9 424 74 501
D00 0.0101 32 494 106 521
D00 0.0101 60 462 120 487
D00 0.0101 353 410 446 490
D00 0.0101 126 478 181 504
D00 0.0101 68 467 109 497
D00 0.0100 232 417 267 457
D00 0.0100 485 569 556 600
D00 0.0100 401 573 479 600
D10 0.0281 89 467 165 494
D10 0.0270 510 552 588 583
D10 0.0243 516 543 596 574
D10 0.0214 502 556 565 579
D10 0.0214 77 472 144 493
D10 0.0183 289 434 377 461
D10 0.0177 509 563 572 588
D10 0.0172 47 489 108 512
D10 0.0170 48 477 128 505
D10 0.0165 88 479 148 503
D10 0.0154 309 443 379 466
D10 0.0145 545 545 597 569
D10 0.0143 525 532 598 565
D10 0.0137 546 554 597 580
D10 0.0133 527 559 597 593
D10 0.0132 294 507 443 565
D10 0.0123 2 442 57 468
D10 0.0121 2 434 58 458
D10 0.0117 68 489 126 511
D10 0.0114 276 514 390 560
D10 0.0111 413 0 600 112
D10 0.0109 305 476 381 506
D10 0.0104 333 489 387 512
D10 0.0102 334 479 386 503
D10 0.0102 262 468 308 495
D10 0.0101 282 424 365 452
D10 0.0100 261 480 310 504
D20 0.0902 232 427 411 498
D20 0.0804 140 419 326 491
D20 0.0577 218 414 360 482
D20 0.0567 103 408 385 514
D20 0.0483 197 415 313 472
D20 0.0462 150 396 320 469
D20 0.0421 22 387 351 489
D20 0.0417 101 437 305 503
D20 0.0370 241 395 290 416
D20 0.0367 258 427 350 492
D20 0.0363 203 407 289 451
D20 0.0358 205 437 341 503
D20 0.0355 301 437 402 475
D20 0.0348 190 391 412 485
D20 0.0335 0 428 183 497
D20 0.0332 282 446 401 501
D20 0.0311 13 424 287 512
D20 0.0307 234 398 292 459
D20 0.0304 65 392 477 559
D20 0.0295 142 367 458 503
D20 0.0295 197 408 476 523
D20 0.0293 0 448 141 506
D20 0.0279 269 431 379 466
D20 0.0276 184 425 286 460
D20 0.0272 87 448 237 500
D20 0.0269 272 443 374 484
D20 0.0264 341 446 415 493
D20 0.0262 255 395 309 416
D20 0.0256 81 455 173 491
D20 0.0251 503 548 596 587
D20 0.0241 125 455 217 490
D20 0.0239 259 444 421 528
D20 0.0232 466 539 599 596
D20 0.0231 144 431 412 553
D20 0.0230 227 390 300 426
D20 0.0227 250 389 299 411
D20 0.0221 101 417 271 475
D20 0.0213 311 432 440 495
D20 0.0210 28 437 334 551
D20 0.0207 496 528 598 581
D20 0.0207 80 438 205 487
D20 0.0206 432 517 600 587
D20 0.0201 0 435 54 495
D20 0.0201 0 165 557 591
D20 0.0200 107 461 197 498
D20 0.0198 486 556 579 594
D20 0.0196 221 384 320 497
D20 0.0195 242 397 326 467
D20 0.0194 0 0 408 294
D20 0.0194 82 470 171 508
D20 0.0193 17 15 600 441
D20 0.0192 140 446 239 484
D20 0.0190 0 311 408 600
D20 0.0190 167 0 600 294
D20 0.0190 302 533 402 567
D20 0.0188 249 389 331 422
D20 0.0188 126 451 527 600
D20 0.0185 143 356 600 579
D20 0.0185 241 402 287 427
D20 0.0183 215 400 283 433
D20 0.0181 0 118 290 600
D20 0.0176 168 426 272 487
D20 0.0175 312 118 600 600
D20 0.0174 250 394 295 441
D20 0.0171 208 308 564 518
D20 0.0169 279 519 464 581
D20 0.0168 3 470 126 515
D20 0.0168 139 462 239 500
D20 0.0168 50 465 153 499
D20 0.0160 0 0 228 145
D20 0.0160 195 441 291 483
D20 0.0158 257 421 350 462
D20 0.0157 439 549 558 593
D20 0.0156 0 455 246 600
D20 0.0154 281 421 383 456
D20 0.0153 208 424 558 565
D20 0.0151 268 458 362 503
D20 0.0149 45 415 197 478
D20 0.0149 367 0 600 145
D20 0.0148 479 540 572 579
D20 0.0148 242 411 300 446
D20 0.0148 0 334 367 467
D20 0.0148 0 413 140 478
D20 0.0145 392 536 568 600
D20 0.0144 449 0 600 228
D20 0.0143 263 389 319 410
D20 0.0141 191 375 347 458
D20 0.0141 157 454 261 493
D20 0.0140 6 394 192 462
D20 0.0137 538 538 600 594
D20 0.0135 244 455 323 503
D20 0.0134 0 0 112 73
D20 0.0132 252 390 282 428
D20 0.0132 485 483 600 582
D20 0.0131 286 212 516 552
D20 0.0131 0 0 147 218
D20 0.0131 154 434 250 473
D20 0.0130 528 0 600 114
D20 0.0130 355 456 433 502
D20 0.0129 361 455 600 600
D20 0.0129 265 452 500 554
D20 0.0129 167 381 310 442
D20 0.0128 256 398 345 435
D20 0.0128 205 395 280 422
D20 0.0127 519 536 577 599
D20 0.0126 493 0 600 159
D20 0.0126 512 563 600 600
D20 0.0125 0 418 79 502
D20 0.0124 379 0 600 315
D20 0.0122 296 471 391 508
D20 0.0122 253 496 420 571
D20 0.0120 29 457 205 521
D20 0.0120 309 493 543 584
D20 0.0119 485 0 600 70
D20 0.0119 466 565 558 600
D20 0.0119 259 415 358 545
D20 0.0119 0 427 72 469
D20 0.0118 260 397 385 476
D20 0.0118 290 436 357 475
D20 0.0117 89 244 473 535
D20 0.0116 93 356 336 450
D20 0.0116 106 460 252 516
D20 0.0114 228 454 362 518
D20 0.0114 509 519 600 563
D20 0.0113 0 0 73 108
D20 0.0113 311 540 466 594
D20 0.0112 280 413 372 498
D20 0.0111 183 407 298 518
D20 0.0111 441 530 556 580
D20 0.0110 156 457 311 516
D20 0.0110 202 460 297 502
D20 0.0110 266 409 361 447
D20 0.0109 77 0 472 148
D20 0.0109 294 421 399 546
D20 0.0107 477 554 552 583
D20 0.0107 178 335 428 467
D20 0.0107 252 468 340 510
D20 0.0106 271 396 330 417
D20 0.0105 298 419 530 520
D20 0.0105 88 401 181 434
D20 0.0103 49 481 144 516
D20 0.0103 7 0 388 104
D20 0.0103 452 361 600 600
D20 0.0102 0 370 151 600
D20 0.0102 27 0 234 75
D20 0.0100 552 511 600 582
D20 0.0100 256 403 307 426
D20 0.0100 0 0 43 71
D40 0.0454 225 430 308 475
D40 0.0313 344 533 431 566
D40 0.0296 228 433 292 457
D40 0.0292 240 439 299 468
D40 0.0279 400 540 489 575
D40 0.0251 357 543 418 566
D40 0.0222 425 547 483 570
D40 0.0220 420 550 488 581
D40 0.0200 289 440 378 469
D40 0.0196 313 517 499 582
D40 0.0195 226 446 311 493
D40 0.0194 340 538 404 562
D40 0.0187 286 537 343 562
D40 0.0183 242 449 300 476
D40 0.0177 273 532 358 567
D40 0.0175 368 537 466 572
D40 0.0174 389 530 482 566
D40 0.0172 313 536 408 570
D40 0.0154 477 519 567 555
D40 0.0154 505 529 596 570
D40 0.0148 497 544 572 574
D40 0.0147 374 538 439 561
D40 0.0143 294 6 354 70
D40 0.0142 401 506 481 549
D40 0.0140 404 556 492 595
D40 0.0139 483 518 539 541
D40 0.0137 471 509 554 546
D40 0.0135 484 527 541 548
D40 0.0135 438 544 497 575
D40 0.0133 351 541 497 595
D40 0.0132 354 503 491 566
D40 0.0132 516 552 562 583
D40 0.0130 214 445 292 478
D40 0.0124 391 523 524 583
D40 0.0124 511 537 572 560
D40 0.0122 414 538 475 561
D40 0.0121 326 514 447 560
D40 0.0120 524 538 589 578
D40 0.0117 257 17 345 65
D40 0.0117 395 546 462 567
D40 0.0113 0 83 59 153
D40 0.0113 501 527 561 550
D40 0.0111 436 563 490 590
D40 0.0111 533 551 581 583
D40 0.0109 418 516 469 542
D40 0.0109 1 438 42 473
D40 0.0109 316 20 350 62
D40 0.0106 470 517 519 540
D40 0.0105 347 542 426 583
D40 0.0105 487 533 561 562
D40 0.0103 0 61 96 166
D40 0.0103 254 533 324 564
D40 0.0102 0 205 478 474
D40 0.0102 315 0 363 77
D40 0.0100 242 459 299 485
D40 0.0100 408 522 475 554
