D00 0.1365 356 482 379 533
D00 0.0783 295 409 328 447
D00 0.0765 348 464 385 538
D00 0.0673 342 495 379 527
D00 0.0550 289 403 321 439
D00 0.0550 349 504 387 533
D00 0.0545 285 405 337 462
D00 0.0512 325 471 382 530
D00 0.0497 354 490 396 538
D00 0.0478 302 416 337 455
D00 0.0478 329 421 396 536
D00 0.0467 255 430 279 479
D00 0.0466 281 420 327 449
D00 0.0442 272 415 322 440
D00 0.0432 1 455 64 510
D00 0.0415 0 436 93 520
D00 0.0406 299 401 386 539
D00 0.0390 333 485 409 534
D00 0.0364 265 405 348 489
D00 0.0361 259 421 290 483
D00 0.0348 362 477 389 530
D00 0.0347 5 476 55 507
D00 0.0342 296 414 354 512
D00 0.0334 349 487 387 519
D00 0.0332 339 478 369 527
D00 0.0321 352 450 408 538
D00 0.0316 316 415 373 517
D00 0.0313 346 473 376 516
D00 0.0307 10 463 79 500
D00 0.0303 256 408 335 449
D00 0.0300 323 499 381 533
D00 0.0297 246 431 271 479
D00 0.0292 292 416 319 465
D00 0.0291 20 456 93 490
D00 0.0287 308 463 395 545
D00 0.0285 335 465 427 545
D00 0.0282 339 430 463 535
D00 0.0279 257 415 318 472
D00 0.0279 282 401 311 443
D00 0.0275 1 472 36 511
D00 0.0273 241 429 294 491
D00 0.0272 504 572 578 600
D00 0.0272 0 0 70 135
D00 0.0269 349 499 375 544
D00 0.0268 291 430 335 458
D00 0.0264 285 379 324 451
D00 0.0263 108 433 166 454
D00 0.0263 118 425 175 450
D00 0.0262 7 431 143 494
D00 0.0262 335 491 385 548
D00 0.0262 277 407 315 461
D00 0.0253 156 414 208 439
D00 0.0252 165 406 216 429
D00 0.0247 266 418 303 452
D00 0.0246 2 486 46 513
D00 0.0245 309 425 336 475
D00 0.0241 263 415 287 460
D00 0.0241 280 422 337 521
D00 0.0240 262 419 304 500
D00 0.0238 63 450 112 496
D00 0.0238 256 410 369 526
D00 0.0238 278 401 369 450
D00 0.0238 301 402 337 438
D00 0.0229 136 424 194 449
D00 0.0226 49 460 104 487
D00 0.0225 256 416 278 461
D00 0.0225 491 575 553 599
D00 0.0225 305 420 352 467
D00 0.0224 0 56 46 134
D00 0.0223 303 409 378 478
D00 0.0223 301 443 359 534
D00 0.0222 515 556 598 598
D00 0.0221 132 412 200 444
D00 0.0221 270 427 297 477
D00 0.0220 30 451 104 507
D00 0.0218 247 441 290 469
D00 0.0218 296 392 328 430
D00 0.0210 367 490 404 529
D00 0.0210 142 403 207 434
D00 0.0209 255 432 302 459
D00 0.0209 232 413 318 501
D00 0.0208 346 488 453 538
D00 0.0207 94 423 162 453
D00 0.0205 538 573 591 600
D00 0.0203 255 433 296 521
D00 0.0201 280 392 313 429
D00 0.0199 8 461 60 489
D00 0.0199 111 418 204 454
D00 0.0198 39 451 98 479
D00 0.0195 308 439 424 525
D00 0.0194 0 459 88 554
D00 0.0194 239 425 283 472
D00 0.0193 79 462 114 498
D00 0.0193 359 507 391 541
D00 0.0192 360 506 412 533
D00 0.0191 269 407 421 492
D00 0.0189 436 554 486 581
D00 0.0188 0 0 126 196
D00 0.0188 0 466 44 544
D00 0.0187 229 423 271 498
D00 0.0186 474 562 571 599
D00 0.0184 163 418 202 452
D00 0.0183 521 565 579 592
D00 0.0182 263 443 287 497
D00 0.0182 269 430 321 458
D00 0.0182 259 412 291 444
D00 0.0182 282 425 328 475
D00 0.0179 446 560 511 595
D00 0.0179 541 546 592 589
D00 0.0179 165 397 216 421
D00 0.0178 43 443 122 489
D00 0.0177 237 431 262 480
D00 0.0175 369 441 499 547
D00 0.0174 160 432 205 512
D00 0.0174 463 571 538 600
D00 0.0174 269 403 304 437
D00 0.0174 296 410 359 446
D00 0.0172 238 433 278 519
D00 0.0171 19 472 92 509
D00 0.0171 235 401 349 460
D00 0.0171 151 394 215 444
D00 0.0167 139 408 214 473
D00 0.0167 74 443 137 501
D00 0.0166 325 491 366 527
D00 0.0165 1 482 28 532
D00 0.0165 38 468 97 494
D00 0.0165 156 473 189 508
D00 0.0165 74 413 205 469
D00 0.0164 10 450 74 485
D00 0.0164 454 573 508 598
D00 0.0163 106 401 212 446
D00 0.0162 320 425 446 498
D00 0.0162 180 433 222 509
D00 0.0161 364 467 469 529
D00 0.0161 354 430 488 492
D00 0.0160 151 459 197 507
D00 0.0158 273 426 315 513
D00 0.0157 315 413 345 460
D00 0.0156 24 416 171 473
D00 0.0155 62 434 177 485
D00 0.0155 367 439 432 529
D00 0.0155 353 483 419 522
D00 0.0155 119 415 174 442
D00 0.0155 144 415 210 524
D00 0.0154 534 507 597 568
D00 0.0154 79 446 115 483
D00 0.0153 537 277 600 404
D00 0.0152 134 440 195 508
D00 0.0152 549 554 597 577
D00 0.0151 10 481 80 516
D00 0.0151 340 514 380 538
D00 0.0151 238 449 282 476
D00 0.0150 291 380 317 428
D00 0.0149 188 457 214 505
D00 0.0147 415 479 474 540
D00 0.0147 322 481 375 564
D00 0.0147 254 449 297 475
D00 0.0147 0 438 41 515
D00 0.0146 251 450 282 490
D00 0.0146 357 457 381 520
D00 0.0146 66 464 111 511
D00 0.0146 550 563 596 591
D00 0.0145 426 550 467 582
D00 0.0144 314 427 348 493
D00 0.0144 308 415 414 461
D00 0.0144 168 414 212 498
D00 0.0143 76 448 117 520
D00 0.0143 389 440 568 518
D00 0.0143 174 398 224 437
D00 0.0143 219 411 291 477
D00 0.0143 388 436 479 473
D00 0.0143 299 425 331 493
D00 0.0142 261 454 467 552
D00 0.0142 176 405 206 447
D00 0.0142 293 384 347 444
D00 0.0142 0 29 35 113
D00 0.0141 265 386 310 453
D00 0.0141 261 441 309 467
D00 0.0141 325 448 361 524
D00 0.0141 300 440 344 466
D00 0.0141 121 407 233 507
D00 0.0141 471 565 528 593
D00 0.0139 4 483 55 530
D00 0.0139 530 537 600 578
D00 0.0139 96 409 176 450
D00 0.0138 158 479 208 506
D00 0.0138 247 416 270 462
D00 0.0137 55 439 117 471
D00 0.0137 20 437 101 482
D00 0.0136 81 434 138 455
D00 0.0136 551 534 600 600
D00 0.0135 549 546 598 570
D00 0.0135 453 555 503 582
D00 0.0135 285 488 385 536
D00 0.0134 87 455 123 491
D00 0.0133 321 504 414 552
D00 0.0133 142 393 206 424
D00 0.0133 21 450 75 518
D00 0.0132 257 394 297 467
D00 0.0132 483 520 600 586
D00 0.0131 178 458 206 505
D00 0.0130 429 562 482 588
D00 0.0130 146 422 200 463
D00 0.0130 20 446 128 529
D00 0.0129 430 543 492 592
D00 0.0129 109 440 164 464
D00 0.0129 182 397 233 420
D00 0.0129 503 471 600 557
D00 0.0128 540 521 578 556
D00 0.0127 325 454 404 585
D00 0.0127 345 439 377 518
D00 0.0127 401 432 552 487
D00 0.0126 225 429 255 494
D00 0.0125 114 432 177 495
D00 0.0125 256 395 276 443
D00 0.0125 152 468 177 510
D00 0.0125 382 449 492 506
D00 0.0125 1 62 29 118
D00 0.0124 0 457 35 495
D00 0.0124 0 404 97 495
D00 0.0124 272 443 297 499
D00 0.0124 210 423 299 515
D00 0.0123 197 447 221 499
D00 0.0123 21 466 58 511
D00 0.0123 415 543 475 578
D00 0.0122 130 425 196 481
D00 0.0122 518 553 584 583
D00 0.0122 166 413 260 503
D00 0.0122 71 442 123 465
D00 0.0122 570 322 600 395
D00 0.0121 509 564 553 595
D00 0.0121 529 490 590 548
D00 0.0121 466 444 600 544
D00 0.0121 159 390 237 427
D00 0.0121 386 452 449 516
D00 0.0121 134 476 199 508
D00 0.0120 275 367 339 467
D00 0.0120 394 472 572 556
D00 0.0119 2 480 56 573
D00 0.0119 257 422 323 538
D00 0.0119 334 415 471 472
D00 0.0118 268 390 338 437
D00 0.0118 68 427 152 464
D00 0.0118 432 569 498 599
D00 0.0117 545 531 587 566
D00 0.0117 1 496 44 520
D00 0.0116 168 467 195 510
D00 0.0116 166 405 228 462
D00 0.0115 383 489 488 541
D00 0.0115 406 444 497 483
D00 0.0115 435 501 472 538
D00 0.0115 167 399 198 439
D00 0.0115 129 406 184 429
D00 0.0114 371 493 423 537
D00 0.0114 92 431 192 513
D00 0.0114 348 478 388 506
D00 0.0113 360 516 414 539
D00 0.0112 197 430 240 509
D00 0.0112 228 441 276 469
D00 0.0112 380 467 417 532
D00 0.0112 177 420 204 468
D00 0.0112 457 550 488 591
D00 0.0112 278 456 310 522
D00 0.0112 312 432 364 458
D00 0.0112 174 386 224 409
D00 0.0112 422 440 499 469
D00 0.0111 412 443 475 466
D00 0.0111 233 443 264 513
D00 0.0111 0 0 33 86
D00 0.0111 374 427 463 466
D00 0.0111 267 445 356 510
D00 0.0110 540 542 579 573
D00 0.0110 137 450 174 510
D00 0.0110 120 437 190 466
D00 0.0110 41 443 98 469
D00 0.0110 421 451 532 539
D00 0.0110 246 438 328 486
D00 0.0109 288 446 319 518
D00 0.0109 209 422 251 501
D00 0.0108 90 441 147 464
D00 0.0108 142 470 229 510
D00 0.0108 403 462 452 540
D00 0.0107 338 497 469 558
D00 0.0107 247 452 288 508
D00 0.0106 189 414 231 499
D00 0.0106 293 399 429 454
D00 0.0106 200 403 309 450
D00 0.0105 300 401 500 541
D00 0.0105 47 466 109 525
D00 0.0105 379 442 462 486
D00 0.0105 157 408 190 447
D00 0.0104 5 77 40 120
D00 0.0104 298 395 342 420
D00 0.0104 312 423 364 449
D00 0.0104 321 422 358 482
D00 0.0104 93 441 160 502
D00 0.0104 281 434 307 487
D00 0.0104 32 458 67 504
D00 0.0103 0 0 247 174
D00 0.0103 407 427 496 466
D00 0.0103 535 438 600 552
D00 0.0103 304 405 353 430
D00 0.0102 0 42 102 124
D00 0.0102 53 398 191 453
D00 0.0102 508 517 591 558
D00 0.0102 567 568 600 600
D00 0.0102 307 435 340 506
D00 0.0102 82 433 134 476
D00 0.0102 392 475 443 528
D00 0.0102 95 427 162 478
D00 0.0102 160 447 186 502
D00 0.0102 227 423 250 472
D00 0.0101 101 415 154 442
D00 0.0101 168 470 215 498
D00 0.0101 455 552 542 593
D00 0.0101 10 484 104 541
D00 0.0101 0 0 151 105
D00 0.0101 53 477 104 504
D00 0.0100 567 549 600 582
D00 0.0100 16 536 64 558
D00 0.0100 421 462 485 528
D00 0.0100 466 556 497 596
D10 0.0375 263 416 317 439
D10 0.0309 262 423 316 447
D10 0.0246 247 424 297 446
D10 0.0211 319 497 374 524
D10 0.0191 246 417 298 438
D10 0.0185 134 432 193 455
D10 0.0173 265 407 314 432
D10 0.0138 287 489 398 529
D10 0.0131 181 405 233 428
D10 0.0123 307 507 367 529
D10 0.0120 149 488 199 510
D10 0.0119 127 441 183 463
D10 0.0117 147 427 210 459
D10 0.0117 5 496 54 520
D10 0.0111 559 546 600 569
D10 0.0111 166 478 216 505
D10 0.0108 545 498 597 522
D10 0.0107 269 440 320 465
D10 0.0106 225 425 279 446
D10 0.0101 549 536 597 563
D10 0.0101 330 515 375 538
D10 0.0101 217 419 313 459
D10 0.0100 156 441 205 463
D20 0.0288 250 410 339 448
D20 0.0256 0 437 151 513
D20 0.0249 427 538 600 600
D20 0.0206 249 422 335 467
D20 0.0190 166 411 349 484
D20 0.0190 237 425 393 524
D20 0.0185 51 458 481 600
D20 0.0178 269 449 432 538
D20 0.0173 310 447 577 561
D20 0.0171 0 0 216 146
D20 0.0168 27 424 201 495
D20 0.0164 427 474 600 554
D20 0.0164 333 470 495 551
D20 0.0162 0 446 96 558
D20 0.0159 0 0 408 294
D20 0.0158 167 0 600 294
D20 0.0157 96 411 219 469
D20 0.0155 112 408 556 565
D20 0.0153 117 406 277 483
D20 0.0153 0 311 408 600
D20 0.0153 353 493 580 583
D20 0.0150 112 397 235 451
D20 0.0149 429 439 600 518
D20 0.0149 423 548 497 589
D20 0.0148 0 0 73 113
D20 0.0148 0 0 110 72
D20 0.0148 0 450 189 552
D20 0.0147 0 118 290 600
D20 0.0146 167 311 600 600
D20 0.0145 4 411 251 524
D20 0.0144 326 425 549 524
D20 0.0140 312 118 600 600
D20 0.0136 528 247 600 406
D20 0.0133 0 0 107 156
D20 0.0130 0 0 600 434
D20 0.0129 456 563 575 600
D20 0.0128 148 430 327 515
D20 0.0128 377 0 600 144
D20 0.0127 397 543 530 597
D20 0.0125 68 0 444 146
D20 0.0124 0 145 600 600
D20 0.0124 463 512 600 589
D20 0.0124 218 398 367 470
D20 0.0123 454 0 600 218
D20 0.0123 347 496 445 538
D20 0.0120 25 0 297 89
D20 0.0117 185 401 324 457
D20 0.0115 288 479 395 525
D20 0.0115 23 441 300 557
D20 0.0114 420 412 600 600
D20 0.0114 0 498 50 556
D20 0.0113 73 400 400 535
D20 0.0111 157 401 266 446
D20 0.0111 413 525 554 585
D20 0.0111 192 442 453 557
D20 0.0110 70 0 297 218
D20 0.0110 78 432 237 516
D20 0.0109 295 0 480 74
D20 0.0106 0 456 47 531
D20 0.0103 329 525 543 600
D20 0.0102 186 0 448 89
D20 0.0101 388 0 600 301
D20 0.0100 0 373 147 600
D40 0.0202 532 498 586 520
D40 0.0191 520 491 600 529
D40 0.0170 5 462 39 508
D40 0.0128 537 491 592 515
D40 0.0116 529 501 591 536
