D00 0.0695 87 464 149 501
D00 0.0634 61 451 175 501
D00 0.0587 105 455 146 494
D00 0.0556 17 426 184 500
D00 0.0544 83 478 136 503
D00 0.0539 96 437 158 500
D00 0.0513 236 434 259 480
D00 0.0491 78 434 191 491
D00 0.0485 238 440 275 524
D00 0.0466 104 469 161 496
D00 0.0445 246 455 269 510
D00 0.0423 75 459 130 505
D00 0.0411 244 441 268 490
D00 0.0399 254 463 277 519
D00 0.0381 236 447 261 498
D00 0.0370 101 459 133 501
D00 0.0357 224 438 256 473
D00 0.0344 104 448 168 483
D00 0.0337 173 409 211 445
D00 0.0334 228 428 267 500
D00 0.0332 165 423 217 448
D00 0.0327 113 460 172 487
D00 0.0324 41 444 136 506
D00 0.0319 54 410 218 490
D00 0.0311 250 442 279 507
D00 0.0302 13 435 138 486
D00 0.0293 65 416 174 475
D00 0.0283 46 467 159 513
D00 0.0277 83 430 137 510
D00 0.0277 8 450 164 525
D00 0.0265 143 406 221 449
D00 0.0264 92 466 123 506
D00 0.0258 82 486 133 511
D00 0.0257 182 400 217 436
D00 0.0251 98 447 140 486
D00 0.0250 99 416 210 473
D00 0.0250 253 449 292 529
D00 0.0249 115 445 188 497
D00 0.0248 242 481 271 520
D00 0.0245 66 478 120 505
D00 0.0244 245 423 267 474
D00 0.0232 226 450 268 476
D00 0.0227 245 464 282 545
D00 0.0227 111 434 235 487
D00 0.0223 11 418 133 468
D00 0.0223 118 444 150 491
D00 0.0222 123 452 182 475
D00 0.0221 176 414 223 454
D00 0.0216 148 414 202 457
D00 0.0215 111 439 180 473
D00 0.0215 159 397 209 442
D00 0.0208 222 419 282 530
D00 0.0204 170 391 225 446
D00 0.0199 237 466 263 515
D00 0.0199 154 433 210 455
D00 0.0197 54 458 110 507
D00 0.0196 191 409 225 444
D00 0.0194 182 425 235 448
D00 0.0194 236 409 273 489
D00 0.0193 128 428 198 480
D00 0.0193 262 463 286 518
D00 0.0190 237 436 293 496
D00 0.0187 107 453 242 499
D00 0.0186 254 431 276 483
D00 0.0185 207 439 270 472
D00 0.0182 70 420 169 522
D00 0.0181 135 443 192 467
D00 0.0180 237 414 258 466
D00 0.0180 236 460 276 484
D00 0.0179 32 388 169 486
D00 0.0176 26 451 97 512
D00 0.0175 138 424 224 462
D00 0.0175 218 469 277 525
D00 0.0174 0 435 112 516
D00 0.0174 215 435 261 460
D00 0.0173 128 450 159 494
D00 0.0171 224 453 258 490
D00 0.0171 137 433 193 458
D00 0.0169 573 552 599 599
D00 0.0169 71 397 203 461
D00 0.0166 107 438 147 475
D00 0.0166 123 408 191 467
D00 0.0164 106 463 181 507
D00 0.0164 221 414 259 483
D00 0.0162 123 466 200 499
D00 0.0162 147 450 197 495
D00 0.0162 249 489 278 527
D00 0.0161 183 428 218 458
D00 0.0161 209 433 265 518
D00 0.0160 234 442 277 469
D00 0.0158 414 455 582 538
D00 0.0158 133 460 190 485
D00 0.0157 218 434 244 475
D00 0.0155 139 423 194 449
D00 0.0155 257 456 288 490
D00 0.0153 118 421 171 492
D00 0.0152 409 536 460 562
D00 0.0152 133 464 174 498
D00 0.0152 155 412 236 476
D00 0.0149 23 420 101 455
D00 0.0149 229 416 250 464
D00 0.0148 64 446 133 482
D00 0.0148 0 452 67 511
D00 0.0147 93 460 139 522
D00 0.0147 79 462 232 514
D00 0.0146 40 477 122 518
D00 0.0145 381 442 547 522
D00 0.0144 237 404 297 518
D00 0.0144 155 465 191 500
D00 0.0143 193 391 225 425
D00 0.0142 485 453 600 581
D00 0.0142 158 418 206 487
D00 0.0141 84 474 113 514
D00 0.0138 174 393 211 426
D00 0.0137 264 394 286 439
D00 0.0136 154 447 192 479
D00 0.0134 3 395 136 457
D00 0.0134 217 456 265 506
D00 0.0134 99 474 150 512
D00 0.0134 72 438 142 470
D00 0.0133 45 400 157 451
D00 0.0132 245 468 285 493
D00 0.0132 178 422 206 462
D00 0.0132 51 420 126 453
D00 0.0130 177 426 257 494
D00 0.0130 233 478 268 538
D00 0.0129 511 570 593 600
D00 0.0128 126 404 258 490
D00 0.0126 538 221 600 350
D00 0.0126 83 451 116 501
D00 0.0126 7 407 96 450
D00 0.0125 20 478 150 543
D00 0.0125 167 431 216 474
D00 0.0125 139 450 169 493
D00 0.0124 421 452 540 508
D00 0.0123 164 477 199 506
D00 0.0123 150 405 201 431
D00 0.0123 501 509 600 595
D00 0.0122 56 487 108 514
D00 0.0122 123 473 164 502
D00 0.0122 164 417 257 454
D00 0.0121 159 443 223 501
D00 0.0121 150 442 178 486
D00 0.0120 115 459 153 507
D00 0.0120 358 476 380 525
D00 0.0120 150 467 216 511
D00 0.0120 167 422 197 463
D00 0.0119 255 410 276 463
D00 0.0118 74 467 106 510
D00 0.0118 414 433 592 504
D00 0.0118 440 468 557 524
D00 0.0118 92 410 143 490
D00 0.0118 2 402 191 534
D00 0.0118 6 436 81 494
D00 0.0117 159 432 187 475
D00 0.0117 72 409 141 464
D00 0.0117 93 442 125 495
D00 0.0117 404 489 595 590
D00 0.0116 170 459 194 503
D00 0.0116 103 429 170 463
D00 0.0116 44 411 116 443
D00 0.0115 255 394 277 440
D00 0.0115 54 456 182 551
D00 0.0115 245 491 270 544
D00 0.0115 237 477 275 506
D00 0.0114 180 417 222 487
D00 0.0114 128 434 159 480
D00 0.0114 49 412 119 487
D00 0.0114 24 528 80 552
D00 0.0114 200 430 238 460
D00 0.0114 15 465 87 500
D00 0.0113 140 414 193 441
D00 0.0113 49 426 110 465
D00 0.0113 169 440 196 486
D00 0.0111 100 391 180 487
D00 0.0111 574 456 598 504
D00 0.0111 567 269 600 357
D00 0.0111 36 455 106 493
D00 0.0110 460 466 574 560
D00 0.0110 193 382 226 413
D00 0.0110 0 468 53 527
D00 0.0109 138 413 215 501
D00 0.0109 228 483 281 551
D00 0.0109 0 0 71 137
D00 0.0109 195 434 247 473
D00 0.0109 145 475 183 504
D00 0.0108 59 434 118 476
D00 0.0108 175 441 207 501
D00 0.0108 229 463 283 500
D00 0.0108 151 459 178 501
D00 0.0107 189 430 213 474
D00 0.0107 207 465 292 551
D00 0.0106 6 474 76 509
D00 0.0106 390 451 496 507
D00 0.0106 207 394 231 440
D00 0.0106 202 401 268 500
D00 0.0106 145 416 184 471
D00 0.0106 565 518 600 600
D00 0.0106 64 460 119 489
D00 0.0106 215 439 249 500
D00 0.0106 139 434 170 477
D00 0.0105 213 433 320 544
D00 0.0105 158 406 189 450
D00 0.0105 187 400 230 467
D00 0.0105 135 390 214 432
D00 0.0105 454 439 584 485
D00 0.0104 81 429 150 462
D00 0.0104 70 527 118 553
D00 0.0103 567 230 600 317
D00 0.0103 469 470 530 532
D00 0.0103 542 484 598 586
D00 0.0103 69 478 127 531
D00 0.0102 103 418 205 523
D00 0.0102 275 27 317 109
D00 0.0101 404 528 467 557
D00 0.0101 273 395 296 438
D00 0.0101 247 395 283 480
D00 0.0101 366 427 487 528
D00 0.0101 197 423 221 463
D00 0.0101 113 398 200 441
D00 0.0101 19 469 84 525
D00 0.0101 0 0 33 80
D00 0.0100 45 478 100 506
D00 0.0100 0 420 73 471
D00 0.0100 55 392 122 446
D00 0.0100 416 544 468 568
D00 0.0100 574 440 599 486
D00 0.0100 349 476 372 524
D00 0.0100 155 461 207 485
D10 0.0520 21 439 103 465
D10 0.0400 38 435 104 457
D10 0.0386 200 490 265 511
D10 0.0366 103 479 164 501
D10 0.0366 29 428 128 465
D10 0.0355 46 442 111 462
D10 0.0338 182 483 287 516
D10 0.0315 5 431 87 459
D10 0.0315 154 482 210 504
D10 0.0308 179 490 246 509
D10 0.0305 86 469 181 503
D10 0.0292 170 483 233 504
D10 0.0279 122 480 186 502
D10 0.0269 225 489 271 514
D10 0.0268 0 429 134 489
D10 0.0268 190 482 256 504
D10 0.0260 11 442 78 463
D10 0.0245 111 473 215 506
D10 0.0243 146 483 246 512
D10 0.0240 145 489 203 509
D10 0.0235 157 476 276 508
D10 0.0232 214 480 267 505
D10 0.0226 190 435 249 457
D10 0.0216 213 497 268 519
D10 0.0215 173 433 228 455
D10 0.0206 122 470 183 496
D10 0.0201 97 487 153 510
D10 0.0198 251 462 298 484
D10 0.0186 16 442 107 486
D10 0.0182 133 452 191 475
D10 0.0179 144 442 200 466
D10 0.0176 0 433 54 455
D10 0.0175 116 485 194 510
D10 0.0170 235 497 276 521
D10 0.0164 192 442 251 466
D10 0.0157 145 471 199 497
D10 0.0154 0 438 62 469
D10 0.0152 242 452 287 478
D10 0.0151 60 438 134 468
D10 0.0149 0 470 50 495
D10 0.0149 191 426 245 448
D10 0.0148 32 450 93 474
D10 0.0143 164 427 265 462
D10 0.0143 67 434 128 456
D10 0.0142 43 446 115 479
D10 0.0141 164 442 218 465
D10 0.0138 0 460 80 505
D10 0.0134 252 468 296 492
D10 0.0129 175 492 277 528
D10 0.0126 164 471 218 496
D10 0.0123 31 424 93 451
D10 0.0120 154 451 208 475
D10 0.0116 216 470 265 496
D10 0.0116 0 479 49 504
D10 0.0115 0 447 72 481
D10 0.0113 0 460 51 487
D10 0.0112 0 420 73 453
D10 0.0110 399 0 600 110
D10 0.0108 0 411 109 471
D10 0.0107 241 455 333 494
D10 0.0104 267 462 320 484
D10 0.0103 182 472 242 496
D10 0.0102 215 485 294 531
D10 0.0100 550 554 597 583
D20 0.0312 520 554 600 600
D20 0.0293 75 424 269 495
D20 0.0261 0 409 158 482
D20 0.0229 0 437 150 516
D20 0.0223 43 460 479 600
D20 0.0200 118 437 290 513
D20 0.0199 25 425 230 518
D20 0.0190 24 522 115 557
D20 0.0184 473 540 600 600
D20 0.0175 360 0 600 146
D20 0.0172 122 413 260 476
D20 0.0171 174 436 274 472
D20 0.0171 0 0 408 294
D20 0.0170 548 572 599 598
D20 0.0167 167 0 600 294
D20 0.0163 562 551 600 600
D20 0.0163 0 311 408 600
D20 0.0163 188 433 278 518
D20 0.0163 101 418 554 573
D20 0.0160 0 456 227 600
D20 0.0159 167 311 600 600
D20 0.0157 197 442 281 484
D20 0.0156 0 118 290 600
D20 0.0154 0 0 113 73
D20 0.0153 312 118 600 600
D20 0.0153 0 0 228 145
D20 0.0152 130 453 259 501
D20 0.0150 29 443 287 553
D20 0.0149 191 0 500 145
D20 0.0147 447 0 600 223
D20 0.0145 50 528 106 553
D20 0.0143 371 457 600 600
D20 0.0141 0 469 149 550
D20 0.0139 0 0 600 434
D20 0.0136 146 409 310 489
D20 0.0136 0 0 147 220
D20 0.0135 431 432 600 502
D20 0.0134 141 463 280 523
D20 0.0133 0 145 600 600
D20 0.0128 0 0 73 110
D20 0.0124 103 476 289 545
D20 0.0119 0 394 120 456
D20 0.0117 346 0 581 344
D20 0.0117 0 375 148 600
D20 0.0116 54 0 432 105
D20 0.0115 174 451 277 493
D20 0.0114 474 438 591 485
D20 0.0112 5 501 134 564
D20 0.0111 26 0 229 76
D20 0.0111 215 406 320 517
D20 0.0111 493 0 600 154
D20 0.0110 207 449 290 506
D20 0.0108 453 374 600 600
D20 0.0108 530 0 600 111
D20 0.0107 173 457 291 554
D20 0.0107 486 567 581 600
D20 0.0107 298 0 521 227
D20 0.0105 90 496 274 566
D20 0.0105 508 495 600 600
D20 0.0103 394 531 474 566
D20 0.0101 30 394 223 486
D40 0.0230 220 535 274 558
D40 0.0181 206 526 282 560
D40 0.0156 281 72 367 116
D40 0.0155 115 522 195 557
D40 0.0155 121 528 175 553
D40 0.0138 237 536 289 559
D40 0.0131 238 524 274 557
D40 0.0128 377 537 458 571
D40 0.0125 316 538 400 573
D40 0.0122 390 545 446 567
D40 0.0113 571 445 600 482
D40 0.0105 330 544 390 567
D40 0.0102 285 76 345 102
