D00 0.0771 157 403 202 432
D00 0.0710 245 403 268 453
D00 0.0611 151 410 194 440
D00 0.0603 151 391 207 446
D00 0.0567 238 412 262 456
D00 0.0526 306 386 358 432
D00 0.0498 335 423 368 489
D00 0.0472 304 380 396 468
D00 0.0467 109 399 210 445
D00 0.0442 319 391 376 488
D00 0.0442 163 395 212 423
D00 0.0423 131 390 222 462
D00 0.0415 331 439 356 489
D00 0.0393 322 406 410 507
D00 0.0385 302 378 433 437
D00 0.0382 329 446 373 497
D00 0.0375 238 390 272 459
D00 0.0370 100 394 215 492
D00 0.0369 83 452 150 512
D00 0.0364 2 407 137 514
D00 0.0360 302 382 345 417
D00 0.0360 123 404 198 474
D00 0.0359 306 394 390 441
D00 0.0350 286 380 384 429
D00 0.0349 156 400 193 460
D00 0.0346 122 404 195 434
D00 0.0335 315 402 365 431
D00 0.0332 52 410 185 510
D00 0.0330 335 432 382 509
D00 0.0325 324 392 472 452
D00 0.0325 27 443 167 514
D00 0.0313 291 377 340 402
D00 0.0311 228 422 268 451
D00 0.0306 154 387 235 431
D00 0.0305 373 388 457 430
D00 0.0304 326 400 375 451
D00 0.0297 110 488 163 513
D00 0.0296 346 449 407 517
D00 0.0288 334 416 392 480
D00 0.0287 333 399 463 515
D00 0.0283 92 475 163 510
D00 0.0283 286 372 358 413
D00 0.0279 157 396 257 449
D00 0.0279 142 414 198 453
D00 0.0278 53 377 104 400
D00 0.0275 102 440 178 512
D00 0.0274 322 438 364 516
D00 0.0273 279 364 312 395
D00 0.0270 140 398 195 423
D00 0.0268 46 397 194 450
D00 0.0267 246 386 268 437
D00 0.0266 331 397 429 440
D00 0.0265 382 386 448 415
D00 0.0264 344 432 373 481
D00 0.0263 128 413 187 439
D00 0.0262 5 459 135 526
D00 0.0261 160 383 218 416
D00 0.0260 283 368 330 392
D00 0.0258 66 444 132 505
D00 0.0257 311 386 366 412
D00 0.0256 234 399 264 438
D00 0.0253 339 381 493 434
D00 0.0252 388 394 443 422
D00 0.0251 320 394 375 423
D00 0.0249 305 405 358 503
D00 0.0247 95 382 220 436
D00 0.0245 251 410 276 457
D00 0.0244 338 410 365 464
D00 0.0243 81 424 167 498
D00 0.0241 373 536 421 559
D00 0.0241 64 415 179 466
D00 0.0240 280 392 394 510
D00 0.0238 372 398 501 445
D00 0.0236 167 403 223 430
D00 0.0236 324 393 357 440
D00 0.0235 330 410 434 467
D00 0.0235 118 480 171 507
D00 0.0232 230 409 268 486
D00 0.0230 337 453 364 505
D00 0.0229 210 399 270 455
D00 0.0229 87 464 129 502
D00 0.0228 342 440 394 489
D00 0.0227 41 469 157 518
D00 0.0226 344 401 523 479
D00 0.0226 367 459 426 524
D00 0.0225 5 438 88 516
D00 0.0225 309 375 352 407
D00 0.0224 82 478 137 506
D00 0.0224 5 391 132 451
D00 0.0222 322 459 367 486
D00 0.0220 148 406 204 502
D00 0.0220 235 430 275 455
D00 0.0219 132 393 249 507
D00 0.0217 428 417 521 457
D00 0.0216 130 427 186 516
D00 0.0215 13 430 124 492
D00 0.0215 1 460 66 523
D00 0.0214 106 416 190 458
D00 0.0213 269 380 363 463
D00 0.0212 296 369 348 391
D00 0.0212 129 470 179 511
D00 0.0212 352 381 441 422
D00 0.0211 103 429 170 462
D00 0.0210 337 449 383 478
D00 0.0210 22 411 96 441
D00 0.0208 122 477 149 517
D00 0.0208 11 414 123 466
D00 0.0208 322 380 409 422
D00 0.0207 313 448 359 495
D00 0.0206 274 360 298 398
D00 0.0204 237 424 261 474
D00 0.0204 356 473 402 522
D00 0.0204 172 390 205 433
D00 0.0203 3 389 85 502
D00 0.0203 92 487 146 513
D00 0.0203 494 377 543 401
D00 0.0202 403 395 464 420
D00 0.0202 378 404 434 432
D00 0.0200 93 438 160 470
D00 0.0200 362 409 430 441
D00 0.0199 274 376 322 400
D00 0.0199 404 389 463 411
D00 0.0199 327 409 396 442
D00 0.0199 13 372 47 409
D00 0.0198 122 377 266 446
D00 0.0198 128 422 183 449
D00 0.0197 340 462 378 500
D00 0.0196 181 386 233 410
D00 0.0196 33 377 88 402
D00 0.0196 86 470 188 519
D00 0.0196 108 461 146 516
D00 0.0194 0 415 76 459
D00 0.0192 224 408 261 448
D00 0.0192 137 382 209 425
D00 0.0192 284 385 335 410
D00 0.0190 335 429 430 489
D00 0.0190 90 441 144 490
D00 0.0190 110 425 177 483
D00 0.0189 0 422 46 505
D00 0.0188 67 434 151 479
D00 0.0188 337 442 428 535
D00 0.0187 46 453 115 513
D00 0.0187 137 480 187 506
D00 0.0187 334 388 384 465
D00 0.0185 383 389 559 456
D00 0.0185 32 402 103 432
D00 0.0184 418 536 472 559
D00 0.0183 25 461 94 521
D00 0.0182 355 456 385 509
D00 0.0182 242 423 284 450
D00 0.0181 57 465 124 501
D00 0.0180 16 377 66 404
D00 0.0180 339 441 384 468
D00 0.0180 159 407 230 443
D00 0.0179 42 384 96 408
D00 0.0179 182 386 274 463
D00 0.0179 242 403 282 477
D00 0.0179 330 404 388 430
D00 0.0178 49 386 255 483
D00 0.0178 402 410 546 468
D00 0.0178 312 456 395 505
D00 0.0178 318 422 353 489
D00 0.0176 146 410 184 471
D00 0.0175 381 526 414 556
D00 0.0174 183 377 233 400
D00 0.0173 365 457 394 510
D00 0.0172 356 412 479 463
D00 0.0172 179 395 234 420
D00 0.0172 501 363 535 398
D00 0.0172 451 430 526 460
D00 0.0172 146 451 180 510
D00 0.0171 73 430 235 518
D00 0.0169 328 382 370 437
D00 0.0169 394 383 519 427
D00 0.0168 101 467 132 512
D00 0.0167 99 470 153 498
D00 0.0167 62 370 114 394
D00 0.0167 338 419 408 452
D00 0.0167 223 369 273 391
D00 0.0167 166 370 214 438
D00 0.0166 15 483 83 521
D00 0.0166 510 378 567 401
D00 0.0166 395 399 472 433
D00 0.0165 151 388 201 411
D00 0.0165 371 416 503 530
D00 0.0165 280 364 351 400
D00 0.0164 352 536 408 560
D00 0.0164 532 377 580 402
D00 0.0164 121 455 170 521
D00 0.0164 81 460 133 487
D00 0.0163 45 370 95 394
D00 0.0163 127 432 180 457
D00 0.0163 288 363 415 418
D00 0.0163 241 373 395 443
D00 0.0163 202 377 255 399
D00 0.0162 12 415 71 439
D00 0.0162 231 372 265 403
D00 0.0161 386 462 448 523
D00 0.0161 128 484 195 514
D00 0.0161 69 376 125 399
D00 0.0161 340 429 405 463
D00 0.0160 443 424 504 451
D00 0.0160 236 377 261 421
D00 0.0160 325 375 434 489
D00 0.0160 296 372 330 411
D00 0.0160 117 441 171 465
D00 0.0160 274 360 317 383
D00 0.0159 260 364 293 394
D00 0.0158 8 396 92 437
D00 0.0158 429 528 479 554
D00 0.0157 156 409 220 472
D00 0.0157 244 393 283 445
D00 0.0157 476 376 526 400
D00 0.0157 388 537 446 558
D00 0.0157 389 418 563 498
D00 0.0157 44 391 111 422
D00 0.0157 311 411 359 436
D00 0.0157 0 399 45 474
D00 0.0156 54 380 119 410
D00 0.0156 370 396 438 448
D00 0.0156 328 426 361 465
D00 0.0155 315 399 354 469
D00 0.0155 3 385 62 444
D00 0.0155 455 434 540 477
D00 0.0154 253 385 276 434
D00 0.0154 43 397 131 435
D00 0.0154 12 372 170 493
D00 0.0153 545 443 600 503
D00 0.0152 25 404 280 522
D00 0.0151 105 412 175 442
D00 0.0151 366 529 413 565
D00 0.0151 321 375 393 404
D00 0.0151 241 381 272 413
D00 0.0151 272 388 456 541
D00 0.0150 446 407 531 449
D00 0.0149 366 411 431 506
D00 0.0149 435 535 489 559
D00 0.0149 103 393 196 428
D00 0.0149 348 414 414 438
D00 0.0149 130 438 178 490
D00 0.0148 101 446 167 479
D00 0.0148 129 426 220 488
D00 0.0148 283 391 340 483
D00 0.0147 2 419 40 454
D00 0.0146 155 418 190 485
D00 0.0146 58 406 118 427
D00 0.0146 27 371 107 405
D00 0.0145 17 382 85 411
D00 0.0145 118 491 153 522
D00 0.0145 166 415 207 452
D00 0.0145 360 387 420 432
D00 0.0145 331 465 395 523
D00 0.0144 1 421 28 469
D00 0.0144 344 468 393 495
D00 0.0144 0 429 74 481
D00 0.0144 208 426 271 457
D00 0.0143 368 387 428 410
D00 0.0143 281 373 340 445
D00 0.0143 54 387 141 425
D00 0.0142 315 428 384 539
D00 0.0142 244 368 270 407
D00 0.0142 6 379 39 415
D00 0.0142 139 462 201 513
D00 0.0142 294 442 380 489
D00 0.0142 43 483 113 518
D00 0.0142 84 399 170 435
D00 0.0141 90 450 144 474
D00 0.0141 109 406 168 427
D00 0.0141 10 376 151 429
D00 0.0141 328 386 388 411
D00 0.0141 203 369 255 392
D00 0.0140 222 390 279 512
D00 0.0140 175 373 238 422
D00 0.0140 428 410 499 446
D00 0.0140 116 442 156 508
D00 0.0140 548 372 584 406
D00 0.0140 30 497 86 521
D00 0.0140 241 368 291 391
D00 0.0140 105 455 146 493
D00 0.0139 111 424 166 450
D00 0.0139 369 464 406 502
D00 0.0139 382 576 433 600
D00 0.0139 306 409 381 463
D00 0.0139 141 460 169 507
D00 0.0139 48 415 109 436
D00 0.0139 379 481 414 521
D00 0.0138 573 457 598 507
D00 0.0137 371 491 405 525
D00 0.0137 0 478 54 535
D00 0.0137 3 492 65 526
D00 0.0137 456 534 503 560
D00 0.0137 63 478 117 506
D00 0.0137 278 390 345 423
D00 0.0137 485 384 534 407
D00 0.0136 31 419 105 450
D00 0.0136 209 404 260 501
D00 0.0136 299 385 332 427
D00 0.0135 494 381 565 409
D00 0.0135 80 394 153 421
D00 0.0135 304 367 374 393
D00 0.0135 295 403 347 429
D00 0.0135 514 545 566 571
D00 0.0135 21 405 81 429
D00 0.0134 135 435 175 470
D00 0.0134 64 482 136 516
D00 0.0133 71 402 147 429
D00 0.0133 56 447 124 482
D00 0.0133 15 450 104 498
D00 0.0133 220 413 295 457
D00 0.0132 0 448 193 549
D00 0.0132 75 407 163 448
D00 0.0132 409 529 463 553
D00 0.0132 465 416 549 456
D00 0.0132 371 377 440 405
D00 0.0132 0 478 113 543
D00 0.0132 249 372 283 402
D00 0.0132 108 480 167 531
D00 0.0132 445 527 494 555
D00 0.0131 355 452 438 498
D00 0.0131 519 385 576 408
D00 0.0131 435 433 498 456
D00 0.0131 555 457 599 536
D00 0.0130 265 367 309 405
D00 0.0130 222 414 424 523
D00 0.0130 426 374 567 430
D00 0.0130 244 380 347 429
D00 0.0130 200 382 239 412
D00 0.0130 45 424 133 471
D00 0.0129 69 396 127 419
D00 0.0129 444 395 581 487
D00 0.0129 341 373 431 409
D00 0.0129 184 387 215 431
D00 0.0129 378 438 459 515
D00 0.0129 265 352 306 390
D00 0.0129 301 362 498 505
D00 0.0129 12 388 47 422
D00 0.0129 117 398 177 420
D00 0.0129 327 391 534 541
D00 0.0128 330 422 375 446
D00 0.0128 381 538 415 570
D00 0.0128 162 424 198 461
D00 0.0128 351 459 402 485
D00 0.0127 236 427 276 514
D00 0.0127 333 432 375 457
D00 0.0127 154 440 189 505
D00 0.0127 319 432 470 562
D00 0.0127 252 377 302 399
D00 0.0127 484 410 600 513
D00 0.0127 162 375 257 484
D00 0.0126 504 369 554 394
D00 0.0126 80 459 118 515
D00 0.0126 360 442 414 488
D00 0.0126 317 437 375 475
D00 0.0126 320 455 346 503
D00 0.0125 148 431 193 456
D00 0.0125 376 528 441 556
D00 0.0125 216 388 263 433
D00 0.0125 0 365 65 478
D00 0.0125 270 357 325 402
D00 0.0125 398 380 451 402
D00 0.0125 1 361 96 443
D00 0.0125 246 381 294 464
D00 0.0125 346 477 393 507
D00 0.0124 222 382 258 413
D00 0.0124 350 451 404 476
D00 0.0124 0 450 37 528
D00 0.0124 167 377 213 399
D00 0.0124 18 367 84 398
D00 0.0123 255 386 327 454
D00 0.0123 0 416 79 554
D00 0.0123 3 482 41 520
D00 0.0123 119 470 170 498
D00 0.0123 377 549 436 600
D00 0.0122 224 385 427 482
D00 0.0122 237 404 275 429
D00 0.0122 85 421 156 454
D00 0.0121 131 460 160 508
D00 0.0121 126 415 345 519
D00 0.0121 425 401 497 433
D00 0.0121 10 409 50 444
D00 0.0121 139 471 185 498
D00 0.0121 139 477 168 516
D00 0.0121 347 487 395 516
D00 0.0121 120 497 170 519
D00 0.0121 482 428 552 485
D00 0.0120 422 396 482 419
D00 0.0120 184 405 244 499
D00 0.0120 456 398 570 443
D00 0.0120 5 364 58 416
D00 0.0120 229 365 269 437
D00 0.0119 3 575 60 597
D00 0.0119 475 411 543 441
D00 0.0119 361 430 474 486
D00 0.0119 290 376 320 417
D00 0.0119 303 442 347 515
D00 0.0119 198 415 268 468
D00 0.0119 364 477 409 507
D00 0.0119 337 395 400 422
D00 0.0119 245 434 268 488
D00 0.0118 31 394 88 418
D00 0.0118 539 386 589 409
D00 0.0118 279 380 314 412
D00 0.0118 525 542 589 574
D00 0.0117 350 439 420 471
D00 0.0117 369 401 414 435
D00 0.0116 81 442 138 466
D00 0.0116 125 450 221 506
D00 0.0116 9 368 52 395
D00 0.0116 471 424 528 448
D00 0.0116 150 428 178 478
D00 0.0116 534 368 579 394
D00 0.0115 479 369 561 405
D00 0.0115 424 429 531 519
D00 0.0115 194 370 244 406
D00 0.0115 171 387 224 456
D00 0.0114 0 0 67 134
D00 0.0114 91 433 149 459
D00 0.0114 1 467 27 517
D00 0.0114 347 378 406 399
D00 0.0114 4 447 60 501
D00 0.0114 30 576 90 597
D00 0.0114 415 385 487 413
D00 0.0114 446 442 585 511
D00 0.0113 26 479 166 538
D00 0.0113 8 404 56 429
D00 0.0113 410 470 460 517
D00 0.0113 193 387 245 428
D00 0.0113 14 394 67 418
D00 0.0113 552 544 596 571
D00 0.0113 57 370 135 403
D00 0.0113 359 422 418 446
D00 0.0112 355 459 481 530
D00 0.0112 532 401 596 432
D00 0.0112 486 542 556 573
D00 0.0112 400 423 497 464
D00 0.0112 70 407 137 488
D00 0.0112 346 377 415 446
D00 0.0111 559 464 596 500
D00 0.0111 5 398 40 433
D00 0.0111 80 369 133 392
D00 0.0110 192 390 274 537
D00 0.0110 375 474 438 511
D00 0.0110 125 386 344 482
D00 0.0109 165 423 223 517
D00 0.0109 36 379 101 429
D00 0.0109 1 436 27 491
D00 0.0109 500 412 577 440
D00 0.0109 251 360 298 382
D00 0.0109 78 385 135 409
D00 0.0109 400 431 515 484
D00 0.0109 158 468 186 511
D00 0.0108 393 529 419 565
D00 0.0108 189 399 230 433
D00 0.0108 543 356 587 401
D00 0.0108 347 386 408 410
D00 0.0108 408 482 445 520
D00 0.0108 366 484 394 526
D00 0.0107 62 411 136 440
D00 0.0107 423 522 499 559
D00 0.0107 511 454 600 497
D00 0.0107 366 569 450 600
D00 0.0107 111 455 175 492
D00 0.0107 400 402 481 513
D00 0.0107 492 397 582 434
D00 0.0107 216 453 428 553
D00 0.0106 538 420 600 532
D00 0.0106 1 484 28 532
D00 0.0106 69 456 112 492
D00 0.0106 251 425 277 475
D00 0.0106 227 392 313 482
D00 0.0106 475 452 565 494
D00 0.0106 484 364 522 397
D00 0.0106 234 361 280 397
D00 0.0106 346 523 425 559
D00 0.0106 108 463 242 525
D00 0.0106 569 432 600 496
D00 0.0106 226 396 270 416
D00 0.0106 149 477 177 516
D00 0.0105 502 391 574 421
D00 0.0105 215 361 263 396
D00 0.0105 417 544 472 565
D00 0.0105 180 401 258 432
D00 0.0105 311 463 357 513
D00 0.0105 138 413 172 457
D00 0.0105 289 361 339 382
D00 0.0104 269 370 331 419
D00 0.0104 469 402 533 432
D00 0.0104 202 396 256 418
D00 0.0104 85 452 309 546
D00 0.0104 542 536 590 561
D00 0.0104 496 367 525 405
D00 0.0103 323 363 469 417
D00 0.0103 539 415 594 438
D00 0.0103 225 369 253 406
D00 0.0103 507 537 574 566
D00 0.0103 550 424 599 448
D00 0.0103 113 484 141 526
D00 0.0103 392 375 476 410
D00 0.0103 348 476 419 545
D00 0.0102 131 379 192 445
D00 0.0102 64 370 93 405
D00 0.0102 212 418 253 453
D00 0.0102 391 379 442 438
D00 0.0102 382 543 432 564
D00 0.0101 384 408 464 440
D00 0.0101 559 532 594 565
D00 0.0101 467 533 534 565
D00 0.0101 573 473 598 527
D00 0.0101 92 0 280 90
D00 0.0101 438 528 515 566
D00 0.0101 239 527 293 551
D00 0.0100 463 414 519 440
D00 0.0100 244 377 287 418
D00 0.0100 150 394 183 435
D00 0.0100 266 394 358 434
D00 0.0100 72 378 154 414
D00 0.0100 22 427 97 462
D00 0.0100 539 395 591 418
D00 0.0100 42 574 114 599
D00 0.0100 344 394 374 441
D00 0.0100 219 364 278 411
D00 0.0100 94 473 122 517
D10 0.0195 3 420 78 450
D10 0.0167 217 431 266 455
D10 0.0166 421 424 514 462
D10 0.0164 0 432 48 457
D10 0.0154 1 424 48 448
D10 0.0147 241 431 285 455
D10 0.0131 0 440 47 467
D10 0.0122 551 469 598 495
D10 0.0122 551 433 600 455
D10 0.0121 511 462 600 505
D10 0.0117 1 445 66 483
D10 0.0115 204 423 262 449
D10 0.0109 311 468 359 494
D10 0.0107 12 427 87 461
D10 0.0105 97 0 250 68
D10 0.0103 494 466 568 497
D10 0.0102 228 439 268 464
D20 0.0304 0 0 349 128
D20 0.0183 11 371 92 408
D20 0.0182 315 427 461 522
D20 0.0180 0 403 211 527
D20 0.0174 311 375 564 489
D20 0.0174 31 0 236 76
D20 0.0171 429 434 600 518
D20 0.0168 291 393 591 541
D20 0.0167 382 531 469 562
D20 0.0165 0 0 177 178
D20 0.0164 365 373 542 437
D20 0.0164 184 414 280 457
D20 0.0160 0 0 408 294
D20 0.0160 167 0 600 294
D20 0.0159 53 452 216 525
D20 0.0155 0 311 408 600
D20 0.0154 0 0 119 73
D20 0.0150 124 455 544 600
D20 0.0149 0 118 290 600
D20 0.0147 167 311 600 600
D20 0.0144 5 373 128 432
D20 0.0142 369 455 600 600
D20 0.0141 312 118 600 600
D20 0.0141 39 404 494 559
D20 0.0140 0 468 160 544
D20 0.0140 92 0 376 88
D20 0.0133 141 388 305 462
D20 0.0131 254 409 418 504
D20 0.0130 0 0 600 434
D20 0.0127 0 456 227 600
D20 0.0127 294 357 462 426
D20 0.0126 215 384 384 461
D20 0.0126 220 404 296 453
D20 0.0126 129 0 505 144
D20 0.0126 0 145 600 600
D20 0.0125 337 530 418 565
D20 0.0122 377 0 600 144
D20 0.0122 56 404 326 523
D20 0.0121 0 364 263 499
D20 0.0120 10 385 90 425
D20 0.0119 308 339 571 444
D20 0.0118 455 0 600 216
D20 0.0118 4 355 58 412
D20 0.0116 0 0 72 109
D20 0.0116 278 438 531 563
D20 0.0114 69 0 296 206
D20 0.0114 0 381 158 485
D20 0.0113 109 426 273 519
D20 0.0110 191 404 451 531
D20 0.0110 215 0 407 74
D20 0.0108 25 436 289 548
D20 0.0107 433 363 592 433
D20 0.0107 28 364 108 400
D20 0.0106 451 370 600 600
D20 0.0105 515 369 593 407
D20 0.0105 139 439 419 556
D20 0.0104 354 449 520 537
D20 0.0104 471 349 589 413
D20 0.0102 217 362 300 396
D20 0.0101 299 0 424 66
D20 0.0100 0 377 72 418
D40 0.0118 129 520 215 553
D40 0.0104 135 527 192 550
