D00 0.0731 328 427 355 482
D00 0.0577 1 429 143 527
D00 0.0563 321 414 362 491
D00 0.0530 320 420 348 473
D00 0.0515 70 402 140 432
D00 0.0506 3 406 147 489
D00 0.0457 312 403 353 478
D00 0.0454 9 396 154 449
D00 0.0441 336 434 362 490
D00 0.0438 43 407 135 444
D00 0.0420 329 424 370 510
D00 0.0414 84 397 143 422
D00 0.0410 311 404 336 455
D00 0.0401 75 452 136 515
D00 0.0390 47 391 137 428
D00 0.0388 304 411 386 506
D00 0.0384 263 392 286 432
D00 0.0382 302 394 326 443
D00 0.0375 255 398 280 437
D00 0.0367 48 468 129 516
D00 0.0363 294 388 317 433
D00 0.0352 49 411 175 511
D00 0.0348 21 415 143 464
D00 0.0342 92 405 154 428
D00 0.0341 247 428 268 480
D00 0.0337 78 392 166 428
D00 0.0323 322 439 360 469
D00 0.0315 87 472 127 512
D00 0.0313 64 414 132 436
D00 0.0311 303 392 343 469
D00 0.0301 43 430 149 491
D00 0.0296 17 456 114 527
D00 0.0292 71 486 123 514
D00 0.0291 315 410 347 448
D00 0.0290 37 403 113 434
D00 0.0286 80 405 164 446
D00 0.0284 332 429 380 483
D00 0.0279 102 397 165 421
D00 0.0278 3 423 94 500
D00 0.0276 71 386 138 416
D00 0.0273 311 419 339 471
D00 0.0272 314 426 366 467
D00 0.0268 59 396 127 421
D00 0.0265 66 410 193 473
D00 0.0264 99 397 184 437
D00 0.0258 4 379 145 435
D00 0.0258 0 416 54 476
D00 0.0257 25 412 102 442
D00 0.0249 248 398 287 425
D00 0.0245 277 393 310 427
D00 0.0244 270 391 295 431
D00 0.0244 118 393 187 423
D00 0.0243 74 423 157 470
D00 0.0243 15 390 106 428
D00 0.0241 0 408 88 447
D00 0.0241 301 379 325 425
D00 0.0238 38 483 107 520
D00 0.0234 238 429 261 478
D00 0.0233 112 439 179 470
D00 0.0233 255 408 279 458
D00 0.0232 114 405 192 449
D00 0.0231 115 424 194 467
D00 0.0229 330 420 366 458
D00 0.0228 247 410 271 459
D00 0.0226 70 417 138 451
D00 0.0226 294 382 333 455
D00 0.0224 0 420 66 453
D00 0.0222 93 443 155 506
D00 0.0222 246 445 268 497
D00 0.0222 92 414 175 460
D00 0.0221 44 386 121 414
D00 0.0221 0 430 46 512
D00 0.0221 319 422 360 450
D00 0.0221 239 421 274 499
D00 0.0217 128 401 193 433
D00 0.0215 317 433 353 504
D00 0.0215 114 404 174 428
D00 0.0213 310 388 335 435
D00 0.0213 96 463 135 504
D00 0.0213 63 446 164 529
D00 0.0212 0 402 68 433
D00 0.0211 1 393 78 423
D00 0.0208 256 381 279 426
D00 0.0208 94 413 153 435
D00 0.0207 98 386 171 415
D00 0.0206 456 531 488 564
D00 0.0206 47 423 116 446
D00 0.0203 282 394 325 439
D00 0.0203 404 465 431 516
D00 0.0201 6 449 77 521
D00 0.0201 81 431 184 487
D00 0.0200 296 427 358 492
D00 0.0200 103 429 169 464
D00 0.0200 344 436 372 490
D00 0.0198 329 419 428 507
D00 0.0197 329 448 370 478
D00 0.0197 282 403 337 488
D00 0.0197 327 450 358 492
D00 0.0197 286 412 370 473
D00 0.0196 127 433 182 460
D00 0.0195 137 408 201 464
D00 0.0192 254 428 276 479
D00 0.0191 332 445 390 514
D00 0.0191 303 409 328 460
D00 0.0191 339 451 363 509
D00 0.0190 2 427 43 464
D00 0.0190 84 396 212 452
D00 0.0189 129 385 193 414
D00 0.0189 37 450 122 503
D00 0.0186 315 414 406 474
D00 0.0186 144 396 196 420
D00 0.0186 102 447 167 477
D00 0.0183 59 427 132 462
D00 0.0183 26 475 80 523
D00 0.0182 147 423 209 483
D00 0.0182 241 395 279 471
D00 0.0180 139 398 216 438
D00 0.0180 133 441 190 467
D00 0.0178 321 437 401 490
D00 0.0178 2 414 61 438
D00 0.0177 267 404 317 428
D00 0.0177 291 404 333 430
D00 0.0176 90 433 145 479
D00 0.0176 247 393 273 432
D00 0.0176 103 417 205 498
D00 0.0174 0 475 118 544
D00 0.0173 11 385 87 414
D00 0.0173 302 413 343 439
D00 0.0173 30 396 94 419
D00 0.0172 100 443 154 467
D00 0.0168 135 423 189 449
D00 0.0167 1 430 30 480
D00 0.0167 145 414 196 439
D00 0.0166 11 487 91 528
D00 0.0166 230 405 269 484
D00 0.0166 155 405 205 449
D00 0.0165 105 472 142 510
D00 0.0163 35 497 88 521
D00 0.0163 117 413 173 437
D00 0.0162 395 444 439 519
D00 0.0162 292 396 332 422
D00 0.0162 16 451 225 549
D00 0.0161 19 405 85 430
D00 0.0161 82 441 135 491
D00 0.0161 54 478 111 509
D00 0.0159 70 475 151 518
D00 0.0159 300 2 381 48
D00 0.0159 157 393 220 423
D00 0.0159 235 436 264 503
D00 0.0158 304 431 349 459
D00 0.0157 305 442 364 515
D00 0.0155 117 441 205 482
D00 0.0155 320 403 376 466
D00 0.0154 259 401 370 508
D00 0.0154 19 424 86 446
D00 0.0153 238 411 262 460
D00 0.0153 151 442 212 500
D00 0.0152 152 427 194 462
D00 0.0152 164 405 214 429
D00 0.0151 154 387 206 410
D00 0.0150 123 404 223 480
D00 0.0148 294 423 408 537
D00 0.0148 33 458 91 512
D00 0.0148 131 527 180 550
D00 0.0148 469 338 494 386
D00 0.0148 296 417 353 455
D00 0.0147 344 423 393 498
D00 0.0147 35 427 109 458
D00 0.0147 124 450 183 474
D00 0.0147 250 388 287 449
D00 0.0146 313 448 356 477
D00 0.0146 318 414 360 438
D00 0.0145 27 431 114 479
D00 0.0144 0 380 200 543
D00 0.0144 346 453 372 507
D00 0.0143 250 438 279 502
D00 0.0143 73 469 123 499
D00 0.0143 7 475 59 524
D00 0.0142 42 486 146 536
D00 0.0142 17 498 69 522
D00 0.0142 183 395 234 419
D00 0.0141 385 456 431 509
D00 0.0141 293 370 317 414
D00 0.0141 91 451 143 474
D00 0.0140 427 536 481 561
D00 0.0140 52 496 109 520
D00 0.0139 184 387 234 410
D00 0.0139 450 533 514 565
D00 0.0139 350 433 452 516
D00 0.0138 164 445 202 481
D00 0.0138 125 419 168 454
D00 0.0137 258 386 312 434
D00 0.0137 105 454 145 491
D00 0.0137 0 418 36 454
D00 0.0135 39 420 261 520
D00 0.0135 174 432 208 492
D00 0.0135 63 380 193 431
D00 0.0134 304 440 351 468
D00 0.0134 164 414 213 439
D00 0.0134 447 544 497 566
D00 0.0133 247 419 285 469
D00 0.0133 404 452 463 516
D00 0.0132 275 8 393 74
D00 0.0132 310 405 351 429
D00 0.0131 406 481 442 518
D00 0.0131 2 436 77 471
D00 0.0130 92 459 140 485
D00 0.0130 98 422 153 448
D00 0.0129 367 441 425 506
D00 0.0129 51 437 125 471
D00 0.0129 483 544 539 569
D00 0.0127 144 451 199 476
D00 0.0127 355 431 401 482
D00 0.0127 349 436 388 474
D00 0.0126 0 0 70 134
D00 0.0125 0 385 87 466
D00 0.0125 281 399 307 445
D00 0.0125 0 415 83 553
D00 0.0125 397 445 526 514
D00 0.0125 277 375 328 431
D00 0.0124 448 524 482 559
D00 0.0124 1 445 28 499
D00 0.0123 8 432 72 456
D00 0.0122 333 423 380 450
D00 0.0122 371 433 406 495
D00 0.0122 147 414 228 458
D00 0.0122 174 396 224 438
D00 0.0122 234 401 268 433
D00 0.0122 0 398 46 457
D00 0.0121 411 459 439 510
D00 0.0120 466 357 495 391
D00 0.0120 88 489 125 521
D00 0.0120 404 485 430 528
D00 0.0120 283 387 323 413
D00 0.0120 0 388 50 429
D00 0.0119 107 431 170 515
D00 0.0119 296 14 372 63
D00 0.0119 295 7 358 41
D00 0.0119 163 415 201 474
D00 0.0118 81 442 135 467
D00 0.0118 256 387 295 414
D00 0.0118 0 405 40 429
D00 0.0118 155 441 203 468
D00 0.0118 149 382 228 417
D00 0.0117 277 433 347 511
D00 0.0117 169 388 246 427
D00 0.0117 0 444 54 482
D00 0.0115 341 432 390 459
D00 0.0115 330 458 372 486
D00 0.0115 257 370 293 438
D00 0.0115 350 453 388 492
D00 0.0115 459 348 489 387
D00 0.0115 97 487 147 512
D00 0.0115 263 401 316 484
D00 0.0113 168 457 213 503
D00 0.0113 95 428 139 464
D00 0.0113 306 382 337 416
D00 0.0113 182 404 234 428
D00 0.0113 46 372 130 409
D00 0.0112 464 544 520 567
D00 0.0112 468 527 494 567
D00 0.0112 164 423 213 447
D00 0.0112 136 379 188 401
D00 0.0112 101 420 154 489
D00 0.0112 0 360 119 509
D00 0.0111 315 392 348 426
D00 0.0111 298 418 332 483
D00 0.0111 81 408 137 481
D00 0.0111 362 439 398 502
D00 0.0111 144 415 243 498
D00 0.0110 344 418 374 465
D00 0.0110 237 441 278 467
D00 0.0110 158 460 206 485
D00 0.0109 493 541 564 572
D00 0.0109 290 400 322 463
D00 0.0109 72 376 136 404
D00 0.0108 168 423 229 484
D00 0.0108 173 384 211 414
D00 0.0108 93 468 135 541
D00 0.0107 300 423 513 517
D00 0.0107 210 382 245 415
D00 0.0107 139 377 201 423
D00 0.0107 384 448 412 500
D00 0.0107 0 375 67 404
D00 0.0107 0 485 48 531
D00 0.0107 323 393 358 455
D00 0.0107 227 421 252 467
D00 0.0106 0 455 31 523
D00 0.0106 396 473 455 512
D00 0.0106 474 537 528 563
D00 0.0105 420 529 498 565
D00 0.0105 343 454 421 522
D00 0.0105 202 396 253 419
D00 0.0104 237 450 278 477
D00 0.0104 225 397 275 422
D00 0.0104 125 396 257 454
D00 0.0104 172 427 208 462
D00 0.0103 258 425 289 461
D00 0.0103 343 449 392 478
D00 0.0103 109 454 177 487
D00 0.0103 265 399 352 452
D00 0.0103 254 401 293 483
D00 0.0103 193 378 241 400
D00 0.0103 229 403 274 448
D00 0.0103 86 468 177 512
D00 0.0103 394 449 422 502
D00 0.0102 155 379 206 400
D00 0.0102 332 454 549 551
D00 0.0102 72 469 107 514
D00 0.0102 308 17 359 48
D00 0.0102 231 447 285 511
D00 0.0102 460 453 523 515
D00 0.0101 298 373 328 405
D00 0.0101 0 0 44 80
D00 0.0101 458 527 503 556
D00 0.0100 270 407 295 456
D00 0.0100 111 376 178 404
D00 0.0100 370 469 474 520
D00 0.0100 492 538 547 563
D00 0.0100 237 433 278 456
D10 0.0116 1 449 47 476
D10 0.0107 394 498 442 522
D10 0.0104 1 453 66 492
D20 0.0490 255 404 296 428
D20 0.0268 249 397 287 437
D20 0.0217 243 398 318 435
D20 0.0192 239 405 283 428
D20 0.0182 307 432 464 516
D20 0.0171 260 411 307 437
D20 0.0169 0 0 210 145
D20 0.0167 2 409 240 528
D20 0.0164 0 381 84 419
D20 0.0158 299 3 399 55
D20 0.0149 0 0 114 73
D20 0.0145 255 390 291 454
D20 0.0145 31 0 230 75
D20 0.0144 44 458 479 600
D20 0.0144 249 408 285 458
D20 0.0143 0 0 408 294
D20 0.0142 167 0 600 294
D20 0.0135 0 311 408 600
D20 0.0135 0 456 226 600
D20 0.0131 240 411 281 438
D20 0.0131 0 118 290 600
D20 0.0130 238 412 393 502
D20 0.0129 255 422 295 447
D20 0.0127 167 311 600 600
D20 0.0126 0 0 334 100
D20 0.0126 360 439 522 519
D20 0.0123 312 118 600 600
D20 0.0122 374 455 600 600
D20 0.0121 477 538 563 575
D20 0.0121 316 413 571 525
D20 0.0121 455 0 600 220
D20 0.0119 0 0 72 108
D20 0.0118 0 416 112 522
D20 0.0117 222 404 295 446
D20 0.0117 18 441 291 551
D20 0.0116 0 0 600 434
D20 0.0114 315 0 412 38
D20 0.0114 400 530 491 565
D20 0.0109 0 145 600 600
D20 0.0108 258 0 415 67
D20 0.0108 337 459 470 523
D20 0.0107 94 0 302 74
D20 0.0107 126 524 186 551
D20 0.0105 0 347 153 425
D20 0.0103 241 411 317 456
D20 0.0102 283 0 379 37
D20 0.0102 377 476 460 521
D20 0.0102 316 410 484 492
D20 0.0101 452 369 600 600
D40 0.0446 253 400 283 433
D40 0.0183 437 440 595 524
D40 0.0143 137 526 189 549
D40 0.0128 478 468 584 525
D40 0.0122 461 451 572 510
D40 0.0114 399 425 561 507
D40 0.0109 442 446 518 488
D40 0.0107 378 407 600 530
D40 0.0105 513 481 600 523
