D00 0.0462 246 403 268 455
D00 0.0396 237 411 262 463
D00 0.0351 236 401 274 482
D00 0.0312 0 420 157 505
D00 0.0310 244 426 268 480
D00 0.0285 254 401 275 454
D00 0.0269 0 441 112 516
D00 0.0265 237 435 275 526
D00 0.0256 229 418 269 506
D00 0.0253 446 547 480 584
D00 0.0239 376 462 400 518
D00 0.0232 237 436 261 490
D00 0.0231 369 455 392 509
D00 0.0229 43 449 108 512
D00 0.0227 255 387 276 435
D00 0.0226 0 469 90 514
D00 0.0221 246 388 269 436
D00 0.0215 30 407 189 484
D00 0.0212 369 446 407 530
D00 0.0197 282 468 307 515
D00 0.0190 246 387 281 469
D00 0.0190 248 417 279 486
D00 0.0190 438 541 475 575
D00 0.0183 234 391 266 451
D00 0.0183 1 0 87 129
D00 0.0181 219 406 265 478
D00 0.0181 516 304 563 389
D00 0.0180 387 450 567 564
D00 0.0179 61 416 173 469
D00 0.0177 410 451 505 546
D00 0.0176 255 441 300 523
D00 0.0173 245 443 267 503
D00 0.0171 56 440 133 487
D00 0.0170 246 464 268 518
D00 0.0168 237 453 261 511
D00 0.0166 436 537 488 592
D00 0.0164 221 400 283 512
D00 0.0163 70 431 153 478
D00 0.0162 0 409 117 477
D00 0.0161 250 457 281 522
D00 0.0160 271 451 303 515
D00 0.0160 244 410 293 508
D00 0.0158 441 563 486 590
D00 0.0157 464 573 537 600
D00 0.0155 453 541 488 576
D00 0.0154 227 413 255 462
D00 0.0154 4 488 72 513
D00 0.0153 30 482 97 515
D00 0.0153 53 473 118 511
D00 0.0153 228 421 268 447
D00 0.0152 104 407 182 450
D00 0.0146 43 439 177 507
D00 0.0146 433 479 491 540
D00 0.0145 237 413 275 439
D00 0.0144 524 324 553 379
D00 0.0144 267 462 323 519
D00 0.0144 448 552 495 596
D00 0.0143 71 449 139 511
D00 0.0143 451 493 494 543
D00 0.0142 372 454 405 494
D00 0.0141 424 406 578 549
D00 0.0140 378 446 475 538
D00 0.0140 447 575 499 598
D00 0.0140 23 397 169 455
D00 0.0138 56 535 100 559
D00 0.0138 272 479 317 505
D00 0.0138 447 520 482 579
D00 0.0137 88 409 220 474
D00 0.0134 1 480 54 508
D00 0.0134 524 320 586 382
D00 0.0134 415 468 477 532
D00 0.0133 0 406 77 447
D00 0.0133 92 420 160 453
D00 0.0131 217 438 263 518
D00 0.0131 361 430 452 526
D00 0.0131 269 481 303 518
D00 0.0130 264 408 285 463
D00 0.0130 389 367 600 575
D00 0.0129 122 442 186 501
D00 0.0129 16 479 81 508
D00 0.0128 554 316 597 395
D00 0.0128 421 553 473 578
D00 0.0127 109 422 177 484
D00 0.0126 264 393 285 442
D00 0.0126 228 430 268 460
D00 0.0125 441 505 486 534
D00 0.0125 498 286 596 378
D00 0.0123 47 448 114 481
D00 0.0123 17 445 104 491
D00 0.0123 263 468 290 516
D00 0.0122 356 420 540 531
D00 0.0121 121 398 201 440
D00 0.0121 0 451 76 502
D00 0.0120 227 429 255 478
D00 0.0120 244 489 293 516
D00 0.0120 61 488 112 513
D00 0.0119 491 573 564 600
D00 0.0119 228 441 269 468
D00 0.0119 48 529 93 554
D00 0.0118 360 425 403 506
D00 0.0118 255 393 292 477
D00 0.0117 61 463 127 502
D00 0.0116 237 404 276 431
D00 0.0116 260 418 289 488
D00 0.0116 424 492 497 565
D00 0.0115 351 447 391 529
D00 0.0115 3 0 54 104
D00 0.0115 344 415 429 512
D00 0.0115 430 574 480 598
D00 0.0115 18 0 146 125
D00 0.0114 103 451 170 510
D00 0.0113 430 496 479 527
D00 0.0113 384 471 409 528
D00 0.0112 374 455 420 508
D00 0.0112 455 557 544 598
D00 0.0111 431 479 556 554
D00 0.0111 51 467 102 498
D00 0.0111 64 529 107 555
D00 0.0111 367 440 394 492
D00 0.0111 0 44 35 131
D00 0.0111 227 464 271 516
D00 0.0110 464 582 521 600
D00 0.0110 217 414 265 440
D00 0.0110 433 566 516 600
D00 0.0110 361 461 399 543
D00 0.0109 0 422 74 466
D00 0.0109 228 426 309 519
D00 0.0109 23 458 157 518
D00 0.0109 405 539 482 577
D00 0.0109 377 462 417 543
D00 0.0108 286 452 318 513
D00 0.0107 48 426 133 471
D00 0.0107 117 414 172 440
D00 0.0107 109 394 241 454
D00 0.0106 397 458 459 525
D00 0.0105 253 444 277 503
D00 0.0105 128 414 193 476
D00 0.0105 262 411 312 508
D00 0.0104 254 483 277 525
D00 0.0104 209 418 270 453
D00 0.0104 459 501 487 550
D00 0.0104 0 463 50 518
D00 0.0103 175 393 285 499
D00 0.0103 242 491 273 523
D00 0.0103 474 421 596 579
D00 0.0103 450 563 477 600
D00 0.0103 455 563 507 591
D00 0.0102 251 383 278 417
D00 0.0102 441 552 470 595
D00 0.0102 63 408 152 452
D00 0.0102 0 476 104 537
D00 0.0102 0 449 190 548
D00 0.0101 139 449 204 511
D00 0.0101 1 408 242 522
D00 0.0101 198 433 265 495
D00 0.0100 191 376 241 400
D00 0.0100 68 450 125 475
D10 0.0318 529 320 599 348
D10 0.0256 537 329 592 352
D10 0.0232 516 322 600 367
D10 0.0171 560 322 600 343
D10 0.0153 521 322 575 345
D10 0.0138 0 420 69 450
D10 0.0131 227 450 270 474
D10 0.0115 204 451 259 473
D10 0.0115 0 491 72 520
D10 0.0112 498 300 591 360
D10 0.0109 217 441 264 468
D10 0.0108 517 329 564 353
D10 0.0107 542 307 600 343
D10 0.0106 115 0 269 67
D10 0.0103 188 442 277 487
D20 0.0240 3 0 336 130
D20 0.0206 0 478 79 517
D20 0.0183 412 450 589 567
D20 0.0165 35 0 234 76
D20 0.0156 0 0 408 294
D20 0.0154 167 0 600 294
D20 0.0153 485 277 600 386
D20 0.0151 0 311 408 600
D20 0.0145 0 118 290 600
D20 0.0145 0 0 116 73
D20 0.0142 0 0 176 177
D20 0.0141 48 457 486 600
D20 0.0139 167 311 600 600
D20 0.0134 312 118 600 600
D20 0.0134 436 527 599 599
D20 0.0134 453 363 600 600
D20 0.0128 0 456 225 600
D20 0.0127 214 455 600 600
D20 0.0127 0 0 600 434
D20 0.0122 474 545 589 592
D20 0.0122 0 145 600 600
D20 0.0119 456 0 600 226
D20 0.0119 0 0 72 110
D20 0.0117 500 316 591 375
D20 0.0115 94 0 369 89
D20 0.0114 434 73 600 379
D20 0.0109 441 489 598 580
D20 0.0109 398 485 482 532
D20 0.0107 341 392 600 560
D20 0.0105 515 546 600 585
D20 0.0104 107 416 284 497
D20 0.0103 386 0 600 143
D20 0.0100 0 372 146 600
D40 0.0223 0 478 75 517
D40 0.0192 0 488 55 514
