D00 0.0452 229 385 278 412
D00 0.0435 248 380 283 415
D00 0.0432 202 396 259 419
D00 0.0396 239 373 278 407
D00 0.0380 292 440 330 523
D00 0.0377 381 433 429 457
D00 0.0364 301 455 324 511
D00 0.0363 197 384 265 416
D00 0.0339 293 456 317 509
D00 0.0317 371 425 420 450
D00 0.0294 3 427 136 491
D00 0.0291 181 387 245 412
D00 0.0290 205 375 272 407
D00 0.0279 349 424 406 447
D00 0.0269 239 395 286 419
D00 0.0267 347 410 389 442
D00 0.0265 7 412 156 471
D00 0.0254 333 422 389 445
D00 0.0251 361 432 417 455
D00 0.0245 257 372 290 405
D00 0.0245 195 403 251 425
D00 0.0239 222 372 283 419
D00 0.0232 345 399 376 438
D00 0.0232 283 449 323 502
D00 0.0228 148 447 181 513
D00 0.0220 431 477 478 524
D00 0.0220 170 395 238 417
D00 0.0218 432 469 458 518
D00 0.0217 305 447 336 518
D00 0.0216 249 366 283 398
D00 0.0215 256 390 290 422
D00 0.0214 147 384 220 415
D00 0.0210 176 382 285 423
D00 0.0209 1 449 102 503
D00 0.0207 232 369 278 394
D00 0.0205 23 398 173 453
D00 0.0204 455 492 490 528
D00 0.0203 338 397 382 423
D00 0.0203 123 442 185 505
D00 0.0203 193 378 251 404
D00 0.0201 72 406 159 446
D00 0.0197 389 441 439 464
D00 0.0197 341 417 426 454
D00 0.0197 58 416 176 463
D00 0.0196 90 397 174 438
D00 0.0192 244 384 274 423
D00 0.0188 336 406 367 442
D00 0.0187 390 425 436 452
D00 0.0186 360 415 410 442
D00 0.0185 168 373 253 411
D00 0.0181 126 392 199 422
D00 0.0179 0 441 52 501
D00 0.0179 0 0 67 128
D00 0.0178 366 426 441 462
D00 0.0176 44 426 181 492
D00 0.0174 345 388 391 433
D00 0.0173 450 485 477 530
D00 0.0172 464 560 499 595
D00 0.0170 103 450 170 511
D00 0.0170 179 395 261 430
D00 0.0170 117 398 237 440
D00 0.0169 350 404 398 432
D00 0.0169 117 400 186 432
D00 0.0168 329 391 376 432
D00 0.0168 425 456 467 528
D00 0.0168 297 479 326 520
D00 0.0166 150 440 177 491
D00 0.0166 327 413 379 451
D00 0.0165 21 442 167 507
D00 0.0164 159 455 184 508
D00 0.0163 45 415 131 457
D00 0.0162 392 418 422 458
D00 0.0162 263 457 325 517
D00 0.0161 218 403 275 426
D00 0.0161 118 384 241 425
D00 0.0160 277 414 336 527
D00 0.0160 302 392 326 428
D00 0.0159 459 573 506 598
D00 0.0159 397 434 447 458
D00 0.0158 0 435 73 480
D00 0.0157 441 480 503 534
D00 0.0157 71 452 142 509
D00 0.0155 173 379 234 404
D00 0.0155 440 484 468 529
D00 0.0154 310 472 333 523
D00 0.0153 329 400 356 436
D00 0.0152 51 407 212 478
D00 0.0151 289 446 319 486
D00 0.0151 423 488 472 516
D00 0.0151 375 430 423 471
D00 0.0150 213 387 245 423
D00 0.0150 141 434 202 497
D00 0.0150 384 424 414 462
D00 0.0149 142 456 170 507
D00 0.0148 244 371 300 421
D00 0.0148 469 486 495 532
D00 0.0148 298 425 327 494
D00 0.0146 205 388 270 435
D00 0.0146 440 462 467 510
D00 0.0145 379 411 417 447
D00 0.0145 1 0 42 81
D00 0.0144 264 414 316 506
D00 0.0144 342 400 406 450
D00 0.0143 0 459 65 519
D00 0.0143 114 414 171 438
D00 0.0143 167 390 294 446
D00 0.0142 108 416 205 501
D00 0.0142 474 574 527 599
D00 0.0142 270 468 318 495
D00 0.0142 301 425 350 521
D00 0.0142 93 437 161 495
D00 0.0141 353 396 399 420
D00 0.0141 415 477 462 524
D00 0.0141 448 506 499 531
D00 0.0141 62 433 148 477
D00 0.0140 21 425 113 467
D00 0.0140 47 455 115 511
D00 0.0140 111 428 178 486
D00 0.0139 343 432 399 455
D00 0.0139 137 435 174 496
D00 0.0139 74 392 238 454
D00 0.0138 218 433 280 494
D00 0.0136 236 358 290 408
D00 0.0135 240 404 288 427
D00 0.0135 0 452 34 493
D00 0.0134 213 383 319 424
D00 0.0134 232 392 282 432
D00 0.0133 86 414 148 439
D00 0.0133 363 406 393 447
D00 0.0133 257 397 312 419
D00 0.0132 308 399 334 433
D00 0.0132 0 436 110 536
D00 0.0131 143 457 202 516
D00 0.0130 444 474 481 512
D00 0.0130 205 401 254 445
D00 0.0129 257 387 309 411
D00 0.0129 13 470 106 514
D00 0.0129 458 494 505 537
D00 0.0129 400 523 432 552
D00 0.0129 424 479 470 507
D00 0.0128 423 469 450 517
D00 0.0128 103 383 187 421
D00 0.0128 374 416 404 455
D00 0.0128 330 415 394 467
D00 0.0128 186 396 284 484
D00 0.0128 115 396 175 421
D00 0.0127 45 442 132 487
D00 0.0127 55 466 126 501
D00 0.0127 318 400 343 434
D00 0.0127 439 457 485 530
D00 0.0127 211 403 330 509
D00 0.0126 141 404 202 427
D00 0.0126 400 426 430 463
D00 0.0126 97 419 168 448
D00 0.0126 287 427 343 493
D00 0.0125 493 575 548 599
D00 0.0125 96 405 158 431
D00 0.0125 404 507 429 550
D00 0.0124 155 401 232 428
D00 0.0124 284 442 310 493
D00 0.0123 415 492 484 526
D00 0.0123 69 428 141 460
D00 0.0123 243 414 300 503
D00 0.0123 226 455 293 507
D00 0.0122 495 545 597 595
D00 0.0121 461 550 520 600
D00 0.0121 364 440 416 464
D00 0.0121 220 380 255 417
D00 0.0120 71 381 210 433
D00 0.0120 124 402 227 483
D00 0.0120 332 411 459 463
D00 0.0119 258 377 308 399
D00 0.0119 197 367 264 397
D00 0.0118 126 411 195 440
D00 0.0118 252 406 365 514
D00 0.0117 207 404 269 467
D00 0.0117 221 393 253 432
D00 0.0117 344 383 379 417
D00 0.0117 76 423 138 447
D00 0.0117 101 448 172 480
D00 0.0117 64 403 136 435
D00 0.0116 139 378 208 408
D00 0.0116 282 477 323 506
D00 0.0116 310 439 334 494
D00 0.0116 125 387 186 412
D00 0.0116 282 464 312 513
D00 0.0114 165 412 267 501
D00 0.0114 231 390 306 451
D00 0.0114 230 457 266 491
D00 0.0113 140 459 186 486
D00 0.0113 18 438 96 471
D00 0.0113 0 465 38 514
D00 0.0112 79 474 152 509
D00 0.0112 1 449 48 478
D00 0.0111 272 386 295 426
D00 0.0111 392 513 425 545
D00 0.0111 200 373 298 436
D00 0.0111 112 454 179 491
D00 0.0111 83 394 154 425
D00 0.0111 131 418 194 478
D00 0.0111 333 426 370 459
D00 0.0111 0 401 84 485
D00 0.0111 298 385 329 416
D00 0.0110 290 468 332 496
D00 0.0110 505 571 576 600
D00 0.0110 108 472 144 509
D00 0.0109 238 464 274 496
D00 0.0108 81 455 150 490
D00 0.0108 161 390 205 419
D00 0.0108 0 468 46 496
D00 0.0108 130 451 179 477
D00 0.0108 206 394 238 431
D00 0.0107 455 551 492 586
D00 0.0107 349 424 413 478
D00 0.0106 240 448 318 500
D00 0.0106 304 425 364 486
D00 0.0106 141 468 186 496
D00 0.0106 285 464 325 538
D00 0.0106 469 556 554 599
D00 0.0106 0 454 72 490
D00 0.0106 196 413 248 436
D00 0.0106 294 391 319 427
D00 0.0106 198 444 267 500
D00 0.0106 126 462 165 502
D00 0.0105 368 400 406 436
D00 0.0105 498 488 596 581
D00 0.0105 315 448 347 516
D00 0.0105 415 460 461 510
D00 0.0105 532 569 598 599
D00 0.0104 6 0 134 117
D00 0.0104 231 422 265 491
D00 0.0104 410 455 594 565
D00 0.0104 53 479 108 505
D00 0.0104 91 464 161 501
D00 0.0104 205 381 238 417
D00 0.0103 384 405 430 467
D00 0.0103 325 406 360 458
D00 0.0102 52 437 124 469
D00 0.0102 314 417 350 449
D00 0.0102 117 442 154 504
D00 0.0102 482 560 520 595
D00 0.0102 245 379 288 443
D00 0.0101 289 416 404 528
D00 0.0101 233 430 342 536
D00 0.0101 260 369 309 390
D00 0.0101 0 438 34 474
D00 0.0101 478 487 504 533
D00 0.0101 385 437 430 483
D00 0.0100 109 467 198 513
D00 0.0100 414 455 508 538
D00 0.0100 109 415 191 455
D00 0.0100 129 383 264 466
D00 0.0100 189 414 253 478
D10 0.0180 230 462 333 501
D10 0.0169 246 470 311 493
D10 0.0161 230 470 287 492
D10 0.0154 238 463 299 487
D10 0.0149 258 462 316 488
D10 0.0141 205 461 295 500
D10 0.0133 223 462 275 487
D10 0.0132 92 0 287 76
D10 0.0120 213 470 268 493
D10 0.0116 543 242 600 272
D10 0.0108 143 0 320 53
D10 0.0105 465 507 516 533
D10 0.0104 5 494 79 524
D20 0.0474 298 406 353 428
D20 0.0464 333 414 386 438
D20 0.0451 326 406 378 432
D20 0.0445 296 402 392 435
D20 0.0292 291 399 339 423
D20 0.0292 327 406 404 444
D20 0.0260 283 398 416 446
D20 0.0255 306 413 365 434
D20 0.0247 275 400 363 431
D20 0.0245 0 0 297 132
D20 0.0222 306 399 360 424
D20 0.0207 342 397 391 439
D20 0.0207 333 416 420 452
D20 0.0181 280 405 334 427
D20 0.0178 48 460 471 600
D20 0.0174 1 434 180 510
D20 0.0174 191 394 269 431
D20 0.0173 145 378 280 427
D20 0.0171 302 410 428 461
D20 0.0170 111 416 286 502
D20 0.0169 443 512 597 592
D20 0.0168 420 487 509 530
D20 0.0167 322 386 382 437
D20 0.0167 7 0 198 76
D20 0.0165 244 392 347 425
D20 0.0163 224 393 403 456
D20 0.0159 0 0 408 294
D20 0.0157 167 0 600 294
D20 0.0155 0 0 178 181
D20 0.0154 69 0 442 145
D20 0.0151 0 311 408 600
D20 0.0150 132 387 290 454
D20 0.0149 371 0 600 145
D20 0.0148 49 419 215 499
D20 0.0147 0 457 230 600
D20 0.0146 167 311 600 600
D20 0.0145 0 118 290 600
D20 0.0144 335 395 372 441
D20 0.0144 152 398 315 484
D20 0.0141 312 118 600 600
D20 0.0139 0 0 89 91
D20 0.0138 479 545 587 595
D20 0.0136 261 382 399 433
D20 0.0133 2 412 255 523
D20 0.0132 304 408 340 436
D20 0.0129 0 0 600 434
D20 0.0128 248 406 419 477
D20 0.0128 198 458 600 600
D20 0.0126 421 475 580 557
D20 0.0126 454 0 600 215
D20 0.0125 189 416 351 504
D20 0.0123 0 145 600 600
D20 0.0121 84 0 309 75
D20 0.0120 292 0 481 76
D20 0.0120 113 521 289 588
D20 0.0119 371 494 579 588
D20 0.0118 229 0 478 122
D20 0.0117 205 391 333 448
D20 0.0117 267 398 323 420
D20 0.0116 296 415 385 453
D20 0.0116 242 400 308 429
D20 0.0116 466 527 572 583
D20 0.0116 438 501 566 568
D20 0.0113 135 0 424 89
D20 0.0112 439 497 528 537
D20 0.0111 60 485 332 592
D20 0.0110 91 440 223 509
D20 0.0108 129 407 262 473
D20 0.0107 107 414 540 573
D20 0.0105 0 374 148 600
D20 0.0105 0 432 322 566
D20 0.0104 291 389 335 412
D20 0.0102 19 391 236 477
D20 0.0101 339 388 412 432
D20 0.0100 407 531 570 600
D20 0.0100 138 0 371 215
D40 0.0292 177 381 262 417
D40 0.0215 174 529 269 563
D40 0.0204 139 382 227 417
D40 0.0188 180 535 242 557
D40 0.0144 207 536 271 558
D40 0.0128 148 520 314 588
D40 0.0126 175 533 290 580
D40 0.0126 487 536 562 579
D40 0.0118 211 530 303 562
D40 0.0114 96 374 263 433
D40 0.0113 154 527 235 561
D40 0.0113 258 536 309 560
D40 0.0111 497 544 549 569
D40 0.0104 280 367 325 388
D40 0.0102 488 537 542 560
