D00 0.0814 358 481 380 532
D00 0.0620 336 390 372 426
D00 0.0612 250 371 281 404
D00 0.0516 350 473 373 527
D00 0.0475 351 457 386 534
D00 0.0417 365 482 388 533
D00 0.0374 236 376 277 400
D00 0.0363 335 407 370 442
D00 0.0354 380 539 415 574
D00 0.0353 181 382 217 414
D00 0.0340 242 364 275 396
D00 0.0338 328 397 366 434
D00 0.0330 252 377 296 400
D00 0.0327 322 388 371 413
D00 0.0311 1 425 124 495
D00 0.0310 258 380 290 413
D00 0.0295 176 377 220 401
D00 0.0291 168 394 214 420
D00 0.0287 335 414 396 542
D00 0.0280 318 384 376 434
D00 0.0275 242 380 275 412
D00 0.0272 333 446 373 533
D00 0.0271 358 473 396 528
D00 0.0262 357 446 408 549
D00 0.0259 13 410 141 475
D00 0.0254 256 382 279 427
D00 0.0254 426 542 468 576
D00 0.0253 16 460 101 505
D00 0.0253 379 456 496 576
D00 0.0247 218 447 240 500
D00 0.0246 353 545 407 570
D00 0.0244 159 386 209 411
D00 0.0240 351 497 389 526
D00 0.0240 311 395 366 421
D00 0.0238 367 535 432 567
D00 0.0236 67 416 146 459
D00 0.0235 45 444 109 502
D00 0.0230 332 394 386 450
D00 0.0229 391 527 489 581
D00 0.0225 0 452 67 513
D00 0.0225 356 488 453 578
D00 0.0224 347 538 426 577
D00 0.0221 363 437 437 560
D00 0.0220 256 363 290 396
D00 0.0217 402 497 478 573
D00 0.0217 519 574 595 600
D00 0.0217 52 469 102 496
D00 0.0217 340 403 389 431
D00 0.0213 340 453 364 515
D00 0.0213 0 423 78 469
D00 0.0211 317 398 380 524
D00 0.0210 330 423 374 446
D00 0.0210 46 424 130 468
D00 0.0209 241 361 289 412
D00 0.0206 2 395 132 454
D00 0.0204 342 414 391 440
D00 0.0204 355 414 408 514
D00 0.0200 411 441 544 558
D00 0.0199 337 396 391 486
D00 0.0199 61 397 118 419
D00 0.0199 365 541 412 584
D00 0.0198 25 415 113 458
D00 0.0196 6 474 75 510
D00 0.0196 42 478 95 505
D00 0.0196 334 403 440 528
D00 0.0195 0 0 73 137
D00 0.0195 373 552 422 576
D00 0.0194 65 432 143 476
D00 0.0192 25 434 96 495
D00 0.0191 75 411 140 443
D00 0.0191 90 420 156 452
D00 0.0188 354 470 383 515
D00 0.0188 52 460 103 487
D00 0.0188 341 466 392 559
D00 0.0186 81 424 134 449
D00 0.0185 261 386 308 409
D00 0.0184 45 406 131 448
D00 0.0183 80 432 133 458
D00 0.0183 0 406 84 449
D00 0.0183 389 469 451 566
D00 0.0182 155 379 221 417
D00 0.0181 64 401 131 431
D00 0.0179 342 492 384 535
D00 0.0178 418 477 495 557
D00 0.0178 343 424 392 447
D00 0.0178 393 535 421 577
D00 0.0177 0 439 75 489
D00 0.0176 73 394 140 422
D00 0.0175 292 385 365 414
D00 0.0175 374 482 399 533
D00 0.0174 211 435 247 511
D00 0.0172 339 438 363 491
D00 0.0172 329 385 361 423
D00 0.0172 372 434 472 534
D00 0.0172 358 501 381 548
D00 0.0172 35 394 106 422
D00 0.0172 375 531 403 571
D00 0.0172 72 527 119 554
D00 0.0172 330 438 354 490
D00 0.0171 371 457 403 527
D00 0.0170 379 525 440 574
D00 0.0170 226 447 248 500
D00 0.0169 331 423 371 506
D00 0.0169 227 369 273 405
D00 0.0168 190 390 226 423
D00 0.0168 24 402 97 431
D00 0.0167 100 410 164 443
D00 0.0167 408 520 536 585
D00 0.0167 250 370 300 422
D00 0.0166 330 412 357 454
D00 0.0165 32 419 151 522
D00 0.0164 408 535 471 588
D00 0.0164 0 434 106 536
D00 0.0163 164 375 205 404
D00 0.0162 118 404 168 430
D00 0.0162 140 393 209 422
D00 0.0161 54 447 119 482
D00 0.0161 392 536 446 562
D00 0.0161 315 387 418 499
D00 0.0161 348 446 372 505
D00 0.0160 400 460 479 538
D00 0.0160 34 410 106 442
D00 0.0159 74 398 159 437
D00 0.0159 383 540 431 584
D00 0.0158 128 396 178 420
D00 0.0158 185 371 229 408
D00 0.0157 342 509 438 562
D00 0.0157 392 544 446 571
D00 0.0156 390 525 425 556
D00 0.0155 305 382 393 455
D00 0.0155 268 378 322 399
D00 0.0154 91 424 154 482
D00 0.0154 71 441 138 499
D00 0.0154 68 402 164 478
D00 0.0153 89 405 144 428
D00 0.0153 265 440 305 519
D00 0.0153 377 520 421 564
D00 0.0152 427 461 571 534
D00 0.0152 278 387 334 410
D00 0.0152 0 403 69 432
D00 0.0152 176 369 221 392
D00 0.0151 344 413 374 454
D00 0.0150 396 548 464 581
D00 0.0150 266 390 300 424
D00 0.0149 420 537 468 564
D00 0.0149 225 386 271 408
D00 0.0149 51 405 110 427
D00 0.0149 325 489 421 573
D00 0.0148 318 433 424 554
D00 0.0148 393 529 446 551
D00 0.0148 62 455 128 491
D00 0.0148 215 404 263 430
D00 0.0147 63 388 116 412
D00 0.0146 79 441 133 466
D00 0.0146 494 572 563 600
D00 0.0145 0 430 50 479
D00 0.0145 531 564 600 595
D00 0.0144 5 487 58 514
D00 0.0144 175 403 224 428
D00 0.0143 356 485 397 565
D00 0.0143 366 456 391 516
D00 0.0143 329 380 374 403
D00 0.0143 390 508 453 587
D00 0.0143 138 387 191 410
D00 0.0142 368 433 425 494
D00 0.0142 281 395 383 441
D00 0.0142 324 397 366 467
D00 0.0141 396 488 550 578
D00 0.0141 51 395 178 451
D00 0.0141 356 506 399 531
D00 0.0140 40 465 84 500
D00 0.0140 263 392 288 435
D00 0.0140 352 404 383 447
D00 0.0140 361 535 400 566
D00 0.0140 0 64 66 131
D00 0.0139 0 413 50 461
D00 0.0139 283 393 354 423
D00 0.0139 61 478 111 504
D00 0.0139 312 413 362 438
D00 0.0139 89 527 141 553
D00 0.0139 327 444 358 521
D00 0.0139 55 460 117 511
D00 0.0138 375 486 467 547
D00 0.0138 248 370 326 406
D00 0.0137 353 414 402 456
D00 0.0137 252 398 282 433
D00 0.0137 376 528 419 595
D00 0.0135 81 388 133 411
D00 0.0135 35 437 103 472
D00 0.0135 22 397 83 420
D00 0.0135 344 405 416 474
D00 0.0134 426 508 487 587
D00 0.0134 22 483 93 513
D00 0.0134 116 423 167 447
D00 0.0133 327 427 360 459
D00 0.0133 21 414 82 438
D00 0.0133 105 428 146 461
D00 0.0132 376 444 419 526
D00 0.0132 338 480 370 522
D00 0.0132 246 394 286 421
D00 0.0132 325 477 386 532
D00 0.0131 61 414 118 438
D00 0.0131 31 423 89 448
D00 0.0131 270 396 321 420
D00 0.0131 127 413 176 438
D00 0.0131 221 392 257 424
D00 0.0130 366 502 411 579
D00 0.0130 0 476 48 521
D00 0.0130 215 378 267 398
D00 0.0130 342 461 431 594
D00 0.0130 101 394 168 423
D00 0.0129 433 457 514 571
D00 0.0129 192 387 243 410
D00 0.0129 300 377 369 405
D00 0.0129 192 378 243 399
D00 0.0129 263 381 351 416
D00 0.0128 139 378 190 400
D00 0.0128 422 506 521 564
D00 0.0127 111 398 172 450
D00 0.0127 286 379 346 399
D00 0.0127 337 421 364 465
D00 0.0127 51 424 109 448
D00 0.0125 202 392 238 424
D00 0.0125 257 428 297 504
D00 0.0125 136 404 190 429
D00 0.0125 270 369 297 408
D00 0.0124 295 400 363 432
D00 0.0124 3 432 63 458
D00 0.0123 114 389 194 427
D00 0.0122 557 571 598 600
D00 0.0122 112 528 161 553
D00 0.0122 0 391 85 427
D00 0.0122 387 453 445 514
D00 0.0121 357 447 382 504
D00 0.0121 363 422 411 468
D00 0.0121 365 502 390 551
D00 0.0121 64 459 95 503
D00 0.0121 246 393 270 435
D00 0.0120 356 429 401 479
D00 0.0120 229 377 283 431
D00 0.0120 4 423 63 449
D00 0.0120 120 388 170 410
D00 0.0119 165 399 205 430
D00 0.0119 344 488 432 544
D00 0.0119 0 33 135 133
D00 0.0119 375 428 511 495
D00 0.0119 234 378 263 417
D00 0.0118 330 432 374 454
D00 0.0118 433 526 473 580
D00 0.0118 168 388 253 425
D00 0.0118 98 441 148 466
D00 0.0117 43 388 98 412
D00 0.0117 361 423 411 447
D00 0.0117 259 368 309 391
D00 0.0117 104 440 163 504
D00 0.0117 48 383 133 418
D00 0.0116 135 372 217 407
D00 0.0116 323 431 364 478
D00 0.0116 319 389 351 428
D00 0.0115 273 441 297 489
D00 0.0115 69 469 122 496
D00 0.0115 52 433 109 457
D00 0.0115 0 406 70 508
D00 0.0115 31 432 89 457
D00 0.0114 337 523 407 573
D00 0.0114 0 432 39 513
D00 0.0114 43 451 96 478
D00 0.0114 157 369 208 391
D00 0.0113 222 414 273 436
D00 0.0113 471 551 588 595
D00 0.0113 264 440 288 489
D00 0.0113 331 498 379 524
D00 0.0112 345 432 393 455
D00 0.0112 79 450 132 476
D00 0.0112 379 446 415 483
D00 0.0112 312 424 361 446
D00 0.0111 401 529 456 569
D00 0.0111 364 497 409 524
D00 0.0111 194 404 247 428
D00 0.0110 13 470 70 497
D00 0.0109 342 423 377 485
D00 0.0108 303 413 356 507
D00 0.0108 411 470 459 517
D00 0.0108 273 455 297 509
D00 0.0108 168 380 200 417
D00 0.0108 35 469 100 518
D00 0.0108 325 380 472 576
D00 0.0108 68 437 110 472
D00 0.0107 431 478 479 527
D00 0.0107 460 453 598 562
D00 0.0107 13 379 148 434
D00 0.0107 63 419 116 490
D00 0.0107 360 467 448 527
D00 0.0107 383 461 429 485
D00 0.0107 215 368 267 390
D00 0.0106 110 415 172 470
D00 0.0106 438 487 550 543
D00 0.0106 385 474 410 527
D00 0.0105 217 442 258 492
D00 0.0105 321 544 408 586
D00 0.0105 264 455 288 509
D00 0.0105 268 438 300 472
D00 0.0105 211 360 281 396
D00 0.0105 520 567 574 594
D00 0.0104 64 0 258 94
D00 0.0104 318 432 349 495
D00 0.0104 287 396 377 478
D00 0.0104 99 388 153 410
D00 0.0104 233 394 261 434
D00 0.0103 258 380 313 430
D00 0.0103 337 376 366 416
D00 0.0103 0 0 175 107
D00 0.0103 177 368 221 428
D00 0.0103 140 369 189 391
D00 0.0103 12 458 135 525
D00 0.0103 371 524 406 557
D00 0.0103 374 440 402 489
D00 0.0103 81 402 134 470
D00 0.0103 432 538 515 595
D00 0.0103 320 402 349 443
D00 0.0102 344 552 402 576
D00 0.0102 359 415 412 439
D00 0.0102 90 413 179 499
D00 0.0102 2 409 42 444
D00 0.0102 0 0 43 82
D00 0.0102 0 426 33 464
D00 0.0102 65 523 149 558
D00 0.0101 350 416 453 463
D00 0.0101 209 449 234 500
D00 0.0101 212 384 248 413
D00 0.0101 52 488 103 511
D00 0.0101 561 565 600 590
D00 0.0101 75 406 161 538
D00 0.0100 348 439 392 491
D00 0.0100 83 522 112 559
D00 0.0100 0 51 87 158
D00 0.0100 416 525 456 557
D00 0.0100 73 450 103 496
D00 0.0100 377 443 453 489
D00 0.0100 0 0 143 240
D00 0.0100 248 440 288 518
D10 0.0142 402 529 455 551
D10 0.0132 411 519 459 543
D10 0.0128 0 441 51 467
D10 0.0126 343 538 400 562
D10 0.0126 326 542 403 571
D10 0.0111 65 0 217 65
D10 0.0102 32 29 282 132
D10 0.0101 395 519 443 544
D20 0.0480 336 393 379 421
D20 0.0403 0 0 312 134
D20 0.0395 348 440 592 573
D20 0.0324 319 387 383 431
D20 0.0321 334 488 552 584
D20 0.0305 338 388 390 412
D20 0.0255 131 409 562 572
D20 0.0253 388 536 472 577
D20 0.0241 331 383 401 421
D20 0.0238 260 495 486 586
D20 0.0237 566 63 600 146
D20 0.0236 333 395 403 439
D20 0.0235 209 455 600 600
D20 0.0234 361 519 486 585
D20 0.0196 369 531 454 569
D20 0.0195 317 401 385 446
D20 0.0195 0 0 171 119
D20 0.0186 0 458 421 600
D20 0.0182 326 538 416 576
D20 0.0176 0 0 116 74
D20 0.0176 287 396 371 435
D20 0.0173 80 0 470 136
D20 0.0172 377 426 550 507
D20 0.0171 326 441 480 573
D20 0.0170 25 0 238 77
D20 0.0167 305 527 476 600
D20 0.0167 284 382 373 418
D20 0.0167 405 545 510 591
D20 0.0166 360 523 570 600
D20 0.0164 167 0 600 294
D20 0.0164 0 0 408 294
D20 0.0164 367 542 450 583
D20 0.0163 0 311 408 600
D20 0.0160 149 489 444 591
D20 0.0156 0 118 290 600
D20 0.0156 422 543 564 597
D20 0.0154 265 377 395 431
D20 0.0154 352 414 517 545
D20 0.0151 389 521 468 561
D20 0.0150 0 0 219 216
D20 0.0149 167 311 600 600
D20 0.0145 0 0 73 111
D20 0.0143 495 570 579 600
D20 0.0143 312 118 600 600
D20 0.0136 570 84 599 129
D20 0.0134 0 0 600 434
D20 0.0133 209 401 269 432
D20 0.0132 449 372 600 600
D20 0.0132 0 145 600 600
D20 0.0130 201 389 278 427
D20 0.0129 542 52 600 181
D20 0.0129 332 486 416 532
D20 0.0128 262 389 352 426
D20 0.0126 91 0 381 89
D20 0.0123 331 378 388 407
D20 0.0123 283 522 427 583
D20 0.0121 374 0 600 143
D20 0.0120 255 0 454 75
D20 0.0119 340 411 509 486
D20 0.0115 415 484 600 586
D20 0.0114 228 459 444 565
D20 0.0113 295 391 531 600
D20 0.0113 174 526 402 600
D20 0.0112 455 0 600 217
D20 0.0111 474 526 600 600
D20 0.0109 0 413 179 600
D20 0.0108 37 521 121 557
D20 0.0106 343 409 422 447
D20 0.0105 260 0 514 116
D20 0.0105 315 545 429 593
D20 0.0103 0 35 119 142
D20 0.0101 466 420 600 524
D20 0.0101 529 0 600 107
D20 0.0100 299 359 593 523
D20 0.0100 134 0 370 211
D40 0.0449 338 391 377 426
D40 0.0351 423 428 600 505
D40 0.0345 431 551 477 580
D40 0.0282 423 540 497 581
D40 0.0280 364 417 600 544
D40 0.0263 422 545 470 574
D40 0.0226 470 435 592 487
D40 0.0216 421 419 576 473
D40 0.0204 442 448 600 541
D40 0.0182 494 448 596 505
D40 0.0153 399 421 522 465
D40 0.0151 440 547 494 573
D40 0.0150 417 433 543 485
D40 0.0138 428 537 474 565
D40 0.0128 335 380 382 403
D40 0.0121 431 532 478 592
D40 0.0120 310 538 400 575
D40 0.0116 533 428 600 495
D40 0.0114 221 535 274 559
D40 0.0112 467 443 568 513
D40 0.0112 431 551 515 592
D40 0.0111 448 419 536 455
D40 0.0107 475 466 589 526
D40 0.0106 437 561 488 588
D40 0.0103 347 416 422 456
D40 0.0101 495 420 598 467
D40 0.0101 389 410 533 498
