D00 0.0430 98 416 182 458
D00 0.0390 117 412 187 446
D00 0.0382 475 539 509 573
D00 0.0356 338 410 364 463
D00 0.0351 70 410 196 471
D00 0.0330 9 420 181 501
D00 0.0326 82 425 170 468
D00 0.0319 144 414 198 440
D00 0.0310 102 401 206 448
D00 0.0284 326 408 359 446
D00 0.0271 331 401 371 484
D00 0.0267 5 440 136 516
D00 0.0260 103 424 170 449
D00 0.0259 457 537 505 565
D00 0.0257 90 404 208 507
D00 0.0256 194 378 241 401
D00 0.0248 150 401 210 436
D00 0.0247 185 385 233 409
D00 0.0246 41 430 163 488
D00 0.0236 1 413 145 474
D00 0.0230 132 419 178 452
D00 0.0228 338 418 382 472
D00 0.0227 136 406 203 460
D00 0.0218 322 391 363 463
D00 0.0217 333 401 366 439
D00 0.0207 138 406 190 432
D00 0.0204 26 401 182 453
D00 0.0201 453 537 530 575
D00 0.0200 340 409 376 448
D00 0.0198 330 421 371 449
D00 0.0198 114 431 172 456
D00 0.0198 304 399 389 491
D00 0.0196 122 401 219 481
D00 0.0195 256 409 278 462
D00 0.0194 103 416 172 440
D00 0.0191 102 426 199 488
D00 0.0191 70 437 192 513
D00 0.0190 337 411 392 504
D00 0.0190 167 395 214 420
D00 0.0187 347 427 393 479
D00 0.0187 319 404 360 432
D00 0.0187 282 457 306 507
D00 0.0186 470 551 514 576
D00 0.0184 331 416 355 471
D00 0.0184 10 468 121 523
D00 0.0183 163 413 214 439
D00 0.0183 265 431 307 512
D00 0.0182 481 544 534 571
D00 0.0179 92 392 243 461
D00 0.0178 361 435 396 474
D00 0.0177 264 409 287 462
D00 0.0177 2 431 107 489
D00 0.0176 0 459 66 524
D00 0.0176 72 422 149 453
D00 0.0173 176 386 223 428
D00 0.0172 107 404 182 436
D00 0.0172 469 532 497 572
D00 0.0168 310 395 355 441
D00 0.0166 127 425 192 460
D00 0.0165 191 389 228 422
D00 0.0163 439 536 489 562
D00 0.0163 75 433 141 494
D00 0.0161 320 412 409 469
D00 0.0161 256 402 295 483
D00 0.0161 139 398 241 446
D00 0.0160 301 408 355 505
D00 0.0159 87 432 150 457
D00 0.0158 180 399 219 434
D00 0.0156 153 421 206 448
D00 0.0155 350 418 387 457
D00 0.0154 53 418 261 521
D00 0.0154 0 447 191 554
D00 0.0154 177 377 226 402
D00 0.0152 200 386 252 408
D00 0.0151 168 386 216 409
D00 0.0151 357 435 383 487
D00 0.0151 90 440 162 503
D00 0.0151 333 404 428 490
D00 0.0147 255 394 278 442
D00 0.0144 273 447 299 500
D00 0.0144 348 435 374 488
D00 0.0143 44 425 137 466
D00 0.0142 322 416 363 502
D00 0.0141 314 405 385 454
D00 0.0141 43 447 159 528
D00 0.0140 282 407 334 506
D00 0.0139 264 427 288 480
D00 0.0139 248 386 286 467
D00 0.0139 26 493 91 526
D00 0.0139 351 417 449 507
D00 0.0139 392 434 487 524
D00 0.0138 37 483 100 521
D00 0.0138 357 421 400 498
D00 0.0137 25 391 219 485
D00 0.0137 246 401 269 453
D00 0.0137 124 423 219 520
D00 0.0136 336 432 367 474
D00 0.0135 84 445 149 482
D00 0.0135 144 392 203 426
D00 0.0135 268 419 300 490
D00 0.0134 328 389 356 436
D00 0.0134 110 452 177 510
D00 0.0133 116 428 171 478
D00 0.0131 0 412 101 534
D00 0.0131 65 454 130 511
D00 0.0131 281 442 324 518
D00 0.0130 209 379 262 400
D00 0.0129 321 421 410 517
D00 0.0129 442 526 501 572
D00 0.0129 204 378 233 415
D00 0.0129 320 403 348 449
D00 0.0128 257 395 320 512
D00 0.0128 196 370 241 394
D00 0.0128 424 452 481 519
D00 0.0128 171 379 243 415
D00 0.0128 364 437 410 487
D00 0.0128 1 486 99 538
D00 0.0128 286 387 370 517
D00 0.0127 125 382 222 432
D00 0.0127 5 483 74 521
D00 0.0126 273 412 315 498
D00 0.0126 0 449 85 498
D00 0.0126 331 430 373 457
D00 0.0125 0 53 34 139
D00 0.0125 472 530 548 572
D00 0.0124 89 440 146 467
D00 0.0124 319 395 360 421
D00 0.0123 373 431 402 478
D00 0.0123 263 394 288 441
D00 0.0123 0 424 60 485
D00 0.0122 54 468 106 516
D00 0.0122 63 468 173 520
D00 0.0121 298 404 347 430
D00 0.0121 274 465 316 512
D00 0.0121 349 434 390 520
D00 0.0120 39 462 118 507
D00 0.0120 66 436 134 472
D00 0.0119 0 396 120 454
D00 0.0119 265 397 354 492
D00 0.0119 149 386 199 452
D00 0.0119 471 523 513 581
D00 0.0119 329 436 372 520
D00 0.0118 306 391 341 426
D00 0.0117 0 0 72 135
D00 0.0116 52 411 147 448
D00 0.0115 399 460 517 531
D00 0.0115 10 478 150 541
D00 0.0115 147 526 196 552
D00 0.0115 373 447 468 510
D00 0.0114 250 392 283 424
D00 0.0114 166 383 216 449
D00 0.0114 125 474 166 508
D00 0.0113 238 403 279 480
D00 0.0113 144 408 239 503
D00 0.0113 282 398 374 448
D00 0.0113 246 388 269 430
D00 0.0113 165 382 200 415
D00 0.0112 73 466 142 500
D00 0.0112 432 521 564 581
D00 0.0112 196 373 227 408
D00 0.0112 182 372 254 406
D00 0.0111 55 458 121 490
D00 0.0111 236 410 259 461
D00 0.0111 246 418 270 469
D00 0.0111 394 439 439 521
D00 0.0111 336 387 380 460
D00 0.0111 272 410 297 462
D00 0.0110 77 381 203 441
D00 0.0110 127 412 179 491
D00 0.0110 290 457 315 507
D00 0.0110 166 397 198 440
D00 0.0110 262 396 310 419
D00 0.0110 228 418 249 469
D00 0.0109 336 404 379 430
D00 0.0109 255 427 279 479
D00 0.0109 454 541 512 598
D00 0.0109 166 403 229 462
D00 0.0109 366 418 423 478
D00 0.0109 363 431 407 461
D00 0.0108 25 400 153 538
D00 0.0108 340 440 383 469
D00 0.0108 307 395 422 459
D00 0.0108 344 414 389 440
D00 0.0108 365 415 394 465
D00 0.0107 0 407 75 448
D00 0.0107 109 483 178 514
D00 0.0107 13 498 69 524
D00 0.0106 171 416 211 452
D00 0.0106 247 422 296 519
D00 0.0106 186 379 217 418
D00 0.0105 372 441 418 470
D00 0.0105 82 475 156 508
D00 0.0105 354 423 398 449
D00 0.0105 375 433 434 496
D00 0.0105 444 464 590 530
D00 0.0105 130 439 192 506
D00 0.0105 23 468 80 519
D00 0.0104 78 417 141 439
D00 0.0104 279 396 328 420
D00 0.0104 348 449 393 475
D00 0.0103 264 387 306 465
D00 0.0103 253 388 301 411
D00 0.0102 148 408 180 449
D00 0.0102 317 408 351 477
D00 0.0102 81 461 134 486
D00 0.0102 293 382 350 436
D00 0.0102 339 444 382 498
D00 0.0101 33 444 123 487
D00 0.0101 282 387 306 429
D00 0.0101 236 410 352 524
D00 0.0101 0 485 48 531
D00 0.0101 220 382 255 411
D00 0.0100 448 500 583 568
D00 0.0100 50 497 103 522
D00 0.0100 3 415 98 459
D00 0.0100 404 458 468 525
D10 0.0173 0 441 78 488
D10 0.0142 108 479 166 505
D10 0.0128 0 451 53 476
D10 0.0126 91 470 180 511
D10 0.0118 408 509 465 529
D10 0.0116 117 488 172 512
D10 0.0111 0 459 52 484
D10 0.0106 401 499 457 524
D20 0.0202 0 0 302 126
D20 0.0168 0 0 116 73
D20 0.0154 0 0 173 177
D20 0.0152 44 456 484 600
D20 0.0151 28 0 232 76
D20 0.0150 433 533 495 564
D20 0.0145 0 0 408 294
D20 0.0144 167 0 600 294
D20 0.0139 401 453 592 558
D20 0.0137 0 311 408 600
D20 0.0132 0 118 290 600
D20 0.0132 250 411 414 506
D20 0.0131 0 456 227 600
D20 0.0130 167 311 600 600
D20 0.0129 310 415 464 505
D20 0.0128 0 0 73 108
D20 0.0126 0 468 164 545
D20 0.0126 312 118 600 600
D20 0.0122 351 413 587 535
D20 0.0120 383 0 600 144
D20 0.0119 206 455 600 600
D20 0.0118 541 470 600 529
D20 0.0117 0 0 600 434
D20 0.0114 61 0 439 142
D20 0.0113 114 411 559 565
D20 0.0112 369 489 572 582
D20 0.0111 0 145 600 600
D20 0.0107 446 444 600 525
D20 0.0104 192 401 369 490
D20 0.0102 95 0 373 87
D20 0.0102 325 446 488 531
D20 0.0102 452 371 600 600
D20 0.0100 435 511 596 584
D40 0.0153 430 536 483 560
D40 0.0128 401 527 488 563
D40 0.0110 525 488 600 531
D40 0.0107 567 492 600 528
D40 0.0103 548 498 597 525
