D00 0.2140 249 397 321 520
D00 0.1719 281 435 319 537
D00 0.1713 274 406 312 511
D00 0.1647 291 471 316 524
D00 0.1353 112 486 161 513
D00 0.1292 211 391 310 505
D00 0.1265 263 386 309 474
D00 0.1175 219 406 240 470
D00 0.1136 269 463 317 526
D00 0.1039 211 397 246 491
D00 0.1003 281 409 308 469
D00 0.0992 93 468 195 513
D00 0.0945 210 421 231 486
D00 0.0909 289 456 326 526
D00 0.0899 285 463 309 520
D00 0.0896 281 396 320 481
D00 0.0896 273 416 302 479
D00 0.0894 120 470 171 512
D00 0.0885 263 381 289 429
D00 0.0872 101 445 220 514
D00 0.0868 172 414 372 521
D00 0.0859 285 470 321 554
D00 0.0831 283 487 314 527
D00 0.0821 267 399 340 550
D00 0.0802 283 431 307 501
D00 0.0774 255 384 296 439
D00 0.0761 265 407 294 468
D00 0.0760 289 402 315 456
D00 0.0759 39 439 203 519
D00 0.0746 256 443 313 518
D00 0.0720 174 393 276 499
D00 0.0715 127 453 186 512
D00 0.0699 238 406 306 484
D00 0.0692 271 392 300 450
D00 0.0690 225 401 250 458
D00 0.0653 122 393 240 511
D00 0.0647 230 386 327 468
D00 0.0644 296 480 324 529
D00 0.0625 277 398 309 440
D00 0.0625 83 478 165 517
D00 0.0621 120 422 198 507
D00 0.0594 261 423 302 502
D00 0.0593 252 382 286 419
D00 0.0589 287 411 351 515
D00 0.0583 112 450 167 521
D00 0.0573 219 389 260 473
D00 0.0570 234 420 476 525
D00 0.0563 192 402 234 490
D00 0.0559 103 482 144 515
D00 0.0549 288 424 315 491
D00 0.0545 0 418 160 507
D00 0.0535 211 444 424 544
D00 0.0533 253 452 331 546
D00 0.0509 252 398 290 475
D00 0.0490 278 473 346 526
D00 0.0466 126 441 343 536
D00 0.0460 137 465 175 504
D00 0.0452 202 422 260 495
D00 0.0450 289 495 328 524
D00 0.0449 216 430 238 490
D00 0.0447 246 482 319 529
D00 0.0445 264 486 312 517
D00 0.0444 309 450 564 556
D00 0.0434 388 436 493 528
D00 0.0434 200 389 293 459
D00 0.0433 107 396 438 529
D00 0.0427 145 433 183 501
D00 0.0426 210 402 234 461
D00 0.0423 155 417 237 501
D00 0.0412 252 391 339 448
D00 0.0409 216 399 246 440
D00 0.0396 268 414 315 456
D00 0.0392 96 395 195 530
D00 0.0392 207 389 414 502
D00 0.0392 231 393 288 445
D00 0.0390 93 483 191 530
D00 0.0390 253 473 312 510
D00 0.0388 130 487 188 510
D00 0.0376 223 421 248 483
D00 0.0374 285 384 319 446
D00 0.0370 87 425 174 507
D00 0.0367 236 390 296 425
D00 0.0365 258 406 309 447
D00 0.0363 262 392 301 420
D00 0.0360 21 469 165 518
D00 0.0359 222 404 273 493
D00 0.0358 270 380 311 432
D00 0.0354 227 382 310 434
D00 0.0352 211 377 251 456
D00 0.0351 281 412 319 439
D00 0.0349 65 400 289 524
D00 0.0348 202 394 244 450
D00 0.0346 225 407 268 447
D00 0.0341 0 449 55 510
D00 0.0338 300 450 339 521
D00 0.0335 204 358 345 536
D00 0.0334 404 445 549 519
D00 0.0334 271 374 297 422
D00 0.0332 264 435 376 522
D00 0.0331 275 454 363 548
D00 0.0321 107 473 153 531
D00 0.0319 200 423 226 485
D00 0.0317 286 409 329 463
D00 0.0315 0 448 104 505
D00 0.0311 275 454 304 511
D00 0.0310 222 391 256 428
D00 0.0309 276 477 310 507
D00 0.0307 160 389 238 470
D00 0.0307 281 420 317 448
D00 0.0301 293 486 341 518
D00 0.0300 150 456 190 493
D00 0.0299 263 392 366 486
D00 0.0297 235 386 285 411
D00 0.0297 406 461 505 556
D00 0.0297 0 408 113 479
D00 0.0295 0 436 249 545
D00 0.0288 263 401 303 430
D00 0.0288 0 439 70 492
D00 0.0286 296 417 324 476
D00 0.0285 105 407 185 488
D00 0.0284 241 388 274 435
D00 0.0283 240 401 274 454
D00 0.0282 285 434 329 500
D00 0.0279 245 377 286 406
D00 0.0277 252 422 307 466
D00 0.0276 145 412 200 489
D00 0.0274 235 415 303 454
D00 0.0271 134 407 227 478
D00 0.0270 291 400 327 437
D00 0.0267 198 443 242 495
D00 0.0266 227 403 278 432
D00 0.0264 231 414 261 475
D00 0.0263 245 387 384 562
D00 0.0263 139 369 263 487
D00 0.0260 254 424 285 485
D00 0.0260 339 441 474 517
D00 0.0260 268 416 331 478
D00 0.0257 410 435 589 568
D00 0.0256 0 392 167 468
D00 0.0254 95 461 151 513
D00 0.0252 243 402 292 430
D00 0.0252 231 388 263 437
D00 0.0251 374 431 478 492
D00 0.0249 275 428 309 456
D00 0.0242 342 417 533 537
D00 0.0241 288 476 328 508
D00 0.0239 277 487 337 566
D00 0.0236 238 444 302 497
D00 0.0236 292 498 316 554
D00 0.0234 248 367 288 430
D00 0.0233 243 412 294 439
D00 0.0233 61 388 210 480
D00 0.0232 172 451 244 504
D00 0.0230 180 381 259 448
D00 0.0228 227 395 278 420
D00 0.0226 140 444 176 487
D00 0.0224 398 485 490 541
D00 0.0224 5 366 212 519
D00 0.0224 213 383 246 416
D00 0.0221 178 417 225 476
D00 0.0219 123 495 176 516
D00 0.0219 279 394 320 423
D00 0.0217 158 429 187 487
D00 0.0217 264 365 288 413
D00 0.0213 169 474 213 503
D00 0.0213 0 419 82 522
D00 0.0213 392 439 459 506
D00 0.0211 400 459 468 523
D00 0.0209 122 391 199 464
D00 0.0209 321 174 586 373
D00 0.0209 266 490 316 537
D00 0.0209 228 383 268 416
D00 0.0207 280 467 395 521
D00 0.0206 132 451 163 507
D00 0.0206 308 427 458 499
D00 0.0205 152 433 205 505
D00 0.0205 159 449 218 496
D00 0.0204 196 415 229 458
D00 0.0200 206 400 264 437
D00 0.0198 418 470 481 534
D00 0.0196 420 475 568 553
D00 0.0196 0 0 85 138
D00 0.0196 112 453 194 543
D00 0.0196 282 481 524 580
D00 0.0195 205 390 239 427
D00 0.0195 244 423 273 483
D00 0.0195 3 464 72 500
D00 0.0192 167 404 215 491
D00 0.0191 312 458 349 520
D00 0.0191 1 478 47 505
D00 0.0190 0 416 56 480
D00 0.0190 202 408 440 600
D00 0.0189 70 412 177 469
D00 0.0187 79 492 149 519
D00 0.0186 358 433 441 479
D00 0.0186 382 445 450 484
D00 0.0186 306 416 373 512
D00 0.0185 183 410 260 469
D00 0.0183 219 480 421 579
D00 0.0182 147 474 178 512
D00 0.0180 213 419 251 447
D00 0.0180 196 386 243 408
D00 0.0179 25 486 161 534
D00 0.0178 277 461 325 502
D00 0.0177 277 398 361 440
D00 0.0177 152 395 211 462
D00 0.0177 228 426 338 591
D00 0.0175 412 450 492 500
D00 0.0175 262 377 302 404
D00 0.0175 154 468 187 507
D00 0.0174 132 422 179 477
D00 0.0173 284 504 320 527
D00 0.0173 206 414 261 455
D00 0.0172 179 465 222 497
D00 0.0172 183 438 222 498
D00 0.0171 188 386 235 435
D00 0.0171 223 473 305 520
D00 0.0171 165 438 195 491
D00 0.0171 255 366 281 411
D00 0.0171 411 497 477 556
D00 0.0170 3 399 125 446
D00 0.0170 269 431 313 473
D00 0.0170 183 395 220 465
D00 0.0169 0 431 36 498
D00 0.0169 433 491 472 529
D00 0.0168 211 353 493 539
D00 0.0168 75 438 145 517
D00 0.0168 263 395 518 494
D00 0.0168 0 463 35 502
D00 0.0167 430 434 598 499
D00 0.0166 281 428 393 494
D00 0.0165 164 460 197 501
D00 0.0165 221 446 280 494
D00 0.0165 557 135 593 226
D00 0.0165 160 482 204 511
D00 0.0164 0 475 68 519
D00 0.0164 0 407 74 448
D00 0.0164 106 469 158 500
D00 0.0164 365 183 546 299
D00 0.0164 91 396 192 443
D00 0.0164 296 450 425 509
D00 0.0163 337 414 473 478
D00 0.0160 137 482 168 522
D00 0.0160 0 0 42 84
D00 0.0160 113 338 313 548
D00 0.0159 283 411 436 476
D00 0.0158 213 423 273 465
D00 0.0158 260 478 326 596
D00 0.0158 183 378 234 402
D00 0.0157 206 379 253 401
D00 0.0157 177 383 239 413
D00 0.0156 234 433 261 489
D00 0.0156 431 459 509 508
D00 0.0155 242 370 300 460
D00 0.0155 149 381 252 426
D00 0.0155 3 8 54 120
D00 0.0154 198 394 226 448
D00 0.0154 321 419 455 560
D00 0.0153 224 378 275 403
D00 0.0153 213 442 266 511
D00 0.0153 79 478 177 565
D00 0.0152 91 474 135 511
D00 0.0152 292 404 344 446
D00 0.0152 202 412 243 438
D00 0.0151 2 453 148 552
D00 0.0150 225 371 274 442
D00 0.0150 164 472 232 517
D00 0.0149 92 485 149 541
D00 0.0149 0 480 33 517
D00 0.0148 276 468 309 494
D00 0.0147 178 331 301 508
D00 0.0147 336 478 479 540
D00 0.0146 149 382 214 414
D00 0.0146 425 479 486 570
D00 0.0146 203 382 289 424
D00 0.0146 423 485 466 521
D00 0.0145 4 459 58 488
D00 0.0145 376 462 447 519
D00 0.0145 158 375 223 406
D00 0.0144 297 484 337 544
D00 0.0144 131 386 209 430
D00 0.0144 287 463 348 503
D00 0.0143 180 482 219 512
D00 0.0142 282 375 339 437
D00 0.0142 0 459 38 532
D00 0.0142 115 483 171 544
D00 0.0142 146 427 182 466
D00 0.0141 268 422 544 600
D00 0.0140 399 487 459 530
D00 0.0140 402 437 467 475
D00 0.0139 320 469 451 520
D00 0.0139 182 408 239 446
D00 0.0139 412 128 575 346
D00 0.0139 380 430 451 463
D00 0.0138 302 419 338 497
D00 0.0138 302 406 357 431
D00 0.0137 211 429 249 458
D00 0.0136 342 215 514 332
D00 0.0136 175 459 207 500
D00 0.0136 280 373 307 422
D00 0.0136 74 406 160 448
D00 0.0135 217 373 262 414
D00 0.0135 217 453 257 490
D00 0.0134 84 371 232 454
D00 0.0134 300 483 354 527
D00 0.0134 443 459 544 533
D00 0.0134 288 433 412 592
D00 0.0132 194 423 248 465
D00 0.0132 363 448 443 497
D00 0.0132 402 454 465 491
D00 0.0132 280 504 315 564
D00 0.0132 249 373 318 421
D00 0.0132 386 417 529 479
D00 0.0131 17 0 70 107
D00 0.0131 167 420 196 477
D00 0.0129 2 414 62 438
D00 0.0129 5 487 55 513
D00 0.0129 19 455 92 491
D00 0.0128 288 392 351 429
D00 0.0128 2 4 27 61
D00 0.0128 105 458 359 581
D00 0.0127 285 493 357 537
D00 0.0127 101 410 169 443
D00 0.0126 183 473 257 519
D00 0.0126 427 476 510 526
D00 0.0126 112 401 179 433
D00 0.0126 293 504 328 565
D00 0.0126 3 450 59 478
D00 0.0125 262 456 297 506
D00 0.0124 30 374 196 446
D00 0.0124 112 491 142 536
D00 0.0123 259 440 309 484
D00 0.0123 389 440 445 470
D00 0.0122 159 390 221 423
D00 0.0122 146 394 199 420
D00 0.0122 188 394 234 419
D00 0.0121 423 500 467 538
D00 0.0121 319 449 344 504
D00 0.0120 439 505 469 553
D00 0.0120 6 481 210 579
D00 0.0119 449 468 529 514
D00 0.0118 436 452 488 529
D00 0.0118 281 438 317 464
D00 0.0118 0 461 75 554
D00 0.0118 323 451 358 513
D00 0.0118 10 403 86 433
D00 0.0117 365 179 490 374
D00 0.0117 21 433 108 479
D00 0.0117 156 450 204 480
D00 0.0117 435 493 483 545
D00 0.0116 71 454 156 545
D00 0.0116 134 440 177 466
D00 0.0116 198 457 224 500
D00 0.0115 154 341 394 483
D00 0.0115 369 441 500 590
D00 0.0115 0 383 80 470
D00 0.0115 189 369 247 419
D00 0.0115 173 416 210 456
D00 0.0115 175 437 206 491
D00 0.0115 200 459 321 538
D00 0.0115 127 459 174 487
D00 0.0114 501 483 597 579
D00 0.0114 246 475 307 569
D00 0.0114 115 380 196 420
D00 0.0114 210 439 250 468
D00 0.0114 151 439 192 468
D00 0.0114 208 450 253 479
D00 0.0114 181 429 304 586
D00 0.0113 310 403 419 524
D00 0.0113 150 399 210 433
D00 0.0113 449 455 532 498
D00 0.0113 0 427 35 465
D00 0.0113 49 435 121 516
D00 0.0113 55 415 141 457
D00 0.0112 278 386 322 412
D00 0.0111 119 413 172 462
D00 0.0110 1 487 106 538
D00 0.0110 376 480 428 520
D00 0.0110 465 149 600 387
D00 0.0110 263 354 304 431
D00 0.0110 440 533 485 577
D00 0.0109 137 478 203 529
D00 0.0109 0 436 47 474
D00 0.0109 368 494 489 562
D00 0.0109 412 496 506 587
D00 0.0109 189 403 234 429
D00 0.0109 425 186 600 290
D00 0.0109 521 553 600 595
D00 0.0108 441 482 481 520
D00 0.0108 127 395 183 421
D00 0.0108 533 131 600 253
D00 0.0107 306 397 336 440
D00 0.0107 96 502 187 557
D00 0.0107 3 491 40 525
D00 0.0106 0 388 73 431
D00 0.0106 275 441 323 482
D00 0.0106 0 377 134 435
D00 0.0106 268 450 314 493
D00 0.0106 1 427 73 464
D00 0.0106 264 384 370 431
D00 0.0106 350 415 431 514
D00 0.0106 299 416 338 451
D00 0.0106 208 456 231 501
D00 0.0106 455 548 490 582
D00 0.0106 20 405 173 561
D00 0.0106 0 0 129 205
D00 0.0106 373 450 430 477
D00 0.0106 288 520 319 558
D00 0.0105 161 425 222 463
D00 0.0105 123 479 187 565
D00 0.0105 113 353 209 494
D00 0.0105 138 403 189 453
D00 0.0105 416 438 502 480
D00 0.0105 470 452 596 545
D00 0.0105 118 456 161 496
D00 0.0104 162 408 221 445
D00 0.0104 444 508 480 567
D00 0.0104 137 386 193 412
D00 0.0104 286 480 359 595
D00 0.0104 137 404 190 427
D00 0.0103 251 503 332 558
D00 0.0103 117 495 154 555
D00 0.0103 296 395 384 459
D00 0.0102 356 429 426 462
D00 0.0102 42 460 140 506
D00 0.0102 232 486 291 526
D00 0.0102 261 483 296 527
D00 0.0102 549 543 598 589
D00 0.0102 63 382 180 425
D00 0.0101 555 183 596 265
D00 0.0101 334 420 398 508
D00 0.0101 155 418 192 456
D00 0.0101 530 569 598 600
D00 0.0100 280 433 333 472
D00 0.0100 132 432 178 456
D00 0.0100 323 415 377 439
D00 0.0100 582 249 600 301
D00 0.0100 507 560 578 591
D00 0.0100 565 151 588 214
D00 0.0100 380 497 468 539
D10 0.1140 226 476 320 505
D10 0.1020 195 466 320 511
D10 0.0887 175 448 306 499
D10 0.0886 215 481 289 501
D10 0.0877 225 471 299 494
D10 0.0816 131 445 334 512
D10 0.0786 200 467 286 496
D10 0.0758 139 468 290 509
D10 0.0720 188 477 276 503
D10 0.0675 176 480 240 501
D10 0.0661 190 472 250 494
D10 0.0560 130 451 257 501
D10 0.0554 167 471 228 495
D10 0.0544 156 479 219 502
D10 0.0540 242 482 318 518
D10 0.0431 263 478 309 505
D10 0.0410 227 488 299 512
D10 0.0386 220 461 283 487
D10 0.0376 383 486 459 517
D10 0.0338 231 453 310 494
D10 0.0317 139 487 200 510
D10 0.0311 202 485 284 514
D10 0.0293 169 488 227 510
D10 0.0284 182 473 325 535
D10 0.0275 400 492 469 527
D10 0.0271 204 460 257 488
D10 0.0266 232 412 287 440
D10 0.0265 264 468 307 496
D10 0.0256 188 489 251 511
D10 0.0240 161 480 257 514
D10 0.0237 151 461 207 489
D10 0.0227 390 497 452 521
D10 0.0224 291 413 345 438
D10 0.0222 224 420 277 447
D10 0.0217 171 460 226 489
D10 0.0217 375 490 432 513
D10 0.0206 144 487 283 530
D10 0.0192 416 489 467 516
D10 0.0189 243 449 299 477
D10 0.0187 277 405 361 446
D10 0.0185 194 458 245 500
D10 0.0183 252 496 312 522
D10 0.0179 426 496 474 523
D10 0.0177 222 451 280 478
D10 0.0170 182 464 258 509
D10 0.0170 292 422 343 446
D10 0.0170 516 233 599 261
D10 0.0169 383 481 439 507
D10 0.0167 247 429 298 458
D10 0.0166 217 465 260 496
D10 0.0164 360 471 450 515
D10 0.0154 246 439 298 468
D10 0.0153 0 93 81 137
D10 0.0148 294 468 342 496
D10 0.0148 301 478 354 507
D10 0.0144 397 208 576 282
D10 0.0144 475 219 593 275
D10 0.0142 224 429 277 458
D10 0.0140 498 427 597 463
D10 0.0140 286 430 328 455
D10 0.0138 417 505 468 533
D10 0.0137 132 495 188 516
D10 0.0134 209 474 249 503
D10 0.0130 302 411 375 440
D10 0.0130 230 497 294 520
D10 0.0129 388 237 467 292
D10 0.0128 530 439 599 469
D10 0.0125 224 440 278 469
D10 0.0124 374 247 448 299
D10 0.0123 0 423 51 446
D10 0.0120 369 492 440 524
D10 0.0120 431 416 598 474
D10 0.0118 266 457 305 488
D10 0.0117 287 458 329 485
D10 0.0114 474 430 600 497
D10 0.0109 418 517 470 543
D10 0.0108 440 227 550 273
D10 0.0107 152 496 207 517
D10 0.0106 478 435 585 474
D10 0.0106 286 439 327 464
D10 0.0105 354 180 600 366
D10 0.0103 0 431 50 459
D10 0.0102 286 449 328 475
D10 0.0101 367 481 420 506
D10 0.0101 536 434 595 456
D10 0.0100 310 487 365 514
D10 0.0100 373 219 524 305
D10 0.0100 408 479 461 507
D20 0.1352 203 392 314 505
D20 0.0882 111 470 192 511
D20 0.0767 94 417 314 519
D20 0.0750 220 401 301 455
D20 0.0676 132 460 213 503
D20 0.0613 103 458 238 512
D20 0.0590 116 442 273 505
D20 0.0546 216 415 307 475
D20 0.0532 244 428 600 565
D20 0.0508 232 392 363 513
D20 0.0498 49 373 348 524
D20 0.0435 260 431 428 524
D20 0.0429 110 389 542 563
D20 0.0427 223 387 298 435
D20 0.0391 17 435 291 538
D20 0.0387 230 392 288 480
D20 0.0384 224 435 315 493
D20 0.0384 385 444 586 565
D20 0.0367 61 316 469 522
D20 0.0340 97 473 213 532
D20 0.0328 132 482 205 511
D20 0.0320 16 466 189 537
D20 0.0303 0 245 582 553
D20 0.0284 286 440 347 516
D20 0.0283 226 411 278 439
D20 0.0275 150 441 225 500
D20 0.0271 143 446 196 511
D20 0.0250 17 15 600 441
D20 0.0239 280 468 373 517
D20 0.0231 421 484 594 577
D20 0.0229 159 469 219 505
D20 0.0226 318 481 558 581
D20 0.0225 313 451 489 532
D20 0.0224 195 312 589 590
D20 0.0223 264 408 451 491
D20 0.0220 416 430 600 511
D20 0.0215 375 464 513 553
D20 0.0212 183 416 298 533
D20 0.0209 57 450 481 600
D20 0.0207 0 0 408 294
D20 0.0205 274 411 345 462
D20 0.0205 167 0 600 294
D20 0.0203 400 480 471 537
D20 0.0203 263 466 460 542
D20 0.0201 238 385 546 509
D20 0.0200 124 521 206 556
D20 0.0200 117 427 220 534
D20 0.0195 0 118 290 600
D20 0.0191 312 118 600 600
D20 0.0190 0 0 349 134
D20 0.0188 86 464 197 571
D20 0.0181 189 435 285 489
D20 0.0178 251 1 549 492
D20 0.0177 284 231 525 556
D20 0.0176 69 237 306 550
D20 0.0166 269 433 333 500
D20 0.0163 232 442 288 512
D20 0.0163 108 134 519 518
D20 0.0163 0 453 238 600
D20 0.0160 64 228 452 461
D20 0.0159 0 341 285 579
D20 0.0158 0 0 149 225
D20 0.0157 219 374 293 416
D20 0.0157 1 485 176 565
D20 0.0154 431 527 600 599
D20 0.0154 157 451 318 544
D20 0.0148 366 0 589 389
D20 0.0140 454 0 600 229
D20 0.0139 282 398 372 438
D20 0.0137 71 458 326 579
D20 0.0136 175 456 225 515
D20 0.0133 451 364 600 600
D20 0.0132 0 0 114 72
D20 0.0129 373 0 600 144
D20 0.0129 377 474 448 525
D20 0.0128 475 545 590 592
D20 0.0127 403 505 479 553
D20 0.0126 0 363 152 600
D20 0.0123 0 0 72 112
D20 0.0122 102 486 282 565
D20 0.0121 0 0 189 111
D20 0.0121 35 0 338 496
D20 0.0121 455 458 592 534
D20 0.0121 280 487 483 565
D20 0.0119 116 497 176 556
D20 0.0119 0 418 127 522
D20 0.0119 33 0 238 76
D20 0.0118 214 456 267 519
D20 0.0117 286 372 529 600
D20 0.0117 191 61 455 460
D20 0.0116 125 340 352 485
D20 0.0115 98 518 182 558
D20 0.0115 0 265 194 543
D20 0.0114 0 0 108 156
D20 0.0114 328 523 543 600
D20 0.0114 137 369 380 600
D20 0.0113 355 309 600 521
D20 0.0113 403 482 519 592
D20 0.0111 90 0 379 90
D20 0.0110 167 481 332 568
D20 0.0110 476 506 593 586
D20 0.0109 178 283 367 551
D20 0.0109 15 0 235 386
D20 0.0109 242 380 397 459
D20 0.0108 207 480 524 600
D20 0.0108 343 395 567 492
D20 0.0107 156 464 207 523
D20 0.0107 71 0 297 233
D20 0.0102 525 477 600 600
D20 0.0101 452 52 600 449
D40 0.0546 134 478 188 506
D40 0.0501 143 470 198 497
D40 0.0258 147 461 195 489
D40 0.0245 158 474 204 504
D40 0.0209 328 415 593 573
D40 0.0194 137 528 191 552
D40 0.0183 403 516 481 559
D40 0.0169 209 276 600 544
D40 0.0167 412 494 544 568
D40 0.0162 427 527 477 552
D40 0.0158 421 530 482 564
D40 0.0141 426 516 573 582
D40 0.0137 194 223 559 456
D40 0.0126 430 509 490 566
D40 0.0119 516 553 600 594
D40 0.0116 125 526 204 560
D40 0.0115 435 511 473 548
D40 0.0114 386 485 429 516
D40 0.0108 218 106 600 414
D40 0.0107 413 523 508 577
D40 0.0103 331 417 415 455
D40 0.0101 355 382 597 508
