D00 0.0671 428 463 462 499
D00 0.0644 354 474 389 510
D00 0.0621 161 427 186 477
D00 0.0585 411 452 461 496
D00 0.0577 4 416 103 503
D00 0.0572 348 450 395 498
D00 0.0533 351 463 408 518
D00 0.0498 358 466 396 501
D00 0.0481 151 421 193 470
D00 0.0450 345 433 395 480
D00 0.0438 227 402 251 452
D00 0.0436 400 460 456 488
D00 0.0435 24 437 90 508
D00 0.0422 353 442 385 488
D00 0.0421 52 478 101 506
D00 0.0418 362 452 477 502
D00 0.0407 356 486 402 515
D00 0.0398 344 428 423 495
D00 0.0397 477 447 511 483
D00 0.0379 5 431 72 494
D00 0.0362 45 451 106 509
D00 0.0360 419 457 473 511
D00 0.0359 139 432 188 459
D00 0.0348 235 394 257 444
D00 0.0333 27 474 93 509
D00 0.0332 354 461 403 485
D00 0.0332 167 413 193 464
D00 0.0330 364 475 405 509
D00 0.0327 333 442 405 506
D00 0.0324 145 426 200 491
D00 0.0323 342 451 390 476
D00 0.0323 418 443 498 505
D00 0.0320 228 386 250 436
D00 0.0320 13 425 164 492
D00 0.0318 389 452 447 478
D00 0.0312 382 445 465 489
D00 0.0312 464 439 523 493
D00 0.0308 226 419 251 468
D00 0.0308 477 448 543 479
D00 0.0303 397 432 480 498
D00 0.0303 15 416 135 470
D00 0.0302 220 395 258 469
D00 0.0301 348 460 378 506
D00 0.0300 142 399 200 463
D00 0.0298 10 442 111 529
D00 0.0297 111 424 196 468
D00 0.0295 343 428 382 465
D00 0.0293 296 387 348 409
D00 0.0292 337 428 499 502
D00 0.0281 420 446 451 492
D00 0.0277 219 394 243 444
D00 0.0275 330 410 405 482
D00 0.0274 271 369 319 392
D00 0.0273 426 466 500 499
D00 0.0268 35 411 189 475
D00 0.0268 219 411 244 460
D00 0.0268 157 432 203 459
D00 0.0267 233 410 258 458
D00 0.0264 287 379 339 400
D00 0.0263 62 467 110 508
D00 0.0262 424 476 468 501
D00 0.0262 399 435 450 484
D00 0.0259 347 481 382 516
D00 0.0258 168 433 192 486
D00 0.0258 477 444 527 470
D00 0.0255 352 442 403 468
D00 0.0253 49 465 91 503
D00 0.0252 151 435 180 486
D00 0.0252 108 403 211 481
D00 0.0251 352 448 425 480
D00 0.0250 20 442 80 479
D00 0.0248 358 428 398 464
D00 0.0244 431 444 458 494
D00 0.0243 154 409 191 447
D00 0.0243 329 403 443 496
D00 0.0242 336 438 375 472
D00 0.0241 437 437 549 487
D00 0.0240 311 387 369 408
D00 0.0236 161 442 184 496
D00 0.0235 43 487 95 509
D00 0.0232 371 428 443 482
D00 0.0228 0 457 74 507
D00 0.0227 68 478 122 505
D00 0.0226 217 430 243 478
D00 0.0222 128 424 183 451
D00 0.0222 357 458 438 487
D00 0.0221 470 453 514 503
D00 0.0221 355 409 419 466
D00 0.0221 390 439 552 509
D00 0.0218 6 395 90 463
D00 0.0216 128 440 184 466
D00 0.0216 303 380 357 401
D00 0.0215 156 415 224 476
D00 0.0215 272 377 323 398
D00 0.0213 351 467 459 516
D00 0.0213 348 420 410 452
D00 0.0213 64 443 128 505
D00 0.0211 211 414 251 490
D00 0.0210 449 448 518 482
D00 0.0207 114 406 192 453
D00 0.0207 316 426 390 494
D00 0.0206 403 444 433 485
D00 0.0206 29 448 151 502
D00 0.0205 67 397 207 459
D00 0.0203 79 430 195 485
D00 0.0202 325 462 392 516
D00 0.0199 33 454 94 493
D00 0.0195 298 394 349 418
D00 0.0195 0 424 59 470
D00 0.0194 379 465 461 495
D00 0.0194 145 389 242 471
D00 0.0194 18 400 136 452
D00 0.0193 357 467 435 497
D00 0.0193 243 394 266 443
D00 0.0191 474 438 564 475
D00 0.0191 363 482 392 524
D00 0.0191 358 483 431 517
D00 0.0190 123 437 188 500
D00 0.0190 255 369 304 391
D00 0.0187 390 443 442 470
D00 0.0187 331 415 378 461
D00 0.0186 77 464 115 501
D00 0.0186 208 452 235 493
D00 0.0185 333 439 449 527
D00 0.0185 362 414 413 439
D00 0.0183 149 392 213 423
D00 0.0181 421 421 467 505
D00 0.0181 163 387 217 411
D00 0.0180 482 458 534 485
D00 0.0179 20 467 126 518
D00 0.0179 102 438 175 470
D00 0.0178 330 387 389 409
D00 0.0178 403 466 507 515
D00 0.0178 355 401 418 433
D00 0.0178 336 443 374 501
D00 0.0177 419 452 466 480
D00 0.0177 361 496 412 522
D00 0.0174 370 406 422 449
D00 0.0174 208 387 234 433
D00 0.0174 156 396 206 443
D00 0.0173 326 456 392 490
D00 0.0173 9 475 89 544
D00 0.0173 130 418 184 485
D00 0.0172 138 413 187 441
D00 0.0172 27 422 75 456
D00 0.0170 367 443 426 469
D00 0.0170 32 429 105 482
D00 0.0170 457 459 510 487
D00 0.0170 298 427 418 516
D00 0.0168 350 411 389 469
D00 0.0168 340 423 387 448
D00 0.0168 211 375 250 447
D00 0.0167 126 429 227 485
D00 0.0166 265 360 309 384
D00 0.0166 141 385 205 414
D00 0.0166 351 396 405 418
D00 0.0165 170 405 207 467
D00 0.0165 366 446 405 501
D00 0.0164 187 398 244 483
D00 0.0164 340 412 402 443
D00 0.0163 173 395 226 420
D00 0.0163 151 449 194 476
D00 0.0163 27 433 60 475
D00 0.0163 495 444 558 468
D00 0.0161 224 440 250 486
D00 0.0161 376 422 459 507
D00 0.0161 124 390 201 430
D00 0.0159 124 428 167 462
D00 0.0159 0 440 50 517
D00 0.0158 207 403 241 465
D00 0.0158 379 415 431 460
D00 0.0158 192 391 229 426
D00 0.0157 376 428 418 463
D00 0.0156 432 472 459 520
D00 0.0156 29 464 74 502
D00 0.0156 367 426 406 482
D00 0.0155 201 442 245 487
D00 0.0155 306 392 374 421
D00 0.0153 147 404 197 427
D00 0.0153 218 378 242 425
D00 0.0153 132 443 192 481
D00 0.0153 297 381 383 414
D00 0.0153 319 398 415 449
D00 0.0152 94 430 161 463
D00 0.0151 336 477 395 528
D00 0.0151 84 442 149 501
D00 0.0151 169 434 207 472
D00 0.0151 287 382 325 411
D00 0.0150 415 439 453 476
D00 0.0149 453 450 566 500
D00 0.0148 380 418 488 475
D00 0.0148 229 374 263 449
D00 0.0148 446 431 507 501
D00 0.0147 42 431 117 461
D00 0.0147 241 410 267 457
D00 0.0146 237 377 257 424
D00 0.0146 439 456 481 493
D00 0.0146 158 445 205 495
D00 0.0146 105 420 172 454
D00 0.0145 62 434 149 477
D00 0.0143 137 396 191 418
D00 0.0143 52 392 122 423
D00 0.0143 68 455 106 493
D00 0.0143 157 383 222 435
D00 0.0142 2 519 50 545
D00 0.0142 313 399 375 455
D00 0.0142 329 388 408 425
D00 0.0141 233 389 273 460
D00 0.0141 22 411 66 466
D00 0.0141 184 386 233 411
D00 0.0140 492 444 523 484
D00 0.0140 269 372 303 398
D00 0.0140 286 370 336 392
D00 0.0139 173 378 224 401
D00 0.0139 397 429 436 465
D00 0.0139 302 390 399 467
D00 0.0138 373 415 403 460
D00 0.0138 139 424 172 467
D00 0.0138 35 448 91 473
D00 0.0138 458 443 511 469
D00 0.0138 438 471 480 505
D00 0.0138 334 411 371 443
D00 0.0137 203 382 236 417
D00 0.0137 14 401 86 433
D00 0.0137 24 488 79 510
D00 0.0137 219 404 259 430
D00 0.0136 441 447 541 530
D00 0.0136 332 470 384 496
D00 0.0136 331 480 385 504
D00 0.0136 19 399 149 530
D00 0.0135 93 446 161 479
D00 0.0135 393 434 424 478
D00 0.0135 393 472 465 505
D00 0.0134 192 374 229 405
D00 0.0134 407 419 542 480
D00 0.0133 313 400 351 432
D00 0.0133 39 401 112 432
D00 0.0133 170 400 211 433
D00 0.0132 345 405 396 429
D00 0.0132 254 394 276 441
D00 0.0132 377 405 430 430
D00 0.0132 479 444 522 524
D00 0.0131 471 443 500 489
D00 0.0131 320 379 379 402
D00 0.0130 186 394 237 441
D00 0.0130 149 375 213 405
D00 0.0130 223 413 265 487
D00 0.0130 57 469 153 507
D00 0.0129 386 410 426 443
D00 0.0129 128 398 183 442
D00 0.0129 22 453 65 492
D00 0.0128 140 437 171 485
D00 0.0128 471 425 533 479
D00 0.0128 378 423 431 446
D00 0.0128 29 410 102 443
D00 0.0127 497 449 574 476
D00 0.0127 283 374 360 406
D00 0.0126 201 387 265 491
D00 0.0126 370 456 421 524
D00 0.0126 91 442 145 467
D00 0.0125 266 393 286 441
D00 0.0125 232 428 258 475
D00 0.0124 192 519 245 544
D00 0.0124 94 380 223 439
D00 0.0124 266 443 304 519
D00 0.0124 50 460 99 487
D00 0.0124 49 445 115 480
D00 0.0123 63 449 95 502
D00 0.0123 303 390 364 441
D00 0.0123 73 456 140 490
D00 0.0123 275 400 296 450
D00 0.0122 16 478 70 506
D00 0.0122 350 388 404 411
D00 0.0121 319 402 384 433
D00 0.0121 478 432 543 465
D00 0.0121 315 448 386 479
D00 0.0120 163 423 217 450
D00 0.0120 274 458 296 508
D00 0.0120 199 458 243 498
D00 0.0120 368 397 421 419
D00 0.0120 394 445 446 511
D00 0.0119 177 374 238 427
D00 0.0119 365 475 448 506
D00 0.0119 477 467 522 495
D00 0.0119 265 468 288 511
D00 0.0118 382 476 411 520
D00 0.0118 0 448 72 560
D00 0.0118 77 396 135 419
D00 0.0118 151 453 177 502
D00 0.0118 382 433 413 477
D00 0.0117 337 396 459 458
D00 0.0117 66 417 204 510
D00 0.0117 454 468 508 495
D00 0.0117 118 450 176 474
D00 0.0117 279 362 309 396
D00 0.0117 327 427 363 463
D00 0.0117 224 382 251 417
D00 0.0116 286 403 383 486
D00 0.0116 458 421 571 469
D00 0.0116 323 408 369 479
D00 0.0116 329 405 356 449
D00 0.0115 173 404 228 428
D00 0.0115 70 389 159 426
D00 0.0115 112 394 180 422
D00 0.0115 74 415 159 460
D00 0.0115 306 381 337 414
D00 0.0114 103 450 171 505
D00 0.0113 23 393 96 425
D00 0.0113 1 393 68 425
D00 0.0113 83 398 169 438
D00 0.0113 167 434 240 490
D00 0.0113 210 413 253 439
D00 0.0113 63 384 131 414
D00 0.0113 174 402 228 452
D00 0.0112 413 428 504 542
D00 0.0111 196 404 245 429
D00 0.0111 42 422 92 454
D00 0.0111 38 520 95 544
D00 0.0111 359 401 399 457
D00 0.0111 326 446 363 480
D00 0.0110 55 410 143 502
D00 0.0110 294 383 354 427
D00 0.0110 508 441 585 470
D00 0.0109 2 418 48 456
D00 0.0109 16 437 50 488
D00 0.0109 11 463 54 501
D00 0.0109 299 387 329 424
D00 0.0109 0 0 34 71
D00 0.0109 211 422 252 450
D00 0.0109 25 381 170 436
D00 0.0108 193 437 237 504
D00 0.0108 340 497 389 522
D00 0.0108 298 535 349 562
D00 0.0108 284 410 304 459
D00 0.0108 53 441 112 464
D00 0.0107 316 387 346 425
D00 0.0107 118 413 239 513
D00 0.0107 0 415 43 492
D00 0.0106 275 384 296 430
D00 0.0106 211 520 265 545
D00 0.0106 288 372 319 404
D00 0.0106 321 459 371 504
D00 0.0106 346 408 375 452
D00 0.0106 165 375 256 454
D00 0.0105 186 387 216 430
D00 0.0105 428 434 478 485
D00 0.0105 396 419 435 452
D00 0.0104 254 469 299 511
D00 0.0104 70 401 141 430
D00 0.0104 354 488 458 527
D00 0.0104 424 466 469 543
D00 0.0104 98 463 135 499
D00 0.0104 164 413 217 439
D00 0.0104 128 388 183 410
D00 0.0104 0 477 71 522
D00 0.0104 187 469 240 493
D00 0.0103 198 423 232 484
D00 0.0103 213 374 243 404
D00 0.0103 312 456 429 554
D00 0.0103 261 363 333 395
D00 0.0103 316 440 386 535
D00 0.0103 207 395 250 422
D00 0.0102 425 481 485 515
D00 0.0102 459 447 508 521
D00 0.0102 340 391 382 421
D00 0.0102 296 398 333 430
D00 0.0102 392 411 456 469
D00 0.0102 126 431 164 490
D00 0.0102 406 457 454 531
D00 0.0101 267 394 303 471
D00 0.0101 124 410 168 445
D00 0.0101 411 425 440 474
D00 0.0101 436 459 485 530
D00 0.0101 492 435 599 480
D00 0.0100 89 450 125 506
D00 0.0100 81 451 134 476
D00 0.0100 103 382 188 417
D00 0.0100 7 431 40 478
D00 0.0100 107 454 145 489
D00 0.0100 291 386 318 425
D10 0.0612 18 433 86 464
D10 0.0431 10 441 70 465
D10 0.0314 2 433 61 459
D10 0.0314 0 431 77 478
D10 0.0289 23 425 80 452
D10 0.0215 38 435 102 458
D10 0.0195 19 448 72 475
D10 0.0184 1 402 70 433
D10 0.0181 2 423 59 451
D10 0.0169 7 413 65 438
D10 0.0147 3 449 56 477
D10 0.0140 431 473 506 506
D10 0.0139 231 423 279 449
D10 0.0131 253 377 305 396
D10 0.0123 41 425 103 450
D10 0.0120 229 432 279 456
D10 0.0119 188 462 241 486
D10 0.0116 21 405 80 428
D10 0.0115 29 414 88 439
D10 0.0113 0 405 44 428
D10 0.0107 160 0 341 50
D10 0.0106 115 0 308 70
D10 0.0106 6 396 61 421
D10 0.0101 239 414 289 440
D20 0.0590 12 429 91 468
D20 0.0568 2 416 132 503
D20 0.0317 14 407 201 482
D20 0.0316 19 417 104 459
D20 0.0314 0 391 139 473
D20 0.0300 0 418 69 476
D20 0.0295 12 526 69 549
D20 0.0258 1 519 81 553
D20 0.0258 0 405 85 454
D20 0.0219 2 446 146 525
D20 0.0216 0 398 268 525
D20 0.0215 44 458 475 600
D20 0.0214 222 396 274 456
D20 0.0207 95 402 255 482
D20 0.0191 0 432 213 552
D20 0.0183 337 412 495 492
D20 0.0171 0 0 222 146
D20 0.0170 15 397 103 441
D20 0.0169 0 401 78 510
D20 0.0167 226 413 268 440
D20 0.0165 279 406 432 487
D20 0.0163 0 412 417 562
D20 0.0159 218 405 303 449
D20 0.0156 35 430 221 506
D20 0.0155 7 477 119 544
D20 0.0155 199 458 600 600
D20 0.0154 0 0 408 294
D20 0.0152 427 429 596 493
D20 0.0152 167 0 600 294
D20 0.0150 19 513 108 549
D20 0.0150 28 520 86 544
D20 0.0149 227 405 268 430
D20 0.0148 279 381 353 413
D20 0.0146 188 395 271 485
D20 0.0146 149 391 265 461
D20 0.0143 0 0 147 219
D20 0.0140 167 311 600 600
D20 0.0140 0 118 290 600
D20 0.0135 312 118 600 600
D20 0.0135 0 389 76 431
D20 0.0133 222 419 414 500
D20 0.0132 0 393 53 467
D20 0.0131 213 417 267 454
D20 0.0131 4 521 43 552
D20 0.0129 150 422 269 491
D20 0.0129 269 372 343 403
D20 0.0127 0 0 115 72
D20 0.0127 255 390 412 463
D20 0.0127 9 377 186 447
D20 0.0126 370 0 600 145
D20 0.0125 0 0 600 434
D20 0.0125 250 367 312 392
D20 0.0125 0 236 516 600
D20 0.0122 287 387 361 423
D20 0.0121 171 388 333 469
D20 0.0121 453 0 600 219
D20 0.0120 4 500 121 563
D20 0.0119 175 396 263 441
D20 0.0118 33 425 95 488
D20 0.0118 0 0 72 112
D20 0.0117 71 0 449 146
D20 0.0116 0 475 257 585
D20 0.0112 211 421 288 466
D20 0.0111 230 382 285 440
D20 0.0110 167 454 259 492
D20 0.0108 0 380 111 545
D20 0.0107 449 515 600 590
D20 0.0106 179 423 262 469
D20 0.0104 79 419 299 515
D20 0.0103 420 414 600 600
D20 0.0102 384 0 600 302
D20 0.0101 143 487 417 590
D20 0.0101 201 408 260 444
D20 0.0100 463 416 595 472
D40 0.0642 25 440 86 464
D40 0.0574 14 433 87 473
D40 0.0319 207 461 250 486
D40 0.0248 213 447 246 483
D40 0.0236 39 432 92 461
D40 0.0235 223 425 253 462
D40 0.0206 24 447 77 474
D40 0.0180 32 430 69 467
D40 0.0168 192 452 264 492
D40 0.0167 217 441 257 466
D40 0.0165 197 469 244 493
D40 0.0159 226 422 267 450
D40 0.0136 131 513 218 546
D40 0.0136 165 513 251 547
D40 0.0130 499 548 600 595
D40 0.0127 182 518 239 543
D40 0.0126 37 526 96 548
D40 0.0125 210 433 262 490
D40 0.0125 144 519 203 543
D40 0.0118 454 535 600 600
D40 0.0116 52 438 100 469
D40 0.0115 2 401 45 433
D40 0.0115 523 564 600 600
D40 0.0111 218 462 253 497
D40 0.0110 9 299 93 354
D40 0.0108 221 452 268 476
D40 0.0107 1 396 52 421
D40 0.0106 0 241 103 358
D40 0.0103 547 574 600 597
D40 0.0103 31 266 98 349
D40 0.0102 424 521 504 558
D40 0.0101 219 461 270 484
