D00 0.1589 241 424 271 497
D00 0.1511 228 409 279 511
D00 0.1380 233 410 263 491
D00 0.0938 228 403 252 462
D00 0.0920 251 442 277 499
D00 0.0916 241 420 295 519
D00 0.0899 211 405 264 502
D00 0.0754 221 390 258 480
D00 0.0658 207 402 299 523
D00 0.0610 243 459 273 500
D00 0.0589 235 449 268 493
D00 0.0538 243 413 267 474
D00 0.0519 218 394 244 447
D00 0.0496 227 422 259 469
D00 0.0454 225 389 250 437
D00 0.0436 248 454 294 509
D00 0.0434 232 408 259 450
D00 0.0432 253 460 278 513
D00 0.0429 214 390 246 425
D00 0.0413 224 449 286 525
D00 0.0407 246 432 278 478
D00 0.0404 212 383 251 462
D00 0.0404 2 408 129 473
D00 0.0390 242 405 284 488
D00 0.0378 226 441 263 484
D00 0.0371 204 385 237 415
D00 0.0365 252 458 313 522
D00 0.0360 213 442 281 498
D00 0.0357 17 406 106 450
D00 0.0350 9 395 148 452
D00 0.0342 219 409 247 467
D00 0.0331 236 407 325 502
D00 0.0325 33 396 117 440
D00 0.0324 278 482 313 520
D00 0.0322 86 467 111 511
D00 0.0321 235 406 274 463
D00 0.0317 0 416 85 459
D00 0.0309 165 399 275 505
D00 0.0291 57 389 146 429
D00 0.0288 0 429 98 486
D00 0.0282 258 436 287 494
D00 0.0282 2 430 63 463
D00 0.0272 90 452 124 512
D00 0.0271 0 524 59 557
D00 0.0270 220 385 253 415
D00 0.0263 237 446 310 501
D00 0.0261 478 573 521 599
D00 0.0259 0 438 49 500
D00 0.0258 125 440 166 520
D00 0.0258 0 417 108 526
D00 0.0254 209 393 235 442
D00 0.0251 26 397 160 493
D00 0.0246 98 396 152 420
D00 0.0245 94 435 140 515
D00 0.0245 231 395 298 469
D00 0.0241 75 479 121 506
D00 0.0239 218 426 356 520
D00 0.0237 249 468 294 495
D00 0.0235 238 437 270 468
D00 0.0231 142 455 166 509
D00 0.0228 51 405 144 446
D00 0.0228 0 397 82 440
D00 0.0227 190 397 247 484
D00 0.0220 102 458 130 508
D00 0.0220 265 472 303 512
D00 0.0219 133 456 158 509
D00 0.0218 19 422 111 465
D00 0.0218 194 426 274 483
D00 0.0218 134 423 174 505
D00 0.0217 191 422 251 515
D00 0.0217 72 414 164 505
D00 0.0215 92 385 158 415
D00 0.0214 279 496 325 522
D00 0.0213 0 459 52 517
D00 0.0213 59 404 118 429
D00 0.0212 13 424 71 449
D00 0.0212 263 437 338 514
D00 0.0211 273 463 331 523
D00 0.0209 229 461 276 511
D00 0.0208 14 534 62 560
D00 0.0208 68 396 131 421
D00 0.0208 170 405 194 450
D00 0.0207 39 414 150 465
D00 0.0207 112 425 158 505
D00 0.0206 212 378 245 406
D00 0.0204 5 376 134 437
D00 0.0203 286 471 320 524
D00 0.0202 250 421 294 478
D00 0.0201 247 418 280 458
D00 0.0201 22 527 73 553
D00 0.0198 94 473 119 516
D00 0.0198 245 470 289 521
D00 0.0198 198 382 224 418
D00 0.0196 268 490 305 524
D00 0.0196 201 400 246 454
D00 0.0196 48 413 107 439
D00 0.0196 228 423 310 569
D00 0.0193 68 443 131 508
D00 0.0193 259 422 305 505
D00 0.0192 142 438 167 491
D00 0.0190 104 416 164 476
D00 0.0188 179 412 202 460
D00 0.0188 112 457 140 509
D00 0.0188 237 428 272 456
D00 0.0187 215 433 255 475
D00 0.0187 170 420 194 468
D00 0.0187 23 393 98 424
D00 0.0186 88 404 146 427
D00 0.0186 115 387 171 410
D00 0.0186 64 384 136 416
D00 0.0184 471 565 513 594
D00 0.0184 3 441 54 468
D00 0.0184 103 465 148 514
D00 0.0183 123 457 150 509
D00 0.0182 1 464 41 500
D00 0.0182 221 412 257 438
D00 0.0182 251 477 297 505
D00 0.0181 215 414 263 456
D00 0.0181 9 403 77 481
D00 0.0181 48 418 122 453
D00 0.0180 219 403 256 428
D00 0.0180 37 422 101 449
D00 0.0178 85 396 159 434
D00 0.0178 148 419 322 522
D00 0.0178 187 380 235 402
D00 0.0177 126 378 180 399
D00 0.0175 95 427 179 520
D00 0.0174 228 392 261 426
D00 0.0173 195 384 249 434
D00 0.0173 226 452 256 503
D00 0.0173 0 430 64 550
D00 0.0173 156 410 189 444
D00 0.0173 37 422 127 494
D00 0.0172 92 564 139 590
D00 0.0171 151 437 175 490
D00 0.0171 242 455 297 548
D00 0.0170 64 391 169 462
D00 0.0170 180 386 244 413
D00 0.0169 21 414 83 440
D00 0.0169 18 432 82 457
D00 0.0168 160 421 185 469
D00 0.0168 236 420 274 447
D00 0.0168 243 399 268 450
D00 0.0168 219 385 272 446
D00 0.0168 0 453 109 568
D00 0.0167 99 389 180 427
D00 0.0167 0 452 35 490
D00 0.0166 112 414 201 506
D00 0.0166 99 551 133 586
D00 0.0166 29 405 93 430
D00 0.0165 38 380 119 422
D00 0.0164 209 408 234 464
D00 0.0164 85 426 150 486
D00 0.0163 102 398 164 454
D00 0.0162 0 372 94 474
D00 0.0161 0 409 58 444
D00 0.0160 145 447 177 513
D00 0.0160 121 430 166 481
D00 0.0160 8 448 116 504
D00 0.0159 188 394 238 417
D00 0.0157 165 400 197 435
D00 0.0157 102 376 170 403
D00 0.0157 93 478 138 507
D00 0.0157 8 507 69 560
D00 0.0156 0 392 67 424
D00 0.0156 85 469 130 499
D00 0.0155 136 386 186 408
D00 0.0155 162 407 201 480
D00 0.0155 150 396 193 440
D00 0.0154 122 408 182 465
D00 0.0154 151 414 194 458
D00 0.0154 27 520 55 560
D00 0.0153 84 487 129 513
D00 0.0152 58 463 122 512
D00 0.0151 176 446 272 506
D00 0.0151 88 539 145 595
D00 0.0151 189 410 210 461
D00 0.0151 199 392 223 440
D00 0.0150 93 409 155 441
D00 0.0149 0 497 45 566
D00 0.0149 148 415 180 476
D00 0.0149 141 405 185 449
D00 0.0148 293 483 328 519
D00 0.0148 180 427 202 478
D00 0.0148 116 428 154 463
D00 0.0148 3 456 82 529
D00 0.0148 0 417 47 478
D00 0.0147 151 421 192 502
D00 0.0147 132 439 159 491
D00 0.0147 169 404 228 493
D00 0.0147 238 477 279 504
D00 0.0147 94 420 156 453
D00 0.0146 179 394 202 440
D00 0.0146 253 487 300 516
D00 0.0145 529 574 588 596
D00 0.0144 112 400 154 431
D00 0.0144 0 388 185 546
D00 0.0143 217 370 281 491
D00 0.0143 135 432 279 558
D00 0.0143 64 487 114 512
D00 0.0143 15 520 46 560
D00 0.0143 145 378 196 399
D00 0.0142 0 526 37 553
D00 0.0142 77 459 157 509
D00 0.0142 217 444 246 495
D00 0.0142 9 436 85 470
D00 0.0141 181 379 308 556
D00 0.0140 185 450 370 552
D00 0.0140 235 413 276 436
D00 0.0140 249 448 292 479
D00 0.0138 108 380 187 415
D00 0.0138 270 448 298 502
D00 0.0137 27 440 157 512
D00 0.0137 125 395 177 419
D00 0.0137 453 571 514 600
D00 0.0137 484 565 533 593
D00 0.0137 182 393 284 465
D00 0.0137 184 390 217 421
D00 0.0136 247 485 325 526
D00 0.0136 155 391 190 423
D00 0.0136 12 467 72 559
D00 0.0136 204 417 239 485
D00 0.0135 2 459 53 486
D00 0.0135 73 453 109 510
D00 0.0135 264 411 342 481
D00 0.0135 66 413 128 438
D00 0.0135 253 407 297 454
D00 0.0134 59 392 105 426
D00 0.0134 0 0 43 68
D00 0.0133 0 472 33 509
D00 0.0133 268 410 302 444
D00 0.0133 466 552 519 600
D00 0.0132 171 390 209 464
D00 0.0132 139 387 186 428
D00 0.0132 5 404 62 429
D00 0.0131 166 387 216 409
D00 0.0131 221 387 269 408
D00 0.0131 262 415 289 465
D00 0.0131 165 379 216 400
D00 0.0130 125 419 163 453
D00 0.0130 159 423 204 448
D00 0.0130 0 0 71 133
D00 0.0130 189 392 211 439
D00 0.0130 186 418 214 484
D00 0.0130 54 418 255 524
D00 0.0130 273 420 371 505
D00 0.0130 159 415 203 439
D00 0.0129 0 434 41 459
D00 0.0129 137 427 171 463
D00 0.0129 109 480 143 516
D00 0.0128 204 442 275 558
D00 0.0128 108 436 145 472
D00 0.0127 36 525 64 566
D00 0.0127 129 480 161 517
D00 0.0127 484 570 554 600
D00 0.0126 53 480 109 505
D00 0.0126 31 535 85 559
D00 0.0126 121 440 150 491
D00 0.0126 6 527 89 566
D00 0.0126 118 401 181 433
D00 0.0126 72 564 126 589
D00 0.0125 199 408 221 462
D00 0.0125 56 429 136 460
D00 0.0124 154 383 190 412
D00 0.0123 260 474 294 531
D00 0.0123 279 415 326 439
D00 0.0123 201 402 245 428
D00 0.0122 9 473 49 507
D00 0.0122 318 433 365 458
D00 0.0122 160 437 184 489
D00 0.0122 308 424 355 449
D00 0.0122 47 432 107 457
D00 0.0121 0 477 50 543
D00 0.0121 0 444 69 480
D00 0.0121 166 428 197 494
D00 0.0119 134 457 193 517
D00 0.0119 0 518 28 561
D00 0.0119 117 414 168 439
D00 0.0119 40 529 96 552
D00 0.0118 69 372 156 409
D00 0.0118 172 429 212 512
D00 0.0117 0 508 96 588
D00 0.0117 109 390 203 467
D00 0.0117 49 433 145 476
D00 0.0117 151 411 251 473
D00 0.0116 95 554 122 594
D00 0.0116 135 526 212 554
D00 0.0116 129 426 228 518
D00 0.0116 192 379 232 453
D00 0.0116 90 433 145 457
D00 0.0116 65 471 116 498
D00 0.0115 204 529 256 555
D00 0.0115 5 380 93 420
D00 0.0115 130 423 159 470
D00 0.0115 280 479 325 508
D00 0.0114 78 413 138 457
D00 0.0114 82 572 132 596
D00 0.0114 53 387 109 411
D00 0.0113 159 432 205 457
D00 0.0113 202 456 267 516
D00 0.0113 77 475 103 514
D00 0.0113 142 395 210 501
D00 0.0112 0 523 49 583
D00 0.0112 39 435 205 562
D00 0.0111 195 417 225 485
D00 0.0111 95 440 171 491
D00 0.0110 268 414 301 481
D00 0.0110 184 408 214 444
D00 0.0110 524 562 594 589
D00 0.0110 205 446 237 510
D00 0.0109 331 432 372 510
D00 0.0109 173 468 311 592
D00 0.0109 327 441 374 467
D00 0.0109 282 459 309 513
D00 0.0108 170 387 213 427
D00 0.0108 300 416 345 457
D00 0.0108 193 371 248 415
D00 0.0108 265 401 321 453
D00 0.0108 296 411 330 443
D00 0.0107 251 414 298 438
D00 0.0107 15 518 81 548
D00 0.0107 51 399 108 465
D00 0.0107 290 462 355 521
D00 0.0106 276 402 311 433
D00 0.0106 99 446 136 482
D00 0.0106 289 423 336 447
D00 0.0106 140 432 185 457
D00 0.0106 271 487 356 525
D00 0.0106 0 489 97 542
D00 0.0106 65 552 130 586
D00 0.0106 277 417 310 452
D00 0.0105 3 481 40 517
D00 0.0104 260 402 293 435
D00 0.0104 9 469 118 519
D00 0.0103 60 529 114 551
D00 0.0103 113 477 157 508
D00 0.0103 249 439 293 466
D00 0.0103 87 456 147 492
D00 0.0103 108 407 147 465
D00 0.0103 304 418 361 472
D00 0.0102 249 403 283 436
D00 0.0102 260 423 307 447
D00 0.0102 233 405 277 427
D00 0.0102 178 374 225 407
D00 0.0102 121 372 197 404
D00 0.0102 0 425 31 471
D00 0.0101 11 424 64 497
D00 0.0101 256 460 305 487
D00 0.0101 10 467 85 500
D00 0.0100 221 380 271 399
D00 0.0100 174 526 249 556
D00 0.0100 0 0 179 105
D00 0.0100 92 441 144 465
D10 0.0181 5 479 56 504
D10 0.0165 6 519 53 545
D10 0.0154 0 470 85 511
D10 0.0136 210 459 263 486
D10 0.0130 220 468 269 495
D10 0.0125 0 487 45 513
D10 0.0124 60 0 260 97
D10 0.0124 23 520 74 544
D10 0.0119 10 471 66 496
D10 0.0118 40 432 136 474
D10 0.0117 137 0 325 73
D10 0.0114 229 477 274 504
D10 0.0114 20 479 79 504
D10 0.0110 53 488 107 512
D10 0.0108 44 0 205 65
D10 0.0104 199 451 254 477
D10 0.0103 32 476 112 508
D10 0.0102 13 488 67 512
D10 0.0101 183 0 362 50
D20 0.0403 0 0 310 135
D20 0.0229 118 414 290 506
D20 0.0213 0 429 143 518
D20 0.0198 0 515 169 588
D20 0.0193 100 523 178 558
D20 0.0175 120 528 172 552
D20 0.0174 0 451 194 560
D20 0.0171 26 0 239 77
D20 0.0170 132 0 508 146
D20 0.0169 0 0 119 73
D20 0.0162 0 0 179 178
D20 0.0159 5 522 91 560
D20 0.0159 0 0 408 294
D20 0.0157 167 0 600 294
D20 0.0157 370 0 600 146
D20 0.0151 0 475 258 589
D20 0.0151 0 311 408 600
D20 0.0148 167 311 600 600
D20 0.0146 0 394 278 543
D20 0.0145 0 476 111 583
D20 0.0145 55 470 141 511
D20 0.0145 0 118 290 600
D20 0.0143 312 118 600 600
D20 0.0135 48 458 465 600
D20 0.0133 171 383 255 416
D20 0.0130 0 0 72 109
D20 0.0130 454 0 600 211
D20 0.0130 121 523 210 556
D20 0.0129 0 0 600 434
D20 0.0128 291 0 483 75
D20 0.0126 32 526 103 554
D20 0.0126 8 528 122 580
D20 0.0126 180 0 454 89
D20 0.0126 104 529 156 551
D20 0.0122 0 145 600 600
D20 0.0119 83 467 167 514
D20 0.0118 119 393 276 474
D20 0.0117 77 432 258 519
D20 0.0113 192 456 284 504
D20 0.0112 180 439 281 488
D20 0.0110 203 383 274 420
D20 0.0110 111 535 164 558
D20 0.0109 133 443 301 530
D20 0.0109 27 541 171 596
D20 0.0109 370 456 600 600
D20 0.0109 209 378 267 404
D20 0.0108 124 0 351 73
D20 0.0105 137 0 371 204
D20 0.0104 0 373 148 600
D20 0.0103 517 557 599 591
D20 0.0102 159 374 242 407
D20 0.0101 28 460 160 523
D20 0.0101 386 0 600 290
D20 0.0101 0 518 53 561
D20 0.0101 10 481 148 545
D20 0.0100 55 518 229 587
D40 0.0283 0 433 49 490
D40 0.0273 1 441 46 469
D40 0.0215 0 448 38 478
D40 0.0166 127 528 181 552
D40 0.0157 212 535 266 558
D40 0.0139 208 529 286 564
D40 0.0127 144 522 238 555
D40 0.0108 161 528 224 552
D40 0.0106 174 524 265 558
