D00 0.1220 185 441 254 516
D00 0.1164 202 464 238 505
D00 0.1072 210 454 243 497
D00 0.0995 0 451 75 499
D00 0.0949 0 456 44 506
D00 0.0790 0 442 109 510
D00 0.0633 1 463 30 514
D00 0.0605 208 434 261 501
D00 0.0599 2 459 58 488
D00 0.0588 163 426 264 504
D00 0.0549 197 413 266 480
D00 0.0538 356 438 382 489
D00 0.0500 348 433 375 481
D00 0.0491 216 447 253 484
D00 0.0476 200 417 258 439
D00 0.0463 6 448 89 480
D00 0.0458 249 401 283 435
D00 0.0456 0 445 59 531
D00 0.0454 145 459 261 518
D00 0.0437 220 418 258 450
D00 0.0434 9 438 145 486
D00 0.0432 185 421 290 523
D00 0.0416 307 403 340 431
D00 0.0416 238 410 276 444
D00 0.0412 349 428 389 510
D00 0.0408 29 442 106 472
D00 0.0394 214 438 246 475
D00 0.0388 222 415 271 440
D00 0.0382 200 433 245 487
D00 0.0375 197 471 258 509
D00 0.0373 145 419 257 464
D00 0.0361 209 422 253 471
D00 0.0350 180 407 241 433
D00 0.0336 208 455 272 492
D00 0.0336 261 395 288 439
D00 0.0323 237 390 289 445
D00 0.0322 4 423 125 471
D00 0.0316 0 475 35 504
D00 0.0311 4 451 48 481
D00 0.0304 246 416 282 452
D00 0.0302 220 430 268 479
D00 0.0300 164 403 266 444
D00 0.0299 354 435 400 480
D00 0.0298 216 402 276 452
D00 0.0298 192 465 284 521
D00 0.0295 226 426 265 461
D00 0.0293 348 441 392 470
D00 0.0290 332 420 396 533
D00 0.0290 253 386 294 430
D00 0.0289 202 451 242 477
D00 0.0288 245 395 285 421
D00 0.0285 1 445 31 494
D00 0.0280 217 464 251 510
D00 0.0277 339 427 383 472
D00 0.0276 364 440 391 487
D00 0.0275 250 382 285 414
D00 0.0273 59 439 138 470
D00 0.0272 0 407 80 524
D00 0.0271 181 471 254 536
D00 0.0265 224 406 272 432
D00 0.0265 104 433 165 455
D00 0.0264 327 430 385 494
D00 0.0257 179 457 241 495
D00 0.0256 249 413 294 439
D00 0.0254 209 472 242 515
D00 0.0252 317 391 344 429
D00 0.0252 0 457 89 551
D00 0.0252 0 467 27 496
D00 0.0250 209 405 282 502
D00 0.0248 193 416 249 452
D00 0.0247 346 451 377 492
D00 0.0245 210 404 250 437
D00 0.0243 176 472 232 512
D00 0.0242 6 463 67 512
D00 0.0242 71 432 149 460
D00 0.0241 235 385 281 409
D00 0.0239 512 571 583 600
D00 0.0239 52 442 124 502
D00 0.0238 0 472 31 538
D00 0.0236 323 441 374 540
D00 0.0233 72 442 158 485
D00 0.0232 217 409 245 447
D00 0.0228 362 443 412 469
D00 0.0227 207 457 258 526
D00 0.0226 43 433 119 464
D00 0.0226 208 431 252 454
D00 0.0225 243 378 288 400
D00 0.0225 339 437 367 488
D00 0.0224 265 400 299 433
D00 0.0223 262 410 289 455
D00 0.0223 299 393 333 424
D00 0.0223 221 441 267 466
D00 0.0221 345 451 376 527
D00 0.0221 198 445 230 497
D00 0.0220 87 438 158 470
D00 0.0220 441 493 466 541
D00 0.0217 150 405 228 433
D00 0.0217 175 438 260 558
D00 0.0214 346 434 391 458
D00 0.0211 229 442 261 489
D00 0.0211 361 443 394 516
D00 0.0210 99 441 163 501
D00 0.0210 223 451 265 508
D00 0.0209 74 450 141 510
D00 0.0208 0 426 49 497
D00 0.0207 433 467 475 546
D00 0.0207 342 441 421 486
D00 0.0206 218 383 280 438
D00 0.0205 224 409 301 475
D00 0.0204 190 399 303 454
D00 0.0202 311 379 336 421
D00 0.0199 244 389 274 432
D00 0.0199 353 440 407 539
D00 0.0198 341 421 378 450
D00 0.0196 260 402 306 446
D00 0.0195 219 439 301 512
D00 0.0193 380 442 430 467
D00 0.0193 191 481 242 524
D00 0.0192 260 395 307 420
D00 0.0191 234 400 265 441
D00 0.0189 266 381 299 413
D00 0.0188 47 446 92 477
D00 0.0187 125 418 187 440
D00 0.0187 239 420 271 464
D00 0.0186 156 484 229 515
D00 0.0185 176 394 243 426
D00 0.0184 2 480 60 518
D00 0.0184 222 379 277 399
D00 0.0184 0 0 65 142
D00 0.0182 38 447 97 495
D00 0.0181 183 489 225 518
D00 0.0179 298 408 333 437
D00 0.0179 487 559 576 600
D00 0.0179 234 436 274 470
D00 0.0179 0 0 34 68
D00 0.0178 154 397 275 482
D00 0.0177 259 375 293 404
D00 0.0175 55 450 121 473
D00 0.0174 204 486 255 513
D00 0.0174 338 460 388 554
D00 0.0173 371 450 420 475
D00 0.0173 315 416 376 475
D00 0.0172 225 395 274 421
D00 0.0172 149 439 220 513
D00 0.0172 58 449 183 502
D00 0.0171 109 428 174 480
D00 0.0171 208 442 291 486
D00 0.0171 433 484 459 535
D00 0.0170 161 433 245 481
D00 0.0170 33 457 104 516
D00 0.0169 124 424 166 450
D00 0.0169 10 444 77 470
D00 0.0169 365 432 409 507
D00 0.0168 329 429 440 544
D00 0.0168 438 512 469 545
D00 0.0168 183 424 242 468
D00 0.0166 267 406 323 427
D00 0.0166 237 431 286 456
D00 0.0166 312 410 335 453
D00 0.0165 492 574 553 598
D00 0.0165 186 390 273 432
D00 0.0164 325 401 354 434
D00 0.0164 522 556 600 600
D00 0.0164 212 386 269 407
D00 0.0163 330 433 377 457
D00 0.0163 323 418 361 448
D00 0.0162 332 441 378 468
D00 0.0162 180 477 211 515
D00 0.0161 252 396 295 463
D00 0.0161 225 452 278 476
D00 0.0161 357 461 381 520
D00 0.0160 223 460 279 486
D00 0.0160 416 449 503 541
D00 0.0160 86 451 145 476
D00 0.0159 206 409 236 445
D00 0.0159 0 0 149 274
D00 0.0159 440 483 484 535
D00 0.0159 336 416 366 455
D00 0.0159 230 379 296 419
D00 0.0159 119 441 185 504
D00 0.0157 211 478 267 504
D00 0.0156 266 416 301 452
D00 0.0155 373 440 402 484
D00 0.0155 319 411 344 453
D00 0.0154 362 435 412 459
D00 0.0153 365 430 427 479
D00 0.0152 200 442 244 465
D00 0.0151 276 400 311 431
D00 0.0151 257 425 292 459
D00 0.0151 63 425 138 452
D00 0.0150 207 398 255 459
D00 0.0150 115 441 169 465
D00 0.0149 187 455 222 503
D00 0.0149 62 455 134 488
D00 0.0148 392 436 485 527
D00 0.0147 328 422 356 469
D00 0.0147 0 486 34 514
D00 0.0146 360 438 435 517
D00 0.0146 306 408 366 457
D00 0.0146 307 427 359 524
D00 0.0145 202 396 257 421
D00 0.0145 0 483 72 539
D00 0.0145 340 453 366 509
D00 0.0145 335 465 368 532
D00 0.0145 298 382 332 414
D00 0.0145 115 446 155 481
D00 0.0144 202 448 283 554
D00 0.0143 25 458 88 484
D00 0.0143 382 433 430 459
D00 0.0143 280 397 331 433
D00 0.0141 64 466 114 513
D00 0.0141 101 416 173 443
D00 0.0140 350 458 391 485
D00 0.0140 469 539 597 600
D00 0.0140 17 462 92 501
D00 0.0140 193 439 236 473
D00 0.0139 143 425 331 554
D00 0.0139 26 437 165 530
D00 0.0139 15 432 89 465
D00 0.0138 4 491 39 528
D00 0.0138 142 390 230 427
D00 0.0137 447 545 494 589
D00 0.0137 126 432 162 494
D00 0.0137 449 474 477 527
D00 0.0136 131 429 174 456
D00 0.0136 501 472 598 561
D00 0.0136 547 574 598 600
D00 0.0135 0 438 56 475
D00 0.0135 104 454 147 490
D00 0.0135 356 418 383 459
D00 0.0134 193 387 248 407
D00 0.0134 441 519 467 559
D00 0.0134 2 65 26 120
D00 0.0133 267 386 319 409
D00 0.0133 286 400 349 444
D00 0.0133 165 397 224 421
D00 0.0133 267 414 323 437
D00 0.0133 437 481 471 521
D00 0.0133 12 472 45 521
D00 0.0132 444 541 482 576
D00 0.0131 161 413 208 439
D00 0.0131 436 458 493 525
D00 0.0131 451 479 583 550
D00 0.0131 222 469 279 495
D00 0.0131 504 564 559 595
D00 0.0130 193 484 288 538
D00 0.0129 309 431 391 574
D00 0.0129 427 499 480 553
D00 0.0128 438 554 486 579
D00 0.0128 0 37 31 128
D00 0.0127 38 404 164 448
D00 0.0127 268 378 318 400
D00 0.0127 488 515 600 585
D00 0.0127 302 410 327 453
D00 0.0126 122 400 214 436
D00 0.0126 286 417 377 506
D00 0.0125 117 449 154 510
D00 0.0125 92 457 157 516
D00 0.0125 230 416 334 502
D00 0.0125 466 571 539 600
D00 0.0125 21 447 78 520
D00 0.0125 131 418 246 519
D00 0.0125 335 408 365 440
D00 0.0124 82 464 149 500
D00 0.0124 249 418 316 452
D00 0.0124 218 373 291 406
D00 0.0124 345 537 389 563
D00 0.0123 262 374 303 440
D00 0.0123 347 406 390 477
D00 0.0123 455 554 502 581
D00 0.0123 371 453 405 526
D00 0.0123 240 440 271 486
D00 0.0122 431 528 476 548
D00 0.0121 292 396 318 434
D00 0.0121 432 532 489 584
D00 0.0120 384 435 412 476
D00 0.0120 304 403 343 481
D00 0.0120 281 386 306 427
D00 0.0119 374 446 419 494
D00 0.0119 352 425 401 444
D00 0.0119 440 475 512 547
D00 0.0119 457 560 524 595
D00 0.0119 183 480 275 569
D00 0.0118 455 574 508 598
D00 0.0118 263 405 326 458
D00 0.0118 573 400 597 450
D00 0.0117 236 450 289 494
D00 0.0116 119 458 211 517
D00 0.0116 2 397 136 461
D00 0.0116 180 382 261 419
D00 0.0116 353 475 385 537
D00 0.0116 449 506 474 549
D00 0.0116 89 429 144 497
D00 0.0116 352 431 476 492
D00 0.0115 444 455 546 543
D00 0.0114 209 435 353 541
D00 0.0114 167 441 227 493
D00 0.0114 195 389 246 448
D00 0.0113 348 485 373 533
D00 0.0113 390 432 439 473
D00 0.0113 247 421 284 479
D00 0.0112 532 495 600 567
D00 0.0112 481 506 588 558
D00 0.0112 312 481 375 536
D00 0.0112 194 401 227 438
D00 0.0111 1 476 55 573
D00 0.0111 136 407 196 430
D00 0.0111 327 437 361 504
D00 0.0110 437 533 472 565
D00 0.0110 401 490 593 587
D00 0.0110 333 502 370 535
D00 0.0110 282 410 307 455
D00 0.0109 22 418 94 487
D00 0.0109 38 466 156 516
D00 0.0109 60 448 100 510
D00 0.0108 429 457 463 526
D00 0.0107 137 427 211 481
D00 0.0107 3 0 51 97
D00 0.0106 313 412 354 492
D00 0.0106 133 486 247 531
D00 0.0106 337 544 382 569
D00 0.0105 295 377 337 437
D00 0.0105 483 564 540 593
D00 0.0105 175 486 234 547
D00 0.0105 239 433 304 489
D00 0.0105 527 561 570 598
D00 0.0105 430 451 522 511
D00 0.0105 459 474 486 527
D00 0.0104 125 437 200 467
D00 0.0104 364 458 410 483
D00 0.0104 345 407 375 442
D00 0.0103 370 422 406 476
D00 0.0103 316 426 349 461
D00 0.0103 290 422 341 446
D00 0.0103 197 377 266 402
D00 0.0102 326 464 409 527
D00 0.0102 312 427 333 478
D00 0.0101 162 497 217 517
D00 0.0101 224 481 265 516
D00 0.0101 539 564 591 594
D00 0.0101 150 470 207 513
D00 0.0101 288 416 322 450
D00 0.0101 134 463 280 587
D00 0.0101 422 545 472 572
D00 0.0100 0 11 187 167
D00 0.0100 445 548 559 596
D00 0.0100 200 491 263 523
D00 0.0100 0 72 70 237
D00 0.0100 167 385 234 412
D00 0.0100 324 494 360 528
D00 0.0100 566 498 600 560
D00 0.0100 4 92 112 304
D10 0.0599 162 414 246 439
D10 0.0458 176 423 246 443
D10 0.0417 142 423 231 446
D10 0.0405 122 427 188 447
D10 0.0333 108 422 205 451
D10 0.0281 113 433 174 454
D10 0.0279 89 425 164 451
D10 0.0264 143 418 212 438
D10 0.0251 325 423 376 444
D10 0.0211 289 413 344 435
D10 0.0208 132 430 217 455
D10 0.0202 277 406 335 427
D10 0.0186 343 425 391 444
D10 0.0171 195 431 246 454
D10 0.0158 164 429 242 457
D10 0.0141 317 508 370 532
D10 0.0135 5 487 53 514
D10 0.0134 198 496 248 519
D10 0.0126 301 422 351 445
D10 0.0122 439 518 484 541
D10 0.0119 433 507 475 534
D10 0.0118 423 518 469 541
D10 0.0110 433 497 476 524
D10 0.0109 309 500 361 525
D10 0.0107 327 499 375 525
D10 0.0105 2 498 43 524
D10 0.0105 92 0 286 91
D10 0.0103 0 44 130 209
D10 0.0102 65 0 400 122
D10 0.0102 16 478 77 505
D20 0.0789 308 407 358 429
D20 0.0753 97 438 266 515
D20 0.0655 0 423 267 523
D20 0.0585 183 461 246 509
D20 0.0546 314 414 369 434
D20 0.0521 0 432 165 495
D20 0.0516 161 410 257 441
D20 0.0450 104 419 259 470
D20 0.0438 195 410 277 447
D20 0.0420 309 398 355 424
D20 0.0403 303 402 383 433
D20 0.0389 0 446 136 527
D20 0.0366 177 431 308 520
D20 0.0361 73 423 214 463
D20 0.0357 63 432 229 490
D20 0.0349 289 407 344 428
D20 0.0347 102 404 259 449
D20 0.0335 162 478 243 515
D20 0.0327 16 422 177 471
D20 0.0317 330 406 382 429
D20 0.0294 282 392 368 428
D20 0.0282 224 417 280 451
D20 0.0278 63 429 156 464
D20 0.0276 184 413 255 459
D20 0.0266 107 421 362 526
D20 0.0266 87 451 302 545
D20 0.0259 290 397 340 422
D20 0.0254 257 399 356 433
D20 0.0254 41 457 477 600
D20 0.0241 187 413 236 439
D20 0.0239 42 443 200 506
D20 0.0238 0 418 420 566
D20 0.0238 157 425 247 464
D20 0.0236 203 421 271 468
D20 0.0234 142 401 237 436
D20 0.0233 146 440 407 553
D20 0.0229 190 407 342 482
D20 0.0222 118 413 219 444
D20 0.0217 323 397 373 424
D20 0.0215 123 427 226 459
D20 0.0210 0 397 213 489
D20 0.0210 340 411 379 437
D20 0.0208 0 0 221 147
D20 0.0199 319 420 381 448
D20 0.0192 232 404 311 447
D20 0.0190 87 434 172 475
D20 0.0185 206 420 398 502
D20 0.0183 315 395 347 438
D20 0.0182 0 450 286 593
D20 0.0178 336 433 427 484
D20 0.0178 281 410 352 436
D20 0.0178 315 433 466 525
D20 0.0176 219 420 299 463
D20 0.0174 300 387 345 411
D20 0.0173 60 0 450 149
D20 0.0172 217 399 357 448
D20 0.0170 45 403 198 451
D20 0.0167 169 417 237 449
D20 0.0166 0 0 408 294
D20 0.0163 318 420 411 462
D20 0.0163 313 410 374 458
D20 0.0163 167 0 600 294
D20 0.0162 236 455 462 554
D20 0.0157 297 414 405 519
D20 0.0154 129 465 268 536
D20 0.0154 0 418 166 562
D20 0.0154 167 311 600 600
D20 0.0153 246 388 328 428
D20 0.0152 0 118 290 600
D20 0.0151 438 531 600 600
D20 0.0150 369 0 600 146
D20 0.0148 312 118 600 600
D20 0.0147 68 460 229 519
D20 0.0144 232 412 378 466
D20 0.0141 117 422 173 453
D20 0.0141 259 380 345 416
D20 0.0139 169 406 514 538
D20 0.0136 92 412 181 446
D20 0.0136 0 236 516 600
D20 0.0136 438 472 597 556
D20 0.0135 0 0 600 434
D20 0.0134 0 401 92 532
D20 0.0134 322 403 358 445
D20 0.0132 141 423 186 448
D20 0.0132 454 0 600 217
D20 0.0131 367 456 600 600
D20 0.0130 137 433 233 475
D20 0.0128 178 473 451 586
D20 0.0128 305 431 391 478
D20 0.0127 322 466 492 551
D20 0.0126 90 418 164 460
D20 0.0123 277 386 329 410
D20 0.0121 296 375 350 426
D20 0.0119 0 0 117 70
D20 0.0119 299 448 559 563
D20 0.0119 229 0 534 141
D20 0.0118 104 383 255 432
D20 0.0117 247 413 343 454
D20 0.0117 65 0 298 211
D20 0.0116 168 519 255 558
D20 0.0116 314 389 393 428
D20 0.0115 92 399 297 487
D20 0.0115 335 400 365 434
D20 0.0115 321 386 357 433
D20 0.0114 0 0 110 164
D20 0.0114 336 398 382 457
D20 0.0114 271 411 425 478
D20 0.0113 0 0 73 117
D20 0.0112 323 408 402 441
D20 0.0112 28 0 296 91
D20 0.0112 198 521 283 559
D20 0.0112 0 0 182 268
D20 0.0110 95 484 302 581
D20 0.0109 0 430 54 574
D20 0.0109 0 462 102 579
D20 0.0107 416 485 495 535
D20 0.0106 293 0 483 75
D20 0.0106 385 0 600 299
D20 0.0105 283 398 408 444
D20 0.0105 453 368 600 600
D20 0.0105 326 389 373 445
D20 0.0105 262 376 325 402
D20 0.0104 323 491 540 584
D20 0.0103 178 0 455 90
D20 0.0101 221 509 485 600
D20 0.0101 0 32 92 284
D20 0.0101 310 384 370 415
D40 0.1271 193 477 238 508
D40 0.0697 184 466 246 511
D40 0.0297 177 487 229 513
D40 0.0274 79 431 156 459
D40 0.0256 186 494 236 517
D40 0.0232 87 427 150 448
D40 0.0181 181 482 248 524
D40 0.0181 528 505 600 555
D40 0.0172 169 413 219 438
D40 0.0135 555 511 596 550
D40 0.0132 160 421 208 446
D40 0.0132 566 518 600 558
D40 0.0120 203 535 257 558
D40 0.0118 466 472 600 562
D40 0.0112 186 520 273 559
D40 0.0111 415 545 493 585
D40 0.0102 213 528 266 555
D40 0.0100 561 491 600 565
