D00 0.0463 0 433 143 520
D00 0.0428 247 443 267 498
D00 0.0403 238 444 259 498
D00 0.0338 5 440 87 515
D00 0.0329 230 423 266 503
D00 0.0321 0 407 159 488
D00 0.0291 3 466 63 527
D00 0.0283 9 466 117 521
D00 0.0270 46 426 178 495
D00 0.0265 223 438 255 500
D00 0.0262 38 448 150 504
D00 0.0259 208 455 231 505
D00 0.0250 209 423 250 505
D00 0.0247 238 433 273 516
D00 0.0237 75 441 154 489
D00 0.0237 216 446 241 498
D00 0.0236 15 426 109 500
D00 0.0231 183 386 232 410
D00 0.0225 319 415 374 512
D00 0.0224 94 432 171 479
D00 0.0222 303 439 343 523
D00 0.0216 312 464 335 517
D00 0.0215 246 422 282 502
D00 0.0215 2 484 45 533
D00 0.0212 238 420 258 477
D00 0.0211 219 404 258 492
D00 0.0210 254 436 275 492
D00 0.0209 42 416 155 469
D00 0.0206 320 464 343 518
D00 0.0205 247 419 265 477
D00 0.0204 201 439 240 515
D00 0.0203 174 395 226 419
D00 0.0202 297 403 361 518
D00 0.0201 15 482 84 519
D00 0.0197 71 412 200 476
D00 0.0189 322 426 410 527
D00 0.0189 199 456 223 507
D00 0.0186 62 464 131 500
D00 0.0185 227 420 250 476
D00 0.0183 152 389 229 427
D00 0.0182 321 401 363 477
D00 0.0182 110 423 192 468
D00 0.0180 8 497 55 522
D00 0.0180 192 378 240 400
D00 0.0175 0 414 102 467
D00 0.0173 24 473 93 512
D00 0.0173 106 417 207 501
D00 0.0170 122 407 204 450
D00 0.0170 360 462 420 523
D00 0.0170 214 412 245 483
D00 0.0169 0 389 97 516
D00 0.0169 10 396 151 452
D00 0.0168 89 457 142 503
D00 0.0164 340 433 402 499
D00 0.0164 0 434 49 515
D00 0.0164 319 447 362 528
D00 0.0163 315 399 350 460
D00 0.0161 150 401 216 433
D00 0.0161 2 486 98 538
D00 0.0160 101 448 163 510
D00 0.0159 108 441 161 468
D00 0.0157 184 405 247 513
D00 0.0156 53 473 120 508
D00 0.0156 238 399 257 456
D00 0.0155 99 450 151 477
D00 0.0155 0 450 187 552
D00 0.0154 34 464 103 502
D00 0.0153 7 463 75 502
D00 0.0152 86 415 167 462
D00 0.0150 20 420 218 523
D00 0.0150 5 471 42 512
D00 0.0150 539 537 600 599
D00 0.0150 311 473 353 522
D00 0.0150 331 420 392 480
D00 0.0150 170 380 240 416
D00 0.0149 376 484 423 531
D00 0.0149 53 435 127 496
D00 0.0149 328 414 355 464
D00 0.0146 181 442 224 519
D00 0.0146 80 460 135 488
D00 0.0146 340 427 460 532
D00 0.0146 174 404 225 428
D00 0.0145 239 392 272 482
D00 0.0144 43 400 132 437
D00 0.0144 209 429 232 485
D00 0.0142 105 454 147 491
D00 0.0142 565 517 600 600
D00 0.0142 227 401 250 454
D00 0.0141 285 412 335 510
D00 0.0140 117 432 170 459
D00 0.0140 315 537 366 564
D00 0.0140 306 401 340 436
D00 0.0139 43 483 109 516
D00 0.0139 14 408 104 448
D00 0.0139 195 431 227 500
D00 0.0138 119 432 184 491
D00 0.0138 256 419 274 475
D00 0.0137 0 0 67 139
D00 0.0137 303 402 345 486
D00 0.0137 334 429 370 500
D00 0.0137 1 475 29 526
D00 0.0137 190 464 234 512
D00 0.0136 44 455 114 493
D00 0.0136 532 570 600 600
D00 0.0135 84 400 192 446
D00 0.0135 297 390 349 450
D00 0.0135 277 412 390 531
D00 0.0135 0 0 33 80
D00 0.0132 124 390 207 429
D00 0.0131 490 462 600 569
D00 0.0131 192 395 239 418
D00 0.0131 0 423 65 489
D00 0.0130 328 464 353 518
D00 0.0130 0 419 66 454
D00 0.0130 134 398 249 499
D00 0.0129 333 419 367 455
D00 0.0129 206 469 253 496
D00 0.0129 230 385 264 471
D00 0.0129 316 426 349 503
D00 0.0129 79 392 233 462
D00 0.0128 247 398 265 456
D00 0.0128 349 450 397 528
D00 0.0127 293 386 337 408
D00 0.0127 568 558 600 596
D00 0.0127 170 416 226 505
D00 0.0127 21 497 78 520
D00 0.0126 113 528 159 553
D00 0.0126 157 388 214 410
D00 0.0126 299 457 331 521
D00 0.0126 177 389 237 443
D00 0.0125 301 396 327 443
D00 0.0125 158 398 223 452
D00 0.0124 536 473 600 587
D00 0.0124 1 495 28 542
D00 0.0124 66 444 168 527
D00 0.0124 126 415 182 459
D00 0.0123 133 382 217 418
D00 0.0123 297 391 331 424
D00 0.0123 292 377 338 398
D00 0.0123 71 403 142 432
D00 0.0123 337 428 423 470
D00 0.0123 200 386 248 408
D00 0.0122 324 401 357 435
D00 0.0122 138 409 217 477
D00 0.0122 319 414 362 439
D00 0.0121 125 441 179 467
D00 0.0121 129 428 226 517
D00 0.0121 217 402 242 453
D00 0.0121 338 445 429 511
D00 0.0121 199 397 241 476
D00 0.0121 256 413 293 498
D00 0.0120 98 469 148 495
D00 0.0120 226 459 269 489
D00 0.0119 83 413 161 507
D00 0.0119 238 385 258 431
D00 0.0119 5 501 39 535
D00 0.0119 112 411 179 444
D00 0.0119 247 384 265 431
D00 0.0118 220 410 276 525
D00 0.0116 116 450 168 476
D00 0.0116 344 447 380 516
D00 0.0116 147 396 205 420
D00 0.0116 155 414 209 439
D00 0.0115 362 449 413 502
D00 0.0115 517 517 596 586
D00 0.0115 135 423 190 449
D00 0.0114 63 406 148 448
D00 0.0114 14 477 68 508
D00 0.0114 231 414 287 485
D00 0.0114 0 497 37 523
D00 0.0113 310 411 337 463
D00 0.0113 374 477 405 524
D00 0.0113 517 480 594 552
D00 0.0113 189 457 214 508
D00 0.0112 335 455 368 523
D00 0.0112 335 424 386 448
D00 0.0112 118 423 172 449
D00 0.0111 313 392 348 424
D00 0.0111 320 419 346 473
D00 0.0110 445 469 590 529
D00 0.0110 137 414 192 439
D00 0.0110 379 470 430 518
D00 0.0110 134 432 189 458
D00 0.0109 121 402 189 434
D00 0.0109 329 428 356 484
D00 0.0109 3 393 86 454
D00 0.0109 310 412 425 478
D00 0.0109 147 419 214 452
D00 0.0108 454 539 490 573
D00 0.0108 201 400 236 433
D00 0.0108 167 409 230 442
D00 0.0108 154 460 216 519
D00 0.0108 323 535 393 565
D00 0.0108 544 453 598 546
D00 0.0108 208 411 232 462
D00 0.0107 337 432 386 458
D00 0.0107 62 395 133 424
D00 0.0107 226 461 251 509
D00 0.0107 289 382 323 412
D00 0.0106 384 494 431 539
D00 0.0106 42 443 99 517
D00 0.0106 57 406 121 429
D00 0.0106 265 412 314 508
D00 0.0106 298 403 330 468
D00 0.0105 512 0 600 138
D00 0.0105 159 416 269 523
D00 0.0104 305 410 359 444
D00 0.0104 347 432 449 489
D00 0.0104 29 458 73 518
D00 0.0104 74 390 156 427
D00 0.0104 175 449 208 515
D00 0.0103 285 389 325 466
D00 0.0103 316 489 347 525
D00 0.0103 208 455 267 512
D00 0.0103 292 395 317 443
D00 0.0103 368 496 416 524
D00 0.0103 238 402 297 514
D00 0.0103 78 478 133 504
D00 0.0103 547 563 597 593
D00 0.0102 570 520 600 556
D00 0.0102 364 468 396 518
D00 0.0102 64 438 134 473
D00 0.0102 115 440 155 500
D00 0.0102 542 508 600 565
D00 0.0101 34 493 101 522
D00 0.0101 249 461 278 500
D00 0.0101 21 403 98 433
D00 0.0101 264 428 285 482
D00 0.0101 89 398 144 420
D00 0.0100 210 378 259 399
D00 0.0100 573 532 599 585
D10 0.0217 448 486 517 514
D10 0.0175 2 469 50 494
D10 0.0161 546 305 600 332
D10 0.0151 0 459 67 510
D10 0.0141 521 516 600 559
D10 0.0138 460 483 563 519
D10 0.0130 6 460 60 486
D10 0.0128 469 490 528 512
D10 0.0128 4 477 48 507
D10 0.0126 215 469 261 496
D10 0.0123 541 531 600 562
D10 0.0119 550 526 600 551
D10 0.0117 417 474 516 513
D10 0.0113 521 536 600 583
D10 0.0110 562 534 600 557
D10 0.0107 366 479 413 507
D10 0.0105 70 0 396 127
D10 0.0105 205 477 253 503
D20 0.0243 0 0 350 138
D20 0.0187 448 511 600 589
D20 0.0179 522 555 600 598
D20 0.0178 51 459 478 600
D20 0.0161 0 0 408 294
D20 0.0160 167 0 600 294
D20 0.0159 486 539 600 598
D20 0.0156 0 311 408 600
D20 0.0154 0 0 179 179
D20 0.0150 0 118 290 600
D20 0.0149 354 493 576 587
D20 0.0146 167 311 600 600
D20 0.0144 0 0 118 73
D20 0.0141 207 459 600 600
D20 0.0141 312 118 600 600
D20 0.0138 0 457 230 600
D20 0.0132 428 477 600 555
D20 0.0131 0 0 600 434
D20 0.0131 313 432 461 527
D20 0.0129 454 0 600 226
D20 0.0128 0 0 232 93
D20 0.0126 0 145 600 600
D20 0.0124 341 453 503 539
D20 0.0123 376 0 600 145
D20 0.0121 372 521 509 581
D20 0.0119 115 523 204 556
D20 0.0118 0 0 73 112
D20 0.0116 312 450 571 569
D20 0.0114 343 476 424 524
D20 0.0114 424 541 579 595
D20 0.0113 327 525 543 600
D20 0.0113 2 411 238 530
D20 0.0112 510 492 600 597
D20 0.0111 387 0 600 312
D20 0.0111 189 458 276 504
D20 0.0110 279 531 369 566
D20 0.0108 476 548 572 586
D20 0.0108 278 415 429 514
D20 0.0107 124 408 544 569
D20 0.0106 420 412 600 600
D20 0.0104 88 0 383 91
D20 0.0104 527 0 600 116
D20 0.0103 369 475 543 554
D20 0.0102 522 525 600 582
D20 0.0101 297 377 344 399
D40 0.0208 412 531 493 570
D40 0.0159 505 548 598 589
D40 0.0153 425 543 485 569
D40 0.0148 147 523 237 556
D40 0.0144 379 483 417 520
D40 0.0142 121 528 171 553
D40 0.0140 154 529 211 553
D40 0.0139 361 478 436 525
D40 0.0121 127 526 201 555
D40 0.0120 315 532 403 567
D40 0.0116 445 537 493 564
D40 0.0110 0 314 31 350
D40 0.0110 383 497 429 525
D40 0.0107 330 538 386 563
D40 0.0107 383 536 476 574
D40 0.0104 162 535 221 557
D40 0.0104 462 485 503 514
D40 0.0103 180 529 241 553
