D00 0.0533 13 417 177 504
D00 0.0438 81 421 163 498
D00 0.0355 103 413 202 503
D00 0.0328 47 414 159 475
D00 0.0317 46 445 155 503
D00 0.0299 156 52 281 117
D00 0.0269 54 394 185 490
D00 0.0252 111 422 174 488
D00 0.0246 102 447 150 498
D00 0.0234 136 9 266 116
D00 0.0230 13 399 158 457
D00 0.0226 67 400 174 450
D00 0.0213 0 411 126 479
D00 0.0209 8 19 308 120
D00 0.0206 105 398 185 440
D00 0.0205 0 437 122 514
D00 0.0200 178 66 254 116
D00 0.0197 124 390 202 430
D00 0.0196 165 386 216 411
D00 0.0195 110 445 173 512
D00 0.0193 101 406 168 472
D00 0.0190 93 396 212 459
D00 0.0186 150 392 211 424
D00 0.0185 183 378 232 401
D00 0.0183 112 393 180 424
D00 0.0178 135 407 212 483
D00 0.0176 3 403 74 432
D00 0.0174 141 385 206 415
D00 0.0174 115 444 154 484
D00 0.0170 73 419 143 455
D00 0.0169 138 396 191 421
D00 0.0167 147 404 197 429
D00 0.0165 87 390 168 429
D00 0.0165 62 422 134 487
D00 0.0161 182 386 231 410
D00 0.0160 160 376 222 405
D00 0.0160 38 424 124 470
D00 0.0159 104 435 164 475
D00 0.0157 92 410 160 445
D00 0.0156 134 435 213 509
D00 0.0155 132 397 193 455
D00 0.0153 94 460 143 487
D00 0.0153 124 60 245 111
D00 0.0150 102 385 172 413
D00 0.0149 176 30 254 107
D00 0.0149 256 429 296 511
D00 0.0147 119 404 173 452
D00 0.0145 127 387 183 410
D00 0.0144 80 406 236 524
D00 0.0143 110 455 141 505
D00 0.0142 87 455 146 515
D00 0.0140 173 394 222 419
D00 0.0139 0 14 106 114
D00 0.0138 91 426 157 463
D00 0.0137 34 442 193 522
D00 0.0137 35 448 105 515
D00 0.0136 311 450 352 531
D00 0.0133 75 445 141 484
D00 0.0133 109 405 165 429
D00 0.0133 147 379 201 400
D00 0.0132 140 408 201 441
D00 0.0131 176 32 323 122
D00 0.0130 137 420 186 472
D00 0.0130 135 401 177 434
D00 0.0130 7 449 74 516
D00 0.0128 248 412 286 498
D00 0.0127 183 370 234 391
D00 0.0127 0 400 109 445
D00 0.0126 132 374 214 409
D00 0.0126 155 420 230 499
D00 0.0125 99 396 158 418
D00 0.0124 264 445 288 500
D00 0.0124 163 404 213 428
D00 0.0124 121 376 187 403
D00 0.0123 49 407 133 452
D00 0.0122 26 420 100 504
D00 0.0122 37 437 119 491
D00 0.0121 4 413 60 437
D00 0.0121 0 394 64 423
D00 0.0121 82 29 244 123
D00 0.0120 158 388 218 441
D00 0.0119 349 414 391 495
D00 0.0119 122 452 162 491
D00 0.0117 0 423 67 488
D00 0.0116 73 381 201 433
D00 0.0116 384 438 544 529
D00 0.0115 148 421 196 499
D00 0.0115 70 432 128 457
D00 0.0114 311 477 337 523
D00 0.0114 73 456 127 507
D00 0.0114 247 401 267 452
D00 0.0113 167 379 242 415
D00 0.0112 11 410 86 440
D00 0.0112 201 377 249 400
D00 0.0111 319 466 344 518
D00 0.0111 256 400 275 452
D00 0.0111 134 437 172 504
D00 0.0110 28 406 90 428
D00 0.0110 109 467 156 495
D00 0.0110 20 397 78 420
D00 0.0109 63 416 121 461
D00 0.0109 48 467 130 514
D00 0.0108 0 413 72 459
D00 0.0108 75 402 145 433
D00 0.0108 200 381 236 412
D00 0.0108 74 394 146 421
D00 0.0107 256 419 277 471
D00 0.0107 124 427 166 465
D00 0.0106 14 391 100 426
D00 0.0106 238 429 279 510
D00 0.0105 0 386 206 541
D00 0.0104 238 403 276 484
D00 0.0103 362 432 396 496
D00 0.0103 255 445 279 499
D00 0.0103 65 426 144 528
D00 0.0103 0 398 48 437
D00 0.0103 159 405 222 465
D00 0.0102 134 417 175 454
D00 0.0102 84 468 135 495
D00 0.0102 191 390 227 422
D00 0.0102 320 416 372 508
D00 0.0102 343 409 377 442
D00 0.0102 201 369 250 391
D00 0.0101 98 422 154 448
D00 0.0101 179 0 284 102
D00 0.0101 0 431 48 513
D00 0.0101 2 241 25 299
D00 0.0101 264 428 287 482
D00 0.0101 96 423 142 489
D00 0.0100 504 576 562 600
D00 0.0100 0 0 42 88
D00 0.0100 142 390 238 471
D00 0.0100 66 382 152 416
D00 0.0100 321 41 361 117
D10 0.0258 1 52 150 119
D10 0.0185 0 62 93 106
D10 0.0141 16 69 122 114
D10 0.0134 0 64 60 97
D10 0.0127 52 53 227 117
D10 0.0125 532 26 599 55
D10 0.0113 26 66 113 97
D10 0.0108 12 36 128 101
D10 0.0106 503 22 596 61
D10 0.0105 14 70 71 93
D10 0.0104 324 43 425 79
D20 0.0349 0 0 317 121
D20 0.0274 0 417 145 508
D20 0.0263 0 41 165 121
D20 0.0223 86 415 251 505
D20 0.0191 4 409 239 524
D20 0.0188 115 8 350 109
D20 0.0179 47 459 469 600
D20 0.0157 0 0 117 75
D20 0.0157 0 0 149 212
D20 0.0151 0 0 408 294
D20 0.0150 0 457 229 600
D20 0.0149 167 0 600 294
D20 0.0144 28 0 238 78
D20 0.0142 0 311 408 600
D20 0.0137 167 311 600 600
D20 0.0137 0 118 290 600
D20 0.0135 2 75 137 121
D20 0.0134 167 43 362 117
D20 0.0132 312 118 600 600
D20 0.0132 118 431 303 516
D20 0.0126 557 575 600 599
D20 0.0123 0 0 73 106
D20 0.0122 0 0 600 434
D20 0.0119 458 6 600 83
D20 0.0118 372 456 600 600
D20 0.0115 0 145 600 600
D20 0.0113 167 0 378 77
D20 0.0110 72 0 295 206
D20 0.0106 0 375 148 600
D20 0.0105 59 401 396 536
D20 0.0104 376 0 600 144
D20 0.0102 33 383 273 497
D20 0.0101 109 408 540 565
D20 0.0101 484 31 600 95
D20 0.0101 0 445 158 553
D20 0.0101 456 0 600 213
D20 0.0100 128 0 281 89
D40 0.0267 528 577 593 600
D40 0.0139 556 572 598 600
D40 0.0137 446 430 600 499
D40 0.0124 521 453 600 489
D40 0.0121 0 74 115 122
D40 0.0115 471 438 592 482
D40 0.0114 3 49 90 116
D40 0.0109 550 460 600 484
D40 0.0108 201 536 259 558
