D00 0.0628 404 467 447 518
D00 0.0475 379 460 442 522
D00 0.0456 383 446 508 513
D00 0.0415 395 448 456 509
D00 0.0363 396 477 440 507
D00 0.0341 409 478 456 506
D00 0.0335 402 464 482 507
D00 0.0320 408 471 458 496
D00 0.0318 399 445 485 485
D00 0.0309 402 458 467 491
D00 0.0300 364 438 459 519
D00 0.0289 397 475 476 523
D00 0.0286 96 414 181 507
D00 0.0284 0 439 43 516
D00 0.0282 98 448 158 513
D00 0.0277 499 465 600 561
D00 0.0268 403 460 558 531
D00 0.0267 399 440 472 471
D00 0.0262 400 472 435 534
D00 0.0251 406 439 549 485
D00 0.0245 422 449 502 480
D00 0.0239 122 439 183 506
D00 0.0239 391 480 429 520
D00 0.0237 477 560 540 596
D00 0.0234 412 480 438 530
D00 0.0230 39 409 164 510
D00 0.0229 291 403 316 445
D00 0.0228 389 465 432 503
D00 0.0227 394 460 443 486
D00 0.0226 388 448 450 481
D00 0.0220 404 452 465 475
D00 0.0217 0 404 43 489
D00 0.0214 7 455 36 506
D00 0.0208 393 443 446 467
D00 0.0208 446 501 593 563
D00 0.0207 393 462 490 550
D00 0.0207 115 415 174 480
D00 0.0203 379 440 444 497
D00 0.0200 486 570 554 600
D00 0.0200 409 454 441 501
D00 0.0198 87 430 148 502
D00 0.0197 484 537 534 557
D00 0.0197 276 447 313 536
D00 0.0194 541 451 599 550
D00 0.0192 283 398 309 438
D00 0.0191 531 403 600 429
D00 0.0189 467 518 596 581
D00 0.0189 421 462 484 484
D00 0.0187 496 426 600 506
D00 0.0185 0 412 92 506
D00 0.0185 433 458 510 487
D00 0.0185 108 471 145 510
D00 0.0184 1 447 28 500
D00 0.0183 497 507 588 550
D00 0.0181 532 494 600 567
D00 0.0181 131 424 192 488
D00 0.0181 119 464 168 511
D00 0.0179 112 437 160 495
D00 0.0177 0 413 45 439
D00 0.0176 138 405 187 428
D00 0.0172 284 475 305 526
D00 0.0172 0 390 51 446
D00 0.0171 522 520 598 555
D00 0.0170 476 544 525 592
D00 0.0169 380 472 419 512
D00 0.0168 422 481 463 519
D00 0.0168 406 432 479 461
D00 0.0168 484 529 536 551
D00 0.0168 88 409 160 483
D00 0.0168 474 573 528 597
D00 0.0167 496 558 582 600
D00 0.0165 354 449 413 515
D00 0.0165 131 405 177 452
D00 0.0164 53 448 152 506
D00 0.0164 416 473 450 533
D00 0.0163 0 402 62 434
D00 0.0162 488 540 549 599
D00 0.0162 429 440 510 471
D00 0.0162 519 406 580 426
D00 0.0159 355 427 563 520
D00 0.0157 343 424 439 504
D00 0.0156 81 457 140 519
D00 0.0155 283 413 327 437
D00 0.0155 509 574 569 599
D00 0.0153 450 539 585 598
D00 0.0153 511 425 600 467
D00 0.0152 486 553 531 582
D00 0.0152 415 452 470 520
D00 0.0151 465 563 519 590
D00 0.0150 524 406 600 446
D00 0.0150 381 435 466 568
D00 0.0150 138 413 185 438
D00 0.0150 400 435 455 458
D00 0.0149 486 544 532 568
D00 0.0149 139 448 203 510
D00 0.0149 406 486 516 539
D00 0.0148 496 452 585 491
D00 0.0148 494 524 572 554
D00 0.0148 372 457 406 519
D00 0.0147 0 416 31 453
D00 0.0147 127 418 164 456
D00 0.0147 292 421 315 467
D00 0.0147 127 417 217 506
D00 0.0147 271 455 300 528
D00 0.0147 495 491 585 536
D00 0.0147 423 471 481 494
D00 0.0146 5 464 53 513
D00 0.0146 129 456 159 506
D00 0.0146 64 430 217 516
D00 0.0145 134 427 173 464
D00 0.0145 397 490 454 527
D00 0.0145 138 397 188 420
D00 0.0145 433 489 568 541
D00 0.0145 467 535 529 561
D00 0.0144 520 443 589 533
D00 0.0144 283 411 308 455
D00 0.0144 274 405 318 431
D00 0.0143 451 550 515 585
D00 0.0143 568 400 600 431
D00 0.0143 350 424 392 507
D00 0.0141 362 466 424 526
D00 0.0141 145 431 181 498
D00 0.0140 470 445 576 481
D00 0.0140 143 418 182 455
D00 0.0139 538 397 597 419
D00 0.0139 257 447 296 531
D00 0.0139 103 487 151 514
D00 0.0138 113 469 159 498
D00 0.0138 201 441 238 517
D00 0.0136 419 480 502 524
D00 0.0136 375 432 442 461
D00 0.0136 441 529 561 578
D00 0.0135 443 447 550 512
D00 0.0134 62 528 112 553
D00 0.0134 4 444 38 485
D00 0.0134 367 440 436 470
D00 0.0133 140 407 199 466
D00 0.0133 123 405 170 427
D00 0.0133 29 429 138 493
D00 0.0132 391 420 534 476
D00 0.0131 120 447 150 502
D00 0.0131 103 422 151 474
D00 0.0131 400 534 433 565
D00 0.0131 421 466 590 585
D00 0.0131 124 413 169 439
D00 0.0130 463 404 600 480
D00 0.0130 0 471 32 509
D00 0.0130 149 433 212 496
D00 0.0130 122 436 183 472
D00 0.0129 135 453 172 494
D00 0.0129 128 398 197 437
D00 0.0129 99 462 137 503
D00 0.0129 0 448 73 500
D00 0.0129 294 417 328 452
D00 0.0129 528 446 600 495
D00 0.0127 357 438 383 492
D00 0.0127 108 401 166 460
D00 0.0126 0 400 33 436
D00 0.0126 0 0 72 138
D00 0.0125 0 412 70 460
D00 0.0125 10 449 120 505
D00 0.0125 448 449 529 479
D00 0.0125 530 571 598 600
D00 0.0125 274 484 297 530
D00 0.0124 403 491 429 539
D00 0.0124 386 482 412 530
D00 0.0124 458 538 532 581
D00 0.0124 366 456 393 509
D00 0.0124 218 466 239 513
D00 0.0124 496 554 525 598
D00 0.0124 476 481 569 524
D00 0.0123 530 503 594 541
D00 0.0123 504 412 575 439
D00 0.0122 400 446 434 490
D00 0.0122 435 462 523 501
D00 0.0122 390 483 443 544
D00 0.0122 424 480 479 504
D00 0.0122 125 444 164 484
D00 0.0122 528 414 590 436
D00 0.0121 543 391 600 439
D00 0.0121 457 514 524 543
D00 0.0121 118 427 155 465
D00 0.0121 498 537 563 556
D00 0.0121 340 422 384 469
D00 0.0121 0 393 61 422
D00 0.0120 288 456 318 528
D00 0.0120 481 531 565 565
D00 0.0120 387 496 432 523
D00 0.0119 128 469 177 498
D00 0.0119 495 416 585 456
D00 0.0119 294 401 331 434
D00 0.0119 108 453 146 494
D00 0.0119 448 503 518 536
D00 0.0118 440 545 490 573
D00 0.0118 246 422 266 467
D00 0.0118 180 432 222 513
D00 0.0118 468 522 553 557
D00 0.0117 92 468 187 517
D00 0.0117 209 456 231 509
D00 0.0117 138 441 186 466
D00 0.0117 385 546 431 571
D00 0.0117 153 428 190 464
D00 0.0117 550 523 600 565
D00 0.0117 518 436 583 473
D00 0.0116 543 511 591 549
D00 0.0116 353 436 387 472
D00 0.0116 512 516 575 544
D00 0.0116 15 447 44 500
D00 0.0116 51 414 153 471
D00 0.0116 400 499 529 564
D00 0.0116 542 546 600 600
D00 0.0116 347 488 560 584
D00 0.0116 284 397 323 468
D00 0.0115 122 397 170 419
D00 0.0115 485 514 559 546
D00 0.0115 557 409 598 441
D00 0.0114 512 534 594 598
D00 0.0114 315 456 525 556
D00 0.0114 446 481 531 524
D00 0.0114 550 412 600 459
D00 0.0114 12 401 71 490
D00 0.0114 366 442 417 491
D00 0.0114 572 514 599 561
D00 0.0113 345 430 377 497
D00 0.0113 144 462 180 501
D00 0.0113 324 410 359 442
D00 0.0113 507 561 550 596
D00 0.0113 439 493 507 529
D00 0.0112 373 422 478 469
D00 0.0112 154 439 190 504
D00 0.0112 479 440 566 469
D00 0.0112 333 419 369 454
D00 0.0112 75 433 125 512
D00 0.0112 380 456 421 493
D00 0.0111 514 394 587 421
D00 0.0111 0 434 31 475
D00 0.0111 259 469 314 528
D00 0.0110 0 56 36 137
D00 0.0110 348 432 395 457
D00 0.0110 0 0 43 66
D00 0.0110 4 480 38 517
D00 0.0109 472 426 570 463
D00 0.0109 464 545 517 571
D00 0.0108 458 526 525 552
D00 0.0108 461 454 563 494
D00 0.0108 114 423 160 450
D00 0.0108 503 468 588 519
D00 0.0108 284 432 306 477
D00 0.0107 9 413 119 469
D00 0.0107 503 406 557 426
D00 0.0107 146 402 207 430
D00 0.0107 474 399 596 549
D00 0.0107 80 417 165 547
D00 0.0106 277 469 332 529
D00 0.0106 280 438 309 509
D00 0.0106 485 461 576 506
D00 0.0106 309 414 356 437
D00 0.0106 287 393 321 427
D00 0.0106 329 413 355 459
D00 0.0106 424 547 537 593
D00 0.0105 564 525 600 600
D00 0.0105 331 409 373 480
D00 0.0105 248 431 284 516
D00 0.0105 351 427 433 466
D00 0.0104 305 409 341 441
D00 0.0104 418 496 469 524
D00 0.0104 119 487 169 512
D00 0.0104 356 432 405 479
D00 0.0104 511 507 574 534
D00 0.0103 280 427 311 461
D00 0.0103 284 432 323 516
D00 0.0103 0 386 91 467
D00 0.0103 17 434 149 534
D00 0.0102 428 435 494 457
D00 0.0102 362 433 419 457
D00 0.0102 91 472 127 511
D00 0.0102 435 472 490 514
D00 0.0102 497 537 524 582
D00 0.0102 321 421 364 469
D00 0.0102 393 554 439 578
D00 0.0102 376 451 430 475
D00 0.0102 273 398 300 436
D00 0.0101 0 467 43 543
D00 0.0101 388 494 456 564
D00 0.0101 497 551 562 585
D00 0.0101 451 570 518 599
D00 0.0101 3 424 38 464
D00 0.0101 317 417 350 452
D00 0.0100 355 455 387 519
D00 0.0100 525 448 574 476
D00 0.0100 188 457 232 508
D00 0.0100 276 417 315 490
D00 0.0100 426 464 460 507
D00 0.0100 261 439 289 509
D00 0.0100 208 467 250 513
D10 0.0582 524 449 600 475
D10 0.0318 544 444 598 468
D10 0.0299 502 437 598 473
D10 0.0297 453 433 596 490
D10 0.0271 556 452 600 474
D10 0.0233 517 445 584 468
D10 0.0210 536 455 600 486
D10 0.0208 495 450 593 504
D10 0.0195 508 452 578 474
D10 0.0195 482 445 584 480
D10 0.0182 458 414 597 471
D10 0.0170 530 530 600 561
D10 0.0138 538 414 596 436
D10 0.0136 1 468 44 497
D10 0.0134 501 533 581 558
D10 0.0133 503 456 580 486
D10 0.0131 513 496 585 530
D10 0.0127 6 478 55 505
D10 0.0125 514 536 600 573
D10 0.0125 529 429 598 464
D10 0.0118 537 507 590 535
D10 0.0116 538 499 590 525
D10 0.0113 537 544 598 564
D10 0.0111 73 0 280 87
D10 0.0110 547 515 595 546
D10 0.0106 1 487 45 514
D10 0.0102 0 468 87 512
D10 0.0101 521 485 590 521
D10 0.0101 569 442 600 467
D10 0.0100 139 0 290 64
D20 0.0532 394 443 598 522
D20 0.0406 425 470 600 556
D20 0.0352 408 435 586 491
D20 0.0291 497 451 599 551
D20 0.0247 0 0 306 132
D20 0.0236 539 499 600 559
D20 0.0214 507 506 594 551
D20 0.0212 479 417 600 521
D20 0.0209 422 452 573 505
D20 0.0205 435 416 595 472
D20 0.0173 67 0 445 148
D20 0.0169 0 0 117 73
D20 0.0163 52 461 483 600
D20 0.0158 0 0 179 181
D20 0.0157 0 0 408 294
D20 0.0157 353 408 600 539
D20 0.0157 167 0 600 294
D20 0.0156 25 0 234 76
D20 0.0154 370 0 600 146
D20 0.0154 0 311 408 600
D20 0.0152 24 523 117 557
D20 0.0151 378 484 584 583
D20 0.0147 0 118 290 600
D20 0.0142 167 311 600 600
D20 0.0139 208 457 600 600
D20 0.0137 312 118 600 600
D20 0.0137 0 458 226 600
D20 0.0136 0 429 138 518
D20 0.0136 454 0 600 217
D20 0.0132 531 472 597 540
D20 0.0132 484 485 600 573
D20 0.0130 0 0 73 109
D20 0.0128 0 0 600 434
D20 0.0128 52 528 107 553
D20 0.0127 560 514 600 562
D20 0.0124 0 145 600 600
D20 0.0122 394 545 439 571
D20 0.0122 516 389 600 424
D20 0.0119 381 416 550 485
D20 0.0114 417 532 583 600
D20 0.0113 119 414 557 575
D20 0.0112 294 0 481 74
D20 0.0112 554 450 600 569
D20 0.0111 0 376 43 400
D20 0.0109 400 522 530 583
D20 0.0108 386 0 600 297
D20 0.0107 136 0 372 219
D20 0.0107 452 373 600 600
D20 0.0106 431 387 600 458
D20 0.0105 259 0 547 180
D20 0.0103 397 535 456 565
D20 0.0103 186 0 452 89
D20 0.0102 545 386 600 534
D20 0.0102 317 508 568 600
D20 0.0100 0 374 146 600
D40 0.0197 395 429 477 466
D40 0.0138 568 529 600 564
D40 0.0138 556 520 598 557
D40 0.0103 530 524 600 565
