D00 0.0416 2 0 91 117
D00 0.0307 0 21 127 299
D00 0.0303 198 468 223 514
D00 0.0301 79 450 132 475
D00 0.0283 60 439 128 472
D00 0.0259 21 435 137 484
D00 0.0253 0 9 171 154
D00 0.0248 75 441 138 497
D00 0.0241 0 468 27 514
D00 0.0235 0 453 49 512
D00 0.0227 44 447 118 479
D00 0.0221 190 446 231 523
D00 0.0217 89 453 126 489
D00 0.0215 86 443 139 468
D00 0.0213 0 471 78 512
D00 0.0206 189 487 234 514
D00 0.0205 99 448 150 496
D00 0.0201 0 442 127 505
D00 0.0195 10 418 121 472
D00 0.0188 0 479 43 506
D00 0.0180 2 427 90 492
D00 0.0178 59 460 118 484
D00 0.0176 53 430 119 465
D00 0.0173 112 457 159 503
D00 0.0173 36 456 107 488
D00 0.0172 27 460 113 502
D00 0.0170 0 483 27 532
D00 0.0169 205 475 230 517
D00 0.0168 0 449 28 500
D00 0.0164 47 429 183 488
D00 0.0158 25 475 93 508
D00 0.0157 10 50 98 120
D00 0.0156 90 430 155 485
D00 0.0154 1 488 58 511
D00 0.0153 61 419 174 468
D00 0.0153 523 573 581 597
D00 0.0152 100 442 131 486
D00 0.0152 196 479 241 509
D00 0.0152 126 406 213 447
D00 0.0151 98 463 134 498
D00 0.0149 0 424 36 504
D00 0.0146 0 66 137 174
D00 0.0144 181 476 227 517
D00 0.0142 92 436 122 477
D00 0.0142 8 480 70 505
D00 0.0142 37 420 108 452
D00 0.0141 122 434 167 508
D00 0.0140 507 561 580 593
D00 0.0140 0 477 48 537
D00 0.0139 0 415 57 475
D00 0.0138 16 408 108 448
D00 0.0137 14 466 86 500
D00 0.0137 78 434 129 461
D00 0.0137 154 415 209 440
D00 0.0136 191 470 247 519
D00 0.0136 0 459 110 526
D00 0.0135 42 470 97 496
D00 0.0135 128 471 160 506
D00 0.0135 24 20 76 123
D00 0.0133 155 423 209 447
D00 0.0132 63 459 154 501
D00 0.0131 1 174 42 268
D00 0.0131 190 460 215 509
D00 0.0129 83 441 115 483
D00 0.0127 444 478 502 536
D00 0.0127 158 400 223 452
D00 0.0125 0 70 30 136
D00 0.0125 136 401 205 434
D00 0.0124 105 439 145 473
D00 0.0123 43 415 100 438
D00 0.0123 28 438 100 472
D00 0.0122 129 458 177 504
D00 0.0122 131 449 158 498
D00 0.0121 114 409 233 511
D00 0.0121 2 68 44 154
D00 0.0120 1 471 58 497
D00 0.0120 0 447 69 480
D00 0.0120 201 465 234 503
D00 0.0119 72 469 124 495
D00 0.0118 162 454 227 512
D00 0.0118 145 526 196 553
D00 0.0115 496 571 568 600
D00 0.0115 0 430 28 479
D00 0.0114 25 13 118 126
D00 0.0114 173 414 225 439
D00 0.0114 116 446 153 483
D00 0.0112 151 430 240 520
D00 0.0111 180 422 223 506
D00 0.0111 35 452 92 476
D00 0.0110 123 464 149 507
D00 0.0110 30 72 94 128
D00 0.0110 103 415 208 466
D00 0.0110 14 429 90 462
D00 0.0109 164 405 217 430
D00 0.0109 6 408 81 465
D00 0.0108 346 409 461 512
D00 0.0108 89 432 188 514
D00 0.0108 530 552 572 586
D00 0.0107 119 420 193 449
D00 0.0107 119 424 198 494
D00 0.0106 72 424 125 485
D00 0.0106 181 405 245 514
D00 0.0106 460 493 507 540
D00 0.0106 138 389 221 429
D00 0.0104 0 457 79 489
D00 0.0104 63 436 117 502
D00 0.0103 125 414 186 439
D00 0.0103 432 465 490 526
D00 0.0103 455 490 491 531
D00 0.0103 18 2 87 66
D00 0.0103 0 421 67 523
D00 0.0103 0 496 32 522
D00 0.0102 35 403 105 434
D00 0.0101 101 478 153 503
D00 0.0101 358 441 399 522
D00 0.0101 207 433 248 516
D10 0.0236 7 15 80 68
D10 0.0195 7 5 137 89
D10 0.0175 21 84 86 118
D10 0.0169 11 27 65 53
D10 0.0159 10 2 109 55
D10 0.0145 0 441 49 467
D10 0.0140 0 451 47 475
D10 0.0138 201 489 253 513
D10 0.0134 0 10 171 225
D10 0.0129 14 83 154 247
D10 0.0128 0 49 147 134
D10 0.0125 0 432 50 459
D10 0.0122 5 19 54 46
D10 0.0120 9 488 70 510
D10 0.0118 0 460 44 486
D10 0.0115 28 17 113 67
D10 0.0107 21 78 74 106
D10 0.0102 19 19 75 49
D10 0.0101 28 28 81 56
D10 0.0100 0 419 71 454
D10 0.0100 31 73 93 110
D20 0.0614 0 0 92 126
D20 0.0387 0 0 131 194
D20 0.0313 0 0 300 147
D20 0.0294 532 560 595 594
D20 0.0238 0 37 143 350
D20 0.0226 0 33 79 184
D20 0.0217 3 50 77 119
D20 0.0216 1 0 50 82
D20 0.0214 0 421 132 498
D20 0.0203 545 573 598 597
D20 0.0190 5 26 183 138
D20 0.0185 0 0 151 74
D20 0.0184 499 547 599 594
D20 0.0173 0 15 53 136
D20 0.0168 517 569 587 599
D20 0.0164 532 556 585 583
D20 0.0158 0 0 408 294
D20 0.0158 167 0 600 294
D20 0.0153 0 311 408 600
D20 0.0147 0 118 290 600
D20 0.0144 167 311 600 600
D20 0.0143 0 57 36 132
D20 0.0141 4 512 98 548
D20 0.0140 127 527 182 553
D20 0.0139 312 118 600 600
D20 0.0138 0 450 124 530
D20 0.0138 7 137 113 337
D20 0.0129 0 118 71 278
D20 0.0129 0 0 600 434
D20 0.0127 0 457 224 600
D20 0.0126 460 530 600 599
D20 0.0124 0 145 600 600
D20 0.0122 0 480 109 544
D20 0.0122 14 9 74 91
D20 0.0121 2 0 74 52
D20 0.0118 376 456 600 600
D20 0.0118 53 459 472 600
D20 0.0114 0 443 27 517
D20 0.0113 507 552 578 585
D20 0.0112 454 0 600 224
D20 0.0112 1 226 44 306
D20 0.0111 548 544 600 600
D20 0.0109 372 0 600 145
D20 0.0109 40 526 100 549
D20 0.0107 0 391 129 468
D20 0.0107 0 179 62 311
D20 0.0107 52 0 271 76
D20 0.0105 0 0 55 34
D20 0.0104 0 33 31 108
D20 0.0104 453 365 600 600
D20 0.0103 556 564 600 592
D20 0.0100 75 434 240 517
D40 0.0461 6 81 84 124
D40 0.0388 12 27 78 128
D40 0.0315 13 86 73 112
D40 0.0283 23 92 80 120
D40 0.0274 7 55 113 274
D40 0.0260 0 473 29 510
D40 0.0241 0 60 96 133
D40 0.0239 3 63 61 163
D40 0.0224 0 34 90 181
D40 0.0221 0 0 173 329
D40 0.0216 1 73 49 120
D40 0.0182 0 65 73 237
D40 0.0174 8 8 79 74
D40 0.0173 28 104 145 314
D40 0.0171 4 101 56 212
D40 0.0156 0 70 31 109
D40 0.0152 3 14 52 68
D40 0.0149 0 89 75 144
D40 0.0146 13 80 75 187
D40 0.0144 22 15 146 220
D40 0.0142 8 78 36 128
D40 0.0141 2 175 298 366
D40 0.0138 0 109 133 220
D40 0.0136 0 149 137 264
D40 0.0134 4 146 54 253
D40 0.0121 1 186 43 269
D40 0.0119 6 77 61 105
D40 0.0119 1 136 27 189
D40 0.0119 7 140 81 217
D40 0.0116 20 66 78 115
D40 0.0110 14 181 182 308
D40 0.0110 9 193 35 250
D40 0.0108 6 154 82 282
D40 0.0104 0 459 20 507
D40 0.0103 0 21 34 59
D40 0.0103 20 100 72 127
D40 0.0102 0 140 170 376
D40 0.0100 24 81 61 122
