D00 0.0393 168 395 212 420
D00 0.0361 237 439 261 491
D00 0.0331 16 444 147 515
D00 0.0326 166 403 212 429
D00 0.0313 244 446 269 498
D00 0.0294 229 424 269 504
D00 0.0269 181 383 216 416
D00 0.0262 181 398 216 432
D00 0.0256 142 402 205 433
D00 0.0252 4 451 102 509
D00 0.0250 68 432 170 515
D00 0.0249 146 413 199 439
D00 0.0234 182 395 231 419
D00 0.0234 177 388 206 428
D00 0.0225 237 420 259 474
D00 0.0217 173 406 209 442
D00 0.0216 94 441 156 505
D00 0.0212 134 418 196 452
D00 0.0210 160 389 216 441
D00 0.0199 375 469 403 516
D00 0.0198 218 440 262 514
D00 0.0198 330 404 376 490
D00 0.0197 43 460 132 508
D00 0.0197 0 461 66 519
D00 0.0194 227 447 253 499
D00 0.0188 304 396 389 494
D00 0.0187 347 423 393 501
D00 0.0187 101 424 179 497
D00 0.0187 74 451 143 511
D00 0.0185 25 464 93 501
D00 0.0185 235 454 277 505
D00 0.0184 117 416 176 474
D00 0.0181 31 435 136 492
D00 0.0179 358 442 403 521
D00 0.0178 0 412 111 517
D00 0.0177 241 413 271 482
D00 0.0175 224 423 256 488
D00 0.0173 242 425 285 502
D00 0.0173 311 389 355 467
D00 0.0172 57 421 220 504
D00 0.0169 125 427 186 462
D00 0.0166 110 406 209 484
D00 0.0163 1 459 26 508
D00 0.0163 252 447 277 497
D00 0.0162 136 411 177 444
D00 0.0162 124 423 173 450
D00 0.0162 100 466 151 512
D00 0.0161 367 457 394 509
D00 0.0161 112 430 161 480
D00 0.0160 155 411 207 456
D00 0.0159 368 476 413 520
D00 0.0159 127 400 226 445
D00 0.0157 325 402 361 472
D00 0.0153 161 387 207 412
D00 0.0151 111 449 174 511
D00 0.0150 317 397 411 447
D00 0.0149 324 401 438 513
D00 0.0147 9 429 84 499
D00 0.0147 202 412 266 521
D00 0.0146 110 408 187 451
D00 0.0145 189 415 243 504
D00 0.0145 127 414 227 467
D00 0.0143 0 452 36 525
D00 0.0143 190 451 254 513
D00 0.0143 227 459 270 487
D00 0.0143 194 388 223 426
D00 0.0142 17 474 99 522
D00 0.0142 192 388 241 410
D00 0.0140 550 525 600 566
D00 0.0139 171 375 224 424
D00 0.0139 227 413 250 462
D00 0.0139 58 413 186 476
D00 0.0139 6 460 80 493
D00 0.0139 132 406 185 429
D00 0.0138 374 488 422 515
D00 0.0138 148 405 242 486
D00 0.0138 217 456 243 507
D00 0.0135 306 400 340 469
D00 0.0135 320 408 407 471
D00 0.0135 201 392 236 421
D00 0.0134 106 454 146 493
D00 0.0134 319 401 347 455
D00 0.0133 154 394 198 424
D00 0.0133 235 464 261 511
D00 0.0133 2 472 40 511
D00 0.0133 6 474 130 542
D00 0.0133 235 451 278 478
D00 0.0133 188 441 213 486
D00 0.0132 87 424 167 471
D00 0.0131 0 480 31 519
D00 0.0130 338 419 383 476
D00 0.0130 91 478 143 506
D00 0.0129 92 469 142 497
D00 0.0129 139 422 216 495
D00 0.0129 356 438 384 491
D00 0.0129 121 441 169 467
D00 0.0128 225 465 252 511
D00 0.0127 302 394 345 445
D00 0.0127 204 458 237 516
D00 0.0126 306 392 340 425
D00 0.0126 0 474 50 536
D00 0.0124 42 448 96 519
D00 0.0124 320 396 365 445
D00 0.0124 293 386 335 465
D00 0.0123 302 408 326 462
D00 0.0123 534 500 600 562
D00 0.0123 210 416 269 479
D00 0.0122 83 468 190 518
D00 0.0122 179 441 223 518
D00 0.0121 32 461 88 488
D00 0.0120 372 490 407 524
D00 0.0120 309 396 356 419
D00 0.0119 206 441 255 490
D00 0.0119 50 426 115 508
D00 0.0119 122 432 209 475
D00 0.0118 145 432 199 457
D00 0.0118 290 396 337 418
D00 0.0118 109 479 159 507
D00 0.0118 502 471 600 554
D00 0.0118 168 416 225 502
D00 0.0117 337 411 366 466
D00 0.0117 236 406 259 452
D00 0.0117 336 446 387 497
D00 0.0117 169 394 213 469
D00 0.0116 1 440 26 491
D00 0.0116 226 468 270 497
D00 0.0116 311 392 463 465
D00 0.0115 86 446 148 483
D00 0.0115 120 457 149 506
D00 0.0115 340 400 456 444
D00 0.0115 45 481 113 518
D00 0.0115 10 465 51 501
D00 0.0114 209 449 289 498
D00 0.0114 188 410 213 458
D00 0.0114 218 413 241 460
D00 0.0113 129 438 178 487
D00 0.0112 294 409 355 481
D00 0.0112 313 435 384 509
D00 0.0111 179 420 205 467
D00 0.0111 42 476 95 507
D00 0.0111 301 388 326 432
D00 0.0111 186 448 233 498
D00 0.0111 130 423 161 469
D00 0.0111 165 422 214 447
D00 0.0110 241 471 272 508
D00 0.0110 64 476 150 518
D00 0.0110 346 466 397 514
D00 0.0110 344 414 454 464
D00 0.0110 513 470 562 494
D00 0.0110 63 456 133 493
D00 0.0110 107 262 144 341
D00 0.0109 2 457 39 493
D00 0.0109 111 450 159 476
D00 0.0109 296 384 329 416
D00 0.0109 367 453 426 515
D00 0.0109 146 414 179 457
D00 0.0109 50 469 106 497
D00 0.0108 212 482 245 515
D00 0.0108 315 416 350 490
D00 0.0108 197 456 223 507
D00 0.0108 175 438 210 471
D00 0.0107 176 396 247 455
D00 0.0107 129 429 187 513
D00 0.0107 126 440 163 505
D00 0.0107 185 402 231 447
D00 0.0106 0 425 33 504
D00 0.0106 77 397 206 451
D00 0.0106 357 456 386 507
D00 0.0106 23 395 146 503
D00 0.0105 145 380 214 420
D00 0.0105 192 405 244 427
D00 0.0105 284 396 375 450
D00 0.0104 109 469 158 497
D00 0.0104 188 456 214 506
D00 0.0104 288 392 320 423
D00 0.0104 13 477 70 506
D00 0.0103 217 451 264 477
D00 0.0103 127 391 208 428
D00 0.0103 71 478 127 506
D00 0.0103 197 440 221 488
D00 0.0103 345 401 412 432
D00 0.0103 333 408 497 478
D00 0.0103 137 442 191 467
D00 0.0103 311 403 356 429
D00 0.0102 425 433 481 455
D00 0.0102 242 459 289 487
D00 0.0102 300 388 346 411
D00 0.0102 234 410 300 520
D00 0.0102 534 539 599 572
D00 0.0102 6 487 57 515
D00 0.0101 327 394 393 424
D00 0.0101 177 377 219 403
D00 0.0100 229 407 286 471
D00 0.0100 336 403 385 453
D00 0.0100 247 436 280 475
D00 0.0100 156 399 191 438
D00 0.0100 357 479 404 506
D00 0.0100 245 405 268 452
D00 0.0100 337 435 366 490
D10 0.0732 530 525 600 553
D10 0.0415 537 519 598 543
D10 0.0360 511 511 600 548
D10 0.0313 549 534 600 559
D10 0.0225 515 528 600 566
D10 0.0194 485 503 600 561
D10 0.0166 509 519 576 539
D10 0.0161 569 526 600 551
D10 0.0160 6 470 62 495
D10 0.0160 316 471 372 493
D10 0.0158 531 249 599 282
D10 0.0137 509 528 575 549
D10 0.0135 552 512 600 564
D10 0.0129 0 477 47 507
D10 0.0126 519 537 583 559
D10 0.0124 298 461 394 501
D10 0.0123 569 517 600 543
D10 0.0118 402 426 487 460
D10 0.0117 325 4 398 38
D10 0.0116 109 488 160 512
D10 0.0116 351 9 402 34
D10 0.0114 297 471 354 495
D10 0.0114 318 461 371 487
D10 0.0113 316 479 372 502
D10 0.0112 539 508 594 536
D10 0.0111 215 479 263 506
D10 0.0110 206 488 254 512
D10 0.0110 550 262 597 288
D10 0.0108 505 505 583 536
D10 0.0107 296 480 353 503
D10 0.0105 231 398 285 417
D10 0.0104 522 258 595 294
D10 0.0103 417 433 474 455
D10 0.0103 224 0 369 57
D10 0.0101 167 452 218 475
D10 0.0100 560 254 600 278
D10 0.0100 336 459 386 488
D20 0.0232 206 415 391 502
D20 0.0206 119 459 546 600
D20 0.0197 449 496 600 565
D20 0.0184 353 493 577 583
D20 0.0177 108 431 284 514
D20 0.0174 151 418 327 505
D20 0.0173 315 0 404 43
D20 0.0167 0 0 408 294
D20 0.0166 542 520 600 570
D20 0.0164 167 0 600 294
D20 0.0163 464 521 600 578
D20 0.0160 0 311 408 600
D20 0.0155 303 448 568 566
D20 0.0154 0 0 147 223
D20 0.0153 0 118 290 600
D20 0.0153 167 311 600 600
D20 0.0153 34 413 496 562
D20 0.0147 312 118 600 600
D20 0.0147 208 413 296 506
D20 0.0142 453 0 600 225
D20 0.0142 378 0 600 146
D20 0.0137 0 457 229 600
D20 0.0136 0 0 600 434
D20 0.0131 526 0 600 117
D20 0.0130 0 145 600 600
D20 0.0130 350 478 430 521
D20 0.0129 264 427 428 515
D20 0.0125 514 502 598 560
D20 0.0125 104 414 376 526
D20 0.0122 0 0 270 178
D20 0.0121 187 439 457 558
D20 0.0120 489 461 600 559
D20 0.0119 70 450 249 524
D20 0.0119 323 431 486 522
D20 0.0119 8 413 252 527
D20 0.0119 552 494 600 562
D20 0.0119 0 0 72 116
D20 0.0118 387 0 600 311
D20 0.0117 553 237 600 313
D20 0.0116 489 0 600 69
D20 0.0116 361 474 516 555
D20 0.0115 209 439 343 508
D20 0.0115 326 525 542 600
D20 0.0114 420 414 600 600
D20 0.0113 309 448 399 496
D20 0.0113 222 527 273 550
D20 0.0112 263 399 358 491
D20 0.0112 209 396 380 471
D20 0.0110 515 536 600 577
D20 0.0108 344 0 408 32
D20 0.0106 367 473 451 514
D20 0.0104 547 0 600 83
D20 0.0104 279 0 379 37
D20 0.0103 117 406 275 484
D20 0.0102 252 491 474 582
D20 0.0102 362 503 492 564
D20 0.0101 0 370 146 600
D20 0.0101 14 0 221 366
D20 0.0101 129 451 358 548
D20 0.0100 0 0 109 70
D40 0.0325 438 533 488 560
D40 0.0287 414 525 493 563
D40 0.0157 454 527 501 556
D40 0.0148 435 520 487 545
D40 0.0147 378 497 537 569
D40 0.0145 403 514 495 550
D40 0.0134 439 523 520 561
D40 0.0124 392 521 522 578
D40 0.0120 0 367 44 391
D40 0.0116 448 541 492 566
D40 0.0109 423 507 575 563
D40 0.0104 408 526 472 552
D40 0.0101 408 519 471 542
