D00 0.0420 42 487 95 513
D00 0.0372 53 479 104 507
D00 0.0355 18 486 87 517
D00 0.0308 29 474 107 513
D00 0.0291 357 464 383 519
D00 0.0280 348 443 391 524
D00 0.0278 0 465 129 521
D00 0.0275 14 498 69 521
D00 0.0263 365 465 392 520
D00 0.0246 247 455 267 509
D00 0.0237 59 468 120 502
D00 0.0227 365 451 410 531
D00 0.0220 0 441 161 512
D00 0.0217 85 458 151 490
D00 0.0203 374 466 402 521
D00 0.0203 74 466 140 498
D00 0.0200 104 449 170 482
D00 0.0200 348 456 375 511
D00 0.0198 40 454 157 502
D00 0.0195 255 455 274 509
D00 0.0193 384 451 428 537
D00 0.0189 0 488 99 536
D00 0.0183 384 474 412 527
D00 0.0183 308 401 342 437
D00 0.0181 8 489 59 517
D00 0.0174 394 474 420 528
D00 0.0172 240 441 273 520
D00 0.0171 0 0 67 142
D00 0.0167 0 498 48 523
D00 0.0164 112 444 177 500
D00 0.0157 51 428 181 495
D00 0.0155 114 439 177 474
D00 0.0152 115 455 157 489
D00 0.0149 122 427 185 484
D00 0.0148 93 453 147 479
D00 0.0148 339 449 383 503
D00 0.0148 215 398 240 440
D00 0.0145 273 396 295 442
D00 0.0144 99 468 153 494
D00 0.0140 128 450 178 477
D00 0.0140 0 0 33 81
D00 0.0139 50 497 102 519
D00 0.0138 353 454 386 495
D00 0.0138 263 397 288 441
D00 0.0136 399 467 433 532
D00 0.0136 356 429 402 511
D00 0.0136 423 464 483 528
D00 0.0135 46 471 98 500
D00 0.0132 396 461 458 529
D00 0.0131 79 477 132 504
D00 0.0131 340 432 429 526
D00 0.0131 139 447 186 497
D00 0.0131 69 487 121 513
D00 0.0130 300 390 350 446
D00 0.0130 6 507 56 529
D00 0.0130 31 478 73 512
D00 0.0129 3 476 65 525
D00 0.0128 0 65 35 142
D00 0.0126 145 437 182 472
D00 0.0124 301 408 335 444
D00 0.0123 374 435 421 519
D00 0.0122 505 467 598 558
D00 0.0120 208 392 233 434
D00 0.0119 371 489 406 527
D00 0.0119 139 432 186 458
D00 0.0119 52 477 135 516
D00 0.0118 0 410 32 497
D00 0.0118 0 404 171 491
D00 0.0117 155 419 192 454
D00 0.0117 73 470 103 510
D00 0.0117 128 459 178 486
D00 0.0117 313 391 349 426
D00 0.0116 76 408 196 478
D00 0.0116 256 442 292 521
D00 0.0115 434 484 475 522
D00 0.0115 125 462 164 499
D00 0.0115 34 486 113 523
D00 0.0115 0 92 34 171
D00 0.0115 439 473 501 531
D00 0.0115 132 410 194 466
D00 0.0114 79 460 119 493
D00 0.0114 96 430 162 486
D00 0.0113 340 472 386 523
D00 0.0113 503 496 591 544
D00 0.0112 150 432 194 509
D00 0.0112 357 486 403 517
D00 0.0112 443 492 483 528
D00 0.0111 349 477 392 507
D00 0.0108 541 449 597 545
D00 0.0108 391 500 423 533
D00 0.0108 315 403 361 431
D00 0.0108 329 407 400 520
D00 0.0108 238 455 259 507
D00 0.0105 264 455 285 509
D00 0.0105 458 488 580 541
D00 0.0104 15 502 81 531
D00 0.0104 309 386 354 410
D00 0.0103 94 458 158 513
D00 0.0103 386 443 446 508
D00 0.0102 247 428 284 509
D00 0.0102 225 397 247 440
D00 0.0101 465 401 600 542
D00 0.0101 0 99 28 144
D00 0.0101 0 414 102 510
D00 0.0100 56 462 104 519
D00 0.0100 292 376 336 399
D00 0.0100 121 420 186 454
D00 0.0100 1 437 25 492
D10 0.0110 0 100 55 142
D10 0.0106 524 494 599 531
D10 0.0106 0 111 34 136
D20 0.0217 0 0 305 140
D20 0.0189 428 471 599 555
D20 0.0176 207 404 248 432
D20 0.0175 356 440 591 560
D20 0.0166 0 0 178 181
D20 0.0165 542 482 600 542
D20 0.0164 347 453 505 536
D20 0.0153 0 0 408 294
D20 0.0152 167 0 600 294
D20 0.0147 0 311 408 600
D20 0.0146 394 481 528 542
D20 0.0142 0 118 290 600
D20 0.0141 339 475 424 525
D20 0.0138 167 311 600 600
D20 0.0137 0 0 120 73
D20 0.0136 422 488 501 531
D20 0.0135 372 468 473 528
D20 0.0133 312 118 600 600
D20 0.0131 199 411 241 440
D20 0.0128 372 486 577 581
D20 0.0124 343 421 557 523
D20 0.0124 0 0 600 434
D20 0.0124 490 439 600 551
D20 0.0123 0 402 153 493
D20 0.0122 260 407 292 444
D20 0.0120 437 497 487 526
D20 0.0119 0 145 600 600
D20 0.0119 456 0 600 217
D20 0.0118 378 0 600 145
D20 0.0116 312 435 470 526
D20 0.0114 0 0 72 112
D20 0.0114 0 519 78 558
D20 0.0112 192 399 269 439
D20 0.0112 27 0 237 77
D20 0.0110 439 414 600 530
D20 0.0109 0 456 220 600
D20 0.0108 0 532 60 562
D20 0.0105 436 489 563 539
D20 0.0103 212 393 242 443
D20 0.0100 527 0 600 110
D20 0.0100 245 406 335 446
D20 0.0100 249 402 305 436
D20 0.0100 517 460 594 537
D40 0.0264 527 505 600 547
D40 0.0264 308 408 342 444
D40 0.0243 549 507 595 535
D40 0.0207 566 502 599 539
D40 0.0183 309 421 353 447
D40 0.0149 300 403 365 447
D40 0.0145 310 404 351 432
D40 0.0141 0 182 31 218
D40 0.0133 551 486 600 550
D40 0.0133 255 412 297 441
D40 0.0130 314 413 361 441
D40 0.0127 97 379 193 412
D40 0.0120 511 487 599 537
D40 0.0120 548 523 596 549
D40 0.0120 550 498 595 526
D40 0.0116 0 105 31 140
D40 0.0115 568 517 600 553
D40 0.0114 501 478 584 525
D40 0.0111 483 471 561 511
