D00 0.1277 179 399 218 435
D00 0.0824 87 414 198 507
D00 0.0807 161 405 213 431
D00 0.0774 128 403 226 494
D00 0.0728 162 395 217 449
D00 0.0628 46 439 172 514
D00 0.0557 174 390 231 440
D00 0.0539 219 426 256 518
D00 0.0510 147 411 200 460
D00 0.0508 135 396 240 459
D00 0.0487 139 421 190 469
D00 0.0480 100 439 163 508
D00 0.0474 227 436 251 493
D00 0.0474 182 387 220 421
D00 0.0465 161 403 254 506
D00 0.0445 78 453 142 514
D00 0.0422 113 426 180 487
D00 0.0416 351 408 483 472
D00 0.0397 61 392 246 494
D00 0.0389 172 413 210 452
D00 0.0378 79 400 218 460
D00 0.0378 186 396 239 423
D00 0.0372 157 420 204 450
D00 0.0371 205 406 260 505
D00 0.0342 387 415 477 456
D00 0.0333 132 432 183 459
D00 0.0331 144 397 215 425
D00 0.0326 226 415 266 495
D00 0.0324 44 410 183 485
D00 0.0317 68 473 129 513
D00 0.0301 130 440 180 468
D00 0.0295 88 455 149 494
D00 0.0291 412 423 472 450
D00 0.0290 142 414 197 439
D00 0.0290 341 402 465 509
D00 0.0288 146 417 195 500
D00 0.0287 341 431 398 496
D00 0.0284 147 428 179 477
D00 0.0282 120 386 232 439
D00 0.0279 178 397 241 476
D00 0.0275 378 410 454 446
D00 0.0273 234 443 258 503
D00 0.0273 214 422 249 489
D00 0.0265 87 464 130 503
D00 0.0265 79 480 118 516
D00 0.0263 196 385 235 418
D00 0.0260 133 423 186 450
D00 0.0259 106 437 171 474
D00 0.0254 38 467 150 517
D00 0.0251 166 416 197 467
D00 0.0250 160 385 250 430
D00 0.0250 227 461 250 513
D00 0.0249 120 443 181 512
D00 0.0248 356 440 384 490
D00 0.0246 339 441 383 518
D00 0.0246 141 407 200 429
D00 0.0246 218 445 245 501
D00 0.0245 338 400 447 447
D00 0.0244 10 421 35 471
D00 0.0244 360 402 431 434
D00 0.0241 89 471 153 512
D00 0.0234 81 465 183 516
D00 0.0229 353 394 419 424
D00 0.0229 161 389 213 412
D00 0.0228 154 424 204 478
D00 0.0223 326 412 416 507
D00 0.0219 70 397 128 419
D00 0.0217 124 444 166 483
D00 0.0212 347 449 375 497
D00 0.0212 114 461 155 502
D00 0.0211 154 430 203 457
D00 0.0210 332 387 387 411
D00 0.0207 407 422 489 463
D00 0.0207 189 430 253 496
D00 0.0206 373 406 495 529
D00 0.0204 80 433 159 485
D00 0.0203 53 403 127 431
D00 0.0203 233 427 275 517
D00 0.0201 97 417 185 461
D00 0.0199 167 406 213 492
D00 0.0196 127 454 161 513
D00 0.0194 352 425 454 488
D00 0.0193 347 447 407 514
D00 0.0193 110 452 170 491
D00 0.0193 187 401 241 446
D00 0.0193 343 396 398 418
D00 0.0193 376 399 515 455
D00 0.0192 225 451 264 510
D00 0.0190 191 388 272 525
D00 0.0189 424 431 479 456
D00 0.0188 354 410 424 443
D00 0.0188 352 405 407 429
D00 0.0185 88 487 141 513
D00 0.0185 235 421 260 475
D00 0.0182 384 420 518 490
D00 0.0182 18 416 133 506
D00 0.0181 140 445 240 505
D00 0.0179 105 446 149 485
D00 0.0177 350 387 403 412
D00 0.0177 138 436 170 489
D00 0.0176 190 376 227 406
D00 0.0176 347 416 398 439
D00 0.0174 385 406 444 432
D00 0.0174 71 387 126 409
D00 0.0173 61 441 142 494
D00 0.0173 57 390 139 425
D00 0.0173 65 449 120 520
D00 0.0170 350 415 410 478
D00 0.0170 115 412 187 443
D00 0.0169 41 407 103 429
D00 0.0169 77 405 138 427
D00 0.0168 80 394 156 421
D00 0.0168 346 459 391 486
D00 0.0167 149 409 181 451
D00 0.0167 173 368 228 426
D00 0.0167 49 423 211 538
D00 0.0165 201 395 233 436
D00 0.0163 122 396 198 422
D00 0.0163 158 403 192 442
D00 0.0161 135 385 221 420
D00 0.0160 55 487 111 514
D00 0.0159 348 430 377 484
D00 0.0159 3 409 41 478
D00 0.0158 129 435 206 489
D00 0.0157 47 400 174 445
D00 0.0157 324 396 380 417
D00 0.0156 326 381 409 418
D00 0.0156 308 388 360 410
D00 0.0155 157 434 187 488
D00 0.0155 351 419 390 450
D00 0.0155 85 386 211 425
D00 0.0154 207 392 246 424
D00 0.0153 360 418 435 452
D00 0.0152 43 411 119 440
D00 0.0152 113 404 188 432
D00 0.0151 204 438 243 507
D00 0.0150 70 467 114 504
D00 0.0149 87 388 147 409
D00 0.0147 173 415 223 469
D00 0.0147 137 389 198 409
D00 0.0146 164 434 200 506
D00 0.0146 377 398 432 421
D00 0.0146 111 433 169 457
D00 0.0145 324 378 376 403
D00 0.0145 178 378 223 399
D00 0.0144 35 394 109 421
D00 0.0142 398 404 465 437
D00 0.0142 424 416 476 443
D00 0.0142 34 415 93 438
D00 0.0142 401 417 451 452
D00 0.0142 335 434 372 494
D00 0.0141 355 421 385 472
D00 0.0141 244 411 293 506
D00 0.0140 117 480 154 514
D00 0.0139 367 421 432 519
D00 0.0139 167 434 288 512
D00 0.0138 137 448 185 475
D00 0.0138 148 393 294 473
D00 0.0137 340 451 385 480
D00 0.0136 192 372 238 435
D00 0.0136 340 382 471 437
D00 0.0136 222 426 255 465
D00 0.0136 332 398 414 436
D00 0.0135 338 456 366 506
D00 0.0135 66 380 149 414
D00 0.0135 194 404 253 428
D00 0.0135 132 473 157 515
D00 0.0134 65 414 152 460
D00 0.0134 71 410 144 441
D00 0.0133 125 398 198 446
D00 0.0133 27 406 80 429
D00 0.0132 239 414 272 480
D00 0.0132 363 447 392 499
D00 0.0131 324 393 422 467
D00 0.0131 116 388 178 409
D00 0.0130 17 428 43 476
D00 0.0130 360 439 412 490
D00 0.0129 2 413 28 464
D00 0.0129 218 449 256 478
D00 0.0128 80 457 123 494
D00 0.0128 314 451 395 497
D00 0.0128 354 451 401 478
D00 0.0128 106 397 171 418
D00 0.0127 380 426 455 460
D00 0.0126 336 439 429 534
D00 0.0125 30 393 148 471
D00 0.0125 201 410 240 482
D00 0.0124 218 408 277 472
D00 0.0124 186 414 228 451
D00 0.0123 358 435 396 475
D00 0.0123 543 442 588 522
D00 0.0123 100 473 131 516
D00 0.0122 405 412 473 500
D00 0.0122 139 452 167 507
D00 0.0121 343 402 381 432
D00 0.0121 353 445 447 507
D00 0.0121 412 414 545 527
D00 0.0120 222 422 312 517
D00 0.0119 71 496 121 518
D00 0.0119 129 426 164 472
D00 0.0119 215 470 247 511
D00 0.0118 149 443 178 499
D00 0.0118 331 463 375 515
D00 0.0118 79 377 134 399
D00 0.0117 90 382 182 414
D00 0.0117 336 411 395 465
D00 0.0117 10 414 52 464
D00 0.0117 45 384 116 409
D00 0.0116 330 447 540 559
D00 0.0116 408 394 474 452
D00 0.0116 200 444 255 484
D00 0.0116 307 378 359 401
D00 0.0116 422 429 504 475
D00 0.0115 356 462 382 515
D00 0.0115 338 467 383 494
D00 0.0115 243 435 268 491
D00 0.0115 356 427 423 461
D00 0.0115 200 378 249 399
D00 0.0115 26 396 78 418
D00 0.0114 204 372 232 413
D00 0.0114 507 431 595 525
D00 0.0113 85 429 154 462
D00 0.0112 96 406 161 427
D00 0.0111 111 424 171 448
D00 0.0111 348 416 376 458
D00 0.0111 174 380 271 450
D00 0.0110 90 529 140 552
D00 0.0110 324 410 406 446
D00 0.0110 329 416 382 438
D00 0.0109 270 397 322 419
D00 0.0108 54 415 126 479
D00 0.0108 341 378 393 403
D00 0.0108 288 398 342 418
D00 0.0107 382 575 433 600
D00 0.0107 209 458 250 484
D00 0.0106 166 382 206 432
D00 0.0106 414 414 565 472
D00 0.0106 317 380 367 415
D00 0.0106 210 438 287 492
D00 0.0105 18 415 68 437
D00 0.0105 231 419 264 453
D00 0.0105 317 405 372 428
D00 0.0105 4 575 60 598
D00 0.0104 314 392 352 419
D00 0.0104 88 398 146 436
D00 0.0104 3 400 101 488
D00 0.0104 177 428 225 514
D00 0.0104 122 378 331 504
D00 0.0103 286 407 445 528
D00 0.0103 112 422 273 538
D00 0.0102 289 388 340 410
D00 0.0102 201 369 250 388
D00 0.0102 88 447 133 485
D00 0.0101 362 386 427 415
D00 0.0101 0 461 128 525
D00 0.0101 322 406 377 491
D00 0.0100 6 410 37 444
D00 0.0100 110 473 142 515
D00 0.0100 154 377 217 403
D00 0.0100 433 422 501 454
D10 0.0135 330 460 379 486
D10 0.0124 154 440 203 465
D10 0.0116 164 430 212 456
D10 0.0108 36 419 109 449
D10 0.0107 303 452 392 496
D10 0.0104 146 448 193 476
D20 0.0613 58 425 210 515
D20 0.0449 108 405 259 507
D20 0.0344 36 391 222 495
D20 0.0318 5 417 166 507
D20 0.0289 84 408 375 519
D20 0.0260 323 404 475 487
D20 0.0220 8 444 207 544
D20 0.0198 313 407 561 531
D20 0.0198 114 454 550 600
D20 0.0195 143 423 311 515
D20 0.0179 21 408 515 546
D20 0.0178 271 418 440 506
D20 0.0163 29 400 120 435
D20 0.0158 311 385 376 412
D20 0.0155 23 396 164 453
D20 0.0154 369 456 600 600
D20 0.0151 404 420 587 501
D20 0.0150 0 0 408 294
D20 0.0147 167 0 600 294
D20 0.0144 307 397 362 417
D20 0.0142 250 368 302 387
D20 0.0141 0 455 231 600
D20 0.0141 0 311 408 600
D20 0.0139 278 386 537 490
D20 0.0136 0 118 290 600
D20 0.0135 0 0 213 144
D20 0.0133 167 311 600 600
D20 0.0133 123 380 501 504
D20 0.0131 175 408 364 493
D20 0.0130 33 6 223 89
D20 0.0129 81 443 302 539
D20 0.0128 312 118 600 600
D20 0.0126 311 388 395 423
D20 0.0124 122 435 425 548
D20 0.0124 201 431 397 516
D20 0.0122 268 435 534 562
D20 0.0122 40 380 217 444
D20 0.0122 0 0 600 434
D20 0.0121 452 369 600 600
D20 0.0118 455 0 600 219
D20 0.0118 0 0 114 73
D20 0.0117 24 477 152 539
D20 0.0116 332 378 482 445
D20 0.0116 15 408 96 446
D20 0.0116 0 408 122 477
D20 0.0114 0 145 600 600
D20 0.0112 268 368 319 389
D20 0.0111 242 359 292 381
D20 0.0110 101 454 238 520
D20 0.0109 232 369 285 387
D20 0.0109 0 18 164 106
D20 0.0109 21 390 106 424
D20 0.0106 303 372 382 407
D20 0.0104 282 391 371 422
D20 0.0102 30 415 117 455
D20 0.0102 313 409 400 445
D20 0.0101 156 394 324 471
D20 0.0100 18 379 160 427
D40 0.0202 290 534 339 557
D40 0.0171 69 24 252 103
D40 0.0128 338 416 411 457
D40 0.0128 278 525 352 559
D40 0.0128 103 8 289 84
D40 0.0117 101 22 220 74
D40 0.0114 100 38 220 94
D40 0.0113 1 39 210 112
D40 0.0107 52 13 201 81
D40 0.0100 184 368 230 387
