D00 0.0191 527 570 600 600
D00 0.0186 570 557 600 595
D00 0.0162 503 561 578 594
D00 0.0158 61 476 131 507
D00 0.0155 541 548 600 599
D00 0.0151 68 468 141 499
D00 0.0151 509 574 571 598
D00 0.0145 561 572 600 598
D00 0.0144 550 563 598 592
D00 0.0131 50 454 140 494
D00 0.0126 570 526 600 591
D00 0.0125 478 566 570 600
D00 0.0124 495 552 569 583
D00 0.0123 250 522 282 558
D00 0.0121 108 412 247 472
D00 0.0121 522 505 600 594
D00 0.0119 494 564 553 590
D00 0.0118 311 453 338 496
D00 0.0116 348 450 373 498
D00 0.0116 427 542 465 574
D00 0.0115 553 465 597 509
D00 0.0115 487 541 559 594
D00 0.0114 62 430 213 490
D00 0.0112 312 526 384 558
D00 0.0110 182 424 237 447
D00 0.0110 78 459 152 490
D00 0.0109 484 575 542 598
D00 0.0109 85 479 144 504
D00 0.0109 567 270 600 362
D00 0.0107 550 554 598 581
D00 0.0106 419 538 470 562
D00 0.0106 329 444 387 504
D00 0.0105 337 452 364 498
D00 0.0105 328 537 389 559
D00 0.0104 415 533 476 582
D00 0.0104 59 471 119 496
D00 0.0103 41 414 195 475
D00 0.0102 484 537 538 560
D00 0.0101 172 434 229 456
D00 0.0100 241 416 290 438
D00 0.0100 119 433 234 484
D00 0.0100 541 472 591 498
D10 0.0139 76 471 135 496
D10 0.0127 0 439 68 470
D10 0.0123 191 425 245 447
D10 0.0121 516 552 600 584
D10 0.0117 46 477 116 508
D10 0.0113 0 451 47 476
D10 0.0111 0 425 90 465
D10 0.0108 0 433 48 457
D10 0.0106 0 443 89 485
D10 0.0106 508 555 571 579
D10 0.0105 487 0 600 115
D10 0.0105 181 433 236 456
D10 0.0102 0 456 68 489
D10 0.0101 494 543 568 573
D20 0.0234 505 557 600 597
D20 0.0225 451 512 600 590
D20 0.0210 0 0 223 148
D20 0.0210 3 0 273 270
D20 0.0189 0 422 170 498
D20 0.0186 0 0 583 307
D20 0.0161 0 311 408 600
D20 0.0161 488 547 577 589
D20 0.0160 312 0 600 436
D20 0.0156 167 311 600 600
D20 0.0155 369 0 600 145
D20 0.0155 0 118 290 600
D20 0.0152 4 444 136 509
D20 0.0152 488 566 579 600
D20 0.0147 52 0 454 149
D20 0.0145 2 410 137 476
D20 0.0142 89 421 259 490
D20 0.0141 45 472 132 510
D20 0.0139 456 0 600 223
D20 0.0138 0 0 160 360
D20 0.0137 25 55 381 302
D20 0.0135 500 526 597 584
D20 0.0134 138 443 222 482
D20 0.0134 437 475 600 559
D20 0.0131 0 145 600 600
D20 0.0130 430 541 579 597
D20 0.0129 44 439 226 504
D20 0.0127 145 411 274 469
D20 0.0126 0 0 110 164
D20 0.0124 512 0 600 136
D20 0.0124 17 27 233 425
D20 0.0123 23 409 210 482
D20 0.0123 0 0 72 117
D20 0.0122 224 0 600 221
D20 0.0122 468 556 562 596
D20 0.0122 39 453 160 501
D20 0.0121 11 432 124 487
D20 0.0118 0 470 143 548
D20 0.0117 0 456 222 600
D20 0.0117 11 455 182 525
D20 0.0116 0 0 118 70
D20 0.0114 372 457 600 600
D20 0.0113 12 470 121 521
D20 0.0112 8 0 365 484
D20 0.0112 0 416 54 472
D20 0.0111 0 396 95 519
D20 0.0110 304 455 472 533
D20 0.0109 124 459 542 600
D20 0.0108 155 434 240 472
D20 0.0106 488 498 600 572
D20 0.0105 0 427 44 498
D20 0.0104 483 0 600 71
D20 0.0100 0 407 80 447
D40 0.0253 303 535 363 559
D40 0.0221 280 528 372 560
D40 0.0147 344 531 435 563
D40 0.0146 422 539 504 578
D40 0.0143 554 478 595 507
D40 0.0142 508 539 600 580
D40 0.0136 420 545 471 570
D40 0.0134 353 522 448 555
D40 0.0132 308 530 405 563
D40 0.0130 318 469 363 496
D40 0.0129 311 460 356 489
D40 0.0128 305 525 343 558
D40 0.0125 114 452 196 489
D40 0.0124 392 539 478 577
D40 0.0119 37 462 125 502
D40 0.0115 275 535 340 557
D40 0.0114 555 508 598 531
D40 0.0113 561 492 596 526
D40 0.0112 306 460 376 503
D40 0.0111 568 511 600 547
D40 0.0109 567 481 600 518
D40 0.0108 36 443 123 486
D40 0.0108 136 460 190 485
D40 0.0107 352 539 448 573
D40 0.0106 536 471 600 515
D40 0.0106 251 521 349 559
D40 0.0102 429 553 478 578
D40 0.0102 25 417 115 456
D40 0.0102 0 436 31 472
D40 0.0101 493 530 584 570
D40 0.0100 0 433 66 476
