D00 0.2677 146 434 218 499
D00 0.2662 176 449 207 495
D00 0.2012 129 411 234 508
D00 0.1801 171 422 211 508
D00 0.1684 90 440 221 508
D00 0.1453 158 460 209 497
D00 0.1341 227 384 249 434
D00 0.1295 0 467 57 503
D00 0.1294 53 423 261 505
D00 0.1009 137 457 199 507
D00 0.0995 173 444 227 494
D00 0.0970 449 505 492 532
D00 0.0950 168 405 244 494
D00 0.0932 438 499 487 525
D00 0.0921 115 475 183 510
D00 0.0862 0 453 98 506
D00 0.0836 218 386 243 433
D00 0.0833 183 430 212 490
D00 0.0828 172 466 215 495
D00 0.0815 257 420 279 466
D00 0.0806 138 472 176 508
D00 0.0779 0 440 163 511
D00 0.0764 264 415 285 463
D00 0.0755 112 421 352 504
D00 0.0731 0 462 41 524
D00 0.0707 352 448 406 512
D00 0.0702 105 454 177 512
D00 0.0678 130 480 165 512
D00 0.0677 142 477 193 503
D00 0.0664 153 409 213 483
D00 0.0636 1 478 38 511
D00 0.0613 21 442 237 530
D00 0.0612 335 434 433 518
D00 0.0609 170 433 201 492
D00 0.0607 235 384 257 435
D00 0.0602 420 492 497 530
D00 0.0599 366 464 500 528
D00 0.0596 458 497 486 537
D00 0.0559 161 454 204 526
D00 0.0557 361 454 398 494
D00 0.0553 0 457 33 497
D00 0.0544 0 432 47 509
D00 0.0533 369 461 405 504
D00 0.0517 326 428 403 500
D00 0.0515 186 411 225 490
D00 0.0514 220 372 253 450
D00 0.0511 68 467 199 511
D00 0.0508 0 470 132 512
D00 0.0508 199 408 259 493
D00 0.0507 311 429 334 480
D00 0.0503 101 479 161 508
D00 0.0490 257 422 298 465
D00 0.0483 157 435 209 476
D00 0.0466 104 411 200 491
D00 0.0462 403 482 534 539
D00 0.0460 203 391 240 430
D00 0.0460 124 439 232 542
D00 0.0456 124 395 232 468
D00 0.0455 303 424 326 470
D00 0.0452 251 412 288 483
D00 0.0448 302 421 343 503
D00 0.0437 316 437 349 503
D00 0.0435 7 409 203 497
D00 0.0430 0 398 105 510
D00 0.0428 453 491 503 534
D00 0.0423 373 464 420 514
D00 0.0420 336 449 388 499
D00 0.0420 329 454 355 505
D00 0.0416 200 384 252 441
D00 0.0410 134 460 177 524
D00 0.0407 227 379 265 466
D00 0.0407 186 405 237 430
D00 0.0405 347 418 482 524
D00 0.0398 345 452 394 477
D00 0.0394 258 390 294 474
D00 0.0393 287 424 365 492
D00 0.0392 194 392 240 480
D00 0.0384 359 456 446 523
D00 0.0378 244 402 274 467
D00 0.0376 214 406 287 484
D00 0.0376 283 440 412 506
D00 0.0372 272 403 296 458
D00 0.0371 438 495 490 555
D00 0.0369 174 434 270 495
D00 0.0361 289 430 334 476
D00 0.0359 160 475 203 499
D00 0.0359 328 454 545 548
D00 0.0358 329 436 375 509
D00 0.0350 268 410 343 482
D00 0.0350 450 492 481 530
D00 0.0348 432 465 514 532
D00 0.0343 175 427 208 469
D00 0.0342 142 451 260 510
D00 0.0340 337 454 364 506
D00 0.0334 264 433 287 483
D00 0.0334 235 426 486 513
D00 0.0334 319 441 367 491
D00 0.0328 130 440 192 496
D00 0.0328 117 465 161 504
D00 0.0320 311 443 337 498
D00 0.0320 141 397 284 492
D00 0.0318 6 422 71 507
D00 0.0317 308 431 354 481
D00 0.0316 163 393 226 451
D00 0.0315 304 446 364 506
D00 0.0312 353 460 391 503
D00 0.0307 306 407 336 472
D00 0.0306 149 458 183 503
D00 0.0306 276 396 311 462
D00 0.0305 1 481 30 531
D00 0.0304 196 430 236 493
D00 0.0303 313 413 567 529
D00 0.0303 459 507 513 534
D00 0.0303 223 376 251 409
D00 0.0301 298 394 328 466
D00 0.0299 140 485 188 510
D00 0.0296 87 442 155 511
D00 0.0294 291 386 316 433
D00 0.0293 248 425 271 474
D00 0.0285 214 394 243 470
D00 0.0284 138 423 200 477
D00 0.0284 240 417 280 496
D00 0.0284 86 402 308 535
D00 0.0282 264 411 389 500
D00 0.0282 456 514 502 538
D00 0.0282 175 457 219 528
D00 0.0281 403 432 533 535
D00 0.0281 376 471 402 520
D00 0.0280 208 385 246 414
D00 0.0280 97 372 234 523
D00 0.0280 315 412 376 494
D00 0.0280 456 503 488 570
D00 0.0279 79 475 149 510
D00 0.0278 326 452 382 475
D00 0.0276 407 503 505 555
D00 0.0275 262 420 307 495
D00 0.0275 283 387 308 434
D00 0.0274 175 434 231 476
D00 0.0274 304 409 459 500
D00 0.0273 291 402 317 457
D00 0.0273 275 425 328 467
D00 0.0272 181 458 239 489
D00 0.0271 122 475 153 513
D00 0.0270 5 482 49 529
D00 0.0270 451 503 481 549
D00 0.0269 236 395 305 469
D00 0.0265 288 384 319 414
D00 0.0264 0 471 61 540
D00 0.0264 284 380 322 464
D00 0.0262 355 446 386 491
D00 0.0261 53 398 201 458
D00 0.0261 216 402 257 429
D00 0.0261 248 439 296 464
D00 0.0260 237 406 259 462
D00 0.0257 354 449 414 484
D00 0.0256 134 460 192 489
D00 0.0255 172 393 237 427
D00 0.0255 148 405 203 457
D00 0.0254 213 404 243 440
D00 0.0254 141 468 216 536
D00 0.0254 407 476 484 524
D00 0.0254 114 406 183 469
D00 0.0254 245 390 266 446
D00 0.0253 380 477 433 508
D00 0.0252 297 441 344 467
D00 0.0249 446 490 493 519
D00 0.0248 188 384 271 472
D00 0.0246 132 397 214 444
D00 0.0246 11 454 43 500
D00 0.0245 168 405 219 429
D00 0.0245 228 403 249 462
D00 0.0244 423 493 470 521
D00 0.0243 442 516 495 579
D00 0.0243 183 399 219 465
D00 0.0243 383 484 455 515
D00 0.0242 319 464 365 509
D00 0.0242 312 417 411 476
D00 0.0241 380 480 414 516
D00 0.0240 454 539 488 576
D00 0.0239 266 393 287 451
D00 0.0237 328 458 379 486
D00 0.0237 345 454 376 506
D00 0.0234 372 429 465 506
D00 0.0232 67 451 135 510
D00 0.0231 98 459 202 533
D00 0.0229 35 426 132 501
D00 0.0229 210 388 264 430
D00 0.0226 272 436 338 500
D00 0.0225 318 424 343 473
D00 0.0224 234 417 265 483
D00 0.0221 169 416 200 472
D00 0.0220 421 474 593 551
D00 0.0220 119 394 191 421
D00 0.0219 127 455 170 495
D00 0.0218 0 432 86 539
D00 0.0218 0 484 98 534
D00 0.0217 174 410 211 445
D00 0.0216 253 408 280 448
D00 0.0213 158 470 189 514
D00 0.0213 446 532 482 567
D00 0.0213 253 433 282 498
D00 0.0212 178 389 359 496
D00 0.0212 354 485 470 533
D00 0.0212 107 477 166 527
D00 0.0211 15 480 58 509
D00 0.0211 368 460 419 487
D00 0.0210 204 400 235 447
D00 0.0208 318 465 406 513
D00 0.0206 323 438 359 474
D00 0.0206 359 476 402 507
D00 0.0204 7 413 121 473
D00 0.0203 520 344 587 450
D00 0.0202 225 415 253 487
D00 0.0201 334 443 387 470
D00 0.0201 96 423 163 489
D00 0.0201 464 503 494 545
D00 0.0201 195 397 226 439
D00 0.0200 328 467 376 499
D00 0.0199 43 414 173 473
D00 0.0199 301 443 328 496
D00 0.0198 445 489 573 540
D00 0.0198 238 432 287 459
D00 0.0198 434 505 548 555
D00 0.0198 140 481 168 526
D00 0.0196 1 493 42 542
D00 0.0196 16 457 60 495
D00 0.0195 274 387 298 435
D00 0.0193 25 474 72 503
D00 0.0193 360 440 397 477
D00 0.0193 309 450 357 475
D00 0.0192 213 427 245 493
D00 0.0192 310 468 357 498
D00 0.0191 169 470 197 515
D00 0.0191 309 439 380 473
D00 0.0190 110 469 144 510
D00 0.0190 8 472 79 516
D00 0.0189 359 485 564 580
D00 0.0189 148 393 215 425
D00 0.0189 180 384 240 417
D00 0.0188 313 429 386 531
D00 0.0187 533 369 564 429
D00 0.0187 296 396 355 480
D00 0.0187 448 521 483 556
D00 0.0187 380 472 505 568
D00 0.0185 121 431 179 484
D00 0.0183 204 417 232 476
D00 0.0182 123 389 186 409
D00 0.0182 299 386 325 431
D00 0.0182 97 397 180 440
D00 0.0182 163 418 217 453
D00 0.0181 74 435 254 585
D00 0.0181 123 419 194 455
D00 0.0181 425 510 485 544
D00 0.0180 90 482 130 511
D00 0.0179 143 474 181 534
D00 0.0178 0 0 68 137
D00 0.0177 23 433 98 498
D00 0.0176 513 362 597 508
D00 0.0175 284 436 452 547
D00 0.0175 386 461 443 510
D00 0.0174 447 552 495 579
D00 0.0174 188 398 215 442
D00 0.0173 43 451 113 508
D00 0.0173 164 402 205 436
D00 0.0173 346 473 396 519
D00 0.0173 0 395 135 452
D00 0.0172 226 385 266 412
D00 0.0171 21 479 184 533
D00 0.0170 361 362 596 553
D00 0.0170 356 413 445 484
D00 0.0170 311 458 356 488
D00 0.0169 119 489 158 519
D00 0.0167 260 397 352 458
D00 0.0165 427 501 522 586
D00 0.0164 97 384 225 436
D00 0.0164 338 456 383 528
D00 0.0164 189 415 226 454
D00 0.0162 360 424 410 499
D00 0.0162 433 388 568 542
D00 0.0161 127 306 268 508
D00 0.0161 322 458 421 546
D00 0.0161 379 477 440 533
D00 0.0161 271 443 297 495
D00 0.0160 399 528 457 552
D00 0.0160 288 425 332 451
D00 0.0160 0 446 60 484
D00 0.0159 183 470 226 499
D00 0.0159 277 436 309 482
D00 0.0159 391 474 421 518
D00 0.0159 341 431 382 487
D00 0.0158 290 455 341 502
D00 0.0157 109 396 167 418
D00 0.0157 52 398 166 517
D00 0.0157 406 491 447 521
D00 0.0156 172 429 362 538
D00 0.0156 454 433 600 563
D00 0.0156 404 474 447 512
D00 0.0156 111 404 163 451
D00 0.0155 543 370 595 461
D00 0.0155 412 524 480 557
D00 0.0155 369 465 410 540
D00 0.0154 27 465 103 500
D00 0.0153 101 386 174 412
D00 0.0153 406 491 475 542
D00 0.0153 337 435 366 481
D00 0.0152 84 407 153 465
D00 0.0152 207 379 247 400
D00 0.0151 267 378 306 453
D00 0.0150 0 411 67 440
D00 0.0149 164 445 249 550
D00 0.0149 136 385 208 413
D00 0.0148 182 400 269 445
D00 0.0148 243 379 266 423
D00 0.0147 455 542 504 587
D00 0.0147 229 443 251 493
D00 0.0147 74 424 142 486
D00 0.0147 336 478 386 506
D00 0.0147 190 371 244 427
D00 0.0147 327 474 375 516
D00 0.0145 453 497 590 564
D00 0.0144 447 469 496 523
D00 0.0143 290 394 333 416
D00 0.0143 398 453 467 520
D00 0.0143 247 385 332 495
D00 0.0142 290 444 319 495
D00 0.0140 229 419 295 456
D00 0.0140 466 482 496 529
D00 0.0140 247 443 270 494
D00 0.0140 0 0 42 80
D00 0.0139 436 509 478 568
D00 0.0139 0 373 54 514
D00 0.0139 126 489 182 521
D00 0.0138 526 554 600 600
D00 0.0138 177 461 248 504
D00 0.0137 55 475 127 508
D00 0.0137 439 483 472 524
D00 0.0137 127 404 184 428
D00 0.0136 238 443 260 493
D00 0.0136 150 423 202 448
D00 0.0136 416 426 499 506
D00 0.0136 149 413 202 438
D00 0.0135 182 516 255 549
D00 0.0135 89 464 130 503
D00 0.0135 306 395 382 467
D00 0.0134 275 394 317 417
D00 0.0134 202 454 233 496
D00 0.0134 4 406 60 430
D00 0.0133 229 381 284 441
D00 0.0133 536 381 580 430
D00 0.0133 442 516 581 583
D00 0.0133 382 528 438 551
D00 0.0132 225 445 271 493
D00 0.0132 261 451 292 490
D00 0.0132 396 502 462 556
D00 0.0131 225 378 267 399
D00 0.0131 0 54 35 136
D00 0.0131 257 450 320 505
D00 0.0130 13 407 104 446
D00 0.0129 436 451 546 515
D00 0.0129 147 433 184 488
D00 0.0129 161 377 223 429
D00 0.0129 167 387 217 410
D00 0.0128 103 481 297 577
D00 0.0128 107 455 151 494
D00 0.0128 455 499 518 547
D00 0.0128 11 403 87 432
D00 0.0127 321 467 481 585
D00 0.0127 256 386 277 436
D00 0.0127 284 379 326 402
D00 0.0126 527 387 584 483
D00 0.0126 387 515 452 547
D00 0.0126 105 427 173 462
D00 0.0125 397 470 436 522
D00 0.0125 143 409 188 446
D00 0.0125 279 377 330 425
D00 0.0124 0 448 69 589
D00 0.0124 88 492 155 518
D00 0.0124 275 452 313 490
D00 0.0123 270 384 303 413
D00 0.0123 466 535 495 581
D00 0.0123 175 385 212 439
D00 0.0122 456 485 518 521
D00 0.0122 306 473 343 505
D00 0.0122 28 477 229 574
D00 0.0122 1 429 28 490
D00 0.0122 0 414 85 456
D00 0.0121 21 382 181 429
D00 0.0120 500 504 599 587
D00 0.0120 299 361 518 510
D00 0.0120 324 481 360 512
D00 0.0119 215 412 259 436
D00 0.0119 119 485 174 544
D00 0.0119 52 440 107 488
D00 0.0118 461 537 593 599
D00 0.0118 464 465 560 534
D00 0.0118 20 477 57 532
D00 0.0118 6 507 52 549
D00 0.0117 372 490 406 524
D00 0.0117 352 420 389 483
D00 0.0117 76 455 143 492
D00 0.0117 222 370 272 425
D00 0.0117 73 390 164 427
D00 0.0117 53 406 144 449
D00 0.0117 11 502 46 536
D00 0.0116 389 490 426 523
D00 0.0116 130 480 227 564
D00 0.0116 359 444 442 493
D00 0.0115 429 444 480 533
D00 0.0115 265 414 309 441
D00 0.0115 209 463 246 495
D00 0.0114 393 524 495 578
D00 0.0114 18 414 82 437
D00 0.0113 188 377 243 405
D00 0.0113 472 498 505 538
D00 0.0113 420 479 450 520
D00 0.0113 239 444 305 476
D00 0.0113 50 474 90 506
D00 0.0112 283 374 308 410
D00 0.0112 290 421 351 456
D00 0.0112 297 387 344 409
D00 0.0111 169 477 229 540
D00 0.0111 384 458 427 494
D00 0.0111 518 354 562 433
D00 0.0111 467 516 526 539
D00 0.0111 539 573 593 600
D00 0.0111 461 519 496 552
D00 0.0110 30 484 103 513
D00 0.0110 449 463 531 556
D00 0.0110 135 441 336 593
D00 0.0110 0 403 45 483
D00 0.0110 356 483 403 527
D00 0.0110 423 475 467 514
D00 0.0110 309 394 334 445
D00 0.0109 416 501 457 532
D00 0.0109 498 470 599 558
D00 0.0109 117 446 160 484
D00 0.0109 134 398 176 460
D00 0.0108 314 397 347 466
D00 0.0108 528 397 600 555
D00 0.0108 429 541 484 583
D00 0.0108 410 518 466 542
D00 0.0108 462 554 516 581
D00 0.0108 29 444 72 501
D00 0.0108 394 496 443 540
D00 0.0108 0 24 33 112
D00 0.0107 545 404 596 510
D00 0.0107 499 329 575 436
D00 0.0107 195 455 277 490
D00 0.0106 267 464 302 499
D00 0.0106 394 508 421 550
D00 0.0106 316 433 367 461
D00 0.0105 117 414 156 478
D00 0.0105 120 413 174 439
D00 0.0105 369 409 495 475
D00 0.0104 286 463 323 499
D00 0.0104 33 455 86 517
D00 0.0104 373 431 600 600
D00 0.0104 94 464 145 523
D00 0.0104 222 367 252 397
D00 0.0104 11 390 73 479
D00 0.0103 316 377 412 508
D00 0.0103 79 441 119 506
D00 0.0102 32 398 122 437
D00 0.0102 204 440 250 506
D00 0.0102 176 378 226 399
D00 0.0102 148 415 182 466
D00 0.0102 461 439 526 530
D00 0.0102 1 505 28 550
D00 0.0101 303 390 337 422
D00 0.0101 445 514 516 558
D00 0.0101 86 446 153 481
D00 0.0101 514 0 600 136
D00 0.0100 320 393 448 459
D10 0.1180 0 477 51 502
D10 0.0976 0 470 75 504
D10 0.0617 409 494 488 522
D10 0.0555 174 467 227 494
D10 0.0431 181 479 244 499
D10 0.0417 5 486 63 508
D10 0.0405 185 412 235 434
D10 0.0371 171 475 218 499
D10 0.0360 164 468 257 500
D10 0.0353 405 490 469 515
D10 0.0313 23 480 87 503
D10 0.0278 172 403 247 448
D10 0.0276 204 481 269 500
D10 0.0274 193 470 255 494
D10 0.0269 143 449 203 478
D10 0.0264 298 480 354 503
D10 0.0261 250 482 306 502
D10 0.0252 419 506 480 528
D10 0.0244 307 488 362 510
D10 0.0244 267 481 326 502
D10 0.0241 169 413 217 435
D10 0.0236 390 488 447 512
D10 0.0231 6 461 65 491
D10 0.0226 229 482 287 501
D10 0.0218 141 440 202 467
D10 0.0208 286 489 346 509
D10 0.0206 184 420 230 444
D10 0.0203 318 479 367 504
D10 0.0197 278 469 374 507
D10 0.0192 184 449 238 479
D10 0.0187 242 473 339 505
D10 0.0184 151 431 203 457
D10 0.0184 258 490 316 509
D10 0.0183 326 488 378 511
D10 0.0183 1 495 40 521
D10 0.0183 392 497 447 519
D10 0.0181 170 421 212 445
D10 0.0179 186 489 245 508
D10 0.0178 149 485 196 509
D10 0.0174 144 485 237 536
D10 0.0173 240 490 296 509
D10 0.0171 193 474 301 503
D10 0.0170 204 411 249 435
D10 0.0169 26 488 86 510
D10 0.0166 299 477 389 514
D10 0.0165 6 479 98 514
D10 0.0162 206 491 269 508
D10 0.0161 258 482 359 512
D10 0.0158 195 460 253 487
D10 0.0157 238 440 288 465
D10 0.0157 171 480 259 513
D10 0.0156 175 461 295 497
D10 0.0151 256 449 303 472
D10 0.0150 219 471 275 494
D10 0.0150 253 471 303 496
D10 0.0148 379 487 462 526
D10 0.0145 108 385 217 424
D10 0.0144 123 450 180 475
D10 0.0142 144 500 274 561
D10 0.0141 187 441 239 468
D10 0.0137 152 479 287 541
D10 0.0135 173 486 220 509
D10 0.0134 270 471 324 496
D10 0.0133 345 488 396 514
D10 0.0132 289 470 343 497
D10 0.0130 27 460 89 488
D10 0.0128 92 496 148 517
D10 0.0126 159 458 315 514
D10 0.0126 182 430 227 456
D10 0.0126 1 450 41 477
D10 0.0125 402 507 456 530
D10 0.0124 335 497 388 520
D10 0.0124 38 470 97 496
D10 0.0123 223 484 319 513
D10 0.0121 1 508 41 533
D10 0.0118 75 0 276 94
D10 0.0118 226 432 277 458
D10 0.0117 11 497 61 520
D10 0.0116 415 479 471 510
D10 0.0114 122 441 180 466
D10 0.0112 317 498 370 519
D10 0.0111 355 497 404 521
D10 0.0111 203 421 251 445
D10 0.0111 6 519 53 543
D10 0.0109 318 487 408 526
D10 0.0108 236 450 285 474
D10 0.0105 220 461 323 500
D10 0.0101 264 459 312 486
D10 0.0100 130 507 228 556
D20 0.1313 138 415 306 496
D20 0.1065 168 445 239 496
D20 0.1006 4 422 220 515
D20 0.0942 0 476 37 503
D20 0.0647 172 407 362 485
D20 0.0620 118 414 432 509
D20 0.0586 251 426 343 464
D20 0.0551 0 455 31 518
D20 0.0520 227 418 398 491
D20 0.0491 256 433 304 460
D20 0.0444 30 393 498 555
D20 0.0443 211 430 326 484
D20 0.0404 256 430 362 486
D20 0.0387 389 481 490 520
D20 0.0387 242 405 336 484
D20 0.0355 7 323 405 513
D20 0.0350 252 410 309 466
D20 0.0342 193 412 302 478
D20 0.0341 350 466 503 539
D20 0.0310 0 389 303 509
D20 0.0296 263 425 311 453
D20 0.0291 169 429 256 484
D20 0.0289 176 448 306 494
D20 0.0285 0 252 590 539
D20 0.0280 145 438 474 545
D20 0.0278 371 470 461 515
D20 0.0275 0 456 25 494
D20 0.0275 336 408 575 533
D20 0.0271 0 470 177 535
D20 0.0270 403 528 487 567
D20 0.0268 266 396 322 463
D20 0.0268 0 479 26 516
D20 0.0253 173 316 578 514
D20 0.0229 385 521 474 558
D20 0.0224 44 450 483 600
D20 0.0224 0 0 307 139
D20 0.0213 142 444 264 549
D20 0.0211 17 15 600 441
D20 0.0200 211 385 510 498
D20 0.0199 0 424 54 549
D20 0.0199 266 419 320 481
D20 0.0197 0 0 408 294
D20 0.0197 279 446 367 498
D20 0.0197 147 454 283 512
D20 0.0195 167 0 600 294
D20 0.0187 222 397 317 459
D20 0.0185 344 505 504 586
D20 0.0183 0 118 290 600
D20 0.0183 312 118 600 600
D20 0.0183 266 386 600 570
D20 0.0179 248 447 336 494
D20 0.0178 0 376 157 506
D20 0.0170 0 0 150 227
D20 0.0170 431 535 506 580
D20 0.0170 397 498 488 536
D20 0.0169 0 400 102 529
D20 0.0169 18 0 232 383
D20 0.0167 0 453 231 600
D20 0.0165 166 432 312 523
D20 0.0162 180 513 275 551
D20 0.0160 0 482 40 548
D20 0.0155 4 520 96 553
D20 0.0153 252 445 419 522
D20 0.0153 364 455 600 600
D20 0.0153 64 240 294 541
D20 0.0153 117 510 196 547
D20 0.0150 201 439 272 496
D20 0.0149 0 0 118 73
D20 0.0148 373 0 600 146
D20 0.0148 1 500 59 553
D20 0.0147 0 487 153 564
D20 0.0147 264 395 383 466
D20 0.0147 120 464 239 570
D20 0.0144 210 472 497 586
D20 0.0143 146 511 238 549
D20 0.0143 455 0 600 224
D20 0.0139 229 399 317 518
D20 0.0139 307 485 483 567
D20 0.0138 398 504 556 586
D20 0.0136 283 235 531 545
D20 0.0136 27 0 238 76
D20 0.0135 45 231 467 454
D20 0.0132 250 443 314 476
D20 0.0131 453 361 600 600
D20 0.0128 298 426 388 473
D20 0.0127 0 295 227 509
D20 0.0126 0 0 72 111
D20 0.0124 0 464 85 577
D20 0.0123 5 527 55 551
D20 0.0122 69 0 295 232
D20 0.0121 0 353 290 592
D20 0.0120 447 545 530 588
D20 0.0119 24 512 116 546
D20 0.0119 124 0 515 148
D20 0.0119 0 0 109 154
D20 0.0118 0 413 28 500
D20 0.0118 387 0 600 309
D20 0.0117 20 527 79 550
D20 0.0116 431 527 595 600
D20 0.0116 368 511 454 550
D20 0.0115 41 524 115 551
D20 0.0114 279 417 365 465
D20 0.0114 0 223 153 563
D20 0.0113 211 190 600 477
D20 0.0113 373 301 591 600
D20 0.0112 144 472 333 545
D20 0.0110 64 41 294 451
D20 0.0110 272 464 436 547
D20 0.0110 6 515 72 545
D20 0.0109 378 536 505 597
D20 0.0107 224 432 359 528
D20 0.0107 195 381 352 461
D20 0.0107 201 377 460 600
D20 0.0106 283 512 460 585
D20 0.0106 181 508 454 600
D20 0.0106 0 51 156 447
D20 0.0105 180 409 276 460
D20 0.0104 88 0 380 89
D20 0.0103 344 370 526 502
D20 0.0103 365 528 457 562
D40 0.0672 261 433 315 460
D40 0.0474 255 431 338 470
D40 0.0378 273 440 328 465
D40 0.0364 0 467 23 509
D40 0.0256 428 544 481 570
D40 0.0253 406 535 488 573
D40 0.0241 385 417 578 526
D40 0.0230 418 536 476 562
D40 0.0215 328 385 600 545
D40 0.0214 520 365 585 439
D40 0.0205 174 518 263 553
D40 0.0196 268 448 323 473
D40 0.0190 265 441 302 477
D40 0.0176 498 358 599 466
D40 0.0171 188 526 250 550
D40 0.0171 128 526 182 548
D40 0.0167 265 528 349 560
D40 0.0163 536 384 596 440
D40 0.0153 549 402 599 447
D40 0.0151 285 535 343 558
D40 0.0151 471 383 589 447
D40 0.0149 138 519 189 544
D40 0.0149 123 519 171 544
D40 0.0148 399 535 460 560
D40 0.0143 121 236 600 556
D40 0.0142 130 488 287 565
D40 0.0142 389 373 574 493
D40 0.0139 431 356 590 440
D40 0.0134 154 522 231 551
D40 0.0132 423 542 498 584
D40 0.0126 542 402 591 430
D40 0.0126 123 518 207 550
D40 0.0123 558 413 600 438
D40 0.0121 522 398 590 471
D40 0.0116 153 496 234 560
D40 0.0116 303 536 361 559
D40 0.0115 307 529 394 563
D40 0.0114 540 386 574 427
D40 0.0109 547 393 596 421
D40 0.0109 488 336 578 434
D40 0.0107 329 536 390 560
D40 0.0106 207 522 279 553
D40 0.0104 451 390 598 482
D40 0.0103 563 398 600 433
D40 0.0102 507 372 570 456
