D00 0.0616 502 346 715 720
D00 0.0513 588 388 712 664
D00 0.0481 20 417 206 714
D00 0.0471 325 507 413 720
D00 0.0458 539 438 683 695
D00 0.0425 99 416 289 713
D00 0.0419 4 513 104 719
D00 0.0395 346 355 654 720
D00 0.0380 611 518 714 719
D00 0.0368 345 460 432 688
D00 0.0365 584 322 712 560
D00 0.0362 77 480 225 711
D00 0.0357 653 612 707 720
D00 0.0356 352 621 396 720
D00 0.0337 2 615 52 717
D00 0.0333 126 438 178 496
D00 0.0327 21 568 86 705
D00 0.0324 93 429 203 624
D00 0.0319 345 543 397 698
D00 0.0315 631 373 720 575
D00 0.0311 169 443 314 695
D00 0.0305 195 415 375 715
D00 0.0304 118 365 463 720
D00 0.0300 311 550 388 718
D00 0.0299 35 372 185 606
D00 0.0290 632 573 700 705
D00 0.0287 353 497 398 616
D00 0.0287 134 511 252 715
D00 0.0279 107 405 191 559
D00 0.0278 300 414 466 716
D00 0.0277 489 403 647 669
D00 0.0275 326 424 414 634
D00 0.0273 530 376 696 577
D00 0.0269 352 548 428 719
D00 0.0266 133 411 188 500
D00 0.0265 365 476 416 628
D00 0.0265 60 272 355 666
D00 0.0252 75 389 215 536
D00 0.0251 5 548 67 690
D00 0.0251 119 372 268 612
D00 0.0245 670 637 712 719
D00 0.0244 599 362 715 484
D00 0.0243 301 471 398 682
D00 0.0243 201 522 312 715
D00 0.0242 38 517 179 720
D00 0.0241 136 445 168 505
D00 0.0241 250 375 420 704
D00 0.0239 5 405 143 652
D00 0.0239 1 295 227 606
D00 0.0239 536 296 684 506
D00 0.0238 384 417 566 713
D00 0.0236 430 305 710 597
D00 0.0232 632 430 720 685
D00 0.0226 652 550 714 691
D00 0.0225 10 469 94 643
D00 0.0224 430 518 538 710
D00 0.0222 650 393 718 524
D00 0.0221 133 451 186 483
D00 0.0219 442 598 490 707
D00 0.0218 363 443 494 699
D00 0.0218 110 466 225 596
D00 0.0215 226 296 568 676
D00 0.0214 28 491 119 670
D00 0.0209 144 346 330 648
D00 0.0208 353 644 380 717
D00 0.0207 491 333 648 563
D00 0.0206 40 546 108 693
D00 0.0206 103 527 193 706
D00 0.0205 126 492 214 658
D00 0.0202 356 417 423 595
D00 0.0201 355 455 398 567
D00 0.0201 581 592 706 714
D00 0.0200 347 331 512 666
D00 0.0200 114 477 270 636
D00 0.0200 115 431 171 517
D00 0.0199 22 472 183 640
D00 0.0199 17 590 133 715
D00 0.0197 268 521 379 719
D00 0.0195 125 440 177 552
D00 0.0194 361 657 389 720
D00 0.0186 104 431 198 488
D00 0.0186 10 645 43 712
D00 0.0184 2 327 144 545
D00 0.0184 137 627 189 720
D00 0.0184 121 370 208 511
D00 0.0181 454 478 560 684
D00 0.0181 370 529 454 709
D00 0.0179 676 412 720 515
D00 0.0178 446 364 594 623
D00 0.0177 238 571 323 719
D00 0.0176 372 459 446 646
D00 0.0174 153 569 276 706
D00 0.0174 3 635 35 704
D00 0.0173 451 552 515 688
D00 0.0173 141 441 181 524
D00 0.0173 329 625 383 720
D00 0.0171 225 552 292 690
D00 0.0170 115 487 180 619
D00 0.0170 446 572 566 702
D00 0.0167 632 505 699 649
D00 0.0167 79 491 171 663
D00 0.0167 406 361 539 625
D00 0.0166 228 484 330 682
D00 0.0165 600 489 691 668
D00 0.0165 367 485 402 583
D00 0.0165 406 572 519 703
D00 0.0164 156 548 226 689
D00 0.0164 327 575 466 720
D00 0.0162 369 273 592 633
D00 0.0162 218 365 357 618
D00 0.0161 121 432 205 531
D00 0.0161 115 472 167 575
D00 0.0160 111 593 229 716
D00 0.0160 112 398 174 493
D00 0.0160 136 569 203 705
D00 0.0159 321 505 381 649
D00 0.0159 362 531 408 646
D00 0.0159 66 306 222 504
D00 0.0158 364 498 390 572
D00 0.0157 333 596 407 720
D00 0.0155 343 522 390 629
D00 0.0154 171 531 294 670
D00 0.0154 597 415 695 590
D00 0.0153 6 591 46 684
D00 0.0152 652 457 716 597
D00 0.0151 648 602 690 692
D00 0.0150 136 402 229 558
D00 0.0150 291 572 361 707
D00 0.0150 301 296 466 599
D00 0.0150 347 678 384 720
D00 0.0148 461 608 514 718
D00 0.0148 423 465 624 673
D00 0.0147 607 555 682 692
D00 0.0147 542 340 664 454
D00 0.0146 346 361 439 559
D00 0.0146 197 553 272 688
D00 0.0145 4 486 65 620
D00 0.0144 428 553 495 689
D00 0.0142 62 546 133 692
D00 0.0142 349 600 385 696
D00 0.0142 285 292 311 353
D00 0.0141 96 447 187 504
D00 0.0141 60 593 185 715
D00 0.0141 664 646 699 713
D00 0.0140 570 359 672 509
D00 0.0139 46 510 251 644
D00 0.0139 262 625 313 720
D00 0.0138 364 436 408 548
D00 0.0137 45 417 200 504
D00 0.0136 358 587 392 684
D00 0.0135 250 533 312 673
D00 0.0135 472 530 537 671
D00 0.0135 92 425 166 544
D00 0.0134 267 593 337 715
D00 0.0134 490 523 614 711
D00 0.0132 666 445 720 550
D00 0.0132 267 619 383 720
D00 0.0131 604 649 712 714
D00 0.0131 671 678 711 720
D00 0.0130 392 512 481 687
D00 0.0128 69 458 219 551
D00 0.0127 410 272 511 456
D00 0.0127 88 569 158 704
D00 0.0127 270 324 402 563
D00 0.0127 578 246 714 452
D00 0.0126 152 492 223 619
D00 0.0126 1 447 115 566
D00 0.0125 585 361 666 440
D00 0.0125 363 530 390 605
D00 0.0124 50 453 153 607
D00 0.0124 555 369 640 536
D00 0.0124 124 430 161 487
D00 0.0124 372 454 420 565
D00 0.0124 205 599 358 720
D00 0.0124 629 625 720 703
D00 0.0123 452 610 481 680
D00 0.0123 248 586 301 698
D00 0.0123 362 619 389 699
D00 0.0123 627 271 720 500
D00 0.0122 295 290 320 353
D00 0.0122 0 275 46 378
D00 0.0122 343 661 409 720
D00 0.0121 474 582 524 683
D00 0.0121 115 459 171 492
D00 0.0120 135 415 170 480
D00 0.0120 114 441 173 474
D00 0.0120 443 368 488 470
D00 0.0120 447 294 596 505
D00 0.0119 360 616 422 720
D00 0.0119 373 474 399 550
D00 0.0118 47 536 98 644
D00 0.0118 335 380 407 545
D00 0.0118 574 517 670 690
D00 0.0118 601 393 686 522
D00 0.0117 686 658 717 719
D00 0.0117 215 607 302 710
D00 0.0117 1 536 54 642
D00 0.0117 320 462 381 598
D00 0.0116 153 437 188 495
D00 0.0115 456 593 498 676
D00 0.0115 0 503 43 605
D00 0.0115 491 553 562 688
D00 0.0115 160 532 212 643
D00 0.0115 663 622 696 697
D00 0.0115 535 352 616 511
D00 0.0114 642 661 713 720
D00 0.0113 666 539 717 644
D00 0.0113 424 616 542 720
D00 0.0113 374 552 420 669
D00 0.0113 96 289 283 535
D00 0.0113 0 338 84 527
D00 0.0112 274 428 378 628
D00 0.0112 554 368 605 467
D00 0.0112 17 625 77 720
D00 0.0112 419 492 506 668
D00 0.0112 615 0 720 161
D00 0.0112 0 406 71 555
D00 0.0112 314 652 429 715
D00 0.0111 388 339 566 524
D00 0.0111 243 579 285 666
D00 0.0110 467 445 549 611
D00 0.0110 548 559 649 707
D00 0.0110 364 465 391 539
D00 0.0110 150 381 221 497
D00 0.0110 665 394 720 477
D00 0.0110 1 472 54 569
D00 0.0109 683 268 720 350
D00 0.0109 275 275 320 366
D00 0.0109 133 435 206 480
D00 0.0109 435 621 476 709
D00 0.0109 566 390 613 495
D00 0.0109 365 395 420 529
D00 0.0109 37 615 108 720
D00 0.0108 578 439 666 613
D00 0.0108 521 320 641 427
D00 0.0108 249 312 277 370
D00 0.0108 432 280 482 375
D00 0.0108 155 628 211 720
D00 0.0107 686 412 718 478
D00 0.0107 668 602 711 693
D00 0.0107 420 254 500 394
D00 0.0107 657 582 702 670
D00 0.0107 606 374 688 450
D00 0.0107 104 344 226 451
D00 0.0106 112 627 173 720
D00 0.0106 649 341 717 462
D00 0.0106 372 518 400 595
D00 0.0106 570 347 645 389
D00 0.0106 191 344 374 523
D00 0.0106 383 436 439 574
D00 0.0105 653 633 687 706
D00 0.0105 554 330 630 400
D00 0.0105 175 592 249 714
D00 0.0105 238 313 266 370
D00 0.0105 650 686 707 717
D00 0.0105 11 601 106 682
D00 0.0105 503 493 594 666
D00 0.0104 270 533 335 672
D00 0.0104 272 302 302 360
D00 0.0104 130 504 171 583
D00 0.0104 402 594 472 712
D00 0.0103 431 338 479 434
D00 0.0103 349 552 385 651
D00 0.0102 263 470 341 641
D00 0.0102 104 451 167 483
D00 0.0102 440 290 471 348
D00 0.0102 457 632 496 718
D00 0.0101 365 285 494 507
D00 0.0101 0 564 124 670
D00 0.0101 330 580 382 690
D00 0.0101 84 416 181 475
D00 0.0101 518 403 626 596
D00 0.0100 376 377 421 485
D00 0.0100 564 351 646 427
D00 0.0100 377 617 497 720
D00 0.0100 553 491 642 666
D00 0.0100 568 566 703 672
D00 0.0100 242 652 364 715
D10 0.0218 80 487 306 642
D10 0.0210 127 487 295 571
D10 0.0196 495 484 693 647
D10 0.0184 194 375 362 453
D10 0.0183 76 444 304 583
D10 0.0179 19 482 186 570
D10 0.0175 110 496 227 560
D10 0.0166 208 534 451 691
D10 0.0166 502 437 695 587
D10 0.0162 130 517 254 583
D10 0.0161 19 491 227 619
D10 0.0161 159 488 392 643
D10 0.0160 237 362 364 422
D10 0.0151 112 460 271 550
D10 0.0146 260 385 385 442
D10 0.0145 89 517 208 581
D10 0.0141 105 402 346 535
D10 0.0140 284 363 409 421
D10 0.0140 169 395 339 477
D10 0.0139 164 385 304 444
D10 0.0137 459 398 680 534
D10 0.0136 365 489 614 647
D10 0.0136 154 445 391 583
D10 0.0136 4 494 121 555
D10 0.0135 16 472 152 537
D10 0.0135 39 516 167 579
D10 0.0134 216 363 433 468
D10 0.0132 89 470 202 538
D10 0.0126 382 422 687 620
D10 0.0125 192 362 324 424
D10 0.0124 335 364 458 421
D10 0.0124 142 567 288 668
D10 0.0123 264 489 499 645
D10 0.0122 164 475 300 535
D10 0.0117 429 285 485 312
D10 0.0116 191 498 316 555
D10 0.0116 375 374 494 425
D10 0.0115 6 515 116 579
D10 0.0115 203 405 445 530
D10 0.0115 110 447 221 515
D10 0.0115 258 343 498 443
D10 0.0114 614 444 712 515
D10 0.0114 366 404 611 530
D10 0.0113 241 406 361 467
D10 0.0113 119 523 270 621
D10 0.0111 140 404 279 468
D10 0.0109 485 651 624 711
D10 0.0109 124 437 295 528
D10 0.0108 318 447 553 583
D10 0.0108 611 580 704 653
D10 0.0108 445 626 572 699
D10 0.0107 64 448 187 516
D10 0.0107 437 295 495 325
D10 0.0107 206 397 330 447
D10 0.0106 598 452 720 552
D10 0.0106 367 352 521 434
D10 0.0106 82 397 183 446
D10 0.0105 421 275 514 325
D10 0.0105 169 508 331 595
D10 0.0104 365 361 612 487
D10 0.0104 427 604 544 679
D10 0.0104 154 558 272 629
D10 0.0104 137 603 253 679
D10 0.0102 420 651 548 713
D10 0.0102 195 652 322 714
D10 0.0102 148 501 270 552
D10 0.0101 402 626 521 701
D10 0.0101 474 517 587 578
D10 0.0100 551 433 702 528
D10 0.0100 613 558 706 627
D10 0.0100 311 384 434 441
D10 0.0100 59 627 184 702
D10 0.0100 375 651 500 714
D10 0.0100 124 425 248 493
D20 0.0810 40 445 592 712
D20 0.0600 326 492 720 716
D20 0.0579 20 412 300 719
D20 0.0573 158 355 720 708
D20 0.0439 432 579 690 708
D20 0.0395 492 417 716 720
D20 0.0394 0 526 400 720
D20 0.0392 5 302 642 613
D20 0.0340 25 502 202 707
D20 0.0333 10 368 372 611
D20 0.0299 40 578 283 713
D20 0.0299 115 355 349 720
D20 0.0294 103 504 289 705
D20 0.0287 399 391 653 720
D20 0.0285 162 533 618 720
D20 0.0282 564 506 720 704
D20 0.0273 534 595 720 717
D20 0.0271 307 292 685 617
D20 0.0241 422 510 626 702
D20 0.0241 54 385 244 571
D20 0.0235 79 465 377 669
D20 0.0231 303 582 572 708
D20 0.0227 3 428 203 544
D20 0.0226 7 571 151 719
D20 0.0224 36 348 331 519
D20 0.0223 18 220 397 717
D20 0.0223 159 579 408 711
D20 0.0218 417 185 720 716
D20 0.0215 0 329 225 675
D20 0.0206 125 435 247 626
D20 0.0194 64 333 476 557
D20 0.0181 104 366 326 468
D20 0.0180 95 402 295 522
D20 0.0180 18 453 187 608
D20 0.0178 0 0 489 353
D20 0.0177 321 420 543 720
D20 0.0175 201 0 720 353
D20 0.0174 389 556 537 712
D20 0.0168 0 110 720 720
D20 0.0161 148 341 369 444
D20 0.0158 389 627 661 720
D20 0.0158 140 552 326 691
D20 0.0156 140 384 328 572
D20 0.0154 544 196 720 648
D20 0.0153 95 447 298 569
D20 0.0149 224 325 337 498
D20 0.0148 488 595 621 711
D20 0.0145 204 297 358 432
D20 0.0145 92 353 240 486
D20 0.0139 448 286 720 548
D20 0.0137 10 623 226 720
D20 0.0137 227 301 529 598
D20 0.0137 0 416 108 594
D20 0.0137 0 0 174 262
D20 0.0136 467 539 590 715
D20 0.0135 0 448 110 720
D20 0.0134 129 621 339 720
D20 0.0133 147 482 309 638
D20 0.0132 63 311 379 467
D20 0.0132 633 523 720 720
D20 0.0131 116 425 422 615
D20 0.0130 551 650 693 711
D20 0.0130 456 0 720 175
D20 0.0129 654 377 720 571
D20 0.0129 581 624 698 704
D20 0.0129 106 322 321 424
D20 0.0129 169 286 393 624
D20 0.0129 428 613 594 708
D20 0.0127 269 298 377 473
D20 0.0121 337 623 542 720
D20 0.0120 514 526 639 713
D20 0.0120 35 407 179 518
D20 0.0120 226 454 440 720
D20 0.0118 205 277 407 382
D20 0.0117 9 197 639 494
D20 0.0117 409 296 511 482
D20 0.0117 174 351 296 521
D20 0.0115 594 0 720 188
D20 0.0115 0 0 316 214
D20 0.0115 107 356 272 435
D20 0.0114 142 380 275 495
D20 0.0113 240 599 453 719
D20 0.0112 510 627 649 700
D20 0.0111 455 405 561 594
D20 0.0109 633 0 720 136
D20 0.0107 467 0 720 353
D20 0.0107 149 362 398 489
D20 0.0106 0 388 137 534
D20 0.0106 397 256 535 393
D20 0.0106 411 379 561 532
D20 0.0105 206 385 352 532
D20 0.0101 0 50 305 611
D20 0.0101 384 361 491 546
D40 0.1829 9 293 171 400
D40 0.1030 1 261 194 352
D40 0.1015 6 303 106 390
D40 0.0825 9 294 127 360
D40 0.0771 13 334 144 405
D40 0.0736 5 332 175 447
D40 0.0663 0 271 119 426
D40 0.0641 36 294 186 352
D40 0.0550 7 327 46 381
D40 0.0525 0 293 281 497
D40 0.0482 1 319 80 415
D40 0.0475 7 342 102 437
D40 0.0457 0 268 242 417
D40 0.0444 39 314 180 375
D40 0.0432 7 265 106 348
D40 0.0429 0 283 81 371
D40 0.0379 0 311 50 401
D40 0.0376 20 345 205 522
D40 0.0376 65 270 181 342
D40 0.0343 27 360 167 427
D40 0.0318 10 247 168 323
D40 0.0304 5 318 69 370
D40 0.0285 7 314 49 357
D40 0.0282 0 370 139 456
D40 0.0279 4 350 44 392
D40 0.0279 554 359 718 483
D40 0.0269 48 281 145 370
D40 0.0256 501 315 701 447
D40 0.0248 69 327 176 413
D40 0.0243 1 341 70 384
D40 0.0237 617 387 712 489
D40 0.0237 496 274 702 400
D40 0.0235 31 385 174 445
D40 0.0232 433 288 720 504
D40 0.0230 51 281 251 368
D40 0.0230 0 385 260 562
D40 0.0216 84 277 229 333
D40 0.0208 0 316 113 495
D40 0.0204 582 378 699 454
D40 0.0203 0 244 186 548
D40 0.0201 550 331 695 415
D40 0.0199 529 256 715 359
D40 0.0195 453 237 643 329
D40 0.0192 0 192 179 396
D40 0.0191 562 360 684 428
D40 0.0188 641 405 720 510
D40 0.0187 0 225 92 387
D40 0.0187 65 313 149 350
D40 0.0186 56 304 213 438
D40 0.0185 24 327 135 378
D40 0.0185 65 362 304 493
D40 0.0182 11 318 81 348
D40 0.0180 575 390 720 528
D40 0.0179 22 397 189 476
D40 0.0177 97 267 199 312
D40 0.0176 66 377 219 456
D40 0.0175 4 349 65 472
D40 0.0174 83 302 177 340
D40 0.0174 0 389 36 434
D40 0.0173 517 246 678 324
D40 0.0172 612 354 709 444
D40 0.0172 10 632 95 720
D40 0.0166 81 296 166 397
D40 0.0166 7 654 46 706
D40 0.0163 449 274 650 373
D40 0.0163 0 382 91 446
D40 0.0161 460 358 683 490
D40 0.0160 17 651 140 714
D40 0.0158 417 254 609 348
D40 0.0158 2 353 33 419
D40 0.0158 0 332 41 436
D40 0.0157 0 621 185 720
D40 0.0155 0 265 37 307
D40 0.0155 53 340 155 392
D40 0.0154 79 364 203 426
D40 0.0154 623 428 711 532
D40 0.0152 48 323 136 359
D40 0.0149 530 308 680 390
D40 0.0149 548 328 605 357
D40 0.0149 27 609 117 709
D40 0.0148 486 248 617 313
D40 0.0146 2 307 36 370
D40 0.0143 94 394 241 481
D40 0.0141 553 269 689 338
D40 0.0140 125 375 300 455
D40 0.0139 8 392 97 479
D40 0.0139 54 339 144 443
D40 0.0136 15 326 100 358
D40 0.0136 7 226 279 367
D40 0.0135 3 305 74 343
D40 0.0135 514 269 640 335
D40 0.0135 54 244 258 327
D40 0.0133 426 378 700 567
D40 0.0132 430 229 700 369
D40 0.0131 0 263 91 311
D40 0.0131 564 351 656 405
D40 0.0130 88 317 169 343
D40 0.0130 682 430 720 480
D40 0.0129 664 421 720 490
D40 0.0129 5 359 63 385
D40 0.0129 13 274 133 323
D40 0.0128 0 209 178 306
D40 0.0127 545 328 632 383
D40 0.0127 644 451 720 555
D40 0.0127 463 270 597 334
D40 0.0126 537 241 720 453
D40 0.0126 110 287 217 359
D40 0.0125 0 261 59 335
D40 0.0123 15 342 52 403
D40 0.0123 533 319 619 368
D40 0.0122 63 334 145 373
D40 0.0122 0 219 473 446
D40 0.0122 76 306 236 385
D40 0.0120 3 378 45 424
D40 0.0118 0 145 635 554
D40 0.0118 0 276 66 449
D40 0.0118 0 301 40 345
D40 0.0118 88 331 241 463
D40 0.0117 569 254 702 317
D40 0.0116 76 294 142 345
D40 0.0115 65 614 226 711
D40 0.0115 520 341 643 401
D40 0.0115 56 651 187 713
D40 0.0115 687 276 717 343
D40 0.0113 540 292 665 358
D40 0.0113 615 263 713 351
D40 0.0113 472 309 635 385
D40 0.0112 120 589 272 692
D40 0.0112 114 274 187 300
D40 0.0110 539 318 595 350
D40 0.0110 127 267 240 307
D40 0.0109 103 290 190 332
D40 0.0109 591 421 704 494
D40 0.0108 85 448 182 505
D40 0.0108 426 272 548 332
D40 0.0108 522 360 642 425
D40 0.0108 93 271 195 382
D40 0.0108 490 294 618 355
D40 0.0108 553 365 646 463
D40 0.0107 568 399 688 472
D40 0.0107 588 362 651 392
D40 0.0106 686 443 717 511
D40 0.0106 577 314 698 379
D40 0.0105 211 372 306 454
D40 0.0104 551 337 608 369
D40 0.0104 86 341 165 447
D40 0.0104 28 239 116 334
D40 0.0103 491 229 652 299
D40 0.0103 597 339 706 401
D40 0.0103 1 275 46 317
D40 0.0102 678 259 720 357
D40 0.0102 90 387 196 437
D40 0.0102 413 256 656 446
D40 0.0102 542 249 637 301
D40 0.0101 441 294 572 353
D40 0.0101 426 319 638 425
D40 0.0100 33 301 131 343
D40 0.0100 109 256 214 299
D40 0.0100 549 259 608 292
