D00 0.0289 478 641 547 716
D00 0.0286 396 563 469 638
D00 0.0244 384 562 495 672
D00 0.0241 111 629 186 707
D00 0.0239 496 649 529 710
D00 0.0238 78 610 208 711
D00 0.0237 443 610 571 711
D00 0.0226 445 642 614 719
D00 0.0222 487 623 561 700
D00 0.0216 389 572 541 704
D00 0.0199 132 620 188 676
D00 0.0197 375 555 450 627
D00 0.0196 78 644 255 720
D00 0.0194 409 578 458 627
D00 0.0188 290 510 347 539
D00 0.0180 97 613 184 682
D00 0.0179 48 651 196 714
D00 0.0173 322 549 509 650
D00 0.0172 421 652 556 715
D00 0.0172 420 589 468 635
D00 0.0168 397 567 447 616
D00 0.0166 416 576 487 644
D00 0.0165 400 585 520 651
D00 0.0165 299 519 358 548
D00 0.0163 486 663 540 696
D00 0.0162 503 642 538 701
D00 0.0161 363 582 478 649
D00 0.0160 120 632 180 663
D00 0.0159 359 535 473 633
D00 0.0159 0 631 58 720
D00 0.0159 448 633 536 706
D00 0.0159 366 547 476 717
D00 0.0158 491 653 574 720
D00 0.0158 411 596 508 684
D00 0.0156 483 673 543 720
D00 0.0155 121 653 204 720
D00 0.0154 404 580 473 693
D00 0.0152 145 628 178 687
D00 0.0152 121 610 253 711
D00 0.0151 349 559 593 681
D00 0.0143 463 649 541 692
D00 0.0140 481 623 527 698
D00 0.0139 492 638 535 684
D00 0.0137 43 619 163 705
D00 0.0135 270 515 348 551
D00 0.0135 493 653 550 686
D00 0.0135 98 646 178 690
D00 0.0134 331 544 456 609
D00 0.0132 110 591 189 665
D00 0.0131 338 580 461 694
D00 0.0130 107 642 175 673
D00 0.0130 260 531 505 703
D00 0.0129 491 688 556 718
D00 0.0129 270 653 346 720
D00 0.0129 142 619 200 715
D00 0.0128 519 648 712 720
D00 0.0127 20 638 132 719
D00 0.0126 243 609 364 713
D00 0.0126 300 530 360 559
D00 0.0126 499 685 593 720
D00 0.0126 120 630 223 686
D00 0.0125 146 610 179 667
D00 0.0125 134 638 170 700
D00 0.0125 653 637 720 720
D00 0.0124 379 628 509 720
D00 0.0123 381 580 446 640
D00 0.0122 467 595 542 698
D00 0.0120 258 507 340 541
D00 0.0119 437 577 567 678
D00 0.0118 387 559 435 604
D00 0.0118 137 656 291 714
D00 0.0118 5 593 100 718
D00 0.0117 86 677 197 720
D00 0.0116 361 561 432 670
D00 0.0115 624 678 720 720
D00 0.0113 130 685 219 720
D00 0.0113 384 526 529 645
D00 0.0113 421 678 538 720
D00 0.0112 0 662 90 720
D00 0.0112 291 518 350 568
D00 0.0110 139 632 201 662
D00 0.0110 659 689 719 719
D00 0.0110 585 602 720 720
D00 0.0108 394 596 456 629
D00 0.0108 104 573 225 678
D00 0.0107 284 607 413 712
D00 0.0107 265 677 376 720
D00 0.0107 280 500 337 527
D00 0.0107 362 606 482 671
D00 0.0106 193 634 330 720
D00 0.0106 431 600 477 643
D00 0.0106 459 660 527 717
D00 0.0103 143 594 199 679
D00 0.0103 0 684 69 720
D00 0.0102 500 612 545 691
D00 0.0102 396 546 516 609
D00 0.0102 0 599 55 693
D00 0.0101 78 590 181 641
D00 0.0101 413 566 541 630
D00 0.0101 279 656 420 715
D00 0.0101 308 563 442 626
D00 0.0100 330 631 462 720
D00 0.0100 284 503 374 548
D10 0.0135 469 603 583 651
D10 0.0120 106 574 195 604
D10 0.0114 489 611 559 637
D10 0.0111 128 566 200 592
D10 0.0110 499 608 592 643
D10 0.0109 494 613 640 675
D10 0.0108 76 638 172 679
D10 0.0105 457 607 548 642
D10 0.0104 228 568 345 613
D10 0.0102 2 637 80 679
D10 0.0102 95 579 166 602
D20 0.0497 0 612 213 713
D20 0.0392 0 583 331 720
D20 0.0375 47 552 589 720
D20 0.0297 423 615 637 712
D20 0.0283 113 497 671 682
D20 0.0267 124 511 359 593
D20 0.0255 355 590 678 720
D20 0.0237 0 580 208 677
D20 0.0236 141 590 433 712
D20 0.0221 54 634 281 720
D20 0.0213 247 589 516 713
D20 0.0206 364 631 574 720
D20 0.0206 471 638 713 720
D20 0.0206 30 556 291 682
D20 0.0205 390 591 585 697
D20 0.0197 165 528 386 616
D20 0.0190 0 487 408 694
D20 0.0183 141 523 287 582
D20 0.0176 142 637 373 720
D20 0.0175 271 548 479 646
D20 0.0169 124 536 309 603
D20 0.0168 0 590 126 701
D20 0.0167 8 652 161 715
D20 0.0164 0 0 489 353
D20 0.0161 201 0 720 353
D20 0.0154 0 374 489 720
D20 0.0153 240 636 468 720
D20 0.0153 170 497 348 564
D20 0.0151 200 374 720 720
D20 0.0151 124 549 355 640
D20 0.0150 270 548 580 693
D20 0.0149 109 531 375 701
D20 0.0149 3 510 70 541
D20 0.0148 0 142 348 720
D20 0.0145 375 142 720 720
D20 0.0144 96 514 253 587
D20 0.0142 215 516 383 587
D20 0.0142 0 497 219 720
D20 0.0142 51 609 192 679
D20 0.0135 222 568 449 675
D20 0.0134 477 608 656 684
D20 0.0134 0 0 720 521
D20 0.0132 104 581 271 709
D20 0.0132 226 597 384 720
D20 0.0130 501 496 720 720
D20 0.0129 0 0 177 272
D20 0.0128 127 531 231 582
D20 0.0125 547 0 720 272
D20 0.0125 241 535 413 609
D20 0.0125 0 174 720 720
D20 0.0123 492 631 643 701
D20 0.0122 207 543 352 600
D20 0.0120 202 554 362 689
D20 0.0119 158 527 238 566
D20 0.0117 96 489 307 576
D20 0.0117 154 478 458 720
D20 0.0116 0 555 192 645
D20 0.0116 383 554 576 654
D20 0.0114 31 592 178 651
D20 0.0114 105 543 236 597
D20 0.0113 110 535 271 658
D20 0.0111 146 503 285 561
D20 0.0109 462 0 720 174
D20 0.0109 684 351 720 392
D20 0.0108 468 664 632 720
D20 0.0106 0 503 97 545
D20 0.0105 438 586 605 662
D20 0.0104 15 0 272 446
D20 0.0104 425 561 676 680
D20 0.0102 218 556 390 631
D20 0.0102 248 511 352 554
D20 0.0102 0 615 80 708
D20 0.0101 349 471 637 720
D40 0.0200 0 519 56 547
D40 0.0139 0 641 105 699
D40 0.0133 396 593 485 649
D40 0.0129 0 504 38 546
D40 0.0127 0 510 87 551
D40 0.0124 0 528 55 557
D40 0.0124 174 531 240 561
D40 0.0122 161 524 274 570
D40 0.0111 424 607 481 638
D40 0.0108 217 569 338 612
D40 0.0102 164 541 228 572
D40 0.0102 493 621 601 676
D40 0.0102 246 643 343 699
