D00 0.0745 341 509 439 642
D00 0.0528 349 537 403 641
D00 0.0482 360 520 417 617
D00 0.0465 295 518 417 639
D00 0.0456 286 513 470 685
D00 0.0432 379 491 443 623
D00 0.0423 316 545 426 670
D00 0.0389 351 468 486 617
D00 0.0361 322 536 423 614
D00 0.0342 435 467 476 511
D00 0.0339 345 564 386 648
D00 0.0322 379 510 421 591
D00 0.0317 323 479 431 607
D00 0.0307 497 478 529 530
D00 0.0304 324 513 520 640
D00 0.0297 359 555 394 626
D00 0.0291 350 547 471 668
D00 0.0279 623 541 707 681
D00 0.0269 369 545 405 614
D00 0.0257 318 551 394 634
D00 0.0235 398 490 469 619
D00 0.0234 248 538 412 681
D00 0.0233 357 536 467 612
D00 0.0230 387 523 426 570
D00 0.0225 9 329 108 512
D00 0.0225 72 629 119 720
D00 0.0223 423 458 488 521
D00 0.0223 506 465 536 524
D00 0.0221 373 473 426 578
D00 0.0219 652 572 715 693
D00 0.0212 386 532 428 619
D00 0.0210 466 487 547 647
D00 0.0209 442 461 485 502
D00 0.0208 489 462 538 540
D00 0.0206 369 533 414 583
D00 0.0204 335 581 447 650
D00 0.0203 384 512 480 657
D00 0.0201 360 515 469 585
D00 0.0198 665 550 715 657
D00 0.0193 24 377 90 503
D00 0.0193 10 399 109 585
D00 0.0192 400 460 519 643
D00 0.0191 515 475 546 530
D00 0.0189 416 465 474 498
D00 0.0188 375 552 417 604
D00 0.0188 180 522 345 680
D00 0.0187 264 541 403 611
D00 0.0186 368 542 425 647
D00 0.0185 595 502 718 661
D00 0.0179 611 596 717 707
D00 0.0179 214 492 401 629
D00 0.0176 572 0 662 165
D00 0.0175 292 579 410 650
D00 0.0175 230 450 526 684
D00 0.0174 345 491 448 563
D00 0.0172 389 467 481 554
D00 0.0172 375 466 486 515
D00 0.0172 375 529 421 561
D00 0.0171 420 532 546 650
D00 0.0170 6 398 71 518
D00 0.0169 343 554 408 603
D00 0.0169 559 0 720 324
D00 0.0168 213 590 389 715
D00 0.0168 430 468 463 526
D00 0.0168 363 465 434 536
D00 0.0167 447 468 480 527
D00 0.0166 337 569 406 689
D00 0.0162 6 444 134 677
D00 0.0160 424 489 496 617
D00 0.0160 366 483 519 574
D00 0.0159 0 308 178 533
D00 0.0158 452 507 519 637
D00 0.0157 495 477 544 579
D00 0.0157 495 507 558 636
D00 0.0156 451 467 532 534
D00 0.0154 392 470 444 575
D00 0.0154 192 578 325 698
D00 0.0154 291 538 370 653
D00 0.0153 445 464 507 518
D00 0.0153 37 494 178 705
D00 0.0151 600 569 693 664
D00 0.0150 401 474 467 505
D00 0.0148 396 507 437 584
D00 0.0148 439 457 491 556
D00 0.0148 216 465 292 489
D00 0.0146 530 472 559 530
D00 0.0145 331 565 398 613
D00 0.0145 540 502 684 688
D00 0.0144 375 469 423 510
D00 0.0144 383 491 432 560
D00 0.0144 368 559 499 634
D00 0.0143 174 517 299 636
D00 0.0142 492 474 604 657
D00 0.0142 82 647 111 718
D00 0.0142 288 584 452 715
D00 0.0142 450 475 519 588
D00 0.0140 360 457 463 505
D00 0.0139 440 476 471 542
D00 0.0139 200 551 379 642
D00 0.0138 336 575 380 627
D00 0.0137 484 483 526 554
D00 0.0137 608 521 678 640
D00 0.0135 569 428 720 688
D00 0.0135 486 465 521 522
D00 0.0134 349 555 441 624
D00 0.0133 476 489 527 594
D00 0.0131 368 464 430 494
D00 0.0131 280 556 378 699
D00 0.0130 340 588 372 651
D00 0.0130 332 470 420 556
D00 0.0130 588 0 647 122
D00 0.0130 496 452 527 510
D00 0.0129 437 482 496 514
D00 0.0129 503 467 553 547
D00 0.0129 324 568 369 649
D00 0.0128 10 421 51 510
D00 0.0127 118 511 280 702
D00 0.0127 496 499 528 562
D00 0.0126 435 452 477 489
D00 0.0126 351 571 399 606
D00 0.0125 543 470 571 531
D00 0.0124 418 482 474 512
D00 0.0124 466 557 591 660
D00 0.0123 631 497 696 622
D00 0.0123 644 526 718 626
D00 0.0123 560 462 599 539
D00 0.0123 279 469 470 574
D00 0.0123 393 535 447 640
D00 0.0122 342 459 421 522
D00 0.0122 353 550 406 585
D00 0.0122 354 585 394 637
D00 0.0121 554 470 584 532
D00 0.0121 608 0 713 188
D00 0.0120 335 518 427 582
D00 0.0120 13 465 99 633
D00 0.0120 334 594 496 677
D00 0.0119 91 658 120 720
D00 0.0118 372 542 438 591
D00 0.0118 413 688 474 717
D00 0.0118 516 510 581 634
D00 0.0117 437 454 499 481
D00 0.0117 0 628 45 720
D00 0.0117 408 455 463 542
D00 0.0117 608 0 657 102
D00 0.0116 59 342 134 383
D00 0.0116 255 508 357 649
D00 0.0115 469 480 516 523
D00 0.0115 544 443 593 536
D00 0.0115 577 504 665 649
D00 0.0113 366 478 414 520
D00 0.0113 385 465 456 495
D00 0.0113 232 633 370 720
D00 0.0113 496 475 542 508
D00 0.0112 575 482 606 542
D00 0.0112 357 575 413 644
D00 0.0111 430 478 483 580
D00 0.0111 632 592 706 672
D00 0.0111 43 429 145 614
D00 0.0111 76 538 229 720
D00 0.0111 372 434 556 671
D00 0.0111 5 436 71 561
D00 0.0110 529 496 615 644
D00 0.0110 377 572 448 685
D00 0.0110 166 542 266 694
D00 0.0110 409 568 509 656
D00 0.0109 460 470 492 528
D00 0.0108 367 453 430 479
D00 0.0108 366 514 428 558
D00 0.0108 531 0 688 225
D00 0.0107 382 481 416 545
D00 0.0107 484 463 565 602
D00 0.0107 360 529 399 594
D00 0.0106 385 477 430 520
D00 0.0106 239 489 416 576
D00 0.0106 185 509 285 593
D00 0.0106 311 606 430 671
D00 0.0106 518 455 566 542
D00 0.0105 389 529 445 561
D00 0.0105 222 554 293 683
D00 0.0105 88 632 144 720
D00 0.0104 662 617 716 720
D00 0.0104 238 455 309 480
D00 0.0104 0 605 111 715
D00 0.0104 438 585 574 649
D00 0.0104 474 553 538 661
D00 0.0104 28 597 179 720
D00 0.0103 641 543 697 647
D00 0.0103 220 663 325 719
D00 0.0103 418 464 452 515
D00 0.0103 681 580 720 665
D00 0.0103 172 479 420 720
D00 0.0103 251 465 320 490
D00 0.0102 207 474 280 498
D00 0.0101 474 475 527 507
D00 0.0101 507 488 557 595
D00 0.0101 485 513 536 619
D00 0.0100 0 433 37 516
D00 0.0100 611 538 705 607
D00 0.0100 515 472 581 587
D10 0.0317 123 624 311 704
D10 0.0235 88 646 277 716
D10 0.0187 294 555 402 611
D10 0.0184 573 572 656 607
D10 0.0169 178 645 299 698
D10 0.0166 105 657 228 707
D10 0.0159 326 564 390 594
D10 0.0148 583 566 644 595
D10 0.0138 602 575 664 603
D10 0.0136 129 645 251 698
D10 0.0128 313 574 379 604
D10 0.0127 581 565 683 618
D10 0.0124 552 557 662 605
D10 0.0119 170 607 305 680
D10 0.0117 531 565 669 631
D10 0.0116 317 548 402 592
D10 0.0112 302 566 372 595
D10 0.0109 88 667 199 716
D10 0.0108 220 651 307 690
D10 0.0104 604 565 661 595
D10 0.0102 561 576 626 604
D10 0.0101 208 631 321 687
D10 0.0100 213 607 350 677
D20 0.0882 34 493 608 688
D20 0.0722 253 507 703 682
D20 0.0665 112 522 457 697
D20 0.0508 244 532 501 679
D20 0.0490 322 536 611 672
D20 0.0395 296 497 547 650
D20 0.0379 66 585 369 707
D20 0.0351 368 499 645 642
D20 0.0333 202 540 423 658
D20 0.0314 17 484 349 714
D20 0.0272 466 540 704 675
D20 0.0272 281 580 557 694
D20 0.0251 363 476 563 590
D20 0.0242 313 445 707 638
D20 0.0239 44 393 595 619
D20 0.0236 190 503 427 615
D20 0.0236 409 583 690 697
D20 0.0235 398 516 564 658
D20 0.0230 402 471 557 547
D20 0.0221 194 579 412 696
D20 0.0213 432 472 574 631
D20 0.0212 352 546 518 645
D20 0.0205 156 488 365 582
D20 0.0200 119 504 318 603
D20 0.0199 139 498 360 665
D20 0.0199 157 540 319 697
D20 0.0198 52 518 260 697
D20 0.0198 0 198 669 710
D20 0.0193 109 628 389 720
D20 0.0185 435 475 543 529
D20 0.0185 0 0 489 353
D20 0.0182 540 579 720 687
D20 0.0181 201 0 720 353
D20 0.0176 21 18 720 530
D20 0.0172 200 374 720 720
D20 0.0172 465 475 578 537
D20 0.0171 4 402 222 720
D20 0.0170 0 142 348 720
D20 0.0169 0 327 152 605
D20 0.0169 19 559 210 718
D20 0.0167 166 605 485 720
D20 0.0165 375 142 720 720
D20 0.0164 135 495 300 568
D20 0.0164 13 445 405 632
D20 0.0161 517 482 696 655
D20 0.0157 487 575 678 656
D20 0.0149 22 472 198 659
D20 0.0149 395 461 524 517
D20 0.0148 190 473 423 560
D20 0.0145 420 552 593 642
D20 0.0143 538 553 698 643
D20 0.0141 541 440 720 720
D20 0.0140 463 480 546 571
D20 0.0137 172 476 341 542
D20 0.0135 0 511 156 695
D20 0.0132 488 536 614 648
D20 0.0130 0 0 175 278
D20 0.0129 449 475 641 585
D20 0.0128 545 0 720 277
D20 0.0120 0 630 256 720
D20 0.0119 584 605 702 671
D20 0.0119 304 607 636 720
D20 0.0118 631 0 720 140
D20 0.0117 346 461 579 713
D20 0.0116 125 582 271 698
D20 0.0114 0 354 93 579
D20 0.0112 436 455 531 505
D20 0.0112 578 631 720 720
D20 0.0110 330 456 523 541
D20 0.0110 56 469 341 576
D20 0.0110 152 518 285 581
D20 0.0108 425 628 687 720
D20 0.0107 0 435 260 595
D20 0.0106 388 584 528 649
D20 0.0106 478 471 540 514
D20 0.0105 145 481 285 532
D20 0.0104 612 514 720 691
D20 0.0103 632 574 720 720
D20 0.0102 462 586 599 649
D20 0.0101 13 8 275 458
D20 0.0100 0 0 86 133
D20 0.0100 437 433 682 701
D40 0.0637 494 488 534 532
D40 0.0497 471 442 527 468
D40 0.0352 662 689 713 720
D40 0.0346 100 611 330 709
D40 0.0335 483 476 543 539
D40 0.0324 143 646 327 715
D40 0.0295 21 429 99 525
D40 0.0254 458 452 521 476
D40 0.0250 634 681 718 720
D40 0.0242 4 396 119 546
D40 0.0234 481 450 533 474
D40 0.0231 501 494 555 527
D40 0.0227 31 431 82 499
D40 0.0224 187 623 369 704
D40 0.0223 495 504 544 535
D40 0.0212 36 449 149 511
D40 0.0210 477 486 531 520
D40 0.0205 445 436 532 473
D40 0.0201 99 656 258 711
D40 0.0190 160 621 272 701
D40 0.0190 624 613 709 700
D40 0.0188 204 657 352 712
D40 0.0188 170 654 288 707
D40 0.0181 190 510 292 559
D40 0.0180 489 442 545 466
D40 0.0176 16 425 184 526
D40 0.0171 32 464 100 510
D40 0.0169 4 410 80 509
D40 0.0167 20 388 96 493
D40 0.0165 484 497 526 540
D40 0.0164 38 459 91 495
D40 0.0162 34 452 115 545
D40 0.0161 656 678 707 713
D40 0.0155 54 637 277 720
D40 0.0154 33 448 80 483
D40 0.0153 211 637 433 720
D40 0.0153 208 520 274 549
D40 0.0152 568 600 720 707
D40 0.0151 473 432 528 460
D40 0.0148 609 653 717 715
D40 0.0146 457 492 546 546
D40 0.0144 205 458 307 495
D40 0.0142 39 470 149 530
D40 0.0139 20 442 71 509
D40 0.0138 208 530 272 558
D40 0.0136 432 448 533 490
D40 0.0133 36 443 103 489
D40 0.0133 171 519 274 573
D40 0.0131 207 660 295 700
D40 0.0130 51 472 109 506
D40 0.0129 673 668 708 719
D40 0.0127 75 485 129 514
D40 0.0126 16 356 137 512
D40 0.0125 487 475 533 508
D40 0.0122 143 474 208 500
D40 0.0121 52 469 227 533
D40 0.0120 366 442 429 466
D40 0.0119 663 649 716 720
D40 0.0119 44 483 103 513
D40 0.0118 463 495 526 526
D40 0.0117 326 682 424 720
D40 0.0117 286 621 452 703
D40 0.0117 55 478 124 518
D40 0.0117 144 675 286 720
D40 0.0116 73 473 127 507
D40 0.0115 227 455 302 480
D40 0.0114 115 622 226 702
D40 0.0113 255 633 395 696
D40 0.0112 222 645 330 698
D40 0.0110 186 593 287 689
D40 0.0109 54 424 130 526
D40 0.0109 166 498 275 551
D40 0.0109 275 658 419 713
D40 0.0109 639 614 701 673
D40 0.0108 457 440 503 471
D40 0.0108 96 486 160 513
D40 0.0106 492 434 527 473
D40 0.0106 59 457 211 507
D40 0.0106 465 442 544 485
D40 0.0106 355 445 443 489
D40 0.0105 306 649 475 719
D40 0.0105 112 467 218 506
D40 0.0105 486 491 579 546
D40 0.0104 14 453 226 574
D40 0.0103 2 452 81 549
D40 0.0102 95 479 135 518
D40 0.0101 345 597 384 646
D40 0.0101 126 500 231 545
D40 0.0100 0 362 246 573
