D00 0.0596 3 474 139 710
D00 0.0532 0 411 215 720
D00 0.0448 170 407 306 555
D00 0.0394 5 487 99 658
D00 0.0360 62 439 316 694
D00 0.0359 7 551 95 718
D00 0.0357 200 421 271 545
D00 0.0346 91 439 123 494
D00 0.0332 161 416 269 628
D00 0.0321 202 422 313 621
D00 0.0321 603 545 718 720
D00 0.0320 97 515 202 711
D00 0.0317 203 422 381 702
D00 0.0312 329 506 377 604
D00 0.0299 306 448 554 683
D00 0.0299 42 500 237 702
D00 0.0296 118 470 215 676
D00 0.0294 1 456 84 532
D00 0.0292 207 418 282 494
D00 0.0284 265 449 407 685
D00 0.0281 224 428 279 528
D00 0.0280 510 431 701 698
D00 0.0265 339 533 368 599
D00 0.0265 386 450 645 681
D00 0.0264 4 388 136 602
D00 0.0263 160 398 281 503
D00 0.0262 36 430 239 623
D00 0.0259 213 422 335 544
D00 0.0255 155 462 338 669
D00 0.0249 181 435 249 566
D00 0.0249 428 472 581 621
D00 0.0248 136 551 199 686
D00 0.0244 4 594 67 717
D00 0.0240 353 431 501 643
D00 0.0240 318 524 368 622
D00 0.0234 180 408 301 471
D00 0.0232 308 508 387 672
D00 0.0232 62 445 177 659
D00 0.0230 81 428 128 518
D00 0.0228 114 570 222 702
D00 0.0227 402 477 540 705
D00 0.0227 119 402 370 607
D00 0.0227 151 417 235 580
D00 0.0224 608 486 717 666
D00 0.0223 0 479 61 576
D00 0.0221 219 433 380 584
D00 0.0220 323 415 428 600
D00 0.0219 224 409 284 461
D00 0.0218 181 427 264 507
D00 0.0217 203 457 268 592
D00 0.0217 665 630 720 720
D00 0.0216 212 406 470 596
D00 0.0216 211 453 298 553
D00 0.0216 484 485 641 703
D00 0.0215 626 558 699 686
D00 0.0214 293 495 401 614
D00 0.0214 119 529 180 667
D00 0.0213 313 479 452 704
D00 0.0212 101 442 131 508
D00 0.0207 17 554 180 714
D00 0.0206 439 454 573 564
D00 0.0204 652 573 716 705
D00 0.0193 545 525 704 672
D00 0.0192 329 525 360 591
D00 0.0192 459 457 625 589
D00 0.0190 330 526 409 702
D00 0.0189 439 489 529 645
D00 0.0188 282 528 368 697
D00 0.0185 171 432 223 538
D00 0.0185 193 392 328 448
D00 0.0185 109 435 186 619
D00 0.0184 241 443 312 567
D00 0.0183 661 689 720 719
D00 0.0182 222 454 265 542
D00 0.0180 0 473 54 532
D00 0.0179 339 508 399 634
D00 0.0178 340 446 454 566
D00 0.0177 292 512 360 632
D00 0.0177 39 467 146 634
D00 0.0177 241 494 365 614
D00 0.0177 397 469 533 587
D00 0.0177 382 539 495 720
D00 0.0176 153 496 266 688
D00 0.0175 226 446 260 512
D00 0.0174 224 513 339 711
D00 0.0173 457 471 543 550
D00 0.0171 79 438 116 485
D00 0.0171 562 576 689 702
D00 0.0170 636 426 720 632
D00 0.0170 214 428 277 457
D00 0.0169 430 532 576 693
D00 0.0168 5 625 48 716
D00 0.0167 86 427 125 470
D00 0.0167 1 542 78 646
D00 0.0167 627 663 720 720
D00 0.0166 418 510 507 671
D00 0.0164 141 387 296 458
D00 0.0163 154 530 219 666
D00 0.0162 195 488 278 654
D00 0.0162 208 374 271 398
D00 0.0160 235 417 271 470
D00 0.0160 296 450 410 570
D00 0.0159 215 391 275 476
D00 0.0158 439 553 522 711
D00 0.0158 617 611 710 711
D00 0.0158 684 651 720 720
D00 0.0157 140 479 197 630
D00 0.0157 0 569 52 681
D00 0.0157 336 525 390 591
D00 0.0156 175 537 293 720
D00 0.0156 141 571 185 651
D00 0.0156 116 593 182 712
D00 0.0155 229 409 369 511
D00 0.0155 231 425 291 482
D00 0.0154 77 424 164 573
D00 0.0154 666 403 716 503
D00 0.0154 20 412 123 544
D00 0.0154 558 428 720 617
D00 0.0153 87 440 137 473
D00 0.0153 360 437 436 506
D00 0.0153 335 491 451 612
D00 0.0152 16 314 196 589
D00 0.0152 94 438 141 545
D00 0.0152 335 540 371 630
D00 0.0152 111 407 233 524
D00 0.0151 349 508 432 677
D00 0.0151 630 517 699 642
D00 0.0151 0 612 131 715
D00 0.0150 562 640 720 720
D00 0.0150 194 447 289 511
D00 0.0150 372 388 561 624
D00 0.0147 356 601 475 714
D00 0.0147 477 440 618 542
D00 0.0147 390 640 468 720
D00 0.0147 135 408 263 471
D00 0.0146 222 432 267 476
D00 0.0146 404 581 553 720
D00 0.0146 225 485 290 615
D00 0.0145 92 552 163 685
D00 0.0145 159 479 220 627
D00 0.0145 227 534 279 642
D00 0.0144 204 508 321 638
D00 0.0144 332 429 414 492
D00 0.0144 192 414 277 456
D00 0.0143 235 436 269 499
D00 0.0142 208 364 269 391
D00 0.0142 181 480 244 623
D00 0.0141 164 417 240 495
D00 0.0141 441 513 656 630
D00 0.0141 30 529 110 666
D00 0.0141 0 517 81 602
D00 0.0141 154 582 194 661
D00 0.0140 467 487 541 607
D00 0.0140 348 534 378 598
D00 0.0139 0 648 75 720
D00 0.0138 262 427 393 539
D00 0.0137 74 555 268 685
D00 0.0137 139 434 201 569
D00 0.0137 665 525 714 629
D00 0.0137 200 550 319 684
D00 0.0136 587 549 720 644
D00 0.0136 302 536 362 599
D00 0.0136 458 381 660 629
D00 0.0136 506 439 677 571
D00 0.0135 535 454 657 644
D00 0.0133 330 485 412 577
D00 0.0133 314 365 392 428
D00 0.0133 323 362 381 389
D00 0.0132 322 372 382 399
D00 0.0132 265 513 340 632
D00 0.0132 591 378 720 720
D00 0.0131 358 470 424 591
D00 0.0131 265 473 337 593
D00 0.0130 145 599 200 706
D00 0.0130 317 409 408 476
D00 0.0130 501 602 718 717
D00 0.0129 334 644 497 719
D00 0.0129 334 521 372 570
D00 0.0129 478 485 566 558
D00 0.0129 503 489 636 607
D00 0.0128 321 385 385 414
D00 0.0128 99 420 131 477
D00 0.0127 232 457 290 523
D00 0.0127 313 602 433 714
D00 0.0127 64 440 122 549
D00 0.0126 394 491 487 647
D00 0.0126 217 438 310 496
D00 0.0125 469 526 535 654
D00 0.0125 73 415 133 485
D00 0.0124 427 573 494 701
D00 0.0124 282 487 371 577
D00 0.0123 265 517 383 587
D00 0.0123 210 409 257 481
D00 0.0123 70 602 226 720
D00 0.0123 608 394 718 563
D00 0.0123 161 580 257 717
D00 0.0122 88 413 154 524
D00 0.0121 679 594 720 704
D00 0.0121 318 571 380 703
D00 0.0121 301 387 416 533
D00 0.0121 130 589 175 679
D00 0.0121 573 501 671 652
D00 0.0120 178 384 251 477
D00 0.0120 657 462 715 598
D00 0.0120 106 433 145 517
D00 0.0120 44 450 97 529
D00 0.0120 10 469 68 516
D00 0.0120 91 482 158 623
D00 0.0119 175 552 244 684
D00 0.0119 179 369 260 402
D00 0.0119 438 482 522 563
D00 0.0119 139 444 256 519
D00 0.0119 267 548 338 681
D00 0.0119 194 376 271 452
D00 0.0119 440 458 524 527
D00 0.0119 325 500 365 579
D00 0.0119 455 454 597 520
D00 0.0118 384 436 489 573
D00 0.0118 160 456 211 560
D00 0.0118 357 528 477 662
D00 0.0118 323 553 362 601
D00 0.0118 358 644 443 715
D00 0.0117 131 548 172 644
D00 0.0117 192 444 271 488
D00 0.0117 84 393 204 500
D00 0.0117 149 377 342 512
D00 0.0117 238 398 312 492
D00 0.0116 454 287 504 349
D00 0.0116 597 584 674 657
D00 0.0116 664 560 717 659
D00 0.0116 478 510 568 663
D00 0.0115 92 603 202 678
D00 0.0115 449 585 611 720
D00 0.0115 425 488 500 611
D00 0.0115 245 529 316 656
D00 0.0115 121 570 164 656
D00 0.0115 582 561 659 680
D00 0.0115 196 444 244 529
D00 0.0114 0 502 41 585
D00 0.0114 676 675 720 712
D00 0.0114 230 374 293 399
D00 0.0114 360 574 425 703
D00 0.0114 317 555 367 661
D00 0.0113 1 334 48 442
D00 0.0113 397 625 516 720
D00 0.0113 114 420 178 543
D00 0.0113 264 601 389 714
D00 0.0112 181 443 212 511
D00 0.0112 405 551 473 684
D00 0.0112 382 575 449 703
D00 0.0111 166 424 208 508
D00 0.0111 251 461 348 551
D00 0.0111 136 359 255 508
D00 0.0111 215 580 303 719
D00 0.0111 21 568 81 679
D00 0.0110 310 546 354 627
D00 0.0110 56 443 111 511
D00 0.0110 687 412 716 475
D00 0.0110 122 401 217 485
D00 0.0109 25 379 163 519
D00 0.0109 236 397 270 454
D00 0.0109 513 558 647 677
D00 0.0109 122 454 271 550
D00 0.0109 72 354 220 557
D00 0.0109 225 379 299 451
D00 0.0109 314 517 428 585
D00 0.0109 510 313 698 578
D00 0.0108 415 326 606 573
D00 0.0108 646 387 720 526
D00 0.0107 58 552 139 686
D00 0.0107 632 465 698 599
D00 0.0107 214 436 251 500
D00 0.0107 459 468 540 512
D00 0.0107 164 571 202 649
D00 0.0107 185 363 250 392
D00 0.0106 331 381 412 417
D00 0.0106 209 465 255 552
D00 0.0106 641 176 720 321
D00 0.0106 0 605 39 691
D00 0.0106 313 360 373 407
D00 0.0106 667 448 716 549
D00 0.0106 499 453 644 517
D00 0.0105 173 434 255 477
D00 0.0105 166 675 273 720
D00 0.0105 367 673 472 720
D00 0.0104 233 403 314 445
D00 0.0104 9 602 109 679
D00 0.0104 327 550 378 586
D00 0.0104 134 627 191 720
D00 0.0103 107 374 233 472
D00 0.0103 684 698 720 720
D00 0.0102 201 572 270 702
D00 0.0102 231 364 292 389
D00 0.0102 608 589 665 696
D00 0.0102 673 435 712 514
D00 0.0102 206 533 258 640
D00 0.0101 677 423 708 487
D00 0.0101 485 507 597 561
D00 0.0101 111 427 142 487
D00 0.0101 248 571 315 702
D00 0.0100 231 477 274 560
D00 0.0100 268 546 421 637
D00 0.0100 157 367 320 428
D10 0.0349 5 505 110 558
D10 0.0245 1 524 86 563
D10 0.0221 30 514 121 551
D10 0.0201 626 679 720 720
D10 0.0195 23 529 99 554
D10 0.0184 13 518 91 549
D10 0.0180 0 527 96 590
D10 0.0175 428 503 582 591
D10 0.0171 143 645 327 719
D10 0.0167 432 532 678 684
D10 0.0163 223 518 345 584
D10 0.0163 499 563 712 678
D10 0.0162 203 494 318 557
D10 0.0160 135 597 238 652
D10 0.0153 584 582 697 650
D10 0.0153 126 653 258 713
D10 0.0152 145 629 277 701
D10 0.0152 475 385 671 444
D10 0.0150 155 609 211 639
D10 0.0149 552 382 720 449
D10 0.0148 213 647 397 720
D10 0.0145 458 492 590 560
D10 0.0143 599 653 719 716
D10 0.0142 243 537 364 608
D10 0.0141 305 656 442 713
D10 0.0140 456 406 642 470
D10 0.0137 0 535 69 578
D10 0.0137 546 552 702 645
D10 0.0135 184 517 298 579
D10 0.0133 605 560 709 630
D10 0.0132 113 627 228 701
D10 0.0130 190 631 324 701
D10 0.0129 143 488 349 616
D10 0.0128 204 539 325 607
D10 0.0128 529 405 712 475
D10 0.0127 163 492 272 554
D10 0.0126 477 517 612 578
D10 0.0126 555 607 659 662
D10 0.0126 401 515 529 581
D10 0.0123 239 497 364 561
D10 0.0122 118 590 265 690
D10 0.0122 446 524 605 616
D10 0.0122 614 399 720 446
D10 0.0122 223 559 345 627
D10 0.0120 664 675 718 713
D10 0.0118 84 652 212 713
D10 0.0118 217 471 337 538
D10 0.0118 215 526 296 566
D10 0.0117 355 662 463 716
D10 0.0117 265 558 380 625
D10 0.0117 24 516 99 569
D10 0.0116 279 556 361 601
D10 0.0116 334 631 457 702
D10 0.0115 603 601 707 679
D10 0.0114 235 536 322 578
D10 0.0113 650 693 720 720
D10 0.0113 636 578 710 624
D10 0.0112 238 631 369 702
D10 0.0112 582 624 701 705
D10 0.0111 269 568 353 612
D10 0.0111 134 569 290 665
D10 0.0110 265 621 438 709
D10 0.0109 577 359 720 429
D10 0.0108 427 536 541 606
D10 0.0107 161 604 251 643
D10 0.0106 256 545 343 589
D10 0.0105 244 582 362 647
D10 0.0105 52 516 170 577
D10 0.0104 623 591 720 657
D10 0.0104 511 529 684 620
D10 0.0104 169 605 297 676
D10 0.0104 377 629 494 702
D10 0.0101 257 579 342 622
D10 0.0101 38 496 159 550
D10 0.0101 140 468 252 537
D10 0.0100 467 574 645 658
D10 0.0100 453 434 600 492
D10 0.0100 198 583 321 647
D20 0.0912 29 466 604 703
D20 0.0703 0 437 118 606
D20 0.0597 0 441 347 699
D20 0.0580 213 401 690 644
D20 0.0448 131 426 446 705
D20 0.0444 313 462 720 705
D20 0.0383 0 430 171 545
D20 0.0364 144 407 553 591
D20 0.0363 0 402 400 606
D20 0.0347 189 399 425 484
D20 0.0345 0 466 84 540
D20 0.0345 1 512 225 720
D20 0.0342 0 415 179 650
D20 0.0327 43 320 709 720
D20 0.0324 35 443 125 494
D20 0.0319 149 422 331 547
D20 0.0308 375 456 590 564
D20 0.0304 27 556 365 718
D20 0.0282 223 469 547 662
D20 0.0268 384 436 694 613
D20 0.0260 27 417 275 537
D20 0.0255 439 441 656 543
D20 0.0251 57 440 124 478
D20 0.0250 127 399 315 501
D20 0.0249 0 478 96 712
D20 0.0248 195 389 374 455
D20 0.0247 163 559 499 718
D20 0.0243 442 311 706 702
D20 0.0241 208 514 401 634
D20 0.0235 153 505 338 697
D20 0.0234 432 543 720 720
D20 0.0233 108 602 323 715
D20 0.0218 184 445 381 568
D20 0.0215 190 468 340 632
D20 0.0213 227 530 377 698
D20 0.0212 385 472 545 625
D20 0.0203 387 423 612 518
D20 0.0202 439 471 645 581
D20 0.0201 40 315 605 537
D20 0.0197 60 442 318 589
D20 0.0197 546 596 720 720
D20 0.0195 21 18 720 530
D20 0.0191 0 0 489 353
D20 0.0190 288 505 474 696
D20 0.0190 542 437 720 720
D20 0.0186 0 451 65 592
D20 0.0186 201 0 720 353
D20 0.0182 510 418 720 513
D20 0.0179 307 559 649 720
D20 0.0177 0 597 183 719
D20 0.0175 0 142 348 720
D20 0.0175 72 379 413 505
D20 0.0172 0 414 101 529
D20 0.0169 197 584 364 720
D20 0.0169 447 157 720 330
D20 0.0168 241 532 450 656
D20 0.0168 243 484 363 652
D20 0.0166 163 635 400 720
D20 0.0164 209 430 436 537
D20 0.0164 218 479 427 593
D20 0.0163 273 554 424 715
D20 0.0160 236 608 470 715
D20 0.0160 422 402 720 561
D20 0.0159 318 512 529 634
D20 0.0158 75 576 269 702
D20 0.0155 0 311 255 588
D20 0.0148 305 0 720 720
D20 0.0147 409 509 605 632
D20 0.0146 30 629 282 720
D20 0.0144 182 363 394 438
D20 0.0144 544 0 720 271
D20 0.0140 0 491 60 648
D20 0.0140 268 251 720 571
D20 0.0138 174 562 295 720
D20 0.0136 96 379 294 472
D20 0.0136 91 418 256 507
D20 0.0136 0 0 174 273
D20 0.0132 311 632 520 720
D20 0.0130 439 217 679 349
D20 0.0130 0 222 560 621
D20 0.0129 387 296 634 612
D20 0.0128 341 554 538 684
D20 0.0127 127 621 253 720
D20 0.0124 461 0 720 176
D20 0.0124 507 449 717 561
D20 0.0123 459 428 639 502
D20 0.0122 68 438 159 495
D20 0.0119 444 335 612 443
D20 0.0119 101 533 295 667
D20 0.0117 632 572 720 720
D20 0.0115 9 377 142 523
D20 0.0115 585 177 718 320
D20 0.0115 0 356 39 455
D20 0.0115 0 431 52 542
D20 0.0113 479 206 714 543
D20 0.0112 577 538 720 679
D20 0.0111 582 380 720 500
D20 0.0110 22 395 217 499
D20 0.0108 517 139 720 274
D20 0.0106 455 0 711 366
D20 0.0104 436 629 684 720
D20 0.0104 406 185 696 429
D20 0.0102 0 560 66 720
D20 0.0101 423 351 550 492
D20 0.0101 419 400 551 549
D20 0.0101 287 630 415 720
D20 0.0100 0 0 316 217
D20 0.0100 184 641 284 718
D40 0.1248 351 421 440 472
D40 0.1015 326 401 524 485
D40 0.0910 5 476 106 567
D40 0.0790 363 429 429 462
D40 0.0773 0 446 124 593
D40 0.0698 346 428 487 489
D40 0.0555 316 389 476 457
D40 0.0535 10 446 114 528
D40 0.0507 335 420 563 512
D40 0.0506 265 411 589 554
D40 0.0505 367 435 461 475
D40 0.0504 278 412 476 502
D40 0.0466 329 402 423 476
D40 0.0462 331 381 574 461
D40 0.0448 355 420 423 450
D40 0.0424 368 412 541 466
D40 0.0410 360 443 435 485
D40 0.0379 9 431 194 620
D40 0.0377 3 485 76 610
D40 0.0373 310 401 714 591
D40 0.0371 204 398 445 480
D40 0.0363 64 449 119 482
D40 0.0360 21 465 141 541
D40 0.0359 373 393 541 445
D40 0.0359 306 373 633 504
D40 0.0348 86 443 124 489
D40 0.0346 0 474 73 547
D40 0.0336 233 388 419 453
D40 0.0335 329 438 478 518
D40 0.0330 371 420 646 537
D40 0.0324 342 450 605 586
D40 0.0320 343 401 443 450
D40 0.0317 6 417 226 538
D40 0.0314 3 501 109 646
D40 0.0309 10 513 126 577
D40 0.0305 225 435 549 612
D40 0.0299 11 526 221 693
D40 0.0297 300 398 412 444
D40 0.0293 463 398 582 439
D40 0.0291 2 488 56 534
D40 0.0284 12 499 101 547
D40 0.0278 410 385 598 447
D40 0.0276 353 438 418 472
D40 0.0274 368 416 462 453
D40 0.0273 338 392 451 532
D40 0.0271 0 392 300 605
D40 0.0270 171 382 513 500
D40 0.0270 354 411 428 505
D40 0.0268 18 433 127 497
D40 0.0258 281 388 391 433
D40 0.0248 33 455 113 500
D40 0.0246 367 402 449 486
D40 0.0245 247 409 408 466
D40 0.0244 216 418 309 467
D40 0.0239 359 461 529 549
D40 0.0233 385 400 614 484
D40 0.0231 14 476 94 524
D40 0.0229 27 478 264 647
D40 0.0227 399 426 519 500
D40 0.0226 30 453 101 479
D40 0.0222 374 426 478 465
D40 0.0222 378 447 480 482
D40 0.0220 230 428 292 457
D40 0.0219 387 447 570 528
D40 0.0209 385 429 428 478
D40 0.0209 322 393 407 429
D40 0.0209 285 427 424 486
D40 0.0209 42 444 113 471
D40 0.0207 425 482 586 571
D40 0.0207 10 494 84 528
D40 0.0202 238 408 437 562
D40 0.0200 341 408 414 437
D40 0.0200 316 357 520 442
D40 0.0195 387 488 647 636
D40 0.0191 224 419 283 451
D40 0.0188 305 488 557 638
D40 0.0187 0 499 63 564
D40 0.0186 398 350 614 436
D40 0.0183 52 462 135 584
D40 0.0182 309 397 381 425
D40 0.0182 426 412 582 462
D40 0.0180 33 417 148 526
D40 0.0179 22 479 181 565
D40 0.0177 9 535 107 606
D40 0.0177 391 444 444 483
D40 0.0176 242 366 410 428
D40 0.0175 0 444 91 496
D40 0.0173 481 407 566 434
D40 0.0172 371 405 464 440
D40 0.0172 0 598 203 718
D40 0.0169 408 503 563 593
D40 0.0168 343 485 506 572
D40 0.0164 366 414 409 463
D40 0.0164 36 466 88 514
D40 0.0164 8 635 96 720
D40 0.0162 493 398 572 426
D40 0.0161 360 449 455 501
D40 0.0160 40 520 115 547
D40 0.0159 224 409 340 458
D40 0.0158 304 373 398 423
D40 0.0158 415 472 555 540
D40 0.0157 326 371 455 424
D40 0.0157 455 378 694 452
D40 0.0156 436 369 577 424
D40 0.0153 73 453 162 550
D40 0.0153 50 445 143 506
D40 0.0152 31 512 93 551
D40 0.0150 418 346 680 541
D40 0.0150 279 452 477 566
D40 0.0149 442 404 542 438
D40 0.0149 461 517 569 573
D40 0.0148 0 441 56 469
D40 0.0147 7 452 75 477
D40 0.0147 384 370 535 423
D40 0.0147 16 367 309 515
D40 0.0146 96 613 247 709
D40 0.0146 252 398 369 445
D40 0.0146 0 490 38 551
D40 0.0146 349 459 437 550
D40 0.0145 346 362 473 495
D40 0.0144 397 494 533 560
D40 0.0142 14 521 164 624
D40 0.0142 324 287 703 473
D40 0.0142 308 407 385 434
D40 0.0141 0 657 56 720
D40 0.0140 0 674 91 720
D40 0.0140 0 687 59 719
D40 0.0140 507 354 720 434
D40 0.0139 268 440 434 518
D40 0.0138 459 493 567 553
D40 0.0137 431 390 554 432
D40 0.0136 43 487 98 535
D40 0.0136 329 500 432 552
D40 0.0136 340 429 411 459
D40 0.0134 69 432 121 463
D40 0.0133 437 428 615 503
D40 0.0133 32 470 90 547
D40 0.0132 16 444 86 469
D40 0.0132 492 391 653 439
D40 0.0131 456 401 693 482
D40 0.0130 495 148 714 245
D40 0.0130 342 414 398 453
D40 0.0129 20 567 176 666
D40 0.0128 225 427 376 488
D40 0.0127 20 461 86 493
D40 0.0127 368 435 409 487
D40 0.0125 3 446 50 485
D40 0.0125 440 529 543 586
D40 0.0124 55 430 174 495
D40 0.0124 359 427 400 480
D40 0.0124 384 454 505 502
D40 0.0122 402 405 508 437
D40 0.0122 0 350 155 523
D40 0.0122 454 413 548 448
D40 0.0122 444 270 644 363
D40 0.0122 388 400 530 542
D40 0.0122 400 438 505 473
D40 0.0121 232 438 292 469
D40 0.0121 2 523 52 566
D40 0.0120 356 506 464 562
D40 0.0119 29 652 168 714
D40 0.0119 212 372 355 422
D40 0.0118 350 455 428 494
D40 0.0118 381 407 433 469
D40 0.0117 267 393 357 429
D40 0.0117 123 635 213 718
D40 0.0116 296 348 444 452
D40 0.0116 393 382 473 466
D40 0.0116 0 526 60 590
D40 0.0115 154 601 193 646
D40 0.0115 55 502 108 545
D40 0.0114 55 463 108 511
D40 0.0114 247 414 296 454
D40 0.0114 414 518 523 576
D40 0.0114 320 506 478 595
D40 0.0113 270 322 588 449
D40 0.0113 0 431 76 481
D40 0.0112 349 307 588 609
D40 0.0112 131 362 460 574
D40 0.0111 222 439 323 494
D40 0.0110 261 350 351 390
D40 0.0110 288 361 351 387
D40 0.0109 420 401 501 487
D40 0.0109 335 518 441 574
D40 0.0109 353 394 436 429
D40 0.0108 390 432 476 535
D40 0.0108 0 534 40 579
D40 0.0107 504 359 697 511
D40 0.0107 47 456 113 553
D40 0.0107 496 368 647 422
D40 0.0106 278 350 338 380
D40 0.0105 456 265 521 347
D40 0.0105 77 501 166 597
D40 0.0105 506 394 601 430
D40 0.0104 390 502 490 595
D40 0.0104 569 367 712 422
D40 0.0103 4 473 64 509
D40 0.0102 281 382 366 418
D40 0.0102 298 378 416 507
D40 0.0102 534 163 629 212
D40 0.0101 450 488 532 532
D40 0.0101 168 354 265 398
D40 0.0101 18 558 133 629
D40 0.0101 394 355 528 493
D40 0.0101 27 490 72 549
D40 0.0101 25 403 164 482
