D00 0.1154 311 589 363 697
D00 0.0948 168 523 264 720
D00 0.0933 385 518 537 674
D00 0.0792 183 567 243 708
D00 0.0769 351 539 644 687
D00 0.0733 309 550 362 664
D00 0.0701 432 551 566 676
D00 0.0690 181 513 314 694
D00 0.0671 467 561 629 702
D00 0.0625 332 605 369 697
D00 0.0585 511 599 639 708
D00 0.0550 203 546 265 692
D00 0.0547 143 591 245 717
D00 0.0532 206 468 325 650
D00 0.0509 352 497 516 634
D00 0.0499 334 590 390 704
D00 0.0481 224 517 359 690
D00 0.0463 43 585 318 708
D00 0.0463 539 627 615 711
D00 0.0462 320 505 463 694
D00 0.0462 406 590 478 674
D00 0.0458 180 614 230 720
D00 0.0450 252 462 316 538
D00 0.0445 416 520 488 597
D00 0.0437 411 545 514 648
D00 0.0411 325 617 357 690
D00 0.0411 437 538 515 618
D00 0.0410 437 615 616 698
D00 0.0407 455 551 534 628
D00 0.0398 517 639 680 715
D00 0.0397 489 529 700 695
D00 0.0394 214 537 270 639
D00 0.0394 229 516 284 621
D00 0.0389 411 551 466 659
D00 0.0386 418 528 565 627
D00 0.0384 267 463 313 505
D00 0.0384 391 510 472 580
D00 0.0380 480 589 581 684
D00 0.0379 415 579 541 660
D00 0.0378 228 470 302 555
D00 0.0374 242 456 356 626
D00 0.0374 370 539 473 683
D00 0.0363 290 585 354 674
D00 0.0360 243 470 314 511
D00 0.0355 519 615 596 699
D00 0.0351 242 489 421 705
D00 0.0347 346 614 422 695
D00 0.0346 207 566 251 657
D00 0.0345 391 525 495 625
D00 0.0341 481 570 555 657
D00 0.0338 420 524 468 570
D00 0.0337 300 607 348 691
D00 0.0320 179 545 259 649
D00 0.0316 221 531 297 668
D00 0.0312 395 513 542 603
D00 0.0312 264 453 330 515
D00 0.0308 106 475 342 699
D00 0.0307 386 582 569 698
D00 0.0303 495 535 598 680
D00 0.0299 558 639 638 717
D00 0.0296 9 607 239 720
D00 0.0296 196 598 238 697
D00 0.0291 7 641 160 720
D00 0.0286 430 513 476 583
D00 0.0285 155 485 301 636
D00 0.0285 418 605 508 678
D00 0.0277 377 592 457 678
D00 0.0271 263 555 351 648
D00 0.0270 370 492 455 558
D00 0.0268 164 625 260 704
D00 0.0266 335 475 387 572
D00 0.0263 516 574 623 671
D00 0.0262 268 463 324 573
D00 0.0260 491 651 623 709
D00 0.0259 311 504 363 608
D00 0.0259 151 571 354 705
D00 0.0256 555 605 707 712
D00 0.0254 481 541 555 624
D00 0.0250 500 562 545 645
D00 0.0248 328 559 370 652
D00 0.0247 242 501 286 591
D00 0.0246 137 650 244 715
D00 0.0245 408 513 459 559
D00 0.0245 295 496 345 599
D00 0.0238 511 582 557 667
D00 0.0236 107 553 272 700
D00 0.0236 12 510 266 713
D00 0.0235 272 566 359 706
D00 0.0235 157 543 234 674
D00 0.0233 216 490 291 577
D00 0.0233 258 472 297 532
D00 0.0231 425 535 502 578
D00 0.0227 550 669 625 714
D00 0.0226 245 566 325 691
D00 0.0226 350 534 433 670
D00 0.0225 417 591 452 661
D00 0.0225 420 536 470 621
D00 0.0224 464 579 529 642
D00 0.0223 479 552 647 646
D00 0.0222 409 636 495 677
D00 0.0221 115 623 230 708
D00 0.0220 384 504 461 545
D00 0.0220 434 517 519 585
D00 0.0218 540 567 685 686
D00 0.0217 557 688 620 716
D00 0.0217 554 655 604 704
D00 0.0215 45 652 202 714
D00 0.0214 280 454 365 586
D00 0.0214 439 525 488 570
D00 0.0212 191 623 224 697
D00 0.0212 329 512 404 595
D00 0.0211 208 584 304 689
D00 0.0209 320 481 368 583
D00 0.0205 462 567 514 615
D00 0.0204 251 488 297 575
D00 0.0204 344 621 384 698
D00 0.0203 224 562 274 675
D00 0.0203 85 579 222 712
D00 0.0201 184 424 396 720
D00 0.0201 516 603 576 671
D00 0.0201 458 525 537 603
D00 0.0199 531 618 631 684
D00 0.0197 198 550 245 636
D00 0.0197 238 545 271 614
D00 0.0194 373 503 458 616
D00 0.0193 399 582 459 652
D00 0.0193 423 519 482 552
D00 0.0189 414 495 491 568
D00 0.0186 188 464 309 577
D00 0.0186 279 475 314 546
D00 0.0186 420 505 465 547
D00 0.0186 486 578 534 625
D00 0.0185 283 459 326 538
D00 0.0184 203 587 237 663
D00 0.0184 429 543 478 590
D00 0.0184 580 654 719 714
D00 0.0183 224 565 257 636
D00 0.0183 664 630 719 720
D00 0.0183 396 646 481 685
D00 0.0180 335 551 392 656
D00 0.0178 531 644 603 695
D00 0.0177 306 622 405 691
D00 0.0177 446 572 510 670
D00 0.0176 418 641 532 685
D00 0.0175 195 515 273 608
D00 0.0175 330 457 414 580
D00 0.0175 636 685 720 720
D00 0.0175 119 621 309 720
D00 0.0172 10 661 109 720
D00 0.0170 345 578 405 681
D00 0.0170 417 456 686 720
D00 0.0170 170 667 224 720
D00 0.0169 341 493 373 557
D00 0.0169 568 619 654 701
D00 0.0169 453 554 503 606
D00 0.0167 245 489 283 556
D00 0.0165 322 450 373 549
D00 0.0164 410 640 601 711
D00 0.0164 34 550 190 718
D00 0.0164 301 475 337 573
D00 0.0163 506 589 540 658
D00 0.0162 312 489 348 579
D00 0.0162 371 561 456 648
D00 0.0161 241 552 281 640
D00 0.0161 322 634 387 707
D00 0.0160 548 636 588 701
D00 0.0160 455 605 541 677
D00 0.0160 237 465 304 497
D00 0.0159 339 643 367 703
D00 0.0159 419 615 468 685
D00 0.0159 473 539 607 607
D00 0.0159 446 536 484 604
D00 0.0158 218 584 257 680
D00 0.0158 462 503 580 658
D00 0.0158 504 564 581 648
D00 0.0158 172 652 292 712
D00 0.0157 236 563 267 634
D00 0.0157 275 451 320 493
D00 0.0156 0 641 69 720
D00 0.0156 602 535 718 711
D00 0.0155 441 629 512 679
D00 0.0155 268 486 304 557
D00 0.0154 426 572 461 637
D00 0.0154 346 601 380 675
D00 0.0154 395 499 456 525
D00 0.0154 352 501 401 579
D00 0.0153 428 653 500 681
D00 0.0152 570 660 608 714
D00 0.0151 146 576 246 653
D00 0.0151 254 496 321 595
D00 0.0151 572 544 702 654
D00 0.0151 489 588 534 670
D00 0.0150 331 526 372 609
D00 0.0150 473 555 524 606
D00 0.0148 442 530 511 561
D00 0.0148 566 683 657 719
D00 0.0148 71 615 180 713
D00 0.0147 479 571 519 630
D00 0.0146 279 569 330 657
D00 0.0146 418 558 452 627
D00 0.0146 386 640 469 706
D00 0.0145 0 590 120 720
D00 0.0144 529 683 612 718
D00 0.0144 368 593 413 684
D00 0.0144 236 555 317 641
D00 0.0143 315 631 351 694
D00 0.0143 538 675 603 708
D00 0.0143 183 656 241 717
D00 0.0143 448 544 524 591
D00 0.0143 212 597 244 673
D00 0.0142 492 613 555 675
D00 0.0142 403 548 449 637
D00 0.0141 574 466 719 678
D00 0.0140 146 558 253 626
D00 0.0139 493 550 530 615
D00 0.0139 274 591 335 686
D00 0.0138 503 624 569 685
D00 0.0138 558 602 647 674
D00 0.0137 294 486 324 560
D00 0.0137 535 607 602 672
D00 0.0137 5 681 83 720
D00 0.0136 325 538 402 623
D00 0.0135 349 566 497 720
D00 0.0135 534 632 583 683
D00 0.0135 291 449 344 548
D00 0.0134 215 452 347 534
D00 0.0134 684 353 719 442
D00 0.0133 402 475 458 564
D00 0.0132 443 521 513 550
D00 0.0132 500 531 544 613
D00 0.0131 171 531 249 614
D00 0.0130 670 689 720 718
D00 0.0130 547 592 613 690
D00 0.0130 418 630 485 665
D00 0.0128 563 645 614 695
D00 0.0127 434 550 495 581
D00 0.0127 197 644 232 712
D00 0.0127 296 635 367 705
D00 0.0126 401 499 442 552
D00 0.0126 458 530 496 592
D00 0.0126 516 571 550 638
D00 0.0126 618 505 711 635
D00 0.0125 250 442 394 566
D00 0.0124 401 528 451 604
D00 0.0123 422 510 484 537
D00 0.0123 46 597 150 719
D00 0.0122 277 509 326 586
D00 0.0122 249 544 294 627
D00 0.0122 328 444 359 498
D00 0.0121 361 625 397 689
D00 0.0121 384 477 446 529
D00 0.0120 402 651 501 699
D00 0.0119 177 686 231 719
D00 0.0119 513 674 639 720
D00 0.0118 390 574 439 661
D00 0.0118 246 469 288 521
D00 0.0118 416 490 450 544
D00 0.0117 177 579 226 674
D00 0.0117 331 490 360 560
D00 0.0117 327 511 356 580
D00 0.0116 528 613 564 680
D00 0.0116 343 445 384 516
D00 0.0116 480 522 540 574
D00 0.0115 588 678 709 720
D00 0.0115 437 501 471 558
D00 0.0115 347 525 388 606
D00 0.0114 463 536 515 579
D00 0.0113 553 634 603 684
D00 0.0113 221 554 267 606
D00 0.0112 434 560 474 621
D00 0.0111 612 594 710 691
D00 0.0110 235 512 273 581
D00 0.0110 315 458 354 539
D00 0.0110 644 586 720 720
D00 0.0110 455 514 524 562
D00 0.0109 358 519 421 608
D00 0.0109 194 578 230 651
D00 0.0109 333 436 371 506
D00 0.0108 495 600 569 648
D00 0.0108 683 651 720 720
D00 0.0108 436 507 520 542
D00 0.0107 203 622 248 707
D00 0.0107 239 575 288 686
D00 0.0107 529 506 662 669
D00 0.0107 430 629 478 693
D00 0.0106 431 601 472 667
D00 0.0105 554 548 635 665
D00 0.0104 560 673 599 720
D00 0.0104 493 523 568 595
D00 0.0104 123 671 227 720
D00 0.0103 580 649 619 711
D00 0.0103 491 595 547 628
D00 0.0103 670 670 715 715
D00 0.0102 0 509 145 711
D00 0.0102 480 589 518 655
D00 0.0102 594 627 682 719
D00 0.0101 651 536 717 649
D00 0.0100 397 692 464 717
D00 0.0100 351 438 402 526
D00 0.0100 567 663 630 699
D00 0.0100 170 568 233 638
D10 0.0235 319 596 427 659
D10 0.0205 426 631 545 678
D10 0.0197 341 607 407 636
D10 0.0193 345 602 433 643
D10 0.0165 537 610 649 667
D10 0.0155 464 638 559 675
D10 0.0154 450 643 524 672
D10 0.0152 355 599 422 628
D10 0.0149 269 601 351 648
D10 0.0138 558 600 665 653
D10 0.0133 452 648 546 683
D10 0.0119 368 607 437 636
D10 0.0116 349 573 459 636
D10 0.0115 370 568 455 608
D10 0.0102 277 618 341 653
D10 0.0101 374 600 456 647
D10 0.0100 567 621 639 649
D10 0.0100 317 6 720 232
D20 0.1118 245 522 682 696
D20 0.0641 16 492 542 693
D20 0.0595 187 567 386 697
D20 0.0549 303 533 517 671
D20 0.0504 508 606 714 715
D20 0.0501 335 502 525 619
D20 0.0460 89 435 720 711
D20 0.0453 0 548 391 714
D20 0.0444 405 563 712 712
D20 0.0419 363 601 589 694
D20 0.0281 21 198 720 710
D20 0.0265 358 490 454 541
D20 0.0257 397 514 582 623
D20 0.0254 332 472 523 567
D20 0.0240 21 18 720 530
D20 0.0235 231 450 555 718
D20 0.0232 369 625 649 720
D20 0.0216 74 625 347 720
D20 0.0201 0 0 489 353
D20 0.0197 201 0 720 353
D20 0.0194 522 565 711 684
D20 0.0190 85 433 383 720
D20 0.0187 0 142 348 720
D20 0.0184 375 142 720 720
D20 0.0173 358 456 429 526
D20 0.0172 425 514 529 565
D20 0.0166 539 447 720 720
D20 0.0153 288 369 669 666
D20 0.0148 191 621 408 717
D20 0.0146 449 0 720 176
D20 0.0146 544 0 720 268
D20 0.0143 0 493 231 720
D20 0.0138 372 483 448 522
D20 0.0137 0 631 150 720
D20 0.0134 0 0 265 176
D20 0.0131 348 454 475 597
D20 0.0127 0 0 176 265
D20 0.0126 679 343 720 450
D20 0.0126 533 651 720 720
D20 0.0125 606 560 720 720
D20 0.0124 438 501 534 548
D20 0.0123 346 577 431 658
D20 0.0122 464 0 720 370
D20 0.0119 167 349 462 703
D20 0.0117 18 600 214 720
D20 0.0116 633 0 720 138
D20 0.0112 210 458 311 509
D20 0.0111 255 503 352 569
D20 0.0107 257 576 369 720
D20 0.0103 587 675 720 720
D20 0.0100 283 492 389 559
D40 0.2349 261 517 385 688
D40 0.2276 299 546 344 592
D40 0.1992 289 540 352 623
D40 0.1950 158 514 568 698
D40 0.1747 289 559 366 676
D40 0.1664 305 599 358 671
D40 0.1574 374 628 462 684
D40 0.1562 288 574 479 695
D40 0.1543 239 525 369 623
D40 0.1389 245 542 358 596
D40 0.1292 277 555 350 598
D40 0.1249 302 564 347 613
D40 0.1216 276 542 413 651
D40 0.1184 373 644 440 690
D40 0.1181 326 615 495 692
D40 0.1179 175 574 435 697
D40 0.1171 297 524 382 627
D40 0.1113 250 508 394 595
D40 0.1112 293 543 342 574
D40 0.1110 309 602 433 681
D40 0.1077 248 499 455 622
D40 0.1074 217 477 356 642
D40 0.1052 307 558 352 656
D40 0.1040 309 589 352 641
D40 0.1015 343 496 440 550
D40 0.1006 314 537 611 685
D40 0.0867 308 614 355 654
D40 0.0841 265 518 344 651
D40 0.0824 301 626 411 693
D40 0.0821 167 515 353 702
D40 0.0818 234 506 333 602
D40 0.0802 286 517 405 576
D40 0.0796 312 592 380 685
D40 0.0740 33 510 424 713
D40 0.0709 385 642 454 673
D40 0.0701 301 486 495 587
D40 0.0689 365 591 471 682
D40 0.0675 350 560 518 689
D40 0.0673 303 501 479 670
D40 0.0653 351 507 424 538
D40 0.0632 269 488 431 571
D40 0.0612 348 498 412 528
D40 0.0602 285 531 367 590
D40 0.0602 319 506 415 597
D40 0.0595 86 580 357 704
D40 0.0589 326 600 369 650
D40 0.0580 268 471 321 505
D40 0.0575 232 481 368 578
D40 0.0565 217 524 312 625
D40 0.0558 339 476 408 553
D40 0.0552 298 546 401 716
D40 0.0545 418 574 515 628
D40 0.0512 259 601 369 679
D40 0.0507 321 581 460 662
D40 0.0505 345 492 390 535
D40 0.0501 0 447 720 708
D40 0.0497 325 515 464 578
D40 0.0492 329 649 461 705
D40 0.0485 315 545 357 592
D40 0.0483 254 552 335 585
D40 0.0475 411 581 479 670
D40 0.0464 237 561 343 671
D40 0.0463 255 463 336 517
D40 0.0460 276 539 331 579
D40 0.0445 302 586 400 650
D40 0.0444 380 629 420 685
D40 0.0424 307 520 348 600
D40 0.0424 364 499 679 666
D40 0.0421 265 475 310 522
D40 0.0413 343 480 417 523
D40 0.0410 319 475 473 552
D40 0.0409 388 605 524 674
D40 0.0407 359 511 452 556
D40 0.0404 296 574 355 626
D40 0.0404 433 587 502 615
D40 0.0402 367 528 474 584
D40 0.0399 401 612 464 675
D40 0.0390 276 464 336 498
D40 0.0383 225 478 447 717
D40 0.0378 368 494 427 532
D40 0.0376 214 489 319 565
D40 0.0373 199 504 290 603
D40 0.0372 385 624 439 671
D40 0.0369 362 500 500 562
D40 0.0366 334 466 374 511
D40 0.0365 328 514 402 653
D40 0.0364 367 607 428 696
D40 0.0362 350 508 401 556
D40 0.0357 327 460 392 541
D40 0.0356 167 633 227 720
D40 0.0355 265 456 366 506
D40 0.0355 331 524 499 620
D40 0.0349 179 468 320 612
D40 0.0349 221 601 546 720
D40 0.0348 284 472 348 503
D40 0.0346 421 591 521 657
D40 0.0342 269 454 375 629
D40 0.0335 301 526 339 570
D40 0.0334 228 610 389 699
D40 0.0333 318 472 370 503
D40 0.0332 244 520 350 578
D40 0.0327 296 601 346 649
D40 0.0325 113 493 336 653
D40 0.0324 321 556 355 633
D40 0.0317 431 595 500 624
D40 0.0314 240 535 294 603
D40 0.0314 313 619 350 687
D40 0.0313 391 524 469 568
D40 0.0313 301 462 358 496
D40 0.0312 232 470 316 532
D40 0.0309 293 461 388 516
D40 0.0308 314 626 359 662
D40 0.0307 407 534 478 577
D40 0.0307 330 594 390 661
D40 0.0305 359 655 431 696
D40 0.0301 321 558 461 632
D40 0.0301 247 466 398 553
D40 0.0299 333 484 385 514
D40 0.0296 270 528 343 568
D40 0.0294 291 476 357 598
D40 0.0294 265 619 458 717
D40 0.0291 179 653 220 707
D40 0.0291 127 455 479 666
D40 0.0288 353 522 433 565
D40 0.0286 307 466 387 612
D40 0.0286 353 469 433 535
D40 0.0285 379 503 439 543
D40 0.0285 328 462 378 495
D40 0.0284 330 618 368 672
D40 0.0282 349 556 433 680
D40 0.0281 415 589 485 635
D40 0.0276 320 598 376 629
D40 0.0273 228 558 340 620
D40 0.0273 383 635 486 708
D40 0.0272 348 626 560 713
D40 0.0272 444 588 523 631
D40 0.0272 339 472 393 504
D40 0.0269 516 504 711 605
D40 0.0265 328 607 391 638
D40 0.0264 400 628 556 687
D40 0.0263 428 580 482 622
D40 0.0259 360 550 466 609
D40 0.0258 392 652 464 682
D40 0.0256 282 474 326 520
D40 0.0250 348 539 445 595
D40 0.0250 247 542 314 572
D40 0.0250 180 544 319 644
D40 0.0250 397 635 481 677
D40 0.0248 599 452 713 511
D40 0.0248 311 542 363 572
D40 0.0246 241 464 622 656
D40 0.0246 260 555 316 598
D40 0.0245 340 603 670 720
D40 0.0244 340 490 445 634
D40 0.0243 340 499 380 547
D40 0.0243 122 624 387 720
D40 0.0242 419 598 465 650
D40 0.0238 483 527 693 636
D40 0.0237 562 431 720 529
D40 0.0236 371 530 452 559
D40 0.0235 264 470 370 527
D40 0.0233 437 516 645 615
D40 0.0225 362 482 498 539
D40 0.0224 403 546 492 614
D40 0.0223 202 481 292 547
D40 0.0222 461 579 514 621
D40 0.0216 155 486 301 575
D40 0.0215 364 489 406 541
D40 0.0215 321 569 375 642
D40 0.0214 354 634 414 694
D40 0.0213 640 439 720 521
D40 0.0213 321 454 413 507
D40 0.0213 283 549 324 607
D40 0.0212 421 543 470 589
D40 0.0211 327 476 366 521
D40 0.0210 371 486 433 518
D40 0.0210 156 527 294 621
D40 0.0209 271 572 343 601
D40 0.0208 623 552 716 605
D40 0.0205 295 619 341 669
D40 0.0203 582 531 718 613
D40 0.0202 238 482 301 513
D40 0.0202 241 551 296 585
D40 0.0201 391 536 461 598
D40 0.0200 236 553 289 622
D40 0.0198 311 572 360 601
D40 0.0197 383 663 452 693
D40 0.0196 374 541 453 569
D40 0.0196 253 485 300 536
D40 0.0195 324 449 362 490
D40 0.0195 357 473 414 505
D40 0.0195 254 532 325 560
D40 0.0194 223 501 285 568
D40 0.0194 291 631 374 713
D40 0.0194 445 574 508 610
D40 0.0193 254 580 358 649
D40 0.0193 312 583 360 616
D40 0.0193 291 630 359 680
D40 0.0193 370 492 455 590
D40 0.0192 239 561 293 595
D40 0.0191 324 641 360 693
D40 0.0191 599 472 712 533
D40 0.0191 413 610 492 661
D40 0.0189 248 544 278 612
D40 0.0187 356 474 393 532
D40 0.0185 458 484 720 712
D40 0.0184 470 491 680 578
D40 0.0183 459 483 519 512
D40 0.0181 407 503 533 559
D40 0.0181 393 495 445 533
D40 0.0179 348 463 403 492
D40 0.0179 638 458 718 497
D40 0.0178 302 454 357 484
D40 0.0177 33 334 503 701
D40 0.0176 392 571 486 638
D40 0.0176 550 554 703 635
D40 0.0176 242 521 286 568
D40 0.0175 233 563 272 615
D40 0.0174 274 485 316 535
D40 0.0171 452 523 581 583
D40 0.0169 347 461 380 520
D40 0.0168 410 629 472 665
D40 0.0168 439 617 554 673
D40 0.0167 188 631 226 685
D40 0.0167 240 497 288 548
D40 0.0167 336 476 602 590
D40 0.0166 287 457 324 508
D40 0.0166 563 486 709 572
D40 0.0165 414 625 453 680
D40 0.0165 368 552 438 584
D40 0.0164 603 405 719 507
D40 0.0163 433 555 502 644
D40 0.0163 279 454 337 485
D40 0.0161 602 517 709 587
D40 0.0161 321 444 371 531
D40 0.0161 254 531 324 621
D40 0.0160 367 458 409 498
D40 0.0160 551 521 688 582
D40 0.0160 231 322 707 691
D40 0.0159 415 527 456 585
D40 0.0159 451 474 513 504
D40 0.0157 453 599 503 646
D40 0.0157 422 567 469 614
D40 0.0157 0 554 296 720
D40 0.0155 356 663 447 709
D40 0.0155 499 523 640 579
D40 0.0155 433 473 525 517
D40 0.0154 321 536 377 600
D40 0.0154 203 602 327 679
D40 0.0154 637 563 701 596
D40 0.0154 496 649 604 704
D40 0.0153 431 606 497 639
D40 0.0152 197 512 277 555
D40 0.0151 224 475 297 504
D40 0.0151 345 462 438 579
D40 0.0151 547 542 685 603
D40 0.0151 597 562 709 622
D40 0.0151 437 501 598 566
D40 0.0151 662 461 719 515
D40 0.0150 175 643 233 694
D40 0.0150 176 677 219 720
D40 0.0148 302 483 361 511
D40 0.0148 204 566 296 634
D40 0.0148 495 511 592 557
D40 0.0147 334 520 404 567
D40 0.0147 348 447 404 535
D40 0.0147 294 445 384 497
D40 0.0146 413 555 460 603
D40 0.0146 305 467 360 529
D40 0.0145 457 518 538 553
D40 0.0145 402 652 558 706
D40 0.0145 646 573 709 605
D40 0.0145 344 535 419 577
D40 0.0144 445 611 525 659
D40 0.0144 352 601 399 647
D40 0.0143 216 506 278 542
D40 0.0142 255 527 290 590
D40 0.0142 330 616 390 649
D40 0.0140 368 630 425 665
D40 0.0140 236 510 313 557
D40 0.0140 382 454 689 610
D40 0.0140 202 467 302 519
D40 0.0139 272 566 342 638
D40 0.0139 416 578 458 626
D40 0.0139 323 480 374 547
D40 0.0138 507 462 710 551
D40 0.0138 269 611 351 659
D40 0.0137 560 628 661 692
D40 0.0137 503 510 563 535
D40 0.0137 508 499 600 545
D40 0.0137 661 440 718 493
D40 0.0136 150 669 237 720
D40 0.0135 468 527 547 564
D40 0.0135 609 558 688 598
D40 0.0135 377 477 418 530
D40 0.0135 317 454 351 506
D40 0.0135 237 492 294 529
D40 0.0134 467 640 587 691
D40 0.0134 417 489 568 614
D40 0.0134 490 521 551 547
D40 0.0133 225 517 283 549
D40 0.0133 299 493 400 558
D40 0.0133 269 452 424 531
D40 0.0132 261 521 313 593
D40 0.0131 378 563 448 593
D40 0.0131 334 654 370 699
D40 0.0130 234 532 278 582
D40 0.0130 366 610 446 660
D40 0.0129 640 503 720 597
D40 0.0128 302 460 337 514
D40 0.0128 479 511 540 535
D40 0.0128 445 582 487 641
D40 0.0127 505 503 643 556
D40 0.0127 362 453 414 480
D40 0.0127 145 518 268 582
D40 0.0127 577 652 693 711
D40 0.0127 338 453 391 482
D40 0.0127 236 572 290 606
D40 0.0126 319 632 387 682
D40 0.0126 348 585 380 650
D40 0.0125 647 453 715 482
D40 0.0125 610 454 720 596
D40 0.0124 618 428 720 480
D40 0.0124 648 473 716 505
D40 0.0123 338 662 488 720
D40 0.0123 319 552 378 582
D40 0.0123 658 560 719 614
D40 0.0122 469 497 528 523
D40 0.0122 627 519 702 624
D40 0.0121 448 501 544 546
D40 0.0121 306 522 377 568
D40 0.0121 301 441 442 560
D40 0.0120 679 456 719 499
D40 0.0120 372 556 425 599
D40 0.0119 512 521 575 548
D40 0.0119 441 485 530 531
D40 0.0119 290 447 346 527
D40 0.0119 388 473 519 567
D40 0.0119 337 563 416 645
D40 0.0118 100 525 270 641
D40 0.0118 436 485 504 511
D40 0.0117 376 692 446 716
D40 0.0117 376 504 419 558
D40 0.0117 361 682 459 720
D40 0.0116 366 470 436 510
D40 0.0116 308 549 415 611
D40 0.0116 480 484 535 514
D40 0.0115 369 677 434 705
D40 0.0115 244 651 374 708
D40 0.0115 625 492 720 562
D40 0.0115 571 574 716 661
D40 0.0115 232 482 275 546
D40 0.0115 504 497 561 524
D40 0.0114 341 622 418 672
D40 0.0114 263 496 308 547
D40 0.0113 357 448 398 488
D40 0.0113 311 566 385 611
D40 0.0112 641 479 718 520
D40 0.0112 357 594 420 661
D40 0.0112 1 481 295 667
D40 0.0112 282 519 318 578
D40 0.0111 79 418 350 701
D40 0.0111 336 457 450 521
D40 0.0110 175 537 266 607
D40 0.0110 503 526 583 564
D40 0.0109 427 561 486 597
D40 0.0109 0 675 83 720
D40 0.0108 524 509 585 537
D40 0.0108 453 632 521 664
D40 0.0108 475 468 521 509
D40 0.0108 322 580 401 625
D40 0.0108 671 574 720 606
D40 0.0106 305 427 543 720
D40 0.0106 332 534 373 579
D40 0.0106 208 575 270 625
D40 0.0106 186 652 326 710
D40 0.0106 322 496 375 525
D40 0.0105 679 477 719 521
D40 0.0105 218 480 274 522
D40 0.0105 403 517 444 572
D40 0.0105 199 608 238 661
D40 0.0105 499 487 587 531
D40 0.0105 290 510 330 560
D40 0.0104 613 449 712 487
D40 0.0102 456 511 522 537
D40 0.0102 179 449 344 556
D40 0.0102 177 482 260 594
D40 0.0102 480 541 580 600
D40 0.0101 323 546 404 588
D40 0.0101 474 598 523 646
D40 0.0101 525 516 605 553
D40 0.0101 227 527 283 558
D40 0.0100 480 536 557 576
D40 0.0100 209 553 276 605
