D00 0.1151 279 484 405 667
D00 0.0800 317 519 416 659
D00 0.0776 63 474 360 680
D00 0.0648 358 558 413 666
D00 0.0563 291 531 347 652
D00 0.0562 349 529 402 633
D00 0.0552 256 466 372 622
D00 0.0548 150 467 254 679
D00 0.0517 273 451 322 575
D00 0.0484 34 527 283 692
D00 0.0475 335 515 392 606
D00 0.0470 333 539 467 659
D00 0.0468 124 486 226 699
D00 0.0455 205 690 274 717
D00 0.0447 198 489 367 676
D00 0.0434 279 511 338 625
D00 0.0428 374 580 419 661
D00 0.0419 278 446 316 535
D00 0.0416 294 458 351 565
D00 0.0409 232 461 330 613
D00 0.0409 317 481 372 598
D00 0.0407 90 477 198 672
D00 0.0401 9 514 143 683
D00 0.0400 99 464 242 611
D00 0.0396 294 499 391 611
D00 0.0395 265 490 325 605
D00 0.0390 122 462 347 609
D00 0.0384 288 456 330 548
D00 0.0362 168 453 285 633
D00 0.0361 166 522 226 670
D00 0.0341 5 558 102 709
D00 0.0321 174 691 245 717
D00 0.0320 184 523 233 636
D00 0.0317 140 460 255 573
D00 0.0316 311 546 378 652
D00 0.0315 537 681 578 720
D00 0.0310 61 507 173 644
D00 0.0309 267 442 306 518
D00 0.0303 243 470 307 579
D00 0.0300 143 522 202 671
D00 0.0295 186 678 271 715
D00 0.0292 249 449 350 572
D00 0.0289 281 442 311 504
D00 0.0286 282 485 357 590
D00 0.0286 370 567 403 641
D00 0.0285 310 464 354 540
D00 0.0279 359 548 393 616
D00 0.0278 150 467 218 513
D00 0.0269 291 452 324 514
D00 0.0266 178 567 218 658
D00 0.0261 159 458 231 502
D00 0.0260 358 544 431 621
D00 0.0259 355 582 488 658
D00 0.0250 162 578 213 687
D00 0.0249 0 613 50 717
D00 0.0249 343 567 395 657
D00 0.0248 280 429 332 523
D00 0.0246 138 463 207 534
D00 0.0246 290 497 468 634
D00 0.0245 217 680 283 711
D00 0.0244 390 564 515 673
D00 0.0242 161 471 228 600
D00 0.0239 2 450 302 618
D00 0.0239 115 524 179 669
D00 0.0239 47 473 195 606
D00 0.0237 187 492 238 601
D00 0.0235 333 480 502 670
D00 0.0234 153 690 219 717
D00 0.0233 272 431 301 488
D00 0.0227 87 526 156 666
D00 0.0227 391 603 425 661
D00 0.0226 136 474 203 595
D00 0.0225 59 530 135 665
D00 0.0224 302 462 338 524
D00 0.0223 164 453 244 524
D00 0.0223 547 689 607 719
D00 0.0219 347 537 384 604
D00 0.0217 113 473 230 539
D00 0.0217 196 468 250 578
D00 0.0216 270 413 318 513
D00 0.0215 522 662 590 720
D00 0.0213 284 473 312 554
D00 0.0213 308 522 358 619
D00 0.0213 100 485 192 575
D00 0.0208 30 570 161 701
D00 0.0205 0 621 118 720
D00 0.0205 326 480 359 544
D00 0.0203 26 544 124 648
D00 0.0203 145 482 200 518
D00 0.0202 308 486 360 562
D00 0.0200 367 566 446 645
D00 0.0199 337 586 550 683
D00 0.0196 0 492 219 642
D00 0.0193 551 668 583 720
D00 0.0193 194 452 266 530
D00 0.0191 117 597 235 710
D00 0.0191 180 452 304 560
D00 0.0191 352 556 416 603
D00 0.0190 326 503 378 577
D00 0.0190 264 463 401 554
D00 0.0186 158 674 237 714
D00 0.0186 123 452 271 530
D00 0.0185 303 541 336 622
D00 0.0181 295 449 363 522
D00 0.0179 169 449 242 489
D00 0.0178 272 463 303 540
D00 0.0178 376 595 459 664
D00 0.0178 2 634 33 702
D00 0.0176 341 544 403 594
D00 0.0175 468 690 535 718
D00 0.0175 254 455 300 552
D00 0.0175 42 514 157 585
D00 0.0174 63 531 184 714
D00 0.0172 526 698 586 720
D00 0.0172 208 682 309 720
D00 0.0171 349 555 386 629
D00 0.0171 367 540 403 605
D00 0.0171 373 578 417 625
D00 0.0171 283 481 421 578
D00 0.0169 157 615 215 716
D00 0.0167 318 473 385 549
D00 0.0166 148 463 206 495
D00 0.0166 443 552 526 685
D00 0.0164 292 531 327 609
D00 0.0163 8 408 258 720
D00 0.0162 488 684 578 720
D00 0.0162 447 648 608 717
D00 0.0162 401 622 569 699
D00 0.0162 126 488 193 534
D00 0.0160 193 545 222 617
D00 0.0159 275 436 313 477
D00 0.0158 306 483 358 516
D00 0.0157 531 680 628 720
D00 0.0157 10 601 110 682
D00 0.0157 269 488 304 563
D00 0.0156 280 498 313 574
D00 0.0156 235 685 288 718
D00 0.0156 211 460 253 542
D00 0.0154 275 465 344 513
D00 0.0154 293 485 325 563
D00 0.0153 439 576 494 667
D00 0.0152 338 475 434 628
D00 0.0151 2 536 74 666
D00 0.0150 417 608 542 674
D00 0.0150 0 595 40 683
D00 0.0149 347 515 421 598
D00 0.0148 426 571 581 703
D00 0.0148 515 676 575 712
D00 0.0148 281 461 333 496
D00 0.0148 183 557 213 629
D00 0.0147 384 515 487 658
D00 0.0147 449 689 511 718
D00 0.0147 173 472 237 506
D00 0.0145 291 444 344 503
D00 0.0144 446 682 485 720
D00 0.0142 314 455 348 514
D00 0.0141 305 470 376 513
D00 0.0141 124 680 223 720
D00 0.0141 107 500 167 605
D00 0.0139 139 473 197 507
D00 0.0139 75 523 148 606
D00 0.0138 167 644 246 717
D00 0.0137 185 461 246 494
D00 0.0137 5 497 123 621
D00 0.0136 316 499 352 575
D00 0.0135 426 593 485 656
D00 0.0134 226 460 257 523
D00 0.0133 297 472 417 533
D00 0.0133 168 547 208 638
D00 0.0132 341 523 384 574
D00 0.0132 361 587 428 636
D00 0.0132 300 485 344 536
D00 0.0132 140 579 192 689
D00 0.0131 230 459 273 546
D00 0.0130 421 656 555 711
D00 0.0129 200 649 281 717
D00 0.0129 178 439 253 504
D00 0.0129 4 586 65 688
D00 0.0129 180 512 221 606
D00 0.0128 156 601 198 687
D00 0.0127 198 451 258 479
D00 0.0125 217 698 283 720
D00 0.0125 113 494 173 554
D00 0.0124 328 478 373 522
D00 0.0124 158 454 216 484
D00 0.0124 504 659 636 713
D00 0.0124 371 504 450 628
D00 0.0123 192 559 239 646
D00 0.0121 164 698 230 720
D00 0.0121 538 564 614 709
D00 0.0121 324 510 365 560
D00 0.0121 291 431 323 489
D00 0.0120 97 513 156 578
D00 0.0120 568 558 625 683
D00 0.0120 486 609 610 710
D00 0.0119 542 657 573 715
D00 0.0119 357 550 409 586
D00 0.0119 560 678 594 720
D00 0.0118 209 456 253 501
D00 0.0118 171 589 202 660
D00 0.0117 175 602 234 700
D00 0.0117 441 675 469 720
D00 0.0116 196 466 245 512
D00 0.0116 223 682 261 720
D00 0.0116 242 449 288 532
D00 0.0116 253 418 303 505
D00 0.0116 263 418 309 471
D00 0.0116 688 471 720 531
D00 0.0116 180 679 213 720
D00 0.0115 65 546 123 611
D00 0.0115 377 552 414 613
D00 0.0114 384 619 451 655
D00 0.0114 446 611 488 659
D00 0.0114 670 437 720 539
D00 0.0114 304 498 339 575
D00 0.0113 367 601 500 692
D00 0.0113 64 476 188 542
D00 0.0113 357 521 392 588
D00 0.0113 442 681 543 720
D00 0.0113 163 482 225 515
D00 0.0113 280 452 332 482
D00 0.0111 116 512 227 580
D00 0.0111 653 404 716 510
D00 0.0110 468 584 540 695
D00 0.0110 3 648 78 720
D00 0.0110 118 691 188 716
D00 0.0109 198 442 260 468
D00 0.0109 544 645 613 720
D00 0.0109 398 605 502 661
D00 0.0109 360 542 488 608
D00 0.0109 188 467 234 555
D00 0.0109 0 580 92 654
D00 0.0109 438 630 495 661
D00 0.0108 645 456 671 521
D00 0.0108 565 691 636 717
D00 0.0108 302 463 356 495
D00 0.0107 460 669 572 716
D00 0.0107 164 469 203 527
D00 0.0107 125 641 205 714
D00 0.0106 37 580 152 654
D00 0.0106 214 442 270 496
D00 0.0106 165 476 227 543
D00 0.0105 450 605 518 703
D00 0.0105 158 660 232 702
D00 0.0105 530 668 566 718
D00 0.0104 156 568 195 659
D00 0.0104 130 446 218 500
D00 0.0103 59 445 236 546
D00 0.0103 76 588 171 690
D00 0.0103 68 567 225 668
D00 0.0103 434 660 504 720
D00 0.0102 143 677 207 710
D00 0.0101 581 644 720 720
D00 0.0101 347 538 397 575
D00 0.0101 88 534 197 605
D00 0.0101 366 548 575 660
D00 0.0101 646 435 692 539
D00 0.0100 84 687 173 720
D00 0.0100 55 557 111 622
D10 0.0176 367 574 424 605
D10 0.0170 368 580 446 621
D10 0.0168 351 561 398 594
D10 0.0133 361 583 409 615
D10 0.0126 265 527 322 559
D10 0.0125 265 572 330 604
D10 0.0114 369 594 421 628
D10 0.0114 265 538 324 569
D10 0.0107 284 482 336 514
D10 0.0106 381 577 454 606
D10 0.0102 323 5 720 223
D20 0.2824 133 484 434 678
D20 0.1956 209 481 378 658
D20 0.1563 24 461 594 686
D20 0.1129 264 549 443 668
D20 0.1065 199 518 538 677
D20 0.1016 84 547 394 697
D20 0.0864 2 531 502 720
D20 0.0569 192 454 488 636
D20 0.0532 279 531 341 649
D20 0.0473 342 563 409 661
D20 0.0468 198 455 363 596
D20 0.0448 250 500 321 615
D20 0.0432 300 578 495 673
D20 0.0388 166 539 711 720
D20 0.0362 347 591 439 658
D20 0.0361 257 564 615 692
D20 0.0355 0 407 433 649
D20 0.0343 265 491 436 639
D20 0.0317 298 555 360 654
D20 0.0309 307 521 490 649
D20 0.0298 242 483 309 579
D20 0.0286 21 198 720 710
D20 0.0269 249 459 417 588
D20 0.0246 305 470 576 670
D20 0.0244 0 18 669 530
D20 0.0242 365 606 474 662
D20 0.0239 0 490 247 720
D20 0.0226 257 553 351 631
D20 0.0214 163 396 683 632
D20 0.0212 68 575 285 703
D20 0.0206 251 458 350 524
D20 0.0204 0 0 489 353
D20 0.0201 399 592 682 699
D20 0.0196 201 0 720 353
D20 0.0194 375 142 720 720
D20 0.0187 44 625 312 720
D20 0.0181 0 142 348 720
D20 0.0176 186 551 246 654
D20 0.0172 356 533 688 688
D20 0.0170 234 449 294 558
D20 0.0163 114 297 480 720
D20 0.0162 200 601 510 720
D20 0.0161 545 0 720 268
D20 0.0161 268 451 410 530
D20 0.0157 452 0 720 176
D20 0.0148 295 466 389 521
D20 0.0145 324 605 529 692
D20 0.0145 196 527 261 629
D20 0.0142 0 348 253 666
D20 0.0136 432 637 623 720
D20 0.0135 466 0 720 369
D20 0.0129 0 631 146 720
D20 0.0126 0 0 176 269
D20 0.0125 0 0 264 175
D20 0.0124 499 492 720 720
D20 0.0123 319 475 429 522
D20 0.0123 633 0 720 135
D20 0.0121 319 627 595 720
D20 0.0121 253 443 342 502
D20 0.0118 300 469 456 545
D20 0.0117 24 596 215 720
D20 0.0117 304 481 498 597
D20 0.0115 469 669 581 717
D20 0.0111 582 0 720 86
D20 0.0109 356 0 631 277
D20 0.0108 250 563 406 720
D20 0.0108 542 633 720 720
D20 0.0104 152 592 273 720
D20 0.0101 312 426 720 720
D20 0.0101 0 0 86 131
D40 0.2210 197 480 369 656
D40 0.2020 186 546 404 669
D40 0.1376 234 580 376 653
D40 0.1320 220 540 347 646
D40 0.1139 221 495 339 609
D40 0.1127 272 539 382 650
D40 0.1033 260 602 396 665
D40 0.1016 195 564 325 661
D40 0.0968 301 546 424 665
D40 0.0955 206 603 357 669
D40 0.0859 159 569 345 698
D40 0.0829 167 502 307 683
D40 0.0780 192 517 302 628
D40 0.0776 330 602 422 662
D40 0.0691 190 473 324 584
D40 0.0617 355 628 418 661
D40 0.0579 256 601 345 639
D40 0.0566 269 497 373 610
D40 0.0540 288 588 352 650
D40 0.0536 178 586 290 684
D40 0.0519 314 578 400 663
D40 0.0518 213 491 300 574
D40 0.0490 179 540 267 649
D40 0.0478 352 610 405 657
D40 0.0474 266 567 350 643
D40 0.0463 288 566 370 669
D40 0.0451 216 522 318 589
D40 0.0441 208 560 321 621
D40 0.0427 204 628 350 690
D40 0.0422 211 464 323 543
D40 0.0419 374 611 419 658
D40 0.0418 223 596 333 648
D40 0.0413 675 440 720 469
D40 0.0413 255 459 344 569
D40 0.0402 242 511 311 615
D40 0.0400 287 607 351 637
D40 0.0396 219 595 419 689
D40 0.0384 269 623 350 669
D40 0.0381 321 532 395 631
D40 0.0380 276 617 344 648
D40 0.0370 170 629 302 698
D40 0.0369 291 611 371 656
D40 0.0367 196 501 273 587
D40 0.0366 134 548 274 710
D40 0.0366 247 611 331 653
D40 0.0354 267 454 305 504
D40 0.0352 259 626 395 684
D40 0.0347 318 592 480 670
D40 0.0340 245 488 319 580
D40 0.0339 231 546 302 612
D40 0.0332 349 575 404 652
D40 0.0331 251 451 301 482
D40 0.0326 205 510 288 559
D40 0.0313 243 519 292 569
D40 0.0308 251 460 302 495
D40 0.0306 230 449 318 510
D40 0.0300 312 623 401 665
D40 0.0299 172 603 270 664
D40 0.0298 249 531 303 579
D40 0.0291 365 623 445 663
D40 0.0289 271 589 328 635
D40 0.0288 300 630 362 663
D40 0.0288 368 582 425 667
D40 0.0287 160 562 237 671
D40 0.0286 245 576 334 627
D40 0.0285 107 486 302 626
D40 0.0283 200 469 270 557
D40 0.0280 154 464 300 555
D40 0.0280 186 572 300 632
D40 0.0276 250 442 301 468
D40 0.0272 266 583 332 671
D40 0.0272 0 600 183 714
D40 0.0270 222 479 283 550
D40 0.0269 264 519 327 599
D40 0.0269 303 576 339 641
D40 0.0264 289 611 442 684
D40 0.0264 268 437 304 477
D40 0.0261 287 642 351 670
D40 0.0261 249 456 304 524
D40 0.0259 365 639 427 666
D40 0.0248 103 598 399 720
D40 0.0248 292 565 330 633
D40 0.0247 151 612 238 706
D40 0.0246 322 553 392 601
D40 0.0246 279 541 338 621
D40 0.0244 302 600 341 659
D40 0.0242 243 608 315 636
D40 0.0238 196 614 287 657
D40 0.0238 8 612 100 708
D40 0.0237 241 542 292 591
D40 0.0236 148 656 279 712
D40 0.0236 237 508 311 561
D40 0.0235 181 588 235 658
D40 0.0229 339 606 399 643
D40 0.0229 62 603 284 711
D40 0.0227 331 610 383 657
D40 0.0225 199 520 239 570
D40 0.0225 184 550 289 613
D40 0.0225 234 624 315 668
D40 0.0224 187 522 256 616
D40 0.0223 240 499 289 549
D40 0.0222 219 487 263 535
D40 0.0222 300 522 387 596
D40 0.0219 300 552 362 633
D40 0.0218 657 430 720 477
D40 0.0218 208 603 299 645
D40 0.0217 246 637 327 674
D40 0.0212 344 543 388 595
D40 0.0210 200 532 289 577
D40 0.0210 229 574 302 605
D40 0.0209 11 653 148 713
D40 0.0207 230 582 303 640
D40 0.0206 317 598 368 647
D40 0.0205 245 553 328 605
D40 0.0203 237 472 296 503
D40 0.0203 225 477 303 520
D40 0.0203 265 511 306 582
D40 0.0202 244 555 370 712
D40 0.0202 365 586 407 639
D40 0.0200 260 544 316 635
D40 0.0200 333 639 403 667
D40 0.0200 192 624 445 720
D40 0.0200 170 610 223 678
D40 0.0197 308 640 374 668
D40 0.0194 221 442 287 467
D40 0.0194 185 643 356 715
D40 0.0194 209 498 252 547
D40 0.0193 86 646 258 715
D40 0.0192 223 506 287 539
D40 0.0191 347 564 392 616
D40 0.0190 216 435 307 480
D40 0.0188 215 520 267 569
D40 0.0185 271 460 321 495
D40 0.0184 233 500 281 582
D40 0.0184 161 517 239 628
D40 0.0183 181 455 304 517
D40 0.0181 241 593 322 697
D40 0.0181 302 587 385 639
D40 0.0179 277 601 317 658
D40 0.0179 223 494 284 526
D40 0.0178 272 519 319 571
D40 0.0177 222 539 291 569
D40 0.0176 260 443 294 498
D40 0.0174 263 465 334 511
D40 0.0174 247 575 310 665
D40 0.0173 238 577 293 623
D40 0.0173 180 489 248 581
D40 0.0172 228 557 282 603
D40 0.0172 268 592 305 647
D40 0.0172 254 526 313 561
D40 0.0171 684 436 720 489
D40 0.0171 178 597 216 650
D40 0.0170 297 474 388 531
D40 0.0170 215 484 271 515
D40 0.0169 315 484 368 517
D40 0.0167 72 529 283 670
D40 0.0166 184 556 234 629
D40 0.0165 192 611 242 657
D40 0.0165 279 582 338 622
D40 0.0165 232 449 364 535
D40 0.0164 298 552 341 605
D40 0.0163 268 424 305 463
D40 0.0163 231 466 274 513
D40 0.0162 224 451 286 479
D40 0.0162 267 473 307 524
D40 0.0161 196 478 269 522
D40 0.0160 337 545 377 617
D40 0.0160 332 531 379 585
D40 0.0159 218 457 296 500
D40 0.0156 312 565 348 638
D40 0.0155 256 490 295 562
D40 0.0155 194 580 264 645
D40 0.0154 27 630 170 699
D40 0.0153 235 490 270 560
D40 0.0152 264 498 308 549
D40 0.0152 257 556 294 624
D40 0.0151 313 612 349 667
D40 0.0150 299 595 361 632
D40 0.0150 190 578 223 649
D40 0.0149 160 623 213 690
D40 0.0148 183 620 228 668
D40 0.0147 222 551 290 583
D40 0.0146 270 451 319 482
D40 0.0144 307 564 384 614
D40 0.0143 189 554 226 605
D40 0.0143 230 619 301 650
D40 0.0143 251 431 302 457
D40 0.0143 195 630 264 661
D40 0.0140 219 552 290 642
D40 0.0139 176 615 258 690
D40 0.0139 254 549 318 585
D40 0.0138 168 610 206 660
D40 0.0138 192 530 229 582
D40 0.0138 339 628 477 684
D40 0.0137 196 542 237 593
D40 0.0137 194 544 274 590
D40 0.0136 82 631 217 699
D40 0.0136 210 636 296 674
D40 0.0136 235 486 308 535
D40 0.0135 351 594 401 630
D40 0.0134 0 497 151 620
D40 0.0134 289 614 330 669
D40 0.0133 634 600 720 648
D40 0.0133 215 568 270 613
D40 0.0132 285 530 330 583
D40 0.0132 325 534 365 606
D40 0.0132 337 578 377 649
D40 0.0131 308 542 358 594
D40 0.0129 317 561 378 591
D40 0.0129 246 482 303 511
D40 0.0129 649 610 711 641
D40 0.0128 200 618 284 687
D40 0.0128 180 576 217 627
D40 0.0127 199 517 251 551
D40 0.0124 7 613 43 684
D40 0.0124 169 634 245 679
D40 0.0123 259 465 294 539
D40 0.0123 112 652 216 708
D40 0.0123 206 585 281 616
D40 0.0122 172 646 217 690
D40 0.0121 217 597 291 628
D40 0.0121 585 569 616 634
D40 0.0120 276 475 345 522
D40 0.0118 323 480 406 520
D40 0.0118 247 467 281 537
D40 0.0117 269 614 305 671
D40 0.0117 327 595 388 630
D40 0.0116 279 484 316 537
D40 0.0116 72 653 186 707
D40 0.0115 192 444 295 494
D40 0.0115 258 581 294 640
D40 0.0114 236 533 273 600
D40 0.0114 159 478 255 544
D40 0.0114 323 521 369 573
D40 0.0113 384 641 454 667
D40 0.0113 319 575 370 628
D40 0.0112 308 493 358 525
D40 0.0112 270 441 319 467
D40 0.0111 202 557 253 603
D40 0.0111 377 607 434 643
D40 0.0110 164 577 213 651
D40 0.0109 331 571 387 604
D40 0.0109 353 582 400 616
D40 0.0107 138 647 212 691
D40 0.0107 660 618 717 648
D40 0.0107 324 494 379 523
D40 0.0106 204 488 237 560
D40 0.0105 223 641 320 687
D40 0.0104 131 603 226 671
D40 0.0104 258 603 296 659
D40 0.0104 226 623 281 665
D40 0.0104 286 508 329 560
D40 0.0102 259 653 390 708
D40 0.0102 209 521 245 590
D40 0.0102 168 637 203 700
D40 0.0102 288 485 355 534
D40 0.0101 217 523 267 609
D40 0.0101 204 594 254 666
D40 0.0101 247 450 283 509
D40 0.0100 273 482 324 512
