D00 0.0282 346 514 385 552
D00 0.0251 267 600 389 716
D00 0.0251 169 553 219 643
D00 0.0239 2 620 59 714
D00 0.0239 178 562 213 621
D00 0.0235 13 675 74 707
D00 0.0233 344 688 408 718
D00 0.0225 7 647 82 713
D00 0.0224 120 553 233 679
D00 0.0218 288 588 448 720
D00 0.0217 266 643 433 720
D00 0.0214 338 655 414 720
D00 0.0181 289 582 360 705
D00 0.0178 168 536 250 695
D00 0.0177 170 570 206 633
D00 0.0177 327 511 381 541
D00 0.0176 155 570 223 698
D00 0.0171 243 653 376 715
D00 0.0170 411 580 452 624
D00 0.0170 281 615 335 718
D00 0.0167 301 678 410 720
D00 0.0165 354 601 479 716
D00 0.0165 415 586 471 641
D00 0.0165 133 563 214 641
D00 0.0163 353 670 399 716
D00 0.0163 174 551 230 611
D00 0.0161 401 569 443 612
D00 0.0161 402 602 527 714
D00 0.0161 338 529 392 557
D00 0.0160 264 549 348 703
D00 0.0158 320 614 415 711
D00 0.0153 352 683 441 720
D00 0.0153 224 625 350 720
D00 0.0153 415 600 520 652
D00 0.0152 0 672 88 720
D00 0.0151 8 661 53 704
D00 0.0151 458 610 521 664
D00 0.0151 274 595 326 694
D00 0.0151 326 644 506 720
D00 0.0149 399 565 464 637
D00 0.0149 176 576 214 662
D00 0.0148 4 685 62 716
D00 0.0148 300 552 391 704
D00 0.0147 359 641 436 720
D00 0.0145 423 598 486 630
D00 0.0140 444 610 512 641
D00 0.0137 358 518 391 566
D00 0.0136 440 624 572 720
D00 0.0136 347 511 402 541
D00 0.0134 251 579 316 704
D00 0.0134 430 603 477 645
D00 0.0132 130 593 204 710
D00 0.0131 426 576 459 632
D00 0.0130 170 534 316 707
D00 0.0130 453 617 528 695
D00 0.0129 407 597 461 630
D00 0.0128 239 545 428 699
D00 0.0127 433 591 499 642
D00 0.0126 426 595 459 650
D00 0.0126 311 519 377 547
D00 0.0125 467 620 531 652
D00 0.0125 194 553 276 713
D00 0.0125 187 569 222 629
D00 0.0125 260 628 317 720
D00 0.0124 299 595 343 676
D00 0.0124 172 589 203 653
D00 0.0124 149 595 268 715
D00 0.0124 360 580 427 705
D00 0.0123 390 559 433 601
D00 0.0123 340 504 372 549
D00 0.0123 435 607 501 662
D00 0.0122 383 571 496 677
D00 0.0121 351 528 382 581
D00 0.0120 332 682 384 720
D00 0.0120 334 564 449 684
D00 0.0119 384 582 450 703
D00 0.0119 98 620 225 720
D00 0.0118 443 600 511 629
D00 0.0115 411 558 450 602
D00 0.0115 423 588 484 617
D00 0.0115 405 585 474 700
D00 0.0112 90 537 282 720
D00 0.0112 195 655 333 714
D00 0.0110 374 555 444 624
D00 0.0110 304 565 357 665
D00 0.0109 333 698 399 720
D00 0.0109 460 621 563 674
D00 0.0109 219 581 304 719
D00 0.0109 355 535 395 575
D00 0.0109 406 583 440 640
D00 0.0108 333 505 397 559
D00 0.0108 406 579 504 631
D00 0.0108 285 564 338 664
D00 0.0105 378 627 505 703
D00 0.0105 0 669 43 712
D00 0.0105 24 685 93 715
D00 0.0104 588 593 720 720
D00 0.0104 414 576 468 605
D00 0.0103 283 625 314 690
D00 0.0102 425 582 483 664
D00 0.0102 311 547 425 659
D00 0.0102 429 638 507 720
D00 0.0101 159 616 212 720
D10 0.0107 407 609 464 639
D20 0.0574 0 556 383 715
D20 0.0340 132 587 423 711
D20 0.0306 201 585 550 720
D20 0.0305 24 497 553 690
D20 0.0291 249 604 454 718
D20 0.0277 327 601 615 709
D20 0.0267 66 557 258 679
D20 0.0217 49 626 323 720
D20 0.0212 433 615 654 714
D20 0.0205 259 551 402 705
D20 0.0202 135 542 336 697
D20 0.0196 301 632 533 720
D20 0.0192 178 631 404 720
D20 0.0177 190 556 456 687
D20 0.0174 421 603 586 684
D20 0.0165 0 0 489 353
D20 0.0163 0 496 222 720
D20 0.0162 201 0 720 353
D20 0.0160 347 529 402 557
D20 0.0154 200 374 720 720
D20 0.0154 341 516 410 551
D20 0.0153 0 401 377 720
D20 0.0148 478 638 713 720
D20 0.0148 375 142 720 720
D20 0.0146 384 615 548 711
D20 0.0141 288 568 494 682
D20 0.0139 404 587 561 658
D20 0.0138 150 562 232 621
D20 0.0137 291 512 393 554
D20 0.0136 388 574 720 720
D20 0.0135 0 0 720 521
D20 0.0130 0 283 619 720
D20 0.0126 546 0 720 269
D20 0.0124 0 0 415 720
D20 0.0120 0 0 175 273
D20 0.0119 146 475 446 720
D20 0.0111 339 556 440 606
D20 0.0111 398 598 499 650
D20 0.0111 317 519 410 565
D20 0.0110 265 546 683 698
D20 0.0109 463 0 720 175
D20 0.0107 406 651 609 720
D20 0.0107 455 627 594 701
D20 0.0106 234 529 426 630
D20 0.0106 364 596 520 687
D20 0.0102 108 503 238 654
D20 0.0101 463 614 577 661
D20 0.0100 512 594 720 708
D20 0.0100 301 531 402 580
D20 0.0100 0 0 249 173
D40 0.3562 5 573 211 671
D40 0.2369 18 602 166 675
D40 0.1639 66 596 173 651
D40 0.1613 10 577 120 666
D40 0.1323 0 534 279 696
D40 0.1308 15 626 136 698
D40 0.1137 19 567 166 637
D40 0.0922 52 613 148 653
D40 0.0851 82 591 201 677
D40 0.0836 1 550 136 697
D40 0.0759 85 607 165 644
D40 0.0719 59 611 182 700
D40 0.0653 0 622 192 720
D40 0.0646 27 601 124 649
D40 0.0624 83 560 211 646
D40 0.0596 6 539 224 641
D40 0.0559 1 605 93 666
D40 0.0540 15 651 151 712
D40 0.0483 19 590 108 636
D40 0.0482 51 590 145 637
D40 0.0456 41 623 130 661
D40 0.0440 175 529 257 564
D40 0.0423 79 597 157 633
D40 0.0379 96 596 195 638
D40 0.0364 24 619 101 650
D40 0.0355 4 612 51 658
D40 0.0353 15 606 89 643
D40 0.0346 1 555 91 646
D40 0.0343 69 543 218 615
D40 0.0342 110 603 182 656
D40 0.0338 55 519 299 639
D40 0.0335 0 586 91 712
D40 0.0333 81 621 168 659
D40 0.0331 70 629 148 654
D40 0.0309 161 532 251 584
D40 0.0302 7 656 97 707
D40 0.0301 7 528 67 562
D40 0.0293 42 596 244 714
D40 0.0293 30 583 121 623
D40 0.0288 17 545 156 610
D40 0.0287 174 540 239 568
D40 0.0285 97 538 224 693
D40 0.0270 109 523 252 595
D40 0.0269 9 623 63 666
D40 0.0268 0 597 57 697
D40 0.0267 63 587 136 669
D40 0.0262 18 667 83 699
D40 0.0254 143 537 235 625
D40 0.0254 1 538 59 568
D40 0.0245 10 596 78 629
D40 0.0233 29 503 189 679
D40 0.0231 174 568 216 613
D40 0.0228 2 585 63 648
D40 0.0227 0 524 40 566
D40 0.0216 14 630 86 657
D40 0.0215 93 596 140 649
D40 0.0212 127 574 206 692
D40 0.0212 140 567 229 664
D40 0.0211 0 623 41 667
D40 0.0211 123 554 223 611
D40 0.0209 51 599 122 690
D40 0.0203 19 587 88 617
D40 0.0202 133 527 242 570
D40 0.0202 71 588 144 617
D40 0.0199 183 524 253 551
D40 0.0198 0 423 595 720
D40 0.0194 76 604 118 657
D40 0.0193 48 595 101 667
D40 0.0192 34 623 90 664
D40 0.0192 118 598 161 648
D40 0.0190 152 520 303 589
D40 0.0186 0 600 41 649
D40 0.0186 13 496 409 679
D40 0.0184 21 586 80 658
D40 0.0182 173 547 221 592
D40 0.0180 0 519 64 577
D40 0.0179 27 529 84 558
D40 0.0176 532 567 628 610
D40 0.0176 6 634 77 679
D40 0.0176 89 583 184 627
D40 0.0173 203 531 267 560
D40 0.0170 132 602 190 644
D40 0.0168 157 564 215 596
D40 0.0167 68 652 202 715
D40 0.0165 0 373 38 418
D40 0.0165 41 635 124 678
D40 0.0162 19 520 72 554
D40 0.0161 117 491 295 579
D40 0.0160 149 505 266 556
D40 0.0159 167 576 209 625
D40 0.0159 95 536 220 581
D40 0.0158 15 648 63 695
D40 0.0156 21 606 77 689
D40 0.0155 546 576 613 604
D40 0.0155 7 519 100 565
D40 0.0152 9 626 45 692
D40 0.0151 26 649 112 694
D40 0.0151 152 533 227 559
D40 0.0150 546 552 720 640
D40 0.0139 89 606 147 674
D40 0.0139 72 625 142 686
D40 0.0138 86 614 127 667
D40 0.0138 184 515 282 560
D40 0.0138 0 506 149 634
D40 0.0137 23 573 105 613
D40 0.0137 575 567 701 624
D40 0.0135 0 428 321 638
D40 0.0134 174 499 338 561
D40 0.0134 64 615 106 671
D40 0.0133 162 539 217 576
D40 0.0132 16 522 199 593
D40 0.0131 0 541 100 605
D40 0.0130 92 500 245 566
D40 0.0130 140 553 216 583
D40 0.0129 4 640 58 670
D40 0.0129 125 548 269 641
D40 0.0127 10 673 107 720
D40 0.0125 138 507 331 656
D40 0.0125 0 358 60 424
D40 0.0125 270 523 383 566
D40 0.0124 97 626 198 688
D40 0.0123 80 566 153 656
D40 0.0123 44 466 257 584
D40 0.0122 113 629 181 657
D40 0.0122 5 582 53 626
D40 0.0119 49 575 138 615
D40 0.0119 168 558 235 604
D40 0.0118 117 603 232 673
D40 0.0118 41 661 98 701
D40 0.0117 3 543 50 584
D40 0.0117 290 517 379 551
D40 0.0116 289 531 358 558
D40 0.0115 96 550 195 586
D40 0.0115 585 577 720 656
D40 0.0114 27 657 69 706
D40 0.0114 186 533 226 585
D40 0.0114 175 523 238 604
D40 0.0113 85 634 168 676
D40 0.0112 540 567 603 596
D40 0.0110 523 573 598 607
D40 0.0110 175 513 386 597
D40 0.0109 18 533 92 571
D40 0.0109 167 540 285 604
D40 0.0108 30 539 113 640
D40 0.0108 349 555 444 606
D40 0.0107 74 662 164 702
D40 0.0107 166 599 205 646
D40 0.0106 42 534 154 653
D40 0.0106 292 531 396 580
D40 0.0104 347 565 407 594
D40 0.0103 369 565 428 595
D40 0.0103 124 581 177 649
D40 0.0103 31 675 165 720
D40 0.0103 37 570 87 644
D40 0.0101 62 649 151 693
D40 0.0101 337 542 393 570
D40 0.0101 152 590 203 637
D40 0.0101 117 637 213 720
D40 0.0100 125 544 210 570
D40 0.0100 268 531 334 558
