D00 0.1441 201 491 305 616
D00 0.1014 146 481 322 654
D00 0.0982 85 513 364 686
D00 0.0974 230 504 304 592
D00 0.0723 155 523 297 624
D00 0.0713 216 533 290 615
D00 0.0620 212 524 325 646
D00 0.0540 227 456 317 599
D00 0.0534 250 530 296 582
D00 0.0526 146 549 327 708
D00 0.0520 235 459 289 569
D00 0.0478 205 494 351 684
D00 0.0473 84 455 352 618
D00 0.0464 229 541 294 592
D00 0.0457 260 519 303 571
D00 0.0437 196 556 302 627
D00 0.0416 186 529 291 682
D00 0.0391 171 538 457 671
D00 0.0390 256 493 332 608
D00 0.0390 213 502 358 597
D00 0.0389 238 651 287 713
D00 0.0382 251 486 298 573
D00 0.0378 451 663 480 720
D00 0.0373 242 450 281 535
D00 0.0350 197 463 279 586
D00 0.0322 210 564 277 613
D00 0.0319 150 565 297 659
D00 0.0319 219 505 273 595
D00 0.0318 210 545 272 639
D00 0.0315 214 552 303 708
D00 0.0315 63 484 254 667
D00 0.0308 171 546 276 614
D00 0.0308 237 441 285 496
D00 0.0305 159 452 380 715
D00 0.0304 271 496 315 573
D00 0.0300 225 560 282 596
D00 0.0295 155 446 298 598
D00 0.0288 253 521 311 628
D00 0.0285 438 669 474 715
D00 0.0282 633 550 678 655
D00 0.0272 246 479 280 551
D00 0.0272 220 473 271 558
D00 0.0271 237 511 303 559
D00 0.0256 442 639 489 720
D00 0.0249 167 602 300 711
D00 0.0245 242 548 311 668
D00 0.0237 202 592 358 720
D00 0.0235 202 660 292 718
D00 0.0232 245 513 335 575
D00 0.0230 248 464 335 564
D00 0.0221 229 521 286 572
D00 0.0220 319 458 343 522
D00 0.0219 110 522 256 641
D00 0.0219 247 513 382 624
D00 0.0219 613 471 708 659
D00 0.0216 198 542 279 594
D00 0.0216 132 488 285 578
D00 0.0214 222 546 265 609
D00 0.0209 33 537 202 714
D00 0.0209 12 383 284 720
D00 0.0209 229 501 278 549
D00 0.0205 214 493 300 562
D00 0.0202 226 673 280 711
D00 0.0200 145 644 313 720
D00 0.0199 206 452 279 528
D00 0.0198 234 475 274 525
D00 0.0198 629 569 665 647
D00 0.0193 194 581 306 645
D00 0.0192 244 661 298 700
D00 0.0189 633 506 694 632
D00 0.0188 226 604 292 713
D00 0.0188 669 425 718 533
D00 0.0188 243 453 296 483
D00 0.0187 209 456 421 611
D00 0.0186 440 686 490 719
D00 0.0186 287 476 355 590
D00 0.0186 241 679 284 720
D00 0.0186 263 502 306 550
D00 0.0185 360 554 439 622
D00 0.0178 179 568 261 648
D00 0.0177 630 488 679 596
D00 0.0177 575 425 604 485
D00 0.0174 214 656 345 715
D00 0.0173 287 483 326 563
D00 0.0172 2 541 117 720
D00 0.0171 450 654 502 711
D00 0.0171 643 577 670 645
D00 0.0170 328 458 353 521
D00 0.0168 276 521 311 582
D00 0.0167 625 537 702 682
D00 0.0165 450 644 482 700
D00 0.0165 209 687 276 718
D00 0.0165 628 444 696 564
D00 0.0163 191 501 261 599
D00 0.0163 310 440 351 536
D00 0.0163 0 473 37 551
D00 0.0160 436 543 517 611
D00 0.0158 467 636 508 675
D00 0.0158 237 470 283 500
D00 0.0156 304 460 337 541
D00 0.0156 563 427 594 485
D00 0.0155 214 505 253 572
D00 0.0154 380 544 466 616
D00 0.0152 253 451 288 505
D00 0.0152 251 534 403 713
D00 0.0151 220 565 260 627
D00 0.0151 668 496 720 594
D00 0.0150 460 664 491 718
D00 0.0149 229 544 323 609
D00 0.0148 565 414 612 509
D00 0.0148 423 666 486 720
D00 0.0148 442 665 490 697
D00 0.0147 470 562 527 615
D00 0.0146 0 496 79 645
D00 0.0146 253 543 292 607
D00 0.0146 415 534 498 602
D00 0.0145 278 496 409 605
D00 0.0145 248 429 279 485
D00 0.0145 242 425 297 508
D00 0.0145 641 423 720 576
D00 0.0144 414 513 495 578
D00 0.0144 199 548 253 623
D00 0.0143 193 574 261 608
D00 0.0143 255 467 289 541
D00 0.0143 456 648 497 689
D00 0.0142 363 459 389 520
D00 0.0142 643 510 719 664
D00 0.0142 460 632 516 661
D00 0.0140 165 680 283 720
D00 0.0140 377 568 421 613
D00 0.0139 270 537 325 640
D00 0.0138 686 455 720 542
D00 0.0137 354 484 436 616
D00 0.0137 654 538 705 645
D00 0.0136 236 507 291 539
D00 0.0135 264 440 370 597
D00 0.0135 251 652 312 709
D00 0.0134 209 532 263 582
D00 0.0134 367 585 431 616
D00 0.0133 223 673 321 720
D00 0.0133 449 642 506 669
D00 0.0132 77 574 234 720
D00 0.0132 262 533 319 595
D00 0.0132 680 402 720 507
D00 0.0130 690 433 717 502
D00 0.0130 236 554 288 635
D00 0.0130 308 447 334 511
D00 0.0129 353 451 398 544
D00 0.0129 437 649 477 691
D00 0.0129 422 469 464 509
D00 0.0128 472 630 526 681
D00 0.0128 352 469 378 529
D00 0.0127 647 567 685 651
D00 0.0127 417 462 448 517
D00 0.0127 390 490 484 613
D00 0.0126 339 459 365 520
D00 0.0126 623 534 671 633
D00 0.0126 373 460 400 520
D00 0.0126 428 561 506 630
D00 0.0126 446 498 557 599
D00 0.0126 0 604 39 709
D00 0.0125 371 466 458 595
D00 0.0124 461 641 515 694
D00 0.0124 484 552 516 606
D00 0.0124 228 654 281 687
D00 0.0124 484 570 516 626
D00 0.0123 308 462 387 599
D00 0.0123 446 520 505 572
D00 0.0122 185 439 348 564
D00 0.0122 412 458 452 497
D00 0.0122 203 511 278 558
D00 0.0122 4 464 154 669
D00 0.0121 440 509 527 631
D00 0.0121 648 500 687 589
D00 0.0120 1 502 52 608
D00 0.0120 428 474 459 527
D00 0.0120 318 436 342 500
D00 0.0120 251 565 345 701
D00 0.0120 376 579 467 621
D00 0.0120 443 514 487 556
D00 0.0119 441 654 493 682
D00 0.0119 78 532 178 671
D00 0.0119 282 482 313 551
D00 0.0119 483 621 514 671
D00 0.0118 221 488 285 537
D00 0.0118 156 483 242 597
D00 0.0118 3 473 68 590
D00 0.0118 460 532 534 602
D00 0.0117 285 535 358 641
D00 0.0117 588 532 692 651
D00 0.0117 580 415 619 491
D00 0.0117 426 497 482 550
D00 0.0117 415 464 474 491
D00 0.0116 324 468 358 545
D00 0.0116 466 558 511 600
D00 0.0116 369 468 404 549
D00 0.0116 403 614 518 707
D00 0.0116 288 463 356 540
D00 0.0116 468 618 509 655
D00 0.0116 400 455 470 523
D00 0.0115 108 688 195 720
D00 0.0115 298 506 454 679
D00 0.0115 17 534 91 656
D00 0.0114 344 474 402 587
D00 0.0114 407 450 436 506
D00 0.0114 650 538 687 622
D00 0.0113 417 485 472 538
D00 0.0113 463 552 517 638
D00 0.0113 80 562 135 664
D00 0.0112 248 639 279 696
D00 0.0112 250 441 311 492
D00 0.0112 291 511 323 572
D00 0.0112 332 505 416 633
D00 0.0111 425 476 485 503
D00 0.0111 456 551 499 621
D00 0.0111 0 411 74 560
D00 0.0111 227 572 290 606
D00 0.0111 330 451 376 541
D00 0.0111 438 487 528 569
D00 0.0111 458 507 515 563
D00 0.0110 545 427 588 505
D00 0.0110 387 543 431 616
D00 0.0110 640 527 675 606
D00 0.0109 433 481 475 519
D00 0.0109 661 517 703 591
D00 0.0109 629 510 663 576
D00 0.0109 141 687 236 720
D00 0.0109 576 425 626 523
D00 0.0109 412 560 479 617
D00 0.0108 321 447 424 612
D00 0.0108 483 546 535 631
D00 0.0108 245 452 317 532
D00 0.0108 166 578 257 621
D00 0.0108 3 552 68 678
D00 0.0108 427 635 539 720
D00 0.0108 432 526 478 565
D00 0.0107 650 689 713 717
D00 0.0107 425 661 468 703
D00 0.0106 540 445 572 509
D00 0.0106 591 567 720 700
D00 0.0106 415 467 506 591
D00 0.0106 623 586 672 674
D00 0.0106 488 559 531 600
D00 0.0106 473 472 539 578
D00 0.0106 536 450 679 653
D00 0.0106 379 636 497 720
D00 0.0105 298 529 395 615
D00 0.0105 467 577 511 620
D00 0.0105 215 663 277 700
D00 0.0105 350 615 480 705
D00 0.0105 482 445 521 485
D00 0.0104 363 457 424 566
D00 0.0104 666 529 716 623
D00 0.0104 395 499 476 566
D00 0.0104 438 508 471 561
D00 0.0104 551 438 600 471
D00 0.0104 306 489 334 553
D00 0.0103 347 562 412 618
D00 0.0103 373 511 426 605
D00 0.0103 94 577 175 658
D00 0.0103 653 449 709 550
D00 0.0103 358 478 394 561
D00 0.0103 213 484 254 547
D00 0.0103 480 643 544 673
D00 0.0103 262 610 335 710
D00 0.0103 687 525 717 586
D00 0.0103 665 622 717 713
D00 0.0103 19 576 91 699
D00 0.0103 471 612 527 660
D00 0.0102 402 424 438 461
D00 0.0102 478 647 519 687
D00 0.0102 445 615 565 705
D00 0.0102 423 590 541 684
D00 0.0102 448 497 503 551
D00 0.0102 1 650 33 713
D00 0.0102 0 456 103 603
D00 0.0102 417 676 472 709
D00 0.0102 473 582 527 638
D00 0.0101 364 432 410 526
D00 0.0101 428 698 481 720
D00 0.0101 506 633 565 682
D00 0.0101 380 451 416 527
D00 0.0101 382 430 435 457
D00 0.0101 655 657 720 720
D00 0.0100 442 536 490 576
D00 0.0100 654 579 714 692
D00 0.0100 0 581 35 659
D00 0.0100 496 468 558 577
D00 0.0100 462 529 545 651
D00 0.0100 296 470 324 536
D00 0.0100 348 440 382 518
D00 0.0100 637 529 707 604
D10 0.0583 612 405 716 437
D10 0.0356 630 417 710 444
D10 0.0301 602 409 681 435
D10 0.0275 564 563 665 592
D10 0.0250 377 534 494 581
D10 0.0241 554 619 653 647
D10 0.0224 596 414 690 449
D10 0.0218 660 633 718 659
D10 0.0214 634 397 706 428
D10 0.0201 410 543 481 569
D10 0.0197 541 622 619 644
D10 0.0193 543 607 641 640
D10 0.0193 552 567 631 588
D10 0.0190 422 532 488 560
D10 0.0186 604 406 715 467
D10 0.0181 390 528 481 565
D10 0.0180 589 556 660 583
D10 0.0176 590 381 720 454
D10 0.0174 551 547 679 590
D10 0.0173 370 539 460 573
D10 0.0171 649 622 711 651
D10 0.0168 579 556 680 604
D10 0.0167 532 611 607 637
D10 0.0166 512 614 629 653
D10 0.0166 630 622 720 670
D10 0.0163 617 565 673 589
D10 0.0162 594 463 657 491
D10 0.0154 423 537 506 575
D10 0.0153 327 545 468 606
D10 0.0153 605 621 667 646
D10 0.0147 501 607 595 640
D10 0.0147 511 622 583 645
D10 0.0145 525 559 640 597
D10 0.0144 621 428 700 457
D10 0.0143 401 548 490 587
D10 0.0141 331 522 466 582
D10 0.0140 629 621 689 648
D10 0.0140 576 452 680 506
D10 0.0138 553 556 628 582
D10 0.0137 654 562 708 589
D10 0.0134 496 592 651 646
D10 0.0132 490 611 557 637
D10 0.0132 502 605 686 671
D10 0.0131 468 575 528 605
D10 0.0129 590 575 658 601
D10 0.0129 489 623 557 647
D10 0.0128 629 633 691 658
D10 0.0128 424 520 485 551
D10 0.0128 595 474 657 503
D10 0.0127 456 565 518 595
D10 0.0125 662 641 716 670
D10 0.0124 434 527 514 564
D10 0.0123 557 569 672 616
D10 0.0120 580 610 686 654
D10 0.0119 445 575 510 604
D10 0.0118 434 552 499 584
D10 0.0117 605 445 692 487
D10 0.0116 269 543 418 607
D10 0.0116 566 634 638 658
D10 0.0114 478 565 538 594
D10 0.0113 425 558 510 600
D10 0.0112 379 532 446 561
D10 0.0111 614 434 704 475
D10 0.0111 388 553 460 580
D10 0.0111 606 399 678 428
D10 0.0111 666 552 717 584
D10 0.0110 456 541 516 571
D10 0.0109 590 609 657 640
D10 0.0108 623 552 720 607
D10 0.0107 558 393 692 447
D10 0.0107 574 463 629 492
D10 0.0107 591 633 657 658
D10 0.0106 644 553 699 584
D10 0.0106 468 601 584 646
D10 0.0105 574 475 633 503
D10 0.0105 546 626 660 667
D10 0.0102 360 548 443 586
D10 0.0101 651 679 710 709
D10 0.0101 621 559 697 596
D10 0.0100 425 508 484 538
D10 0.0100 605 468 684 510
D10 0.0100 595 452 656 483
D10 0.0100 470 623 530 650
D10 0.0100 661 427 714 456
D20 0.0568 47 475 567 683
D20 0.0436 142 487 480 645
D20 0.0390 204 541 436 641
D20 0.0358 307 548 533 639
D20 0.0355 213 534 594 673
D20 0.0324 200 497 423 607
D20 0.0307 244 570 489 655
D20 0.0306 149 564 491 708
D20 0.0301 241 527 500 623
D20 0.0299 350 526 557 621
D20 0.0291 22 360 613 653
D20 0.0288 216 616 434 708
D20 0.0266 0 421 330 710
D20 0.0259 229 593 457 679
D20 0.0256 569 429 707 572
D20 0.0253 341 483 546 581
D20 0.0249 225 477 677 648
D20 0.0238 263 591 565 698
D20 0.0223 151 505 720 720
D20 0.0222 316 489 482 615
D20 0.0217 352 567 559 660
D20 0.0210 176 636 390 720
D20 0.0207 203 460 382 580
D20 0.0206 589 393 720 535
D20 0.0205 332 576 678 707
D20 0.0200 369 543 508 606
D20 0.0197 220 568 385 700
D20 0.0197 0 543 280 720
D20 0.0195 337 515 507 591
D20 0.0192 346 565 490 626
D20 0.0191 141 399 444 715
D20 0.0188 394 547 609 641
D20 0.0186 459 575 690 658
D20 0.0186 383 528 701 678
D20 0.0185 613 402 713 459
D20 0.0183 294 462 514 564
D20 0.0182 83 306 357 678
D20 0.0179 0 0 489 353
D20 0.0176 593 469 717 622
D20 0.0176 291 589 448 643
D20 0.0175 201 0 720 353
D20 0.0173 382 456 571 559
D20 0.0172 21 198 720 710
D20 0.0170 250 638 478 720
D20 0.0169 500 494 701 596
D20 0.0168 609 343 720 500
D20 0.0162 482 451 690 556
D20 0.0162 375 142 720 720
D20 0.0162 0 142 348 720
D20 0.0159 666 376 717 458
D20 0.0159 392 522 523 581
D20 0.0157 378 503 643 624
D20 0.0156 0 18 669 530
D20 0.0154 223 442 508 622
D20 0.0154 415 564 542 627
D20 0.0153 231 656 371 715
D20 0.0152 426 597 645 681
D20 0.0151 526 400 720 493
D20 0.0151 292 447 631 594
D20 0.0150 445 619 667 703
D20 0.0150 423 553 532 606
D20 0.0149 377 499 500 644
D20 0.0146 420 501 539 599
D20 0.0145 421 581 588 653
D20 0.0143 375 499 504 561
D20 0.0143 330 577 498 692
D20 0.0142 330 618 537 706
D20 0.0141 322 574 438 624
D20 0.0138 267 635 421 694
D20 0.0136 606 467 679 542
D20 0.0136 595 436 689 531
D20 0.0135 365 416 720 610
D20 0.0135 418 490 491 557
D20 0.0134 502 491 720 720
D20 0.0131 365 449 523 522
D20 0.0131 290 612 445 666
D20 0.0131 651 399 713 487
D20 0.0130 348 533 441 614
D20 0.0130 625 380 714 439
D20 0.0130 399 585 510 634
D20 0.0129 506 541 713 647
D20 0.0129 589 417 699 470
D20 0.0129 626 440 720 566
D20 0.0128 348 420 412 446
D20 0.0128 0 327 229 662
D20 0.0128 420 535 579 611
D20 0.0127 415 454 515 499
D20 0.0127 250 489 433 573
D20 0.0127 617 414 707 508
D20 0.0126 540 468 665 575
D20 0.0125 0 0 176 274
D20 0.0125 340 457 451 565
D20 0.0124 406 466 508 513
D20 0.0123 475 591 626 646
D20 0.0123 462 559 644 633
D20 0.0123 542 427 659 538
D20 0.0122 335 456 635 720
D20 0.0122 378 475 503 541
D20 0.0121 504 594 719 680
D20 0.0120 407 443 504 485
D20 0.0120 600 499 671 582
D20 0.0118 546 0 720 268
D20 0.0116 423 510 525 562
D20 0.0114 349 433 495 552
D20 0.0114 458 614 599 668
D20 0.0113 457 565 561 615
D20 0.0113 338 516 454 663
D20 0.0112 402 604 564 675
D20 0.0112 427 474 631 576
D20 0.0112 562 426 686 494
D20 0.0111 512 637 720 720
D20 0.0111 427 515 537 663
D20 0.0110 403 453 518 605
D20 0.0110 534 401 720 619
D20 0.0109 366 575 466 651
D20 0.0109 549 495 672 549
D20 0.0108 422 452 487 478
D20 0.0106 0 0 257 175
D20 0.0106 295 656 440 713
D20 0.0104 285 510 410 661
D20 0.0104 416 482 495 518
D20 0.0104 426 488 523 537
D20 0.0103 479 635 625 693
D20 0.0103 141 397 579 583
D20 0.0103 565 479 681 648
D20 0.0103 455 0 720 175
D20 0.0103 412 639 615 720
D20 0.0102 583 448 657 559
D20 0.0102 480 415 684 516
D20 0.0102 237 445 460 546
D20 0.0102 426 504 501 543
D20 0.0101 415 438 495 470
D20 0.0101 359 429 420 455
D20 0.0100 583 377 709 469
D20 0.0100 0 0 123 190
D40 0.1100 22 497 333 693
D40 0.1071 82 579 270 692
D40 0.0939 610 505 665 539
D40 0.0693 107 535 294 658
D40 0.0670 593 495 673 547
D40 0.0661 102 605 242 674
D40 0.0625 38 602 224 709
D40 0.0561 82 556 377 710
D40 0.0505 41 449 309 619
D40 0.0479 98 627 240 695
D40 0.0479 124 581 265 653
D40 0.0477 260 587 365 636
D40 0.0443 58 574 215 668
D40 0.0429 0 442 540 699
D40 0.0412 235 457 276 498
D40 0.0409 277 597 341 631
D40 0.0366 79 593 185 684
D40 0.0358 180 441 282 495
D40 0.0355 659 407 713 435
D40 0.0352 243 447 281 489
D40 0.0342 134 558 272 633
D40 0.0334 212 565 438 658
D40 0.0333 283 608 353 636
D40 0.0324 0 538 229 679
D40 0.0313 70 640 229 719
D40 0.0306 141 596 221 667
D40 0.0306 630 500 673 545
D40 0.0304 115 605 322 714
D40 0.0295 213 548 374 636
D40 0.0282 167 433 298 582
D40 0.0281 219 443 282 514
D40 0.0280 155 591 273 680
D40 0.0280 130 623 209 668
D40 0.0273 212 462 274 492
D40 0.0272 49 628 177 699
D40 0.0263 276 418 330 447
D40 0.0257 178 585 462 701
D40 0.0257 16 561 168 708
D40 0.0256 0 384 383 635
D40 0.0256 92 562 225 634
D40 0.0252 120 580 210 688
D40 0.0251 108 634 193 678
D40 0.0248 671 410 714 449
D40 0.0246 189 445 284 536
D40 0.0237 620 479 700 572
D40 0.0233 196 452 270 483
D40 0.0232 0 511 39 554
D40 0.0232 235 595 343 642
D40 0.0228 175 422 277 471
D40 0.0226 622 494 667 566
D40 0.0224 0 580 304 720
D40 0.0224 229 566 319 655
D40 0.0222 234 602 416 674
D40 0.0219 12 642 167 720
D40 0.0218 30 551 184 644
D40 0.0217 72 532 241 621
D40 0.0214 114 653 265 714
D40 0.0210 130 422 296 522
D40 0.0206 270 573 328 632
D40 0.0206 189 429 255 459
D40 0.0206 596 459 687 551
D40 0.0204 150 619 213 654
D40 0.0203 614 493 687 536
D40 0.0202 187 440 257 471
D40 0.0201 99 511 269 598
D40 0.0200 599 515 661 547
D40 0.0198 258 608 323 637
D40 0.0196 267 566 423 627
D40 0.0194 0 236 441 714
D40 0.0191 198 625 363 707
D40 0.0190 682 399 718 441
D40 0.0187 633 396 720 443
D40 0.0184 234 435 277 478
D40 0.0183 0 477 187 652
D40 0.0183 155 540 258 602
D40 0.0183 165 632 295 699
D40 0.0178 249 408 333 452
D40 0.0178 108 612 199 660
D40 0.0175 146 617 260 667
D40 0.0174 215 421 283 492
D40 0.0174 0 455 224 587
D40 0.0174 206 493 291 562
D40 0.0172 307 591 353 633
D40 0.0171 0 516 128 670
D40 0.0171 93 624 177 667
D40 0.0169 137 432 263 492
D40 0.0168 607 487 665 519
D40 0.0167 31 615 133 706
D40 0.0167 281 584 315 636
D40 0.0167 16 504 225 612
D40 0.0166 293 593 387 633
D40 0.0164 230 442 314 494
D40 0.0162 132 465 280 552
D40 0.0162 192 467 273 508
D40 0.0162 672 389 712 433
D40 0.0162 264 428 324 455
D40 0.0161 292 576 401 648
D40 0.0160 13 527 149 620
D40 0.0159 179 431 241 484
D40 0.0156 607 495 648 546
D40 0.0153 143 450 266 514
D40 0.0153 564 468 720 584
D40 0.0152 642 411 700 448
D40 0.0151 138 640 202 671
D40 0.0150 575 481 669 568
D40 0.0150 190 420 252 448
D40 0.0150 170 440 229 470
D40 0.0149 216 609 339 670
D40 0.0149 618 398 709 480
D40 0.0149 618 509 686 552
D40 0.0145 617 434 704 533
D40 0.0143 600 501 684 591
D40 0.0143 685 511 720 556
D40 0.0143 289 593 325 641
D40 0.0142 230 465 289 507
D40 0.0142 248 635 398 696
D40 0.0142 157 629 226 660
D40 0.0142 303 609 377 634
D40 0.0141 129 554 232 612
D40 0.0141 3 493 111 614
D40 0.0141 126 544 214 657
D40 0.0141 173 456 252 500
D40 0.0140 270 408 324 440
D40 0.0139 11 403 286 566
D40 0.0139 224 452 266 504
D40 0.0139 586 497 654 529
D40 0.0138 11 546 100 643
D40 0.0137 171 451 228 481
D40 0.0137 0 391 209 474
D40 0.0136 64 581 145 695
D40 0.0135 640 456 718 553
D40 0.0134 169 431 228 459
D40 0.0133 295 413 337 448
D40 0.0132 630 403 689 436
D40 0.0131 28 582 147 652
D40 0.0131 0 592 139 688
D40 0.0128 244 440 298 471
D40 0.0128 287 587 350 621
D40 0.0128 663 396 702 442
D40 0.0128 0 499 53 565
D40 0.0127 261 606 360 650
D40 0.0124 60 541 193 606
D40 0.0122 609 495 720 552
D40 0.0122 64 492 239 570
D40 0.0121 245 580 313 637
D40 0.0120 67 649 164 711
D40 0.0120 149 601 202 650
D40 0.0119 436 634 499 660
D40 0.0119 89 644 171 691
D40 0.0119 0 489 35 539
D40 0.0118 49 416 255 507
D40 0.0118 167 604 240 659
D40 0.0118 168 518 266 581
D40 0.0117 154 614 195 670
D40 0.0117 97 586 199 650
D40 0.0117 641 500 717 594
D40 0.0117 301 584 335 635
D40 0.0117 289 568 347 644
D40 0.0116 0 523 78 621
D40 0.0116 18 516 135 584
D40 0.0115 90 408 191 453
D40 0.0114 4 518 61 548
D40 0.0114 244 561 347 624
D40 0.0114 320 584 435 632
D40 0.0114 14 379 192 443
D40 0.0113 237 429 325 479
D40 0.0113 97 402 286 491
D40 0.0112 171 473 274 526
D40 0.0110 1 526 49 557
D40 0.0110 257 587 319 620
D40 0.0109 682 532 719 582
D40 0.0109 244 422 283 465
D40 0.0109 104 623 184 720
D40 0.0108 118 651 184 681
D40 0.0107 223 428 278 458
D40 0.0107 671 545 712 589
D40 0.0107 596 476 660 531
D40 0.0107 161 413 258 459
D40 0.0106 80 396 180 440
D40 0.0106 157 568 249 614
D40 0.0106 246 428 302 456
D40 0.0105 177 474 242 505
D40 0.0105 0 483 76 575
D40 0.0105 82 520 224 581
D40 0.0105 673 493 720 578
D40 0.0104 277 618 341 643
D40 0.0104 200 416 277 454
D40 0.0104 248 418 305 449
D40 0.0103 232 459 314 521
D40 0.0103 641 411 720 509
D40 0.0103 66 620 161 677
D40 0.0103 133 590 213 638
D40 0.0102 111 544 218 596
D40 0.0102 27 408 178 460
D40 0.0102 201 592 310 649
D40 0.0102 104 412 239 467
D40 0.0101 666 383 720 452
D40 0.0101 101 385 195 430
D40 0.0101 97 640 167 674
D40 0.0101 394 431 446 458
D40 0.0101 87 545 165 660
D40 0.0101 1 602 31 665
D40 0.0101 664 413 716 473
D40 0.0100 199 490 273 534
D40 0.0100 160 432 218 481
