D00 0.0878 374 408 401 479
D00 0.0828 364 398 390 470
D00 0.0763 362 510 389 575
D00 0.0711 596 679 634 720
D00 0.0658 357 402 428 566
D00 0.0648 366 396 410 502
D00 0.0632 353 483 396 582
D00 0.0610 384 419 411 490
D00 0.0570 336 419 408 582
D00 0.0559 161 510 188 577
D00 0.0541 353 501 381 568
D00 0.0511 376 418 421 525
D00 0.0493 602 685 664 720
D00 0.0490 356 381 399 485
D00 0.0476 383 420 444 548
D00 0.0461 364 461 421 589
D00 0.0452 343 459 387 572
D00 0.0431 152 486 199 581
D00 0.0428 586 668 647 720
D00 0.0419 390 421 427 506
D00 0.0410 349 397 382 485
D00 0.0409 371 500 399 568
D00 0.0391 359 417 394 505
D00 0.0376 548 600 608 631
D00 0.0374 586 696 643 720
D00 0.0367 366 438 465 567
D00 0.0335 313 405 390 561
D00 0.0333 342 419 364 489
D00 0.0330 370 398 403 449
D00 0.0329 353 429 399 543
D00 0.0327 375 402 420 470
D00 0.0325 409 477 458 570
D00 0.0324 342 418 385 526
D00 0.0323 305 445 436 600
D00 0.0320 388 417 459 496
D00 0.0319 216 449 265 548
D00 0.0319 368 468 404 561
D00 0.0316 267 631 322 659
D00 0.0316 216 441 285 513
D00 0.0316 419 503 449 562
D00 0.0313 361 522 408 582
D00 0.0311 343 522 392 581
D00 0.0300 370 440 406 533
D00 0.0298 158 503 212 568
D00 0.0297 384 472 436 571
D00 0.0296 381 453 416 546
D00 0.0289 176 431 290 538
D00 0.0288 401 425 468 540
D00 0.0288 352 429 376 498
D00 0.0284 220 458 264 501
D00 0.0284 333 397 374 504
D00 0.0280 332 431 374 542
D00 0.0280 384 413 435 480
D00 0.0279 374 413 510 550
D00 0.0274 419 436 472 495
D00 0.0273 362 533 391 593
D00 0.0273 377 491 415 571
D00 0.0271 168 520 199 583
D00 0.0271 396 452 423 521
D00 0.0266 154 450 269 558
D00 0.0264 362 479 389 552
D00 0.0263 562 662 683 718
D00 0.0256 353 527 396 564
D00 0.0254 230 449 271 526
D00 0.0254 423 520 460 564
D00 0.0254 0 476 133 613
D00 0.0252 150 504 181 568
D00 0.0251 401 434 442 513
D00 0.0249 337 410 402 495
D00 0.0248 134 469 244 579
D00 0.0248 602 531 672 557
D00 0.0242 553 684 634 720
D00 0.0242 338 470 373 558
D00 0.0240 203 460 260 518
D00 0.0239 430 432 504 499
D00 0.0239 331 502 410 595
D00 0.0239 569 599 626 629
D00 0.0237 331 420 354 489
D00 0.0236 226 465 257 532
D00 0.0232 181 470 251 553
D00 0.0228 242 429 285 502
D00 0.0226 231 445 275 491
D00 0.0225 319 492 390 570
D00 0.0223 111 490 223 598
D00 0.0222 529 592 621 635
D00 0.0222 402 494 444 565
D00 0.0222 130 511 200 590
D00 0.0222 381 450 415 501
D00 0.0219 0 393 108 569
D00 0.0218 222 425 336 539
D00 0.0216 321 422 365 523
D00 0.0215 179 454 275 506
D00 0.0215 138 494 193 558
D00 0.0211 0 518 201 617
D00 0.0211 359 487 463 603
D00 0.0210 353 466 377 538
D00 0.0209 210 476 249 558
D00 0.0209 0 390 36 475
D00 0.0208 595 515 679 554
D00 0.0207 201 472 259 501
D00 0.0206 562 588 614 622
D00 0.0205 342 454 366 523
D00 0.0204 523 609 596 635
D00 0.0203 253 432 295 478
D00 0.0201 429 494 457 556
D00 0.0200 402 456 440 542
D00 0.0199 238 446 287 547
D00 0.0199 360 389 393 436
D00 0.0197 382 395 491 501
D00 0.0197 442 444 487 490
D00 0.0196 433 453 475 497
D00 0.0195 35 467 201 594
D00 0.0194 417 428 451 488
D00 0.0194 7 503 102 596
D00 0.0192 543 617 655 714
D00 0.0191 238 437 309 512
D00 0.0190 428 446 461 503
D00 0.0190 589 672 621 720
D00 0.0190 337 388 460 526
D00 0.0190 169 493 242 568
D00 0.0189 450 442 530 510
D00 0.0189 410 413 479 486
D00 0.0185 366 426 411 461
D00 0.0184 388 410 428 457
D00 0.0184 197 429 311 495
D00 0.0183 395 479 424 547
D00 0.0183 0 514 64 600
D00 0.0182 464 586 637 650
D00 0.0181 0 453 79 598
D00 0.0180 13 539 145 605
D00 0.0180 330 442 355 508
D00 0.0180 293 423 361 545
D00 0.0179 375 438 424 471
D00 0.0179 93 425 246 553
D00 0.0178 343 514 440 574
D00 0.0177 153 523 216 598
D00 0.0176 500 648 704 720
D00 0.0175 203 489 235 554
D00 0.0175 236 438 290 470
D00 0.0174 363 452 389 524
D00 0.0173 398 610 464 640
D00 0.0173 394 522 468 564
D00 0.0172 495 564 656 636
D00 0.0170 151 527 201 562
D00 0.0170 133 416 317 517
D00 0.0170 248 456 279 517
D00 0.0169 3 418 225 616
D00 0.0169 0 363 77 502
D00 0.0169 260 445 290 506
D00 0.0168 574 497 702 554
D00 0.0168 234 462 289 494
D00 0.0167 364 596 458 631
D00 0.0167 411 459 503 543
D00 0.0167 420 497 490 564
D00 0.0166 2 380 31 446
D00 0.0166 574 527 663 560
D00 0.0165 400 449 523 517
D00 0.0165 28 517 167 587
D00 0.0165 604 494 666 551
D00 0.0165 141 445 242 526
D00 0.0165 438 457 521 497
D00 0.0164 258 639 313 666
D00 0.0164 331 599 399 624
D00 0.0164 616 685 709 720
D00 0.0164 187 464 254 493
D00 0.0164 238 474 265 544
D00 0.0162 471 454 551 520
D00 0.0162 352 386 381 445
D00 0.0162 239 627 313 663
D00 0.0160 3 422 67 540
D00 0.0160 324 459 361 544
D00 0.0160 236 429 291 460
D00 0.0160 239 411 306 481
D00 0.0159 495 480 575 542
D00 0.0159 537 573 655 665
D00 0.0159 28 500 285 624
D00 0.0159 414 445 454 522
D00 0.0158 0 533 120 642
D00 0.0158 492 476 554 525
D00 0.0158 200 442 263 496
D00 0.0157 345 589 408 617
D00 0.0157 275 622 336 654
D00 0.0157 147 431 273 492
D00 0.0156 350 526 434 614
D00 0.0156 385 456 540 579
D00 0.0156 468 595 720 700
D00 0.0156 342 516 388 552
D00 0.0156 279 621 312 666
D00 0.0156 109 475 228 540
D00 0.0156 269 424 301 485
D00 0.0156 570 630 715 711
D00 0.0154 65 547 125 603
D00 0.0154 271 420 497 607
D00 0.0153 370 529 427 563
D00 0.0153 427 439 483 473
D00 0.0153 596 537 681 571
D00 0.0153 157 542 194 589
D00 0.0152 389 509 431 558
D00 0.0152 341 513 375 571
D00 0.0151 343 423 441 487
D00 0.0151 341 391 367 455
D00 0.0151 352 600 426 625
D00 0.0151 143 514 238 575
D00 0.0151 446 451 509 484
D00 0.0151 400 422 443 469
D00 0.0151 245 444 366 556
D00 0.0150 198 470 316 540
D00 0.0150 409 449 462 484
D00 0.0150 437 436 518 477
D00 0.0150 56 519 131 598
D00 0.0149 305 583 475 645
D00 0.0149 477 456 524 498
D00 0.0149 501 497 568 524
D00 0.0149 422 424 465 468
D00 0.0149 100 506 203 566
D00 0.0148 229 463 274 564
D00 0.0148 331 479 521 626
D00 0.0147 362 516 411 552
D00 0.0147 287 558 453 628
D00 0.0147 147 529 186 578
D00 0.0147 155 485 217 546
D00 0.0147 227 485 254 553
D00 0.0147 304 465 357 556
D00 0.0147 267 409 336 523
D00 0.0146 329 529 385 562
D00 0.0146 67 455 324 583
D00 0.0145 378 443 451 489
D00 0.0145 301 474 338 548
D00 0.0145 7 461 97 551
D00 0.0145 124 477 184 572
D00 0.0144 375 449 425 482
D00 0.0144 269 467 390 578
D00 0.0144 663 493 717 549
D00 0.0144 613 512 703 570
D00 0.0144 367 407 469 474
D00 0.0143 600 669 651 699
D00 0.0142 355 438 403 471
D00 0.0142 8 429 138 538
D00 0.0142 460 439 494 495
D00 0.0142 517 489 594 551
D00 0.0142 512 661 643 716
D00 0.0142 385 427 437 460
D00 0.0141 600 474 716 565
D00 0.0141 75 540 206 603
D00 0.0140 375 405 422 437
D00 0.0140 252 458 300 556
D00 0.0140 666 510 718 599
D00 0.0140 565 644 630 720
D00 0.0139 524 514 679 631
D00 0.0139 260 622 355 664
D00 0.0139 626 501 712 546
D00 0.0138 388 447 482 505
D00 0.0138 583 519 652 550
D00 0.0138 472 449 507 504
D00 0.0138 479 487 546 515
D00 0.0137 15 495 141 565
D00 0.0137 432 510 472 558
D00 0.0137 357 584 443 621
D00 0.0137 222 395 332 499
D00 0.0136 315 411 348 495
D00 0.0136 285 453 334 550
D00 0.0136 488 468 534 510
D00 0.0135 534 597 585 633
D00 0.0135 212 430 274 487
D00 0.0135 396 439 451 472
D00 0.0134 327 388 357 478
D00 0.0134 424 529 483 560
D00 0.0134 367 592 501 645
D00 0.0134 553 580 647 629
D00 0.0134 74 486 176 574
D00 0.0133 198 435 385 595
D00 0.0133 384 588 586 650
D00 0.0133 246 450 300 483
D00 0.0133 426 426 506 464
D00 0.0133 104 447 194 577
D00 0.0133 617 506 652 557
D00 0.0132 36 423 200 551
D00 0.0132 607 652 711 718
D00 0.0132 225 421 284 474
D00 0.0132 191 502 225 562
D00 0.0132 273 387 381 551
D00 0.0132 420 228 464 327
D00 0.0131 298 394 402 508
D00 0.0131 467 547 713 671
D00 0.0131 393 206 486 392
D00 0.0130 313 448 350 529
D00 0.0130 290 515 412 617
D00 0.0130 246 477 431 622
D00 0.0130 0 368 50 461
D00 0.0129 673 560 713 601
D00 0.0129 515 593 636 685
D00 0.0128 559 511 713 579
D00 0.0128 560 592 677 697
D00 0.0128 452 465 534 530
D00 0.0128 319 58 524 408
D00 0.0128 570 465 671 544
D00 0.0128 346 470 443 542
D00 0.0128 152 491 196 534
D00 0.0128 160 539 210 573
D00 0.0128 352 551 399 580
D00 0.0128 480 440 539 495
D00 0.0127 467 440 530 471
D00 0.0127 347 419 414 468
D00 0.0126 368 541 426 571
D00 0.0126 517 485 550 536
D00 0.0126 164 540 205 612
D00 0.0125 177 522 211 581
D00 0.0125 494 449 528 506
D00 0.0125 350 568 471 626
D00 0.0125 349 444 444 519
D00 0.0125 325 391 391 479
D00 0.0125 149 507 204 538
D00 0.0124 584 579 616 629
D00 0.0124 581 589 640 619
D00 0.0124 588 523 668 579
D00 0.0124 323 589 387 617
D00 0.0124 613 506 679 542
D00 0.0123 413 597 638 674
D00 0.0123 418 469 448 531
D00 0.0123 24 563 170 621
D00 0.0123 307 526 400 579
D00 0.0123 468 451 530 483
D00 0.0123 506 503 566 556
D00 0.0122 548 509 668 556
D00 0.0122 405 409 460 464
D00 0.0122 494 602 604 640
D00 0.0122 132 474 192 531
D00 0.0122 352 545 401 605
D00 0.0122 268 472 305 547
D00 0.0122 273 437 322 539
D00 0.0122 389 504 475 588
D00 0.0122 324 590 431 629
D00 0.0122 473 486 556 551
D00 0.0122 271 444 300 506
D00 0.0121 393 417 449 446
D00 0.0121 414 419 473 446
D00 0.0121 168 517 225 552
D00 0.0120 419 485 470 544
D00 0.0120 197 477 243 522
D00 0.0119 539 505 596 556
D00 0.0119 381 389 412 445
D00 0.0119 167 469 251 507
D00 0.0118 250 476 277 543
D00 0.0118 41 569 126 608
D00 0.0118 400 410 518 472
D00 0.0118 216 447 296 577
D00 0.0118 547 585 593 626
D00 0.0118 318 382 540 578
D00 0.0118 615 492 699 533
D00 0.0118 650 496 708 530
D00 0.0118 221 384 446 578
D00 0.0117 131 511 178 558
D00 0.0117 659 512 707 552
D00 0.0117 31 476 112 586
D00 0.0116 63 448 223 523
D00 0.0116 430 438 481 524
D00 0.0116 177 495 214 556
D00 0.0116 315 482 346 543
D00 0.0116 613 679 690 710
D00 0.0116 631 524 683 559
D00 0.0116 533 478 666 565
D00 0.0116 51 553 220 626
D00 0.0115 437 420 470 477
D00 0.0115 255 475 328 547
D00 0.0115 187 452 254 484
D00 0.0115 252 413 297 456
D00 0.0115 294 484 323 541
D00 0.0115 392 408 449 436
D00 0.0115 412 532 453 570
D00 0.0114 583 542 652 568
D00 0.0114 653 543 711 595
D00 0.0114 74 563 135 597
D00 0.0114 410 565 610 635
D00 0.0113 558 574 602 634
D00 0.0113 256 428 310 460
D00 0.0113 458 474 524 504
D00 0.0113 371 495 471 556
D00 0.0113 147 484 180 545
D00 0.0112 301 596 385 627
D00 0.0112 570 691 616 720
D00 0.0112 506 462 539 516
D00 0.0112 335 577 396 623
D00 0.0112 277 413 315 491
D00 0.0112 569 558 665 634
D00 0.0112 53 476 186 538
D00 0.0112 622 542 695 569
D00 0.0112 86 548 146 603
D00 0.0112 150 403 299 479
D00 0.0111 482 610 624 667
D00 0.0111 671 523 714 561
D00 0.0111 224 466 299 507
D00 0.0111 681 511 720 553
D00 0.0111 396 496 526 555
D00 0.0111 355 606 451 640
D00 0.0111 214 481 265 513
D00 0.0111 577 523 704 615
D00 0.0110 514 506 577 539
D00 0.0110 626 455 701 550
D00 0.0109 574 502 657 546
D00 0.0109 419 393 540 491
D00 0.0109 561 550 629 645
D00 0.0109 284 594 491 675
D00 0.0108 262 479 289 542
D00 0.0108 253 622 318 683
D00 0.0108 397 460 451 494
D00 0.0108 337 529 483 643
D00 0.0108 455 466 500 507
D00 0.0108 280 632 351 658
D00 0.0108 379 514 448 620
D00 0.0108 434 422 527 537
D00 0.0108 144 458 203 550
D00 0.0107 514 634 638 698
D00 0.0107 112 514 185 614
D00 0.0106 0 463 58 559
D00 0.0106 134 496 193 524
D00 0.0106 167 506 226 540
D00 0.0105 184 490 232 535
D00 0.0105 79 537 112 597
D00 0.0105 261 619 483 699
D00 0.0105 628 517 662 564
D00 0.0105 174 418 254 515
D00 0.0105 549 534 643 614
D00 0.0105 609 533 691 596
D00 0.0104 522 498 587 526
D00 0.0104 0 493 186 686
D00 0.0104 369 476 405 524
D00 0.0104 356 604 517 671
D00 0.0104 274 640 336 666
D00 0.0103 345 376 389 463
D00 0.0103 282 484 312 541
D00 0.0103 682 489 720 536
D00 0.0103 686 540 717 597
D00 0.0103 148 479 346 625
D00 0.0103 177 483 343 562
D00 0.0102 212 430 275 458
D00 0.0102 493 444 571 513
D00 0.0102 513 508 626 556
D00 0.0102 365 394 410 425
D00 0.0102 296 471 403 542
D00 0.0102 114 465 213 519
D00 0.0102 297 413 344 510
D00 0.0102 460 419 518 498
D00 0.0102 46 445 151 578
D00 0.0101 156 497 218 525
D00 0.0101 405 529 627 663
D00 0.0101 407 507 459 540
D00 0.0101 618 698 689 720
D00 0.0101 460 492 549 528
D00 0.0101 527 486 561 537
D00 0.0101 165 474 230 532
D00 0.0101 274 486 349 551
D00 0.0101 40 537 108 597
D00 0.0100 113 502 191 544
D00 0.0100 0 547 89 608
D00 0.0100 0 536 41 613
D00 0.0100 676 528 709 583
D00 0.0100 615 0 720 159
D00 0.0100 357 568 397 611
D00 0.0100 376 460 425 493
D10 0.0230 647 530 711 556
D10 0.0225 611 526 705 559
D10 0.0211 648 519 711 548
D10 0.0192 621 520 694 550
D10 0.0181 610 508 720 556
D10 0.0148 456 431 519 458
D10 0.0131 0 496 78 554
D10 0.0129 574 520 704 575
D10 0.0125 673 529 720 557
D10 0.0125 303 486 361 514
D10 0.0123 15 562 127 612
D10 0.0119 649 542 709 570
D10 0.0119 1 508 60 537
D10 0.0117 433 420 497 447
D10 0.0115 304 474 361 502
D10 0.0115 436 424 536 472
D10 0.0114 0 574 105 623
D10 0.0113 353 450 404 481
D10 0.0113 292 497 352 529
D10 0.0112 479 497 549 523
D10 0.0111 327 486 381 513
D10 0.0109 511 488 576 516
D10 0.0108 428 498 486 523
D10 0.0104 27 581 117 616
D10 0.0104 328 474 381 502
D10 0.0104 1 498 58 527
D10 0.0103 51 574 118 604
D20 0.0313 43 475 589 671
D20 0.0299 398 439 610 526
D20 0.0285 281 471 697 636
D20 0.0259 439 461 664 542
D20 0.0253 370 415 560 516
D20 0.0223 517 459 718 550
D20 0.0220 336 502 620 623
D20 0.0219 340 534 691 666
D20 0.0209 434 454 572 516
D20 0.0208 142 542 650 720
D20 0.0204 183 427 593 607
D20 0.0196 254 428 402 570
D20 0.0195 31 427 432 604
D20 0.0189 412 579 641 655
D20 0.0186 352 448 549 558
D20 0.0183 455 476 600 533
D20 0.0181 8 484 318 635
D20 0.0179 9 362 624 625
D20 0.0177 0 540 200 635
D20 0.0174 172 484 501 624
D20 0.0171 470 481 688 563
D20 0.0171 559 488 711 559
D20 0.0166 227 409 426 526
D20 0.0166 416 432 543 495
D20 0.0164 264 454 505 588
D20 0.0164 0 0 489 353
D20 0.0163 503 476 646 536
D20 0.0163 399 477 620 560
D20 0.0160 201 0 720 353
D20 0.0158 307 423 500 552
D20 0.0155 0 545 280 720
D20 0.0153 439 546 720 720
D20 0.0152 384 448 696 590
D20 0.0151 291 549 579 654
D20 0.0151 25 531 376 665
D20 0.0151 613 496 720 550
D20 0.0150 251 493 443 601
D20 0.0150 161 453 411 585
D20 0.0150 0 142 348 720
D20 0.0150 252 547 454 632
D20 0.0149 200 374 720 720
D20 0.0146 438 420 646 507
D20 0.0143 375 142 720 720
D20 0.0140 545 0 720 272
D20 0.0139 104 501 380 618
D20 0.0139 0 405 46 498
D20 0.0136 454 434 592 493
D20 0.0134 294 387 678 571
D20 0.0133 0 0 720 521
D20 0.0133 387 403 534 481
D20 0.0131 503 455 641 516
D20 0.0131 0 0 174 273
D20 0.0129 76 403 383 552
D20 0.0129 528 498 672 552
D20 0.0127 0 174 720 720
D20 0.0126 180 403 477 560
D20 0.0124 460 0 720 176
D20 0.0121 304 579 654 698
D20 0.0120 586 486 687 542
D20 0.0119 569 620 720 713
D20 0.0117 357 0 627 442
D20 0.0116 226 484 391 564
D20 0.0116 0 441 178 720
D20 0.0116 148 549 433 654
D20 0.0115 542 441 720 720
D20 0.0113 208 523 416 617
D20 0.0113 542 549 720 641
D20 0.0113 277 398 477 508
D20 0.0110 500 503 708 590
D20 0.0109 268 487 385 541
D20 0.0105 334 402 430 469
D20 0.0105 66 580 416 700
D20 0.0104 451 527 659 623
D20 0.0103 533 438 660 531
D20 0.0103 0 559 154 667
D20 0.0102 0 0 318 218
D20 0.0101 632 0 720 134
D20 0.0100 631 555 720 604
D40 0.0346 3 455 50 498
D40 0.0300 0 439 60 510
D40 0.0277 1 383 175 484
D40 0.0261 7 414 97 499
D40 0.0231 0 444 41 488
D40 0.0218 16 404 143 469
D40 0.0204 36 378 202 453
D40 0.0192 13 428 141 487
D40 0.0190 0 389 77 484
D40 0.0189 5 452 64 482
D40 0.0186 0 424 110 540
D40 0.0161 9 370 101 465
D40 0.0149 2 417 49 491
D40 0.0147 51 406 189 462
D40 0.0144 241 622 325 665
D40 0.0134 14 356 162 443
D40 0.0132 3 440 53 473
D40 0.0129 71 391 260 477
D40 0.0129 93 387 237 444
D40 0.0129 0 457 37 516
D40 0.0128 0 420 37 469
D40 0.0128 10 411 212 504
D40 0.0127 12 452 139 511
D40 0.0124 84 394 172 445
D40 0.0117 4 435 86 477
D40 0.0117 666 575 716 606
D40 0.0116 10 465 58 509
D40 0.0115 0 396 257 549
D40 0.0110 64 353 263 440
D40 0.0106 99 416 159 447
D40 0.0104 109 405 169 438
D40 0.0104 97 407 236 463
D40 0.0101 0 339 296 514
D40 0.0100 14 423 100 465
