D00 0.0255 153 526 345 701
D00 0.0224 136 507 332 609
D00 0.0199 201 489 351 627
D00 0.0165 194 519 323 584
D00 0.0158 248 540 354 689
D00 0.0158 226 613 281 720
D00 0.0155 243 480 360 588
D00 0.0154 92 491 309 584
D00 0.0151 271 635 347 716
D00 0.0147 221 496 340 565
D00 0.0147 172 538 309 604
D00 0.0144 71 524 242 704
D00 0.0142 134 495 415 668
D00 0.0139 206 542 317 692
D00 0.0137 0 525 88 712
D00 0.0135 84 467 337 720
D00 0.0135 0 618 41 719
D00 0.0134 426 626 487 720
D00 0.0132 145 629 200 720
D00 0.0132 406 604 522 717
D00 0.0131 167 465 351 570
D00 0.0129 1 649 32 712
D00 0.0127 255 491 400 691
D00 0.0126 149 538 297 655
D00 0.0123 299 625 358 720
D00 0.0122 229 527 330 620
D00 0.0122 288 581 359 696
D00 0.0117 475 353 502 418
D00 0.0116 125 559 272 681
D00 0.0112 300 537 384 692
D00 0.0110 236 639 322 720
D00 0.0110 300 518 450 709
D00 0.0109 0 443 250 720
D00 0.0109 32 544 187 720
D00 0.0109 210 458 431 720
D00 0.0107 265 499 339 611
D00 0.0106 147 502 295 566
D00 0.0105 0 6 34 93
D00 0.0104 266 461 378 565
D00 0.0103 215 651 295 720
D00 0.0102 149 600 292 713
D00 0.0102 281 486 336 577
D00 0.0102 342 516 578 714
D00 0.0102 300 618 360 676
D00 0.0101 423 549 500 705
D00 0.0101 381 651 509 716
D00 0.0100 410 417 617 720
D00 0.0100 316 590 367 677
D10 0.0226 233 607 358 679
D10 0.0207 274 530 395 577
D10 0.0198 252 629 381 695
D10 0.0196 244 638 342 677
D10 0.0184 270 536 346 574
D10 0.0168 242 508 394 586
D10 0.0165 294 541 368 568
D10 0.0157 306 526 400 564
D10 0.0153 253 600 425 686
D10 0.0139 231 627 326 668
D10 0.0135 288 531 353 563
D10 0.0131 71 490 290 582
D10 0.0130 220 525 362 614
D10 0.0130 266 635 340 666
D10 0.0129 217 581 340 658
D10 0.0121 262 495 381 564
D10 0.0119 258 536 373 596
D10 0.0118 248 517 343 576
D10 0.0117 271 621 468 704
D10 0.0111 297 517 430 573
D10 0.0110 236 570 383 672
D10 0.0109 200 617 307 675
D10 0.0103 278 550 334 580
D20 0.0410 182 601 376 712
D20 0.0382 79 561 398 715
D20 0.0351 0 496 473 705
D20 0.0350 149 550 578 720
D20 0.0304 198 537 357 694
D20 0.0278 225 585 507 710
D20 0.0231 232 628 363 696
D20 0.0199 0 546 289 720
D20 0.0186 324 590 590 712
D20 0.0186 214 491 708 703
D20 0.0184 255 581 377 696
D20 0.0168 72 627 340 720
D20 0.0160 197 628 462 720
D20 0.0153 0 0 489 353
D20 0.0149 201 0 720 353
D20 0.0147 398 628 616 720
D20 0.0146 215 648 350 714
D20 0.0142 245 481 446 578
D20 0.0136 439 547 720 720
D20 0.0135 0 142 348 720
D20 0.0133 0 452 183 720
D20 0.0133 242 497 385 661
D20 0.0132 375 142 720 720
D20 0.0128 270 527 469 702
D20 0.0125 0 0 174 264
D20 0.0124 0 0 720 521
D20 0.0121 304 632 534 720
D20 0.0120 0 283 619 720
D20 0.0118 546 0 720 266
D20 0.0117 412 573 558 717
D20 0.0116 209 584 316 715
D20 0.0115 280 496 405 563
D20 0.0111 285 546 396 719
D20 0.0107 0 630 51 720
D20 0.0105 274 634 369 718
D20 0.0104 544 444 720 720
D20 0.0101 4 402 446 644
D40 0.0541 0 520 386 709
D40 0.0381 71 579 348 708
D40 0.0298 0 605 183 713
D40 0.0284 98 526 306 626
D40 0.0254 6 562 201 687
D40 0.0243 244 634 361 685
D40 0.0232 54 543 257 659
D40 0.0214 279 643 345 674
D40 0.0208 17 629 144 701
D40 0.0203 166 533 346 663
D40 0.0198 6 506 270 638
D40 0.0188 2 580 116 704
D40 0.0183 162 594 333 689
D40 0.0173 88 519 276 589
D40 0.0171 69 535 247 612
D40 0.0158 137 572 308 665
D40 0.0155 156 532 263 580
D40 0.0155 63 597 227 690
D40 0.0154 124 541 280 602
D40 0.0153 35 606 166 681
D40 0.0151 32 627 305 720
D40 0.0148 2 650 119 715
D40 0.0148 0 524 130 680
D40 0.0147 194 563 296 617
D40 0.0145 200 526 344 617
D40 0.0143 208 613 319 705
D40 0.0137 282 613 361 681
D40 0.0137 25 552 185 641
D40 0.0136 225 569 336 670
D40 0.0135 287 636 349 694
D40 0.0135 236 529 331 586
D40 0.0131 286 534 328 576
D40 0.0130 0 614 79 709
D40 0.0125 182 609 286 664
D40 0.0121 73 617 175 704
D40 0.0120 207 547 316 644
D40 0.0119 305 634 353 677
D40 0.0118 269 651 338 682
D40 0.0118 18 459 322 605
D40 0.0118 259 646 354 710
D40 0.0113 52 651 188 712
D40 0.0112 49 572 153 670
D40 0.0111 17 560 89 686
D40 0.0109 0 450 246 699
D40 0.0107 147 621 270 671
D40 0.0106 82 534 213 705
D40 0.0105 127 559 275 627
D40 0.0104 272 519 344 590
D40 0.0103 213 584 293 663
D40 0.0102 276 543 320 589
D40 0.0101 247 538 320 619
D40 0.0101 46 489 268 579
