D00 0.1020 337 481 438 670
D00 0.0728 395 555 439 666
D00 0.0537 349 503 400 610
D00 0.0528 405 585 432 657
D00 0.0527 117 567 265 720
D00 0.0511 375 490 489 667
D00 0.0410 359 482 408 582
D00 0.0396 452 558 506 658
D00 0.0395 641 559 720 704
D00 0.0381 386 523 436 643
D00 0.0370 661 570 717 667
D00 0.0359 399 515 470 648
D00 0.0349 415 506 503 656
D00 0.0348 339 534 392 644
D00 0.0346 409 574 446 662
D00 0.0340 629 474 720 672
D00 0.0337 0 566 86 711
D00 0.0319 354 521 415 636
D00 0.0310 0 522 121 689
D00 0.0297 0 620 56 720
D00 0.0286 327 556 379 661
D00 0.0276 638 601 717 675
D00 0.0273 368 501 422 611
D00 0.0265 369 547 453 683
D00 0.0264 372 463 419 570
D00 0.0262 635 687 720 720
D00 0.0261 666 616 719 715
D00 0.0254 407 555 434 633
D00 0.0253 346 689 409 718
D00 0.0247 394 588 468 664
D00 0.0237 0 501 35 586
D00 0.0231 472 579 503 645
D00 0.0230 391 598 430 668
D00 0.0230 73 565 218 684
D00 0.0225 563 416 720 689
D00 0.0223 136 507 201 562
D00 0.0222 9 274 100 459
D00 0.0222 160 583 233 669
D00 0.0222 371 489 402 560
D00 0.0221 441 531 498 627
D00 0.0218 0 589 57 680
D00 0.0215 605 623 720 720
D00 0.0214 383 478 432 582
D00 0.0211 658 623 715 681
D00 0.0208 145 529 245 670
D00 0.0206 435 536 525 666
D00 0.0206 410 534 449 630
D00 0.0202 462 568 495 636
D00 0.0202 461 533 512 630
D00 0.0202 428 558 491 660
D00 0.0201 397 502 446 614
D00 0.0200 174 580 251 707
D00 0.0194 365 689 433 717
D00 0.0194 461 570 533 652
D00 0.0190 344 485 393 566
D00 0.0187 11 316 59 427
D00 0.0186 99 501 207 552
D00 0.0185 601 686 693 720
D00 0.0184 3 543 71 658
D00 0.0184 608 587 700 662
D00 0.0180 653 484 715 620
D00 0.0178 98 638 180 720
D00 0.0178 382 488 412 559
D00 0.0177 397 468 445 573
D00 0.0176 420 566 464 655
D00 0.0176 583 532 717 720
D00 0.0175 0 506 122 605
D00 0.0173 0 518 52 609
D00 0.0172 355 676 397 715
D00 0.0171 657 698 720 720
D00 0.0168 138 577 213 655
D00 0.0168 334 588 373 672
D00 0.0168 678 519 720 617
D00 0.0167 407 689 478 716
D00 0.0166 323 690 390 717
D00 0.0165 420 480 469 585
D00 0.0164 460 508 544 649
D00 0.0164 0 354 48 463
D00 0.0163 681 561 720 649
D00 0.0162 662 663 719 719
D00 0.0162 83 497 225 647
D00 0.0162 430 507 483 611
D00 0.0162 1 649 36 713
D00 0.0160 476 559 517 642
D00 0.0160 170 596 267 659
D00 0.0157 186 494 252 590
D00 0.0156 0 539 44 643
D00 0.0155 666 466 715 570
D00 0.0155 0 457 176 708
D00 0.0153 653 550 720 635
D00 0.0151 452 579 487 646
D00 0.0150 631 409 720 607
D00 0.0150 193 614 264 708
D00 0.0150 675 636 710 695
D00 0.0147 422 536 465 624
D00 0.0146 308 600 378 682
D00 0.0145 415 489 452 576
D00 0.0145 0 627 89 693
D00 0.0145 681 684 720 720
D00 0.0140 0 321 70 480
D00 0.0139 351 571 435 707
D00 0.0138 390 463 427 543
D00 0.0137 688 547 717 612
D00 0.0135 568 685 662 720
D00 0.0135 26 586 135 643
D00 0.0134 144 601 222 688
D00 0.0133 25 503 174 651
D00 0.0133 1 615 36 679
D00 0.0132 395 487 424 558
D00 0.0131 397 604 442 689
D00 0.0131 421 681 487 710
D00 0.0130 26 329 76 441
D00 0.0130 615 662 701 720
D00 0.0129 120 595 201 674
D00 0.0129 1 584 34 647
D00 0.0128 451 549 485 613
D00 0.0127 357 459 459 622
D00 0.0127 472 550 503 614
D00 0.0126 2 536 32 595
D00 0.0126 459 600 514 658
D00 0.0125 201 599 286 678
D00 0.0124 341 666 413 720
D00 0.0123 408 532 435 608
D00 0.0121 536 685 625 720
D00 0.0121 433 461 530 635
D00 0.0121 442 481 490 585
D00 0.0121 666 429 715 530
D00 0.0120 482 538 648 708
D00 0.0119 462 472 493 522
D00 0.0119 10 524 40 585
D00 0.0119 655 451 707 548
D00 0.0118 303 682 405 720
D00 0.0117 131 628 196 720
D00 0.0117 379 556 489 719
D00 0.0117 136 561 223 628
D00 0.0115 125 496 209 532
D00 0.0115 403 480 510 605
D00 0.0115 18 350 55 448
D00 0.0114 12 92 207 468
D00 0.0114 121 518 193 551
D00 0.0114 37 600 133 671
D00 0.0114 437 479 473 565
D00 0.0113 453 456 484 502
D00 0.0113 408 487 436 558
D00 0.0113 195 581 294 648
D00 0.0113 462 539 493 603
D00 0.0112 590 578 673 649
D00 0.0111 415 609 444 665
D00 0.0111 361 452 412 537
D00 0.0111 621 622 708 668
D00 0.0111 379 457 416 527
D00 0.0110 376 678 422 715
D00 0.0110 6 487 43 570
D00 0.0109 407 471 436 529
D00 0.0108 164 578 235 631
D00 0.0108 482 589 513 652
D00 0.0108 6 554 99 630
D00 0.0107 459 448 499 507
D00 0.0107 644 620 704 713
D00 0.0107 336 434 502 678
D00 0.0107 399 675 509 716
D00 0.0107 381 521 413 593
D00 0.0107 396 532 426 607
D00 0.0107 649 677 711 712
D00 0.0106 425 470 462 551
D00 0.0106 622 699 694 720
D00 0.0106 454 463 501 555
D00 0.0106 3 505 76 588
D00 0.0106 408 457 457 545
D00 0.0105 0 239 77 428
D00 0.0105 369 681 403 720
D00 0.0105 252 596 343 674
D00 0.0104 452 472 483 522
D00 0.0104 454 480 513 598
D00 0.0104 632 651 720 710
D00 0.0104 297 691 368 716
D00 0.0103 685 647 718 711
D00 0.0103 654 611 693 671
D00 0.0102 324 679 387 710
D00 0.0102 252 686 338 718
D00 0.0102 215 618 295 703
D00 0.0101 205 485 275 577
D00 0.0101 430 501 458 569
D00 0.0101 441 465 471 511
D00 0.0101 491 537 560 648
D00 0.0100 3 484 31 545
D00 0.0100 187 604 249 672
D10 0.0663 0 555 117 600
D10 0.0433 1 550 89 587
D10 0.0431 0 528 204 622
D10 0.0362 17 565 109 588
D10 0.0342 602 579 713 631
D10 0.0335 30 561 133 595
D10 0.0314 2 554 59 582
D10 0.0251 618 589 701 614
D10 0.0246 40 556 167 602
D10 0.0201 0 587 110 645
D10 0.0192 0 515 153 594
D10 0.0189 659 640 712 673
D10 0.0177 666 652 715 679
D10 0.0172 3 566 85 609
D10 0.0168 0 562 46 588
D10 0.0165 622 626 720 680
D10 0.0163 620 572 713 613
D10 0.0161 1 549 56 607
D10 0.0157 0 602 68 647
D10 0.0157 63 567 187 612
D10 0.0156 632 648 714 683
D10 0.0152 578 655 711 715
D10 0.0137 16 572 126 633
D10 0.0135 2 598 59 630
D10 0.0132 2 624 79 668
D10 0.0130 566 576 675 625
D10 0.0124 647 576 710 605
D10 0.0120 381 640 436 667
D10 0.0120 584 587 652 613
D10 0.0119 2 617 58 652
D10 0.0118 647 628 707 665
D10 0.0118 8 609 89 639
D10 0.0117 8 541 71 577
D10 0.0116 22 573 106 601
D10 0.0114 5 636 94 679
D10 0.0114 41 555 123 585
D10 0.0113 20 558 77 593
D10 0.0113 47 575 161 629
D10 0.0111 594 645 705 692
D10 0.0110 3 579 83 627
D10 0.0107 10 613 109 657
D10 0.0107 629 642 697 671
D10 0.0107 61 567 148 592
D10 0.0104 664 663 715 694
D10 0.0102 13 536 110 582
D10 0.0102 371 627 476 672
D10 0.0100 2 641 56 671
D20 0.1231 15 498 602 685
D20 0.0587 350 554 555 663
D20 0.0472 0 511 236 602
D20 0.0460 186 541 720 720
D20 0.0433 593 559 720 701
D20 0.0419 652 601 719 676
D20 0.0380 0 542 422 720
D20 0.0366 267 452 688 691
D20 0.0353 410 542 639 649
D20 0.0295 493 563 720 666
D20 0.0287 525 606 720 709
D20 0.0278 40 383 687 663
D20 0.0243 601 595 711 656
D20 0.0240 389 579 607 677
D20 0.0224 0 495 236 720
D20 0.0221 118 444 449 714
D20 0.0213 389 459 506 500
D20 0.0211 0 579 57 671
D20 0.0198 0 630 150 720
D20 0.0196 562 644 720 720
D20 0.0194 673 615 720 716
D20 0.0189 421 520 535 675
D20 0.0184 653 522 720 700
D20 0.0181 0 0 489 353
D20 0.0180 5 497 179 577
D20 0.0179 380 591 494 656
D20 0.0178 456 554 587 663
D20 0.0178 201 0 720 353
D20 0.0176 357 687 442 720
D20 0.0174 0 110 720 720
D20 0.0172 499 492 720 720
D20 0.0167 561 368 720 657
D20 0.0164 375 142 720 720
D20 0.0163 0 142 348 720
D20 0.0157 389 605 705 720
D20 0.0153 0 577 93 720
D20 0.0147 1 309 51 414
D20 0.0146 0 484 113 630
D20 0.0146 377 449 486 487
D20 0.0144 584 627 710 697
D20 0.0143 684 584 720 679
D20 0.0140 407 461 485 517
D20 0.0137 0 507 70 683
D20 0.0136 0 0 175 269
D20 0.0135 384 460 460 521
D20 0.0133 612 451 720 720
D20 0.0131 329 674 428 718
D20 0.0131 361 576 508 704
D20 0.0130 0 385 292 633
D20 0.0129 75 341 360 689
D20 0.0126 439 643 674 720
D20 0.0123 427 457 485 501
D20 0.0120 546 0 720 263
D20 0.0112 263 608 424 720
D20 0.0111 0 0 87 133
D20 0.0110 0 0 321 215
D20 0.0110 457 0 720 174
D20 0.0107 378 636 593 720
D20 0.0106 539 578 671 688
D20 0.0103 530 660 678 715
D20 0.0103 629 392 720 633
D20 0.0101 0 356 40 460
D20 0.0101 564 596 677 654
D20 0.0100 0 603 57 720
D20 0.0100 0 291 191 696
D40 0.2797 14 509 444 693
D40 0.2132 171 530 447 674
D40 0.2101 151 519 389 622
D40 0.1745 275 510 421 668
D40 0.1731 118 499 334 604
D40 0.1669 178 558 377 629
D40 0.1618 19 564 359 720
D40 0.1405 132 578 423 699
D40 0.1361 237 481 403 625
D40 0.1297 195 543 364 602
D40 0.1285 340 522 441 660
D40 0.1206 264 537 553 669
D40 0.1205 0 604 208 717
D40 0.1159 212 573 390 661
D40 0.1149 363 567 435 655
D40 0.1121 309 544 400 646
D40 0.1065 248 567 359 611
D40 0.1059 183 486 370 580
D40 0.1017 260 538 389 607
D40 0.1013 115 601 307 720
D40 0.0949 315 487 416 634
D40 0.0936 107 643 267 720
D40 0.0928 139 542 307 600
D40 0.0888 156 568 329 615
D40 0.0888 228 513 375 590
D40 0.0882 321 580 424 656
D40 0.0881 532 520 717 628
D40 0.0871 224 516 715 678
D40 0.0862 359 517 504 659
D40 0.0853 125 547 332 644
D40 0.0841 74 472 399 616
D40 0.0805 58 523 291 618
D40 0.0794 143 495 299 570
D40 0.0769 616 552 710 643
D40 0.0768 664 601 715 669
D40 0.0764 17 527 235 699
D40 0.0731 355 544 664 670
D40 0.0731 390 596 428 650
D40 0.0727 288 510 398 587
D40 0.0688 154 664 253 719
D40 0.0686 560 542 688 606
D40 0.0680 179 589 344 694
D40 0.0672 236 474 399 554
D40 0.0670 184 585 341 646
D40 0.0650 141 527 246 581
D40 0.0640 387 542 478 650
D40 0.0632 37 496 276 584
D40 0.0620 590 544 720 686
D40 0.0620 165 654 296 714
D40 0.0605 13 625 155 704
D40 0.0599 347 499 426 610
D40 0.0591 272 571 456 685
D40 0.0579 266 577 349 602
D40 0.0574 163 483 314 540
D40 0.0573 70 654 221 715
D40 0.0573 226 577 343 623
D40 0.0566 249 486 341 537
D40 0.0553 270 554 346 601
D40 0.0541 355 520 396 569
D40 0.0537 642 568 719 669
D40 0.0536 524 512 680 593
D40 0.0531 373 594 427 631
D40 0.0528 561 563 694 628
D40 0.0527 286 556 369 624
D40 0.0525 313 580 623 691
D40 0.0511 166 612 260 712
D40 0.0510 0 551 144 699
D40 0.0510 140 507 246 563
D40 0.0500 338 603 446 666
D40 0.0496 255 525 363 664
D40 0.0483 320 507 604 645
D40 0.0478 5 592 109 691
D40 0.0473 281 566 354 594
D40 0.0471 341 493 405 577
D40 0.0461 391 580 515 653
D40 0.0458 306 587 403 680
D40 0.0457 332 519 397 614
D40 0.0455 4 576 188 664
D40 0.0453 142 574 302 659
D40 0.0449 140 495 364 697
D40 0.0448 84 569 244 719
D40 0.0446 6 635 107 720
D40 0.0442 396 548 556 648
D40 0.0439 585 582 707 654
D40 0.0438 220 479 330 526
D40 0.0436 357 533 462 614
D40 0.0433 272 580 359 620
D40 0.0430 232 602 375 679
D40 0.0430 63 630 169 683
D40 0.0430 188 626 324 703
D40 0.0424 477 500 707 690
D40 0.0419 362 605 426 642
D40 0.0419 147 627 418 720
D40 0.0418 119 509 236 593
D40 0.0417 92 483 269 549
D40 0.0417 254 528 343 598
D40 0.0415 142 461 537 653
D40 0.0415 144 490 256 539
D40 0.0413 112 681 240 720
D40 0.0411 123 614 222 712
D40 0.0410 2 535 209 608
D40 0.0407 392 575 429 629
D40 0.0396 151 552 257 604
D40 0.0394 223 494 326 551
D40 0.0392 353 576 428 627
D40 0.0392 266 471 451 581
D40 0.0389 67 616 183 708
D40 0.0385 491 534 665 612
D40 0.0385 346 529 389 581
D40 0.0385 79 557 264 628
D40 0.0384 240 545 325 646
D40 0.0384 450 475 504 503
D40 0.0380 299 559 379 600
D40 0.0378 671 632 714 678
D40 0.0376 313 467 411 514
D40 0.0375 546 453 692 600
D40 0.0375 259 477 373 525
D40 0.0372 340 528 393 559
D40 0.0371 307 570 357 609
D40 0.0369 19 605 174 678
D40 0.0368 339 573 532 672
D40 0.0363 200 504 320 627
D40 0.0363 177 495 283 549
D40 0.0362 373 616 427 654
D40 0.0354 308 474 417 540
D40 0.0353 170 687 243 717
D40 0.0352 246 469 346 515
D40 0.0349 226 561 334 599
D40 0.0348 317 522 395 567
D40 0.0347 0 409 639 720
D40 0.0346 211 461 391 524
D40 0.0345 248 502 342 566
D40 0.0344 595 521 684 631
D40 0.0342 663 606 711 643
D40 0.0338 323 463 408 494
D40 0.0335 165 573 270 605
D40 0.0333 262 495 371 552
D40 0.0333 413 527 502 630
D40 0.0330 367 454 428 479
D40 0.0330 66 542 238 598
D40 0.0324 600 454 717 640
D40 0.0324 372 603 494 663
D40 0.0323 564 532 654 585
D40 0.0323 642 526 719 623
D40 0.0321 348 553 404 628
D40 0.0319 346 554 386 604
D40 0.0318 169 516 258 594
D40 0.0315 257 467 480 707
D40 0.0313 610 601 711 676
D40 0.0310 355 541 394 594
D40 0.0309 286 546 373 590
D40 0.0309 597 572 684 612
D40 0.0307 615 502 706 602
D40 0.0302 400 606 434 659
D40 0.0301 241 494 325 604
D40 0.0299 155 506 272 628
D40 0.0299 195 504 311 563
D40 0.0299 97 517 210 571
D40 0.0298 365 509 403 560
D40 0.0297 326 557 381 625
D40 0.0295 337 474 473 635
D40 0.0292 4 554 107 640
D40 0.0292 457 544 699 643
D40 0.0291 9 564 158 624
D40 0.0289 480 480 674 578
D40 0.0289 354 464 417 490
D40 0.0285 381 568 420 639
D40 0.0283 4 416 310 669
D40 0.0282 202 470 314 514
D40 0.0281 144 529 213 562
D40 0.0281 372 583 426 618
D40 0.0279 332 474 398 502
D40 0.0278 250 586 361 640
D40 0.0278 192 670 246 714
D40 0.0278 628 592 710 636
D40 0.0277 334 452 417 482
D40 0.0276 587 556 665 603
D40 0.0276 608 589 692 614
D40 0.0275 236 550 377 708
D40 0.0274 202 654 350 711
D40 0.0274 424 475 488 503
D40 0.0271 263 496 329 526
D40 0.0269 671 617 718 653
D40 0.0269 187 547 278 645
D40 0.0269 368 579 411 646
D40 0.0267 347 470 427 561
D40 0.0266 540 496 660 561
D40 0.0266 150 541 229 571
D40 0.0264 195 574 318 604
D40 0.0263 255 586 341 614
D40 0.0262 124 534 211 574
D40 0.0260 672 585 710 651
D40 0.0258 421 532 584 622
D40 0.0257 208 604 528 720
D40 0.0257 459 460 498 499
D40 0.0254 211 568 301 678
D40 0.0253 590 551 654 583
D40 0.0251 188 484 275 522
D40 0.0251 354 587 402 637
D40 0.0247 356 530 411 606
D40 0.0246 262 614 422 701
D40 0.0246 363 529 404 581
D40 0.0245 40 546 206 649
D40 0.0245 354 511 460 583
D40 0.0245 314 569 370 634
D40 0.0245 439 466 495 494
D40 0.0243 579 542 643 572
D40 0.0243 356 498 397 551
D40 0.0242 124 691 206 719
D40 0.0242 518 582 720 706
D40 0.0241 204 492 305 531
D40 0.0241 287 458 437 523
D40 0.0239 168 565 250 595
D40 0.0239 387 455 451 479
D40 0.0239 0 650 65 720
D40 0.0238 148 589 240 696
D40 0.0238 368 444 426 468
D40 0.0238 19 476 245 558
D40 0.0237 208 524 323 589
D40 0.0236 15 663 189 720
D40 0.0236 377 464 441 491
D40 0.0236 383 629 433 662
D40 0.0235 347 448 448 486
D40 0.0234 162 578 263 626
D40 0.0234 253 486 323 516
D40 0.0234 388 689 456 716
D40 0.0233 577 496 658 607
D40 0.0233 346 471 423 506
D40 0.0233 81 641 154 671
D40 0.0232 0 492 183 655
D40 0.0230 136 546 226 586
D40 0.0229 115 501 218 553
D40 0.0228 431 582 564 651
D40 0.0227 338 576 394 648
D40 0.0227 277 533 363 579
D40 0.0226 487 522 619 581
D40 0.0226 444 541 512 622
D40 0.0225 348 473 402 535
D40 0.0224 157 459 324 524
D40 0.0224 399 465 465 492
D40 0.0222 109 494 247 646
D40 0.0220 184 497 254 527
D40 0.0220 648 601 702 650
D40 0.0219 221 460 328 502
D40 0.0218 469 475 526 503
D40 0.0217 312 476 389 580
D40 0.0216 388 504 476 609
D40 0.0214 362 565 411 615
D40 0.0214 50 649 159 712
D40 0.0214 402 468 512 510
D40 0.0213 385 610 455 658
D40 0.0213 396 555 442 633
D40 0.0213 289 574 370 691
D40 0.0212 401 475 466 503
D40 0.0211 273 460 392 500
D40 0.0211 95 594 202 692
D40 0.0210 272 545 326 589
D40 0.0210 368 543 427 619
D40 0.0210 0 586 67 665
D40 0.0209 451 589 505 653
D40 0.0209 72 611 183 666
D40 0.0207 386 587 451 637
D40 0.0206 19 288 144 449
D40 0.0205 428 507 641 609
D40 0.0205 334 542 380 593
D40 0.0204 168 551 246 584
D40 0.0203 588 479 690 579
D40 0.0203 142 569 245 617
D40 0.0203 542 383 720 713
D40 0.0201 357 458 467 500
D40 0.0201 9 521 163 586
D40 0.0201 184 561 299 599
D40 0.0200 661 595 711 629
D40 0.0199 263 476 332 504
D40 0.0198 155 484 247 520
D40 0.0198 160 683 216 720
D40 0.0197 68 513 188 592
D40 0.0197 458 565 499 614
D40 0.0196 543 522 638 573
D40 0.0196 148 512 201 556
D40 0.0196 608 578 690 628
D40 0.0196 543 493 661 650
D40 0.0195 294 480 389 518
D40 0.0195 344 574 385 627
D40 0.0194 509 562 647 627
D40 0.0194 460 484 515 511
D40 0.0193 191 582 275 704
D40 0.0193 90 632 165 664
D40 0.0191 71 680 189 720
D40 0.0190 173 448 346 559
D40 0.0188 200 583 314 615
D40 0.0188 82 637 153 698
D40 0.0187 325 573 380 604
D40 0.0187 578 542 661 646
D40 0.0186 270 500 323 542
D40 0.0186 589 538 670 578
D40 0.0186 438 484 495 511
D40 0.0185 178 545 273 591
D40 0.0183 0 675 106 720
D40 0.0182 562 521 633 624
D40 0.0182 410 605 544 664
D40 0.0181 455 561 590 632
D40 0.0181 661 573 716 639
D40 0.0181 649 624 720 683
D40 0.0181 490 500 617 557
D40 0.0180 346 484 402 511
D40 0.0179 599 547 686 590
D40 0.0179 328 537 386 571
D40 0.0178 444 466 533 509
D40 0.0178 306 466 384 492
D40 0.0178 313 438 712 637
D40 0.0177 366 478 405 522
D40 0.0176 371 684 476 720
D40 0.0176 313 514 377 611
D40 0.0175 350 562 402 594
D40 0.0175 524 462 674 545
D40 0.0175 317 614 462 695
D40 0.0174 2 601 50 648
D40 0.0174 334 471 483 550
D40 0.0174 69 586 215 648
D40 0.0173 369 471 452 506
D40 0.0173 367 511 420 580
D40 0.0173 171 481 253 572
D40 0.0172 447 556 491 604
D40 0.0172 277 482 333 520
D40 0.0172 370 456 425 501
D40 0.0171 168 470 271 515
D40 0.0171 154 544 231 650
D40 0.0171 286 513 380 557
D40 0.0169 349 572 405 605
D40 0.0168 338 515 377 579
D40 0.0167 228 591 324 632
D40 0.0167 0 667 41 715
D40 0.0166 319 456 393 480
D40 0.0166 178 534 240 577
D40 0.0166 315 500 395 548
D40 0.0166 226 476 308 504
D40 0.0166 143 500 208 580
D40 0.0166 293 581 384 646
D40 0.0166 377 469 417 509
D40 0.0166 124 575 223 664
D40 0.0165 675 533 720 659
D40 0.0165 361 460 434 525
D40 0.0164 255 463 339 496
D40 0.0164 313 584 368 616
D40 0.0163 608 562 681 598
D40 0.0163 0 531 82 613
D40 0.0163 26 503 189 566
D40 0.0163 25 303 84 438
D40 0.0161 288 566 330 612
D40 0.0160 193 501 247 541
D40 0.0160 440 508 521 605
D40 0.0160 328 589 380 657
D40 0.0159 133 519 212 619
D40 0.0159 185 522 271 568
D40 0.0158 399 469 441 508
D40 0.0158 347 606 683 720
D40 0.0157 432 568 521 636
D40 0.0157 51 646 143 688
D40 0.0157 327 550 362 610
D40 0.0156 287 517 352 605
D40 0.0156 214 486 297 516
D40 0.0156 392 554 430 605
D40 0.0155 186 675 320 720
D40 0.0155 540 557 670 666
D40 0.0155 93 638 204 702
D40 0.0155 644 584 700 623
D40 0.0155 0 452 256 601
D40 0.0154 405 480 488 515
D40 0.0153 336 435 429 473
D40 0.0153 52 486 209 535
D40 0.0152 289 449 400 487
D40 0.0151 101 450 300 536
D40 0.0151 370 572 425 605
D40 0.0151 235 521 319 567
D40 0.0150 569 532 632 563
D40 0.0150 467 576 506 626
D40 0.0149 301 553 340 603
D40 0.0149 156 508 242 536
D40 0.0149 1 686 59 718
D40 0.0149 417 567 499 612
D40 0.0148 51 587 144 701
D40 0.0148 376 487 555 690
D40 0.0148 386 445 450 468
D40 0.0148 182 659 236 706
D40 0.0148 199 630 257 720
D40 0.0147 439 509 594 681
D40 0.0146 247 347 720 720
D40 0.0145 338 471 597 595
D40 0.0145 353 609 403 656
D40 0.0145 102 626 192 669
D40 0.0145 106 555 224 603
D40 0.0145 118 685 166 720
D40 0.0145 162 524 230 567
D40 0.0144 314 552 350 606
D40 0.0144 480 512 570 596
D40 0.0143 480 485 539 512
D40 0.0143 467 557 507 604
D40 0.0143 416 466 473 512
D40 0.0141 553 547 634 587
D40 0.0141 355 485 503 575
D40 0.0140 605 597 680 626
D40 0.0140 681 578 718 624
D40 0.0140 435 477 475 516
D40 0.0140 291 475 372 503
D40 0.0139 35 684 131 720
D40 0.0139 118 665 186 720
D40 0.0139 602 541 644 597
D40 0.0139 601 581 652 618
D40 0.0139 429 610 506 656
D40 0.0138 44 305 109 436
D40 0.0137 155 517 238 550
D40 0.0137 0 545 36 588
D40 0.0137 399 682 466 710
D40 0.0137 679 644 719 687
D40 0.0136 38 317 167 421
D40 0.0136 243 506 314 537
D40 0.0135 410 455 476 480
D40 0.0135 65 275 176 448
D40 0.0135 386 566 455 612
D40 0.0134 369 475 479 527
D40 0.0134 241 628 350 688
D40 0.0134 379 682 443 711
D40 0.0133 398 515 511 585
D40 0.0133 471 465 504 510
D40 0.0132 2 623 50 670
D40 0.0132 238 600 322 708
D40 0.0132 560 474 634 582
D40 0.0132 39 627 135 668
D40 0.0132 395 583 442 616
D40 0.0131 448 576 493 626
D40 0.0131 562 409 705 559
D40 0.0131 392 623 475 664
D40 0.0130 367 528 421 559
D40 0.0130 200 559 258 598
D40 0.0130 449 552 556 612
D40 0.0129 261 559 318 617
D40 0.0129 276 494 340 591
D40 0.0128 147 698 225 720
D40 0.0128 56 331 118 419
D40 0.0128 375 542 419 593
D40 0.0128 661 586 712 614
D40 0.0127 202 507 280 536
D40 0.0127 25 637 123 678
D40 0.0127 613 551 654 607
D40 0.0126 584 576 651 606
D40 0.0126 169 587 250 612
D40 0.0126 579 468 691 537
D40 0.0126 412 478 452 518
D40 0.0126 349 493 400 524
D40 0.0125 358 550 411 583
D40 0.0125 198 477 266 504
D40 0.0125 94 645 178 687
D40 0.0125 545 440 691 523
D40 0.0125 194 682 276 717
D40 0.0124 239 467 314 492
D40 0.0124 132 647 206 720
D40 0.0124 452 465 484 511
D40 0.0123 150 498 231 527
D40 0.0123 539 516 621 552
D40 0.0123 0 599 48 715
D40 0.0123 0 321 121 479
D40 0.0123 567 537 619 577
D40 0.0123 82 651 152 681
D40 0.0123 193 533 288 578
D40 0.0122 432 450 501 506
D40 0.0122 261 510 315 555
D40 0.0122 293 484 367 540
D40 0.0122 296 568 349 632
D40 0.0122 339 596 397 629
D40 0.0122 156 474 242 506
D40 0.0121 206 662 268 714
D40 0.0120 528 505 610 540
D40 0.0120 64 305 136 433
D40 0.0120 540 502 611 602
D40 0.0120 338 607 398 640
D40 0.0120 441 607 498 642
D40 0.0119 0 615 75 680
D40 0.0118 616 456 704 555
D40 0.0118 37 658 130 702
D40 0.0118 108 530 200 596
D40 0.0118 190 573 298 629
D40 0.0117 392 484 452 511
D40 0.0117 165 634 231 707
D40 0.0117 457 546 497 594
D40 0.0117 431 491 585 566
D40 0.0116 421 467 493 529
D40 0.0116 408 620 448 663
D40 0.0116 360 591 427 699
D40 0.0116 32 388 400 591
D40 0.0115 591 533 633 585
D40 0.0115 340 626 436 675
D40 0.0115 360 466 394 517
D40 0.0115 454 452 501 483
D40 0.0115 278 654 411 711
D40 0.0115 223 572 286 603
D40 0.0115 411 473 550 616
D40 0.0114 323 600 365 647
D40 0.0114 214 606 314 667
D40 0.0114 466 608 507 655
D40 0.0114 369 484 425 511
D40 0.0114 155 578 229 603
D40 0.0114 348 630 413 662
D40 0.0113 338 610 394 672
D40 0.0113 291 625 389 686
D40 0.0113 4 657 92 705
D40 0.0113 470 465 523 496
D40 0.0113 373 629 496 688
D40 0.0113 329 447 411 574
D40 0.0112 492 476 617 533
D40 0.0112 107 698 179 720
D40 0.0112 289 490 345 530
D40 0.0112 690 611 720 659
D40 0.0111 389 477 428 521
D40 0.0111 271 569 326 630
D40 0.0111 376 496 414 550
D40 0.0110 461 596 512 630
D40 0.0110 7 638 44 706
D40 0.0109 281 510 333 556
D40 0.0109 437 630 497 660
D40 0.0109 155 525 193 579
D40 0.0108 241 552 319 586
D40 0.0107 462 475 555 520
D40 0.0107 159 559 217 598
D40 0.0107 380 435 435 476
D40 0.0107 198 474 261 551
D40 0.0107 572 592 680 679
D40 0.0107 14 647 107 691
D40 0.0107 394 472 448 529
D40 0.0107 298 529 370 561
D40 0.0106 643 475 718 581
D40 0.0106 203 510 254 555
D40 0.0106 280 507 354 536
D40 0.0106 83 515 184 555
D40 0.0106 382 443 457 494
D40 0.0106 396 573 444 603
D40 0.0105 27 527 112 624
D40 0.0105 462 488 543 572
D40 0.0105 18 360 91 461
D40 0.0104 268 552 309 601
D40 0.0104 377 472 533 541
D40 0.0104 683 629 720 664
D40 0.0104 203 463 287 496
D40 0.0104 148 672 204 716
D40 0.0104 262 532 316 580
D40 0.0104 331 444 404 467
D40 0.0104 14 138 209 489
D40 0.0103 684 554 719 605
D40 0.0103 240 436 368 585
D40 0.0103 507 584 648 648
D40 0.0103 301 596 361 629
D40 0.0103 383 446 414 488
D40 0.0103 33 354 129 432
D40 0.0103 382 522 435 593
D40 0.0103 367 539 422 570
D40 0.0102 98 629 138 683
D40 0.0102 395 618 565 694
D40 0.0102 600 601 688 647
D40 0.0102 92 568 207 614
D40 0.0102 395 577 472 625
D40 0.0101 397 556 475 601
D40 0.0101 15 348 193 466
D40 0.0101 222 446 325 488
D40 0.0101 177 664 218 718
D40 0.0101 331 489 383 533
D40 0.0100 440 461 636 548
D40 0.0100 0 634 41 681
D40 0.0100 420 545 496 592
D40 0.0100 621 557 712 605
D40 0.0100 410 554 449 604
D40 0.0100 519 449 636 605
