D00 0.0504 508 551 665 692
D00 0.0375 509 510 705 657
D00 0.0365 371 522 516 661
D00 0.0364 572 558 672 611
D00 0.0361 592 509 716 609
D00 0.0339 383 505 413 564
D00 0.0333 374 478 422 575
D00 0.0331 370 531 428 562
D00 0.0320 422 533 639 685
D00 0.0312 373 513 450 576
D00 0.0310 540 571 613 695
D00 0.0308 618 529 720 713
D00 0.0306 324 522 468 666
D00 0.0304 353 525 488 576
D00 0.0303 392 543 457 569
D00 0.0284 399 533 472 602
D00 0.0280 299 542 368 567
D00 0.0271 469 557 602 674
D00 0.0270 362 517 417 566
D00 0.0268 665 621 719 710
D00 0.0266 344 504 501 613
D00 0.0255 302 524 444 574
D00 0.0254 275 530 426 670
D00 0.0252 388 498 428 569
D00 0.0250 383 533 450 654
D00 0.0248 308 533 381 564
D00 0.0247 414 540 552 651
D00 0.0239 387 535 431 573
D00 0.0238 394 543 482 643
D00 0.0234 419 539 495 623
D00 0.0232 559 592 633 705
D00 0.0232 375 494 404 560
D00 0.0230 602 521 706 574
D00 0.0226 310 527 354 567
D00 0.0224 306 544 392 690
D00 0.0222 259 513 511 693
D00 0.0222 498 578 625 656
D00 0.0222 353 511 437 640
D00 0.0222 91 665 205 718
D00 0.0221 263 522 376 572
D00 0.0219 384 521 437 610
D00 0.0218 510 566 588 640
D00 0.0217 686 635 717 701
D00 0.0217 104 687 173 715
D00 0.0214 291 499 456 605
D00 0.0210 335 539 460 599
D00 0.0209 400 529 443 568
D00 0.0204 228 556 390 694
D00 0.0203 633 528 712 606
D00 0.0203 592 565 656 601
D00 0.0201 553 471 720 700
D00 0.0198 338 553 403 677
D00 0.0194 361 550 426 674
D00 0.0194 329 503 460 565
D00 0.0193 485 542 627 636
D00 0.0191 363 519 414 613
D00 0.0189 266 600 385 706
D00 0.0187 528 627 648 696
D00 0.0186 382 527 414 577
D00 0.0184 276 501 418 564
D00 0.0182 640 503 712 571
D00 0.0181 426 553 541 607
D00 0.0181 222 517 398 625
D00 0.0180 540 501 709 574
D00 0.0178 636 530 700 561
D00 0.0172 411 543 457 588
D00 0.0170 528 521 683 610
D00 0.0170 415 563 502 662
D00 0.0169 235 483 377 573
D00 0.0168 0 621 160 710
D00 0.0168 291 581 362 696
D00 0.0165 403 533 443 620
D00 0.0164 577 638 634 699
D00 0.0162 569 616 612 699
D00 0.0162 491 546 567 621
D00 0.0162 435 559 478 641
D00 0.0159 338 522 406 624
D00 0.0158 79 681 162 718
D00 0.0157 560 564 646 632
D00 0.0155 371 536 425 594
D00 0.0153 301 532 398 606
D00 0.0152 524 586 595 680
D00 0.0152 221 605 351 710
D00 0.0151 296 549 451 639
D00 0.0149 591 532 691 590
D00 0.0149 105 635 169 720
D00 0.0148 394 477 445 578
D00 0.0148 556 602 603 692
D00 0.0147 0 630 57 720
D00 0.0147 527 572 568 649
D00 0.0145 271 627 349 704
D00 0.0145 334 571 449 689
D00 0.0141 354 479 436 590
D00 0.0141 305 493 359 575
D00 0.0140 412 542 457 636
D00 0.0140 394 503 474 573
D00 0.0139 408 566 469 685
D00 0.0139 110 646 305 720
D00 0.0137 0 563 142 688
D00 0.0137 280 533 364 592
D00 0.0137 620 545 703 591
D00 0.0136 197 645 369 717
D00 0.0136 442 580 580 654
D00 0.0135 317 516 415 560
D00 0.0135 640 474 720 605
D00 0.0134 289 479 564 582
D00 0.0134 652 534 705 577
D00 0.0133 406 507 436 567
D00 0.0133 373 544 451 584
D00 0.0133 512 553 555 630
D00 0.0133 496 570 568 688
D00 0.0132 573 575 644 608
D00 0.0132 665 538 720 695
D00 0.0132 581 550 661 593
D00 0.0131 303 614 379 695
D00 0.0129 382 518 437 556
D00 0.0129 654 515 704 559
D00 0.0127 291 545 364 654
D00 0.0126 586 647 618 703
D00 0.0126 242 508 356 562
D00 0.0125 599 541 654 612
D00 0.0124 353 491 410 568
D00 0.0123 281 345 319 430
D00 0.0123 472 571 572 632
D00 0.0123 626 520 693 553
D00 0.0123 561 651 664 703
D00 0.0122 299 616 343 697
D00 0.0122 676 621 710 684
D00 0.0121 346 529 412 573
D00 0.0121 366 546 407 632
D00 0.0119 364 507 397 562
D00 0.0119 675 655 720 718
D00 0.0119 214 451 455 621
D00 0.0119 664 525 712 568
D00 0.0119 308 597 426 702
D00 0.0118 145 599 327 719
D00 0.0118 442 484 701 720
D00 0.0117 192 502 342 586
D00 0.0117 122 684 221 720
D00 0.0117 175 526 324 701
D00 0.0116 306 465 430 566
D00 0.0116 216 550 359 645
D00 0.0116 390 541 430 635
D00 0.0115 356 559 397 641
D00 0.0115 683 143 720 225
D00 0.0115 386 505 569 704
D00 0.0115 313 505 385 591
D00 0.0115 643 597 717 685
D00 0.0114 416 526 448 575
D00 0.0113 361 581 474 654
D00 0.0113 275 531 350 565
D00 0.0112 598 558 637 609
D00 0.0112 394 482 423 553
D00 0.0111 544 616 610 717
D00 0.0111 121 468 157 513
D00 0.0111 250 639 330 714
D00 0.0110 268 567 343 681
D00 0.0109 259 654 388 709
D00 0.0109 437 549 524 691
D00 0.0109 587 567 665 648
D00 0.0108 302 519 362 555
D00 0.0108 291 583 408 654
D00 0.0107 5 595 104 717
D00 0.0106 430 579 480 682
D00 0.0106 280 493 375 601
D00 0.0106 340 592 391 693
D00 0.0106 540 577 594 650
D00 0.0105 153 495 353 646
D00 0.0105 135 463 163 516
D00 0.0104 5 211 49 315
D00 0.0104 32 530 180 702
D00 0.0103 0 662 89 718
D00 0.0103 0 383 41 414
D00 0.0102 385 464 662 631
D00 0.0101 120 671 176 713
D00 0.0101 267 444 592 651
D00 0.0101 6 579 106 660
D00 0.0101 675 514 720 628
D00 0.0101 123 531 277 702
D00 0.0100 26 588 97 615
D00 0.0100 453 613 621 698
D00 0.0100 478 561 548 616
D10 0.0419 298 534 421 571
D10 0.0407 386 522 572 588
D10 0.0361 310 542 400 564
D10 0.0346 399 528 534 568
D10 0.0304 323 532 409 560
D10 0.0281 319 514 534 596
D10 0.0268 196 537 382 601
D10 0.0252 264 533 376 575
D10 0.0247 413 535 497 559
D10 0.0246 236 516 420 580
D10 0.0238 373 501 551 571
D10 0.0235 357 540 421 564
D10 0.0219 257 543 402 595
D10 0.0210 445 530 551 560
D10 0.0208 331 520 445 566
D10 0.0207 245 527 455 617
D10 0.0203 444 528 603 580
D10 0.0191 155 553 380 640
D10 0.0178 423 514 555 557
D10 0.0165 433 540 543 575
D10 0.0164 265 547 358 581
D10 0.0159 0 564 162 631
D10 0.0158 213 567 363 619
D10 0.0154 189 522 349 578
D10 0.0152 165 546 326 597
D10 0.0151 308 546 402 581
D10 0.0150 408 520 507 556
D10 0.0150 126 563 316 627
D10 0.0144 275 578 393 626
D10 0.0143 2 582 167 659
D10 0.0142 111 529 344 610
D10 0.0139 426 502 610 564
D10 0.0136 436 523 519 550
D10 0.0133 473 517 565 550
D10 0.0133 0 578 93 627
D10 0.0129 298 551 366 577
D10 0.0128 319 540 423 592
D10 0.0122 483 533 557 556
D10 0.0118 57 558 287 642
D10 0.0115 264 584 356 618
D10 0.0111 486 514 603 555
D10 0.0109 44 572 197 620
D10 0.0108 50 588 235 659
D10 0.0107 244 552 357 602
D10 0.0107 498 530 592 561
D10 0.0107 17 588 87 614
D10 0.0106 344 551 408 578
D10 0.0104 230 549 329 584
D10 0.0104 123 584 309 655
D10 0.0103 297 588 369 613
D10 0.0100 288 572 378 610
D20 0.0747 329 529 720 693
D20 0.0568 60 500 625 693
D20 0.0429 14 586 384 714
D20 0.0402 491 573 690 700
D20 0.0395 0 616 220 715
D20 0.0388 382 518 676 635
D20 0.0369 424 561 646 675
D20 0.0311 372 539 575 652
D20 0.0297 184 483 394 573
D20 0.0284 262 506 619 642
D20 0.0275 250 540 525 678
D20 0.0274 156 571 506 712
D20 0.0269 262 564 624 710
D20 0.0268 234 438 720 720
D20 0.0251 226 584 430 698
D20 0.0249 360 497 572 580
D20 0.0249 101 550 390 683
D20 0.0225 526 496 719 589
D20 0.0221 257 491 479 578
D20 0.0218 68 636 296 720
D20 0.0212 175 609 395 712
D20 0.0207 190 443 378 534
D20 0.0196 133 497 458 643
D20 0.0195 0 556 261 683
D20 0.0185 499 496 720 720
D20 0.0183 571 629 720 720
D20 0.0178 318 464 720 629
D20 0.0174 136 505 368 587
D20 0.0174 227 547 429 652
D20 0.0172 238 469 406 554
D20 0.0170 144 464 361 552
D20 0.0170 153 407 657 633
D20 0.0169 302 511 428 563
D20 0.0165 54 600 272 704
D20 0.0165 0 0 489 353
D20 0.0162 317 554 466 695
D20 0.0161 201 0 720 353
D20 0.0158 362 575 579 685
D20 0.0156 0 374 489 720
D20 0.0153 652 543 720 719
D20 0.0151 370 605 691 720
D20 0.0149 0 142 348 720
D20 0.0146 0 473 304 703
D20 0.0145 183 463 491 594
D20 0.0144 606 482 720 654
D20 0.0144 375 142 720 720
D20 0.0139 313 472 525 569
D20 0.0138 216 475 356 541
D20 0.0134 0 0 720 521
D20 0.0132 0 198 669 710
D20 0.0129 194 499 344 561
D20 0.0128 217 456 351 515
D20 0.0127 632 0 720 142
D20 0.0126 544 0 720 267
D20 0.0122 64 444 445 615
D20 0.0120 243 643 405 713
D20 0.0119 456 0 720 176
D20 0.0118 30 675 180 720
D20 0.0115 177 541 358 657
D20 0.0113 281 602 499 702
D20 0.0111 261 448 459 545
D20 0.0108 0 0 175 269
D20 0.0107 392 476 562 551
D20 0.0106 433 498 664 577
D20 0.0106 644 675 720 720
D20 0.0106 0 593 126 719
D20 0.0104 687 618 720 712
D20 0.0104 394 350 720 657
D20 0.0103 72 507 350 629
D20 0.0101 408 500 550 634
D40 0.1466 595 562 697 611
D40 0.1330 536 543 708 653
D40 0.1242 549 598 720 712
D40 0.0918 452 534 714 697
D40 0.0848 565 542 704 609
D40 0.0796 586 626 709 704
D40 0.0648 533 564 683 624
D40 0.0604 602 569 713 665
D40 0.0571 600 572 665 608
D40 0.0475 587 522 720 688
D40 0.0459 543 568 654 669
D40 0.0448 634 613 720 708
D40 0.0416 587 660 685 702
D40 0.0383 383 532 590 626
D40 0.0377 385 526 539 579
D40 0.0375 80 664 176 716
D40 0.0374 629 549 720 634
D40 0.0370 5 618 235 715
D40 0.0367 622 575 704 607
D40 0.0358 553 609 649 702
D40 0.0355 470 558 648 642
D40 0.0339 501 521 718 610
D40 0.0330 399 536 498 583
D40 0.0309 46 655 205 712
D40 0.0306 605 582 687 610
D40 0.0304 405 542 559 604
D40 0.0300 507 548 661 608
D40 0.0279 409 543 481 571
D40 0.0271 663 634 716 702
D40 0.0253 527 576 632 633
D40 0.0248 645 557 718 684
D40 0.0240 98 675 161 711
D40 0.0237 601 550 681 594
D40 0.0232 401 535 468 563
D40 0.0229 450 547 606 606
D40 0.0228 604 661 720 712
D40 0.0226 528 527 687 586
D40 0.0214 639 585 712 614
D40 0.0209 622 645 716 695
D40 0.0207 467 559 551 599
D40 0.0207 224 454 330 498
D40 0.0206 358 501 530 573
D40 0.0188 416 559 556 630
D40 0.0184 417 603 712 720
D40 0.0184 654 561 719 616
D40 0.0183 0 645 163 720
D40 0.0179 90 645 275 719
D40 0.0179 639 558 699 602
D40 0.0177 69 624 184 709
D40 0.0176 535 583 602 643
D40 0.0175 583 640 649 699
D40 0.0173 315 536 364 569
D40 0.0172 591 654 664 691
D40 0.0172 575 576 658 615
D40 0.0170 682 652 718 704
D40 0.0169 435 537 558 583
D40 0.0164 240 453 312 481
D40 0.0162 0 451 42 484
D40 0.0161 423 569 490 648
D40 0.0153 240 463 314 490
D40 0.0153 664 640 712 676
D40 0.0153 287 460 369 493
D40 0.0151 97 636 161 720
D40 0.0150 235 465 339 513
D40 0.0149 541 524 654 568
D40 0.0147 419 548 516 589
D40 0.0146 243 488 350 538
D40 0.0146 392 514 507 564
D40 0.0145 627 546 688 611
D40 0.0145 356 534 405 567
D40 0.0145 613 676 699 705
D40 0.0145 187 314 375 426
D40 0.0144 677 599 720 715
D40 0.0144 424 531 480 564
D40 0.0143 597 554 660 630
D40 0.0141 544 595 609 627
D40 0.0138 111 623 219 710
D40 0.0136 565 515 685 562
D40 0.0135 273 370 720 720
D40 0.0134 562 673 691 720
D40 0.0131 661 661 712 698
D40 0.0130 381 482 665 586
D40 0.0130 221 358 339 425
D40 0.0130 508 639 670 712
D40 0.0128 554 543 640 636
D40 0.0128 410 465 475 490
D40 0.0128 273 463 342 491
D40 0.0128 19 620 138 707
D40 0.0127 537 592 631 658
D40 0.0127 436 588 476 637
D40 0.0127 296 457 416 496
D40 0.0126 76 604 251 691
D40 0.0125 323 527 378 564
D40 0.0122 680 579 720 621
D40 0.0122 275 464 378 510
D40 0.0122 486 553 550 585
D40 0.0121 475 523 581 592
D40 0.0121 544 437 720 695
D40 0.0121 89 665 153 701
D40 0.0119 308 454 374 481
D40 0.0118 263 475 365 526
D40 0.0117 642 656 702 702
D40 0.0117 643 583 720 648
D40 0.0117 191 419 374 508
D40 0.0116 546 532 618 558
D40 0.0115 429 584 528 643
D40 0.0115 109 664 149 715
D40 0.0114 586 674 652 703
D40 0.0113 310 551 414 610
D40 0.0112 81 580 305 674
D40 0.0112 317 464 390 489
D40 0.0112 592 579 687 636
D40 0.0112 274 474 341 501
D40 0.0112 675 533 720 653
D40 0.0110 532 581 582 627
D40 0.0110 238 436 362 488
D40 0.0109 591 636 684 683
D40 0.0109 481 567 558 611
D40 0.0109 27 608 180 680
D40 0.0107 659 675 714 709
D40 0.0106 687 172 717 231
D40 0.0106 205 335 320 411
D40 0.0104 554 585 625 617
D40 0.0103 411 475 475 501
D40 0.0103 598 563 637 613
D40 0.0102 252 450 340 486
D40 0.0102 349 545 425 583
D40 0.0102 624 590 712 627
D40 0.0100 605 633 663 701
D40 0.0100 415 516 495 602
