D00 0.0470 0 517 112 713
D00 0.0457 0 622 56 709
D00 0.0411 521 420 696 708
D00 0.0402 32 449 181 684
D00 0.0366 0 394 228 720
D00 0.0335 0 470 125 639
D00 0.0334 5 599 139 715
D00 0.0321 0 507 57 600
D00 0.0309 585 481 714 709
D00 0.0301 3 578 71 701
D00 0.0298 16 553 89 686
D00 0.0291 4 529 69 663
D00 0.0285 228 464 328 668
D00 0.0279 71 417 225 651
D00 0.0270 178 414 311 652
D00 0.0268 126 417 270 650
D00 0.0264 8 637 46 702
D00 0.0257 1 367 139 606
D00 0.0257 491 451 641 692
D00 0.0248 454 316 675 688
D00 0.0245 34 557 194 713
D00 0.0245 538 365 674 619
D00 0.0242 613 557 707 707
D00 0.0242 5 634 103 720
D00 0.0242 200 419 371 700
D00 0.0234 477 315 525 415
D00 0.0233 431 537 536 720
D00 0.0232 486 335 536 439
D00 0.0230 0 449 79 609
D00 0.0227 129 381 466 720
D00 0.0226 79 371 307 697
D00 0.0222 30 341 180 562
D00 0.0220 466 312 543 472
D00 0.0218 7 521 96 625
D00 0.0218 0 325 62 402
D00 0.0208 565 331 720 650
D00 0.0207 576 532 669 698
D00 0.0205 7 540 52 618
D00 0.0205 0 531 174 666
D00 0.0203 0 318 245 592
D00 0.0199 261 505 338 677
D00 0.0198 364 356 592 718
D00 0.0198 450 408 590 663
D00 0.0193 250 502 312 639
D00 0.0190 0 320 138 463
D00 0.0186 65 515 191 634
D00 0.0186 265 448 402 687
D00 0.0185 445 296 522 443
D00 0.0184 247 434 347 616
D00 0.0184 484 331 567 488
D00 0.0183 491 327 633 562
D00 0.0183 80 536 170 694
D00 0.0183 547 475 655 677
D00 0.0183 6 656 68 715
D00 0.0182 11 433 182 585
D00 0.0182 620 470 706 643
D00 0.0181 241 530 320 694
D00 0.0180 34 490 167 617
D00 0.0178 197 481 310 614
D00 0.0178 438 301 606 594
D00 0.0177 108 557 185 628
D00 0.0176 406 500 519 686
D00 0.0176 32 532 111 663
D00 0.0175 245 296 564 676
D00 0.0174 642 510 720 684
D00 0.0174 129 346 268 567
D00 0.0173 24 651 160 714
D00 0.0172 0 309 136 386
D00 0.0172 486 324 515 386
D00 0.0172 340 427 517 708
D00 0.0171 3 331 48 377
D00 0.0170 90 492 214 610
D00 0.0169 0 421 119 548
D00 0.0169 1 328 56 359
D00 0.0168 0 291 155 360
D00 0.0168 450 553 515 683
D00 0.0167 590 613 720 709
D00 0.0165 465 296 515 387
D00 0.0165 87 556 246 710
D00 0.0164 4 371 197 499
D00 0.0162 227 503 294 636
D00 0.0162 81 599 204 714
D00 0.0162 0 606 94 678
D00 0.0160 4 480 98 577
D00 0.0160 0 318 88 371
D00 0.0159 168 376 391 613
D00 0.0158 181 341 309 568
D00 0.0157 292 389 469 686
D00 0.0157 271 481 331 616
D00 0.0157 220 397 332 581
D00 0.0156 412 364 542 615
D00 0.0155 495 356 547 460
D00 0.0155 63 468 190 593
D00 0.0155 96 411 245 564
D00 0.0155 9 582 112 652
D00 0.0153 247 464 314 592
D00 0.0153 91 372 242 501
D00 0.0153 473 575 525 681
D00 0.0152 1 334 35 395
D00 0.0152 29 302 116 337
D00 0.0151 649 574 715 700
D00 0.0151 191 510 284 667
D00 0.0150 639 651 714 720
D00 0.0149 208 559 355 711
D00 0.0149 440 282 569 425
D00 0.0149 58 577 137 701
D00 0.0149 526 554 687 710
D00 0.0148 5 633 74 683
D00 0.0148 0 341 93 522
D00 0.0147 519 340 687 523
D00 0.0147 57 397 226 477
D00 0.0147 110 544 150 623
D00 0.0147 178 519 315 720
D00 0.0146 42 293 127 330
D00 0.0145 162 492 262 639
D00 0.0145 460 351 603 504
D00 0.0145 14 558 61 643
D00 0.0144 172 446 297 574
D00 0.0144 495 345 526 411
D00 0.0144 458 517 541 675
D00 0.0143 78 640 156 720
D00 0.0142 8 626 49 671
D00 0.0142 153 381 267 495
D00 0.0142 280 483 359 658
D00 0.0142 608 419 716 600
D00 0.0141 6 662 56 699
D00 0.0141 123 433 215 585
D00 0.0140 118 519 215 662
D00 0.0138 380 539 503 720
D00 0.0137 61 534 137 660
D00 0.0137 19 503 122 600
D00 0.0137 525 425 631 633
D00 0.0135 131 402 248 518
D00 0.0134 7 525 46 590
D00 0.0134 475 313 505 375
D00 0.0134 6 313 93 350
D00 0.0133 382 471 567 668
D00 0.0131 426 534 496 660
D00 0.0131 58 426 191 545
D00 0.0130 254 328 312 360
D00 0.0130 19 559 136 631
D00 0.0130 462 261 541 402
D00 0.0129 498 236 709 562
D00 0.0129 388 467 494 643
D00 0.0128 1 657 37 716
D00 0.0128 599 612 656 716
D00 0.0128 0 346 55 447
D00 0.0128 603 508 677 651
D00 0.0127 244 338 305 366
D00 0.0127 1 326 103 416
D00 0.0127 113 572 179 700
D00 0.0127 0 274 155 536
D00 0.0126 190 386 278 538
D00 0.0126 413 288 541 511
D00 0.0125 513 376 631 495
D00 0.0125 467 537 577 720
D00 0.0125 572 448 663 617
D00 0.0124 567 528 633 668
D00 0.0124 50 630 179 701
D00 0.0124 178 361 287 477
D00 0.0123 417 505 469 611
D00 0.0123 228 551 294 680
D00 0.0123 9 582 52 667
D00 0.0123 397 265 664 536
D00 0.0123 365 368 496 613
D00 0.0123 477 300 651 479
D00 0.0123 454 345 514 478
D00 0.0123 29 331 209 462
D00 0.0122 1 317 56 349
D00 0.0121 654 485 715 621
D00 0.0121 244 587 406 718
D00 0.0121 0 514 37 580
D00 0.0121 53 644 230 720
D00 0.0120 350 216 378 269
D00 0.0120 312 522 451 720
D00 0.0120 219 644 393 720
D00 0.0119 513 352 582 478
D00 0.0119 486 355 517 421
D00 0.0119 104 555 157 654
D00 0.0119 145 552 277 676
D00 0.0118 2 620 36 684
D00 0.0118 0 549 80 611
D00 0.0118 647 61 720 206
D00 0.0118 97 532 174 613
D00 0.0118 173 603 305 712
D00 0.0118 464 335 517 431
D00 0.0118 482 557 532 653
D00 0.0117 475 366 536 496
D00 0.0116 146 373 233 465
D00 0.0116 117 408 343 543
D00 0.0116 339 224 369 279
D00 0.0116 174 466 364 594
D00 0.0116 495 327 525 385
D00 0.0116 428 572 500 702
D00 0.0115 7 276 145 334
D00 0.0115 6 293 178 413
D00 0.0114 413 266 512 428
D00 0.0114 114 448 183 572
D00 0.0114 349 626 404 720
D00 0.0113 446 512 514 642
D00 0.0113 2 392 103 479
D00 0.0113 678 72 720 179
D00 0.0113 270 575 333 700
D00 0.0113 2 0 105 159
D00 0.0113 149 490 228 606
D00 0.0112 582 276 713 502
D00 0.0112 135 383 204 490
D00 0.0111 0 477 48 573
D00 0.0111 484 299 536 390
D00 0.0111 27 676 140 720
D00 0.0111 3 680 79 720
D00 0.0111 16 307 86 336
D00 0.0110 105 390 195 530
D00 0.0110 9 649 65 690
D00 0.0109 78 384 211 452
D00 0.0109 441 284 519 372
D00 0.0108 1 400 68 520
D00 0.0108 70 295 140 322
D00 0.0108 116 338 264 468
D00 0.0108 214 364 298 511
D00 0.0107 154 425 224 548
D00 0.0107 430 293 493 404
D00 0.0107 279 559 367 709
D00 0.0106 492 297 557 411
D00 0.0106 535 401 656 516
D00 0.0106 633 0 720 172
D00 0.0106 609 638 693 717
D00 0.0106 286 642 455 720
D00 0.0105 173 468 251 590
D00 0.0105 66 281 146 318
D00 0.0104 311 601 429 714
D00 0.0104 650 683 720 720
D00 0.0104 180 384 232 479
D00 0.0104 248 310 414 594
D00 0.0104 377 512 463 677
D00 0.0104 424 312 502 465
D00 0.0104 75 306 298 517
D00 0.0103 248 601 312 712
D00 0.0103 122 563 157 622
D00 0.0103 0 357 123 430
D00 0.0103 629 449 698 572
D00 0.0102 505 356 536 424
D00 0.0102 220 684 307 720
D00 0.0101 466 383 720 562
D00 0.0101 127 486 202 565
D00 0.0101 534 533 623 695
D00 0.0101 0 294 55 378
D00 0.0101 104 559 135 623
D00 0.0100 455 335 556 403
D00 0.0100 587 569 642 675
D00 0.0100 565 485 629 626
D00 0.0100 75 682 157 720
D00 0.0100 205 354 256 447
D00 0.0100 144 414 202 472
D00 0.0100 25 616 114 699
D00 0.0100 398 234 421 293
D10 0.0331 110 558 221 607
D10 0.0281 119 551 212 587
D10 0.0279 0 383 196 491
D10 0.0248 119 567 192 594
D10 0.0233 401 456 529 509
D10 0.0230 0 416 146 500
D10 0.0228 363 470 526 539
D10 0.0224 0 440 83 493
D10 0.0220 6 407 157 467
D10 0.0210 334 451 514 518
D10 0.0210 71 531 234 616
D10 0.0199 363 435 583 530
D10 0.0190 124 542 241 597
D10 0.0188 4 618 100 680
D10 0.0187 419 475 549 527
D10 0.0186 13 447 230 590
D10 0.0183 391 478 505 522
D10 0.0180 280 464 519 560
D10 0.0178 616 642 713 701
D10 0.0177 111 517 238 585
D10 0.0176 442 452 574 509
D10 0.0169 11 631 68 659
D10 0.0168 448 488 672 648
D10 0.0168 237 444 359 492
D10 0.0166 176 439 329 529
D10 0.0165 0 451 64 479
D10 0.0164 0 494 89 557
D10 0.0163 113 555 179 582
D10 0.0163 193 429 315 488
D10 0.0158 158 490 403 639
D10 0.0158 399 451 622 559
D10 0.0158 411 471 504 508
D10 0.0157 18 614 100 656
D10 0.0157 327 479 468 532
D10 0.0155 515 427 637 489
D10 0.0154 427 562 536 630
D10 0.0151 476 402 684 512
D10 0.0147 19 582 135 651
D10 0.0147 352 494 608 643
D10 0.0146 154 460 309 555
D10 0.0145 645 655 705 683
D10 0.0145 0 649 114 710
D10 0.0145 2 448 122 515
D10 0.0144 5 563 55 593
D10 0.0144 10 439 183 526
D10 0.0143 570 638 715 719
D10 0.0143 408 581 519 649
D10 0.0142 50 429 194 486
D10 0.0142 453 445 669 590
D10 0.0141 471 427 592 492
D10 0.0140 0 382 126 451
D10 0.0140 0 458 135 553
D10 0.0138 194 431 400 548
D10 0.0137 217 420 375 500
D10 0.0137 61 561 189 627
D10 0.0137 30 605 156 677
D10 0.0135 40 507 211 596
D10 0.0135 390 538 580 661
D10 0.0135 252 492 509 641
D10 0.0134 10 639 66 675
D10 0.0133 121 535 210 577
D10 0.0133 419 486 493 512
D10 0.0133 152 450 276 513
D10 0.0131 205 452 455 587
D10 0.0131 446 582 559 648
D10 0.0131 0 537 70 600
D10 0.0130 14 515 137 583
D10 0.0130 145 566 222 594
D10 0.0129 494 449 616 510
D10 0.0127 37 630 104 659
D10 0.0127 36 539 166 607
D10 0.0126 553 428 681 490
D10 0.0126 13 620 69 650
D10 0.0125 531 405 658 472
D10 0.0125 302 457 442 511
D10 0.0124 9 662 66 698
D10 0.0124 0 416 97 475
D10 0.0124 0 517 55 549
D10 0.0123 606 602 708 681
D10 0.0123 151 427 273 488
D10 0.0122 345 555 543 684
D10 0.0122 5 483 114 541
D10 0.0122 149 492 277 566
D10 0.0122 4 441 75 471
D10 0.0121 371 549 520 641
D10 0.0120 396 298 508 343
D10 0.0120 0 513 80 583
D10 0.0119 494 403 610 474
D10 0.0119 85 418 200 471
D10 0.0119 9 552 63 585
D10 0.0118 48 384 196 451
D10 0.0118 150 645 326 720
D10 0.0117 222 620 390 706
D10 0.0116 258 453 382 514
D10 0.0116 524 436 678 523
D10 0.0116 428 429 548 494
D10 0.0115 405 308 468 333
D10 0.0115 84 543 193 601
D10 0.0115 165 471 258 508
D10 0.0114 415 334 502 372
D10 0.0113 105 565 165 595
D10 0.0113 230 437 322 475
D10 0.0112 217 470 329 542
D10 0.0112 430 480 521 517
D10 0.0112 1 347 55 381
D10 0.0112 235 654 373 715
D10 0.0111 6 507 69 538
D10 0.0111 320 433 642 616
D10 0.0111 465 473 595 529
D10 0.0110 196 631 324 699
D10 0.0110 425 559 644 681
D10 0.0110 22 670 121 713
D10 0.0109 169 561 291 627
D10 0.0109 1 527 53 561
D10 0.0109 550 446 631 485
D10 0.0109 3 538 53 576
D10 0.0109 541 445 720 586
D10 0.0108 638 637 711 681
D10 0.0108 260 453 334 479
D10 0.0107 195 405 314 469
D10 0.0107 50 620 113 650
D10 0.0107 520 615 693 708
D10 0.0106 58 582 183 648
D10 0.0106 646 663 705 696
D10 0.0106 416 373 532 423
D10 0.0106 106 620 283 708
D10 0.0106 153 475 270 529
D10 0.0105 498 359 703 488
D10 0.0105 555 396 711 480
D10 0.0103 107 428 229 486
D10 0.0102 578 449 697 515
D10 0.0102 279 475 413 537
D10 0.0102 0 345 88 407
D10 0.0102 8 358 150 430
D10 0.0101 404 493 518 556
D10 0.0101 492 340 551 368
D10 0.0101 439 385 500 414
D10 0.0101 218 451 333 508
D10 0.0100 124 582 254 648
D10 0.0100 13 675 83 707
D10 0.0100 196 537 306 603
D20 0.0725 37 450 588 705
D20 0.0537 0 487 360 708
D20 0.0504 243 376 695 670
D20 0.0439 306 494 720 713
D20 0.0401 0 377 387 659
D20 0.0379 0 600 169 718
D20 0.0366 18 506 201 698
D20 0.0327 127 535 655 720
D20 0.0323 27 580 284 708
D20 0.0309 9 313 634 617
D20 0.0303 456 319 713 719
D20 0.0290 97 491 294 609
D20 0.0271 62 533 317 683
D20 0.0265 537 478 720 712
D20 0.0258 112 512 453 698
D20 0.0257 444 555 720 719
D20 0.0250 47 519 257 629
D20 0.0244 14 429 296 618
D20 0.0233 197 210 720 720
D20 0.0231 589 577 720 716
D20 0.0224 340 581 617 708
D20 0.0218 254 486 508 708
D20 0.0208 398 448 647 694
D20 0.0206 151 584 420 707
D20 0.0205 135 432 293 587
D20 0.0202 0 360 195 471
D20 0.0198 46 472 256 592
D20 0.0198 173 395 485 684
D20 0.0192 107 482 232 651
D20 0.0184 367 296 720 558
D20 0.0183 298 536 564 686
D20 0.0181 146 474 275 652
D20 0.0176 0 302 183 709
D20 0.0174 0 483 92 709
D20 0.0173 0 0 489 353
D20 0.0172 313 401 545 720
D20 0.0167 201 0 720 353
D20 0.0166 0 448 198 571
D20 0.0162 0 334 286 562
D20 0.0161 458 0 720 175
D20 0.0156 0 142 348 720
D20 0.0154 123 434 438 615
D20 0.0154 632 480 720 712
D20 0.0153 103 607 331 714
D20 0.0152 0 367 111 666
D20 0.0151 545 188 720 646
D20 0.0150 0 538 139 680
D20 0.0147 21 18 720 530
D20 0.0138 158 487 334 720
D20 0.0137 0 0 254 174
D20 0.0135 440 349 582 506
D20 0.0134 524 624 720 720
D20 0.0132 221 371 332 560
D20 0.0130 196 632 420 720
D20 0.0128 39 429 244 545
D20 0.0127 90 386 290 492
D20 0.0127 111 516 223 575
D20 0.0125 591 334 720 698
D20 0.0123 427 30 720 624
D20 0.0123 468 0 720 354
D20 0.0122 78 394 375 570
D20 0.0122 632 0 720 138
D20 0.0122 25 632 257 720
D20 0.0122 388 628 651 720
D20 0.0120 1 637 111 703
D20 0.0119 456 377 658 495
D20 0.0119 0 585 86 720
D20 0.0119 591 0 720 191
D20 0.0117 385 492 560 720
D20 0.0115 139 481 241 578
D20 0.0115 406 425 513 608
D20 0.0112 297 629 559 720
D20 0.0110 134 365 337 476
D20 0.0110 427 387 536 564
D20 0.0108 266 436 597 614
D20 0.0107 0 432 67 615
D20 0.0106 0 0 87 134
D20 0.0105 0 0 127 86
D20 0.0105 119 534 212 604
D20 0.0103 583 0 720 85
D20 0.0103 186 0 633 176
D20 0.0102 97 461 251 554
D20 0.0100 475 379 586 561
D40 0.0297 94 513 290 627
D40 0.0244 124 539 256 604
D40 0.0240 112 565 217 619
D40 0.0203 105 533 232 650
D40 0.0183 144 486 277 609
D40 0.0169 103 528 197 616
D40 0.0163 246 328 304 360
D40 0.0162 8 556 51 600
D40 0.0152 120 504 219 596
D40 0.0151 39 550 206 640
D40 0.0150 126 407 222 464
D40 0.0147 142 561 274 626
D40 0.0143 188 523 283 617
D40 0.0142 615 636 708 718
D40 0.0142 127 574 200 606
D40 0.0141 230 319 319 367
D40 0.0135 7 567 73 656
D40 0.0130 415 340 477 368
D40 0.0125 0 50 38 96
D40 0.0123 437 548 522 645
D40 0.0121 187 479 285 578
D40 0.0121 148 512 227 626
D40 0.0120 174 499 318 597
D40 0.0120 15 565 59 614
D40 0.0119 463 573 528 650
D40 0.0118 397 329 504 379
D40 0.0115 3 415 103 502
D40 0.0114 415 328 477 359
D40 0.0112 135 556 211 607
D40 0.0112 414 308 479 333
D40 0.0111 121 570 185 630
D40 0.0111 414 317 478 344
D40 0.0110 126 569 292 661
D40 0.0109 2 18 33 84
D40 0.0108 117 568 164 615
D40 0.0106 478 588 520 638
D40 0.0106 398 308 507 354
D40 0.0105 145 418 204 450
D40 0.0105 124 562 178 601
D40 0.0105 115 582 215 640
D40 0.0104 0 0 124 131
D40 0.0103 16 588 60 637
D40 0.0102 2 520 50 571
D40 0.0102 10 576 51 626
D40 0.0102 4 549 90 613
D40 0.0102 0 10 43 108
D40 0.0102 235 339 299 367
D40 0.0101 163 460 262 556
D40 0.0100 647 94 719 188
D40 0.0100 201 550 304 608
