D00 0.0495 284 513 334 617
D00 0.0447 262 484 345 639
D00 0.0395 291 494 342 589
D00 0.0395 469 536 577 652
D00 0.0374 273 535 327 637
D00 0.0356 35 513 114 669
D00 0.0341 60 557 107 668
D00 0.0338 165 464 329 601
D00 0.0329 495 568 564 649
D00 0.0324 293 523 326 588
D00 0.0307 525 559 564 641
D00 0.0298 12 533 148 688
D00 0.0290 303 502 335 568
D00 0.0286 519 553 581 664
D00 0.0285 248 504 320 630
D00 0.0284 269 486 331 578
D00 0.0284 22 551 90 678
D00 0.0273 293 543 324 614
D00 0.0271 119 480 283 622
D00 0.0258 291 522 353 647
D00 0.0253 56 495 137 654
D00 0.0248 307 492 348 572
D00 0.0246 420 563 593 677
D00 0.0244 498 493 593 667
D00 0.0239 295 472 389 621
D00 0.0234 59 526 110 630
D00 0.0233 138 456 263 570
D00 0.0233 518 569 552 635
D00 0.0224 148 449 337 545
D00 0.0222 70 599 97 666
D00 0.0218 225 466 309 536
D00 0.0215 535 567 574 652
D00 0.0213 410 483 460 582
D00 0.0210 29 479 177 641
D00 0.0210 207 483 315 578
D00 0.0209 185 465 289 556
D00 0.0208 283 556 316 624
D00 0.0208 3 467 112 653
D00 0.0206 458 594 560 649
D00 0.0205 48 580 97 678
D00 0.0204 591 689 655 720
D00 0.0201 375 465 424 580
D00 0.0201 302 532 333 600
D00 0.0200 509 529 583 629
D00 0.0199 492 573 607 679
D00 0.0198 172 455 305 517
D00 0.0196 172 527 246 605
D00 0.0196 385 460 412 521
D00 0.0193 179 473 249 590
D00 0.0192 287 510 331 560
D00 0.0192 539 541 601 657
D00 0.0190 170 492 259 638
D00 0.0188 61 533 187 652
D00 0.0186 2 560 112 720
D00 0.0184 70 505 120 607
D00 0.0183 68 465 239 605
D00 0.0181 211 509 311 652
D00 0.0180 299 475 342 558
D00 0.0180 283 534 318 601
D00 0.0179 497 495 560 628
D00 0.0179 281 514 319 577
D00 0.0178 472 495 541 627
D00 0.0177 387 487 451 613
D00 0.0176 213 470 298 511
D00 0.0176 442 515 525 636
D00 0.0176 186 502 289 596
D00 0.0175 353 471 441 621
D00 0.0175 157 493 238 574
D00 0.0173 403 504 444 582
D00 0.0173 120 448 277 524
D00 0.0172 74 495 230 687
D00 0.0172 263 560 316 649
D00 0.0172 256 485 320 543
D00 0.0170 375 461 402 520
D00 0.0169 74 580 112 662
D00 0.0169 281 567 334 630
D00 0.0169 148 436 281 486
D00 0.0168 558 681 663 720
D00 0.0166 299 493 381 572
D00 0.0165 461 605 594 662
D00 0.0165 387 345 552 652
D00 0.0164 333 487 405 609
D00 0.0164 297 524 357 586
D00 0.0164 613 689 677 720
D00 0.0163 371 465 407 556
D00 0.0163 406 513 459 610
D00 0.0162 511 598 555 645
D00 0.0161 429 481 458 544
D00 0.0161 59 600 89 667
D00 0.0161 529 587 561 652
D00 0.0161 424 491 496 621
D00 0.0160 419 503 449 567
D00 0.0159 225 460 307 499
D00 0.0159 392 490 431 576
D00 0.0159 92 508 262 595
D00 0.0158 164 431 232 461
D00 0.0157 500 588 549 636
D00 0.0156 21 493 91 625
D00 0.0155 159 511 227 629
D00 0.0155 309 524 377 646
D00 0.0154 168 473 272 531
D00 0.0152 416 471 453 555
D00 0.0151 312 505 370 600
D00 0.0151 396 460 423 521
D00 0.0151 272 569 306 631
D00 0.0150 248 460 328 524
D00 0.0150 278 494 317 557
D00 0.0149 315 481 346 548
D00 0.0149 153 440 220 469
D00 0.0148 19 597 90 710
D00 0.0148 426 483 479 579
D00 0.0147 319 481 361 565
D00 0.0145 187 536 230 615
D00 0.0144 25 582 133 653
D00 0.0143 199 464 267 519
D00 0.0143 254 464 319 492
D00 0.0143 398 460 449 565
D00 0.0142 307 534 350 617
D00 0.0141 248 475 309 567
D00 0.0141 58 480 109 593
D00 0.0141 78 528 133 626
D00 0.0141 491 607 551 641
D00 0.0141 70 566 99 640
D00 0.0139 86 514 155 637
D00 0.0139 508 549 555 619
D00 0.0139 251 537 357 712
D00 0.0139 65 571 129 690
D00 0.0138 364 506 442 581
D00 0.0137 259 524 326 588
D00 0.0137 386 450 434 550
D00 0.0137 617 563 708 707
D00 0.0136 253 480 302 522
D00 0.0136 21 583 179 716
D00 0.0136 593 679 699 720
D00 0.0136 181 549 259 622
D00 0.0135 302 555 333 621
D00 0.0135 277 588 318 633
D00 0.0135 552 578 582 647
D00 0.0134 244 474 310 504
D00 0.0134 439 482 469 543
D00 0.0133 448 473 515 602
D00 0.0133 555 690 628 719
D00 0.0133 598 657 670 720
D00 0.0133 188 515 246 578
D00 0.0132 44 560 161 634
D00 0.0131 469 575 548 669
D00 0.0130 275 476 339 531
D00 0.0130 513 561 623 635
D00 0.0130 397 593 577 706
D00 0.0130 170 438 334 498
D00 0.0130 386 486 413 560
D00 0.0129 463 481 492 543
D00 0.0129 417 523 448 586
D00 0.0129 1 533 73 659
D00 0.0128 244 453 306 483
D00 0.0128 291 485 327 547
D00 0.0128 131 539 265 607
D00 0.0126 459 492 497 571
D00 0.0126 215 439 296 504
D00 0.0126 451 482 481 543
D00 0.0126 198 528 273 645
D00 0.0125 328 518 383 612
D00 0.0125 485 414 631 644
D00 0.0125 199 595 367 714
D00 0.0125 540 552 570 617
D00 0.0124 97 482 198 627
D00 0.0124 174 448 251 545
D00 0.0123 407 460 436 521
D00 0.0123 353 461 425 539
D00 0.0123 274 466 343 492
D00 0.0122 532 460 676 669
D00 0.0122 292 579 323 637
D00 0.0122 417 534 471 638
D00 0.0122 419 460 447 521
D00 0.0122 275 536 371 599
D00 0.0122 211 479 275 542
D00 0.0122 4 411 236 706
D00 0.0121 395 533 450 635
D00 0.0121 517 583 563 620
D00 0.0121 452 463 499 557
D00 0.0121 645 521 720 680
D00 0.0120 396 477 424 547
D00 0.0120 427 513 458 576
D00 0.0120 69 556 121 625
D00 0.0120 138 432 237 474
D00 0.0120 121 519 219 653
D00 0.0120 430 460 458 521
D00 0.0120 374 515 427 608
D00 0.0120 221 484 289 515
D00 0.0119 580 597 697 710
D00 0.0118 469 482 506 561
D00 0.0118 9 557 110 634
D00 0.0118 80 545 110 612
D00 0.0118 134 495 209 611
D00 0.0118 358 477 399 567
D00 0.0117 69 545 100 614
D00 0.0117 535 574 654 692
D00 0.0116 272 471 321 509
D00 0.0116 241 457 289 525
D00 0.0116 269 502 307 565
D00 0.0115 247 496 312 527
D00 0.0115 301 683 387 720
D00 0.0115 191 578 328 684
D00 0.0114 8 604 111 674
D00 0.0113 517 539 626 706
D00 0.0113 408 489 438 558
D00 0.0113 221 655 397 719
D00 0.0112 349 526 403 622
D00 0.0112 259 492 294 553
D00 0.0112 79 567 109 639
D00 0.0112 8 451 149 588
D00 0.0111 546 553 585 636
D00 0.0111 219 460 267 502
D00 0.0111 541 644 698 719
D00 0.0111 221 552 310 627
D00 0.0111 83 540 221 609
D00 0.0111 369 504 409 580
D00 0.0111 519 540 549 606
D00 0.0110 293 671 374 712
D00 0.0110 613 671 656 716
D00 0.0109 53 475 113 504
D00 0.0109 269 465 304 518
D00 0.0109 477 618 547 649
D00 0.0109 255 549 301 629
D00 0.0108 559 558 629 676
D00 0.0108 401 687 466 717
D00 0.0108 272 575 335 687
D00 0.0108 431 432 489 550
D00 0.0108 192 525 226 587
D00 0.0108 111 472 244 542
D00 0.0107 264 454 330 481
D00 0.0107 410 437 469 551
D00 0.0107 60 600 104 696
D00 0.0107 296 471 344 508
D00 0.0106 558 569 596 657
D00 0.0106 250 546 342 614
D00 0.0106 53 515 96 601
D00 0.0106 59 459 190 570
D00 0.0106 26 537 132 609
D00 0.0106 223 516 312 596
D00 0.0106 446 502 487 582
D00 0.0106 362 462 393 518
D00 0.0106 437 502 469 564
D00 0.0105 258 456 294 506
D00 0.0105 182 439 253 465
D00 0.0105 4 686 97 720
D00 0.0105 265 615 390 707
D00 0.0105 396 524 427 584
D00 0.0105 339 519 420 590
D00 0.0105 361 398 496 617
D00 0.0105 242 489 291 533
D00 0.0105 144 561 228 635
D00 0.0104 97 651 282 719
D00 0.0104 640 423 720 623
D00 0.0104 231 448 277 516
D00 0.0104 223 490 288 553
D00 0.0104 195 536 259 597
D00 0.0103 446 363 582 614
D00 0.0103 52 465 115 494
D00 0.0103 396 443 423 497
D00 0.0102 248 581 310 638
D00 0.0102 511 605 632 670
D00 0.0102 432 513 475 593
D00 0.0102 40 558 87 648
D00 0.0102 77 437 229 483
D00 0.0102 406 533 438 595
D00 0.0102 83 570 127 653
D00 0.0102 385 513 414 576
D00 0.0101 68 463 118 562
D00 0.0101 419 554 503 655
D00 0.0101 322 536 364 615
D00 0.0101 441 460 469 522
D00 0.0101 385 444 412 497
D00 0.0101 530 541 560 607
D00 0.0100 308 478 352 521
D00 0.0100 167 481 231 546
D00 0.0100 515 682 625 720
D00 0.0100 316 548 391 623
D10 0.0237 395 595 581 665
D10 0.0182 284 539 334 570
D10 0.0164 291 529 344 562
D10 0.0163 279 527 387 585
D10 0.0162 297 541 360 570
D10 0.0149 136 527 241 585
D10 0.0140 285 476 352 502
D10 0.0138 366 611 529 664
D10 0.0138 346 629 539 697
D10 0.0133 428 496 479 527
D10 0.0133 433 608 552 652
D10 0.0130 284 550 333 582
D10 0.0128 250 534 332 578
D10 0.0128 309 530 428 583
D10 0.0127 281 516 334 552
D10 0.0120 418 485 469 515
D10 0.0120 265 496 329 526
D10 0.0118 437 506 490 538
D10 0.0118 267 506 328 538
D10 0.0117 308 475 376 501
D10 0.0116 274 485 340 514
D10 0.0116 217 584 343 646
D10 0.0115 74 651 260 719
D10 0.0114 298 551 360 582
D10 0.0112 279 597 336 628
D10 0.0111 320 542 389 570
D10 0.0111 260 529 325 561
D10 0.0110 306 530 374 561
D10 0.0109 221 539 339 599
D10 0.0108 143 597 329 676
D10 0.0105 61 432 242 489
D10 0.0105 449 496 498 527
D10 0.0105 142 625 330 699
D10 0.0104 262 639 397 695
D10 0.0103 417 620 596 693
D10 0.0103 426 518 482 549
D10 0.0102 298 484 361 512
D10 0.0101 272 585 325 620
D10 0.0101 55 622 239 700
D10 0.0101 141 585 288 647
D10 0.0101 6 482 95 519
D10 0.0100 197 580 288 620
D20 0.2678 160 493 607 678
D20 0.1239 301 537 595 665
D20 0.1164 3 500 461 686
D20 0.0852 197 467 534 628
D20 0.0767 195 535 707 720
D20 0.0733 119 492 419 645
D20 0.0709 364 486 565 655
D20 0.0700 240 477 461 594
D20 0.0681 55 431 720 694
D20 0.0679 227 473 378 627
D20 0.0657 224 505 458 672
D20 0.0577 294 417 593 666
D20 0.0567 267 579 579 692
D20 0.0556 397 547 570 646
D20 0.0529 116 558 504 703
D20 0.0496 37 534 324 677
D20 0.0416 306 493 489 637
D20 0.0416 174 510 344 654
D20 0.0375 246 523 357 648
D20 0.0374 167 465 364 571
D20 0.0359 220 461 433 548
D20 0.0354 439 571 600 655
D20 0.0354 366 560 686 700
D20 0.0351 449 505 582 653
D20 0.0343 378 508 512 634
D20 0.0342 279 504 408 629
D20 0.0328 259 498 346 601
D20 0.0325 277 468 412 575
D20 0.0325 0 412 464 634
D20 0.0320 62 581 363 697
D20 0.0320 20 511 209 688
D20 0.0302 414 464 658 667
D20 0.0300 85 517 314 629
D20 0.0288 256 559 500 663
D20 0.0283 334 475 542 594
D20 0.0280 419 491 538 626
D20 0.0270 330 549 526 639
D20 0.0270 241 490 366 565
D20 0.0262 192 555 413 664
D20 0.0256 252 461 395 515
D20 0.0253 25 460 347 620
D20 0.0253 0 198 669 710
D20 0.0247 281 458 456 528
D20 0.0243 195 458 362 528
D20 0.0238 174 444 428 708
D20 0.0235 460 526 553 629
D20 0.0231 263 547 439 637
D20 0.0224 257 478 337 554
D20 0.0223 331 461 455 573
D20 0.0219 79 572 261 656
D20 0.0217 320 501 537 716
D20 0.0213 302 431 361 457
D20 0.0209 150 530 282 647
D20 0.0205 0 451 300 720
D20 0.0203 471 545 675 657
D20 0.0200 21 18 720 530
D20 0.0198 268 507 375 690
D20 0.0193 275 623 516 705
D20 0.0192 378 471 462 625
D20 0.0191 394 502 484 600
D20 0.0186 0 0 489 353
D20 0.0185 377 356 720 662
D20 0.0185 263 536 383 609
D20 0.0182 201 0 720 353
D20 0.0182 318 501 419 596
D20 0.0180 0 553 151 680
D20 0.0179 494 490 720 720
D20 0.0177 292 474 365 558
D20 0.0176 46 549 216 644
D20 0.0174 385 454 488 574
D20 0.0174 220 535 343 610
D20 0.0172 0 477 125 643
D20 0.0172 146 571 329 656
D20 0.0171 321 432 380 457
D20 0.0170 0 142 348 720
D20 0.0170 417 482 500 579
D20 0.0167 272 515 369 576
D20 0.0166 370 586 532 646
D20 0.0162 50 477 261 593
D20 0.0162 197 513 331 586
D20 0.0162 300 442 362 466
D20 0.0161 331 628 599 720
D20 0.0159 420 463 468 561
D20 0.0157 235 458 340 503
D20 0.0156 483 569 571 636
D20 0.0156 495 579 697 692
D20 0.0154 352 488 442 636
D20 0.0152 324 516 466 583
D20 0.0150 209 544 313 637
D20 0.0149 308 466 422 515
D20 0.0147 298 538 444 606
D20 0.0147 410 428 505 603
D20 0.0146 371 544 469 637
D20 0.0145 354 493 479 563
D20 0.0145 489 590 586 652
D20 0.0144 354 538 493 608
D20 0.0144 288 423 373 461
D20 0.0144 374 0 720 720
D20 0.0143 214 493 325 552
D20 0.0143 511 581 626 654
D20 0.0143 309 447 512 547
D20 0.0143 264 472 350 507
D20 0.0141 245 448 352 490
D20 0.0140 159 630 437 720
D20 0.0140 34 609 261 706
D20 0.0139 167 434 491 565
D20 0.0138 276 463 361 496
D20 0.0137 340 369 514 653
D20 0.0137 102 561 242 631
D20 0.0137 359 517 486 684
D20 0.0137 285 505 400 566
D20 0.0136 236 442 409 497
D20 0.0135 0 0 176 274
D20 0.0133 274 435 368 472
D20 0.0132 473 532 611 625
D20 0.0132 440 464 488 557
D20 0.0132 289 475 398 529
D20 0.0131 345 432 406 456
D20 0.0129 69 629 341 720
D20 0.0129 428 482 478 543
D20 0.0128 155 435 349 513
D20 0.0127 282 446 378 487
D20 0.0126 594 0 720 208
D20 0.0125 107 504 235 663
D20 0.0125 534 557 651 677
D20 0.0124 278 566 363 655
D20 0.0124 302 420 359 447
D20 0.0124 375 597 557 708
D20 0.0124 358 421 418 443
D20 0.0123 222 584 445 686
D20 0.0123 59 584 193 649
D20 0.0123 631 0 720 145
D20 0.0123 58 594 239 674
D20 0.0122 299 472 385 506
D20 0.0122 0 631 140 720
D20 0.0122 268 500 342 546
D20 0.0122 311 439 390 468
D20 0.0119 388 462 460 541
D20 0.0119 366 455 436 528
D20 0.0119 249 570 348 631
D20 0.0119 306 515 433 688
D20 0.0118 0 344 244 656
D20 0.0118 396 474 494 531
D20 0.0115 299 453 363 479
D20 0.0114 425 478 461 524
D20 0.0114 371 408 430 434
D20 0.0113 118 597 309 676
D20 0.0113 308 466 375 492
D20 0.0111 369 432 429 455
D20 0.0111 289 306 652 720
D20 0.0111 416 605 641 699
D20 0.0111 0 573 89 720
D20 0.0108 323 420 378 447
D20 0.0107 275 480 357 519
D20 0.0107 334 457 446 507
D20 0.0106 460 0 720 174
D20 0.0106 511 0 720 316
D20 0.0105 519 630 718 720
D20 0.0105 370 443 428 467
D20 0.0105 443 515 548 585
D20 0.0105 348 571 503 720
D20 0.0105 298 602 498 675
D20 0.0104 280 432 342 457
D20 0.0103 0 0 87 137
D20 0.0102 127 543 255 708
D20 0.0101 234 438 336 479
D20 0.0101 159 539 337 720
D20 0.0100 53 427 373 555
D20 0.0100 410 453 475 529
D40 0.0260 289 531 329 579
D40 0.0235 297 657 490 718
D40 0.0211 182 431 253 457
D40 0.0210 328 669 448 712
D40 0.0197 156 423 255 464
D40 0.0194 176 414 281 454
D40 0.0186 194 421 264 449
D40 0.0177 0 635 212 720
D40 0.0171 15 656 141 716
D40 0.0169 274 522 341 569
D40 0.0168 296 633 495 700
D40 0.0162 203 431 276 455
D40 0.0155 413 521 453 568
D40 0.0146 346 529 462 582
D40 0.0146 12 613 100 705
D40 0.0145 215 421 284 446
D40 0.0145 175 421 240 451
D40 0.0143 386 516 485 576
D40 0.0142 238 526 341 588
D40 0.0142 423 510 462 557
D40 0.0141 588 526 718 682
D40 0.0141 297 661 415 706
D40 0.0138 227 647 447 720
D40 0.0135 37 682 155 720
D40 0.0134 178 562 287 616
D40 0.0133 49 659 195 714
D40 0.0131 381 670 480 717
D40 0.0130 402 532 443 579
D40 0.0130 522 544 707 662
D40 0.0127 287 576 327 625
D40 0.0122 279 640 425 695
D40 0.0121 117 410 273 469
D40 0.0121 198 424 296 463
D40 0.0119 75 426 273 502
D40 0.0118 620 550 705 647
D40 0.0116 194 574 317 627
D40 0.0116 416 529 472 560
D40 0.0114 0 681 107 720
D40 0.0113 347 677 431 706
D40 0.0111 543 535 690 617
D40 0.0110 251 510 331 557
D40 0.0109 46 690 121 719
D40 0.0109 170 427 224 463
D40 0.0108 86 574 200 630
D40 0.0107 372 525 431 583
D40 0.0107 276 543 342 589
D40 0.0107 406 539 461 573
D40 0.0106 579 561 691 630
D40 0.0105 267 571 374 629
D40 0.0105 0 466 105 514
D40 0.0105 270 590 347 632
D40 0.0104 277 666 371 715
D40 0.0104 384 536 486 596
D40 0.0103 0 444 104 489
D40 0.0103 371 653 551 719
D40 0.0103 420 506 471 539
D40 0.0102 337 536 423 576
D40 0.0102 643 568 719 671
D40 0.0101 416 498 454 547
D40 0.0100 310 679 423 720
