D00 0.0582 320 535 364 645
D00 0.0500 309 501 381 659
D00 0.0484 329 564 355 638
D00 0.0455 315 564 351 653
D00 0.0446 331 512 374 631
D00 0.0421 6 594 117 718
D00 0.0418 297 516 359 644
D00 0.0367 340 554 366 627
D00 0.0361 337 529 395 657
D00 0.0352 352 503 378 569
D00 0.0344 2 519 146 704
D00 0.0331 333 563 369 653
D00 0.0330 463 503 547 646
D00 0.0323 343 493 384 602
D00 0.0308 452 513 517 636
D00 0.0300 346 532 380 624
D00 0.0300 363 502 387 569
D00 0.0285 341 522 367 598
D00 0.0256 20 651 136 716
D00 0.0252 302 547 342 635
D00 0.0249 492 531 560 652
D00 0.0246 329 533 357 611
D00 0.0241 336 495 373 578
D00 0.0238 423 500 506 644
D00 0.0238 353 511 396 624
D00 0.0236 312 574 377 663
D00 0.0235 310 477 369 507
D00 0.0234 318 545 347 620
D00 0.0231 446 498 518 574
D00 0.0228 279 546 378 671
D00 0.0227 475 524 529 630
D00 0.0218 38 585 194 718
D00 0.0216 488 520 608 639
D00 0.0214 232 507 371 649
D00 0.0214 272 519 342 638
D00 0.0212 324 583 358 668
D00 0.0210 319 498 367 602
D00 0.0208 345 565 382 653
D00 0.0208 364 568 410 671
D00 0.0207 348 500 426 653
D00 0.0206 465 559 515 657
D00 0.0204 518 542 678 684
D00 0.0202 457 505 499 584
D00 0.0198 465 509 540 585
D00 0.0198 319 596 345 663
D00 0.0197 307 576 337 645
D00 0.0192 584 543 720 696
D00 0.0189 292 488 358 513
D00 0.0185 58 601 135 712
D00 0.0180 363 531 387 606
D00 0.0178 462 497 494 555
D00 0.0178 451 504 483 566
D00 0.0177 486 518 561 598
D00 0.0177 380 580 415 663
D00 0.0176 53 654 187 714
D00 0.0176 358 566 394 654
D00 0.0176 0 635 84 720
D00 0.0175 434 514 506 595
D00 0.0171 475 591 504 652
D00 0.0171 327 551 405 694
D00 0.0169 353 478 394 575
D00 0.0169 514 551 583 669
D00 0.0168 61 499 222 676
D00 0.0166 468 515 512 596
D00 0.0165 374 503 398 568
D00 0.0165 484 558 536 656
D00 0.0164 297 568 358 685
D00 0.0163 547 53 720 425
D00 0.0162 480 591 517 665
D00 0.0161 449 492 561 596
D00 0.0161 536 537 607 656
D00 0.0160 374 602 401 662
D00 0.0158 329 515 358 582
D00 0.0156 407 514 473 635
D00 0.0156 312 689 377 718
D00 0.0156 385 571 432 670
D00 0.0156 472 507 505 566
D00 0.0156 369 557 403 642
D00 0.0156 408 513 433 578
D00 0.0156 550 528 640 667
D00 0.0155 437 504 478 584
D00 0.0155 374 549 420 652
D00 0.0154 500 536 545 621
D00 0.0153 313 517 352 606
D00 0.0152 370 522 402 612
D00 0.0152 508 527 584 609
D00 0.0151 270 490 376 594
D00 0.0151 453 535 566 611
D00 0.0151 372 501 455 648
D00 0.0150 84 575 159 700
D00 0.0149 485 579 514 643
D00 0.0149 564 573 617 670
D00 0.0148 364 494 407 596
D00 0.0147 643 558 720 711
D00 0.0147 451 523 482 588
D00 0.0145 287 471 362 511
D00 0.0141 397 514 423 578
D00 0.0139 6 637 48 720
D00 0.0139 479 500 521 573
D00 0.0137 363 485 388 539
D00 0.0137 423 489 498 561
D00 0.0137 384 615 411 667
D00 0.0136 317 488 381 562
D00 0.0136 261 480 380 527
D00 0.0135 452 489 506 543
D00 0.0134 666 582 716 684
D00 0.0133 86 562 235 705
D00 0.0133 582 557 655 678
D00 0.0133 297 587 348 655
D00 0.0132 399 495 443 593
D00 0.0132 342 559 412 641
D00 0.0132 312 462 365 498
D00 0.0130 440 536 494 637
D00 0.0129 580 616 720 709
D00 0.0129 285 558 337 657
D00 0.0128 614 692 687 718
D00 0.0128 618 569 707 668
D00 0.0127 179 489 369 585
D00 0.0127 493 574 613 687
D00 0.0127 241 499 360 558
D00 0.0127 605 524 715 635
D00 0.0127 0 469 114 632
D00 0.0127 76 640 150 719
D00 0.0127 505 690 567 720
D00 0.0127 300 557 396 637
D00 0.0126 376 515 421 617
D00 0.0126 454 514 530 556
D00 0.0126 447 493 489 534
D00 0.0125 495 504 572 570
D00 0.0125 413 504 450 585
D00 0.0125 459 582 500 657
D00 0.0124 386 538 433 638
D00 0.0124 636 379 713 422
D00 0.0124 385 513 411 578
D00 0.0124 351 486 380 537
D00 0.0124 485 525 517 589
D00 0.0123 495 535 528 603
D00 0.0123 291 496 355 523
D00 0.0123 408 494 434 553
D00 0.0123 517 513 594 580
D00 0.0122 665 551 718 650
D00 0.0122 397 550 445 650
D00 0.0122 512 548 556 628
D00 0.0122 79 630 210 720
D00 0.0122 388 505 432 605
D00 0.0122 395 603 422 662
D00 0.0122 339 597 366 663
D00 0.0121 581 594 622 672
D00 0.0121 425 515 464 594
D00 0.0121 106 517 273 687
D00 0.0119 275 534 374 612
D00 0.0119 404 525 437 605
D00 0.0119 244 517 357 585
D00 0.0118 485 556 516 624
D00 0.0118 462 545 519 613
D00 0.0118 347 530 379 581
D00 0.0117 329 482 402 620
D00 0.0117 4 681 80 720
D00 0.0117 363 602 391 662
D00 0.0117 495 517 527 577
D00 0.0116 602 577 680 697
D00 0.0116 627 601 702 711
D00 0.0115 440 496 472 554
D00 0.0115 467 555 546 692
D00 0.0115 593 552 689 645
D00 0.0114 664 616 716 720
D00 0.0114 290 535 330 625
D00 0.0114 524 537 566 620
D00 0.0114 475 536 584 709
D00 0.0113 549 590 642 682
D00 0.0113 631 341 720 512
D00 0.0113 344 482 383 513
D00 0.0113 175 510 336 636
D00 0.0113 510 559 636 634
D00 0.0113 500 510 544 584
D00 0.0113 235 528 332 619
D00 0.0112 461 508 520 539
D00 0.0112 306 535 336 606
D00 0.0112 474 493 550 559
D00 0.0111 475 593 548 666
D00 0.0111 441 534 471 597
D00 0.0110 469 622 509 664
D00 0.0110 308 579 388 713
D00 0.0110 200 475 360 543
D00 0.0110 402 581 438 661
D00 0.0110 471 474 580 629
D00 0.0109 385 534 411 601
D00 0.0109 385 568 411 634
D00 0.0109 534 536 697 619
D00 0.0109 397 535 422 599
D00 0.0108 144 539 266 644
D00 0.0108 495 568 526 633
D00 0.0108 635 656 720 720
D00 0.0108 474 556 505 624
D00 0.0108 441 507 500 537
D00 0.0107 108 604 182 711
D00 0.0107 331 591 404 667
D00 0.0106 131 526 175 601
D00 0.0106 389 623 426 664
D00 0.0106 0 580 60 720
D00 0.0105 160 690 230 716
D00 0.0105 630 76 720 334
D00 0.0105 560 429 720 694
D00 0.0105 364 608 434 670
D00 0.0104 495 590 525 652
D00 0.0104 502 568 543 647
D00 0.0104 127 558 205 671
D00 0.0104 188 520 324 583
D00 0.0103 577 200 712 442
D00 0.0103 474 524 553 565
D00 0.0103 461 533 493 599
D00 0.0103 482 516 564 554
D00 0.0103 331 491 375 526
D00 0.0102 556 581 682 654
D00 0.0102 40 680 124 720
D00 0.0102 38 450 179 648
D00 0.0102 295 568 325 635
D00 0.0101 398 495 423 553
D00 0.0100 443 595 517 662
D00 0.0100 462 529 521 561
D00 0.0100 304 489 359 583
D00 0.0100 488 491 606 591
D10 0.0409 306 488 372 510
D10 0.0280 330 487 389 509
D10 0.0269 292 479 382 515
D10 0.0238 319 477 376 506
D10 0.0216 632 688 720 720
D10 0.0192 308 496 371 521
D10 0.0158 359 632 416 662
D10 0.0149 596 656 720 714
D10 0.0148 285 488 376 529
D10 0.0131 347 642 407 667
D10 0.0126 334 496 388 521
D10 0.0121 645 678 712 711
D10 0.0118 379 632 440 661
D10 0.0117 368 642 427 666
D10 0.0107 337 631 397 662
D10 0.0105 334 620 446 667
D10 0.0105 564 184 720 394
D10 0.0103 345 477 402 504
D10 0.0101 371 575 428 605
D20 0.0439 319 514 720 687
D20 0.0426 19 497 623 680
D20 0.0402 120 546 671 720
D20 0.0342 440 515 584 658
D20 0.0317 309 540 543 651
D20 0.0293 393 502 544 645
D20 0.0285 305 516 437 665
D20 0.0280 0 547 370 713
D20 0.0275 470 540 683 658
D20 0.0274 400 565 713 709
D20 0.0263 0 556 112 718
D20 0.0248 407 557 625 665
D20 0.0243 51 497 373 650
D20 0.0224 263 530 395 677
D20 0.0221 327 563 402 663
D20 0.0219 160 527 500 680
D20 0.0215 515 559 720 679
D20 0.0214 0 566 55 654
D20 0.0198 537 603 720 712
D20 0.0197 317 571 478 660
D20 0.0195 0 626 225 720
D20 0.0190 452 510 650 615
D20 0.0186 300 505 518 621
D20 0.0180 343 493 555 592
D20 0.0178 481 468 709 672
D20 0.0175 205 505 456 638
D20 0.0174 358 515 476 638
D20 0.0173 342 585 626 695
D20 0.0169 377 573 550 656
D20 0.0168 0 0 489 353
D20 0.0168 173 557 387 667
D20 0.0164 201 0 720 353
D20 0.0164 345 544 426 645
D20 0.0161 0 374 489 720
D20 0.0160 456 579 664 686
D20 0.0154 578 646 720 719
D20 0.0154 0 142 348 720
D20 0.0154 33 576 178 720
D20 0.0152 0 496 217 720
D20 0.0152 200 374 720 720
D20 0.0152 542 89 720 448
D20 0.0146 375 142 720 720
D20 0.0146 546 0 720 279
D20 0.0141 139 587 413 698
D20 0.0139 427 0 720 493
D20 0.0139 219 568 556 700
D20 0.0137 0 0 720 521
D20 0.0136 0 554 81 625
D20 0.0135 454 558 567 634
D20 0.0134 254 576 450 685
D20 0.0134 83 634 284 720
D20 0.0132 0 198 669 710
D20 0.0129 0 0 176 269
D20 0.0128 435 629 689 720
D20 0.0125 434 497 584 575
D20 0.0124 420 568 507 655
D20 0.0124 472 583 592 651
D20 0.0122 395 546 484 641
D20 0.0121 537 528 720 635
D20 0.0118 462 0 720 173
D20 0.0118 297 559 399 720
D20 0.0118 99 656 234 714
D20 0.0117 277 580 380 654
D20 0.0115 629 159 720 409
D20 0.0113 339 441 715 627
D20 0.0111 0 484 115 658
D20 0.0111 408 537 527 610
D20 0.0110 349 598 529 669
D20 0.0109 50 405 608 613
D20 0.0109 370 536 452 669
D20 0.0108 86 582 274 693
D20 0.0107 456 537 560 706
D20 0.0104 631 576 720 720
D20 0.0104 345 590 428 673
D20 0.0102 0 0 87 137
D20 0.0101 0 0 317 216
D20 0.0101 316 478 532 561
D40 0.0901 7 537 184 660
D40 0.0772 40 524 221 632
D40 0.0737 9 528 292 693
D40 0.0621 35 557 160 627
D40 0.0607 54 539 182 611
D40 0.0597 5 576 222 710
D40 0.0508 11 550 110 644
D40 0.0446 89 549 193 637
D40 0.0424 0 554 128 719
D40 0.0400 82 512 232 602
D40 0.0392 46 566 149 667
D40 0.0351 12 586 106 695
D40 0.0332 111 531 215 617
D40 0.0312 16 515 165 605
D40 0.0293 68 558 145 601
D40 0.0279 0 588 41 631
D40 0.0269 62 558 242 672
D40 0.0268 22 617 169 712
D40 0.0268 0 573 58 628
D40 0.0253 525 691 588 720
D40 0.0242 3 559 77 686
D40 0.0240 38 591 185 689
D40 0.0238 0 480 184 720
D40 0.0235 71 539 172 692
D40 0.0229 80 499 293 652
D40 0.0223 116 562 239 625
D40 0.0222 48 542 124 616
D40 0.0221 1 530 88 624
D40 0.0214 106 494 260 576
D40 0.0211 43 498 202 578
D40 0.0204 0 450 337 637
D40 0.0201 98 582 217 647
D40 0.0197 3 586 71 617
D40 0.0188 39 470 271 589
D40 0.0172 67 552 126 587
D40 0.0171 125 506 331 603
D40 0.0170 382 680 437 709
D40 0.0169 0 499 102 662
D40 0.0162 130 555 175 601
D40 0.0159 138 540 267 605
D40 0.0157 57 562 117 595
D40 0.0151 77 572 135 604
D40 0.0148 50 531 141 591
D40 0.0146 317 483 367 512
D40 0.0144 88 566 168 610
D40 0.0141 111 468 309 561
D40 0.0140 0 589 55 655
D40 0.0140 116 524 182 602
D40 0.0139 120 574 180 602
D40 0.0138 79 605 198 675
D40 0.0136 390 687 448 715
D40 0.0135 81 547 169 594
D40 0.0135 0 582 92 641
D40 0.0129 68 630 138 707
D40 0.0127 87 475 244 544
D40 0.0126 75 551 115 609
D40 0.0126 78 631 205 701
D40 0.0123 553 692 621 719
D40 0.0123 108 562 170 596
D40 0.0123 75 543 135 635
D40 0.0122 529 686 645 720
D40 0.0121 364 673 452 715
D40 0.0120 0 495 138 574
D40 0.0119 56 572 113 605
D40 0.0118 140 572 235 658
D40 0.0117 133 570 212 607
D40 0.0117 1 563 36 621
D40 0.0117 126 542 335 645
D40 0.0116 163 519 298 584
D40 0.0115 496 688 576 720
D40 0.0115 1 674 98 720
D40 0.0113 399 681 460 708
D40 0.0112 0 423 550 720
D40 0.0111 511 676 609 720
D40 0.0111 0 518 99 588
D40 0.0110 0 512 40 554
D40 0.0109 31 567 111 612
D40 0.0108 597 685 709 720
D40 0.0107 83 647 130 692
D40 0.0107 111 579 189 620
D40 0.0107 162 551 256 634
D40 0.0107 92 635 136 679
D40 0.0106 131 536 174 585
D40 0.0106 49 660 151 719
D40 0.0104 0 501 64 567
D40 0.0103 93 570 165 651
D40 0.0102 0 606 44 638
D40 0.0100 97 620 155 651
D40 0.0100 5 470 202 560
D40 0.0100 86 559 124 621
