D00 0.0612 454 453 607 588
D00 0.0458 478 481 575 574
D00 0.0457 477 516 550 597
D00 0.0437 430 470 552 586
D00 0.0395 667 503 713 607
D00 0.0366 501 469 637 580
D00 0.0353 453 525 524 604
D00 0.0350 468 448 543 571
D00 0.0339 480 515 618 582
D00 0.0335 511 449 585 569
D00 0.0322 484 533 518 599
D00 0.0299 495 543 526 603
D00 0.0295 501 504 568 562
D00 0.0286 496 525 573 601
D00 0.0277 440 416 529 569
D00 0.0276 490 430 565 556
D00 0.0273 631 487 699 607
D00 0.0258 5 461 233 679
D00 0.0246 677 531 706 601
D00 0.0246 476 524 555 565
D00 0.0237 609 443 714 612
D00 0.0235 526 413 679 606
D00 0.0233 515 479 574 546
D00 0.0233 430 427 460 486
D00 0.0229 457 498 533 574
D00 0.0228 67 461 261 562
D00 0.0226 523 480 606 562
D00 0.0226 454 470 569 546
D00 0.0225 539 448 592 552
D00 0.0223 493 525 530 588
D00 0.0218 473 527 507 591
D00 0.0218 523 419 616 565
D00 0.0217 430 447 498 572
D00 0.0216 654 520 705 594
D00 0.0216 2 491 138 704
D00 0.0212 435 536 497 596
D00 0.0211 548 472 683 585
D00 0.0208 15 477 225 583
D00 0.0207 36 493 288 635
D00 0.0206 504 534 539 597
D00 0.0203 482 386 642 580
D00 0.0196 466 533 539 578
D00 0.0194 434 417 472 493
D00 0.0194 652 468 715 592
D00 0.0193 618 501 674 605
D00 0.0192 34 437 181 640
D00 0.0191 470 552 512 601
D00 0.0191 440 425 491 525
D00 0.0190 453 471 508 572
D00 0.0186 109 450 263 525
D00 0.0185 480 495 551 553
D00 0.0185 428 512 510 585
D00 0.0184 624 508 707 656
D00 0.0182 524 447 567 537
D00 0.0180 15 557 202 718
D00 0.0179 99 449 297 605
D00 0.0178 413 539 476 592
D00 0.0175 399 434 486 582
D00 0.0174 523 506 588 597
D00 0.0174 582 504 700 618
D00 0.0174 101 473 234 542
D00 0.0171 575 361 713 577
D00 0.0171 586 495 662 568
D00 0.0171 457 535 502 580
D00 0.0171 682 521 718 607
D00 0.0170 1 509 117 635
D00 0.0168 503 533 587 576
D00 0.0168 550 482 633 560
D00 0.0167 488 543 561 590
D00 0.0166 3 557 102 711
D00 0.0166 422 401 502 546
D00 0.0165 485 561 536 598
D00 0.0165 504 516 542 573
D00 0.0165 540 468 572 536
D00 0.0164 481 565 519 606
D00 0.0163 487 514 541 555
D00 0.0162 515 493 554 553
D00 0.0161 132 434 285 552
D00 0.0161 445 459 516 539
D00 0.0159 598 500 654 603
D00 0.0159 552 457 582 526
D00 0.0159 292 468 406 587
D00 0.0158 145 472 279 582
D00 0.0158 77 494 215 563
D00 0.0158 149 462 240 517
D00 0.0156 439 543 470 602
D00 0.0156 576 476 650 550
D00 0.0156 644 534 720 685
D00 0.0155 493 439 644 536
D00 0.0154 514 524 552 585
D00 0.0154 475 549 526 586
D00 0.0153 472 445 584 524
D00 0.0152 421 437 566 534
D00 0.0152 462 540 520 571
D00 0.0152 666 542 698 608
D00 0.0151 462 425 515 528
D00 0.0151 0 454 136 604
D00 0.0151 416 418 455 490
D00 0.0151 45 423 360 647
D00 0.0151 63 539 339 675
D00 0.0151 462 543 496 603
D00 0.0149 0 641 158 720
D00 0.0148 405 395 548 587
D00 0.0148 82 504 256 589
D00 0.0148 558 449 597 534
D00 0.0148 604 485 644 559
D00 0.0147 494 539 555 570
D00 0.0147 456 447 498 528
D00 0.0146 169 458 243 500
D00 0.0145 516 522 570 565
D00 0.0145 536 438 577 526
D00 0.0144 146 479 346 639
D00 0.0144 15 445 222 538
D00 0.0144 530 492 580 568
D00 0.0144 450 543 482 602
D00 0.0143 628 521 689 592
D00 0.0141 533 525 601 582
D00 0.0141 331 521 405 595
D00 0.0140 477 403 524 506
D00 0.0140 487 413 514 477
D00 0.0139 366 535 455 597
D00 0.0138 563 451 616 553
D00 0.0138 620 462 705 555
D00 0.0138 511 554 555 600
D00 0.0137 503 459 548 545
D00 0.0136 423 552 466 599
D00 0.0136 631 393 720 575
D00 0.0135 245 416 325 452
D00 0.0135 0 561 55 656
D00 0.0135 317 493 380 597
D00 0.0135 76 456 217 515
D00 0.0135 677 504 707 571
D00 0.0134 409 412 471 528
D00 0.0134 440 444 471 507
D00 0.0134 505 418 594 516
D00 0.0133 0 363 263 618
D00 0.0133 459 417 551 517
D00 0.0133 347 531 389 599
D00 0.0132 619 495 649 554
D00 0.0132 349 455 435 593
D00 0.0131 172 447 339 577
D00 0.0131 546 515 633 591
D00 0.0131 14 533 91 657
D00 0.0131 449 434 480 498
D00 0.0131 0 440 37 517
D00 0.0130 0 633 56 720
D00 0.0130 359 428 502 607
D00 0.0129 179 449 256 488
D00 0.0129 577 430 700 546
D00 0.0128 485 424 538 531
D00 0.0128 497 413 524 477
D00 0.0128 424 407 487 486
D00 0.0128 498 470 592 537
D00 0.0127 253 428 401 565
D00 0.0127 500 566 540 606
D00 0.0127 0 533 197 656
D00 0.0127 147 435 274 489
D00 0.0127 165 473 227 506
D00 0.0127 426 434 466 513
D00 0.0126 404 499 477 597
D00 0.0126 472 506 505 566
D00 0.0126 452 405 502 504
D00 0.0126 657 542 719 624
D00 0.0126 166 454 297 513
D00 0.0126 512 537 621 594
D00 0.0125 84 431 247 497
D00 0.0125 520 543 569 588
D00 0.0125 659 628 720 703
D00 0.0125 430 403 458 467
D00 0.0124 294 451 360 571
D00 0.0124 532 408 658 526
D00 0.0124 468 481 534 544
D00 0.0124 609 521 665 589
D00 0.0124 448 561 507 598
D00 0.0123 53 516 192 581
D00 0.0122 337 449 401 571
D00 0.0122 155 651 323 720
D00 0.0122 138 420 324 509
D00 0.0121 518 469 552 537
D00 0.0121 597 483 629 544
D00 0.0120 638 506 699 570
D00 0.0120 406 529 462 610
D00 0.0119 421 439 469 474
D00 0.0119 123 498 272 691
D00 0.0119 447 469 491 551
D00 0.0118 317 451 369 546
D00 0.0118 608 515 710 580
D00 0.0118 136 479 215 522
D00 0.0118 275 419 337 448
D00 0.0117 471 413 508 497
D00 0.0117 98 564 298 713
D00 0.0117 121 483 200 559
D00 0.0116 530 333 680 540
D00 0.0116 450 457 482 520
D00 0.0116 56 646 229 720
D00 0.0116 462 479 495 543
D00 0.0116 121 394 366 579
D00 0.0116 418 549 495 616
D00 0.0116 479 548 542 611
D00 0.0116 615 496 675 555
D00 0.0115 166 473 299 541
D00 0.0114 382 472 450 586
D00 0.0114 606 535 707 605
D00 0.0113 235 425 314 462
D00 0.0113 18 515 143 585
D00 0.0113 218 433 361 618
D00 0.0113 624 569 709 700
D00 0.0112 594 508 653 539
D00 0.0112 516 494 573 529
D00 0.0112 196 649 271 719
D00 0.0112 514 435 554 527
D00 0.0112 35 526 206 612
D00 0.0111 52 604 188 713
D00 0.0111 683 645 720 690
D00 0.0111 160 419 419 541
D00 0.0111 581 462 622 544
D00 0.0110 620 511 651 577
D00 0.0109 311 430 455 611
D00 0.0109 377 418 459 564
D00 0.0108 177 461 255 535
D00 0.0108 130 442 198 470
D00 0.0107 262 456 351 589
D00 0.0107 191 433 288 481
D00 0.0107 652 424 716 544
D00 0.0106 0 662 92 720
D00 0.0106 125 657 262 716
D00 0.0105 14 491 92 612
D00 0.0105 76 396 225 587
D00 0.0104 441 504 500 567
D00 0.0104 199 629 363 709
D00 0.0104 544 441 611 521
D00 0.0104 48 495 149 641
D00 0.0104 629 504 661 566
D00 0.0104 31 473 173 541
D00 0.0103 1 243 107 435
D00 0.0103 199 407 354 527
D00 0.0103 515 563 576 596
D00 0.0103 425 391 464 429
D00 0.0102 47 484 156 574
D00 0.0102 0 542 67 621
D00 0.0102 357 532 417 587
D00 0.0101 412 448 527 516
D00 0.0101 504 575 564 604
D00 0.0101 299 534 392 599
D00 0.0101 118 464 220 587
D00 0.0101 557 491 602 568
D00 0.0101 471 468 504 532
D00 0.0101 682 493 719 579
D00 0.0101 547 431 587 511
D00 0.0101 462 434 492 500
D00 0.0100 398 408 449 497
D00 0.0100 660 486 704 568
D00 0.0100 263 428 328 457
D00 0.0100 503 415 539 496
D00 0.0100 407 426 437 485
D00 0.0100 446 526 491 569
D10 0.0640 409 544 482 570
D10 0.0547 383 537 512 582
D10 0.0352 411 551 480 582
D10 0.0346 433 542 501 571
D10 0.0338 411 535 481 563
D10 0.0256 475 515 559 555
D10 0.0235 375 547 472 586
D10 0.0224 493 529 558 559
D10 0.0223 436 532 501 562
D10 0.0221 433 550 499 585
D10 0.0221 502 518 567 550
D10 0.0210 378 530 474 568
D10 0.0208 501 523 587 565
D10 0.0198 211 535 406 602
D10 0.0192 473 530 536 559
D10 0.0190 375 545 450 572
D10 0.0189 407 496 534 568
D10 0.0172 494 508 560 541
D10 0.0172 266 545 389 592
D10 0.0166 428 520 532 577
D10 0.0159 424 561 488 596
D10 0.0154 464 503 549 545
D10 0.0152 447 574 509 603
D10 0.0152 518 516 635 572
D10 0.0150 421 539 466 576
D10 0.0146 511 534 599 575
D10 0.0145 502 540 567 570
D10 0.0143 183 543 338 599
D10 0.0138 235 520 378 583
D10 0.0136 0 551 101 610
D10 0.0136 464 520 525 549
D10 0.0127 401 561 467 595
D10 0.0124 287 555 359 583
D10 0.0123 530 530 602 560
D10 0.0121 163 554 278 601
D10 0.0121 355 497 492 568
D10 0.0117 415 569 499 606
D10 0.0116 279 559 370 597
D10 0.0116 104 528 283 608
D10 0.0115 446 587 509 610
D10 0.0114 168 556 353 625
D10 0.0110 463 508 524 538
D10 0.0110 616 513 699 556
D10 0.0110 604 508 664 539
D10 0.0110 494 496 558 529
D10 0.0106 522 506 585 540
D10 0.0105 469 496 536 527
D10 0.0104 449 471 559 533
D10 0.0104 6 287 95 328
D10 0.0102 233 566 385 617
D10 0.0101 651 517 705 548
D10 0.0101 3 627 118 703
D10 0.0100 16 559 137 626
D10 0.0100 345 522 466 576
D20 0.0587 353 500 574 597
D20 0.0573 447 491 660 590
D20 0.0500 218 434 656 608
D20 0.0490 43 471 601 675
D20 0.0448 327 535 520 604
D20 0.0407 438 448 626 573
D20 0.0405 352 476 681 615
D20 0.0384 73 366 698 631
D20 0.0358 339 390 713 586
D20 0.0353 240 500 533 616
D20 0.0346 398 521 534 585
D20 0.0344 418 538 545 599
D20 0.0334 82 438 514 616
D20 0.0312 386 542 508 592
D20 0.0303 396 434 548 584
D20 0.0289 505 430 691 598
D20 0.0284 447 524 609 600
D20 0.0274 161 497 405 595
D20 0.0268 200 460 481 587
D20 0.0259 525 502 698 593
D20 0.0252 497 515 645 582
D20 0.0252 0 501 374 701
D20 0.0251 303 545 453 599
D20 0.0244 214 525 453 606
D20 0.0243 137 538 652 720
D20 0.0230 290 515 472 592
D20 0.0223 105 475 317 583
D20 0.0218 162 526 515 667
D20 0.0211 308 554 494 624
D20 0.0208 359 414 612 555
D20 0.0204 124 519 355 613
D20 0.0203 370 548 534 620
D20 0.0195 506 464 673 556
D20 0.0194 0 389 403 625
D20 0.0193 486 536 586 596
D20 0.0186 294 453 515 569
D20 0.0182 243 294 697 535
D20 0.0182 160 465 427 646
D20 0.0180 283 540 568 649
D20 0.0174 381 468 508 617
D20 0.0172 465 547 560 605
D20 0.0170 0 563 275 720
D20 0.0170 0 0 489 353
D20 0.0167 427 523 482 605
D20 0.0167 201 0 720 353
D20 0.0166 12 215 720 589
D20 0.0164 440 544 720 720
D20 0.0161 486 325 708 615
D20 0.0161 174 408 504 562
D20 0.0161 362 550 482 602
D20 0.0158 62 514 280 621
D20 0.0156 0 142 348 720
D20 0.0156 456 412 644 536
D20 0.0154 277 440 423 584
D20 0.0152 325 509 414 591
D20 0.0152 67 574 417 712
D20 0.0151 333 472 459 586
D20 0.0150 554 467 720 633
D20 0.0150 418 353 694 517
D20 0.0150 375 142 720 720
D20 0.0148 414 555 500 600
D20 0.0147 103 542 388 669
D20 0.0147 261 521 397 584
D20 0.0145 431 481 539 623
D20 0.0138 521 403 720 541
D20 0.0138 394 512 702 656
D20 0.0137 520 537 673 599
D20 0.0136 242 469 368 584
D20 0.0135 0 443 179 720
D20 0.0135 256 446 710 720
D20 0.0134 0 0 175 270
D20 0.0130 545 0 720 273
D20 0.0130 168 547 405 631
D20 0.0127 405 526 463 604
D20 0.0127 316 418 526 522
D20 0.0125 272 569 485 655
D20 0.0123 0 0 599 720
D20 0.0122 504 549 612 602
D20 0.0119 241 324 559 645
D20 0.0119 196 591 472 699
D20 0.0117 158 642 363 720
D20 0.0115 439 417 581 513
D20 0.0114 0 631 137 720
D20 0.0113 10 535 227 654
D20 0.0112 184 518 334 583
D20 0.0110 462 0 720 175
D20 0.0110 102 255 512 558
D20 0.0108 354 204 637 590
D20 0.0108 502 402 720 720
D20 0.0107 368 508 464 618
D20 0.0107 200 439 402 546
D20 0.0105 436 560 533 608
D20 0.0105 417 501 472 591
D20 0.0104 316 492 430 635
D20 0.0104 488 535 710 622
D20 0.0104 0 328 223 656
D20 0.0103 0 0 315 216
D20 0.0102 348 575 513 645
D20 0.0101 0 574 89 720
D40 0.0263 329 543 431 594
D40 0.0222 526 383 709 490
D40 0.0209 348 553 407 586
D40 0.0184 0 440 181 539
D40 0.0172 5 429 163 497
D40 0.0170 585 386 720 529
D40 0.0168 576 405 698 467
D40 0.0167 0 434 312 638
D40 0.0159 0 269 303 479
D40 0.0156 293 551 415 600
D40 0.0155 616 392 708 478
D40 0.0155 336 562 399 594
D40 0.0153 0 407 267 555
D40 0.0149 163 320 355 417
D40 0.0148 601 428 710 488
D40 0.0147 2 451 120 514
D40 0.0139 13 316 231 441
D40 0.0138 234 336 324 389
D40 0.0137 303 564 452 619
D40 0.0136 582 336 718 478
D40 0.0136 501 410 693 524
D40 0.0135 1 456 34 519
D40 0.0135 0 352 264 502
D40 0.0135 9 293 485 533
D40 0.0133 363 553 433 584
D40 0.0132 454 345 716 514
D40 0.0131 0 288 123 440
D40 0.0131 124 292 314 402
D40 0.0131 281 531 377 601
D40 0.0129 0 440 51 530
D40 0.0125 0 207 638 596
D40 0.0124 13 265 228 403
D40 0.0120 2 396 201 479
D40 0.0120 664 448 718 505
D40 0.0120 619 439 707 528
D40 0.0116 557 381 687 449
D40 0.0114 357 463 419 492
D40 0.0114 0 469 158 593
D40 0.0114 194 665 293 716
D40 0.0114 640 414 720 502
D40 0.0114 359 541 392 594
D40 0.0110 567 419 671 502
D40 0.0109 52 437 161 478
D40 0.0108 0 189 349 391
D40 0.0106 5 460 103 552
D40 0.0106 326 560 425 607
D40 0.0105 0 228 129 361
D40 0.0105 324 453 435 501
D40 0.0104 680 465 720 510
D40 0.0104 69 273 275 377
D40 0.0104 194 318 320 380
D40 0.0103 10 350 153 435
D40 0.0103 14 412 146 466
D40 0.0103 277 563 393 608
D40 0.0103 7 466 42 528
D40 0.0102 0 212 181 439
D40 0.0100 514 347 705 446
D40 0.0100 34 444 134 488
