D00 0.0506 305 593 335 646
D00 0.0490 329 491 359 555
D00 0.0434 214 602 246 664
D00 0.0419 319 463 369 566
D00 0.0416 154 567 269 677
D00 0.0408 206 584 255 670
D00 0.0353 0 545 139 689
D00 0.0348 17 521 215 686
D00 0.0346 295 607 345 640
D00 0.0328 104 531 265 673
D00 0.0308 224 596 255 655
D00 0.0300 174 587 293 657
D00 0.0300 307 501 363 557
D00 0.0299 317 516 369 553
D00 0.0288 191 610 244 670
D00 0.0284 308 591 349 635
D00 0.0274 85 595 249 685
D00 0.0262 58 518 190 629
D00 0.0258 282 598 338 630
D00 0.0255 6 553 167 635
D00 0.0254 0 598 115 708
D00 0.0253 599 493 673 568
D00 0.0249 182 547 248 662
D00 0.0247 181 522 287 685
D00 0.0246 289 587 351 649
D00 0.0245 0 595 54 697
D00 0.0243 567 481 701 572
D00 0.0243 577 483 648 564
D00 0.0240 85 485 247 621
D00 0.0236 57 559 189 673
D00 0.0236 125 584 250 660
D00 0.0230 208 388 251 429
D00 0.0230 282 472 361 556
D00 0.0225 338 481 368 548
D00 0.0225 205 606 254 643
D00 0.0225 152 521 271 637
D00 0.0225 295 590 328 638
D00 0.0220 177 390 263 429
D00 0.0215 17 594 181 686
D00 0.0214 301 584 340 627
D00 0.0208 536 493 662 558
D00 0.0208 194 553 319 655
D00 0.0205 601 514 708 574
D00 0.0205 202 628 250 663
D00 0.0201 187 386 252 417
D00 0.0199 30 381 118 416
D00 0.0198 142 561 336 698
D00 0.0196 291 452 402 557
D00 0.0196 6 571 105 664
D00 0.0195 440 462 493 559
D00 0.0194 77 542 212 603
D00 0.0193 291 609 330 651
D00 0.0192 446 518 509 550
D00 0.0188 303 528 364 558
D00 0.0188 336 462 388 560
D00 0.0188 213 616 263 654
D00 0.0182 563 430 720 590
D00 0.0182 33 448 183 651
D00 0.0182 128 615 284 696
D00 0.0181 0 486 119 656
D00 0.0178 267 505 379 558
D00 0.0178 188 606 321 671
D00 0.0177 484 470 563 551
D00 0.0176 77 563 213 626
D00 0.0176 554 473 626 555
D00 0.0175 115 506 218 648
D00 0.0175 421 0 465 86
D00 0.0175 450 472 532 552
D00 0.0174 97 506 194 599
D00 0.0171 123 564 250 631
D00 0.0170 419 432 468 541
D00 0.0169 164 395 233 426
D00 0.0168 15 628 142 697
D00 0.0166 601 507 649 561
D00 0.0165 507 481 586 556
D00 0.0165 158 485 316 621
D00 0.0164 33 583 167 652
D00 0.0164 226 581 332 657
D00 0.0163 78 584 214 655
D00 0.0163 218 573 290 669
D00 0.0162 218 381 261 422
D00 0.0162 0 605 86 672
D00 0.0162 40 391 127 427
D00 0.0160 125 454 273 646
D00 0.0160 319 500 389 548
D00 0.0159 267 553 384 647
D00 0.0159 523 442 671 563
D00 0.0158 540 489 597 551
D00 0.0157 179 628 236 665
D00 0.0155 450 493 482 551
D00 0.0155 199 383 287 421
D00 0.0155 88 538 160 651
D00 0.0155 621 467 720 580
D00 0.0154 317 481 350 549
D00 0.0154 268 608 331 639
D00 0.0154 215 599 267 629
D00 0.0153 0 567 44 668
D00 0.0153 313 601 345 655
D00 0.0152 160 599 240 669
D00 0.0151 429 436 457 495
D00 0.0150 608 527 667 564
D00 0.0149 17 385 86 413
D00 0.0149 140 508 239 595
D00 0.0148 455 484 496 555
D00 0.0148 2 536 67 656
D00 0.0148 142 379 258 424
D00 0.0147 426 507 536 555
D00 0.0147 213 570 349 633
D00 0.0147 203 378 236 426
D00 0.0146 347 490 378 552
D00 0.0146 292 517 356 553
D00 0.0145 271 414 380 567
D00 0.0145 28 395 98 424
D00 0.0144 299 576 368 638
D00 0.0144 20 371 106 409
D00 0.0143 230 388 275 430
D00 0.0142 223 590 278 642
D00 0.0141 76 630 219 692
D00 0.0141 246 382 307 437
D00 0.0141 191 533 277 617
D00 0.0141 187 405 254 434
D00 0.0141 4 506 170 603
D00 0.0140 218 475 349 574
D00 0.0140 318 380 346 442
D00 0.0140 409 430 480 502
D00 0.0140 98 548 158 607
D00 0.0139 594 492 632 557
D00 0.0139 180 496 247 609
D00 0.0138 143 395 208 426
D00 0.0138 120 470 214 600
D00 0.0138 238 472 316 552
D00 0.0138 20 531 133 617
D00 0.0137 8 408 69 436
D00 0.0136 153 386 220 415
D00 0.0135 553 480 584 546
D00 0.0135 419 428 448 485
D00 0.0134 520 471 698 626
D00 0.0132 148 543 272 600
D00 0.0132 621 509 671 562
D00 0.0132 268 381 328 439
D00 0.0132 217 485 293 560
D00 0.0131 9 395 71 426
D00 0.0131 580 497 625 549
D00 0.0131 259 462 339 541
D00 0.0131 213 513 359 679
D00 0.0130 0 386 107 432
D00 0.0130 366 0 569 323
D00 0.0130 243 440 366 542
D00 0.0129 498 377 710 572
D00 0.0129 595 489 719 624
D00 0.0129 80 471 173 605
D00 0.0129 332 517 391 552
D00 0.0129 573 489 608 553
D00 0.0129 1 651 117 712
D00 0.0128 587 528 646 562
D00 0.0128 233 595 267 650
D00 0.0128 199 400 289 438
D00 0.0128 245 598 344 644
D00 0.0127 329 379 355 443
D00 0.0127 256 461 344 497
D00 0.0127 419 412 501 547
D00 0.0126 564 509 642 558
D00 0.0125 399 456 483 547
D00 0.0125 583 322 714 547
D00 0.0125 524 470 566 552
D00 0.0125 153 401 245 436
D00 0.0125 327 417 409 551
D00 0.0124 203 495 267 607
D00 0.0124 302 497 436 552
D00 0.0124 187 603 235 650
D00 0.0123 311 596 374 630
D00 0.0123 272 586 347 624
D00 0.0123 0 496 52 595
D00 0.0123 332 502 371 563
D00 0.0123 306 380 337 441
D00 0.0122 436 529 499 557
D00 0.0122 364 388 388 451
D00 0.0122 134 487 216 561
D00 0.0121 13 517 89 631
D00 0.0121 67 561 164 615
D00 0.0121 439 507 497 542
D00 0.0121 303 618 357 647
D00 0.0121 15 642 182 715
D00 0.0120 69 396 139 425
D00 0.0120 502 479 545 555
D00 0.0120 304 446 360 543
D00 0.0119 40 486 209 579
D00 0.0118 465 519 534 550
D00 0.0118 283 374 357 446
D00 0.0118 5 402 49 440
D00 0.0117 251 482 398 605
D00 0.0117 218 398 262 438
D00 0.0117 1 603 35 670
D00 0.0117 558 692 624 720
D00 0.0117 134 384 193 432
D00 0.0116 191 383 225 431
D00 0.0116 1 366 123 422
D00 0.0116 166 484 258 575
D00 0.0116 254 379 297 421
D00 0.0115 353 389 378 451
D00 0.0115 234 401 322 441
D00 0.0115 408 398 458 491
D00 0.0114 0 478 74 622
D00 0.0114 175 460 301 564
D00 0.0114 625 491 691 574
D00 0.0114 415 435 454 514
D00 0.0114 120 396 185 426
D00 0.0114 435 511 479 552
D00 0.0114 200 597 267 699
D00 0.0113 296 592 343 684
D00 0.0113 18 402 105 438
D00 0.0113 286 508 371 637
D00 0.0112 447 429 516 541
D00 0.0112 205 549 256 644
D00 0.0112 474 452 552 528
D00 0.0111 108 519 168 608
D00 0.0111 445 0 664 365
D00 0.0111 88 580 160 690
D00 0.0111 542 479 573 545
D00 0.0111 429 481 484 545
D00 0.0111 88 571 146 625
D00 0.0111 557 507 600 554
D00 0.0111 0 525 36 605
D00 0.0110 625 507 699 613
D00 0.0110 253 398 298 441
D00 0.0110 185 595 254 637
D00 0.0110 464 501 510 546
D00 0.0109 360 425 477 540
D00 0.0109 273 604 368 655
D00 0.0109 294 494 361 593
D00 0.0109 84 641 248 714
D00 0.0108 463 505 582 556
D00 0.0108 64 498 141 611
D00 0.0108 214 597 384 672
D00 0.0108 120 642 180 674
D00 0.0108 142 407 209 435
D00 0.0108 0 388 64 451
D00 0.0108 221 583 260 627
D00 0.0108 266 450 352 511
D00 0.0107 340 390 367 450
D00 0.0107 491 434 607 546
D00 0.0107 304 491 340 553
D00 0.0107 52 402 139 437
D00 0.0106 306 401 387 536
D00 0.0106 188 640 242 670
D00 0.0106 269 573 341 661
D00 0.0106 180 537 344 614
D00 0.0106 549 207 720 570
D00 0.0106 345 458 436 548
D00 0.0106 564 509 720 683
D00 0.0106 667 555 716 650
D00 0.0105 66 574 142 646
D00 0.0105 512 460 554 541
D00 0.0105 334 450 373 537
D00 0.0105 662 515 716 576
D00 0.0105 610 499 659 551
D00 0.0104 636 0 720 159
D00 0.0104 256 394 319 427
D00 0.0104 270 375 302 428
D00 0.0104 171 520 302 576
D00 0.0104 250 599 326 627
D00 0.0103 490 460 535 540
D00 0.0103 528 510 612 554
D00 0.0103 187 377 251 403
D00 0.0103 171 625 293 720
D00 0.0103 518 489 550 551
D00 0.0103 156 476 234 550
D00 0.0103 191 527 247 583
D00 0.0103 627 527 690 566
D00 0.0102 204 366 256 439
D00 0.0102 105 601 176 674
D00 0.0102 642 510 720 660
D00 0.0102 22 609 121 667
D00 0.0102 536 508 578 553
D00 0.0102 119 407 186 435
D00 0.0102 305 612 335 669
D00 0.0101 110 477 196 548
D00 0.0101 275 378 319 422
D00 0.0101 84 393 171 429
D00 0.0101 287 398 332 442
D00 0.0101 157 634 235 674
D00 0.0101 95 407 161 435
D00 0.0100 0 466 55 555
D00 0.0100 107 527 216 587
D00 0.0100 215 578 247 639
D00 0.0100 459 428 720 653
D00 0.0100 221 524 290 632
D10 0.0228 0 579 124 626
D10 0.0220 4 531 170 618
D10 0.0182 309 432 374 456
D10 0.0173 323 529 380 558
D10 0.0160 21 566 151 615
D10 0.0157 308 442 374 465
D10 0.0153 1 572 102 609
D10 0.0148 273 432 351 454
D10 0.0141 278 422 386 461
D10 0.0140 290 529 357 558
D10 0.0136 9 589 93 612
D10 0.0134 244 427 338 456
D10 0.0131 0 590 107 644
D10 0.0124 236 434 372 483
D10 0.0124 333 431 394 457
D10 0.0124 311 540 372 562
D10 0.0123 276 439 368 469
D10 0.0122 268 517 377 559
D10 0.0121 0 474 57 503
D10 0.0119 375 497 514 550
D10 0.0118 253 419 325 447
D10 0.0114 0 583 70 620
D10 0.0112 0 485 59 515
D10 0.0110 0 475 93 525
D10 0.0108 266 414 360 449
D10 0.0107 333 441 395 465
D10 0.0106 229 431 304 454
D10 0.0106 0 417 56 446
D10 0.0105 15 515 152 591
D10 0.0104 209 422 326 460
D10 0.0103 405 450 463 480
D10 0.0103 336 70 692 324
D10 0.0102 415 441 473 472
D10 0.0102 0 576 60 604
D10 0.0101 392 442 455 472
D10 0.0101 220 408 340 452
D10 0.0100 298 432 403 473
D20 0.0628 12 527 317 687
D20 0.0598 0 483 499 694
D20 0.0435 148 377 379 452
D20 0.0402 67 495 392 653
D20 0.0363 409 453 623 551
D20 0.0341 137 548 413 667
D20 0.0331 5 581 251 701
D20 0.0310 84 565 274 679
D20 0.0288 126 540 653 720
D20 0.0284 108 360 334 433
D20 0.0284 100 383 290 444
D20 0.0279 96 585 366 694
D20 0.0278 16 488 213 661
D20 0.0277 216 471 720 683
D20 0.0269 195 583 363 657
D20 0.0267 0 443 321 650
D20 0.0264 232 387 371 449
D20 0.0258 202 459 403 560
D20 0.0255 44 416 577 630
D20 0.0252 8 376 232 448
D20 0.0250 462 484 642 555
D20 0.0247 40 521 250 630
D20 0.0242 440 494 583 551
D20 0.0224 284 454 519 552
D20 0.0222 190 535 554 671
D20 0.0218 193 403 374 465
D20 0.0214 210 367 351 429
D20 0.0210 121 453 444 604
D20 0.0208 25 387 172 442
D20 0.0204 355 447 692 576
D20 0.0202 426 471 554 543
D20 0.0200 1 354 201 430
D20 0.0195 82 499 287 609
D20 0.0195 188 506 465 626
D20 0.0195 175 386 292 432
D20 0.0194 207 380 312 448
D20 0.0188 496 472 698 564
D20 0.0187 119 369 267 424
D20 0.0185 335 430 562 541
D20 0.0181 127 480 357 581
D20 0.0177 235 376 457 462
D20 0.0174 150 574 495 701
D20 0.0173 479 460 576 548
D20 0.0173 209 449 554 586
D20 0.0170 0 484 143 622
D20 0.0168 11 376 116 420
D20 0.0167 229 396 704 621
D20 0.0165 259 589 388 646
D20 0.0165 248 489 613 624
D20 0.0159 107 395 338 467
D20 0.0159 247 555 443 647
D20 0.0159 131 387 251 431
D20 0.0157 224 409 384 526
D20 0.0157 274 424 423 554
D20 0.0157 0 0 489 353
D20 0.0153 255 410 393 460
D20 0.0152 267 487 429 559
D20 0.0152 201 0 720 353
D20 0.0152 0 390 184 475
D20 0.0150 229 592 346 633
D20 0.0149 66 369 219 422
D20 0.0149 544 0 720 268
D20 0.0148 442 545 720 720
D20 0.0148 239 362 398 438
D20 0.0148 7 460 243 598
D20 0.0146 407 425 520 542
D20 0.0144 455 0 720 176
D20 0.0144 347 526 691 676
D20 0.0141 162 527 369 630
D20 0.0140 0 142 348 720
D20 0.0140 399 478 702 623
D20 0.0140 446 416 680 544
D20 0.0136 375 142 720 720
D20 0.0134 32 627 279 720
D20 0.0134 132 446 357 540
D20 0.0133 253 506 376 557
D20 0.0132 294 580 657 708
D20 0.0131 353 487 537 553
D20 0.0131 0 541 153 675
D20 0.0131 172 411 492 552
D20 0.0130 161 409 321 458
D20 0.0128 0 0 720 521
D20 0.0126 540 491 641 554
D20 0.0126 201 499 399 592
D20 0.0125 0 283 619 720
D20 0.0124 0 388 187 696
D20 0.0124 445 449 567 526
D20 0.0124 198 428 370 491
D20 0.0123 358 446 480 550
D20 0.0122 43 414 354 558
D20 0.0122 285 570 403 633
D20 0.0122 0 631 142 720
D20 0.0120 544 437 720 720
D20 0.0120 0 397 106 443
D20 0.0118 312 504 419 556
D20 0.0117 51 402 238 463
D20 0.0116 125 445 355 704
D20 0.0116 290 414 506 515
D20 0.0115 303 589 430 647
D20 0.0115 13 407 147 464
D20 0.0114 1 367 118 455
D20 0.0114 0 0 175 262
D20 0.0113 94 379 195 444
D20 0.0113 501 504 617 556
D20 0.0112 411 0 720 476
D20 0.0110 0 443 211 536
D20 0.0110 430 401 576 542
D20 0.0109 219 473 350 545
D20 0.0109 156 410 329 521
D20 0.0107 0 416 208 503
D20 0.0106 112 436 275 562
D20 0.0106 172 344 348 403
D20 0.0106 302 378 389 457
D20 0.0105 286 576 495 661
D20 0.0104 211 598 321 646
D20 0.0104 328 472 461 543
D20 0.0104 286 393 406 481
D20 0.0103 0 574 90 720
D20 0.0101 42 360 150 425
D20 0.0100 108 397 224 440
D20 0.0100 216 589 426 678
D20 0.0100 384 407 493 523
D40 0.0225 30 376 133 420
D40 0.0186 46 385 120 413
D40 0.0163 359 597 415 629
D40 0.0145 0 625 60 702
D40 0.0143 46 375 119 404
D40 0.0135 323 588 424 634
D40 0.0127 48 367 152 409
D40 0.0124 0 366 103 413
D40 0.0122 300 419 364 448
D40 0.0121 229 596 327 630
D40 0.0119 345 587 407 619
D40 0.0116 313 583 398 622
D40 0.0115 3 656 50 700
D40 0.0113 332 597 400 628
D40 0.0109 29 355 131 401
D40 0.0105 118 362 183 387
D40 0.0105 377 27 640 346
D40 0.0105 320 426 365 459
D40 0.0101 118 353 183 379
