D00 0.0447 439 476 525 621
D00 0.0355 431 508 497 625
D00 0.0319 466 510 535 627
D00 0.0317 450 530 515 637
D00 0.0286 402 472 486 618
D00 0.0285 456 560 497 632
D00 0.0282 427 473 464 548
D00 0.0267 665 575 715 672
D00 0.0254 420 480 505 580
D00 0.0243 452 560 484 617
D00 0.0241 413 465 484 541
D00 0.0236 438 483 470 542
D00 0.0235 364 489 389 556
D00 0.0233 33 511 184 699
D00 0.0231 293 493 358 605
D00 0.0223 429 490 484 551
D00 0.0221 291 535 326 615
D00 0.0218 316 490 376 605
D00 0.0211 434 571 507 641
D00 0.0209 442 550 500 611
D00 0.0208 354 472 397 569
D00 0.0207 460 482 581 645
D00 0.0197 409 441 459 540
D00 0.0195 269 495 338 605
D00 0.0191 464 541 512 614
D00 0.0191 455 563 539 634
D00 0.0190 676 602 708 666
D00 0.0189 374 489 398 555
D00 0.0186 0 630 52 720
D00 0.0184 5 432 225 720
D00 0.0183 280 525 318 609
D00 0.0183 387 471 449 588
D00 0.0181 49 662 156 718
D00 0.0179 54 609 189 710
D00 0.0177 3 467 142 675
D00 0.0177 338 487 395 605
D00 0.0176 276 538 347 616
D00 0.0175 645 539 720 683
D00 0.0174 463 494 519 597
D00 0.0174 487 495 560 613
D00 0.0173 87 640 164 717
D00 0.0172 72 482 224 672
D00 0.0169 461 578 510 619
D00 0.0169 0 545 39 652
D00 0.0167 419 470 448 533
D00 0.0166 421 563 527 617
D00 0.0165 416 480 455 557
D00 0.0164 227 525 256 587
D00 0.0164 478 528 522 609
D00 0.0159 294 474 393 641
D00 0.0157 364 487 410 585
D00 0.0155 367 447 472 611
D00 0.0154 37 432 180 636
D00 0.0152 399 437 478 566
D00 0.0151 652 593 708 659
D00 0.0150 352 471 429 616
D00 0.0149 296 566 322 628
D00 0.0149 429 460 458 525
D00 0.0149 246 509 316 623
D00 0.0148 70 653 210 713
D00 0.0148 447 485 526 562
D00 0.0148 299 547 337 625
D00 0.0147 364 449 407 555
D00 0.0147 218 507 267 601
D00 0.0146 410 531 475 637
D00 0.0145 424 538 507 662
D00 0.0145 285 556 313 618
D00 0.0145 293 483 324 542
D00 0.0144 360 460 391 545
D00 0.0144 436 498 476 587
D00 0.0143 608 489 718 663
D00 0.0143 483 574 561 646
D00 0.0143 434 453 474 534
D00 0.0142 448 587 490 631
D00 0.0142 437 475 495 533
D00 0.0140 421 496 477 528
D00 0.0140 290 503 329 586
D00 0.0140 619 572 710 663
D00 0.0137 282 474 335 566
D00 0.0137 463 589 492 647
D00 0.0137 346 491 383 568
D00 0.0137 282 485 314 541
D00 0.0137 456 515 501 605
D00 0.0135 430 497 460 562
D00 0.0134 438 562 481 631
D00 0.0134 403 448 441 529
D00 0.0133 459 591 518 647
D00 0.0133 269 493 328 551
D00 0.0133 373 471 420 568
D00 0.0132 233 687 292 717
D00 0.0130 17 676 129 720
D00 0.0130 437 528 479 611
D00 0.0129 672 614 712 689
D00 0.0129 398 493 504 550
D00 0.0129 406 498 543 673
D00 0.0129 512 514 584 630
D00 0.0127 407 489 461 589
D00 0.0127 1 556 32 620
D00 0.0126 0 480 82 621
D00 0.0126 474 514 527 578
D00 0.0126 217 526 246 587
D00 0.0126 253 661 293 704
D00 0.0125 301 517 343 593
D00 0.0124 275 548 323 640
D00 0.0124 304 538 356 635
D00 0.0123 687 591 716 659
D00 0.0123 417 449 447 510
D00 0.0122 79 544 173 696
D00 0.0122 266 492 309 534
D00 0.0122 236 515 267 574
D00 0.0121 665 540 717 643
D00 0.0121 406 440 436 493
D00 0.0121 525 482 681 662
D00 0.0120 228 507 258 563
D00 0.0120 118 514 271 691
D00 0.0119 243 670 288 713
D00 0.0119 204 684 285 720
D00 0.0118 454 492 500 572
D00 0.0118 223 510 293 625
D00 0.0118 337 527 397 640
D00 0.0118 388 514 506 587
D00 0.0117 317 448 415 609
D00 0.0117 102 518 192 670
D00 0.0117 564 565 617 659
D00 0.0116 528 501 618 640
D00 0.0116 493 542 549 635
D00 0.0115 267 537 309 614
D00 0.0115 329 550 378 651
D00 0.0115 2 657 33 718
D00 0.0115 306 451 383 580
D00 0.0115 232 504 275 544
D00 0.0114 246 497 308 549
D00 0.0114 433 539 535 604
D00 0.0113 375 502 423 600
D00 0.0113 0 529 38 603
D00 0.0112 474 486 553 562
D00 0.0112 353 481 380 545
D00 0.0112 272 477 327 531
D00 0.0111 482 482 519 563
D00 0.0111 602 600 720 702
D00 0.0111 205 537 280 615
D00 0.0111 509 486 583 556
D00 0.0110 106 630 151 708
D00 0.0109 141 690 203 719
D00 0.0109 304 481 335 542
D00 0.0108 311 527 355 601
D00 0.0108 374 523 462 615
D00 0.0108 259 485 317 576
D00 0.0107 149 587 198 677
D00 0.0107 211 501 282 570
D00 0.0107 592 547 696 674
D00 0.0106 3 643 96 720
D00 0.0106 123 544 213 689
D00 0.0106 630 516 700 638
D00 0.0106 508 592 538 647
D00 0.0105 449 458 504 549
D00 0.0105 397 447 424 508
D00 0.0105 211 536 249 614
D00 0.0105 110 586 181 697
D00 0.0104 85 682 165 720
D00 0.0104 375 509 400 572
D00 0.0104 291 505 350 565
D00 0.0103 0 519 63 593
D00 0.0103 284 512 314 577
D00 0.0103 420 445 492 520
D00 0.0102 235 498 297 528
D00 0.0102 386 449 435 548
D00 0.0102 384 489 410 554
D00 0.0102 664 614 700 672
D00 0.0102 380 458 413 542
D00 0.0101 59 687 132 718
D00 0.0101 188 689 255 719
D00 0.0101 553 520 641 655
D00 0.0101 398 426 447 510
D00 0.0101 323 536 362 615
D00 0.0100 524 481 565 520
D00 0.0100 470 603 554 645
D00 0.0100 59 505 158 563
D10 0.0215 450 585 510 614
D10 0.0195 442 573 543 625
D10 0.0157 245 508 312 538
D10 0.0151 235 518 299 547
D10 0.0136 450 595 508 626
D10 0.0134 268 506 330 538
D10 0.0130 226 510 286 538
D10 0.0129 420 580 503 619
D10 0.0120 217 519 274 548
D10 0.0120 267 518 331 547
D10 0.0116 280 496 339 527
D10 0.0113 391 528 505 587
D10 0.0113 430 575 494 607
D10 0.0111 451 563 511 599
D10 0.0109 227 528 284 561
D10 0.0108 480 620 544 648
D10 0.0106 475 586 542 614
D10 0.0103 2 653 122 713
D10 0.0102 459 620 523 649
D10 0.0100 313 528 438 580
D20 0.0567 106 496 683 671
D20 0.0484 367 492 677 646
D20 0.0478 418 476 555 623
D20 0.0467 47 546 595 720
D20 0.0423 186 499 388 606
D20 0.0417 426 515 632 631
D20 0.0409 209 491 557 636
D20 0.0368 425 538 685 671
D20 0.0343 11 570 316 715
D20 0.0340 432 531 542 638
D20 0.0330 0 516 394 693
D20 0.0323 0 612 202 714
D20 0.0307 227 490 380 573
D20 0.0303 373 463 520 603
D20 0.0296 395 466 580 572
D20 0.0293 152 534 365 644
D20 0.0293 336 539 560 637
D20 0.0292 323 464 635 605
D20 0.0288 281 479 527 584
D20 0.0286 514 564 720 665
D20 0.0273 317 546 720 720
D20 0.0263 273 479 416 615
D20 0.0260 246 507 360 623
D20 0.0255 172 463 504 599
D20 0.0243 415 559 614 652
D20 0.0242 282 503 365 594
D20 0.0241 459 494 583 615
D20 0.0237 446 562 565 629
D20 0.0236 262 515 496 622
D20 0.0229 199 510 322 626
D20 0.0228 388 508 507 625
D20 0.0226 437 486 651 587
D20 0.0225 222 514 347 585
D20 0.0222 199 499 327 561
D20 0.0216 417 467 503 557
D20 0.0214 97 611 306 710
D20 0.0213 109 560 312 671
D20 0.0208 140 488 344 582
D20 0.0207 98 575 455 707
D20 0.0204 26 652 172 713
D20 0.0203 57 401 602 606
D20 0.0201 206 476 359 549
D20 0.0198 303 484 383 576
D20 0.0198 465 585 719 700
D20 0.0197 439 475 602 547
D20 0.0195 187 541 476 664
D20 0.0194 453 484 546 580
D20 0.0190 0 418 498 703
D20 0.0190 408 455 556 526
D20 0.0179 498 497 720 720
D20 0.0176 64 574 226 707
D20 0.0175 287 507 458 589
D20 0.0171 558 596 718 676
D20 0.0169 0 0 489 353
D20 0.0168 281 469 365 556
D20 0.0165 510 505 679 644
D20 0.0165 140 502 294 637
D20 0.0165 260 475 347 598
D20 0.0165 201 0 720 353
D20 0.0164 128 467 445 668
D20 0.0163 351 448 549 547
D20 0.0160 75 643 254 718
D20 0.0159 221 547 382 633
D20 0.0159 291 528 399 640
D20 0.0159 429 584 548 643
D20 0.0159 607 527 720 689
D20 0.0156 200 374 720 720
D20 0.0152 0 142 348 720
D20 0.0150 0 494 219 720
D20 0.0150 375 142 720 720
D20 0.0149 177 516 304 584
D20 0.0149 314 459 424 569
D20 0.0147 266 536 379 607
D20 0.0146 346 590 620 697
D20 0.0146 324 501 404 592
D20 0.0140 271 448 491 545
D20 0.0139 0 198 669 710
D20 0.0139 145 650 312 719
D20 0.0139 383 563 512 626
D20 0.0138 0 0 720 521
D20 0.0137 123 583 257 693
D20 0.0136 236 489 345 539
D20 0.0134 284 565 523 654
D20 0.0134 94 521 247 667
D20 0.0134 398 449 480 534
D20 0.0133 477 586 620 645
D20 0.0132 148 632 417 720
D20 0.0129 497 548 596 637
D20 0.0128 0 0 173 271
D20 0.0128 544 0 720 268
D20 0.0127 264 660 439 719
D20 0.0127 211 544 302 635
D20 0.0126 244 487 317 586
D20 0.0126 350 482 431 574
D20 0.0126 152 523 273 696
D20 0.0123 333 532 453 640
D20 0.0123 477 496 610 560
D20 0.0123 511 485 716 580
D20 0.0122 557 482 720 650
D20 0.0122 359 494 484 562
D20 0.0121 238 593 523 698
D20 0.0120 527 587 674 648
D20 0.0120 422 432 536 583
D20 0.0118 601 584 712 655
D20 0.0117 486 502 607 658
D20 0.0116 0 588 41 687
D20 0.0115 459 0 720 174
D20 0.0115 234 664 374 715
D20 0.0113 457 462 587 511
D20 0.0112 473 437 708 624
D20 0.0111 421 428 606 650
D20 0.0110 172 573 334 652
D20 0.0110 434 629 689 720
D20 0.0108 359 650 573 720
D20 0.0108 139 633 277 698
D20 0.0107 497 506 595 599
D20 0.0107 0 0 251 174
D20 0.0106 222 501 293 568
D20 0.0106 248 633 512 720
D20 0.0105 0 339 323 639
D20 0.0105 574 631 720 720
D20 0.0105 115 619 215 703
D20 0.0104 167 547 260 638
D20 0.0104 334 474 459 543
D20 0.0104 364 495 475 658
D20 0.0104 147 598 305 681
D20 0.0103 254 440 393 560
D20 0.0103 457 608 569 652
D20 0.0103 101 609 235 675
D20 0.0100 226 515 332 688
D40 0.0536 5 510 171 632
D40 0.0463 15 537 238 687
D40 0.0455 307 526 381 567
D40 0.0416 0 610 188 715
D40 0.0415 0 534 132 701
D40 0.0413 7 484 191 584
D40 0.0377 0 473 301 675
D40 0.0366 315 539 371 569
D40 0.0355 29 587 287 708
D40 0.0339 66 485 256 580
D40 0.0337 7 630 127 703
D40 0.0315 19 535 145 604
D40 0.0314 7 545 104 642
D40 0.0297 11 571 157 666
D40 0.0297 7 594 103 691
D40 0.0289 69 505 319 632
D40 0.0285 54 498 185 563
D40 0.0268 88 473 239 550
D40 0.0264 18 559 141 626
D40 0.0262 13 652 154 714
D40 0.0261 44 506 160 592
D40 0.0260 115 467 309 558
D40 0.0259 297 511 372 579
D40 0.0258 0 449 255 602
D40 0.0251 101 498 225 562
D40 0.0249 10 515 127 585
D40 0.0239 18 608 147 680
D40 0.0237 79 516 202 580
D40 0.0230 96 440 281 536
D40 0.0227 441 562 543 617
D40 0.0226 0 616 79 708
D40 0.0225 0 567 78 668
D40 0.0220 151 479 274 538
D40 0.0213 2 638 33 700
D40 0.0206 0 523 82 618
D40 0.0197 456 575 521 607
D40 0.0197 309 516 417 570
D40 0.0192 75 524 175 615
D40 0.0188 327 518 359 572
D40 0.0186 46 621 158 706
D40 0.0186 150 499 277 560
D40 0.0184 107 526 191 566
D40 0.0180 39 549 195 639
D40 0.0178 404 442 462 469
D40 0.0175 0 482 95 661
D40 0.0175 0 619 42 715
D40 0.0173 333 530 390 561
D40 0.0171 467 548 529 609
D40 0.0169 154 457 271 514
D40 0.0169 197 481 323 538
D40 0.0169 319 668 391 692
D40 0.0167 404 432 462 458
D40 0.0167 83 460 393 597
D40 0.0165 421 485 519 542
D40 0.0164 315 520 372 552
D40 0.0157 449 539 547 601
D40 0.0156 290 663 400 702
D40 0.0151 35 479 169 542
D40 0.0149 322 534 402 572
D40 0.0147 335 524 368 579
D40 0.0145 91 535 170 575
D40 0.0145 124 410 302 509
D40 0.0144 30 559 115 684
D40 0.0143 63 486 185 653
D40 0.0142 100 512 177 559
D40 0.0142 126 517 252 581
D40 0.0142 0 623 36 672
D40 0.0140 325 505 380 563
D40 0.0139 0 322 656 641
D40 0.0139 401 436 442 474
D40 0.0137 0 387 400 619
D40 0.0136 298 669 369 695
D40 0.0136 90 527 244 613
D40 0.0136 490 470 702 552
D40 0.0132 76 599 175 688
D40 0.0132 436 496 496 529
D40 0.0130 108 457 227 515
D40 0.0130 97 488 195 540
D40 0.0129 68 427 219 554
D40 0.0129 301 428 358 454
D40 0.0128 292 531 355 561
D40 0.0128 322 542 363 586
D40 0.0128 294 537 388 592
D40 0.0128 0 652 41 684
D40 0.0127 390 434 484 477
D40 0.0126 0 646 61 690
D40 0.0126 85 466 204 605
D40 0.0125 59 588 185 651
D40 0.0124 128 514 207 559
D40 0.0123 311 514 353 558
D40 0.0122 500 481 639 534
D40 0.0122 59 534 141 657
D40 0.0121 21 396 294 553
D40 0.0121 478 545 522 592
D40 0.0119 0 554 37 600
D40 0.0118 316 526 350 582
D40 0.0118 2 556 92 597
D40 0.0117 99 530 162 561
D40 0.0116 107 486 184 581
D40 0.0116 194 467 287 514
D40 0.0115 0 467 143 551
D40 0.0115 405 451 462 479
D40 0.0114 182 453 331 522
D40 0.0113 164 428 307 546
D40 0.0113 158 432 269 490
D40 0.0113 10 588 120 641
D40 0.0112 310 418 367 448
D40 0.0111 381 424 472 466
D40 0.0111 1 580 31 648
D40 0.0110 386 431 444 457
D40 0.0109 472 579 524 619
D40 0.0109 122 477 218 525
D40 0.0109 487 568 534 611
D40 0.0109 420 336 617 436
D40 0.0109 403 436 522 487
D40 0.0108 145 597 258 651
D40 0.0108 100 575 192 664
D40 0.0107 427 503 531 564
D40 0.0107 137 530 201 562
D40 0.0107 0 591 52 687
D40 0.0107 125 540 193 568
D40 0.0107 589 598 714 653
D40 0.0106 537 482 720 580
D40 0.0106 421 443 484 468
D40 0.0105 91 500 163 545
D40 0.0105 477 563 538 597
D40 0.0105 396 420 452 445
D40 0.0104 300 533 344 577
D40 0.0104 548 480 688 534
D40 0.0104 148 360 282 498
D40 0.0103 85 562 206 627
D40 0.0102 379 658 550 720
D40 0.0102 100 538 197 592
D40 0.0100 210 475 273 504
D40 0.0100 516 486 575 515
