D00 0.0510 308 686 371 718
D00 0.0405 300 659 374 720
D00 0.0382 340 666 369 720
D00 0.0375 281 605 331 711
D00 0.0357 328 634 376 720
D00 0.0345 637 514 720 712
D00 0.0314 277 641 359 720
D00 0.0308 329 687 391 719
D00 0.0307 667 566 716 677
D00 0.0285 293 606 322 670
D00 0.0260 260 577 350 717
D00 0.0259 665 540 714 635
D00 0.0254 610 530 713 659
D00 0.0248 494 663 555 716
D00 0.0243 275 604 395 719
D00 0.0240 272 579 326 669
D00 0.0233 325 675 363 719
D00 0.0231 634 551 700 683
D00 0.0229 297 680 349 718
D00 0.0228 0 566 130 709
D00 0.0220 482 665 600 715
D00 0.0217 0 579 50 684
D00 0.0216 533 510 683 705
D00 0.0213 310 678 417 720
D00 0.0210 502 675 570 709
D00 0.0210 282 614 316 680
D00 0.0209 506 624 561 720
D00 0.0205 292 636 324 706
D00 0.0202 294 518 346 616
D00 0.0198 483 682 566 719
D00 0.0197 0 545 52 637
D00 0.0197 579 464 715 679
D00 0.0197 675 559 707 624
D00 0.0196 642 480 720 628
D00 0.0196 657 594 716 715
D00 0.0195 510 653 579 710
D00 0.0193 0 548 79 692
D00 0.0193 526 644 604 716
D00 0.0187 517 653 548 711
D00 0.0183 0 578 91 629
D00 0.0179 33 612 258 711
D00 0.0178 301 650 337 715
D00 0.0174 290 657 432 715
D00 0.0172 546 668 591 713
D00 0.0171 587 578 720 718
D00 0.0167 236 530 371 684
D00 0.0167 464 452 720 700
D00 0.0166 485 636 546 720
D00 0.0161 420 474 445 528
D00 0.0158 1 563 34 625
D00 0.0157 515 609 584 713
D00 0.0155 468 689 540 717
D00 0.0155 280 599 352 677
D00 0.0153 305 503 355 598
D00 0.0153 259 598 324 695
D00 0.0152 245 674 361 720
D00 0.0152 278 601 320 651
D00 0.0152 120 621 323 708
D00 0.0150 661 565 702 616
D00 0.0150 620 503 709 605
D00 0.0150 678 626 720 720
D00 0.0148 446 668 563 718
D00 0.0148 521 478 553 527
D00 0.0145 509 681 597 718
D00 0.0143 495 558 605 720
D00 0.0142 494 477 557 525
D00 0.0140 558 652 598 719
D00 0.0140 305 527 337 594
D00 0.0140 545 688 611 716
D00 0.0139 608 559 709 624
D00 0.0138 264 507 346 653
D00 0.0136 553 606 603 714
D00 0.0136 273 545 327 635
D00 0.0136 672 586 710 635
D00 0.0135 685 569 716 633
D00 0.0135 505 673 539 720
D00 0.0135 181 646 258 716
D00 0.0133 564 526 707 621
D00 0.0133 49 653 196 712
D00 0.0133 289 697 361 720
D00 0.0133 625 613 709 708
D00 0.0131 492 494 702 639
D00 0.0131 0 182 79 364
D00 0.0129 12 596 183 691
D00 0.0129 151 548 348 699
D00 0.0128 3 287 30 356
D00 0.0128 11 626 147 720
D00 0.0128 300 624 334 696
D00 0.0127 508 641 539 707
D00 0.0126 557 487 709 573
D00 0.0125 1 599 34 666
D00 0.0124 547 655 630 719
D00 0.0123 320 660 365 708
D00 0.0123 73 629 220 700
D00 0.0123 686 588 716 658
D00 0.0123 0 252 36 366
D00 0.0123 98 642 179 719
D00 0.0123 244 624 326 719
D00 0.0122 460 620 558 710
D00 0.0122 348 651 377 719
D00 0.0122 521 664 588 700
D00 0.0121 315 518 346 581
D00 0.0120 1 599 70 713
D00 0.0120 34 577 252 680
D00 0.0120 29 662 141 718
D00 0.0119 641 530 701 621
D00 0.0119 603 516 682 630
D00 0.0119 579 471 720 542
D00 0.0118 293 548 326 610
D00 0.0118 429 474 455 528
D00 0.0117 663 660 719 717
D00 0.0116 265 613 316 659
D00 0.0114 407 476 459 527
D00 0.0114 493 585 565 705
D00 0.0114 251 548 321 664
D00 0.0113 336 645 414 720
D00 0.0112 605 555 681 680
D00 0.0112 137 666 251 715
D00 0.0111 657 577 717 625
D00 0.0110 242 595 331 659
D00 0.0109 289 544 353 662
D00 0.0109 409 481 456 585
D00 0.0109 510 446 563 534
D00 0.0109 233 489 369 628
D00 0.0109 266 687 342 717
D00 0.0108 294 587 337 665
D00 0.0108 553 574 601 673
D00 0.0107 525 661 562 713
D00 0.0107 661 689 719 718
D00 0.0107 346 683 379 720
D00 0.0107 403 481 441 521
D00 0.0107 303 532 447 713
D00 0.0107 293 672 329 720
D00 0.0107 0 652 67 720
D00 0.0106 688 613 717 683
D00 0.0106 66 683 151 719
D00 0.0106 649 482 720 520
D00 0.0106 0 571 62 616
D00 0.0105 292 583 323 648
D00 0.0105 338 698 408 720
D00 0.0104 179 682 263 718
D00 0.0104 549 563 636 711
D00 0.0104 544 554 592 643
D00 0.0104 599 654 719 713
D00 0.0103 407 520 457 619
D00 0.0103 634 581 720 649
D00 0.0103 553 641 586 705
D00 0.0103 0 618 43 720
D00 0.0102 419 491 445 550
D00 0.0102 164 608 324 678
D00 0.0102 282 574 315 635
D00 0.0102 282 561 337 619
D00 0.0102 0 683 82 720
D00 0.0100 627 678 720 720
D00 0.0100 266 568 311 645
D00 0.0100 214 581 322 708
D00 0.0100 304 618 352 708
D10 0.0296 300 582 437 619
D10 0.0265 342 589 416 614
D10 0.0259 280 586 339 611
D10 0.0257 286 583 382 616
D10 0.0213 279 560 459 628
D10 0.0202 277 587 405 642
D10 0.0198 557 588 622 614
D10 0.0193 545 577 656 623
D10 0.0189 262 575 361 629
D10 0.0184 290 576 352 606
D10 0.0174 348 575 466 620
D10 0.0173 276 564 396 614
D10 0.0173 281 620 332 651
D10 0.0167 305 593 405 626
D10 0.0164 250 586 356 649
D10 0.0156 281 596 335 625
D10 0.0153 578 588 643 615
D10 0.0150 0 578 100 626
D10 0.0150 259 571 475 675
D10 0.0147 272 576 328 607
D10 0.0145 635 483 720 518
D10 0.0142 259 586 319 614
D10 0.0141 264 602 370 682
D10 0.0139 371 587 444 614
D10 0.0137 356 579 424 610
D10 0.0137 287 629 344 659
D10 0.0137 305 577 381 606
D10 0.0134 317 587 464 639
D10 0.0132 551 474 715 542
D10 0.0131 295 598 367 624
D10 0.0130 161 603 281 648
D10 0.0128 330 579 405 608
D10 0.0127 539 587 600 613
D10 0.0126 559 591 641 627
D10 0.0123 281 639 331 672
D10 0.0123 542 552 700 632
D10 0.0121 438 594 525 632
D10 0.0121 105 623 224 671
D10 0.0120 272 607 323 644
D10 0.0119 196 589 334 652
D10 0.0114 263 590 332 634
D10 0.0111 425 578 541 629
D10 0.0111 550 597 608 624
D10 0.0110 374 567 509 621
D10 0.0110 531 586 634 636
D10 0.0110 353 595 422 621
D10 0.0110 286 665 350 698
D10 0.0108 123 584 318 662
D10 0.0107 288 609 346 642
D10 0.0106 233 556 373 639
D10 0.0106 501 576 617 624
D10 0.0106 459 589 524 618
D10 0.0106 581 581 697 647
D10 0.0104 661 496 719 523
D10 0.0103 8 588 85 616
D10 0.0102 467 584 561 622
D20 0.0477 180 606 380 717
D20 0.0376 27 584 381 719
D20 0.0370 196 567 667 720
D20 0.0353 240 651 366 715
D20 0.0323 228 594 530 710
D20 0.0316 52 511 593 696
D20 0.0298 368 593 665 708
D20 0.0284 353 516 720 713
D20 0.0278 248 585 358 710
D20 0.0275 240 632 440 720
D20 0.0254 467 648 636 716
D20 0.0252 479 610 720 714
D20 0.0230 452 597 611 717
D20 0.0214 447 479 561 525
D20 0.0198 126 574 352 680
D20 0.0192 123 548 443 705
D20 0.0188 258 674 385 720
D20 0.0187 404 471 570 536
D20 0.0185 484 535 702 693
D20 0.0181 76 613 317 711
D20 0.0178 276 630 575 720
D20 0.0170 277 565 395 720
D20 0.0168 517 657 670 711
D20 0.0166 281 548 572 693
D20 0.0160 0 0 489 353
D20 0.0159 526 517 720 630
D20 0.0158 201 0 720 353
D20 0.0158 412 572 572 712
D20 0.0155 419 658 568 713
D20 0.0153 226 604 346 682
D20 0.0151 0 374 489 720
D20 0.0149 252 569 445 683
D20 0.0145 0 142 348 720
D20 0.0144 200 374 720 720
D20 0.0143 0 629 259 720
D20 0.0142 557 559 720 720
D20 0.0141 0 0 177 270
D20 0.0139 375 142 720 720
D20 0.0139 260 625 354 693
D20 0.0136 384 548 601 650
D20 0.0134 179 663 352 720
D20 0.0131 538 481 719 592
D20 0.0130 547 644 720 717
D20 0.0130 0 0 720 521
D20 0.0129 365 480 577 571
D20 0.0129 265 525 485 624
D20 0.0129 463 675 598 720
D20 0.0128 211 616 325 707
D20 0.0128 314 467 540 548
D20 0.0127 0 499 224 720
D20 0.0125 413 489 534 531
D20 0.0123 345 478 464 522
D20 0.0123 271 609 370 668
D20 0.0123 363 447 579 528
D20 0.0123 447 631 579 705
D20 0.0123 0 174 720 720
D20 0.0120 251 596 341 659
D20 0.0119 295 675 434 720
D20 0.0116 547 0 720 274
D20 0.0112 0 0 311 217
D20 0.0111 520 532 623 720
D20 0.0110 509 391 720 720
D20 0.0109 611 602 720 720
D20 0.0108 408 504 565 639
D20 0.0107 447 498 678 638
D20 0.0106 10 0 272 435
D20 0.0105 292 482 507 577
D20 0.0104 309 497 649 657
D20 0.0103 470 565 588 686
D20 0.0101 181 548 369 663
D20 0.0100 336 499 556 603
D20 0.0100 399 459 535 516
D40 0.1305 525 496 604 530
D40 0.0591 526 490 587 521
D40 0.0374 502 481 596 527
D40 0.0366 506 497 570 525
D40 0.0348 519 505 581 530
D40 0.0320 0 589 38 634
D40 0.0317 0 538 382 700
D40 0.0311 490 475 658 538
D40 0.0309 237 650 342 710
D40 0.0301 5 540 69 566
D40 0.0282 256 663 373 718
D40 0.0260 0 592 272 711
D40 0.0253 0 530 78 576
D40 0.0253 269 637 330 703
D40 0.0247 540 501 618 539
D40 0.0238 517 483 558 524
D40 0.0232 562 494 612 530
D40 0.0224 268 664 333 697
D40 0.0223 439 478 573 531
D40 0.0219 426 466 624 541
D40 0.0217 279 622 321 668
D40 0.0216 503 483 703 579
D40 0.0215 140 500 281 552
D40 0.0213 2 556 97 638
D40 0.0211 549 486 604 522
D40 0.0208 0 577 57 644
D40 0.0204 0 535 122 667
D40 0.0201 88 114 241 260
D40 0.0193 242 625 332 691
D40 0.0192 509 496 638 552
D40 0.0191 0 530 172 619
D40 0.0190 0 486 327 656
D40 0.0188 0 543 110 603
D40 0.0188 455 491 549 526
D40 0.0187 270 653 327 687
D40 0.0186 287 667 336 714
D40 0.0185 0 122 324 355
D40 0.0182 0 631 207 720
D40 0.0182 287 631 326 683
D40 0.0179 542 480 695 532
D40 0.0178 10 539 212 687
D40 0.0177 0 534 42 574
D40 0.0177 531 510 603 549
D40 0.0175 0 511 210 589
D40 0.0174 535 482 572 527
D40 0.0172 148 642 346 717
D40 0.0170 465 458 586 517
D40 0.0167 43 489 248 563
D40 0.0159 0 537 57 596
D40 0.0158 134 474 294 543
D40 0.0155 177 488 282 536
D40 0.0155 444 497 518 524
D40 0.0152 519 475 570 506
D40 0.0152 13 653 150 714
D40 0.0152 0 569 37 617
D40 0.0151 1 596 67 628
D40 0.0150 0 590 131 692
D40 0.0149 61 666 170 717
D40 0.0148 6 549 67 575
D40 0.0146 199 665 334 716
D40 0.0146 472 446 683 527
D40 0.0145 522 475 575 542
D40 0.0144 157 514 234 553
D40 0.0144 33 156 227 268
D40 0.0143 501 460 641 514
D40 0.0141 177 503 258 543
D40 0.0140 50 173 261 321
D40 0.0140 103 506 284 584
D40 0.0139 447 488 606 555
D40 0.0139 506 451 556 480
D40 0.0137 279 649 318 710
D40 0.0136 125 521 257 572
D40 0.0136 83 502 223 557
D40 0.0136 263 614 331 659
D40 0.0136 556 497 599 541
D40 0.0134 155 530 215 557
D40 0.0133 485 495 590 535
D40 0.0131 458 598 524 628
D40 0.0129 115 144 222 237
D40 0.0128 265 633 317 681
D40 0.0127 3 512 94 591
D40 0.0127 436 589 552 636
D40 0.0126 409 452 567 523
D40 0.0126 549 495 688 559
D40 0.0126 274 487 341 515
D40 0.0126 8 456 316 588
D40 0.0124 1 523 69 626
D40 0.0124 365 487 434 515
D40 0.0123 12 221 237 354
D40 0.0122 229 606 333 667
D40 0.0122 204 507 274 536
D40 0.0122 404 497 466 523
D40 0.0121 543 486 607 555
D40 0.0120 141 136 239 284
D40 0.0120 363 582 410 616
D40 0.0120 22 531 85 564
D40 0.0120 60 55 247 335
D40 0.0119 529 493 563 537
D40 0.0119 517 461 568 489
D40 0.0118 466 483 514 522
D40 0.0117 391 488 453 517
D40 0.0116 97 166 199 255
D40 0.0116 22 544 74 583
D40 0.0116 216 497 286 525
D40 0.0115 0 490 123 611
D40 0.0115 478 471 623 583
D40 0.0114 8 579 180 665
D40 0.0114 43 524 204 574
D40 0.0113 0 216 347 421
D40 0.0113 474 577 601 626
D40 0.0112 196 497 263 529
D40 0.0112 253 674 330 708
D40 0.0112 252 478 357 521
D40 0.0111 66 131 193 248
D40 0.0110 526 472 603 509
D40 0.0109 125 122 269 353
D40 0.0108 236 497 311 523
D40 0.0108 114 667 240 716
D40 0.0107 11 522 116 569
D40 0.0107 416 493 506 528
D40 0.0107 0 592 91 651
D40 0.0107 195 642 318 702
D40 0.0105 377 497 445 522
D40 0.0105 253 658 306 702
D40 0.0104 420 451 704 586
D40 0.0104 136 155 233 214
D40 0.0103 180 654 286 712
D40 0.0103 103 622 214 673
D40 0.0103 0 394 560 720
D40 0.0102 39 125 188 345
D40 0.0100 403 490 441 527
D40 0.0100 19 644 122 699
D40 0.0100 548 579 586 619
