D00 0.1110 298 528 403 720
D00 0.0711 335 565 400 709
D00 0.0616 363 569 410 672
D00 0.0611 323 630 382 720
D00 0.0564 329 505 436 700
D00 0.0532 183 615 236 720
D00 0.0520 307 534 359 641
D00 0.0493 216 549 393 720
D00 0.0471 313 570 456 720
D00 0.0465 353 547 421 693
D00 0.0414 291 653 376 719
D00 0.0414 352 535 403 649
D00 0.0400 314 563 352 655
D00 0.0393 322 678 367 718
D00 0.0360 295 593 370 714
D00 0.0356 324 535 380 643
D00 0.0345 258 516 359 681
D00 0.0343 442 592 487 699
D00 0.0340 266 618 393 720
D00 0.0312 359 610 413 720
D00 0.0311 291 518 349 618
D00 0.0301 6 662 110 720
D00 0.0294 313 659 413 720
D00 0.0292 276 681 372 719
D00 0.0291 315 575 370 683
D00 0.0288 334 659 370 718
D00 0.0282 340 516 394 627
D00 0.0276 346 567 391 657
D00 0.0273 376 569 446 704
D00 0.0273 375 501 487 696
D00 0.0265 369 535 420 651
D00 0.0265 176 573 241 669
D00 0.0259 376 597 413 683
D00 0.0251 30 683 112 720
D00 0.0249 42 644 125 720
D00 0.0240 449 624 503 720
D00 0.0240 433 523 536 715
D00 0.0240 452 625 480 691
D00 0.0239 188 658 242 719
D00 0.0238 200 647 233 713
D00 0.0235 314 510 370 615
D00 0.0229 434 568 478 676
D00 0.0227 475 532 580 714
D00 0.0223 270 570 350 707
D00 0.0223 355 579 513 718
D00 0.0217 454 575 516 704
D00 0.0216 344 599 393 692
D00 0.0213 514 586 553 665
D00 0.0212 208 556 288 644
D00 0.0211 419 514 503 684
D00 0.0208 381 579 411 652
D00 0.0207 405 572 470 703
D00 0.0205 501 594 551 692
D00 0.0203 439 624 477 709
D00 0.0200 452 600 478 673
D00 0.0196 450 597 560 714
D00 0.0196 378 477 558 714
D00 0.0195 443 614 470 681
D00 0.0195 286 577 362 662
D00 0.0195 484 624 537 720
D00 0.0190 258 642 347 720
D00 0.0188 327 686 395 718
D00 0.0184 192 597 257 694
D00 0.0183 311 697 372 720
D00 0.0181 474 558 539 688
D00 0.0176 443 588 469 660
D00 0.0174 272 556 354 640
D00 0.0172 508 610 559 720
D00 0.0172 307 554 340 625
D00 0.0169 325 586 356 657
D00 0.0169 335 565 369 637
D00 0.0168 324 587 386 659
D00 0.0167 578 662 682 720
D00 0.0163 193 641 283 719
D00 0.0162 315 662 356 717
D00 0.0162 49 669 102 716
D00 0.0161 404 621 521 720
D00 0.0158 346 633 403 707
D00 0.0158 607 682 693 720
D00 0.0157 474 604 525 707
D00 0.0156 55 688 129 718
D00 0.0154 372 620 403 692
D00 0.0154 420 648 496 720
D00 0.0152 44 676 154 720
D00 0.0151 365 635 459 719
D00 0.0151 240 572 323 704
D00 0.0150 515 580 583 703
D00 0.0149 318 597 348 667
D00 0.0144 226 528 299 623
D00 0.0144 381 612 434 720
D00 0.0144 563 641 640 720
D00 0.0142 444 552 488 657
D00 0.0142 466 615 506 698
D00 0.0140 268 523 329 622
D00 0.0136 187 687 245 718
D00 0.0135 5 687 80 719
D00 0.0135 459 635 492 701
D00 0.0135 358 509 399 587
D00 0.0135 445 653 569 714
D00 0.0133 385 570 425 658
D00 0.0131 515 573 632 720
D00 0.0130 458 645 516 712
D00 0.0129 436 477 492 566
D00 0.0129 435 677 547 720
D00 0.0128 456 577 492 670
D00 0.0128 0 554 106 720
D00 0.0127 493 660 552 717
D00 0.0127 337 655 387 707
D00 0.0126 509 612 541 678
D00 0.0125 469 659 531 717
D00 0.0125 235 676 351 720
D00 0.0124 520 605 562 686
D00 0.0123 264 688 343 717
D00 0.0122 520 639 596 718
D00 0.0122 0 638 60 720
D00 0.0121 333 509 376 592
D00 0.0121 201 583 256 659
D00 0.0121 489 0 711 269
D00 0.0121 245 633 312 720
D00 0.0121 490 574 555 659
D00 0.0120 479 683 570 719
D00 0.0120 203 602 304 720
D00 0.0119 308 588 339 655
D00 0.0118 165 672 231 720
D00 0.0118 448 653 486 703
D00 0.0118 436 690 500 719
D00 0.0117 497 646 527 713
D00 0.0117 466 689 535 717
D00 0.0116 0 130 147 437
D00 0.0115 270 649 463 720
D00 0.0114 537 604 608 714
D00 0.0114 453 569 479 639
D00 0.0113 39 698 105 720
D00 0.0113 422 549 469 655
D00 0.0113 593 687 664 718
D00 0.0112 343 670 380 720
D00 0.0112 432 526 479 632
D00 0.0112 427 507 482 592
D00 0.0112 508 646 537 713
D00 0.0110 485 634 515 702
D00 0.0109 478 664 599 717
D00 0.0108 182 677 298 720
D00 0.0105 497 622 528 692
D00 0.0104 412 477 475 559
D00 0.0104 500 681 544 719
D00 0.0104 544 675 659 720
D00 0.0104 282 669 339 715
D00 0.0103 513 564 581 644
D00 0.0103 388 678 503 720
D00 0.0102 442 517 492 613
D00 0.0101 300 601 345 689
D00 0.0100 546 0 720 106
D00 0.0100 511 688 581 716
D10 0.0188 256 618 368 676
D10 0.0153 295 613 401 682
D10 0.0152 293 623 376 666
D10 0.0145 290 630 356 658
D10 0.0130 306 618 363 651
D10 0.0124 400 0 720 235
D10 0.0123 315 629 377 658
D10 0.0121 288 641 358 668
D10 0.0119 306 634 386 678
D10 0.0119 308 610 387 657
D10 0.0117 268 613 355 657
D10 0.0117 625 403 712 442
D10 0.0114 265 632 336 659
D10 0.0112 9 651 102 691
D10 0.0110 308 607 361 640
D10 0.0110 316 641 377 668
D10 0.0105 317 663 372 700
D10 0.0103 643 416 710 446
D10 0.0103 498 0 720 137
D10 0.0100 21 641 113 680
D10 0.0100 279 646 366 693
D10 0.0100 266 642 334 668
D20 0.1189 42 494 586 693
D20 0.0577 182 598 406 720
D20 0.0469 266 435 667 703
D20 0.0404 192 540 711 720
D20 0.0386 49 370 674 720
D20 0.0359 272 593 461 720
D20 0.0350 0 544 435 720
D20 0.0309 21 18 720 530
D20 0.0279 255 664 382 719
D20 0.0264 130 430 457 720
D20 0.0235 319 601 546 715
D20 0.0222 0 0 489 353
D20 0.0215 201 0 720 353
D20 0.0208 242 201 720 720
D20 0.0205 0 142 348 720
D20 0.0202 0 496 239 720
D20 0.0198 429 604 637 715
D20 0.0198 377 324 720 667
D20 0.0174 0 630 156 720
D20 0.0171 448 0 720 176
D20 0.0163 224 310 548 690
D20 0.0161 543 0 720 268
D20 0.0160 496 489 720 720
D20 0.0158 351 0 638 456
D20 0.0139 159 649 371 720
D20 0.0137 0 0 176 274
D20 0.0133 76 315 375 692
D20 0.0130 462 0 720 371
D20 0.0127 616 397 720 445
D20 0.0126 269 638 376 709
D20 0.0124 0 0 261 174
D20 0.0119 543 252 720 703
D20 0.0116 633 0 720 140
D20 0.0113 11 0 279 468
D20 0.0112 323 0 665 226
D20 0.0111 0 0 86 135
D20 0.0111 375 482 475 533
D20 0.0111 42 0 418 605
D20 0.0111 0 580 94 720
D20 0.0110 0 379 303 633
D20 0.0108 341 152 629 642
D20 0.0107 0 0 125 188
D20 0.0104 0 654 80 717
D20 0.0104 290 649 490 720
D20 0.0104 680 383 720 477
D20 0.0103 629 578 720 720
D20 0.0103 0 140 168 492
D20 0.0102 451 0 720 720
D40 0.2585 11 536 432 713
D40 0.1948 171 511 349 617
D40 0.1542 148 536 328 661
D40 0.1333 196 503 352 576
D40 0.1314 99 563 283 685
D40 0.1285 20 609 261 712
D40 0.1276 118 509 423 671
D40 0.1097 140 512 553 719
D40 0.1089 228 518 322 578
D40 0.1027 143 576 334 705
D40 0.1025 244 511 390 663
D40 0.0998 183 571 438 713
D40 0.0887 121 537 293 620
D40 0.0881 165 571 267 667
D40 0.0880 133 597 256 713
D40 0.0870 157 561 285 629
D40 0.0865 297 506 427 673
D40 0.0860 257 497 332 520
D40 0.0845 125 494 331 587
D40 0.0826 331 509 486 585
D40 0.0826 50 516 329 640
D40 0.0819 247 515 352 604
D40 0.0810 17 541 242 699
D40 0.0802 264 512 415 600
D40 0.0785 270 490 342 515
D40 0.0751 539 611 717 720
D40 0.0748 324 522 408 630
D40 0.0746 242 489 340 530
D40 0.0746 251 504 384 561
D40 0.0744 360 518 463 570
D40 0.0729 278 507 720 704
D40 0.0726 523 542 707 651
D40 0.0718 346 483 425 518
D40 0.0704 225 499 321 553
D40 0.0697 368 537 451 572
D40 0.0693 282 524 373 629
D40 0.0686 308 517 425 581
D40 0.0684 289 498 451 572
D40 0.0681 352 488 443 538
D40 0.0672 272 533 539 692
D40 0.0671 362 497 461 552
D40 0.0664 218 535 321 597
D40 0.0653 101 627 242 701
D40 0.0646 198 545 311 642
D40 0.0635 309 540 390 653
D40 0.0635 194 484 357 543
D40 0.0629 262 481 367 521
D40 0.0629 349 493 515 567
D40 0.0628 69 602 402 720
D40 0.0610 385 530 455 561
D40 0.0606 166 571 256 610
D40 0.0606 426 541 679 683
D40 0.0597 22 634 186 700
D40 0.0583 367 496 430 526
D40 0.0577 262 526 326 587
D40 0.0570 201 510 302 564
D40 0.0563 107 584 254 655
D40 0.0560 60 559 255 641
D40 0.0559 171 604 292 677
D40 0.0553 314 514 496 643
D40 0.0548 387 517 522 571
D40 0.0545 330 533 438 604
D40 0.0541 175 613 239 705
D40 0.0537 342 540 426 653
D40 0.0532 327 561 404 674
D40 0.0526 71 608 236 678
D40 0.0518 170 627 297 702
D40 0.0516 590 655 714 716
D40 0.0515 164 515 283 601
D40 0.0515 387 510 471 557
D40 0.0513 178 541 283 696
D40 0.0507 212 480 422 560
D40 0.0495 145 574 238 628
D40 0.0480 0 531 214 627
D40 0.0480 362 524 454 621
D40 0.0470 248 529 317 562
D40 0.0462 357 576 413 669
D40 0.0462 0 601 152 719
D40 0.0461 370 587 660 707
D40 0.0459 13 654 156 715
D40 0.0452 247 507 319 537
D40 0.0450 239 489 316 514
D40 0.0448 501 555 656 634
D40 0.0440 205 548 353 689
D40 0.0439 190 550 285 611
D40 0.0437 393 541 463 566
D40 0.0435 369 597 405 651
D40 0.0435 257 542 358 646
D40 0.0434 379 517 444 552
D40 0.0428 379 506 442 539
D40 0.0423 363 545 436 587
D40 0.0423 292 488 364 514
D40 0.0421 15 577 203 668
D40 0.0421 481 525 683 624
D40 0.0421 548 562 689 622
D40 0.0417 188 622 231 669
D40 0.0413 65 651 227 713
D40 0.0410 12 510 237 597
D40 0.0405 325 501 605 631
D40 0.0404 374 487 533 607
D40 0.0403 361 541 421 569
D40 0.0402 388 479 692 650
D40 0.0398 237 519 312 551
D40 0.0394 153 649 272 715
D40 0.0394 332 529 472 705
D40 0.0392 578 540 717 707
D40 0.0392 85 525 173 568
D40 0.0392 353 479 417 506
D40 0.0391 169 579 225 618
D40 0.0390 530 562 663 684
D40 0.0390 298 479 409 521
D40 0.0388 146 605 242 667
D40 0.0388 238 538 313 575
D40 0.0386 213 481 319 524
D40 0.0386 13 385 629 720
D40 0.0385 284 489 392 534
D40 0.0384 311 583 391 697
D40 0.0382 362 536 415 602
D40 0.0378 170 638 359 720
D40 0.0376 373 488 438 516
D40 0.0374 373 524 425 566
D40 0.0367 322 472 423 512
D40 0.0362 130 479 316 539
D40 0.0359 291 492 345 525
D40 0.0359 483 529 623 673
D40 0.0359 288 480 457 545
D40 0.0357 330 486 403 513
D40 0.0350 173 613 244 656
D40 0.0348 243 468 348 515
D40 0.0346 235 522 323 636
D40 0.0346 306 543 358 619
D40 0.0344 551 583 685 646
D40 0.0343 515 611 552 660
D40 0.0341 232 523 298 566
D40 0.0341 189 644 230 694
D40 0.0337 530 544 669 603
D40 0.0337 342 584 425 694
D40 0.0336 79 630 193 683
D40 0.0334 97 532 160 562
D40 0.0334 211 533 289 580
D40 0.0331 368 536 490 598
D40 0.0329 161 470 477 608
D40 0.0323 385 497 451 528
D40 0.0323 410 494 487 563
D40 0.0320 229 499 309 523
D40 0.0318 126 501 279 558
D40 0.0316 278 473 358 509
D40 0.0315 77 547 235 602
D40 0.0313 173 530 262 637
D40 0.0310 534 630 666 705
D40 0.0310 323 492 412 528
D40 0.0310 290 534 348 604
D40 0.0310 434 506 530 582
D40 0.0307 261 516 339 556
D40 0.0305 269 506 337 533
D40 0.0304 554 605 683 680
D40 0.0303 106 523 255 582
D40 0.0302 488 468 720 711
D40 0.0301 417 522 469 563
D40 0.0297 352 544 403 619
D40 0.0297 193 595 266 713
D40 0.0296 251 460 485 720
D40 0.0295 369 619 405 670
D40 0.0295 376 607 412 660
D40 0.0294 194 633 236 683
D40 0.0290 516 584 635 648
D40 0.0290 0 478 172 570
D40 0.0287 247 610 398 717
D40 0.0286 123 664 238 720
D40 0.0286 343 535 419 577
D40 0.0284 207 581 349 649
D40 0.0284 170 587 246 637
D40 0.0282 359 587 399 639
D40 0.0280 274 538 332 575
D40 0.0278 368 576 404 628
D40 0.0277 135 476 231 520
D40 0.0275 617 631 720 706
D40 0.0274 615 677 720 720
D40 0.0272 211 441 631 642
D40 0.0270 99 499 314 717
D40 0.0270 252 550 318 584
D40 0.0270 404 501 458 546
D40 0.0268 314 574 352 627
D40 0.0268 45 485 260 570
D40 0.0267 431 510 479 556
D40 0.0267 0 531 141 675
D40 0.0266 15 522 147 578
D40 0.0266 340 489 422 564
D40 0.0265 313 611 460 713
D40 0.0265 362 564 450 672
D40 0.0264 399 499 472 600
D40 0.0262 385 551 449 579
D40 0.0262 504 594 561 673
D40 0.0262 263 477 331 508
D40 0.0261 506 571 592 667
D40 0.0261 305 497 376 523
D40 0.0261 352 608 405 681
D40 0.0260 193 492 303 536
D40 0.0259 338 555 392 630
D40 0.0259 325 544 380 620
D40 0.0259 141 555 245 612
D40 0.0258 34 450 399 643
D40 0.0258 28 545 180 599
D40 0.0256 492 542 611 601
D40 0.0255 159 633 232 681
D40 0.0255 185 586 247 685
D40 0.0255 232 651 381 714
D40 0.0254 414 524 504 613
D40 0.0253 457 505 599 643
D40 0.0252 53 524 198 577
D40 0.0252 329 478 401 504
D40 0.0250 615 550 709 636
D40 0.0250 273 500 354 582
D40 0.0249 235 505 298 546
D40 0.0249 521 500 711 601
D40 0.0249 315 564 368 638
D40 0.0249 301 498 406 553
D40 0.0248 185 564 260 599
D40 0.0247 381 515 527 686
D40 0.0246 339 504 424 542
D40 0.0245 183 602 233 649
D40 0.0241 315 500 382 601
D40 0.0240 101 541 172 570
D40 0.0239 569 521 706 623
D40 0.0236 430 529 578 608
D40 0.0235 151 485 218 515
D40 0.0234 336 496 404 598
D40 0.0234 479 593 624 691
D40 0.0234 179 658 235 718
D40 0.0233 11 608 132 680
D40 0.0233 447 633 483 683
D40 0.0232 1 499 118 601
D40 0.0232 202 467 309 510
D40 0.0230 339 587 399 660
D40 0.0229 460 563 596 713
D40 0.0229 115 625 215 668
D40 0.0228 486 551 571 641
D40 0.0227 224 546 282 591
D40 0.0224 595 614 686 715
D40 0.0223 389 487 452 568
D40 0.0222 17 498 142 556
D40 0.0222 76 465 283 546
D40 0.0221 286 467 553 578
D40 0.0221 437 616 499 699
D40 0.0221 147 658 231 704
D40 0.0221 192 604 260 665
D40 0.0221 28 564 183 628
D40 0.0219 259 587 366 693
D40 0.0218 275 578 382 648
D40 0.0217 433 529 493 561
D40 0.0217 319 542 362 594
D40 0.0216 202 607 321 661
D40 0.0216 214 557 271 602
D40 0.0214 7 533 104 615
D40 0.0212 357 523 400 570
D40 0.0212 376 587 412 640
D40 0.0212 334 477 450 624
D40 0.0212 163 483 249 516
D40 0.0212 131 571 219 682
D40 0.0211 507 654 646 714
D40 0.0210 366 513 414 557
D40 0.0209 472 510 627 589
D40 0.0209 388 544 476 648
D40 0.0208 409 534 490 569
D40 0.0207 371 528 404 588
D40 0.0207 211 573 293 702
D40 0.0206 347 453 584 720
D40 0.0205 164 561 232 650
D40 0.0204 395 481 601 580
D40 0.0203 12 617 98 713
D40 0.0202 352 550 405 581
D40 0.0201 234 318 720 720
D40 0.0200 193 625 256 692
D40 0.0200 216 621 333 674
D40 0.0200 439 622 474 671
D40 0.0199 112 467 212 514
D40 0.0199 147 585 218 614
D40 0.0198 240 476 310 506
D40 0.0197 307 477 373 503
D40 0.0196 192 568 265 635
D40 0.0196 283 497 349 551
D40 0.0195 81 539 177 587
D40 0.0195 248 605 579 720
D40 0.0194 368 500 432 585
D40 0.0194 370 555 419 630
D40 0.0193 328 544 403 590
D40 0.0193 25 644 123 703
D40 0.0192 363 561 411 593
D40 0.0191 5 443 266 720
D40 0.0191 595 541 708 603
D40 0.0190 290 458 368 516
D40 0.0189 257 555 336 598
D40 0.0189 56 500 188 554
D40 0.0189 379 489 418 538
D40 0.0189 656 663 720 717
D40 0.0188 402 515 439 567
D40 0.0187 177 479 291 521
D40 0.0187 155 488 263 530
D40 0.0187 453 535 561 665
D40 0.0186 93 519 163 554
D40 0.0186 390 529 428 579
D40 0.0186 307 561 357 594
D40 0.0184 625 559 702 687
D40 0.0184 308 533 353 583
D40 0.0184 427 628 689 720
D40 0.0183 525 564 611 617
D40 0.0183 69 598 180 715
D40 0.0183 6 573 111 669
D40 0.0183 217 515 278 556
D40 0.0182 531 520 667 582
D40 0.0182 47 632 144 686
D40 0.0182 70 536 151 572
D40 0.0182 131 647 225 690
D40 0.0182 490 628 611 703
D40 0.0182 290 549 346 583
D40 0.0181 131 491 273 639
D40 0.0181 189 577 249 620
D40 0.0181 0 464 132 544
D40 0.0181 390 496 428 552
D40 0.0180 177 596 228 675
D40 0.0180 352 591 509 691
D40 0.0179 353 616 401 653
D40 0.0178 330 575 374 627
D40 0.0177 158 594 223 628
D40 0.0175 211 509 289 539
D40 0.0174 105 599 200 671
D40 0.0173 193 619 259 648
D40 0.0173 452 527 553 578
D40 0.0171 573 586 662 705
D40 0.0170 264 481 339 565
D40 0.0169 316 533 393 579
D40 0.0169 141 476 207 507
D40 0.0169 276 489 318 532
D40 0.0168 242 608 362 663
D40 0.0168 368 481 408 524
D40 0.0167 213 463 347 604
D40 0.0167 205 591 273 653
D40 0.0167 535 544 606 654
D40 0.0167 152 630 227 660
D40 0.0164 135 621 213 720
D40 0.0164 17 459 221 543
D40 0.0164 380 546 413 614
D40 0.0164 314 597 352 648
D40 0.0164 182 626 221 692
D40 0.0163 194 449 396 529
D40 0.0163 253 526 300 585
D40 0.0162 399 492 475 537
D40 0.0161 328 515 410 556
D40 0.0160 17 564 124 613
D40 0.0160 438 534 518 572
D40 0.0160 167 674 229 711
D40 0.0159 294 507 363 533
D40 0.0159 287 524 366 569
D40 0.0159 464 589 545 693
D40 0.0158 68 638 165 675
D40 0.0158 217 558 322 620
D40 0.0158 316 572 368 607
D40 0.0157 379 616 541 709
D40 0.0157 572 544 662 651
D40 0.0157 118 492 220 566
D40 0.0155 446 513 506 568
D40 0.0155 506 620 545 669
D40 0.0154 189 651 310 711
D40 0.0154 355 472 453 517
D40 0.0154 220 641 330 703
D40 0.0153 344 652 477 714
D40 0.0153 131 484 195 515
D40 0.0153 101 483 152 513
D40 0.0152 170 652 228 685
D40 0.0152 217 520 275 597
D40 0.0152 315 598 373 669
D40 0.0152 278 534 317 596
D40 0.0151 170 561 226 605
D40 0.0151 384 554 429 601
D40 0.0151 443 547 526 645
D40 0.0151 520 621 561 669
D40 0.0151 351 573 399 605
D40 0.0151 55 592 140 699
D40 0.0150 351 583 398 616
D40 0.0150 64 611 180 665
D40 0.0150 291 479 359 566
D40 0.0150 267 459 381 609
D40 0.0149 433 432 716 606
D40 0.0148 99 576 217 632
D40 0.0146 82 478 209 531
D40 0.0146 289 481 328 523
D40 0.0146 176 581 218 645
D40 0.0146 453 561 561 625
D40 0.0145 351 534 383 608
D40 0.0145 339 540 397 570
D40 0.0145 442 500 486 547
D40 0.0145 465 653 594 714
D40 0.0145 36 475 159 533
D40 0.0145 263 512 309 568
D40 0.0145 412 471 505 584
D40 0.0144 455 488 553 571
D40 0.0144 163 476 226 506
D40 0.0143 110 467 146 510
D40 0.0142 202 625 298 665
D40 0.0142 267 482 306 525
D40 0.0142 650 579 718 707
D40 0.0141 161 496 231 523
D40 0.0141 0 483 76 567
D40 0.0141 420 567 500 671
D40 0.0140 194 629 257 660
D40 0.0140 283 530 345 562
D40 0.0140 411 605 482 687
D40 0.0140 536 582 608 703
D40 0.0139 194 647 283 690
D40 0.0139 337 534 370 609
D40 0.0139 345 620 393 670
D40 0.0139 320 622 409 696
D40 0.0138 155 467 256 510
D40 0.0138 288 520 326 581
D40 0.0138 450 627 562 702
D40 0.0137 334 508 401 535
D40 0.0137 402 491 438 543
D40 0.0136 557 608 634 714
D40 0.0136 47 674 195 720
D40 0.0136 325 561 380 594
D40 0.0136 217 601 305 645
D40 0.0136 226 562 298 593
D40 0.0136 57 659 144 703
D40 0.0135 515 521 584 627
D40 0.0135 424 635 494 681
D40 0.0135 132 601 225 648
D40 0.0135 151 511 236 612
D40 0.0135 82 471 170 517
D40 0.0135 161 416 410 720
D40 0.0134 506 601 546 650
D40 0.0134 552 674 691 720
D40 0.0134 259 486 314 544
D40 0.0134 371 629 419 661
D40 0.0134 407 544 455 584
D40 0.0134 471 516 541 629
D40 0.0133 178 506 273 541
D40 0.0133 338 595 394 629
D40 0.0133 205 488 287 512
D40 0.0133 447 610 480 660
D40 0.0133 339 606 396 640
D40 0.0133 113 642 190 672
D40 0.0132 395 485 443 524
D40 0.0132 259 452 356 502
D40 0.0132 423 496 465 553
D40 0.0131 0 663 87 720
D40 0.0131 359 615 468 674
D40 0.0131 623 581 720 645
D40 0.0131 413 527 450 575
D40 0.0131 370 611 448 658
D40 0.0130 135 490 213 526
D40 0.0130 544 509 644 636
D40 0.0130 325 550 382 581
D40 0.0130 131 533 213 635
D40 0.0130 638 682 698 719
D40 0.0130 319 502 367 542
D40 0.0129 330 597 376 648
D40 0.0129 258 621 342 704
D40 0.0129 189 657 266 703
D40 0.0128 100 542 208 673
D40 0.0128 604 492 717 650
D40 0.0128 439 643 476 693
D40 0.0127 263 456 431 517
D40 0.0127 115 639 189 698
D40 0.0127 521 602 561 649
D40 0.0127 398 560 512 626
D40 0.0126 667 685 720 717
D40 0.0126 454 643 495 693
D40 0.0124 575 638 650 715
D40 0.0124 494 488 653 573
D40 0.0124 540 575 633 627
D40 0.0123 652 535 716 655
D40 0.0123 530 640 607 718
D40 0.0123 522 559 595 599
D40 0.0122 443 631 490 662
D40 0.0122 538 574 598 606
D40 0.0122 0 507 55 560
D40 0.0122 170 549 259 593
D40 0.0122 195 641 256 673
D40 0.0121 305 587 346 636
D40 0.0121 313 539 370 571
D40 0.0120 0 429 167 532
D40 0.0120 298 572 350 606
D40 0.0120 280 562 339 593
D40 0.0120 100 631 181 662
D40 0.0120 120 474 179 507
D40 0.0120 436 486 511 561
D40 0.0120 457 529 523 562
D40 0.0119 283 520 346 548
D40 0.0119 0 572 103 626
D40 0.0119 469 540 536 570
D40 0.0118 454 547 531 583
D40 0.0118 195 653 256 684
D40 0.0118 272 565 350 613
D40 0.0117 123 528 175 564
D40 0.0117 66 547 148 585
D40 0.0117 310 595 359 628
D40 0.0117 153 687 223 718
D40 0.0116 244 637 332 677
D40 0.0116 207 637 243 703
D40 0.0116 125 571 215 613
D40 0.0115 93 445 305 522
D40 0.0115 115 522 178 549
D40 0.0115 56 528 144 563
D40 0.0114 0 687 65 719
D40 0.0114 430 604 537 680
D40 0.0114 0 500 38 544
D40 0.0114 219 454 322 501
D40 0.0114 0 477 35 521
D40 0.0114 89 641 166 697
D40 0.0113 171 675 301 720
D40 0.0113 81 655 171 720
D40 0.0113 332 523 377 572
D40 0.0113 253 633 325 659
D40 0.0113 683 659 720 706
D40 0.0112 69 478 142 516
D40 0.0112 183 498 261 523
D40 0.0111 137 641 217 672
D40 0.0111 214 620 286 648
D40 0.0111 188 472 278 506
D40 0.0111 276 467 341 537
D40 0.0110 409 638 510 701
D40 0.0110 383 598 424 649
D40 0.0110 384 476 431 511
D40 0.0110 112 531 183 578
D40 0.0110 209 576 287 624
D40 0.0110 370 573 420 603
D40 0.0109 349 469 409 538
D40 0.0109 388 546 447 609
D40 0.0109 84 570 166 682
D40 0.0108 48 657 103 706
D40 0.0108 0 519 44 550
D40 0.0108 360 486 396 537
D40 0.0107 378 472 436 546
D40 0.0107 183 524 274 563
D40 0.0107 93 489 160 525
D40 0.0106 51 653 120 682
D40 0.0106 136 498 236 543
D40 0.0106 455 623 492 672
D40 0.0106 62 506 193 666
D40 0.0105 291 613 355 679
D40 0.0104 491 498 564 600
D40 0.0104 312 621 355 668
D40 0.0104 7 451 112 518
D40 0.0104 196 478 279 561
D40 0.0104 209 561 253 621
D40 0.0103 50 560 137 599
D40 0.0103 151 669 202 715
D40 0.0103 94 551 163 579
D40 0.0102 444 529 516 601
D40 0.0102 91 473 142 507
D40 0.0102 93 504 161 539
D40 0.0102 255 602 348 645
D40 0.0102 120 684 212 720
D40 0.0102 378 628 492 688
D40 0.0101 206 615 246 678
D40 0.0101 361 595 483 655
D40 0.0101 544 564 606 595
D40 0.0100 239 621 312 649
D40 0.0100 439 524 472 576
D40 0.0100 402 537 439 591
D40 0.0100 617 509 708 594
D40 0.0100 677 635 720 720
D40 0.0100 1 420 110 575
D40 0.0100 324 519 386 548
D40 0.0100 44 445 196 520
