D00 0.0648 568 490 698 653
D00 0.0566 503 455 706 673
D00 0.0489 479 411 518 460
D00 0.0482 602 510 713 697
D00 0.0470 583 491 654 618
D00 0.0430 534 458 673 609
D00 0.0404 597 510 676 639
D00 0.0382 621 528 697 660
D00 0.0375 459 398 520 469
D00 0.0356 472 401 506 457
D00 0.0347 566 473 633 595
D00 0.0323 487 421 527 467
D00 0.0312 570 513 671 587
D00 0.0273 650 548 715 679
D00 0.0265 547 528 664 650
D00 0.0249 585 556 688 632
D00 0.0241 590 471 712 604
D00 0.0237 584 515 643 577
D00 0.0235 549 494 657 564
D00 0.0231 465 405 512 440
D00 0.0230 0 503 48 605
D00 0.0229 0 496 105 687
D00 0.0228 477 409 537 475
D00 0.0226 31 503 180 703
D00 0.0222 570 563 703 666
D00 0.0213 0 449 250 701
D00 0.0210 0 548 35 626
D00 0.0209 666 584 714 699
D00 0.0208 502 507 663 594
D00 0.0199 0 563 136 714
D00 0.0196 475 437 522 470
D00 0.0193 618 584 705 687
D00 0.0189 453 407 515 517
D00 0.0187 459 394 499 433
D00 0.0183 456 415 508 451
D00 0.0181 0 633 55 720
D00 0.0178 545 492 614 607
D00 0.0178 473 422 509 479
D00 0.0171 534 440 624 580
D00 0.0170 0 478 74 620
D00 0.0170 627 415 720 640
D00 0.0169 2 531 66 655
D00 0.0168 599 525 660 593
D00 0.0168 671 572 710 653
D00 0.0163 430 443 627 619
D00 0.0162 67 636 141 718
D00 0.0161 464 399 541 533
D00 0.0159 574 495 631 557
D00 0.0159 480 422 520 498
D00 0.0159 463 412 499 470
D00 0.0157 442 408 581 553
D00 0.0156 632 522 720 626
D00 0.0151 574 524 631 633
D00 0.0148 72 474 223 679
D00 0.0146 592 528 648 563
D00 0.0145 108 487 170 516
D00 0.0138 597 458 675 581
D00 0.0138 479 418 662 574
D00 0.0136 313 512 476 646
D00 0.0136 637 158 720 341
D00 0.0135 0 662 97 720
D00 0.0135 562 374 720 643
D00 0.0135 16 557 87 682
D00 0.0134 565 469 673 545
D00 0.0132 487 405 529 446
D00 0.0131 99 517 289 688
D00 0.0130 397 576 470 647
D00 0.0129 593 492 708 562
D00 0.0129 490 428 546 461
D00 0.0128 2 578 68 701
D00 0.0127 446 423 529 480
D00 0.0127 338 556 458 663
D00 0.0126 567 431 708 572
D00 0.0125 422 392 549 506
D00 0.0125 570 549 612 627
D00 0.0124 15 604 93 714
D00 0.0122 2 572 45 648
D00 0.0122 445 418 523 573
D00 0.0122 676 598 707 668
D00 0.0121 5 471 135 632
D00 0.0121 443 404 501 462
D00 0.0120 656 191 713 320
D00 0.0116 677 531 720 657
D00 0.0114 494 432 525 492
D00 0.0114 450 388 503 412
D00 0.0114 535 547 627 634
D00 0.0114 444 489 599 673
D00 0.0114 396 407 536 549
D00 0.0113 619 526 668 615
D00 0.0113 520 469 640 546
D00 0.0112 431 408 496 515
D00 0.0111 29 662 137 719
D00 0.0111 360 487 526 629
D00 0.0111 479 419 567 506
D00 0.0110 548 6 720 365
D00 0.0110 585 612 720 704
D00 0.0110 314 434 419 616
D00 0.0110 507 483 607 571
D00 0.0109 565 451 619 558
D00 0.0108 287 519 408 629
D00 0.0108 121 466 360 669
D00 0.0108 85 551 206 715
D00 0.0107 482 416 555 456
D00 0.0106 503 418 536 470
D00 0.0105 310 409 371 436
D00 0.0105 48 592 151 716
D00 0.0105 476 395 518 433
D00 0.0104 409 429 517 617
D00 0.0104 543 571 667 686
D00 0.0102 583 441 653 559
D00 0.0102 410 565 453 642
D00 0.0102 4 666 50 716
D00 0.0102 679 196 720 300
D00 0.0102 473 438 536 563
D00 0.0101 361 432 469 622
D00 0.0101 0 679 69 720
D00 0.0101 438 405 578 480
D00 0.0100 628 580 715 648
D00 0.0100 269 463 403 660
D00 0.0100 381 544 448 650
D00 0.0100 94 626 155 720
D00 0.0100 583 543 645 615
D10 0.0202 443 513 636 590
D10 0.0191 284 522 409 582
D10 0.0181 522 518 646 584
D10 0.0179 265 533 434 613
D10 0.0177 488 535 608 579
D10 0.0167 414 537 616 614
D10 0.0167 547 560 664 628
D10 0.0157 419 525 563 580
D10 0.0155 328 544 460 607
D10 0.0154 520 539 647 608
D10 0.0154 475 486 648 571
D10 0.0152 286 527 510 633
D10 0.0151 256 554 366 605
D10 0.0150 567 581 682 652
D10 0.0150 227 510 389 591
D10 0.0145 354 539 536 619
D10 0.0144 510 544 584 567
D10 0.0143 477 540 574 572
D10 0.0142 308 514 479 594
D10 0.0140 355 506 593 608
D10 0.0138 501 529 595 564
D10 0.0136 398 599 513 648
D10 0.0132 277 542 392 595
D10 0.0130 591 524 664 570
D10 0.0129 373 565 511 633
D10 0.0126 446 499 583 559
D10 0.0124 536 543 604 568
D10 0.0123 588 538 643 572
D10 0.0123 375 524 509 581
D10 0.0118 541 536 625 574
D10 0.0117 332 562 462 633
D10 0.0115 203 531 369 613
D10 0.0114 540 584 649 634
D10 0.0113 590 519 647 551
D10 0.0112 485 564 632 625
D10 0.0108 445 541 540 574
D10 0.0107 15 654 135 712
D10 0.0107 428 566 590 627
D10 0.0106 568 529 627 560
D10 0.0106 538 532 605 559
D10 0.0106 269 549 355 589
D10 0.0105 585 602 696 678
D10 0.0104 411 545 529 592
D10 0.0104 383 474 617 583
D10 0.0104 277 565 343 591
D10 0.0103 410 609 476 638
D10 0.0101 282 524 364 565
D10 0.0100 498 572 672 654
D10 0.0100 246 561 335 598
D20 0.0631 120 482 684 687
D20 0.0498 364 462 720 668
D20 0.0352 441 533 688 670
D20 0.0318 49 542 594 720
D20 0.0269 506 512 699 632
D20 0.0252 532 548 715 674
D20 0.0251 232 436 671 632
D20 0.0244 345 495 634 634
D20 0.0244 445 498 674 603
D20 0.0235 369 550 615 643
D20 0.0225 21 386 657 653
D20 0.0221 0 507 407 697
D20 0.0206 318 565 536 661
D20 0.0205 215 524 570 671
D20 0.0204 334 539 720 720
D20 0.0191 456 449 665 569
D20 0.0176 503 491 720 720
D20 0.0173 257 498 522 634
D20 0.0157 154 540 421 670
D20 0.0155 57 585 328 702
D20 0.0153 0 0 489 353
D20 0.0150 242 540 468 649
D20 0.0150 201 0 720 353
D20 0.0149 440 386 720 629
D20 0.0147 546 0 720 269
D20 0.0146 584 451 720 591
D20 0.0145 374 585 509 650
D20 0.0141 359 517 528 645
D20 0.0140 0 494 217 720
D20 0.0140 546 595 720 706
D20 0.0139 0 142 348 720
D20 0.0134 463 554 653 632
D20 0.0134 629 518 720 720
D20 0.0133 383 583 673 693
D20 0.0132 218 463 457 660
D20 0.0132 375 142 720 720
D20 0.0129 461 0 720 176
D20 0.0129 0 0 176 270
D20 0.0124 0 0 720 521
D20 0.0123 306 454 570 596
D20 0.0121 0 631 139 720
D20 0.0120 249 482 404 617
D20 0.0116 0 174 720 720
D20 0.0113 582 631 720 720
D20 0.0110 26 629 278 720
D20 0.0107 633 0 720 138
D20 0.0106 204 521 360 658
D20 0.0106 462 521 607 621
D20 0.0106 417 425 622 542
D20 0.0105 114 497 364 639
D20 0.0105 0 0 87 132
D20 0.0104 89 434 488 634
D20 0.0103 389 554 483 641
D20 0.0102 416 526 556 626
D20 0.0102 0 0 314 217
D20 0.0101 0 576 89 720
D20 0.0100 0 345 322 650
D40 0.0345 0 409 177 499
D40 0.0325 0 502 99 549
D40 0.0310 0 607 198 714
D40 0.0291 0 520 263 701
D40 0.0286 0 459 178 556
D40 0.0278 9 434 49 480
D40 0.0273 14 508 83 538
D40 0.0269 16 429 147 487
D40 0.0254 5 444 160 516
D40 0.0252 0 497 61 580
D40 0.0245 1 557 32 621
D40 0.0234 0 494 179 609
D40 0.0230 0 429 78 482
D40 0.0226 0 487 134 572
D40 0.0218 31 628 165 701
D40 0.0208 10 477 146 535
D40 0.0204 14 651 148 716
D40 0.0203 5 407 120 474
D40 0.0198 3 509 48 559
D40 0.0196 158 584 251 639
D40 0.0192 1 523 34 590
D40 0.0187 36 585 241 697
D40 0.0185 563 515 649 574
D40 0.0185 588 522 638 569
D40 0.0184 3 502 94 597
D40 0.0178 0 432 290 636
D40 0.0175 80 627 148 708
D40 0.0175 0 559 58 639
D40 0.0172 580 512 628 558
D40 0.0165 8 616 107 709
D40 0.0163 0 560 179 684
D40 0.0157 0 452 108 614
D40 0.0156 0 588 36 634
D40 0.0155 11 449 75 479
D40 0.0154 94 635 138 681
D40 0.0153 55 608 185 677
D40 0.0152 7 515 67 548
D40 0.0144 90 560 286 673
D40 0.0142 48 455 183 510
D40 0.0140 38 386 163 484
D40 0.0139 8 501 72 530
D40 0.0139 0 521 72 619
D40 0.0132 177 596 236 628
D40 0.0132 67 431 169 478
D40 0.0129 22 595 128 690
D40 0.0129 42 517 242 634
D40 0.0128 0 464 76 551
D40 0.0127 54 640 217 719
D40 0.0127 0 586 51 618
D40 0.0127 82 628 153 670
D40 0.0126 186 246 314 397
D40 0.0126 4 403 54 490
D40 0.0125 34 459 266 582
D40 0.0125 0 403 256 540
D40 0.0124 86 645 132 692
D40 0.0124 6 546 93 641
D40 0.0121 94 616 192 703
D40 0.0121 0 597 54 628
D40 0.0120 570 582 678 639
D40 0.0119 0 561 35 594
D40 0.0116 548 495 640 555
D40 0.0114 0 358 460 651
D40 0.0114 16 424 57 471
D40 0.0113 0 368 110 495
D40 0.0112 185 580 230 624
D40 0.0112 57 424 212 495
D40 0.0112 24 515 95 546
D40 0.0110 0 452 96 508
D40 0.0109 37 438 228 526
D40 0.0108 136 596 241 651
D40 0.0108 37 190 383 404
D40 0.0107 26 516 169 581
D40 0.0106 16 406 88 501
D40 0.0106 102 607 227 675
D40 0.0104 607 568 690 649
D40 0.0104 24 507 134 557
D40 0.0103 660 440 718 470
D40 0.0103 0 415 109 548
D40 0.0102 0 572 48 608
D40 0.0102 84 585 208 654
D40 0.0102 203 265 279 386
D40 0.0102 539 573 649 628
D40 0.0100 0 526 39 562
D40 0.0100 0 551 35 583
D40 0.0100 4 452 49 490
