D00 0.0485 535 414 610 570
D00 0.0419 520 442 584 566
D00 0.0399 555 430 634 581
D00 0.0395 449 430 597 569
D00 0.0379 554 437 604 543
D00 0.0331 267 503 306 587
D00 0.0327 622 488 671 595
D00 0.0321 494 444 565 563
D00 0.0311 500 443 644 590
D00 0.0310 576 447 660 599
D00 0.0288 4 479 122 601
D00 0.0282 273 471 320 579
D00 0.0279 617 452 702 603
D00 0.0274 262 430 342 581
D00 0.0272 498 407 599 539
D00 0.0269 285 447 331 551
D00 0.0259 605 451 673 575
D00 0.0255 542 464 595 568
D00 0.0253 6 485 245 700
D00 0.0253 285 411 364 569
D00 0.0249 564 410 624 534
D00 0.0247 564 462 613 571
D00 0.0246 301 446 337 531
D00 0.0244 0 441 90 579
D00 0.0243 457 479 558 565
D00 0.0242 241 448 321 593
D00 0.0239 543 419 592 523
D00 0.0239 282 501 311 570
D00 0.0238 373 359 401 415
D00 0.0232 318 383 365 478
D00 0.0231 246 560 362 675
D00 0.0230 295 466 323 535
D00 0.0227 29 458 185 659
D00 0.0226 564 455 595 527
D00 0.0226 424 475 588 591
D00 0.0225 307 408 356 500
D00 0.0221 577 386 606 439
D00 0.0221 537 455 578 545
D00 0.0220 261 525 293 587
D00 0.0219 586 411 690 585
D00 0.0218 312 437 349 515
D00 0.0217 468 430 546 552
D00 0.0217 327 412 357 474
D00 0.0210 631 509 661 581
D00 0.0209 580 446 618 535
D00 0.0209 290 465 355 584
D00 0.0208 374 378 400 437
D00 0.0208 294 489 321 558
D00 0.0207 307 392 384 546
D00 0.0207 565 478 630 602
D00 0.0206 265 539 384 651
D00 0.0203 508 464 594 601
D00 0.0203 385 369 410 424
D00 0.0202 259 497 345 642
D00 0.0202 227 452 359 654
D00 0.0202 574 465 605 536
D00 0.0202 339 390 367 454
D00 0.0200 177 427 318 626
D00 0.0200 328 392 358 454
D00 0.0199 317 427 348 484
D00 0.0199 489 492 607 563
D00 0.0198 362 369 391 427
D00 0.0195 468 380 508 419
D00 0.0195 596 483 684 634
D00 0.0194 283 479 313 546
D00 0.0193 99 503 135 583
D00 0.0193 423 411 548 535
D00 0.0192 553 455 585 527
D00 0.0192 0 500 53 611
D00 0.0192 570 428 608 515
D00 0.0190 327 436 356 494
D00 0.0190 0 613 193 715
D00 0.0189 333 401 370 480
D00 0.0189 305 607 338 664
D00 0.0188 458 600 498 643
D00 0.0187 297 580 350 671
D00 0.0186 617 479 657 568
D00 0.0186 326 412 409 565
D00 0.0186 34 533 180 720
D00 0.0185 0 554 116 720
D00 0.0184 312 445 379 568
D00 0.0184 0 463 55 563
D00 0.0183 64 437 229 624
D00 0.0181 252 517 303 605
D00 0.0181 448 517 554 569
D00 0.0179 274 439 340 519
D00 0.0178 520 393 584 508
D00 0.0177 560 418 598 500
D00 0.0177 375 447 423 551
D00 0.0177 201 582 326 694
D00 0.0176 317 403 349 464
D00 0.0176 269 536 301 593
D00 0.0176 445 447 525 560
D00 0.0175 286 376 367 511
D00 0.0175 350 380 379 440
D00 0.0175 202 489 320 602
D00 0.0173 575 402 656 547
D00 0.0172 35 401 182 589
D00 0.0172 118 459 277 657
D00 0.0172 305 476 332 546
D00 0.0171 24 652 160 714
D00 0.0171 485 417 574 514
D00 0.0170 635 480 676 568
D00 0.0170 386 389 410 450
D00 0.0170 362 389 390 451
D00 0.0170 272 493 303 559
D00 0.0169 189 525 341 669
D00 0.0169 641 490 693 594
D00 0.0169 384 350 411 405
D00 0.0169 526 466 567 556
D00 0.0168 519 467 623 548
D00 0.0167 394 418 485 559
D00 0.0167 606 432 711 548
D00 0.0167 582 391 618 435
D00 0.0165 227 466 295 582
D00 0.0164 362 352 392 405
D00 0.0164 350 399 378 464
D00 0.0164 524 486 675 630
D00 0.0163 650 466 715 590
D00 0.0163 306 438 337 496
D00 0.0163 466 503 633 583
D00 0.0163 267 582 339 688
D00 0.0161 491 501 551 564
D00 0.0160 535 417 578 496
D00 0.0159 329 364 376 457
D00 0.0158 382 435 416 518
D00 0.0158 631 416 662 472
D00 0.0158 386 426 433 527
D00 0.0157 552 427 584 488
D00 0.0156 531 497 617 588
D00 0.0156 375 399 400 463
D00 0.0156 251 477 304 576
D00 0.0156 397 370 421 423
D00 0.0155 586 448 635 552
D00 0.0155 560 391 599 433
D00 0.0155 208 417 308 558
D00 0.0155 587 503 653 624
D00 0.0154 261 451 315 547
D00 0.0154 231 398 330 535
D00 0.0154 323 446 359 528
D00 0.0154 294 448 326 511
D00 0.0153 316 465 344 533
D00 0.0153 6 84 98 280
D00 0.0153 409 361 434 411
D00 0.0153 668 502 716 601
D00 0.0152 563 485 595 556
D00 0.0152 100 559 301 710
D00 0.0152 351 395 430 549
D00 0.0152 246 539 317 655
D00 0.0152 338 436 366 494
D00 0.0151 224 606 341 677
D00 0.0150 397 390 422 450
D00 0.0150 528 403 582 460
D00 0.0150 287 515 358 624
D00 0.0149 440 428 495 524
D00 0.0149 533 397 609 485
D00 0.0149 257 418 347 503
D00 0.0148 340 380 386 478
D00 0.0147 479 530 543 562
D00 0.0147 419 362 446 410
D00 0.0147 548 476 688 579
D00 0.0145 484 375 514 425
D00 0.0145 339 371 369 429
D00 0.0144 524 437 567 522
D00 0.0144 281 396 355 468
D00 0.0143 362 472 416 567
D00 0.0143 263 606 379 673
D00 0.0142 161 582 280 695
D00 0.0141 524 400 569 442
D00 0.0141 363 411 389 474
D00 0.0141 386 411 411 475
D00 0.0141 327 417 375 508
D00 0.0140 512 478 555 563
D00 0.0140 377 403 421 503
D00 0.0140 0 510 133 667
D00 0.0140 301 435 343 475
D00 0.0139 49 465 145 599
D00 0.0139 15 504 92 617
D00 0.0139 310 603 352 649
D00 0.0138 283 458 315 523
D00 0.0138 446 395 567 505
D00 0.0138 617 519 657 605
D00 0.0138 350 361 381 416
D00 0.0137 459 375 510 404
D00 0.0137 464 515 592 613
D00 0.0137 82 485 132 590
D00 0.0136 385 466 413 535
D00 0.0135 500 405 574 480
D00 0.0135 370 447 407 530
D00 0.0135 409 392 434 450
D00 0.0135 623 470 693 559
D00 0.0135 397 412 422 475
D00 0.0134 396 350 423 404
D00 0.0134 586 475 614 546
D00 0.0134 350 424 378 484
D00 0.0134 546 422 586 464
D00 0.0134 255 644 297 690
D00 0.0134 615 513 705 654
D00 0.0134 541 446 574 515
D00 0.0133 552 485 585 556
D00 0.0133 353 352 399 440
D00 0.0133 309 490 381 596
D00 0.0133 419 418 472 514
D00 0.0132 227 515 295 627
D00 0.0132 93 513 122 579
D00 0.0131 85 466 157 578
D00 0.0131 63 549 230 692
D00 0.0131 440 597 498 628
D00 0.0131 515 378 686 612
D00 0.0131 286 597 341 659
D00 0.0131 630 519 681 591
D00 0.0131 308 565 381 666
D00 0.0129 543 391 642 503
D00 0.0129 299 491 336 573
D00 0.0129 345 506 427 572
D00 0.0128 32 506 164 613
D00 0.0128 375 423 401 485
D00 0.0128 631 479 661 549
D00 0.0128 297 619 345 655
D00 0.0128 259 549 292 603
D00 0.0128 605 415 673 522
D00 0.0128 339 455 367 519
D00 0.0127 396 434 423 499
D00 0.0127 565 468 669 545
D00 0.0127 117 545 324 652
D00 0.0127 415 379 451 416
D00 0.0127 388 393 432 492
D00 0.0126 544 399 588 443
D00 0.0126 442 419 516 495
D00 0.0126 398 405 444 503
D00 0.0126 467 540 539 568
D00 0.0125 316 384 349 440
D00 0.0125 527 438 663 534
D00 0.0125 365 390 409 490
D00 0.0124 664 450 718 553
D00 0.0124 632 435 662 490
D00 0.0124 278 430 341 481
D00 0.0124 339 473 393 571
D00 0.0123 240 539 295 595
D00 0.0123 579 449 716 653
D00 0.0123 624 425 672 480
D00 0.0123 617 421 657 466
D00 0.0123 525 421 570 465
D00 0.0123 526 396 583 427
D00 0.0123 395 447 447 548
D00 0.0122 589 499 720 598
D00 0.0122 306 369 358 456
D00 0.0122 382 470 435 564
D00 0.0121 311 480 348 564
D00 0.0121 327 373 358 429
D00 0.0120 689 504 718 565
D00 0.0120 430 436 485 499
D00 0.0120 465 593 508 634
D00 0.0120 325 514 387 571
D00 0.0119 291 623 331 668
D00 0.0119 470 394 528 425
D00 0.0119 373 341 401 394
D00 0.0119 585 436 615 502
D00 0.0119 448 588 511 650
D00 0.0119 408 413 434 475
D00 0.0119 150 606 339 708
D00 0.0119 542 486 573 556
D00 0.0118 351 448 403 550
D00 0.0118 221 563 298 677
D00 0.0118 572 405 608 482
D00 0.0118 419 383 446 434
D00 0.0118 660 493 702 574
D00 0.0118 282 581 401 682
D00 0.0118 183 629 303 697
D00 0.0118 605 468 644 555
D00 0.0118 424 467 502 568
D00 0.0118 445 547 568 639
D00 0.0117 0 640 73 720
D00 0.0117 376 370 418 467
D00 0.0117 335 481 372 564
D00 0.0116 512 448 556 530
D00 0.0116 246 505 288 585
D00 0.0116 680 485 720 578
D00 0.0115 640 451 701 480
D00 0.0115 422 409 496 482
D00 0.0114 421 520 553 609
D00 0.0114 506 395 565 426
D00 0.0114 351 416 400 510
D00 0.0114 489 380 530 421
D00 0.0114 410 447 484 528
D00 0.0113 155 533 323 609
D00 0.0113 652 440 720 511
D00 0.0113 402 436 439 518
D00 0.0113 314 585 371 643
D00 0.0113 395 456 423 523
D00 0.0112 519 416 574 448
D00 0.0112 564 402 595 459
D00 0.0112 565 534 679 642
D00 0.0112 597 457 626 525
D00 0.0112 636 444 679 484
D00 0.0112 384 491 414 553
D00 0.0112 628 415 696 517
D00 0.0112 241 628 357 693
D00 0.0111 257 629 313 685
D00 0.0111 350 446 378 506
D00 0.0111 418 404 446 462
D00 0.0111 565 404 614 438
D00 0.0110 339 428 388 521
D00 0.0110 605 499 648 585
D00 0.0110 566 513 673 585
D00 0.0110 195 500 288 640
D00 0.0110 403 378 437 416
D00 0.0110 288 445 332 487
D00 0.0110 269 619 327 675
D00 0.0110 317 531 413 651
D00 0.0109 510 380 581 444
D00 0.0109 424 369 465 405
D00 0.0109 461 430 518 524
D00 0.0109 184 396 288 530
D00 0.0109 409 397 457 490
D00 0.0109 529 497 584 564
D00 0.0109 285 512 326 588
D00 0.0109 554 496 604 566
D00 0.0109 17 587 91 705
D00 0.0109 46 632 183 701
D00 0.0109 566 375 611 431
D00 0.0109 449 447 507 510
D00 0.0108 288 568 359 641
D00 0.0108 362 435 390 495
D00 0.0108 448 384 507 431
D00 0.0108 538 416 590 447
D00 0.0108 355 496 399 568
D00 0.0108 33 457 98 555
D00 0.0108 324 593 403 634
D00 0.0107 529 440 581 469
D00 0.0107 580 484 619 573
D00 0.0107 514 417 558 493
D00 0.0107 199 451 276 561
D00 0.0107 346 456 383 542
D00 0.0107 543 379 608 444
D00 0.0107 2 480 35 548
D00 0.0107 413 425 452 506
D00 0.0106 556 523 643 612
D00 0.0106 584 450 691 514
D00 0.0106 492 515 568 580
D00 0.0106 0 440 70 525
D00 0.0106 104 532 131 591
D00 0.0105 464 369 531 429
D00 0.0105 428 570 544 660
D00 0.0105 373 492 404 554
D00 0.0105 324 494 362 571
D00 0.0105 238 415 336 474
D00 0.0105 81 525 153 595
D00 0.0105 32 614 113 714
D00 0.0104 490 529 659 609
D00 0.0104 37 658 105 718
D00 0.0104 202 381 311 499
D00 0.0104 364 335 407 420
D00 0.0103 112 512 143 575
D00 0.0103 306 585 339 647
D00 0.0103 628 449 667 533
D00 0.0103 495 437 554 498
D00 0.0102 634 450 706 529
D00 0.0102 300 411 344 456
D00 0.0102 376 380 453 523
D00 0.0102 555 385 602 473
D00 0.0102 418 387 504 523
D00 0.0101 328 477 356 545
D00 0.0101 230 375 297 424
D00 0.0101 463 407 539 481
D00 0.0101 330 357 404 490
D00 0.0101 70 392 100 452
D00 0.0101 54 610 269 710
D00 0.0101 661 520 701 607
D00 0.0101 471 601 503 656
D00 0.0101 427 375 459 420
D00 0.0100 55 467 114 574
D00 0.0100 272 470 304 533
D00 0.0100 262 494 294 557
D00 0.0100 509 521 554 565
D00 0.0100 232 434 320 503
D00 0.0100 183 610 235 702
D00 0.0100 25 121 84 258
D00 0.0100 349 504 381 564
D10 0.0289 251 437 342 472
D10 0.0279 226 422 347 468
D10 0.0237 290 441 347 468
D10 0.0236 259 431 336 459
D10 0.0217 278 542 414 599
D10 0.0196 190 420 351 499
D10 0.0196 394 508 573 577
D10 0.0184 315 451 368 481
D10 0.0181 355 520 524 573
D10 0.0177 315 441 366 470
D10 0.0171 292 450 346 480
D10 0.0167 266 430 362 481
D10 0.0160 228 415 326 452
D10 0.0156 265 451 329 479
D10 0.0152 330 545 495 598
D10 0.0150 334 452 394 481
D10 0.0148 238 441 316 468
D10 0.0147 243 441 345 494
D10 0.0147 5 537 121 599
D10 0.0145 279 425 354 466
D10 0.0143 325 462 382 492
D10 0.0137 215 449 335 514
D10 0.0137 320 540 428 587
D10 0.0135 225 542 345 599
D10 0.0134 229 430 305 456
D10 0.0133 273 554 340 582
D10 0.0131 215 432 325 481
D10 0.0128 264 561 351 596
D10 0.0124 367 536 553 602
D10 0.0121 245 497 304 525
D10 0.0121 306 461 356 493
D10 0.0121 335 441 392 470
D10 0.0120 440 543 574 598
D10 0.0120 259 419 336 449
D10 0.0119 324 520 390 550
D10 0.0119 336 514 422 556
D10 0.0118 206 486 316 540
D10 0.0118 300 548 389 584
D10 0.0117 316 428 364 461
D10 0.0114 313 534 403 575
D10 0.0112 330 553 401 579
D10 0.0111 301 519 365 550
D10 0.0111 102 532 287 606
D10 0.0111 262 506 310 536
D10 0.0111 288 429 401 488
D10 0.0110 270 540 322 575
D10 0.0109 320 562 409 595
D10 0.0109 290 417 347 450
D10 0.0109 484 542 619 600
D10 0.0109 267 449 379 514
D10 0.0108 346 462 406 491
D10 0.0107 0 562 98 612
D10 0.0106 282 518 335 550
D10 0.0106 273 396 343 424
D10 0.0105 537 7 720 95
D10 0.0104 274 386 342 413
D10 0.0104 232 508 295 536
D10 0.0104 324 529 391 562
D10 0.0104 313 509 375 538
D10 0.0103 239 553 295 584
D10 0.0102 283 507 333 537
D10 0.0102 289 406 349 435
D10 0.0101 426 530 543 573
D10 0.0100 299 567 366 593
D10 0.0100 4 548 156 626
D20 0.1355 214 433 643 604
D20 0.1170 111 467 663 680
D20 0.0720 325 451 568 563
D20 0.0716 1 411 525 633
D20 0.0624 170 481 528 634
D20 0.0621 259 473 493 579
D20 0.0616 320 476 666 624
D20 0.0584 115 442 467 604
D20 0.0550 0 467 203 584
D20 0.0478 246 416 523 557
D20 0.0475 412 440 615 595
D20 0.0473 52 535 586 720
D20 0.0469 48 474 292 574
D20 0.0446 212 521 566 669
D20 0.0432 29 477 366 643
D20 0.0379 253 432 399 581
D20 0.0377 230 495 441 599
D20 0.0356 73 405 395 566
D20 0.0341 67 521 413 682
D20 0.0339 394 483 573 566
D20 0.0336 308 446 433 567
D20 0.0330 312 497 562 583
D20 0.0322 123 452 331 563
D20 0.0313 200 473 384 639
D20 0.0309 376 516 696 671
D20 0.0305 162 374 364 465
D20 0.0293 319 496 468 561
D20 0.0286 203 433 348 581
D20 0.0282 465 452 695 590
D20 0.0278 399 428 530 552
D20 0.0268 251 525 400 662
D20 0.0256 429 401 580 555
D20 0.0252 156 409 349 517
D20 0.0251 356 428 480 551
D20 0.0250 219 354 708 663
D20 0.0247 295 519 442 577
D20 0.0242 284 495 415 565
D20 0.0242 175 565 507 705
D20 0.0240 342 415 555 531
D20 0.0239 11 565 327 718
D20 0.0238 59 408 380 713
D20 0.0238 430 382 505 416
D20 0.0238 432 431 719 658
D20 0.0238 274 523 507 610
D20 0.0237 264 548 473 640
D20 0.0230 152 494 361 601
D20 0.0228 201 386 342 448
D20 0.0224 331 414 639 713
D20 0.0223 274 394 414 546
D20 0.0223 370 470 516 547
D20 0.0223 278 479 365 576
D20 0.0221 266 502 328 585
D20 0.0218 178 366 587 554
D20 0.0215 246 382 357 556
D20 0.0212 190 562 376 678
D20 0.0211 0 484 136 629
D20 0.0205 111 586 379 701
D20 0.0198 437 375 496 403
D20 0.0197 288 566 646 706
D20 0.0196 0 458 232 713
D20 0.0196 268 577 421 659
D20 0.0190 566 467 720 594
D20 0.0188 264 516 385 574
D20 0.0188 327 459 453 614
D20 0.0187 253 526 319 598
D20 0.0187 423 365 507 409
D20 0.0186 304 487 429 642
D20 0.0185 181 385 402 669
D20 0.0183 210 391 412 494
D20 0.0180 0 0 489 353
D20 0.0179 298 475 392 607
D20 0.0178 290 575 525 653
D20 0.0177 498 490 720 720
D20 0.0176 201 0 720 353
D20 0.0173 0 277 488 712
D20 0.0172 281 433 477 652
D20 0.0172 231 531 386 608
D20 0.0169 226 459 378 556
D20 0.0164 392 454 550 627
D20 0.0163 375 142 720 720
D20 0.0162 126 371 437 514
D20 0.0162 316 507 400 575
D20 0.0161 247 595 394 680
D20 0.0160 309 428 374 501
D20 0.0159 96 415 298 645
D20 0.0158 21 18 720 530
D20 0.0157 186 363 351 434
D20 0.0156 74 487 215 589
D20 0.0155 265 370 375 473
D20 0.0155 291 386 394 500
D20 0.0155 302 379 553 626
D20 0.0154 105 520 324 622
D20 0.0153 5 328 287 682
D20 0.0153 299 446 363 530
D20 0.0152 336 409 448 531
D20 0.0151 0 0 268 177
D20 0.0148 324 437 410 535
D20 0.0148 6 514 237 611
D20 0.0146 225 518 341 582
D20 0.0145 420 386 479 412
D20 0.0145 229 377 339 422
D20 0.0144 249 387 363 436
D20 0.0144 245 463 425 691
D20 0.0143 523 508 716 625
D20 0.0143 357 466 426 574
D20 0.0143 171 402 302 567
D20 0.0143 442 546 664 639
D20 0.0141 447 0 720 176
D20 0.0141 547 0 720 264
D20 0.0140 253 540 365 592
D20 0.0139 235 409 355 459
D20 0.0139 396 380 589 466
D20 0.0138 419 585 683 699
D20 0.0137 529 433 712 554
D20 0.0137 391 451 489 576
D20 0.0137 143 544 342 653
D20 0.0136 296 449 395 505
D20 0.0134 430 361 487 390
D20 0.0133 378 448 509 524
D20 0.0133 415 571 616 660
D20 0.0133 36 448 159 609
D20 0.0132 291 395 510 500
D20 0.0132 425 396 546 504
D20 0.0132 449 377 549 424
D20 0.0132 310 589 464 644
D20 0.0131 417 387 513 430
D20 0.0130 281 387 356 459
D20 0.0128 346 555 568 634
D20 0.0128 358 340 647 581
D20 0.0126 79 410 206 572
D20 0.0125 210 553 360 638
D20 0.0125 196 493 316 563
D20 0.0123 379 466 449 572
D20 0.0119 466 0 720 362
D20 0.0119 0 632 137 720
D20 0.0118 428 395 493 422
D20 0.0116 324 466 524 684
D20 0.0116 0 0 349 720
D20 0.0115 263 383 351 417
D20 0.0114 378 523 587 608
D20 0.0114 31 630 286 720
D20 0.0113 588 543 720 674
D20 0.0112 129 402 257 567
D20 0.0112 180 458 301 623
D20 0.0112 311 440 424 492
D20 0.0112 292 503 346 566
D20 0.0112 344 361 406 432
D20 0.0112 362 383 410 414
D20 0.0112 0 449 89 593
D20 0.0111 307 469 380 553
D20 0.0111 217 541 313 595
D20 0.0110 409 505 521 576
D20 0.0109 330 471 406 553
D20 0.0109 420 352 501 395
D20 0.0108 328 416 400 490
D20 0.0108 295 415 387 474
D20 0.0108 510 387 599 439
D20 0.0107 629 432 720 480
D20 0.0106 362 372 409 404
D20 0.0106 0 0 87 138
D20 0.0106 280 369 357 432
D20 0.0105 488 567 706 657
D20 0.0105 0 452 112 720
D20 0.0105 0 576 88 720
D20 0.0104 365 403 525 478
D20 0.0104 221 451 325 508
D20 0.0104 443 388 569 443
D20 0.0104 313 461 427 517
D20 0.0104 375 583 547 648
D20 0.0104 276 608 362 664
D20 0.0104 269 373 473 473
D20 0.0104 485 488 640 673
D20 0.0103 0 0 127 194
D20 0.0102 317 383 413 438
D20 0.0101 259 449 352 510
D20 0.0101 361 393 472 503
D20 0.0100 0 304 404 543
D40 0.1025 49 467 114 512
D40 0.0906 6 452 173 571
D40 0.0762 23 454 142 518
D40 0.0670 12 459 110 557
D40 0.0661 165 386 257 434
D40 0.0641 33 469 161 543
D40 0.0633 16 444 327 602
D40 0.0567 176 395 241 426
D40 0.0551 33 446 202 527
D40 0.0527 164 401 234 441
D40 0.0518 134 379 305 448
D40 0.0430 50 464 236 553
D40 0.0422 14 490 257 624
D40 0.0421 60 464 121 497
D40 0.0414 24 428 179 503
D40 0.0414 38 417 289 549
D40 0.0397 22 486 139 570
D40 0.0386 139 389 338 483
D40 0.0348 162 381 239 419
D40 0.0339 93 484 287 567
D40 0.0313 12 410 156 539
D40 0.0309 184 386 253 416
D40 0.0303 112 398 282 470
D40 0.0297 164 405 311 463
D40 0.0293 3 651 121 716
D40 0.0292 49 491 189 565
D40 0.0290 113 409 322 515
D40 0.0283 27 475 106 523
D40 0.0279 0 513 288 694
D40 0.0275 119 359 278 433
D40 0.0271 115 475 268 542
D40 0.0271 100 445 283 528
D40 0.0267 36 466 103 496
D40 0.0263 57 442 135 547
D40 0.0260 111 385 237 443
D40 0.0256 167 416 226 446
D40 0.0255 51 443 144 499
D40 0.0253 0 613 157 718
D40 0.0252 9 496 106 593
D40 0.0251 58 477 140 519
D40 0.0247 165 390 212 429
D40 0.0243 10 432 123 494
D40 0.0241 64 473 132 504
D40 0.0235 75 432 213 489
D40 0.0233 0 444 90 534
D40 0.0230 183 378 291 426
D40 0.0230 264 544 305 589
D40 0.0229 0 449 201 663
D40 0.0228 282 559 451 633
D40 0.0227 279 533 455 605
D40 0.0227 137 405 234 455
D40 0.0221 147 462 313 552
D40 0.0218 181 405 251 436
D40 0.0211 6 587 247 712
D40 0.0208 256 564 315 592
D40 0.0206 53 476 112 538
D40 0.0200 166 363 336 434
D40 0.0199 51 505 242 584
D40 0.0191 164 495 273 548
D40 0.0190 58 453 113 484
D40 0.0184 49 391 254 486
D40 0.0183 84 409 212 466
D40 0.0183 31 514 166 583
D40 0.0183 168 429 307 490
D40 0.0183 85 437 169 475
D40 0.0182 71 456 111 508
D40 0.0180 277 552 370 638
D40 0.0179 82 453 158 564
D40 0.0175 150 364 226 430
D40 0.0174 0 368 230 606
D40 0.0171 282 587 405 651
D40 0.0171 38 422 113 524
D40 0.0169 240 551 335 601
D40 0.0168 146 408 211 435
D40 0.0168 207 385 318 434
D40 0.0168 0 354 354 542
D40 0.0168 55 493 111 524
D40 0.0168 155 490 244 534
D40 0.0167 168 452 302 517
D40 0.0166 145 396 209 422
D40 0.0163 185 386 226 434
D40 0.0162 23 657 102 704
D40 0.0160 257 528 346 611
D40 0.0158 183 394 295 444
D40 0.0156 120 494 234 550
D40 0.0155 345 582 451 623
D40 0.0155 71 452 138 483
D40 0.0154 225 398 334 476
D40 0.0154 330 516 441 568
D40 0.0154 180 373 262 411
D40 0.0153 144 384 205 413
D40 0.0153 168 380 229 455
D40 0.0152 142 418 242 501
D40 0.0150 45 465 87 519
D40 0.0150 447 394 507 423
D40 0.0148 435 351 493 378
D40 0.0146 436 589 501 617
D40 0.0144 202 390 256 429
D40 0.0144 27 402 180 479
D40 0.0143 123 382 179 414
D40 0.0143 436 361 494 389
D40 0.0143 113 517 272 576
D40 0.0140 96 432 162 460
D40 0.0140 16 613 92 715
D40 0.0137 229 382 318 417
D40 0.0135 171 359 250 425
D40 0.0134 120 394 182 421
D40 0.0134 274 531 314 580
D40 0.0133 144 418 210 447
D40 0.0133 421 582 514 625
D40 0.0132 309 612 350 657
D40 0.0131 78 428 207 581
D40 0.0130 337 565 531 628
D40 0.0129 65 422 173 470
D40 0.0129 188 481 289 569
D40 0.0129 73 442 140 468
D40 0.0129 174 411 260 449
D40 0.0129 167 465 253 538
D40 0.0129 215 386 287 415
D40 0.0129 92 450 160 482
D40 0.0127 141 363 180 412
D40 0.0126 362 589 432 618
D40 0.0126 346 594 426 630
D40 0.0126 237 564 294 593
D40 0.0125 199 508 263 539
D40 0.0124 353 506 465 559
D40 0.0123 85 416 157 519
D40 0.0123 0 487 53 558
D40 0.0122 104 373 191 452
D40 0.0121 312 581 415 630
D40 0.0121 74 481 133 540
D40 0.0119 41 640 148 718
D40 0.0118 72 496 134 523
D40 0.0117 167 375 228 406
D40 0.0117 414 588 480 615
D40 0.0117 61 389 180 552
D40 0.0116 77 462 148 493
D40 0.0116 546 553 696 635
D40 0.0115 191 373 275 458
D40 0.0115 110 370 213 420
D40 0.0114 26 360 203 521
D40 0.0114 152 364 278 513
D40 0.0113 262 556 374 603
D40 0.0113 107 435 180 544
D40 0.0113 107 426 193 464
D40 0.0112 376 511 420 555
D40 0.0111 220 401 310 441
D40 0.0110 447 559 616 632
D40 0.0109 188 472 296 530
D40 0.0108 634 446 709 484
D40 0.0108 285 568 381 617
D40 0.0107 568 578 711 653
D40 0.0107 226 395 300 424
D40 0.0106 7 469 90 511
D40 0.0106 82 352 224 470
D40 0.0106 470 569 575 613
D40 0.0105 302 577 364 605
D40 0.0105 143 483 209 541
D40 0.0105 173 386 251 483
D40 0.0105 226 563 344 626
D40 0.0105 127 346 192 418
D40 0.0105 143 356 235 467
D40 0.0104 30 527 213 601
D40 0.0104 359 532 468 602
D40 0.0104 396 572 503 613
D40 0.0104 639 440 699 472
D40 0.0104 177 403 216 453
D40 0.0103 77 453 127 519
D40 0.0103 88 487 200 542
D40 0.0103 75 431 138 457
D40 0.0103 289 606 371 661
D40 0.0102 211 442 322 496
D40 0.0102 386 588 454 615
D40 0.0102 451 471 552 530
D40 0.0102 353 528 420 561
D40 0.0102 163 366 205 411
D40 0.0102 115 440 181 470
D40 0.0102 246 574 304 603
D40 0.0102 616 548 703 637
D40 0.0101 69 474 182 528
D40 0.0101 199 492 283 533
D40 0.0101 313 586 374 615
D40 0.0101 112 401 193 437
D40 0.0100 100 505 211 563
D40 0.0100 110 415 194 452
D40 0.0100 424 579 492 606
D40 0.0100 0 673 91 720
D40 0.0100 330 517 404 615
D40 0.0100 131 453 205 560
