D00 0.0341 498 541 636 701
D00 0.0316 562 540 670 720
D00 0.0314 411 545 554 693
D00 0.0290 252 690 315 720
D00 0.0282 450 530 599 677
D00 0.0255 606 541 716 720
D00 0.0253 564 571 628 704
D00 0.0241 542 593 652 714
D00 0.0235 521 530 569 614
D00 0.0231 540 555 608 687
D00 0.0229 582 596 696 717
D00 0.0224 530 547 560 609
D00 0.0224 577 613 626 720
D00 0.0224 362 567 520 700
D00 0.0220 448 577 516 695
D00 0.0220 483 503 708 710
D00 0.0211 29 686 89 716
D00 0.0208 588 591 636 703
D00 0.0204 423 600 542 703
D00 0.0199 505 551 594 641
D00 0.0198 468 557 539 682
D00 0.0197 428 581 676 709
D00 0.0194 427 560 496 681
D00 0.0193 427 553 581 635
D00 0.0188 212 684 321 720
D00 0.0188 3 600 112 713
D00 0.0187 520 535 550 606
D00 0.0185 498 516 547 617
D00 0.0185 491 557 563 682
D00 0.0182 401 631 525 695
D00 0.0182 681 565 720 678
D00 0.0180 40 670 84 713
D00 0.0179 394 514 635 704
D00 0.0178 3 682 79 720
D00 0.0177 140 603 184 644
D00 0.0170 648 514 720 684
D00 0.0170 484 515 569 650
D00 0.0169 527 562 582 617
D00 0.0169 516 573 588 697
D00 0.0167 497 524 526 593
D00 0.0167 685 548 720 632
D00 0.0166 382 544 503 656
D00 0.0165 248 664 320 720
D00 0.0163 459 533 548 620
D00 0.0163 519 513 668 660
D00 0.0163 132 672 219 712
D00 0.0162 628 574 698 707
D00 0.0160 561 652 679 714
D00 0.0159 261 686 350 720
D00 0.0158 264 674 308 716
D00 0.0155 438 514 526 650
D00 0.0155 213 654 396 719
D00 0.0154 508 526 537 596
D00 0.0154 459 615 535 695
D00 0.0154 485 595 612 707
D00 0.0153 595 617 652 720
D00 0.0152 426 580 539 656
D00 0.0152 329 623 510 701
D00 0.0151 608 641 686 720
D00 0.0151 4 577 69 703
D00 0.0149 449 626 506 689
D00 0.0149 2 640 73 720
D00 0.0149 549 549 634 647
D00 0.0149 395 593 490 687
D00 0.0148 466 579 583 656
D00 0.0148 668 335 711 433
D00 0.0146 418 557 492 622
D00 0.0145 690 577 717 646
D00 0.0144 515 578 622 654
D00 0.0143 223 567 281 614
D00 0.0142 151 591 194 634
D00 0.0141 523 626 719 720
D00 0.0140 489 542 604 608
D00 0.0140 118 614 168 654
D00 0.0139 152 686 220 717
D00 0.0139 12 665 103 716
D00 0.0138 468 592 509 683
D00 0.0137 583 466 716 689
D00 0.0137 572 566 658 673
D00 0.0135 458 629 591 696
D00 0.0135 44 654 100 709
D00 0.0134 604 555 677 694
D00 0.0134 449 556 504 651
D00 0.0134 508 561 565 613
D00 0.0133 230 698 304 720
D00 0.0133 536 573 595 630
D00 0.0132 526 533 613 625
D00 0.0132 145 649 225 716
D00 0.0131 161 677 230 708
D00 0.0131 237 574 268 623
D00 0.0130 457 581 499 668
D00 0.0130 14 670 63 714
D00 0.0130 519 563 572 656
D00 0.0129 512 628 631 699
D00 0.0129 476 514 525 614
D00 0.0127 587 645 616 714
D00 0.0127 52 666 115 695
D00 0.0127 222 596 388 718
D00 0.0125 39 682 124 720
D00 0.0125 652 598 717 716
D00 0.0125 628 682 713 720
D00 0.0124 432 569 475 608
D00 0.0124 49 675 114 709
D00 0.0124 486 524 516 591
D00 0.0123 418 521 470 609
D00 0.0123 230 565 277 654
D00 0.0123 668 521 720 618
D00 0.0121 372 656 512 710
D00 0.0120 689 536 717 602
D00 0.0119 487 539 537 634
D00 0.0119 690 478 718 545
D00 0.0119 690 599 717 671
D00 0.0119 495 593 548 697
D00 0.0119 450 484 557 635
D00 0.0117 142 677 254 720
D00 0.0116 686 612 720 701
D00 0.0116 99 631 164 660
D00 0.0115 475 497 617 630
D00 0.0114 463 542 515 638
D00 0.0114 279 680 312 720
D00 0.0113 329 584 465 692
D00 0.0113 417 561 471 659
D00 0.0113 464 644 510 691
D00 0.0113 677 352 705 419
D00 0.0113 681 457 720 563
D00 0.0112 109 683 199 720
D00 0.0112 571 600 612 692
D00 0.0111 0 515 87 697
D00 0.0111 130 577 196 646
D00 0.0110 487 642 657 716
D00 0.0110 480 582 519 668
D00 0.0110 656 471 716 589
D00 0.0110 424 559 465 601
D00 0.0110 588 550 636 659
D00 0.0110 162 663 207 704
D00 0.0109 36 635 91 720
D00 0.0108 236 554 269 607
D00 0.0108 690 503 718 565
D00 0.0108 194 610 323 711
D00 0.0108 150 613 192 652
D00 0.0108 127 597 182 632
D00 0.0108 577 646 606 713
D00 0.0107 182 687 285 720
D00 0.0106 624 483 710 629
D00 0.0106 580 581 623 671
D00 0.0106 223 554 259 605
D00 0.0105 615 686 679 717
D00 0.0105 211 543 270 598
D00 0.0105 434 649 540 700
D00 0.0104 209 651 309 718
D00 0.0104 129 600 176 661
D00 0.0103 408 544 463 633
D00 0.0103 597 506 690 660
D00 0.0102 417 497 505 623
D00 0.0102 557 579 602 665
D00 0.0101 541 537 569 609
D00 0.0101 462 615 494 681
D00 0.0100 278 638 418 720
D00 0.0100 228 570 301 630
D00 0.0100 496 510 527 566
D00 0.0100 446 592 490 678
D10 0.0438 504 585 569 609
D10 0.0370 496 574 597 620
D10 0.0340 424 576 486 602
D10 0.0296 405 566 509 613
D10 0.0289 495 577 557 606
D10 0.0225 526 576 583 608
D10 0.0217 443 562 565 622
D10 0.0212 483 587 545 612
D10 0.0200 416 566 475 597
D10 0.0193 386 554 540 636
D10 0.0186 456 576 518 603
D10 0.0178 535 586 597 613
D10 0.0174 423 542 543 605
D10 0.0173 183 662 333 714
D10 0.0168 232 586 296 612
D10 0.0162 71 656 143 682
D10 0.0151 405 581 519 656
D10 0.0146 425 584 484 613
D10 0.0144 444 565 506 596
D10 0.0141 459 572 544 609
D10 0.0136 435 654 574 707
D10 0.0134 445 585 506 613
D10 0.0134 357 564 488 627
D10 0.0134 216 577 320 621
D10 0.0134 526 574 626 633
D10 0.0131 303 624 492 701
D10 0.0129 108 659 221 709
D10 0.0128 55 645 158 691
D10 0.0126 424 574 525 630
D10 0.0125 69 665 142 692
D10 0.0124 486 583 586 639
D10 0.0122 272 659 425 713
D10 0.0121 240 578 307 607
D10 0.0120 506 595 565 624
D10 0.0118 130 668 199 697
D10 0.0117 356 584 487 655
D10 0.0116 385 570 470 609
D10 0.0114 346 657 493 711
D10 0.0111 352 607 488 677
D10 0.0111 85 643 153 673
D10 0.0110 459 643 635 713
D10 0.0108 96 663 188 699
D10 0.0107 396 580 475 620
D10 0.0104 45 656 145 704
D10 0.0103 519 588 594 631
D10 0.0102 333 646 450 692
D10 0.0101 360 544 488 606
D10 0.0100 277 635 424 696
D20 0.0313 203 576 553 715
D20 0.0276 262 526 685 704
D20 0.0266 26 590 288 707
D20 0.0258 144 594 440 707
D20 0.0245 335 585 604 706
D20 0.0238 22 568 469 717
D20 0.0225 296 547 559 685
D20 0.0223 103 642 334 720
D20 0.0202 7 547 232 684
D20 0.0199 56 501 589 696
D20 0.0197 390 541 637 689
D20 0.0195 17 622 182 703
D20 0.0188 410 514 557 649
D20 0.0187 34 638 254 720
D20 0.0180 279 613 517 706
D20 0.0180 134 608 188 641
D20 0.0179 14 655 142 713
D20 0.0178 424 617 588 701
D20 0.0175 159 661 313 714
D20 0.0165 215 643 445 720
D20 0.0165 438 547 720 720
D20 0.0165 73 657 218 712
D20 0.0164 114 614 185 653
D20 0.0161 34 598 195 681
D20 0.0158 388 536 542 616
D20 0.0157 103 551 374 680
D20 0.0154 0 0 489 353
D20 0.0150 201 0 720 353
D20 0.0149 74 634 212 695
D20 0.0147 0 562 129 711
D20 0.0144 0 374 489 720
D20 0.0141 332 634 546 718
D20 0.0139 0 142 348 720
D20 0.0137 200 374 720 720
D20 0.0137 81 619 179 669
D20 0.0136 236 570 483 675
D20 0.0132 417 654 550 708
D20 0.0132 375 142 720 720
D20 0.0131 116 597 202 647
D20 0.0131 546 0 720 270
D20 0.0130 61 576 213 660
D20 0.0127 102 612 232 707
D20 0.0125 0 0 720 521
D20 0.0123 543 446 720 720
D20 0.0122 69 547 255 648
D20 0.0122 187 677 329 720
D20 0.0122 67 632 169 681
D20 0.0120 347 520 503 646
D20 0.0118 385 628 641 720
D20 0.0117 460 0 720 175
D20 0.0116 0 174 720 720
D20 0.0116 323 501 629 656
D20 0.0116 169 626 346 708
D20 0.0116 225 570 384 708
D20 0.0115 0 0 175 266
D20 0.0112 156 572 313 707
D20 0.0110 0 0 86 134
D20 0.0110 578 631 720 720
D20 0.0107 181 551 384 645
D20 0.0107 139 647 240 717
D20 0.0102 632 573 720 720
D20 0.0101 122 676 263 720
D20 0.0100 143 634 284 699
D40 0.0230 210 576 273 606
D40 0.0205 198 564 262 596
D40 0.0195 224 586 284 611
D40 0.0187 122 619 180 650
D40 0.0186 186 575 256 604
D40 0.0182 171 553 268 602
D40 0.0173 231 578 295 607
D40 0.0168 2 654 115 714
D40 0.0161 189 566 291 612
D40 0.0137 168 575 230 606
D40 0.0137 221 565 280 598
D40 0.0133 154 565 248 614
D40 0.0131 201 553 259 586
D40 0.0130 92 526 277 625
D40 0.0123 108 630 172 658
D40 0.0121 676 293 720 325
D40 0.0120 155 538 306 609
D40 0.0120 157 586 213 617
D40 0.0119 141 620 199 648
D40 0.0118 0 630 155 720
D40 0.0118 49 646 149 693
D40 0.0118 225 689 320 720
D40 0.0116 126 543 250 608
D40 0.0115 198 586 266 611
D40 0.0115 232 542 293 567
D40 0.0109 234 532 292 559
D40 0.0108 174 586 242 612
D40 0.0104 203 535 276 604
D40 0.0104 55 656 117 685
D40 0.0102 184 558 235 599
D40 0.0102 75 644 143 674
D40 0.0101 102 564 225 629
