D00 0.0570 468 540 664 647
D00 0.0451 207 507 353 641
D00 0.0421 166 524 318 662
D00 0.0417 484 560 622 632
D00 0.0406 443 505 596 638
D00 0.0374 340 476 408 506
D00 0.0354 422 534 464 642
D00 0.0338 431 564 456 635
D00 0.0321 466 508 539 589
D00 0.0317 500 582 640 646
D00 0.0316 262 510 378 633
D00 0.0315 208 544 309 643
D00 0.0310 141 560 295 699
D00 0.0303 261 517 335 598
D00 0.0300 73 541 331 678
D00 0.0286 241 519 319 634
D00 0.0286 478 525 552 610
D00 0.0279 536 550 648 638
D00 0.0266 350 485 424 511
D00 0.0263 552 524 702 662
D00 0.0256 186 567 286 660
D00 0.0250 130 485 361 670
D00 0.0249 626 519 704 667
D00 0.0249 87 609 295 708
D00 0.0246 461 545 564 637
D00 0.0245 497 540 580 620
D00 0.0238 476 578 671 681
D00 0.0236 421 555 447 626
D00 0.0232 0 575 55 667
D00 0.0231 466 500 511 576
D00 0.0231 394 499 547 641
D00 0.0230 332 466 394 497
D00 0.0228 243 486 363 597
D00 0.0225 20 539 85 655
D00 0.0225 274 499 346 577
D00 0.0222 314 479 395 517
D00 0.0221 450 513 522 633
D00 0.0221 436 571 607 650
D00 0.0220 668 514 712 617
D00 0.0213 291 526 357 644
D00 0.0210 411 516 455 624
D00 0.0210 483 524 517 591
D00 0.0209 496 513 635 624
D00 0.0209 329 529 377 629
D00 0.0208 470 513 590 595
D00 0.0208 656 534 704 644
D00 0.0206 134 541 266 658
D00 0.0204 458 508 521 534
D00 0.0204 212 513 310 604
D00 0.0204 493 519 554 580
D00 0.0203 346 548 383 628
D00 0.0202 28 584 69 658
D00 0.0202 474 522 505 590
D00 0.0201 10 559 91 700
D00 0.0201 427 577 458 657
D00 0.0200 167 591 264 682
D00 0.0199 452 494 527 562
D00 0.0198 311 496 381 617
D00 0.0197 328 472 383 508
D00 0.0197 523 579 612 625
D00 0.0197 463 513 495 579
D00 0.0194 270 475 419 607
D00 0.0194 237 557 358 631
D00 0.0194 431 510 495 634
D00 0.0191 247 535 309 604
D00 0.0191 340 557 368 622
D00 0.0191 108 645 275 716
D00 0.0190 574 542 647 619
D00 0.0187 596 548 687 643
D00 0.0186 11 602 61 662
D00 0.0185 666 560 714 665
D00 0.0185 294 496 350 553
D00 0.0185 493 526 529 591
D00 0.0183 151 631 279 697
D00 0.0183 303 486 362 540
D00 0.0182 677 533 705 602
D00 0.0182 276 533 320 617
D00 0.0180 303 506 356 607
D00 0.0179 507 555 593 656
D00 0.0178 174 573 250 651
D00 0.0178 1 488 104 663
D00 0.0177 336 469 416 523
D00 0.0177 311 535 351 618
D00 0.0175 563 568 669 656
D00 0.0174 324 496 412 638
D00 0.0173 435 533 470 624
D00 0.0173 235 555 295 624
D00 0.0173 431 533 456 606
D00 0.0173 0 585 128 716
D00 0.0171 289 525 346 590
D00 0.0170 358 468 392 513
D00 0.0169 505 605 639 668
D00 0.0169 193 501 287 638
D00 0.0169 201 580 261 642
D00 0.0168 430 556 475 653
D00 0.0167 387 482 434 516
D00 0.0167 464 496 512 531
D00 0.0166 397 537 449 637
D00 0.0165 328 556 357 621
D00 0.0165 468 481 702 664
D00 0.0165 398 485 482 633
D00 0.0164 257 529 347 670
D00 0.0162 440 565 466 634
D00 0.0162 4 599 65 711
D00 0.0161 490 543 618 699
D00 0.0160 351 530 400 629
D00 0.0160 191 554 378 703
D00 0.0159 409 494 563 569
D00 0.0159 507 569 592 613
D00 0.0159 475 512 523 558
D00 0.0157 4 515 67 638
D00 0.0156 171 531 269 628
D00 0.0156 105 583 246 691
D00 0.0156 292 534 326 600
D00 0.0156 435 504 506 586
D00 0.0155 16 523 210 685
D00 0.0153 319 559 391 635
D00 0.0153 361 558 390 622
D00 0.0152 648 552 720 705
D00 0.0151 635 572 699 691
D00 0.0150 256 554 316 621
D00 0.0150 359 511 426 633
D00 0.0149 211 582 339 647
D00 0.0148 70 657 225 712
D00 0.0148 491 543 534 632
D00 0.0148 300 544 340 625
D00 0.0148 260 478 392 531
D00 0.0148 363 468 431 514
D00 0.0147 263 496 384 558
D00 0.0147 310 481 355 522
D00 0.0147 462 499 496 551
D00 0.0147 514 602 602 643
D00 0.0146 593 492 720 635
D00 0.0145 287 523 331 571
D00 0.0145 351 465 417 497
D00 0.0145 486 572 572 645
D00 0.0143 184 602 321 705
D00 0.0143 399 566 467 647
D00 0.0143 33 480 291 668
D00 0.0143 667 544 696 614
D00 0.0142 552 571 626 630
D00 0.0141 20 584 55 650
D00 0.0141 421 589 448 650
D00 0.0140 286 469 410 556
D00 0.0138 575 574 702 687
D00 0.0138 164 655 301 712
D00 0.0138 223 500 343 558
D00 0.0137 212 558 275 626
D00 0.0137 311 495 375 527
D00 0.0137 504 536 541 602
D00 0.0136 323 516 362 600
D00 0.0136 158 558 233 674
D00 0.0135 70 635 227 695
D00 0.0135 410 482 452 519
D00 0.0135 303 515 336 579
D00 0.0134 543 593 613 651
D00 0.0134 524 537 677 713
D00 0.0132 667 601 715 704
D00 0.0132 512 529 577 591
D00 0.0132 382 494 448 620
D00 0.0131 43 592 76 653
D00 0.0131 264 533 313 582
D00 0.0131 483 529 543 562
D00 0.0131 357 481 522 607
D00 0.0131 0 631 45 720
D00 0.0130 421 493 468 599
D00 0.0130 400 469 442 513
D00 0.0130 317 566 346 629
D00 0.0129 660 589 701 675
D00 0.0128 488 544 565 592
D00 0.0128 120 512 320 615
D00 0.0128 456 522 529 570
D00 0.0128 471 531 511 618
D00 0.0127 145 651 245 707
D00 0.0127 7 582 107 652
D00 0.0127 602 533 644 611
D00 0.0127 404 553 527 654
D00 0.0127 450 491 549 537
D00 0.0127 453 516 508 550
D00 0.0126 309 482 414 534
D00 0.0126 644 517 697 617
D00 0.0125 479 499 542 553
D00 0.0125 447 512 487 599
D00 0.0125 530 575 610 679
D00 0.0125 465 501 586 559
D00 0.0124 481 592 589 671
D00 0.0124 149 634 352 720
D00 0.0124 221 578 283 638
D00 0.0124 359 476 438 535
D00 0.0123 157 606 231 706
D00 0.0123 459 521 499 608
D00 0.0123 368 547 405 628
D00 0.0122 252 524 326 571
D00 0.0122 504 510 564 566
D00 0.0121 170 470 407 586
D00 0.0121 14 519 131 636
D00 0.0121 523 560 613 603
D00 0.0121 477 498 542 523
D00 0.0121 531 597 605 629
D00 0.0120 478 509 542 534
D00 0.0120 289 502 333 545
D00 0.0120 475 539 531 572
D00 0.0120 5 589 48 638
D00 0.0119 380 470 459 525
D00 0.0119 154 633 218 687
D00 0.0119 493 618 656 698
D00 0.0119 420 524 446 594
D00 0.0119 326 480 452 587
D00 0.0118 28 600 221 713
D00 0.0118 351 577 379 637
D00 0.0118 230 554 328 693
D00 0.0117 0 605 42 680
D00 0.0117 443 496 492 528
D00 0.0116 306 476 371 502
D00 0.0116 306 530 387 666
D00 0.0116 311 477 371 563
D00 0.0116 591 556 636 605
D00 0.0116 520 553 573 629
D00 0.0115 650 569 691 655
D00 0.0114 399 489 443 523
D00 0.0114 457 488 521 518
D00 0.0113 574 506 666 635
D00 0.0113 284 514 401 588
D00 0.0113 666 568 696 638
D00 0.0113 0 682 80 720
D00 0.0112 20 618 72 653
D00 0.0112 313 503 347 564
D00 0.0112 609 509 678 623
D00 0.0112 677 581 720 682
D00 0.0112 268 544 304 612
D00 0.0112 8 643 97 720
D00 0.0111 676 590 706 658
D00 0.0110 528 514 683 606
D00 0.0110 224 538 288 606
D00 0.0110 510 556 562 603
D00 0.0110 167 677 269 720
D00 0.0109 369 473 404 519
D00 0.0109 408 556 438 624
D00 0.0109 497 590 585 635
D00 0.0109 501 557 548 637
D00 0.0109 409 534 529 616
D00 0.0108 607 598 717 707
D00 0.0108 503 521 604 575
D00 0.0108 339 509 390 610
D00 0.0107 450 505 485 566
D00 0.0107 492 520 553 549
D00 0.0107 426 487 510 542
D00 0.0107 602 582 708 652
D00 0.0106 39 566 82 647
D00 0.0106 182 488 302 589
D00 0.0106 657 524 704 593
D00 0.0106 422 583 493 656
D00 0.0105 503 540 566 571
D00 0.0105 258 565 291 629
D00 0.0105 238 505 319 581
D00 0.0105 677 494 720 596
D00 0.0105 282 498 343 527
D00 0.0104 290 555 330 633
D00 0.0104 0 565 40 643
D00 0.0103 181 602 239 665
D00 0.0103 321 493 384 548
D00 0.0103 349 464 403 547
D00 0.0103 534 535 623 611
D00 0.0103 430 513 457 581
D00 0.0103 124 644 209 712
D00 0.0103 301 463 378 524
D00 0.0102 397 481 446 583
D00 0.0102 417 463 447 517
D00 0.0102 0 562 82 633
D00 0.0102 175 642 239 697
D00 0.0101 514 584 586 619
D00 0.0101 316 578 370 638
D00 0.0101 440 522 469 592
D00 0.0101 197 598 242 645
D00 0.0100 525 612 608 656
D00 0.0100 445 545 483 631
D00 0.0100 341 569 414 642
D00 0.0100 363 495 468 659
D00 0.0100 190 561 253 628
D10 0.0320 419 500 493 522
D10 0.0293 386 488 452 515
D10 0.0280 445 500 512 524
D10 0.0279 399 497 466 520
D10 0.0267 361 486 435 512
D10 0.0257 401 492 516 531
D10 0.0248 341 477 453 518
D10 0.0219 320 474 503 532
D10 0.0211 448 507 511 533
D10 0.0204 368 486 473 527
D10 0.0198 449 584 591 644
D10 0.0191 409 488 476 517
D10 0.0182 496 596 603 649
D10 0.0169 419 500 519 547
D10 0.0165 424 507 492 532
D10 0.0163 4 616 244 707
D10 0.0157 439 493 541 537
D10 0.0148 28 650 219 718
D10 0.0141 434 595 605 670
D10 0.0139 470 604 563 642
D10 0.0137 365 494 432 521
D10 0.0133 11 658 147 715
D10 0.0129 43 636 204 695
D10 0.0129 433 488 500 519
D10 0.0124 345 495 483 551
D10 0.0123 14 633 143 696
D10 0.0121 320 519 384 547
D10 0.0119 184 632 320 695
D10 0.0119 303 494 430 554
D10 0.0114 399 586 538 643
D10 0.0113 481 615 572 652
D10 0.0110 309 507 373 537
D10 0.0110 457 611 529 638
D10 0.0109 291 506 394 561
D10 0.0105 502 609 575 638
D10 0.0104 435 611 557 655
D10 0.0100 207 607 339 670
D10 0.0100 301 518 360 548
D20 0.0529 203 493 650 657
D20 0.0492 447 518 634 638
D20 0.0429 356 526 671 674
D20 0.0395 167 523 517 677
D20 0.0392 194 531 397 647
D20 0.0365 320 470 432 512
D20 0.0344 256 536 483 644
D20 0.0330 135 544 661 720
D20 0.0316 82 526 394 685
D20 0.0278 161 552 352 668
D20 0.0262 268 485 416 629
D20 0.0259 399 501 590 622
D20 0.0257 316 478 461 526
D20 0.0255 0 467 588 697
D20 0.0255 323 538 575 644
D20 0.0248 387 558 614 654
D20 0.0241 324 464 400 502
D20 0.0234 12 566 324 710
D20 0.0212 292 469 491 545
D20 0.0211 290 458 447 519
D20 0.0209 430 578 676 699
D20 0.0208 338 498 493 642
D20 0.0207 250 469 602 600
D20 0.0205 18 494 322 653
D20 0.0181 154 582 416 697
D20 0.0179 11 544 238 651
D20 0.0178 301 543 388 637
D20 0.0175 284 572 458 650
D20 0.0164 308 484 523 583
D20 0.0155 0 0 489 353
D20 0.0152 283 584 584 694
D20 0.0150 201 0 720 353
D20 0.0149 204 473 468 585
D20 0.0148 302 483 400 536
D20 0.0148 502 604 720 703
D20 0.0145 288 486 444 566
D20 0.0142 363 467 469 517
D20 0.0142 347 546 436 638
D20 0.0141 350 475 565 552
D20 0.0141 502 494 720 720
D20 0.0139 0 142 348 720
D20 0.0139 65 407 603 620
D20 0.0137 200 374 720 720
D20 0.0136 452 497 598 572
D20 0.0132 375 142 720 720
D20 0.0131 545 0 720 274
D20 0.0131 269 510 377 681
D20 0.0130 72 628 325 720
D20 0.0129 0 495 219 720
D20 0.0126 546 556 720 675
D20 0.0126 352 574 537 648
D20 0.0126 0 0 720 521
D20 0.0123 353 462 436 502
D20 0.0122 1 594 92 655
D20 0.0122 339 460 527 520
D20 0.0120 0 0 173 265
D20 0.0118 9 572 156 659
D20 0.0117 0 174 720 720
D20 0.0115 0 497 96 652
D20 0.0113 0 585 217 686
D20 0.0112 0 521 171 635
D20 0.0111 257 583 386 645
D20 0.0110 434 636 631 720
D20 0.0108 0 632 140 720
D20 0.0108 465 0 720 174
D20 0.0106 390 473 633 589
D20 0.0105 221 568 327 630
D20 0.0105 92 460 384 604
D20 0.0105 371 568 457 649
D20 0.0105 258 546 358 610
D20 0.0105 0 447 278 599
D20 0.0104 314 517 425 677
D20 0.0102 574 631 720 720
D20 0.0101 161 629 411 720
D20 0.0101 0 550 52 641
D20 0.0100 378 561 506 631
D20 0.0100 234 583 468 677
D40 0.0220 311 459 398 505
D40 0.0215 323 466 388 496
D40 0.0182 317 450 389 486
D40 0.0178 7 611 49 659
D40 0.0155 0 602 57 678
D40 0.0143 515 668 576 697
D40 0.0137 0 569 38 614
D40 0.0136 316 437 386 469
D40 0.0134 500 658 592 705
D40 0.0127 0 621 41 667
D40 0.0125 0 485 196 573
D40 0.0124 241 454 407 517
D40 0.0121 664 689 716 719
D40 0.0120 522 677 586 706
D40 0.0116 4 579 47 625
D40 0.0114 410 490 453 524
D40 0.0110 11 498 138 555
D40 0.0109 2 478 111 537
D40 0.0106 189 521 249 548
D40 0.0105 13 509 225 601
D40 0.0104 53 497 236 558
D40 0.0103 220 480 329 521
D40 0.0103 342 455 401 480
D40 0.0102 7 462 231 547
D40 0.0102 7 485 96 569
D40 0.0100 0 557 57 632
