D00 0.0530 290 606 507 716
D00 0.0497 274 565 436 715
D00 0.0485 2 631 58 720
D00 0.0377 327 578 464 704
D00 0.0366 343 645 531 720
D00 0.0353 226 592 388 720
D00 0.0343 262 643 445 719
D00 0.0343 2 609 109 718
D00 0.0337 343 665 457 719
D00 0.0276 10 649 45 713
D00 0.0271 369 573 535 708
D00 0.0261 386 664 500 720
D00 0.0261 199 643 369 720
D00 0.0252 7 604 46 697
D00 0.0246 315 551 430 670
D00 0.0243 332 683 426 720
D00 0.0242 320 616 426 708
D00 0.0235 413 612 548 712
D00 0.0234 154 624 331 710
D00 0.0234 18 621 78 719
D00 0.0229 358 619 473 706
D00 0.0229 340 559 412 644
D00 0.0224 484 641 558 720
D00 0.0222 277 615 375 709
D00 0.0220 223 547 532 708
D00 0.0217 8 668 68 720
D00 0.0213 302 589 400 694
D00 0.0213 435 655 523 720
D00 0.0206 375 682 468 720
D00 0.0203 235 640 314 719
D00 0.0196 518 649 550 713
D00 0.0193 517 630 570 720
D00 0.0191 499 689 567 717
D00 0.0191 297 664 418 719
D00 0.0190 103 648 294 720
D00 0.0188 20 639 54 706
D00 0.0187 444 683 536 720
D00 0.0186 468 661 534 718
D00 0.0184 507 649 539 713
D00 0.0178 266 641 348 720
D00 0.0177 317 568 394 657
D00 0.0177 26 614 163 715
D00 0.0175 384 595 490 687
D00 0.0172 466 612 584 713
D00 0.0170 529 648 561 714
D00 0.0167 2 638 36 704
D00 0.0167 511 684 601 720
D00 0.0166 269 556 395 667
D00 0.0164 491 631 533 712
D00 0.0163 2 578 51 674
D00 0.0163 256 593 352 694
D00 0.0161 491 670 573 715
D00 0.0160 42 654 195 715
D00 0.0160 398 633 488 711
D00 0.0156 511 644 674 720
D00 0.0153 525 661 585 718
D00 0.0151 48 625 240 709
D00 0.0151 301 629 360 720
D00 0.0150 0 596 73 696
D00 0.0150 351 548 472 667
D00 0.0150 431 687 504 718
D00 0.0150 187 662 303 719
D00 0.0149 204 573 323 720
D00 0.0149 359 552 433 632
D00 0.0147 462 622 536 698
D00 0.0147 362 677 439 711
D00 0.0145 496 600 643 719
D00 0.0144 0 537 82 720
D00 0.0143 289 568 365 690
D00 0.0142 16 596 56 682
D00 0.0142 425 559 463 639
D00 0.0142 434 599 531 684
D00 0.0140 331 554 594 686
D00 0.0140 532 682 578 720
D00 0.0138 226 619 304 699
D00 0.0138 138 679 258 720
D00 0.0137 538 629 595 720
D00 0.0135 319 688 394 718
D00 0.0134 38 631 102 720
D00 0.0134 496 0 710 276
D00 0.0134 2 614 34 683
D00 0.0133 447 563 561 720
D00 0.0131 377 659 468 704
D00 0.0131 255 606 313 711
D00 0.0130 479 675 544 711
D00 0.0130 16 680 102 720
D00 0.0130 11 595 42 660
D00 0.0130 423 622 509 697
D00 0.0129 502 620 543 700
D00 0.0129 415 553 506 690
D00 0.0128 364 633 437 720
D00 0.0128 265 672 374 720
D00 0.0127 552 638 623 720
D00 0.0127 385 561 459 639
D00 0.0126 405 0 631 286
D00 0.0126 352 579 428 663
D00 0.0125 345 577 389 666
D00 0.0124 574 628 700 720
D00 0.0124 347 551 404 613
D00 0.0124 110 591 284 711
D00 0.0124 440 568 469 633
D00 0.0123 453 669 504 715
D00 0.0123 121 684 211 720
D00 0.0122 199 608 329 680
D00 0.0122 539 648 572 714
D00 0.0122 412 570 454 648
D00 0.0121 0 673 51 710
D00 0.0121 544 689 613 717
D00 0.0119 159 578 374 685
D00 0.0118 334 629 400 720
D00 0.0117 484 650 519 713
D00 0.0116 403 550 441 631
D00 0.0115 203 632 291 709
D00 0.0115 331 506 511 720
D00 0.0115 316 0 539 286
D00 0.0115 377 560 420 640
D00 0.0115 7 0 211 379
D00 0.0115 423 593 613 697
D00 0.0114 3 480 100 662
D00 0.0114 424 571 720 715
D00 0.0114 0 483 148 720
D00 0.0113 418 559 448 624
D00 0.0113 254 541 448 637
D00 0.0113 484 619 539 675
D00 0.0112 31 640 66 704
D00 0.0110 160 689 235 718
D00 0.0109 245 680 328 720
D00 0.0109 494 673 529 720
D00 0.0108 326 560 388 624
D00 0.0108 511 698 579 720
D00 0.0108 419 675 492 712
D00 0.0106 0 647 66 694
D00 0.0105 58 629 134 720
D00 0.0105 393 585 515 653
D00 0.0105 518 628 550 691
D00 0.0104 359 569 394 635
D00 0.0103 468 693 555 720
D00 0.0103 290 548 413 604
D00 0.0103 427 572 480 667
D00 0.0103 356 692 442 720
D00 0.0102 141 623 243 708
D00 0.0102 467 632 514 712
D00 0.0102 36 677 152 720
D00 0.0101 221 672 290 720
D00 0.0100 134 658 219 720
D00 0.0100 479 625 523 666
D00 0.0100 390 569 432 648
D10 0.0266 361 632 510 700
D10 0.0188 366 607 502 676
D10 0.0118 326 0 717 244
D10 0.0109 13 653 67 686
D10 0.0108 388 648 477 690
D10 0.0105 410 620 522 674
D10 0.0105 33 663 149 718
D10 0.0103 369 71 720 321
D10 0.0102 183 0 588 235
D10 0.0101 399 638 486 678
D20 0.0503 83 572 520 720
D20 0.0453 321 611 544 714
D20 0.0378 1 588 357 720
D20 0.0355 0 614 184 718
D20 0.0321 302 562 495 689
D20 0.0316 178 612 395 717
D20 0.0313 287 581 632 717
D20 0.0301 58 476 575 693
D20 0.0285 2 651 116 717
D20 0.0284 387 647 569 720
D20 0.0268 108 637 336 720
D20 0.0240 21 198 720 710
D20 0.0238 443 664 558 718
D20 0.0221 21 18 720 530
D20 0.0209 154 424 720 713
D20 0.0201 408 676 524 720
D20 0.0200 0 0 489 353
D20 0.0196 201 0 720 353
D20 0.0196 0 374 489 720
D20 0.0187 0 142 348 720
D20 0.0182 375 142 720 720
D20 0.0180 417 616 621 714
D20 0.0171 488 664 600 718
D20 0.0163 164 558 434 692
D20 0.0159 376 553 529 691
D20 0.0155 545 0 720 272
D20 0.0148 430 546 720 720
D20 0.0147 413 0 720 507
D20 0.0147 456 0 720 175
D20 0.0144 86 600 317 700
D20 0.0140 0 0 175 271
D20 0.0138 396 571 469 648
D20 0.0135 0 0 258 174
D20 0.0127 12 674 140 720
D20 0.0125 344 361 630 720
D20 0.0124 0 520 240 714
D20 0.0120 542 428 720 720
D20 0.0118 460 641 559 702
D20 0.0113 633 0 720 137
D20 0.0113 0 637 55 720
D20 0.0111 82 0 364 472
D20 0.0111 31 556 307 687
D20 0.0110 360 0 628 283
D20 0.0109 0 590 82 720
D20 0.0109 0 0 86 136
D20 0.0109 0 675 69 720
D20 0.0108 250 0 555 469
D20 0.0108 11 654 227 720
D20 0.0108 135 580 351 683
D20 0.0108 416 583 490 659
D20 0.0104 0 0 124 189
D20 0.0104 200 84 596 678
D20 0.0100 155 665 323 720
D20 0.0100 544 148 720 635
D40 0.0337 9 641 86 719
D40 0.0254 7 665 52 714
D40 0.0201 17 658 98 703
D40 0.0188 224 660 325 719
D40 0.0181 23 666 72 714
D40 0.0164 28 630 109 709
D40 0.0150 5 673 114 720
D40 0.0135 516 621 573 650
D40 0.0135 370 594 477 652
D40 0.0131 25 647 71 695
D40 0.0124 511 620 597 673
D40 0.0121 215 639 311 702
D40 0.0118 350 606 460 664
D40 0.0113 527 630 582 659
D40 0.0109 28 653 90 686
D40 0.0107 379 549 720 720
D40 0.0106 348 582 456 643
D40 0.0102 450 594 639 698
D40 0.0101 41 650 78 711
D40 0.0100 488 612 579 660
