D00 0.1077 313 486 347 579
D00 0.0958 299 457 353 594
D00 0.0957 407 431 519 628
D00 0.0904 318 464 361 580
D00 0.0814 309 441 379 604
D00 0.0763 427 482 496 613
D00 0.0755 304 507 340 598
D00 0.0685 440 523 492 621
D00 0.0648 317 516 343 589
D00 0.0640 329 475 356 552
D00 0.0593 408 460 477 603
D00 0.0582 265 445 346 598
D00 0.0577 329 447 374 553
D00 0.0562 450 534 482 601
D00 0.0558 445 500 488 594
D00 0.0544 361 432 484 618
D00 0.0538 339 457 367 525
D00 0.0527 406 537 490 614
D00 0.0510 413 438 482 515
D00 0.0504 287 459 424 613
D00 0.0504 443 462 516 603
D00 0.0492 336 459 398 595
D00 0.0471 326 506 353 577
D00 0.0449 237 457 268 518
D00 0.0446 32 453 184 675
D00 0.0438 441 524 474 592
D00 0.0434 450 489 550 629
D00 0.0432 346 446 441 605
D00 0.0431 291 518 350 608
D00 0.0429 343 448 382 530
D00 0.0427 418 447 454 507
D00 0.0421 316 499 370 618
D00 0.0416 332 484 367 572
D00 0.0408 382 461 456 599
D00 0.0407 287 483 343 581
D00 0.0404 2 523 117 705
D00 0.0393 278 502 335 617
D00 0.0389 582 492 719 645
D00 0.0388 318 469 349 539
D00 0.0368 427 457 486 562
D00 0.0365 456 491 499 579
D00 0.0363 220 448 286 523
D00 0.0363 386 517 439 620
D00 0.0358 308 446 360 543
D00 0.0347 226 467 259 528
D00 0.0343 375 521 473 612
D00 0.0341 305 545 335 606
D00 0.0340 330 451 358 514
D00 0.0336 306 480 339 550
D00 0.0335 502 589 543 630
D00 0.0333 549 462 710 606
D00 0.0332 442 555 476 614
D00 0.0330 446 526 527 607
D00 0.0330 216 458 268 553
D00 0.0325 350 440 379 501
D00 0.0323 423 455 466 538
D00 0.0318 426 502 469 590
D00 0.0317 341 440 368 502
D00 0.0314 487 565 559 631
D00 0.0310 11 591 102 690
D00 0.0310 217 447 339 570
D00 0.0303 239 440 295 494
D00 0.0302 245 461 318 586
D00 0.0302 445 556 506 616
D00 0.0301 605 556 715 668
D00 0.0300 3 419 147 638
D00 0.0298 390 448 466 522
D00 0.0298 247 439 394 571
D00 0.0297 350 447 402 545
D00 0.0295 414 426 463 494
D00 0.0295 360 457 391 521
D00 0.0293 246 449 279 506
D00 0.0291 376 489 427 594
D00 0.0290 459 522 492 591
D00 0.0290 629 511 702 633
D00 0.0290 472 453 578 608
D00 0.0288 203 470 256 568
D00 0.0288 397 548 426 609
D00 0.0287 174 444 253 596
D00 0.0287 318 440 429 557
D00 0.0286 196 432 274 577
D00 0.0285 393 548 454 609
D00 0.0281 238 485 374 625
D00 0.0281 457 545 491 609
D00 0.0279 642 472 720 627
D00 0.0275 452 485 526 563
D00 0.0273 370 466 407 548
D00 0.0273 547 514 691 626
D00 0.0273 6 613 151 705
D00 0.0271 652 531 715 653
D00 0.0267 31 556 166 678
D00 0.0266 344 474 382 561
D00 0.0266 62 429 222 586
D00 0.0264 192 485 242 578
D00 0.0263 380 477 417 562
D00 0.0261 450 565 482 621
D00 0.0257 487 508 563 625
D00 0.0256 465 511 509 596
D00 0.0253 222 460 290 585
D00 0.0252 501 552 543 628
D00 0.0252 230 451 331 503
D00 0.0249 237 476 267 538
D00 0.0248 28 490 125 661
D00 0.0246 362 543 443 613
D00 0.0245 323 401 358 441
D00 0.0244 446 450 505 555
D00 0.0243 295 534 328 599
D00 0.0239 203 504 233 565
D00 0.0239 49 452 147 604
D00 0.0236 215 468 248 529
D00 0.0236 506 470 582 546
D00 0.0235 406 454 474 500
D00 0.0234 323 521 411 611
D00 0.0233 411 517 458 598
D00 0.0232 573 539 655 610
D00 0.0231 419 465 451 529
D00 0.0231 429 536 465 601
D00 0.0230 323 433 389 512
D00 0.0229 294 558 345 611
D00 0.0229 206 440 260 532
D00 0.0228 149 471 235 616
D00 0.0227 412 512 522 594
D00 0.0227 251 446 350 531
D00 0.0225 56 531 191 656
D00 0.0225 59 487 186 616
D00 0.0225 398 565 442 611
D00 0.0224 296 512 330 578
D00 0.0221 181 508 235 593
D00 0.0221 511 461 555 535
D00 0.0221 365 469 438 549
D00 0.0221 372 458 401 520
D00 0.0218 191 516 225 572
D00 0.0217 385 568 472 612
D00 0.0217 340 477 414 559
D00 0.0215 222 455 264 501
D00 0.0215 126 418 203 492
D00 0.0214 20 531 92 668
D00 0.0214 304 500 467 600
D00 0.0214 246 466 276 526
D00 0.0213 4 557 73 684
D00 0.0213 240 459 305 514
D00 0.0213 532 648 559 711
D00 0.0213 227 472 279 506
D00 0.0212 497 572 531 626
D00 0.0211 499 492 600 630
D00 0.0208 404 456 446 534
D00 0.0208 291 462 352 522
D00 0.0206 135 539 190 631
D00 0.0206 599 455 715 565
D00 0.0205 228 461 281 494
D00 0.0205 11 454 109 600
D00 0.0205 354 432 394 507
D00 0.0204 433 544 501 592
D00 0.0204 460 502 539 584
D00 0.0203 504 552 585 626
D00 0.0203 509 575 553 637
D00 0.0203 244 448 341 483
D00 0.0203 75 413 170 555
D00 0.0202 196 481 318 601
D00 0.0202 122 496 217 636
D00 0.0201 399 502 443 588
D00 0.0201 431 561 485 596
D00 0.0200 628 580 702 685
D00 0.0199 372 433 460 503
D00 0.0198 396 524 425 592
D00 0.0198 519 458 624 602
D00 0.0198 131 430 254 542
D00 0.0195 383 467 413 530
D00 0.0195 409 440 445 497
D00 0.0195 248 434 283 483
D00 0.0194 147 533 225 602
D00 0.0194 282 456 342 547
D00 0.0192 338 397 367 444
D00 0.0191 228 451 285 481
D00 0.0191 350 443 428 516
D00 0.0191 396 546 482 590
D00 0.0191 404 537 436 602
D00 0.0190 542 648 569 710
D00 0.0190 214 490 245 554
D00 0.0190 591 504 695 601
D00 0.0190 116 453 269 659
D00 0.0190 664 483 720 581
D00 0.0189 468 571 537 624
D00 0.0186 292 429 401 527
D00 0.0185 159 444 228 569
D00 0.0185 439 488 473 559
D00 0.0185 269 466 379 541
D00 0.0185 64 483 139 562
D00 0.0184 415 477 457 567
D00 0.0183 252 505 318 615
D00 0.0182 574 561 701 629
D00 0.0181 85 467 156 593
D00 0.0178 392 585 458 614
D00 0.0177 299 488 404 567
D00 0.0177 390 458 432 535
D00 0.0177 607 601 718 704
D00 0.0174 284 574 339 607
D00 0.0174 278 514 379 588
D00 0.0173 1 618 81 697
D00 0.0172 340 418 368 468
D00 0.0172 318 453 349 512
D00 0.0172 313 532 363 597
D00 0.0172 225 488 258 552
D00 0.0171 471 501 503 567
D00 0.0171 502 592 584 631
D00 0.0170 523 630 566 720
D00 0.0170 294 481 329 546
D00 0.0169 557 520 642 596
D00 0.0169 279 432 366 505
D00 0.0169 134 467 205 592
D00 0.0168 276 531 376 633
D00 0.0167 319 469 420 532
D00 0.0166 350 419 380 469
D00 0.0166 274 549 333 605
D00 0.0166 386 510 414 578
D00 0.0165 62 507 135 640
D00 0.0164 110 444 180 571
D00 0.0163 247 463 323 492
D00 0.0163 503 439 562 521
D00 0.0163 23 584 141 657
D00 0.0163 107 511 184 631
D00 0.0163 614 477 718 526
D00 0.0161 331 466 402 512
D00 0.0161 401 450 461 484
D00 0.0160 313 392 351 434
D00 0.0160 483 462 546 556
D00 0.0160 380 566 424 610
D00 0.0159 197 514 255 571
D00 0.0159 329 471 379 504
D00 0.0159 214 448 247 508
D00 0.0159 243 477 280 559
D00 0.0158 249 487 354 567
D00 0.0158 202 459 241 539
D00 0.0158 466 549 533 609
D00 0.0158 217 483 268 516
D00 0.0157 521 564 566 632
D00 0.0156 196 532 236 575
D00 0.0156 357 486 396 569
D00 0.0156 46 597 119 672
D00 0.0156 189 499 272 592
D00 0.0154 325 447 362 490
D00 0.0154 411 471 465 504
D00 0.0153 531 633 559 684
D00 0.0153 422 576 472 616
D00 0.0152 602 540 692 612
D00 0.0152 370 499 408 583
D00 0.0152 394 499 424 568
D00 0.0151 160 501 218 591
D00 0.0151 329 417 356 466
D00 0.0150 402 467 495 532
D00 0.0150 480 538 569 660
D00 0.0150 448 480 485 547
D00 0.0148 602 528 645 607
D00 0.0147 413 557 450 613
D00 0.0147 677 525 720 624
D00 0.0147 556 450 639 486
D00 0.0147 11 649 136 713
D00 0.0147 213 434 273 485
D00 0.0146 569 491 696 562
D00 0.0146 330 430 380 485
D00 0.0146 147 549 180 608
D00 0.0146 535 511 611 623
D00 0.0146 647 486 709 517
D00 0.0145 263 462 334 515
D00 0.0145 320 413 367 505
D00 0.0145 646 596 711 654
D00 0.0145 250 634 301 720
D00 0.0144 340 462 391 494
D00 0.0144 193 495 224 557
D00 0.0144 174 534 222 578
D00 0.0144 45 607 189 673
D00 0.0143 161 540 207 613
D00 0.0143 676 560 720 662
D00 0.0143 597 550 656 642
D00 0.0142 180 425 249 514
D00 0.0142 440 553 520 648
D00 0.0142 142 427 183 498
D00 0.0142 210 502 267 562
D00 0.0141 302 443 359 497
D00 0.0141 517 518 577 610
D00 0.0141 390 488 503 566
D00 0.0141 511 539 557 619
D00 0.0141 309 526 350 563
D00 0.0140 136 549 219 589
D00 0.0139 317 406 348 450
D00 0.0139 372 467 458 508
D00 0.0139 91 525 146 630
D00 0.0139 340 488 463 567
D00 0.0139 55 579 136 692
D00 0.0138 386 537 416 601
D00 0.0138 325 521 376 585
D00 0.0137 111 574 191 643
D00 0.0137 252 540 359 603
D00 0.0137 345 570 436 610
D00 0.0137 172 524 242 568
D00 0.0136 174 475 250 554
D00 0.0136 150 555 195 600
D00 0.0136 349 398 380 443
D00 0.0135 578 473 660 591
D00 0.0135 630 493 712 577
D00 0.0135 295 492 393 658
D00 0.0135 233 483 291 514
D00 0.0135 302 553 379 614
D00 0.0134 96 490 138 571
D00 0.0134 661 546 716 612
D00 0.0134 394 489 453 555
D00 0.0133 328 388 377 437
D00 0.0133 505 481 564 577
D00 0.0133 432 540 484 574
D00 0.0132 320 482 366 514
D00 0.0131 669 490 714 531
D00 0.0131 342 405 390 487
D00 0.0130 477 472 523 553
D00 0.0130 0 647 64 719
D00 0.0130 67 565 123 661
D00 0.0130 641 462 720 548
D00 0.0130 338 482 392 515
D00 0.0130 193 656 321 716
D00 0.0130 391 456 437 500
D00 0.0129 586 464 658 492
D00 0.0129 612 471 699 509
D00 0.0128 350 501 402 603
D00 0.0128 524 463 560 518
D00 0.0127 300 519 360 570
D00 0.0127 310 476 376 522
D00 0.0127 192 535 224 593
D00 0.0127 153 421 228 513
D00 0.0127 155 522 196 595
D00 0.0127 442 532 513 581
D00 0.0127 491 527 533 607
D00 0.0126 661 569 716 633
D00 0.0126 318 463 370 493
D00 0.0126 283 537 318 598
D00 0.0125 300 515 344 551
D00 0.0125 181 508 215 567
D00 0.0124 131 557 206 670
D00 0.0124 259 650 292 713
D00 0.0124 102 552 209 609
D00 0.0124 406 414 452 481
D00 0.0124 541 634 570 685
D00 0.0124 198 467 272 511
D00 0.0124 88 480 143 544
D00 0.0124 310 508 373 558
D00 0.0124 238 660 291 719
D00 0.0124 431 572 501 636
D00 0.0123 248 474 323 503
D00 0.0123 239 501 268 562
D00 0.0123 592 548 638 619
D00 0.0122 503 607 561 634
D00 0.0122 167 515 251 654
D00 0.0121 526 482 587 578
D00 0.0121 369 584 435 614
D00 0.0121 192 525 242 619
D00 0.0121 324 435 361 473
D00 0.0121 204 447 235 506
D00 0.0121 305 473 359 504
D00 0.0120 335 642 390 671
D00 0.0120 0 181 77 372
D00 0.0120 318 516 362 551
D00 0.0120 297 459 346 499
D00 0.0120 325 547 355 605
D00 0.0120 43 628 188 696
D00 0.0120 508 479 542 541
D00 0.0119 225 506 292 616
D00 0.0118 302 418 356 463
D00 0.0118 303 569 336 616
D00 0.0118 279 494 325 572
D00 0.0118 169 530 203 586
D00 0.0118 532 660 578 719
D00 0.0118 560 495 639 573
D00 0.0117 144 559 223 632
D00 0.0117 287 488 355 533
D00 0.0117 0 630 42 705
D00 0.0117 547 550 641 619
D00 0.0117 368 528 410 607
D00 0.0117 573 544 677 665
D00 0.0117 349 478 430 521
D00 0.0117 532 641 578 697
D00 0.0116 484 560 521 618
D00 0.0116 195 479 285 539
D00 0.0116 491 452 540 525
D00 0.0116 358 473 419 504
D00 0.0116 282 452 350 479
D00 0.0116 246 504 281 578
D00 0.0116 525 479 561 539
D00 0.0116 337 510 390 573
D00 0.0116 136 558 169 620
D00 0.0116 309 504 352 537
D00 0.0116 285 431 350 477
D00 0.0115 28 615 95 679
D00 0.0115 222 514 338 587
D00 0.0115 309 493 354 524
D00 0.0114 351 508 378 574
D00 0.0114 341 451 392 481
D00 0.0114 240 656 363 715
D00 0.0113 464 581 582 676
D00 0.0113 237 416 278 479
D00 0.0113 294 483 350 515
D00 0.0113 514 638 554 676
D00 0.0113 300 497 360 546
D00 0.0113 110 407 175 500
D00 0.0113 470 442 534 536
D00 0.0113 328 376 357 431
D00 0.0113 299 538 343 572
D00 0.0112 635 558 702 619
D00 0.0112 321 487 391 533
D00 0.0112 79 563 163 639
D00 0.0112 101 505 155 606
D00 0.0111 602 566 648 610
D00 0.0111 96 564 199 701
D00 0.0110 219 638 343 694
D00 0.0110 3 509 71 642
D00 0.0110 132 533 175 607
D00 0.0109 648 523 710 592
D00 0.0109 344 646 383 685
D00 0.0109 637 484 706 537
D00 0.0108 467 642 529 670
D00 0.0108 30 619 110 720
D00 0.0108 369 439 400 497
D00 0.0108 212 523 243 580
D00 0.0107 276 510 346 559
D00 0.0107 520 649 550 709
D00 0.0107 83 501 129 579
D00 0.0107 311 642 370 669
D00 0.0107 383 449 414 508
D00 0.0107 175 547 217 622
D00 0.0107 83 579 162 691
D00 0.0106 307 412 377 472
D00 0.0106 204 415 313 551
D00 0.0106 290 564 414 619
D00 0.0106 620 640 710 718
D00 0.0106 100 454 156 543
D00 0.0106 687 593 718 654
D00 0.0106 119 550 165 627
D00 0.0105 3 469 73 585
D00 0.0105 478 585 550 646
D00 0.0105 426 497 467 545
D00 0.0105 583 631 708 692
D00 0.0105 687 512 717 578
D00 0.0105 287 528 339 562
D00 0.0105 522 448 586 529
D00 0.0105 130 438 174 507
D00 0.0105 275 474 344 503
D00 0.0105 65 598 147 665
D00 0.0104 329 494 378 526
D00 0.0104 215 494 267 526
D00 0.0103 523 565 612 629
D00 0.0103 243 478 303 538
D00 0.0103 276 477 324 521
D00 0.0103 146 568 178 629
D00 0.0103 317 430 348 480
D00 0.0103 459 469 494 537
D00 0.0102 640 618 716 691
D00 0.0102 15 595 62 682
D00 0.0102 583 570 649 624
D00 0.0102 332 539 372 610
D00 0.0102 318 568 360 608
D00 0.0102 277 532 344 578
D00 0.0102 517 489 551 551
D00 0.0102 46 511 122 590
D00 0.0101 511 627 576 691
D00 0.0101 256 467 289 525
D00 0.0101 339 531 391 619
D00 0.0101 434 520 500 569
D00 0.0101 688 557 718 621
D00 0.0101 613 553 682 644
D00 0.0101 502 629 545 665
D00 0.0100 484 537 517 600
D00 0.0100 356 463 420 493
D00 0.0100 224 515 280 570
D10 0.0228 439 573 494 608
D10 0.0214 440 561 493 596
D10 0.0213 426 584 486 615
D10 0.0200 401 574 472 609
D10 0.0194 301 575 358 606
D10 0.0185 452 563 521 594
D10 0.0174 403 552 472 583
D10 0.0174 445 585 511 617
D10 0.0173 402 562 472 597
D10 0.0169 453 573 523 608
D10 0.0164 287 564 400 610
D10 0.0159 447 551 504 585
D10 0.0156 167 541 228 573
D10 0.0152 291 585 347 612
D10 0.0152 154 553 218 582
D10 0.0152 470 552 582 609
D10 0.0151 384 564 444 597
D10 0.0150 318 576 386 606
D10 0.0149 136 542 238 595
D10 0.0149 604 572 710 629
D10 0.0143 332 554 451 607
D10 0.0141 479 564 545 592
D10 0.0141 405 541 470 573
D10 0.0139 660 495 714 524
D10 0.0139 384 553 445 583
D10 0.0138 356 565 425 596
D10 0.0138 481 575 543 607
D10 0.0135 308 585 372 612
D10 0.0133 187 540 245 570
D10 0.0133 97 585 204 638
D10 0.0129 625 592 710 634
D10 0.0128 595 580 685 617
D10 0.0128 455 547 541 590
D10 0.0127 303 564 355 596
D10 0.0121 134 554 198 584
D10 0.0121 342 576 415 606
D10 0.0120 320 566 384 595
D10 0.0118 635 610 704 642
D10 0.0117 502 575 564 606
D10 0.0117 502 563 568 592
D10 0.0116 191 519 246 551
D10 0.0116 128 598 194 628
D10 0.0115 176 551 234 579
D10 0.0115 196 530 257 562
D10 0.0112 273 572 365 616
D10 0.0110 385 541 445 571
D10 0.0108 635 559 720 621
D10 0.0108 358 554 424 583
D10 0.0107 108 603 192 642
D10 0.0107 479 554 545 583
D10 0.0106 259 576 326 605
D10 0.0105 153 562 214 593
D10 0.0103 593 574 660 605
D10 0.0103 382 484 445 514
D10 0.0103 646 585 707 615
D10 0.0103 147 543 211 575
D10 0.0100 271 530 335 561
D10 0.0100 306 575 429 616
D20 0.1893 326 458 714 638
D20 0.1614 1 474 669 651
D20 0.1169 227 472 596 626
D20 0.1100 391 508 588 628
D20 0.0947 396 443 538 622
D20 0.0831 318 485 532 613
D20 0.0793 377 532 669 651
D20 0.0792 417 454 630 571
D20 0.0761 108 447 489 603
D20 0.0732 114 531 687 718
D20 0.0725 0 495 362 695
D20 0.0712 430 489 656 614
D20 0.0601 473 517 713 626
D20 0.0562 432 521 528 619
D20 0.0504 11 446 236 680
D20 0.0500 370 547 532 623
D20 0.0498 433 550 616 631
D20 0.0488 350 439 549 552
D20 0.0483 325 439 479 595
D20 0.0476 22 587 286 702
D20 0.0476 486 444 697 608
D20 0.0461 186 449 371 570
D20 0.0459 277 431 607 576
D20 0.0430 456 451 592 630
D20 0.0412 56 450 333 588
D20 0.0407 511 562 720 657
D20 0.0403 0 402 423 624
D20 0.0366 434 572 550 624
D20 0.0364 94 490 390 627
D20 0.0359 188 430 370 512
D20 0.0357 418 557 519 616
D20 0.0354 160 517 541 654
D20 0.0354 408 537 559 654
D20 0.0352 95 431 380 539
D20 0.0338 0 511 169 693
D20 0.0331 145 433 290 580
D20 0.0328 11 559 223 675
D20 0.0327 59 493 265 611
D20 0.0324 202 433 481 549
D20 0.0318 0 599 173 709
D20 0.0317 543 469 720 644
D20 0.0315 393 555 703 700
D20 0.0314 229 436 361 490
D20 0.0306 308 431 514 524
D20 0.0289 83 517 239 657
D20 0.0288 471 524 576 618
D20 0.0285 200 439 317 542
D20 0.0278 395 447 483 508
D20 0.0277 365 468 488 629
D20 0.0275 87 542 386 663
D20 0.0273 391 570 496 618
D20 0.0265 473 576 576 628
D20 0.0264 590 562 720 693
D20 0.0263 224 466 441 594
D20 0.0262 354 442 475 496
D20 0.0259 163 398 720 680
D20 0.0255 396 379 638 661
D20 0.0252 255 512 486 617
D20 0.0246 549 536 696 639
D20 0.0242 155 485 266 603
D20 0.0241 400 417 516 564
D20 0.0241 232 452 340 502
D20 0.0236 337 408 394 436
D20 0.0233 495 489 720 720
D20 0.0230 334 539 474 606
D20 0.0229 0 323 589 682
D20 0.0229 439 551 552 609
D20 0.0228 105 618 315 711
D20 0.0225 425 408 706 562
D20 0.0221 493 563 655 625
D20 0.0218 359 461 472 516
D20 0.0216 314 407 366 437
D20 0.0213 356 562 476 614
D20 0.0213 135 453 246 628
D20 0.0212 636 587 716 659
D20 0.0212 456 574 645 645
D20 0.0210 330 401 432 440
D20 0.0209 385 528 493 591
D20 0.0208 242 426 395 541
D20 0.0200 99 574 468 701
D20 0.0197 204 408 380 486
D20 0.0193 332 498 651 712
D20 0.0193 327 460 430 520
D20 0.0193 436 418 567 560
D20 0.0188 206 488 356 623
D20 0.0186 139 459 469 720
D20 0.0185 291 403 360 440
D20 0.0184 0 0 489 353
D20 0.0183 21 18 720 530
D20 0.0181 201 0 720 353
D20 0.0181 186 461 285 519
D20 0.0181 545 607 720 702
D20 0.0178 429 578 505 619
D20 0.0174 485 499 612 654
D20 0.0172 73 580 213 691
D20 0.0172 324 392 552 663
D20 0.0172 93 434 289 672
D20 0.0172 144 524 233 614
D20 0.0171 0 142 348 720
D20 0.0169 341 395 418 429
D20 0.0168 319 411 416 452
D20 0.0167 102 550 259 634
D20 0.0167 221 471 335 524
D20 0.0165 375 142 720 720
D20 0.0163 472 344 709 647
D20 0.0162 303 414 380 447
D20 0.0162 29 630 247 720
D20 0.0161 276 562 615 692
D20 0.0161 0 611 60 704
D20 0.0160 151 518 247 575
D20 0.0157 328 398 377 443
D20 0.0156 114 458 271 552
D20 0.0155 254 464 362 518
D20 0.0153 127 547 287 682
D20 0.0153 393 584 571 675
D20 0.0152 416 381 538 535
D20 0.0152 468 588 700 675
D20 0.0151 102 601 265 682
D20 0.0151 150 649 315 720
D20 0.0151 262 433 436 502
D20 0.0150 457 549 520 632
D20 0.0149 147 529 323 609
D20 0.0149 0 383 142 714
D20 0.0148 0 466 117 655
D20 0.0148 349 434 428 505
D20 0.0144 487 409 613 551
D20 0.0143 263 561 359 611
D20 0.0141 266 389 354 437
D20 0.0140 303 396 352 429
D20 0.0139 334 414 400 476
D20 0.0139 324 480 430 541
D20 0.0137 170 507 272 564
D20 0.0135 362 481 470 540
D20 0.0133 0 0 176 271
D20 0.0132 447 567 599 686
D20 0.0132 273 420 374 461
D20 0.0130 525 425 661 569
D20 0.0130 122 655 260 715
D20 0.0129 308 390 404 436
D20 0.0129 290 564 517 646
D20 0.0129 180 626 378 706
D20 0.0128 118 572 217 657
D20 0.0127 104 517 229 585
D20 0.0127 654 493 720 677
D20 0.0127 374 503 481 568
D20 0.0126 454 0 720 175
D20 0.0126 545 0 720 260
D20 0.0125 344 393 384 431
D20 0.0125 307 564 447 618
D20 0.0125 177 470 286 641
D20 0.0124 185 481 282 540
D20 0.0124 445 526 554 588
D20 0.0124 199 490 318 565
D20 0.0123 143 635 278 699
D20 0.0123 0 530 93 720
D20 0.0121 390 521 504 670
D20 0.0119 105 548 230 716
D20 0.0119 340 497 459 648
D20 0.0117 0 636 109 719
D20 0.0117 268 413 497 494
D20 0.0116 98 631 233 698
D20 0.0115 472 524 644 703
D20 0.0115 373 614 559 698
D20 0.0114 675 586 720 673
D20 0.0114 273 425 355 483
D20 0.0114 244 483 355 540
D20 0.0111 274 444 378 496
D20 0.0111 150 601 360 687
D20 0.0111 155 457 336 689
D20 0.0110 226 650 378 720
D20 0.0110 304 422 409 465
D20 0.0110 322 432 416 483
D20 0.0108 615 450 720 715
D20 0.0107 132 494 250 565
D20 0.0107 368 607 677 720
D20 0.0107 204 539 406 631
D20 0.0105 365 390 475 537
D20 0.0103 141 462 259 512
D20 0.0103 0 0 86 132
D20 0.0103 503 640 714 720
D20 0.0103 0 0 318 216
D20 0.0101 307 443 408 500
D20 0.0101 171 612 496 720
D40 0.1496 5 395 179 492
D40 0.1040 9 405 125 476
D40 0.0872 407 438 552 492
D40 0.0848 9 424 168 538
D40 0.0842 422 628 493 665
D40 0.0829 401 445 609 547
D40 0.0821 43 411 188 471
D40 0.0816 11 391 144 453
D40 0.0777 416 431 477 458
D40 0.0744 414 433 503 483
D40 0.0703 428 451 576 515
D40 0.0670 419 440 477 471
D40 0.0653 38 418 157 499
D40 0.0645 472 452 658 523
D40 0.0622 0 430 100 481
D40 0.0610 369 432 568 522
D40 0.0602 30 416 243 511
D40 0.0591 142 410 244 455
D40 0.0579 0 391 54 451
D40 0.0575 20 447 144 513
D40 0.0569 411 441 506 533
D40 0.0554 0 325 122 472
D40 0.0552 243 423 343 466
D40 0.0549 0 397 298 585
D40 0.0545 414 421 475 448
D40 0.0532 420 444 469 491
D40 0.0531 92 413 234 469
D40 0.0527 393 433 485 508
D40 0.0524 451 437 636 501
D40 0.0519 247 432 311 460
D40 0.0509 245 441 311 470
D40 0.0502 455 434 556 480
D40 0.0497 420 446 545 584
D40 0.0496 0 375 79 465
D40 0.0495 106 401 218 445
D40 0.0484 7 354 94 440
D40 0.0479 164 425 243 460
D40 0.0469 194 437 326 490
D40 0.0465 39 423 127 467
D40 0.0462 396 420 522 471
D40 0.0461 0 403 54 430
D40 0.0450 19 430 203 615
D40 0.0449 403 413 490 459
D40 0.0448 72 427 208 489
D40 0.0441 171 419 239 447
D40 0.0439 424 429 518 462
D40 0.0437 469 444 567 494
D40 0.0435 140 417 280 468
D40 0.0432 410 422 470 474
D40 0.0431 53 393 223 456
D40 0.0430 451 468 597 537
D40 0.0427 244 409 350 453
D40 0.0426 193 418 326 468
D40 0.0422 475 442 543 469
D40 0.0415 494 457 640 565
D40 0.0398 105 425 273 497
D40 0.0396 0 353 221 536
D40 0.0389 156 430 252 479
D40 0.0385 25 460 131 551
D40 0.0382 0 402 66 482
D40 0.0382 467 429 546 462
D40 0.0380 419 454 491 499
D40 0.0377 433 442 514 469
D40 0.0377 1 400 89 436
D40 0.0371 21 438 131 486
D40 0.0369 33 440 108 471
D40 0.0367 0 255 79 434
D40 0.0361 436 447 536 486
D40 0.0361 439 477 610 577
D40 0.0356 347 419 407 446
D40 0.0356 266 431 344 456
D40 0.0354 164 431 367 511
D40 0.0351 18 450 96 478
D40 0.0351 269 418 344 446
D40 0.0350 487 463 584 518
D40 0.0349 0 321 70 418
D40 0.0348 518 465 698 544
D40 0.0339 114 407 189 435
D40 0.0339 385 416 465 451
D40 0.0337 0 448 91 496
D40 0.0334 419 626 481 652
D40 0.0333 488 452 553 480
D40 0.0333 1 451 139 601
D40 0.0332 355 408 422 433
D40 0.0332 127 412 345 485
D40 0.0331 535 457 690 510
D40 0.0329 520 463 629 514
D40 0.0328 441 622 489 656
D40 0.0327 72 436 170 525
D40 0.0325 384 409 584 494
D40 0.0321 347 430 406 456
D40 0.0319 488 439 570 473
D40 0.0319 483 424 701 509
D40 0.0318 31 412 116 455
D40 0.0318 247 419 310 446
D40 0.0316 9 611 101 704
D40 0.0315 91 393 192 435
D40 0.0312 12 367 136 426
D40 0.0309 137 409 213 437
D40 0.0307 240 433 297 483
D40 0.0305 187 441 247 470
D40 0.0304 493 452 555 507
D40 0.0304 476 504 658 600
D40 0.0303 502 473 611 527
D40 0.0297 4 266 63 385
D40 0.0297 510 468 556 512
D40 0.0297 28 481 174 574
D40 0.0296 114 399 187 425
D40 0.0296 0 437 61 489
D40 0.0295 1 400 36 466
D40 0.0295 162 401 263 443
D40 0.0293 14 427 98 533
D40 0.0293 436 618 508 672
D40 0.0291 368 404 451 437
D40 0.0289 171 409 239 437
D40 0.0288 448 495 557 554
D40 0.0288 264 403 347 439
D40 0.0287 0 354 189 447
D40 0.0285 5 441 75 474
D40 0.0285 69 422 162 464
D40 0.0282 453 457 547 497
D40 0.0280 98 411 183 453
D40 0.0277 0 288 137 403
D40 0.0277 339 411 449 453
D40 0.0276 66 399 172 447
D40 0.0275 171 441 272 493
D40 0.0274 139 418 214 447
D40 0.0273 7 299 90 391
D40 0.0272 261 626 353 666
D40 0.0272 1 421 50 470
D40 0.0271 516 438 670 491
D40 0.0270 495 596 552 627
D40 0.0269 437 459 513 548
D40 0.0268 487 470 562 548
D40 0.0267 299 418 355 445
D40 0.0266 243 451 310 480
D40 0.0266 531 459 621 496
D40 0.0263 454 634 516 662
D40 0.0263 404 408 462 435
D40 0.0261 548 472 650 525
D40 0.0260 0 379 41 426
D40 0.0258 502 463 563 495
D40 0.0258 499 446 610 491
D40 0.0256 428 418 513 452
D40 0.0256 340 423 466 468
D40 0.0255 175 411 277 453
D40 0.0254 443 640 502 671
D40 0.0253 0 317 37 363
D40 0.0253 419 584 547 642
D40 0.0252 0 361 97 509
D40 0.0252 516 529 630 585
D40 0.0251 372 442 467 533
D40 0.0243 264 442 343 468
D40 0.0242 440 449 510 506
D40 0.0242 363 419 436 446
D40 0.0240 368 398 430 425
D40 0.0239 194 440 278 527
D40 0.0239 128 397 218 429
D40 0.0237 479 423 580 468
D40 0.0237 27 428 97 465
D40 0.0236 472 540 623 610
D40 0.0236 345 413 384 449
D40 0.0235 3 336 102 401
D40 0.0233 522 483 629 539
D40 0.0233 471 581 552 624
D40 0.0231 461 447 542 549
D40 0.0230 112 407 193 481
D40 0.0230 301 406 353 438
D40 0.0228 616 609 720 661
D40 0.0226 387 399 479 445
D40 0.0226 60 401 180 570
D40 0.0226 59 407 131 461
D40 0.0225 557 468 641 506
D40 0.0225 37 504 131 563
D40 0.0225 247 434 351 502
D40 0.0224 354 403 396 438
D40 0.0222 194 419 259 444
D40 0.0221 420 640 482 671
D40 0.0221 405 426 453 464
D40 0.0221 353 435 394 475
D40 0.0219 508 453 577 479
D40 0.0218 0 289 43 380
D40 0.0217 227 442 287 470
D40 0.0216 6 414 68 447
D40 0.0214 190 451 250 481
D40 0.0213 529 454 603 479
D40 0.0213 195 408 259 435
D40 0.0212 56 471 179 538
D40 0.0211 423 413 462 460
D40 0.0211 216 429 294 463
D40 0.0211 195 431 259 457
D40 0.0211 338 435 466 493
D40 0.0209 123 424 207 462
D40 0.0209 0 291 78 359
D40 0.0208 480 504 588 561
D40 0.0207 347 437 433 473
D40 0.0207 466 421 527 448
D40 0.0206 94 450 189 506
D40 0.0205 429 464 477 511
D40 0.0204 2 461 75 490
D40 0.0204 455 515 594 589
D40 0.0204 519 563 680 625
D40 0.0204 512 484 575 514
D40 0.0203 86 403 164 490
D40 0.0203 445 413 541 456
D40 0.0203 298 430 357 454
D40 0.0202 247 407 308 436
D40 0.0201 123 392 289 454
D40 0.0201 498 432 563 459
D40 0.0199 498 487 571 532
D40 0.0198 517 492 663 562
D40 0.0198 33 573 205 662
D40 0.0198 218 447 293 486
D40 0.0198 438 461 511 491
D40 0.0198 7 428 72 465
D40 0.0197 349 389 447 431
D40 0.0197 55 389 315 487
D40 0.0194 124 439 235 493
D40 0.0193 544 451 629 485
D40 0.0193 472 478 554 520
D40 0.0192 564 464 634 492
D40 0.0192 578 584 705 649
D40 0.0191 51 500 147 597
D40 0.0189 297 633 358 661
D40 0.0188 86 433 172 473
D40 0.0188 518 463 591 493
D40 0.0187 579 474 688 522
D40 0.0186 234 399 329 444
D40 0.0185 512 434 615 478
D40 0.0185 522 549 645 605
D40 0.0183 518 474 591 505
D40 0.0182 240 410 295 456
D40 0.0181 511 448 589 542
D40 0.0180 422 409 491 500
D40 0.0180 4 462 106 515
D40 0.0180 3 648 113 713
D40 0.0179 66 432 123 471
D40 0.0179 0 454 41 497
D40 0.0179 22 456 112 493
D40 0.0179 465 499 508 548
D40 0.0178 520 443 590 469
D40 0.0178 0 629 68 705
D40 0.0177 189 416 265 476
D40 0.0177 476 569 572 645
D40 0.0176 348 398 408 426
D40 0.0176 14 501 107 595
D40 0.0175 583 561 698 615
D40 0.0175 361 431 438 457
D40 0.0175 355 421 415 468
D40 0.0175 0 284 287 485
D40 0.0174 70 416 143 450
D40 0.0174 253 423 292 469
D40 0.0174 224 408 281 435
D40 0.0174 481 473 548 504
D40 0.0173 452 575 496 619
D40 0.0173 567 440 707 533
D40 0.0172 104 402 156 440
D40 0.0171 506 529 590 604
D40 0.0170 468 502 530 563
D40 0.0170 668 613 714 657
D40 0.0169 36 407 109 434
D40 0.0169 45 374 152 483
D40 0.0169 2 507 182 645
D40 0.0169 541 473 615 504
D40 0.0169 214 416 291 448
D40 0.0167 414 628 459 665
D40 0.0166 23 409 76 455
D40 0.0166 450 491 530 535
D40 0.0165 275 397 341 428
D40 0.0164 429 477 499 523
D40 0.0164 393 397 448 425
D40 0.0163 0 226 115 375
D40 0.0163 45 524 207 621
D40 0.0163 646 620 709 653
D40 0.0163 454 585 526 618
D40 0.0162 136 434 221 475
D40 0.0162 460 411 636 475
D40 0.0162 515 494 599 571
D40 0.0162 286 419 350 462
D40 0.0162 22 393 71 432
D40 0.0161 123 456 203 497
D40 0.0161 454 568 541 613
D40 0.0160 266 642 331 669
D40 0.0159 455 458 521 520
D40 0.0159 3 329 45 373
D40 0.0157 460 624 493 668
D40 0.0157 350 404 500 514
D40 0.0157 326 430 383 454
D40 0.0155 94 469 169 510
D40 0.0155 578 460 665 496
D40 0.0155 420 609 544 665
D40 0.0154 340 420 391 468
D40 0.0154 560 490 640 531
D40 0.0154 97 457 190 553
D40 0.0153 234 409 360 488
D40 0.0153 433 472 494 502
D40 0.0153 260 634 321 663
D40 0.0152 395 617 491 659
D40 0.0151 335 424 372 460
D40 0.0151 244 402 285 440
D40 0.0151 0 458 59 512
D40 0.0150 586 474 659 502
D40 0.0150 497 587 614 633
D40 0.0148 482 416 558 449
D40 0.0147 2 289 33 351
D40 0.0146 202 400 297 442
D40 0.0146 287 624 347 653
D40 0.0146 176 395 256 429
D40 0.0145 196 456 272 499
D40 0.0145 502 499 548 545
D40 0.0145 443 488 490 536
D40 0.0144 3 310 62 368
D40 0.0144 436 596 495 622
D40 0.0143 446 621 528 655
D40 0.0143 526 525 615 566
D40 0.0143 95 503 195 598
D40 0.0142 481 425 576 536
D40 0.0141 86 390 203 518
D40 0.0140 478 518 545 548
D40 0.0138 504 443 541 495
D40 0.0138 107 428 175 458
D40 0.0138 9 486 117 544
D40 0.0138 377 585 559 674
D40 0.0137 348 451 404 481
D40 0.0137 451 465 499 510
D40 0.0137 1 655 52 702
D40 0.0137 78 561 209 629
D40 0.0136 179 389 338 455
D40 0.0136 1 333 34 395
D40 0.0135 155 457 243 495
D40 0.0135 160 399 231 425
D40 0.0135 443 434 484 482
D40 0.0135 529 485 604 514
D40 0.0134 534 537 604 595
D40 0.0134 567 484 633 514
D40 0.0134 60 444 149 482
D40 0.0133 58 511 111 556
D40 0.0133 543 443 610 470
D40 0.0132 480 635 542 662
D40 0.0132 483 570 564 613
D40 0.0132 221 438 264 477
D40 0.0132 397 568 493 642
D40 0.0131 0 481 86 572
D40 0.0130 5 385 59 421
D40 0.0130 168 534 241 576
D40 0.0130 211 397 267 427
D40 0.0129 87 398 155 425
D40 0.0129 593 485 702 536
D40 0.0128 514 427 595 462
D40 0.0128 31 521 125 623
D40 0.0128 189 420 229 466
D40 0.0127 111 436 174 496
D40 0.0127 493 434 531 481
D40 0.0127 72 407 145 437
D40 0.0127 24 420 79 483
D40 0.0127 571 496 678 551
D40 0.0126 49 371 184 424
D40 0.0125 141 387 228 442
D40 0.0125 555 610 702 666
D40 0.0125 604 453 703 503
D40 0.0125 554 445 633 537
D40 0.0124 500 562 617 617
D40 0.0124 481 421 542 497
D40 0.0124 47 409 101 474
D40 0.0124 296 437 346 471
D40 0.0123 120 473 182 501
D40 0.0123 359 409 390 454
D40 0.0123 511 511 557 554
D40 0.0123 64 499 137 546
D40 0.0122 429 405 477 441
D40 0.0122 80 494 208 563
D40 0.0122 0 335 46 454
D40 0.0121 16 245 84 363
D40 0.0121 434 498 502 546
D40 0.0121 444 509 514 556
D40 0.0121 134 450 192 485
D40 0.0120 0 210 175 542
D40 0.0120 603 538 709 601
D40 0.0120 290 389 349 436
D40 0.0120 201 431 235 482
D40 0.0120 407 410 442 458
D40 0.0120 598 606 687 646
D40 0.0120 548 501 629 544
D40 0.0118 81 479 154 523
D40 0.0118 449 495 505 528
D40 0.0118 429 396 523 514
D40 0.0118 545 517 647 577
D40 0.0118 117 456 166 499
D40 0.0117 3 316 481 549
D40 0.0117 503 514 567 574
D40 0.0116 153 451 223 483
D40 0.0116 86 596 192 646
D40 0.0116 520 598 589 627
D40 0.0116 544 571 655 647
D40 0.0115 415 398 450 446
D40 0.0115 445 457 484 521
D40 0.0114 459 625 558 668
D40 0.0114 129 433 177 477
D40 0.0114 282 417 410 465
D40 0.0114 248 635 335 680
D40 0.0114 109 381 212 423
D40 0.0113 224 410 291 490
D40 0.0113 481 495 545 528
D40 0.0113 3 473 74 501
D40 0.0112 436 611 493 636
D40 0.0112 453 473 524 501
D40 0.0112 322 634 379 662
D40 0.0112 45 491 127 536
D40 0.0111 0 397 30 441
D40 0.0111 615 620 689 650
D40 0.0111 379 441 452 469
D40 0.0110 181 415 241 493
D40 0.0110 276 617 372 659
D40 0.0110 534 427 609 514
D40 0.0109 151 409 227 488
D40 0.0109 604 570 672 626
D40 0.0109 0 239 641 609
D40 0.0109 0 129 204 427
D40 0.0109 476 466 527 509
D40 0.0109 536 513 622 555
D40 0.0108 655 604 706 648
D40 0.0108 680 623 720 665
D40 0.0108 403 391 514 448
D40 0.0107 588 484 659 513
D40 0.0107 4 644 85 691
D40 0.0107 480 512 543 573
D40 0.0107 425 601 488 675
D40 0.0107 555 537 630 596
D40 0.0107 39 438 83 484
D40 0.0107 33 283 175 486
D40 0.0107 520 498 567 544
D40 0.0107 533 534 581 578
D40 0.0106 619 441 718 490
D40 0.0106 411 599 496 645
D40 0.0106 390 625 541 694
D40 0.0106 131 462 247 510
D40 0.0106 490 557 535 600
D40 0.0106 201 410 236 455
D40 0.0105 494 547 580 590
D40 0.0105 483 424 519 469
D40 0.0105 446 484 505 514
D40 0.0105 96 472 205 523
D40 0.0105 189 454 232 497
D40 0.0104 82 509 129 557
D40 0.0104 597 592 686 633
D40 0.0104 386 377 455 439
D40 0.0104 521 495 589 526
D40 0.0103 457 427 522 506
D40 0.0103 117 388 183 416
D40 0.0103 399 395 456 474
D40 0.0103 484 607 544 634
D40 0.0103 14 293 125 360
D40 0.0103 32 329 261 443
D40 0.0102 360 387 417 415
D40 0.0102 464 477 509 523
D40 0.0102 427 581 486 628
D40 0.0101 96 488 139 536
D40 0.0100 463 594 558 640
D40 0.0100 233 393 273 431
D40 0.0100 306 411 383 480
