D00 0.1228 228 476 378 550
D00 0.1015 246 498 333 549
D00 0.0958 192 496 351 563
D00 0.0799 271 475 360 531
D00 0.0735 248 517 311 548
D00 0.0692 224 508 319 559
D00 0.0684 250 456 398 531
D00 0.0607 211 490 384 593
D00 0.0595 295 472 369 514
D00 0.0531 288 482 349 521
D00 0.0499 308 456 403 504
D00 0.0496 273 471 400 582
D00 0.0481 218 468 444 675
D00 0.0446 669 614 718 718
D00 0.0446 164 510 330 581
D00 0.0421 233 511 361 576
D00 0.0411 163 468 414 569
D00 0.0405 320 464 391 494
D00 0.0380 319 471 423 675
D00 0.0379 339 525 445 704
D00 0.0373 278 489 338 535
D00 0.0358 626 569 708 711
D00 0.0349 325 450 405 487
D00 0.0336 114 499 380 624
D00 0.0333 238 526 301 560
D00 0.0326 316 473 388 505
D00 0.0326 293 471 419 534
D00 0.0326 359 557 425 683
D00 0.0321 222 504 339 622
D00 0.0315 341 532 404 666
D00 0.0315 244 497 308 578
D00 0.0311 678 634 710 705
D00 0.0300 177 482 326 543
D00 0.0286 355 583 471 695
D00 0.0282 92 447 456 608
D00 0.0279 362 509 422 647
D00 0.0269 304 466 366 496
D00 0.0269 260 531 503 688
D00 0.0268 313 608 441 706
D00 0.0263 339 484 404 620
D00 0.0263 288 505 405 641
D00 0.0259 687 645 717 712
D00 0.0258 357 560 396 641
D00 0.0253 268 453 464 602
D00 0.0253 309 539 398 696
D00 0.0251 485 514 514 575
D00 0.0250 216 522 310 582
D00 0.0250 381 523 488 702
D00 0.0250 351 452 413 480
D00 0.0248 337 581 407 697
D00 0.0244 381 533 444 665
D00 0.0241 281 475 346 507
D00 0.0233 350 457 402 495
D00 0.0233 639 648 717 718
D00 0.0230 74 517 408 692
D00 0.0230 321 479 412 573
D00 0.0222 248 557 429 715
D00 0.0221 311 486 386 611
D00 0.0217 360 479 464 675
D00 0.0214 672 666 714 713
D00 0.0209 255 491 341 592
D00 0.0209 254 507 298 556
D00 0.0207 404 557 466 680
D00 0.0206 475 504 505 566
D00 0.0205 305 478 371 536
D00 0.0204 486 533 514 597
D00 0.0204 349 458 432 612
D00 0.0203 477 503 523 600
D00 0.0203 242 485 364 687
D00 0.0203 116 470 337 554
D00 0.0197 188 456 353 533
D00 0.0196 177 477 330 659
D00 0.0191 375 632 462 701
D00 0.0190 0 656 80 720
D00 0.0190 258 479 327 539
D00 0.0189 253 494 308 540
D00 0.0188 419 539 500 689
D00 0.0186 467 486 515 580
D00 0.0183 297 451 456 517
D00 0.0181 265 461 358 512
D00 0.0181 288 685 378 719
D00 0.0180 659 591 714 687
D00 0.0179 366 539 405 621
D00 0.0178 362 548 391 615
D00 0.0178 295 667 413 714
D00 0.0178 322 654 438 706
D00 0.0176 609 602 685 708
D00 0.0175 345 445 419 508
D00 0.0174 404 621 478 695
D00 0.0173 587 506 714 705
D00 0.0173 1 608 116 714
D00 0.0169 396 586 523 692
D00 0.0168 1 684 98 720
D00 0.0167 649 613 692 705
D00 0.0165 311 474 350 527
D00 0.0165 665 647 701 711
D00 0.0164 347 540 388 621
D00 0.0163 445 514 524 671
D00 0.0162 370 569 401 633
D00 0.0161 237 511 296 605
D00 0.0161 643 521 720 688
D00 0.0159 246 514 287 568
D00 0.0159 632 543 698 669
D00 0.0158 407 511 468 644
D00 0.0158 494 515 524 574
D00 0.0156 330 469 398 526
D00 0.0156 433 510 492 641
D00 0.0156 303 572 449 668
D00 0.0156 251 418 554 671
D00 0.0155 660 687 716 717
D00 0.0154 11 665 129 719
D00 0.0154 177 535 307 598
D00 0.0150 383 489 445 624
D00 0.0149 486 630 564 704
D00 0.0149 314 454 382 482
D00 0.0149 311 446 376 523
D00 0.0147 349 460 421 534
D00 0.0147 319 563 398 642
D00 0.0146 302 431 425 563
D00 0.0146 541 470 679 682
D00 0.0145 316 689 390 715
D00 0.0144 165 495 281 565
D00 0.0144 361 610 446 687
D00 0.0143 272 433 417 503
D00 0.0143 342 472 404 503
D00 0.0143 683 632 719 683
D00 0.0142 625 682 715 719
D00 0.0142 273 521 374 616
D00 0.0141 48 684 144 720
D00 0.0141 351 571 384 634
D00 0.0139 154 558 350 715
D00 0.0139 474 484 503 545
D00 0.0139 360 552 435 629
D00 0.0138 477 533 505 596
D00 0.0138 460 483 497 564
D00 0.0138 464 541 550 688
D00 0.0137 335 439 412 476
D00 0.0137 626 648 690 709
D00 0.0135 321 466 361 517
D00 0.0133 290 529 363 661
D00 0.0133 549 645 634 708
D00 0.0133 281 490 392 548
D00 0.0132 239 535 361 600
D00 0.0132 667 614 701 685
D00 0.0131 480 502 516 547
D00 0.0130 366 451 409 522
D00 0.0130 317 678 391 708
D00 0.0130 524 635 617 698
D00 0.0130 2 669 52 716
D00 0.0129 399 477 539 683
D00 0.0129 485 525 535 625
D00 0.0128 345 580 388 662
D00 0.0128 549 395 720 720
D00 0.0128 68 616 151 652
D00 0.0127 638 601 678 695
D00 0.0127 30 468 290 659
D00 0.0126 424 608 463 687
D00 0.0126 467 523 516 625
D00 0.0126 366 580 409 662
D00 0.0125 362 470 411 564
D00 0.0125 357 641 428 698
D00 0.0125 50 644 139 720
D00 0.0124 681 679 720 720
D00 0.0124 427 557 461 644
D00 0.0124 0 561 77 711
D00 0.0124 246 524 313 655
D00 0.0124 375 447 419 483
D00 0.0124 33 689 112 718
D00 0.0123 504 644 592 710
D00 0.0123 631 339 720 526
D00 0.0123 321 459 384 548
D00 0.0123 84 610 155 638
D00 0.0123 325 619 385 714
D00 0.0123 194 502 292 625
D00 0.0122 204 510 313 709
D00 0.0122 0 634 48 720
D00 0.0122 627 614 668 703
D00 0.0121 323 550 466 644
D00 0.0121 342 579 413 623
D00 0.0121 602 572 690 673
D00 0.0120 236 538 297 571
D00 0.0120 448 464 522 608
D00 0.0119 232 505 287 549
D00 0.0119 351 574 403 608
D00 0.0119 390 588 453 680
D00 0.0119 454 503 505 599
D00 0.0118 318 595 397 675
D00 0.0118 122 522 278 580
D00 0.0118 241 611 382 709
D00 0.0117 594 653 681 716
D00 0.0117 215 520 290 552
D00 0.0117 6 453 133 666
D00 0.0117 372 479 403 539
D00 0.0117 356 513 394 604
D00 0.0116 493 611 579 681
D00 0.0116 496 496 524 555
D00 0.0116 425 608 491 704
D00 0.0115 502 640 544 711
D00 0.0115 375 560 416 642
D00 0.0114 437 532 469 622
D00 0.0113 484 507 534 564
D00 0.0112 537 611 620 683
D00 0.0112 464 513 493 576
D00 0.0112 428 573 477 673
D00 0.0111 576 553 671 698
D00 0.0111 347 622 414 710
D00 0.0111 494 560 562 678
D00 0.0110 121 503 278 692
D00 0.0110 162 426 418 528
D00 0.0110 223 552 344 681
D00 0.0110 293 581 365 698
D00 0.0109 0 0 162 285
D00 0.0109 30 632 164 701
D00 0.0109 278 499 349 556
D00 0.0109 0 616 61 696
D00 0.0108 644 667 695 711
D00 0.0108 15 554 137 720
D00 0.0108 464 473 491 531
D00 0.0108 239 681 365 720
D00 0.0107 255 521 295 581
D00 0.0107 341 676 415 706
D00 0.0107 477 545 527 609
D00 0.0107 65 620 165 670
D00 0.0106 34 501 175 693
D00 0.0106 280 466 346 492
D00 0.0106 493 514 558 635
D00 0.0106 311 653 380 709
D00 0.0105 359 459 396 515
D00 0.0105 428 523 461 609
D00 0.0104 365 462 423 491
D00 0.0104 331 457 375 504
D00 0.0104 641 636 673 702
D00 0.0104 658 643 717 695
D00 0.0104 411 638 457 708
D00 0.0103 374 491 422 597
D00 0.0103 646 602 701 672
D00 0.0103 415 570 453 656
D00 0.0103 77 689 157 717
D00 0.0103 557 624 644 693
D00 0.0102 364 442 421 468
D00 0.0102 331 683 420 717
D00 0.0101 615 674 681 720
D00 0.0101 349 490 403 550
D00 0.0101 378 470 417 546
D00 0.0100 277 647 372 715
D00 0.0100 333 640 402 700
D00 0.0100 504 662 563 712
D00 0.0100 612 413 715 597
D00 0.0100 460 621 545 692
D10 0.0291 331 633 460 698
D10 0.0256 267 649 449 714
D10 0.0205 361 620 466 677
D10 0.0199 277 669 390 716
D10 0.0183 194 651 388 717
D10 0.0178 508 633 627 684
D10 0.0172 392 612 530 676
D10 0.0167 649 675 709 710
D10 0.0165 220 625 409 706
D10 0.0158 336 607 446 666
D10 0.0149 296 679 372 709
D10 0.0148 441 612 583 676
D10 0.0142 184 521 300 572
D10 0.0142 532 644 606 673
D10 0.0138 377 632 446 661
D10 0.0138 311 661 403 703
D10 0.0136 359 585 414 616
D10 0.0135 637 663 702 699
D10 0.0134 533 655 608 683
D10 0.0133 171 670 294 716
D10 0.0130 634 688 706 716
D10 0.0130 563 651 663 690
D10 0.0129 296 607 419 680
D10 0.0128 666 662 712 700
D10 0.0127 432 601 555 651
D10 0.0126 369 621 435 651
D10 0.0126 483 519 536 549
D10 0.0123 502 649 598 689
D10 0.0122 377 586 498 654
D10 0.0122 484 529 538 561
D10 0.0122 251 675 354 712
D10 0.0121 605 658 691 703
D10 0.0121 388 637 469 680
D10 0.0120 341 572 439 632
D10 0.0120 378 615 459 658
D10 0.0119 459 617 551 656
D10 0.0117 555 640 647 679
D10 0.0116 126 670 249 716
D10 0.0113 493 637 583 677
D10 0.0113 103 682 226 720
D10 0.0112 349 636 436 680
D10 0.0110 416 633 543 685
D10 0.0110 502 531 560 560
D10 0.0109 347 620 412 651
D10 0.0109 444 628 540 667
D10 0.0108 510 626 605 669
D10 0.0108 376 642 447 673
D10 0.0107 79 668 202 718
D10 0.0107 359 595 415 627
D10 0.0107 481 600 594 653
D10 0.0107 482 626 571 667
D10 0.0106 326 625 415 666
D10 0.0106 139 560 228 594
D10 0.0106 183 686 280 719
D10 0.0105 336 649 427 693
D10 0.0104 150 686 246 719
D10 0.0104 368 575 427 607
D10 0.0104 79 686 177 720
D10 0.0102 471 607 562 645
D10 0.0102 484 540 539 571
D10 0.0101 402 627 480 668
D10 0.0101 265 662 364 703
D10 0.0100 2 659 78 703
D10 0.0100 614 676 683 707
D10 0.0100 126 651 310 719
D10 0.0100 298 666 371 698
D20 0.0534 478 611 720 706
D20 0.0521 115 490 655 690
D20 0.0500 338 574 701 710
D20 0.0385 387 615 639 703
D20 0.0352 231 515 541 701
D20 0.0347 611 596 711 714
D20 0.0330 294 612 500 706
D20 0.0314 525 642 714 712
D20 0.0306 22 504 448 699
D20 0.0289 470 573 644 701
D20 0.0261 499 633 658 695
D20 0.0253 579 627 699 702
D20 0.0249 370 522 565 694
D20 0.0243 126 564 457 718
D20 0.0238 247 638 469 717
D20 0.0233 345 634 578 715
D20 0.0226 520 531 694 697
D20 0.0220 438 644 629 711
D20 0.0217 612 661 720 716
D20 0.0212 279 560 475 685
D20 0.0209 23 365 626 652
D20 0.0209 408 634 562 694
D20 0.0203 644 633 720 720
D20 0.0201 344 496 488 663
D20 0.0196 88 508 320 593
D20 0.0195 457 520 606 672
D20 0.0194 345 493 665 662
D20 0.0194 7 569 335 716
D20 0.0190 20 487 334 641
D20 0.0186 562 565 720 718
D20 0.0184 2 646 161 720
D20 0.0183 444 587 577 691
D20 0.0183 173 615 418 711
D20 0.0180 0 664 92 720
D20 0.0178 418 498 559 652
D20 0.0178 18 440 412 603
D20 0.0176 447 493 719 711
D20 0.0176 480 619 580 698
D20 0.0174 485 610 626 678
D20 0.0172 0 0 489 353
D20 0.0171 201 0 720 353
D20 0.0170 215 439 592 636
D20 0.0169 240 508 436 640
D20 0.0167 278 460 479 562
D20 0.0166 373 603 555 684
D20 0.0163 21 198 720 710
D20 0.0162 8 542 242 676
D20 0.0160 7 614 221 713
D20 0.0158 0 142 348 720
D20 0.0153 375 142 720 720
D20 0.0146 0 0 176 272
D20 0.0143 21 18 720 530
D20 0.0142 310 476 521 595
D20 0.0139 73 405 370 720
D20 0.0138 426 559 547 677
D20 0.0135 674 597 720 717
D20 0.0133 554 604 685 683
D20 0.0132 0 442 181 720
D20 0.0131 8 569 154 707
D20 0.0127 50 641 283 720
D20 0.0127 465 505 542 598
D20 0.0124 183 558 400 680
D20 0.0122 504 545 596 689
D20 0.0122 438 500 628 608
D20 0.0121 225 310 703 673
D20 0.0120 63 527 287 617
D20 0.0118 128 642 368 720
D20 0.0115 0 0 307 500
D20 0.0114 483 573 575 666
D20 0.0114 37 463 302 575
D20 0.0113 474 551 632 640
D20 0.0113 0 0 315 216
D20 0.0113 0 0 87 141
D20 0.0113 431 640 532 711
D20 0.0112 436 599 529 683
D20 0.0111 484 500 567 649
D20 0.0111 436 476 534 594
D20 0.0109 134 533 333 647
D20 0.0109 466 519 565 573
D20 0.0109 524 592 621 709
D20 0.0109 611 517 720 697
D20 0.0108 655 546 720 720
D20 0.0108 401 579 516 720
D20 0.0107 575 674 705 720
D20 0.0107 283 675 423 720
D20 0.0107 445 523 523 623
D20 0.0104 546 0 720 268
D20 0.0104 0 497 182 629
D20 0.0103 0 375 285 623
D20 0.0101 509 585 641 656
D20 0.0101 357 602 472 720
D20 0.0100 22 600 176 680
D20 0.0100 650 676 720 720
D20 0.0100 389 481 586 591
D40 0.0380 675 603 716 648
D40 0.0294 332 624 500 702
D40 0.0290 325 655 466 709
D40 0.0282 665 596 720 679
D40 0.0224 386 634 534 695
D40 0.0220 678 613 711 685
D40 0.0218 363 641 469 698
D40 0.0215 683 620 719 671
D40 0.0206 107 598 168 626
D40 0.0199 356 659 446 701
D40 0.0194 522 644 638 692
D40 0.0191 121 588 175 618
D40 0.0187 668 599 715 630
D40 0.0175 625 553 703 644
D40 0.0168 89 588 177 633
D40 0.0163 545 654 664 704
D40 0.0159 302 645 404 713
D40 0.0156 680 352 720 396
D40 0.0153 555 655 626 684
D40 0.0151 598 313 720 453
D40 0.0148 401 646 479 691
D40 0.0148 637 343 720 435
D40 0.0146 636 588 720 646
D40 0.0142 0 472 115 633
D40 0.0141 489 620 609 675
D40 0.0139 664 338 720 404
D40 0.0138 598 497 717 657
D40 0.0135 620 367 708 456
D40 0.0134 664 611 708 659
D40 0.0133 70 600 169 644
D40 0.0132 681 577 720 653
D40 0.0130 14 521 97 626
D40 0.0128 93 609 162 637
D40 0.0127 612 540 705 603
D40 0.0126 597 358 720 507
D40 0.0125 580 663 693 713
D40 0.0121 642 389 720 480
D40 0.0121 326 434 417 480
D40 0.0118 409 655 457 700
D40 0.0118 672 627 715 660
D40 0.0115 671 371 720 401
D40 0.0115 588 564 691 624
D40 0.0114 643 526 718 620
D40 0.0112 595 571 713 669
D40 0.0111 0 536 127 690
D40 0.0111 648 364 720 406
D40 0.0110 124 576 177 607
D40 0.0109 526 522 706 633
D40 0.0108 556 638 604 679
D40 0.0108 556 664 627 695
D40 0.0107 470 631 586 685
D40 0.0107 13 570 98 661
D40 0.0107 661 349 718 383
D40 0.0106 375 654 447 687
D40 0.0106 3 491 71 617
D40 0.0105 422 636 464 681
D40 0.0104 374 668 459 709
D40 0.0104 524 659 615 699
D40 0.0103 352 675 426 705
D40 0.0103 611 404 710 466
D40 0.0100 387 662 492 712
D40 0.0100 0 544 77 642
