D00 0.0423 0 643 61 720
D00 0.0320 138 461 292 605
D00 0.0310 5 667 50 717
D00 0.0289 0 605 120 715
D00 0.0238 95 486 257 614
D00 0.0238 176 441 329 583
D00 0.0234 0 510 250 701
D00 0.0219 78 474 327 663
D00 0.0216 162 504 264 600
D00 0.0213 376 509 545 588
D00 0.0210 12 663 78 719
D00 0.0208 157 444 309 527
D00 0.0201 143 527 247 612
D00 0.0199 160 600 314 720
D00 0.0193 8 651 137 717
D00 0.0191 146 520 341 677
D00 0.0189 177 649 345 720
D00 0.0182 144 483 242 582
D00 0.0180 66 543 327 720
D00 0.0177 249 423 322 491
D00 0.0176 182 665 278 719
D00 0.0173 124 506 223 600
D00 0.0172 183 462 287 555
D00 0.0169 26 546 185 720
D00 0.0169 117 465 271 551
D00 0.0168 168 433 302 492
D00 0.0166 424 466 574 593
D00 0.0166 179 541 240 599
D00 0.0165 30 532 222 614
D00 0.0163 276 435 318 477
D00 0.0163 224 433 305 505
D00 0.0160 110 541 279 672
D00 0.0159 416 498 541 563
D00 0.0158 10 214 67 321
D00 0.0151 236 436 313 476
D00 0.0147 110 650 277 720
D00 0.0146 265 426 310 467
D00 0.0146 232 441 324 530
D00 0.0145 167 681 251 720
D00 0.0145 214 452 295 524
D00 0.0145 1 585 71 702
D00 0.0143 177 561 266 629
D00 0.0142 184 534 273 606
D00 0.0142 14 483 233 590
D00 0.0141 381 447 534 575
D00 0.0139 188 625 283 708
D00 0.0139 355 475 488 581
D00 0.0138 176 455 260 529
D00 0.0137 218 561 282 615
D00 0.0137 168 558 295 664
D00 0.0135 333 531 514 607
D00 0.0134 212 630 396 707
D00 0.0134 203 481 306 577
D00 0.0133 459 504 546 591
D00 0.0133 198 686 262 718
D00 0.0132 209 468 360 652
D00 0.0130 201 417 345 531
D00 0.0130 167 475 245 548
D00 0.0130 55 614 275 712
D00 0.0128 192 549 225 605
D00 0.0128 1 640 36 706
D00 0.0127 153 539 221 598
D00 0.0126 6 236 50 316
D00 0.0126 0 149 79 326
D00 0.0126 265 444 309 488
D00 0.0125 0 471 141 680
D00 0.0125 3 438 243 640
D00 0.0124 9 664 64 699
D00 0.0122 0 551 107 692
D00 0.0122 212 446 294 487
D00 0.0122 192 579 367 707
D00 0.0121 18 631 164 697
D00 0.0121 122 435 262 488
D00 0.0120 230 656 377 714
D00 0.0120 449 477 518 581
D00 0.0120 240 449 358 566
D00 0.0120 134 514 193 581
D00 0.0119 87 448 252 519
D00 0.0119 415 537 548 603
D00 0.0118 293 431 323 482
D00 0.0118 134 489 212 563
D00 0.0118 75 562 228 622
D00 0.0117 0 635 226 720
D00 0.0116 203 468 284 512
D00 0.0116 201 423 306 471
D00 0.0116 245 458 304 518
D00 0.0115 147 465 246 519
D00 0.0115 112 528 196 607
D00 0.0115 6 380 45 460
D00 0.0113 275 414 318 452
D00 0.0113 207 665 318 716
D00 0.0112 256 419 313 446
D00 0.0112 209 676 272 710
D00 0.0112 84 461 215 567
D00 0.0112 5 647 50 695
D00 0.0111 272 425 344 487
D00 0.0110 245 450 306 481
D00 0.0109 183 439 277 473
D00 0.0109 272 429 323 521
D00 0.0109 23 686 91 718
D00 0.0107 249 403 319 467
D00 0.0107 243 469 315 587
D00 0.0107 464 444 545 576
D00 0.0107 55 518 200 589
D00 0.0106 413 482 510 601
D00 0.0106 171 442 243 468
D00 0.0105 215 516 292 616
D00 0.0105 187 504 231 592
D00 0.0105 132 424 253 579
D00 0.0105 154 514 216 582
D00 0.0105 165 558 234 613
D00 0.0105 14 677 119 720
D00 0.0104 253 499 408 679
D00 0.0104 197 671 244 715
D00 0.0103 279 451 337 480
D00 0.0101 219 442 290 470
D00 0.0100 47 599 236 677
D00 0.0100 278 430 335 461
D00 0.0100 231 545 316 615
D10 0.0231 5 557 120 602
D10 0.0220 381 532 496 580
D10 0.0216 356 510 533 588
D10 0.0201 0 533 175 613
D10 0.0186 401 521 517 571
D10 0.0180 0 628 84 667
D10 0.0175 373 498 511 563
D10 0.0154 22 565 103 592
D10 0.0147 103 576 227 622
D10 0.0141 27 552 221 632
D10 0.0138 5 608 125 676
D10 0.0138 1 562 132 628
D10 0.0138 327 522 474 582
D10 0.0137 34 552 132 590
D10 0.0136 0 632 105 687
D10 0.0133 371 538 462 573
D10 0.0133 1 641 59 669
D10 0.0133 0 550 90 589
D10 0.0131 81 572 262 650
D10 0.0130 431 508 537 562
D10 0.0124 399 542 475 567
D10 0.0120 4 584 129 653
D10 0.0117 0 632 48 661
D10 0.0117 0 520 132 584
D10 0.0113 148 583 279 641
D10 0.0107 410 532 484 562
D10 0.0106 327 542 469 602
D10 0.0104 216 566 382 618
D10 0.0103 0 621 60 654
D20 0.0606 36 489 590 688
D20 0.0426 131 518 330 619
D20 0.0386 125 449 548 621
D20 0.0353 0 513 370 697
D20 0.0312 79 486 411 643
D20 0.0287 0 585 255 711
D20 0.0272 63 538 285 634
D20 0.0270 148 540 281 607
D20 0.0269 146 525 506 674
D20 0.0269 220 542 720 720
D20 0.0262 228 463 516 589
D20 0.0260 153 470 349 592
D20 0.0257 172 500 425 600
D20 0.0250 336 500 555 594
D20 0.0244 0 523 218 625
D20 0.0235 102 543 377 669
D20 0.0232 240 476 679 638
D20 0.0223 0 562 180 678
D20 0.0222 39 501 261 610
D20 0.0200 112 571 451 712
D20 0.0197 226 524 471 615
D20 0.0193 68 404 693 646
D20 0.0179 0 404 394 634
D20 0.0179 170 547 422 632
D20 0.0178 338 457 547 569
D20 0.0172 195 543 349 604
D20 0.0170 191 622 418 713
D20 0.0164 167 516 296 591
D20 0.0161 368 501 647 621
D20 0.0159 190 454 412 565
D20 0.0158 166 484 296 636
D20 0.0148 0 0 489 353
D20 0.0146 286 525 643 668
D20 0.0145 201 0 720 353
D20 0.0144 124 540 236 598
D20 0.0142 0 448 180 720
D20 0.0141 0 482 214 588
D20 0.0136 63 629 328 720
D20 0.0135 0 631 144 720
D20 0.0133 503 494 720 720
D20 0.0132 310 489 497 572
D20 0.0131 0 142 348 720
D20 0.0130 263 446 493 543
D20 0.0130 0 532 99 708
D20 0.0128 375 142 720 720
D20 0.0126 0 0 175 262
D20 0.0123 226 592 514 702
D20 0.0121 545 0 720 264
D20 0.0120 132 505 262 656
D20 0.0120 0 0 720 521
D20 0.0119 203 519 344 587
D20 0.0116 0 283 619 720
D20 0.0112 247 544 402 602
D20 0.0111 336 538 550 630
D20 0.0111 0 505 124 644
D20 0.0109 0 605 57 696
D20 0.0106 329 398 720 621
D20 0.0104 93 417 394 564
D20 0.0102 0 0 319 214
D20 0.0101 339 442 456 605
D20 0.0101 261 471 388 583
D20 0.0100 632 0 720 130
D40 0.0280 177 562 285 614
D40 0.0253 148 551 311 625
D40 0.0212 166 558 256 600
D40 0.0181 4 597 158 686
D40 0.0181 0 563 237 665
D40 0.0177 192 574 269 605
D40 0.0174 7 562 116 614
D40 0.0173 3 552 170 638
D40 0.0148 130 561 248 614
D40 0.0141 193 565 353 617
D40 0.0136 31 565 113 593
D40 0.0132 133 571 290 649
D40 0.0130 178 554 241 586
D40 0.0126 154 564 356 662
D40 0.0125 228 568 277 611
D40 0.0124 11 584 150 653
D40 0.0123 185 565 234 608
D40 0.0119 206 578 290 619
D40 0.0106 186 549 273 593
D40 0.0105 302 633 407 681
D40 0.0104 114 418 210 466
D40 0.0103 24 556 101 602
D40 0.0101 214 559 269 602
