D00 0.0449 397 668 513 718
D00 0.0409 577 660 628 719
D00 0.0356 432 682 518 720
D00 0.0302 407 678 486 709
D00 0.0279 436 647 518 720
D00 0.0255 553 663 653 719
D00 0.0250 369 677 484 719
D00 0.0248 397 686 477 715
D00 0.0242 396 616 519 716
D00 0.0241 582 686 642 718
D00 0.0235 441 671 493 715
D00 0.0233 601 607 720 712
D00 0.0214 422 656 490 713
D00 0.0212 585 628 637 720
D00 0.0211 571 678 616 720
D00 0.0208 587 646 617 709
D00 0.0201 562 612 682 714
D00 0.0195 578 654 705 715
D00 0.0195 0 549 105 720
D00 0.0189 442 697 511 720
D00 0.0183 156 565 238 638
D00 0.0183 567 631 621 720
D00 0.0179 537 681 625 720
D00 0.0175 585 665 640 699
D00 0.0173 375 649 474 713
D00 0.0173 415 621 475 717
D00 0.0171 453 658 502 720
D00 0.0171 458 688 534 719
D00 0.0171 443 678 570 720
D00 0.0168 640 640 720 716
D00 0.0167 667 412 717 515
D00 0.0167 604 592 644 637
D00 0.0164 521 638 720 720
D00 0.0162 589 674 654 711
D00 0.0162 206 678 324 720
D00 0.0160 450 650 638 720
D00 0.0158 0 627 54 720
D00 0.0153 588 683 680 720
D00 0.0153 584 608 642 640
D00 0.0153 181 554 256 631
D00 0.0152 572 698 632 720
D00 0.0151 258 642 344 720
D00 0.0145 315 632 395 709
D00 0.0144 592 547 720 693
D00 0.0142 648 582 719 698
D00 0.0142 284 572 370 710
D00 0.0141 491 606 654 720
D00 0.0138 425 591 496 707
D00 0.0135 254 683 344 720
D00 0.0132 136 545 258 647
D00 0.0132 239 688 313 718
D00 0.0132 537 633 662 702
D00 0.0132 566 664 621 700
D00 0.0129 0 584 49 682
D00 0.0129 614 677 720 720
D00 0.0129 411 697 482 720
D00 0.0128 655 372 716 496
D00 0.0127 430 634 565 705
D00 0.0127 489 656 577 720
D00 0.0126 15 608 87 716
D00 0.0126 526 675 590 720
D00 0.0126 445 632 489 717
D00 0.0126 222 645 309 720
D00 0.0126 559 595 639 635
D00 0.0125 198 563 243 640
D00 0.0123 173 557 221 631
D00 0.0123 327 597 381 702
D00 0.0121 395 673 452 708
D00 0.0121 468 675 506 720
D00 0.0121 529 648 615 720
D00 0.0120 331 641 375 713
D00 0.0118 467 638 531 720
D00 0.0118 145 574 209 631
D00 0.0118 558 668 607 716
D00 0.0117 592 644 653 704
D00 0.0117 294 557 370 626
D00 0.0115 340 647 442 711
D00 0.0115 315 575 372 668
D00 0.0114 191 563 226 624
D00 0.0113 233 597 330 718
D00 0.0113 369 580 470 709
D00 0.0113 421 583 575 716
D00 0.0112 583 589 655 698
D00 0.0112 672 648 720 710
D00 0.0111 391 621 455 712
D00 0.0111 190 645 276 720
D00 0.0111 590 578 655 647
D00 0.0111 208 688 281 718
D00 0.0111 426 674 463 720
D00 0.0110 590 698 656 720
D00 0.0109 300 634 366 718
D00 0.0108 16 572 181 714
D00 0.0108 617 573 710 666
D00 0.0108 546 698 614 720
D00 0.0108 320 575 417 708
D00 0.0108 0 514 43 624
D00 0.0107 597 605 652 660
D00 0.0106 554 577 643 710
D00 0.0106 647 688 713 718
D00 0.0106 603 655 638 713
D00 0.0106 563 566 683 675
D00 0.0106 203 552 237 613
D00 0.0105 269 586 340 698
D00 0.0105 78 547 235 686
D00 0.0104 408 663 460 704
D00 0.0103 515 693 602 720
D00 0.0103 453 605 546 720
D00 0.0101 522 601 677 683
D00 0.0101 0 0 103 161
D00 0.0101 155 585 218 620
D00 0.0100 167 580 250 624
D00 0.0100 330 682 428 717
D00 0.0100 385 681 440 716
D10 0.0596 363 669 489 711
D10 0.0415 382 679 468 706
D10 0.0282 195 613 324 656
D10 0.0275 397 669 474 699
D10 0.0270 315 634 479 702
D10 0.0245 338 673 447 708
D10 0.0220 222 622 299 650
D10 0.0197 411 663 499 706
D10 0.0189 224 627 323 661
D10 0.0171 362 668 444 698
D10 0.0169 375 687 456 714
D10 0.0155 238 623 354 674
D10 0.0132 323 623 443 675
D10 0.0121 403 583 485 622
D10 0.0118 256 632 368 690
D10 0.0112 411 589 513 640
D10 0.0112 200 630 307 684
D10 0.0108 666 417 716 447
D10 0.0108 286 619 397 679
D10 0.0107 373 605 496 683
D10 0.0106 377 648 469 695
D10 0.0106 445 666 510 698
D10 0.0105 250 617 342 656
D10 0.0103 153 631 290 699
D10 0.0101 262 633 332 660
D10 0.0101 432 599 495 628
D10 0.0100 457 645 561 699
D20 0.0574 276 617 522 712
D20 0.0410 344 652 531 716
D20 0.0401 132 580 560 720
D20 0.0355 189 614 424 714
D20 0.0331 290 657 462 710
D20 0.0309 363 604 654 710
D20 0.0306 391 642 614 720
D20 0.0285 151 572 370 667
D20 0.0285 52 500 612 687
D20 0.0267 269 576 437 711
D20 0.0258 39 581 392 718
D20 0.0235 132 637 359 720
D20 0.0229 367 675 513 720
D20 0.0222 233 547 720 720
D20 0.0218 307 573 511 684
D20 0.0218 203 560 474 689
D20 0.0214 126 550 321 648
D20 0.0211 380 580 525 717
D20 0.0203 279 632 422 719
D20 0.0170 364 625 475 707
D20 0.0169 211 656 359 716
D20 0.0167 430 675 572 720
D20 0.0163 0 0 489 353
D20 0.0160 201 0 720 353
D20 0.0157 29 640 269 720
D20 0.0156 238 587 371 698
D20 0.0154 0 374 489 720
D20 0.0154 637 320 720 506
D20 0.0151 169 564 302 635
D20 0.0148 0 142 348 720
D20 0.0147 200 374 720 720
D20 0.0143 277 675 424 720
D20 0.0142 375 142 720 720
D20 0.0140 116 594 284 720
D20 0.0140 172 609 309 712
D20 0.0138 0 0 176 267
D20 0.0136 332 474 720 686
D20 0.0134 547 0 720 272
D20 0.0132 0 0 720 521
D20 0.0132 467 630 720 720
D20 0.0131 309 562 478 636
D20 0.0128 344 532 597 706
D20 0.0127 171 535 376 632
D20 0.0125 0 174 720 720
D20 0.0125 500 492 720 720
D20 0.0123 667 394 719 499
D20 0.0122 249 544 402 673
D20 0.0121 322 606 468 683
D20 0.0121 212 551 344 653
D20 0.0121 0 497 219 720
D20 0.0119 0 583 42 681
D20 0.0117 0 0 317 216
D20 0.0117 147 656 292 717
D20 0.0116 675 370 720 464
D20 0.0113 463 0 720 174
D20 0.0106 97 657 246 716
D20 0.0106 458 666 634 720
D20 0.0106 0 632 138 720
D20 0.0104 173 543 297 691
D40 0.0524 192 618 283 652
D40 0.0508 5 524 92 617
D40 0.0486 0 519 173 621
D40 0.0447 183 600 292 649
D40 0.0422 8 520 139 579
D40 0.0380 0 589 38 632
D40 0.0368 9 538 136 604
D40 0.0366 198 611 270 642
D40 0.0347 0 546 72 639
D40 0.0324 0 503 73 595
D40 0.0314 6 515 92 563
D40 0.0309 0 482 83 650
D40 0.0284 272 657 433 711
D40 0.0279 204 631 281 655
D40 0.0276 20 520 93 547
D40 0.0267 15 527 82 554
D40 0.0253 3 587 64 618
D40 0.0247 230 533 296 561
D40 0.0243 156 579 327 654
D40 0.0240 0 576 55 644
D40 0.0238 204 525 307 568
D40 0.0231 0 484 174 573
D40 0.0226 8 577 341 720
D40 0.0222 0 537 115 700
D40 0.0220 12 533 87 575
D40 0.0219 9 502 138 558
D40 0.0219 215 623 397 709
D40 0.0218 192 593 274 636
D40 0.0215 20 523 116 557
D40 0.0211 172 600 352 676
D40 0.0206 219 542 287 568
D40 0.0205 4 544 239 683
D40 0.0202 0 614 184 717
D40 0.0201 10 561 134 622
D40 0.0201 50 524 195 577
D40 0.0198 5 570 91 662
D40 0.0195 0 569 38 616
D40 0.0192 253 664 374 717
D40 0.0190 281 577 387 628
D40 0.0188 13 655 148 716
D40 0.0187 197 498 262 524
D40 0.0185 309 670 400 710
D40 0.0177 301 643 384 714
D40 0.0173 315 622 424 706
D40 0.0171 227 605 277 646
D40 0.0169 301 587 364 616
D40 0.0164 105 531 173 561
D40 0.0163 7 618 97 712
D40 0.0161 157 622 332 707
D40 0.0159 45 527 249 620
D40 0.0159 15 477 84 580
D40 0.0158 238 616 287 653
D40 0.0157 110 547 297 647
D40 0.0155 341 623 463 674
D40 0.0152 154 585 269 641
D40 0.0150 11 547 88 589
D40 0.0149 46 645 143 701
D40 0.0149 231 522 294 551
D40 0.0148 1 603 34 666
D40 0.0146 0 605 47 638
D40 0.0146 53 540 196 601
D40 0.0145 402 587 467 616
D40 0.0144 0 478 302 667
D40 0.0143 301 586 405 639
D40 0.0142 187 667 304 720
D40 0.0141 154 608 290 666
D40 0.0140 329 667 376 710
D40 0.0139 13 513 63 552
D40 0.0138 194 540 275 573
D40 0.0137 396 587 497 638
D40 0.0137 0 591 72 691
D40 0.0136 28 504 109 595
D40 0.0136 311 596 373 626
D40 0.0135 329 661 430 704
D40 0.0135 5 568 85 616
D40 0.0134 130 575 227 632
D40 0.0132 259 566 368 619
D40 0.0131 371 578 482 625
D40 0.0130 230 537 317 571
D40 0.0129 230 644 333 720
D40 0.0129 206 615 296 672
D40 0.0128 180 621 251 648
D40 0.0128 382 559 647 682
D40 0.0127 103 523 214 567
D40 0.0127 339 643 467 700
D40 0.0126 257 585 371 641
D40 0.0125 7 520 51 563
D40 0.0124 219 528 266 566
D40 0.0122 210 600 337 652
D40 0.0122 633 639 720 701
D40 0.0122 182 492 277 532
D40 0.0122 281 595 372 690
D40 0.0121 183 556 283 642
D40 0.0120 259 641 369 703
D40 0.0119 81 534 160 572
D40 0.0119 319 676 441 720
D40 0.0118 185 629 285 684
D40 0.0118 210 508 273 534
D40 0.0117 210 611 248 655
D40 0.0117 66 526 152 561
D40 0.0117 197 624 247 660
D40 0.0115 188 602 234 644
D40 0.0114 72 658 221 715
D40 0.0114 95 517 247 589
D40 0.0114 415 598 515 651
D40 0.0114 206 516 283 555
D40 0.0113 385 517 441 546
D40 0.0113 364 610 485 666
D40 0.0113 422 598 487 627
D40 0.0112 36 536 127 576
D40 0.0112 180 580 259 624
D40 0.0111 296 675 367 708
D40 0.0111 292 577 354 607
D40 0.0110 54 505 190 557
D40 0.0110 320 611 443 663
D40 0.0109 199 581 263 658
D40 0.0108 30 536 108 649
D40 0.0108 193 543 292 592
D40 0.0108 0 585 90 631
D40 0.0107 0 511 47 629
D40 0.0107 200 553 262 579
D40 0.0106 194 500 289 545
D40 0.0106 362 555 544 650
D40 0.0106 342 533 528 621
D40 0.0105 28 525 69 585
D40 0.0103 113 541 236 608
D40 0.0102 435 608 495 638
D40 0.0102 527 590 636 637
D40 0.0101 448 645 552 701
D40 0.0101 253 522 312 549
D40 0.0100 4 556 47 604
D40 0.0100 12 585 133 646
