D00 0.1125 390 518 437 618
D00 0.0806 397 527 429 595
D00 0.0563 326 586 384 685
D00 0.0495 331 519 448 658
D00 0.0474 573 554 659 713
D00 0.0468 362 542 442 634
D00 0.0450 262 573 383 699
D00 0.0442 393 499 431 583
D00 0.0428 532 542 616 702
D00 0.0421 366 510 439 592
D00 0.0398 358 468 464 650
D00 0.0395 598 611 646 720
D00 0.0378 285 522 386 659
D00 0.0349 250 592 297 701
D00 0.0346 244 563 333 708
D00 0.0339 335 608 372 672
D00 0.0338 522 553 583 688
D00 0.0334 389 538 433 571
D00 0.0322 1 628 66 701
D00 0.0320 237 612 288 717
D00 0.0320 324 607 365 693
D00 0.0319 0 531 109 702
D00 0.0318 544 558 593 665
D00 0.0315 315 592 362 667
D00 0.0312 603 572 673 706
D00 0.0308 322 485 420 633
D00 0.0300 584 553 720 716
D00 0.0298 554 584 637 696
D00 0.0296 262 573 311 679
D00 0.0296 393 510 461 588
D00 0.0292 272 552 351 664
D00 0.0286 317 496 368 602
D00 0.0277 497 538 570 693
D00 0.0274 27 618 70 696
D00 0.0266 303 514 405 610
D00 0.0255 9 542 260 682
D00 0.0254 508 573 652 715
D00 0.0253 13 644 59 693
D00 0.0252 386 520 422 583
D00 0.0251 336 554 408 653
D00 0.0249 16 577 86 696
D00 0.0249 392 521 473 648
D00 0.0247 298 586 352 693
D00 0.0246 222 580 303 716
D00 0.0244 381 540 437 593
D00 0.0243 260 611 289 684
D00 0.0240 510 557 557 665
D00 0.0240 461 528 599 687
D00 0.0238 547 611 693 713
D00 0.0238 555 541 607 646
D00 0.0235 101 527 323 692
D00 0.0234 160 506 375 668
D00 0.0231 401 533 448 580
D00 0.0229 312 521 355 590
D00 0.0228 251 462 442 709
D00 0.0227 395 530 441 563
D00 0.0225 300 564 350 635
D00 0.0224 216 628 271 720
D00 0.0219 66 525 255 624
D00 0.0218 333 612 422 690
D00 0.0216 376 475 427 585
D00 0.0215 226 620 346 720
D00 0.0214 11 467 344 698
D00 0.0213 248 623 280 696
D00 0.0210 266 496 359 643
D00 0.0210 329 518 372 590
D00 0.0208 258 564 327 644
D00 0.0207 554 577 584 650
D00 0.0201 573 634 660 718
D00 0.0201 520 544 569 646
D00 0.0201 387 543 424 614
D00 0.0200 588 644 638 714
D00 0.0198 226 651 303 720
D00 0.0196 33 645 65 704
D00 0.0195 110 553 205 608
D00 0.0193 608 632 638 706
D00 0.0192 32 475 180 677
D00 0.0192 271 591 300 659
D00 0.0191 318 622 392 702
D00 0.0191 564 568 595 639
D00 0.0191 78 562 209 623
D00 0.0190 566 530 620 628
D00 0.0188 297 498 350 600
D00 0.0188 514 522 644 666
D00 0.0187 625 555 697 689
D00 0.0184 252 691 323 717
D00 0.0183 208 543 334 666
D00 0.0182 270 610 299 683
D00 0.0181 610 560 659 671
D00 0.0180 604 591 644 685
D00 0.0178 535 561 578 647
D00 0.0176 520 568 548 638
D00 0.0175 407 497 449 578
D00 0.0175 44 635 75 696
D00 0.0175 383 439 485 616
D00 0.0174 184 530 300 715
D00 0.0171 236 634 270 704
D00 0.0171 377 569 429 648
D00 0.0171 276 599 317 690
D00 0.0170 614 611 704 710
D00 0.0170 575 537 629 595
D00 0.0169 329 472 377 580
D00 0.0168 328 502 357 577
D00 0.0166 336 496 392 600
D00 0.0165 235 475 384 620
D00 0.0165 208 577 272 703
D00 0.0164 552 565 688 671
D00 0.0163 194 592 351 693
D00 0.0163 184 625 301 720
D00 0.0162 481 553 543 682
D00 0.0162 253 633 294 717
D00 0.0160 223 684 308 720
D00 0.0160 391 480 510 657
D00 0.0159 309 476 357 580
D00 0.0159 367 498 414 580
D00 0.0158 566 600 670 683
D00 0.0158 244 581 360 653
D00 0.0157 0 615 127 704
D00 0.0157 290 598 331 688
D00 0.0157 272 591 328 655
D00 0.0156 317 502 347 576
D00 0.0154 289 573 333 646
D00 0.0154 281 572 314 634
D00 0.0154 286 526 344 616
D00 0.0153 561 568 616 673
D00 0.0152 99 556 229 672
D00 0.0152 100 504 313 606
D00 0.0152 8 634 92 716
D00 0.0151 405 545 447 611
D00 0.0151 560 535 674 639
D00 0.0151 341 526 416 589
D00 0.0151 262 688 356 718
D00 0.0150 306 585 341 639
D00 0.0150 424 455 465 495
D00 0.0150 151 578 280 700
D00 0.0149 225 648 260 712
D00 0.0149 338 502 367 575
D00 0.0148 523 626 635 701
D00 0.0148 403 459 469 581
D00 0.0146 305 530 339 588
D00 0.0146 529 568 560 639
D00 0.0146 228 590 284 689
D00 0.0144 268 553 310 635
D00 0.0144 529 577 628 658
D00 0.0144 557 586 597 676
D00 0.0144 264 620 305 708
D00 0.0144 667 58 713 166
D00 0.0143 317 620 349 688
D00 0.0142 513 531 591 626
D00 0.0142 436 527 533 677
D00 0.0142 324 472 362 555
D00 0.0142 230 668 274 713
D00 0.0142 418 451 470 479
D00 0.0141 543 542 655 602
D00 0.0140 241 603 290 674
D00 0.0140 474 596 592 705
D00 0.0139 3 538 69 666
D00 0.0139 262 583 292 649
D00 0.0138 288 615 362 720
D00 0.0138 307 609 339 679
D00 0.0138 141 540 278 657
D00 0.0138 414 538 500 664
D00 0.0138 245 535 342 624
D00 0.0138 574 548 608 610
D00 0.0137 0 640 39 697
D00 0.0137 256 658 342 719
D00 0.0137 386 493 416 564
D00 0.0137 204 662 262 717
D00 0.0135 411 569 583 670
D00 0.0134 500 542 549 642
D00 0.0133 420 503 493 625
D00 0.0132 596 652 717 715
D00 0.0132 517 515 704 719
D00 0.0131 279 544 322 626
D00 0.0131 17 662 69 695
D00 0.0130 402 471 439 563
D00 0.0130 337 540 385 625
D00 0.0129 346 525 379 588
D00 0.0129 651 572 717 703
D00 0.0129 397 480 424 551
D00 0.0129 541 587 574 659
D00 0.0129 598 623 631 697
D00 0.0128 344 620 380 685
D00 0.0128 7 656 62 713
D00 0.0128 503 602 610 681
D00 0.0127 335 461 372 543
D00 0.0127 372 535 413 601
D00 0.0127 220 680 264 720
D00 0.0126 132 532 238 614
D00 0.0126 127 563 193 598
D00 0.0126 168 521 306 634
D00 0.0124 20 640 69 677
D00 0.0124 118 520 252 587
D00 0.0123 602 665 641 715
D00 0.0123 414 440 476 506
D00 0.0123 30 560 112 678
D00 0.0122 365 667 481 709
D00 0.0122 197 501 329 614
D00 0.0122 418 448 450 500
D00 0.0121 297 464 404 589
D00 0.0120 269 625 327 720
D00 0.0120 580 557 694 625
D00 0.0120 567 558 637 647
D00 0.0119 338 495 445 565
D00 0.0119 27 577 167 690
D00 0.0118 231 576 303 659
D00 0.0118 547 524 622 592
D00 0.0118 78 581 208 650
D00 0.0118 293 553 328 613
D00 0.0118 593 679 634 720
D00 0.0118 620 599 648 674
D00 0.0117 374 465 455 562
D00 0.0117 133 409 387 720
D00 0.0116 483 480 521 523
D00 0.0115 259 520 379 587
D00 0.0115 504 587 541 675
D00 0.0115 434 466 474 509
D00 0.0115 350 473 403 578
D00 0.0114 246 661 280 717
D00 0.0114 29 652 81 687
D00 0.0114 473 644 643 716
D00 0.0114 524 586 567 674
D00 0.0113 476 580 585 658
D00 0.0113 345 470 382 556
D00 0.0112 150 655 287 711
D00 0.0112 50 415 246 671
D00 0.0112 414 526 465 608
D00 0.0111 435 462 490 492
D00 0.0111 588 528 630 570
D00 0.0110 607 621 658 696
D00 0.0110 45 532 158 664
D00 0.0110 0 392 161 663
D00 0.0110 543 550 601 615
D00 0.0110 426 439 461 486
D00 0.0110 369 471 407 560
D00 0.0109 171 615 264 705
D00 0.0109 300 623 341 702
D00 0.0109 115 514 217 634
D00 0.0109 387 535 481 601
D00 0.0108 39 596 97 692
D00 0.0108 378 513 441 560
D00 0.0108 252 671 297 712
D00 0.0107 542 597 594 704
D00 0.0107 415 446 499 586
D00 0.0106 572 578 604 648
D00 0.0106 502 510 540 551
D00 0.0105 193 632 250 720
D00 0.0105 385 677 459 704
D00 0.0105 470 470 510 512
D00 0.0104 20 511 127 652
D00 0.0104 385 470 413 533
D00 0.0104 106 491 267 573
D00 0.0104 379 684 466 718
D00 0.0103 576 562 629 591
D00 0.0103 142 547 222 592
D00 0.0103 664 627 718 720
D00 0.0103 387 452 434 552
D00 0.0102 106 543 188 644
D00 0.0102 493 491 568 641
D00 0.0102 509 569 539 637
D00 0.0102 154 482 358 587
D00 0.0102 548 660 644 718
D00 0.0102 205 563 337 626
D00 0.0102 621 539 673 641
D00 0.0102 339 633 369 696
D00 0.0101 124 447 275 649
D00 0.0101 350 460 378 519
D00 0.0100 456 469 498 511
D00 0.0100 360 504 392 572
D00 0.0100 420 451 470 543
D00 0.0100 292 691 368 715
D00 0.0100 342 678 450 720
D10 0.0976 312 561 372 584
D10 0.0706 306 551 399 606
D10 0.0594 291 558 368 594
D10 0.0496 315 570 371 604
D10 0.0491 289 594 375 634
D10 0.0480 325 554 401 583
D10 0.0367 312 540 443 599
D10 0.0318 271 554 370 610
D10 0.0306 283 607 349 634
D10 0.0302 298 585 360 624
D10 0.0277 315 640 504 712
D10 0.0273 287 555 349 584
D10 0.0268 335 562 417 588
D10 0.0258 318 541 369 580
D10 0.0257 316 558 432 628
D10 0.0247 274 597 333 629
D10 0.0227 347 533 435 581
D10 0.0220 287 572 347 606
D10 0.0197 376 530 430 563
D10 0.0195 263 651 399 711
D10 0.0195 266 601 343 642
D10 0.0194 366 630 537 692
D10 0.0187 371 657 541 706
D10 0.0171 274 564 336 591
D10 0.0170 242 669 358 715
D10 0.0167 400 530 454 563
D10 0.0161 336 573 412 604
D10 0.0159 285 520 403 588
D10 0.0158 348 586 423 618
D10 0.0157 299 541 353 578
D10 0.0157 241 563 363 630
D10 0.0156 269 580 345 627
D10 0.0154 598 543 716 601
D10 0.0145 300 616 358 648
D10 0.0141 264 680 333 708
D10 0.0137 263 607 315 637
D10 0.0136 244 679 308 709
D10 0.0134 374 573 433 606
D10 0.0129 284 675 376 709
D10 0.0129 346 529 417 561
D10 0.0128 376 560 431 595
D10 0.0127 271 687 366 718
D10 0.0122 265 585 319 619
D10 0.0121 388 518 434 552
D10 0.0117 3 641 58 678
D10 0.0116 360 519 422 551
D10 0.0115 275 610 355 655
D10 0.0115 647 556 720 598
D10 0.0114 325 655 447 701
D10 0.0114 129 670 242 711
D10 0.0110 329 474 565 596
D10 0.0108 669 69 720 99
D10 0.0108 409 649 604 712
D10 0.0108 287 663 451 720
D10 0.0106 264 574 321 605
D10 0.0106 396 533 473 577
D10 0.0103 252 559 333 599
D10 0.0103 271 617 328 649
D10 0.0100 385 518 506 584
D10 0.0100 328 528 383 561
D20 0.3633 239 525 615 701
D20 0.2068 264 567 526 690
D20 0.1615 293 530 483 669
D20 0.1411 0 482 636 713
D20 0.1037 92 533 470 698
D20 0.0804 237 576 422 701
D20 0.0707 376 576 680 705
D20 0.0639 277 587 386 639
D20 0.0598 310 556 380 646
D20 0.0596 193 513 454 659
D20 0.0573 308 611 497 699
D20 0.0531 310 507 440 637
D20 0.0510 283 598 608 720
D20 0.0456 304 476 720 714
D20 0.0428 267 548 390 665
D20 0.0426 337 518 535 649
D20 0.0404 266 447 497 720
D20 0.0382 10 565 372 713
D20 0.0377 295 548 358 639
D20 0.0375 341 475 475 635
D20 0.0363 166 554 382 703
D20 0.0355 246 619 456 720
D20 0.0355 333 527 442 591
D20 0.0345 378 541 560 688
D20 0.0337 21 198 720 710
D20 0.0335 301 537 372 603
D20 0.0319 278 602 379 664
D20 0.0318 317 519 391 591
D20 0.0307 504 557 705 715
D20 0.0285 315 542 406 624
D20 0.0284 115 430 579 663
D20 0.0272 0 629 63 701
D20 0.0266 21 18 720 530
D20 0.0264 380 565 443 664
D20 0.0257 243 495 397 644
D20 0.0254 259 574 360 635
D20 0.0250 95 604 438 720
D20 0.0234 220 613 374 710
D20 0.0232 272 513 421 604
D20 0.0220 266 583 339 664
D20 0.0219 372 599 538 698
D20 0.0218 393 516 662 647
D20 0.0218 330 634 567 714
D20 0.0210 368 580 520 658
D20 0.0205 0 0 489 353
D20 0.0201 151 526 378 638
D20 0.0201 201 0 720 353
D20 0.0194 0 492 243 720
D20 0.0190 375 142 720 720
D20 0.0188 0 142 348 720
D20 0.0187 388 519 476 580
D20 0.0186 457 626 718 720
D20 0.0185 258 614 368 680
D20 0.0183 0 579 201 693
D20 0.0179 80 580 298 698
D20 0.0176 134 631 355 720
D20 0.0175 323 490 458 584
D20 0.0175 359 449 552 708
D20 0.0174 317 596 422 720
D20 0.0170 549 544 720 665
D20 0.0165 362 592 436 685
D20 0.0163 387 501 508 626
D20 0.0156 303 468 590 625
D20 0.0154 562 539 712 613
D20 0.0153 495 413 720 720
D20 0.0140 351 507 444 573
D20 0.0137 83 465 423 617
D20 0.0137 238 624 342 692
D20 0.0135 85 365 404 707
D20 0.0135 3 615 155 702
D20 0.0135 433 568 589 720
D20 0.0133 357 481 542 596
D20 0.0132 200 363 676 701
D20 0.0128 234 474 459 603
D20 0.0128 54 633 286 719
D20 0.0128 0 380 330 635
D20 0.0128 0 0 178 274
D20 0.0128 522 522 623 573
D20 0.0126 610 601 720 720
D20 0.0126 415 553 503 677
D20 0.0126 357 605 468 720
D20 0.0124 546 0 720 267
D20 0.0123 397 579 463 679
D20 0.0120 266 531 366 590
D20 0.0113 453 0 720 175
D20 0.0113 0 0 259 176
D20 0.0113 609 520 720 698
D20 0.0109 466 0 720 369
D20 0.0105 0 542 141 677
D20 0.0104 209 649 405 720
D20 0.0103 542 519 617 556
D20 0.0103 495 513 666 614
D20 0.0101 267 637 376 697
D20 0.0100 0 650 87 712
D20 0.0100 291 649 492 720
D40 0.2744 324 599 389 647
D40 0.2410 295 551 462 677
D40 0.1523 306 580 431 656
D40 0.0951 310 574 393 639
D40 0.0898 312 600 375 630
D40 0.0773 306 525 448 635
D40 0.0750 291 608 454 701
D40 0.0747 323 583 379 628
D40 0.0629 339 586 475 681
D40 0.0619 317 557 366 594
D40 0.0612 386 555 457 638
D40 0.0602 331 616 404 650
D40 0.0553 326 611 426 672
D40 0.0547 397 565 440 614
D40 0.0545 340 594 400 637
D40 0.0544 287 585 388 684
D40 0.0498 317 564 368 614
D40 0.0441 322 627 487 693
D40 0.0420 370 545 487 650
D40 0.0406 289 553 373 661
D40 0.0396 392 577 471 623
D40 0.0391 332 618 377 665
D40 0.0382 363 576 448 660
D40 0.0361 301 558 350 597
D40 0.0358 291 541 410 615
D40 0.0348 309 608 378 655
D40 0.0334 397 585 444 634
D40 0.0330 322 589 412 700
D40 0.0326 6 543 203 654
D40 0.0317 352 599 415 646
D40 0.0315 316 588 355 640
D40 0.0281 0 475 339 678
D40 0.0259 95 565 190 616
D40 0.0257 297 559 359 626
D40 0.0253 347 588 437 637
D40 0.0251 266 636 437 717
D40 0.0249 314 651 466 709
D40 0.0246 321 534 363 584
D40 0.0245 43 526 233 626
D40 0.0240 580 534 623 581
D40 0.0230 3 645 53 693
D40 0.0229 325 549 395 611
D40 0.0228 336 547 386 589
D40 0.0222 389 552 448 605
D40 0.0220 346 555 444 626
D40 0.0216 0 445 277 608
D40 0.0214 9 568 97 671
D40 0.0213 336 628 408 659
D40 0.0208 334 588 408 619
D40 0.0207 387 601 452 665
D40 0.0204 33 563 177 628
D40 0.0195 333 542 367 597
D40 0.0191 364 618 452 690
D40 0.0190 385 591 497 650
D40 0.0190 342 600 399 677
D40 0.0186 56 543 197 609
D40 0.0185 370 610 428 655
D40 0.0180 7 481 204 586
D40 0.0180 560 530 639 587
D40 0.0178 565 530 618 562
D40 0.0174 288 591 335 634
D40 0.0174 291 549 336 591
D40 0.0174 311 538 357 603
D40 0.0172 583 551 638 585
D40 0.0171 379 577 430 625
D40 0.0167 108 574 178 608
D40 0.0167 350 636 442 679
D40 0.0164 18 581 142 656
D40 0.0157 375 606 440 640
D40 0.0157 338 538 416 599
D40 0.0156 385 623 436 667
D40 0.0153 577 544 698 601
D40 0.0150 0 381 359 587
D40 0.0149 0 578 154 699
D40 0.0148 403 595 478 627
D40 0.0147 405 564 491 633
D40 0.0145 357 630 433 661
D40 0.0145 376 641 496 709
D40 0.0144 302 536 346 584
D40 0.0141 67 469 349 587
D40 0.0141 289 566 336 616
D40 0.0139 7 560 118 629
D40 0.0136 3 595 76 688
D40 0.0136 412 569 468 613
D40 0.0135 38 462 246 564
D40 0.0133 53 582 190 651
D40 0.0133 533 523 625 575
D40 0.0132 6 414 238 532
D40 0.0130 350 661 446 697
D40 0.0130 310 614 386 720
D40 0.0129 0 452 156 559
D40 0.0128 29 623 70 673
D40 0.0127 229 456 336 497
D40 0.0127 403 598 456 644
D40 0.0126 342 557 381 628
D40 0.0125 0 531 139 619
D40 0.0125 347 617 432 718
D40 0.0125 383 618 505 675
D40 0.0124 165 443 351 528
D40 0.0123 380 589 421 652
D40 0.0123 386 619 452 650
D40 0.0122 32 603 87 672
D40 0.0121 3 666 51 709
D40 0.0121 375 650 467 689
D40 0.0120 263 463 332 489
D40 0.0118 278 454 341 482
D40 0.0117 330 632 405 678
D40 0.0117 392 595 480 698
D40 0.0116 99 584 168 616
D40 0.0115 0 548 78 646
D40 0.0115 592 541 649 575
D40 0.0115 415 586 484 618
D40 0.0115 493 500 531 541
D40 0.0114 361 655 439 685
D40 0.0114 279 558 324 601
D40 0.0112 13 615 102 682
D40 0.0111 555 540 615 573
D40 0.0111 594 547 675 588
D40 0.0110 183 418 368 501
D40 0.0110 392 657 515 700
D40 0.0109 79 519 213 590
D40 0.0109 31 543 114 660
D40 0.0109 395 635 444 679
D40 0.0108 192 457 322 510
D40 0.0108 628 552 690 584
D40 0.0106 621 550 720 605
D40 0.0105 601 527 717 583
D40 0.0105 563 522 616 551
D40 0.0105 409 605 521 663
D40 0.0103 577 556 649 596
D40 0.0102 350 533 403 581
D40 0.0101 384 667 459 695
D40 0.0100 213 436 343 488
