D00 0.0480 361 536 393 596
D00 0.0448 360 505 410 602
D00 0.0434 121 473 192 559
D00 0.0398 370 525 402 590
D00 0.0374 377 503 418 588
D00 0.0328 341 499 443 613
D00 0.0321 390 494 428 577
D00 0.0292 341 512 403 628
D00 0.0283 373 512 442 595
D00 0.0282 402 502 438 585
D00 0.0276 132 483 171 549
D00 0.0273 395 522 425 588
D00 0.0265 157 479 190 549
D00 0.0255 343 526 397 591
D00 0.0245 368 533 421 597
D00 0.0245 384 496 415 560
D00 0.0239 352 546 385 603
D00 0.0235 143 478 181 539
D00 0.0234 407 501 455 602
D00 0.0234 292 500 408 611
D00 0.0233 86 494 131 570
D00 0.0233 155 471 209 565
D00 0.0229 251 568 403 703
D00 0.0227 323 485 422 648
D00 0.0221 418 513 446 577
D00 0.0220 372 503 404 572
D00 0.0218 395 488 424 547
D00 0.0217 354 550 399 587
D00 0.0213 406 495 434 559
D00 0.0210 468 530 633 660
D00 0.0200 54 496 188 674
D00 0.0199 360 527 422 645
D00 0.0199 329 492 413 578
D00 0.0198 112 486 184 537
D00 0.0197 309 517 392 660
D00 0.0197 168 491 200 554
D00 0.0192 407 530 436 597
D00 0.0189 296 539 447 680
D00 0.0189 359 522 398 572
D00 0.0186 5 544 106 690
D00 0.0184 0 597 121 712
D00 0.0184 441 506 469 565
D00 0.0183 396 520 445 620
D00 0.0179 430 506 458 566
D00 0.0178 285 542 370 683
D00 0.0177 285 640 353 720
D00 0.0175 363 540 410 575
D00 0.0175 452 505 480 564
D00 0.0175 370 509 452 653
D00 0.0175 97 473 166 563
D00 0.0173 425 511 462 595
D00 0.0171 440 538 580 646
D00 0.0170 121 576 183 605
D00 0.0169 132 483 185 518
D00 0.0167 322 538 395 610
D00 0.0167 120 482 165 528
D00 0.0165 197 613 410 710
D00 0.0164 532 560 656 670
D00 0.0163 484 585 622 651
D00 0.0159 100 469 272 642
D00 0.0158 375 476 424 566
D00 0.0157 391 498 475 632
D00 0.0156 96 445 197 574
D00 0.0155 111 544 191 610
D00 0.0154 609 510 716 686
D00 0.0154 463 505 490 564
D00 0.0154 222 600 387 679
D00 0.0153 113 496 214 623
D00 0.0152 226 527 387 663
D00 0.0152 241 470 401 589
D00 0.0148 380 543 413 604
D00 0.0148 151 472 192 517
D00 0.0148 431 502 479 602
D00 0.0148 357 564 395 608
D00 0.0147 337 554 401 670
D00 0.0145 527 554 618 641
D00 0.0144 363 544 404 619
D00 0.0144 263 657 335 720
D00 0.0143 286 680 331 720
D00 0.0143 1 640 163 719
D00 0.0141 413 531 451 614
D00 0.0141 413 490 450 565
D00 0.0140 98 560 182 599
D00 0.0140 518 510 670 647
D00 0.0139 314 581 379 692
D00 0.0138 263 593 349 718
D00 0.0138 0 626 55 720
D00 0.0138 0 516 40 623
D00 0.0137 131 565 192 614
D00 0.0136 160 467 322 648
D00 0.0136 43 541 152 684
D00 0.0134 100 502 155 575
D00 0.0134 295 620 368 695
D00 0.0134 137 467 204 535
D00 0.0134 149 491 226 580
D00 0.0133 360 561 410 595
D00 0.0133 282 498 405 560
D00 0.0133 132 528 210 596
D00 0.0133 365 522 431 570
D00 0.0132 87 529 173 597
D00 0.0132 443 491 488 579
D00 0.0131 400 492 437 535
D00 0.0131 97 534 226 644
D00 0.0131 2 579 70 698
D00 0.0131 474 506 502 565
D00 0.0130 144 433 236 561
D00 0.0130 224 647 385 720
D00 0.0129 68 574 140 651
D00 0.0129 576 557 699 676
D00 0.0129 161 477 202 526
D00 0.0128 335 555 400 599
D00 0.0128 655 555 717 678
D00 0.0128 418 522 468 622
D00 0.0127 270 574 429 659
D00 0.0127 506 547 599 672
D00 0.0126 82 532 163 646
D00 0.0126 416 513 503 653
D00 0.0126 113 530 272 720
D00 0.0125 381 540 434 573
D00 0.0125 351 556 477 664
D00 0.0124 395 560 532 662
D00 0.0123 357 500 470 566
D00 0.0123 451 488 480 539
D00 0.0121 430 499 480 553
D00 0.0121 550 580 625 661
D00 0.0121 289 594 452 713
D00 0.0120 631 539 699 659
D00 0.0120 51 590 233 714
D00 0.0120 69 503 132 594
D00 0.0120 292 519 363 632
D00 0.0119 258 572 353 662
D00 0.0119 364 528 411 562
D00 0.0119 48 433 158 574
D00 0.0119 453 501 501 602
D00 0.0118 396 475 442 565
D00 0.0117 336 548 378 621
D00 0.0117 213 429 363 611
D00 0.0117 315 561 429 627
D00 0.0116 442 583 581 679
D00 0.0115 295 669 340 715
D00 0.0115 394 529 447 562
D00 0.0115 507 605 643 671
D00 0.0115 384 516 434 551
D00 0.0115 385 506 433 538
D00 0.0114 305 520 388 596
D00 0.0114 347 557 386 636
D00 0.0114 0 571 42 674
D00 0.0113 246 453 423 683
D00 0.0113 247 683 327 720
D00 0.0112 451 499 501 553
D00 0.0111 192 585 334 688
D00 0.0111 384 497 433 526
D00 0.0111 3 398 124 581
D00 0.0110 171 532 321 720
D00 0.0110 308 469 422 561
D00 0.0110 283 598 361 673
D00 0.0110 391 483 428 521
D00 0.0110 2 535 32 605
D00 0.0108 561 571 616 632
D00 0.0108 216 634 353 696
D00 0.0108 49 639 290 720
D00 0.0108 109 485 151 549
D00 0.0108 464 492 510 580
D00 0.0107 159 527 227 574
D00 0.0107 143 492 195 527
D00 0.0106 16 621 90 720
D00 0.0106 573 553 625 646
D00 0.0106 361 489 416 545
D00 0.0105 439 501 527 635
D00 0.0105 148 650 336 720
D00 0.0105 620 589 708 685
D00 0.0105 272 675 367 720
D00 0.0105 171 498 217 562
D00 0.0105 385 512 459 557
D00 0.0105 144 518 269 617
D00 0.0104 420 484 469 571
D00 0.0104 436 493 475 531
D00 0.0103 127 598 313 715
D00 0.0103 643 498 720 649
D00 0.0103 462 488 490 540
D00 0.0102 83 585 128 658
D00 0.0102 516 521 587 633
D00 0.0101 58 594 132 669
D00 0.0101 283 656 411 714
D00 0.0101 124 475 179 507
D00 0.0101 103 564 181 632
D00 0.0101 489 499 609 613
D00 0.0100 141 544 225 611
D00 0.0100 582 543 653 656
D00 0.0100 164 480 223 546
D10 0.0203 420 578 610 656
D10 0.0176 461 565 602 629
D10 0.0145 390 589 541 646
D10 0.0136 675 302 720 329
D10 0.0128 483 586 593 640
D10 0.0125 514 575 619 631
D10 0.0123 396 600 588 676
D10 0.0119 391 563 536 625
D10 0.0118 347 588 484 646
D10 0.0117 259 621 362 673
D10 0.0111 324 601 510 677
D10 0.0107 147 626 340 701
D10 0.0104 485 541 612 610
D10 0.0101 305 610 435 671
D10 0.0100 310 586 432 648
D10 0.0100 553 564 678 629
D20 0.1195 38 474 212 582
D20 0.1007 69 493 674 683
D20 0.0829 17 480 309 628
D20 0.0782 0 499 391 689
D20 0.0715 292 531 660 680
D20 0.0583 74 461 278 563
D20 0.0574 20 508 213 681
D20 0.0530 98 488 195 558
D20 0.0473 8 558 320 719
D20 0.0448 144 526 509 684
D20 0.0396 330 515 614 634
D20 0.0348 15 396 481 632
D20 0.0337 378 565 710 703
D20 0.0335 0 445 183 601
D20 0.0330 384 496 698 649
D20 0.0329 207 564 566 710
D20 0.0322 234 509 512 631
D20 0.0311 422 566 646 664
D20 0.0302 123 501 407 624
D20 0.0301 74 487 154 565
D20 0.0289 129 494 233 555
D20 0.0288 73 514 297 678
D20 0.0285 54 512 243 610
D20 0.0277 0 541 138 691
D20 0.0265 0 580 203 709
D20 0.0264 345 499 489 632
D20 0.0261 0 337 712 668
D20 0.0258 195 475 452 661
D20 0.0245 509 525 697 680
D20 0.0240 86 585 377 706
D20 0.0222 377 510 548 600
D20 0.0218 427 476 483 500
D20 0.0212 137 453 470 591
D20 0.0206 323 564 569 662
D20 0.0205 150 565 380 671
D20 0.0205 12 388 282 720
D20 0.0198 183 407 707 626
D20 0.0191 122 475 215 537
D20 0.0189 315 539 472 677
D20 0.0187 0 242 447 711
D20 0.0184 223 540 432 654
D20 0.0181 17 571 175 662
D20 0.0179 0 472 128 641
D20 0.0179 372 589 616 681
D20 0.0176 74 319 356 676
D20 0.0175 0 0 489 353
D20 0.0173 201 0 720 353
D20 0.0173 394 553 587 635
D20 0.0172 441 523 652 634
D20 0.0171 389 506 475 603
D20 0.0169 98 480 223 638
D20 0.0164 426 496 585 623
D20 0.0164 81 478 181 539
D20 0.0162 427 486 482 509
D20 0.0158 375 142 720 720
D20 0.0158 489 594 663 677
D20 0.0154 282 587 512 687
D20 0.0153 350 535 444 596
D20 0.0153 443 451 720 720
D20 0.0153 28 630 284 720
D20 0.0152 0 18 669 530
D20 0.0150 0 354 231 608
D20 0.0150 35 504 138 566
D20 0.0148 0 0 177 268
D20 0.0147 511 585 720 702
D20 0.0144 241 485 434 584
D20 0.0144 585 542 720 685
D20 0.0143 73 441 180 575
D20 0.0142 329 436 642 720
D20 0.0142 20 182 277 631
D20 0.0142 552 559 679 673
D20 0.0141 248 464 585 598
D20 0.0140 8 590 106 688
D20 0.0139 0 625 164 720
D20 0.0139 374 535 502 609
D20 0.0138 401 499 570 569
D20 0.0136 395 514 545 684
D20 0.0136 308 607 640 720
D20 0.0129 529 584 660 654
D20 0.0128 376 502 497 564
D20 0.0125 0 0 87 140
D20 0.0123 560 476 720 650
D20 0.0123 171 609 498 720
D20 0.0122 486 479 638 663
D20 0.0122 0 397 152 703
D20 0.0121 335 546 418 603
D20 0.0121 151 639 372 720
D20 0.0121 136 448 341 669
D20 0.0120 0 0 319 214
D20 0.0119 202 511 365 644
D20 0.0118 0 529 41 625
D20 0.0117 401 446 695 602
D20 0.0115 76 551 241 632
D20 0.0114 438 465 496 492
D20 0.0112 422 466 611 682
D20 0.0112 593 109 710 364
D20 0.0112 549 0 720 265
D20 0.0109 117 532 287 604
D20 0.0109 404 476 463 500
D20 0.0108 250 635 457 720
D20 0.0106 191 407 381 636
D20 0.0106 0 283 365 551
D20 0.0106 0 0 311 507
D20 0.0105 333 513 518 720
D20 0.0104 415 537 555 610
D20 0.0104 440 538 593 709
D20 0.0103 427 628 685 720
D20 0.0103 459 0 720 175
D20 0.0101 516 386 694 650
D20 0.0101 416 464 473 491
D20 0.0100 417 509 523 562
D40 0.1066 187 426 372 531
D40 0.0967 32 486 207 590
D40 0.0843 20 455 312 592
D40 0.0817 129 529 197 559
D40 0.0790 217 447 340 519
D40 0.0772 177 462 336 541
D40 0.0771 113 515 205 564
D40 0.0761 86 492 217 563
D40 0.0587 14 508 185 626
D40 0.0572 228 475 366 531
D40 0.0554 121 465 286 552
D40 0.0527 203 425 322 497
D40 0.0485 244 454 381 511
D40 0.0474 149 512 196 556
D40 0.0463 39 536 176 600
D40 0.0462 231 406 358 512
D40 0.0398 160 498 297 552
D40 0.0392 11 390 378 575
D40 0.0383 65 422 319 546
D40 0.0383 186 401 337 480
D40 0.0382 127 510 182 557
D40 0.0379 191 436 289 532
D40 0.0373 214 458 405 545
D40 0.0369 137 538 205 564
D40 0.0358 5 534 128 653
D40 0.0349 50 473 184 551
D40 0.0343 195 489 362 556
D40 0.0338 137 509 245 559
D40 0.0337 75 494 150 571
D40 0.0328 84 527 198 577
D40 0.0324 22 562 149 624
D40 0.0312 89 509 176 559
D40 0.0308 124 463 397 573
D40 0.0297 249 430 375 496
D40 0.0292 87 510 132 559
D40 0.0290 7 459 159 603
D40 0.0280 120 479 190 566
D40 0.0275 155 530 227 559
D40 0.0262 110 509 281 575
D40 0.0257 127 527 233 571
D40 0.0249 20 513 139 589
D40 0.0241 144 423 301 504
D40 0.0241 72 526 231 601
D40 0.0238 166 380 323 511
D40 0.0233 26 406 210 571
D40 0.0231 0 565 105 616
D40 0.0225 79 522 137 583
D40 0.0224 220 409 297 517
D40 0.0224 78 508 168 614
D40 0.0223 153 491 209 555
D40 0.0222 169 514 218 555
D40 0.0218 117 496 169 550
D40 0.0211 87 528 151 561
D40 0.0210 106 540 182 568
D40 0.0203 89 451 240 540
D40 0.0203 479 474 545 501
D40 0.0199 10 397 240 666
D40 0.0199 16 512 99 627
D40 0.0196 470 465 533 493
D40 0.0191 255 447 319 508
D40 0.0191 102 488 181 537
D40 0.0184 4 585 72 614
D40 0.0180 18 583 143 651
D40 0.0180 68 549 176 633
D40 0.0180 2 578 46 620
D40 0.0176 248 438 350 553
D40 0.0175 90 499 146 550
D40 0.0173 164 503 245 545
D40 0.0171 249 459 328 532
D40 0.0170 68 546 146 588
D40 0.0165 153 427 270 569
D40 0.0165 211 385 408 495
D40 0.0164 241 389 315 498
D40 0.0164 458 475 523 498
D40 0.0163 14 560 94 677
D40 0.0162 177 453 250 555
D40 0.0161 86 540 150 572
D40 0.0160 466 465 561 505
D40 0.0160 275 439 402 523
D40 0.0158 255 498 389 555
D40 0.0156 147 503 360 591
D40 0.0155 13 576 87 608
D40 0.0151 64 456 189 525
D40 0.0151 168 483 264 541
D40 0.0151 183 520 247 549
D40 0.0151 140 525 185 571
D40 0.0142 115 537 204 591
D40 0.0142 124 511 161 568
D40 0.0142 297 471 396 540
D40 0.0139 157 411 290 464
D40 0.0136 15 463 115 557
D40 0.0133 21 443 168 536
D40 0.0133 77 559 160 595
D40 0.0132 187 522 324 573
D40 0.0128 138 411 339 628
D40 0.0128 97 547 184 586
D40 0.0127 299 422 389 498
D40 0.0126 141 511 202 586
D40 0.0125 201 471 271 563
D40 0.0125 45 484 134 564
D40 0.0125 199 508 258 538
D40 0.0124 72 490 155 535
D40 0.0124 156 540 229 567
D40 0.0123 228 455 308 498
D40 0.0122 200 442 316 592
D40 0.0122 0 588 37 631
D40 0.0122 448 465 509 492
D40 0.0122 282 458 364 547
D40 0.0122 260 479 336 521
D40 0.0119 272 465 321 511
D40 0.0119 91 366 294 592
D40 0.0119 172 525 252 563
D40 0.0118 0 556 52 639
D40 0.0117 146 400 462 542
D40 0.0115 106 511 147 570
D40 0.0115 242 473 317 566
D40 0.0114 677 159 720 186
D40 0.0110 198 394 276 496
D40 0.0110 256 407 372 475
D40 0.0110 591 449 720 599
D40 0.0110 212 485 321 538
D40 0.0110 0 583 102 638
D40 0.0110 442 456 542 495
D40 0.0110 295 459 423 505
D40 0.0108 75 501 126 549
D40 0.0106 130 551 194 580
D40 0.0106 190 495 247 529
D40 0.0106 266 456 350 500
D40 0.0106 41 558 129 600
D40 0.0105 198 387 322 450
D40 0.0104 223 512 387 587
D40 0.0103 246 472 311 503
D40 0.0102 520 475 711 583
D40 0.0101 219 332 338 505
D40 0.0100 46 522 131 568
D40 0.0100 14 540 123 598
D40 0.0100 208 415 300 471
