D00 0.1120 325 596 475 673
D00 0.0844 354 605 448 664
D00 0.0637 355 615 510 692
D00 0.0554 334 557 452 664
D00 0.0512 249 574 466 668
D00 0.0502 349 582 429 656
D00 0.0472 289 556 567 677
D00 0.0465 367 617 432 652
D00 0.0454 563 539 697 700
D00 0.0438 383 607 473 682
D00 0.0367 541 552 656 684
D00 0.0362 6 615 172 713
D00 0.0327 163 549 506 687
D00 0.0325 0 584 231 700
D00 0.0323 627 573 697 700
D00 0.0322 317 625 452 688
D00 0.0310 0 641 82 720
D00 0.0309 303 579 409 661
D00 0.0302 157 544 307 694
D00 0.0298 599 557 679 687
D00 0.0290 369 536 491 689
D00 0.0279 368 599 432 690
D00 0.0278 360 582 540 672
D00 0.0277 397 631 507 684
D00 0.0276 350 607 419 643
D00 0.0264 419 547 672 681
D00 0.0257 346 637 491 714
D00 0.0252 315 513 431 676
D00 0.0252 57 565 274 681
D00 0.0248 179 533 287 580
D00 0.0245 533 551 618 648
D00 0.0242 375 628 442 662
D00 0.0242 201 536 352 673
D00 0.0241 374 582 458 659
D00 0.0230 185 542 260 569
D00 0.0230 371 632 452 680
D00 0.0228 262 553 394 657
D00 0.0225 560 557 674 631
D00 0.0222 222 558 292 681
D00 0.0222 0 568 123 719
D00 0.0215 0 674 106 720
D00 0.0214 502 558 611 677
D00 0.0213 192 568 393 703
D00 0.0213 290 597 428 693
D00 0.0212 338 602 411 664
D00 0.0209 470 581 705 701
D00 0.0206 195 532 268 564
D00 0.0206 540 581 595 685
D00 0.0202 521 547 586 662
D00 0.0202 10 578 175 667
D00 0.0201 71 619 261 707
D00 0.0201 413 637 477 691
D00 0.0199 595 610 687 703
D00 0.0196 650 555 715 688
D00 0.0195 11 606 93 712
D00 0.0193 532 561 585 624
D00 0.0192 615 548 703 649
D00 0.0192 395 557 470 667
D00 0.0192 603 501 715 676
D00 0.0191 0 524 281 717
D00 0.0190 0 610 59 710
D00 0.0190 422 652 486 681
D00 0.0190 326 592 418 639
D00 0.0189 244 545 311 660
D00 0.0188 526 563 567 639
D00 0.0188 284 563 313 621
D00 0.0187 149 600 282 708
D00 0.0187 389 613 447 659
D00 0.0185 172 531 299 635
D00 0.0184 423 693 482 719
D00 0.0183 564 599 671 684
D00 0.0181 261 556 333 628
D00 0.0181 25 665 136 718
D00 0.0180 561 570 617 678
D00 0.0180 252 627 513 720
D00 0.0179 378 600 417 656
D00 0.0179 274 561 323 658
D00 0.0178 201 576 274 697
D00 0.0177 123 549 265 660
D00 0.0176 379 530 447 653
D00 0.0176 398 641 467 676
D00 0.0173 652 607 707 714
D00 0.0173 278 591 379 677
D00 0.0172 420 618 486 678
D00 0.0171 519 581 572 682
D00 0.0171 366 594 447 640
D00 0.0170 449 491 720 703
D00 0.0170 384 652 522 707
D00 0.0169 246 533 320 606
D00 0.0169 336 534 408 649
D00 0.0168 254 572 345 665
D00 0.0168 425 598 534 680
D00 0.0168 351 621 414 683
D00 0.0167 31 563 218 642
D00 0.0164 405 566 506 684
D00 0.0162 253 514 508 650
D00 0.0162 205 522 316 572
D00 0.0160 293 564 322 621
D00 0.0160 267 499 331 526
D00 0.0160 194 541 307 594
D00 0.0158 232 588 320 686
D00 0.0156 519 583 550 642
D00 0.0156 285 573 361 649
D00 0.0155 431 643 497 676
D00 0.0154 393 630 465 664
D00 0.0153 243 582 284 665
D00 0.0152 530 553 564 614
D00 0.0152 177 560 254 682
D00 0.0151 550 561 608 621
D00 0.0150 64 519 328 636
D00 0.0150 109 539 282 617
D00 0.0149 267 544 309 617
D00 0.0149 5 687 77 718
D00 0.0149 85 584 191 643
D00 0.0149 0 658 53 718
D00 0.0148 543 542 656 610
D00 0.0148 35 687 109 716
D00 0.0147 153 518 419 641
D00 0.0147 200 518 287 557
D00 0.0146 181 540 265 618
D00 0.0146 522 602 634 679
D00 0.0146 367 566 493 640
D00 0.0145 407 616 458 686
D00 0.0144 572 594 629 699
D00 0.0144 282 540 314 599
D00 0.0143 156 531 248 566
D00 0.0143 375 621 455 717
D00 0.0142 290 578 327 665
D00 0.0142 41 604 201 678
D00 0.0142 0 0 150 248
D00 0.0141 369 590 408 649
D00 0.0141 586 569 643 676
D00 0.0141 289 497 350 527
D00 0.0140 294 578 346 683
D00 0.0140 265 509 329 533
D00 0.0139 210 613 302 702
D00 0.0138 2 596 80 680
D00 0.0137 520 530 692 644
D00 0.0137 529 591 561 654
D00 0.0137 269 576 325 606
D00 0.0136 236 565 370 631
D00 0.0135 244 500 311 526
D00 0.0134 539 580 573 644
D00 0.0134 552 612 584 679
D00 0.0133 618 635 706 714
D00 0.0133 197 581 312 655
D00 0.0131 436 601 495 687
D00 0.0131 498 583 549 680
D00 0.0131 520 563 552 624
D00 0.0131 244 562 305 621
D00 0.0131 214 513 336 607
D00 0.0130 119 566 224 702
D00 0.0130 504 554 573 631
D00 0.0130 542 574 596 607
D00 0.0130 269 530 321 586
D00 0.0129 550 601 605 672
D00 0.0129 440 569 573 675
D00 0.0129 541 628 659 693
D00 0.0129 279 487 341 517
D00 0.0128 252 572 296 653
D00 0.0128 529 601 584 669
D00 0.0128 291 566 348 620
D00 0.0128 229 520 300 549
D00 0.0127 185 591 573 720
D00 0.0127 338 511 602 649
D00 0.0127 573 569 633 632
D00 0.0126 237 598 366 701
D00 0.0126 266 580 306 664
D00 0.0126 103 576 223 633
D00 0.0125 136 664 259 715
D00 0.0125 388 694 459 719
D00 0.0125 280 586 339 615
D00 0.0125 123 527 271 579
D00 0.0124 278 577 398 629
D00 0.0124 233 600 274 688
D00 0.0124 427 632 482 720
D00 0.0124 387 566 429 656
D00 0.0124 489 577 564 648
D00 0.0123 213 542 290 571
D00 0.0123 228 530 299 583
D00 0.0122 362 483 390 537
D00 0.0122 6 0 208 383
D00 0.0122 294 537 444 628
D00 0.0122 368 611 409 672
D00 0.0122 189 643 274 715
D00 0.0121 279 589 316 675
D00 0.0121 315 571 374 672
D00 0.0119 13 640 121 705
D00 0.0119 299 543 472 719
D00 0.0119 392 684 487 720
D00 0.0118 256 628 405 689
D00 0.0118 287 509 349 534
D00 0.0118 321 490 361 531
D00 0.0117 581 530 718 623
D00 0.0116 357 502 395 541
D00 0.0116 508 584 539 642
D00 0.0116 668 637 714 712
D00 0.0116 301 487 362 515
D00 0.0116 16 506 214 657
D00 0.0115 187 564 276 642
D00 0.0115 339 618 412 649
D00 0.0114 400 514 440 551
D00 0.0114 580 651 697 709
D00 0.0114 534 564 584 595
D00 0.0114 227 526 279 566
D00 0.0114 219 511 291 535
D00 0.0113 315 652 448 709
D00 0.0113 70 573 182 703
D00 0.0112 335 509 396 537
D00 0.0112 287 559 326 603
D00 0.0112 230 551 297 608
D00 0.0112 120 676 226 720
D00 0.0111 345 489 384 533
D00 0.0111 523 574 574 607
D00 0.0111 303 573 333 630
D00 0.0111 282 525 331 617
D00 0.0111 513 571 602 633
D00 0.0111 271 570 303 632
D00 0.0111 195 551 269 580
D00 0.0110 561 573 620 607
D00 0.0110 246 505 322 565
D00 0.0110 426 627 463 683
D00 0.0110 156 565 242 640
D00 0.0110 521 584 574 619
D00 0.0110 508 601 562 666
D00 0.0109 311 509 373 536
D00 0.0109 257 488 320 517
D00 0.0109 277 537 371 624
D00 0.0109 550 580 585 646
D00 0.0109 49 596 166 654
D00 0.0108 343 578 394 650
D00 0.0108 541 612 573 678
D00 0.0108 14 568 159 627
D00 0.0108 441 481 470 543
D00 0.0108 452 480 481 543
D00 0.0108 438 683 471 720
D00 0.0108 519 597 574 628
D00 0.0108 276 525 317 567
D00 0.0108 359 509 418 539
D00 0.0107 189 522 255 553
D00 0.0107 373 483 401 538
D00 0.0107 541 636 596 691
D00 0.0106 236 492 341 533
D00 0.0106 268 564 323 596
D00 0.0106 391 501 429 544
D00 0.0105 327 591 388 687
D00 0.0105 316 486 346 533
D00 0.0105 25 619 140 678
D00 0.0105 332 483 516 692
D00 0.0105 637 614 684 703
D00 0.0105 389 622 434 697
D00 0.0105 202 506 311 546
D00 0.0104 183 512 263 570
D00 0.0104 0 0 88 175
D00 0.0104 53 684 155 719
D00 0.0104 562 624 595 686
D00 0.0103 504 543 610 606
D00 0.0103 368 601 564 720
D00 0.0103 152 634 242 709
D00 0.0102 16 542 192 614
D00 0.0102 239 593 270 657
D00 0.0102 260 603 335 682
D00 0.0102 254 601 295 684
D00 0.0102 406 494 436 548
D00 0.0102 441 637 532 679
D00 0.0102 233 563 277 644
D00 0.0102 111 596 239 648
D00 0.0101 207 524 276 608
D00 0.0101 556 580 646 646
D00 0.0101 210 594 275 656
D00 0.0101 0 0 36 77
D00 0.0100 360 507 426 624
D00 0.0100 265 519 324 547
D00 0.0100 451 617 558 688
D00 0.0100 202 526 236 573
D00 0.0100 222 611 264 700
D00 0.0100 560 570 597 633
D00 0.0100 300 586 368 616
D00 0.0100 463 481 493 543
D10 0.0216 31 7 128 44
D10 0.0208 366 599 480 659
D10 0.0185 159 535 271 578
D10 0.0150 253 510 320 534
D10 0.0149 412 531 477 555
D10 0.0148 445 531 510 555
D10 0.0146 419 641 529 686
D10 0.0144 121 630 264 699
D10 0.0144 12 0 157 70
D10 0.0141 392 521 453 547
D10 0.0137 392 608 462 640
D10 0.0136 413 521 475 548
D10 0.0136 391 619 462 652
D10 0.0135 470 532 533 556
D10 0.0130 370 521 431 545
D10 0.0130 230 511 302 535
D10 0.0128 392 531 453 556
D10 0.0127 30 17 113 56
D10 0.0126 224 504 327 543
D10 0.0125 340 636 442 692
D10 0.0118 134 527 251 567
D10 0.0116 436 521 497 549
D10 0.0115 347 520 409 543
D10 0.0113 406 604 495 643
D10 0.0112 163 654 276 710
D10 0.0105 392 522 500 561
D10 0.0104 22 11 87 40
D10 0.0102 507 608 565 637
D10 0.0101 3 647 93 693
D10 0.0100 537 666 601 691
D20 0.0453 3 573 325 716
D20 0.0434 0 605 212 714
D20 0.0402 347 592 592 686
D20 0.0376 41 551 582 720
D20 0.0351 301 547 646 685
D20 0.0342 219 571 457 670
D20 0.0298 95 550 382 685
D20 0.0255 102 604 319 711
D20 0.0247 410 584 679 697
D20 0.0229 226 495 712 695
D20 0.0216 169 603 393 705
D20 0.0213 63 553 278 659
D20 0.0206 131 509 535 676
D20 0.0201 46 632 281 719
D20 0.0200 0 501 418 698
D20 0.0197 114 533 311 633
D20 0.0190 155 521 313 589
D20 0.0182 218 533 434 639
D20 0.0168 527 596 707 706
D20 0.0165 177 514 371 606
D20 0.0162 149 643 316 715
D20 0.0161 174 502 333 564
D20 0.0161 418 631 581 687
D20 0.0150 0 0 175 269
D20 0.0149 0 0 489 353
D20 0.0147 201 0 720 353
D20 0.0142 478 563 630 690
D20 0.0140 0 374 489 720
D20 0.0139 393 553 610 661
D20 0.0135 385 643 565 709
D20 0.0135 0 142 348 720
D20 0.0132 196 495 402 574
D20 0.0131 374 626 646 720
D20 0.0129 319 499 466 647
D20 0.0129 3 0 113 155
D20 0.0127 375 142 720 720
D20 0.0127 502 494 720 720
D20 0.0122 0 460 180 720
D20 0.0121 10 674 148 720
D20 0.0121 0 0 313 216
D20 0.0121 0 0 720 521
D20 0.0121 546 0 720 271
D20 0.0120 498 617 657 695
D20 0.0120 460 606 596 676
D20 0.0119 291 491 499 578
D20 0.0117 212 632 445 719
D20 0.0117 72 518 277 602
D20 0.0116 22 0 139 42
D20 0.0114 0 565 115 720
D20 0.0113 231 502 366 553
D20 0.0113 0 174 720 720
D20 0.0111 145 507 287 556
D20 0.0108 340 530 537 646
D20 0.0108 579 630 720 720
D20 0.0106 28 664 210 720
D20 0.0105 358 494 521 560
D20 0.0105 260 479 434 539
D20 0.0104 399 699 467 720
D20 0.0103 0 652 76 716
D20 0.0103 630 573 720 720
D20 0.0101 518 627 624 686
D20 0.0100 466 0 720 174
D40 0.0318 0 627 189 720
D40 0.0290 3 651 130 714
D40 0.0194 0 546 281 720
D40 0.0189 70 645 263 715
D40 0.0181 34 654 205 711
D40 0.0177 128 618 298 707
D40 0.0170 2 657 53 705
D40 0.0168 170 596 277 653
D40 0.0168 119 655 230 710
D40 0.0163 0 667 71 716
D40 0.0155 0 639 78 705
D40 0.0153 96 642 209 702
D40 0.0152 15 512 313 655
D40 0.0130 19 0 123 42
D40 0.0125 368 686 481 720
D40 0.0123 179 573 285 634
D40 0.0123 29 1 96 33
D40 0.0121 376 694 449 719
D40 0.0119 3 628 113 693
D40 0.0118 164 640 266 714
D40 0.0113 584 665 642 695
D40 0.0106 123 596 246 649
D40 0.0104 0 0 128 141
D40 0.0104 564 651 661 701
D40 0.0102 199 604 306 667
D40 0.0101 51 578 169 631
D40 0.0101 54 3 182 60
D40 0.0100 199 562 304 621
