D00 0.0924 341 541 409 611
D00 0.0870 369 549 403 609
D00 0.0628 356 573 410 608
D00 0.0618 310 457 424 622
D00 0.0504 360 560 423 613
D00 0.0458 326 448 376 548
D00 0.0441 350 559 401 603
D00 0.0402 349 492 422 607
D00 0.0386 321 421 410 571
D00 0.0379 330 457 359 527
D00 0.0346 336 465 368 536
D00 0.0302 326 519 415 632
D00 0.0277 0 436 108 615
D00 0.0275 319 420 367 522
D00 0.0272 347 448 401 548
D00 0.0270 359 549 409 586
D00 0.0270 0 600 112 715
D00 0.0267 482 563 541 615
D00 0.0262 332 467 391 565
D00 0.0247 365 509 410 593
D00 0.0244 0 638 59 720
D00 0.0244 28 457 179 675
D00 0.0241 361 533 444 608
D00 0.0238 2 486 139 703
D00 0.0238 3 574 69 702
D00 0.0235 360 531 396 597
D00 0.0233 287 426 378 560
D00 0.0230 569 492 717 674
D00 0.0228 329 437 357 503
D00 0.0226 341 568 409 635
D00 0.0224 377 568 413 617
D00 0.0222 7 493 95 654
D00 0.0216 304 532 399 609
D00 0.0216 0 643 157 720
D00 0.0213 192 399 262 425
D00 0.0207 575 554 647 613
D00 0.0203 342 404 430 546
D00 0.0200 359 469 414 572
D00 0.0200 494 569 527 623
D00 0.0198 15 552 86 684
D00 0.0197 340 441 384 525
D00 0.0196 0 526 56 631
D00 0.0195 355 460 456 603
D00 0.0191 490 556 575 621
D00 0.0190 261 552 290 606
D00 0.0189 368 398 407 467
D00 0.0189 346 568 389 616
D00 0.0186 369 456 407 542
D00 0.0178 377 402 417 444
D00 0.0176 362 404 413 498
D00 0.0173 339 537 412 578
D00 0.0173 282 500 389 622
D00 0.0172 310 393 390 528
D00 0.0169 342 507 392 591
D00 0.0169 313 467 360 548
D00 0.0166 370 577 402 629
D00 0.0165 360 466 392 535
D00 0.0164 0 662 100 720
D00 0.0162 220 464 375 638
D00 0.0161 354 391 418 457
D00 0.0161 194 404 280 437
D00 0.0161 337 399 402 508
D00 0.0159 331 552 385 614
D00 0.0156 264 568 303 608
D00 0.0155 333 415 372 499
D00 0.0150 0 614 222 712
D00 0.0148 325 406 361 484
D00 0.0148 461 571 523 622
D00 0.0147 318 449 351 513
D00 0.0147 373 447 402 510
D00 0.0146 207 394 294 427
D00 0.0146 68 490 222 694
D00 0.0144 2 497 65 591
D00 0.0143 356 428 398 507
D00 0.0143 345 540 429 653
D00 0.0143 373 424 403 484
D00 0.0142 1 680 75 720
D00 0.0142 239 546 313 609
D00 0.0141 380 406 436 459
D00 0.0140 484 558 520 608
D00 0.0136 7 661 47 718
D00 0.0136 637 557 720 694
D00 0.0135 382 413 413 470
D00 0.0134 594 578 658 636
D00 0.0134 266 531 305 606
D00 0.0133 491 584 553 617
D00 0.0133 363 512 448 582
D00 0.0132 587 539 657 629
D00 0.0130 1 394 34 452
D00 0.0130 262 476 362 606
D00 0.0129 517 508 579 598
D00 0.0128 178 385 258 418
D00 0.0128 137 444 214 517
D00 0.0127 20 582 167 697
D00 0.0127 42 656 191 715
D00 0.0127 4 560 49 645
D00 0.0127 532 526 687 707
D00 0.0127 313 421 353 497
D00 0.0127 483 580 540 632
D00 0.0126 269 402 406 592
D00 0.0126 502 556 538 608
D00 0.0125 273 520 356 592
D00 0.0125 311 557 391 646
D00 0.0123 372 387 403 440
D00 0.0121 123 462 281 657
D00 0.0121 387 551 426 607
D00 0.0120 361 398 394 451
D00 0.0119 328 390 380 477
D00 0.0118 173 443 332 619
D00 0.0118 374 495 419 574
D00 0.0117 491 527 553 614
D00 0.0117 98 685 182 720
D00 0.0115 0 416 46 514
D00 0.0114 270 438 346 545
D00 0.0114 295 404 362 504
D00 0.0114 267 552 327 605
D00 0.0114 1 373 33 426
D00 0.0113 157 545 238 613
D00 0.0113 150 473 235 615
D00 0.0112 343 406 388 481
D00 0.0112 473 564 509 615
D00 0.0111 381 483 486 610
D00 0.0110 292 458 355 524
D00 0.0110 372 489 403 555
D00 0.0110 3 590 49 678
D00 0.0110 0 375 44 465
D00 0.0110 194 407 262 456
D00 0.0108 157 453 225 558
D00 0.0108 511 561 556 629
D00 0.0108 32 491 107 611
D00 0.0108 471 597 531 626
D00 0.0107 249 562 282 611
D00 0.0107 212 402 292 463
D00 0.0107 251 511 334 581
D00 0.0107 615 0 720 161
D00 0.0107 440 495 604 650
D00 0.0106 679 596 720 668
D00 0.0106 663 542 719 647
D00 0.0105 159 431 237 504
D00 0.0105 593 568 632 627
D00 0.0105 157 474 191 525
D00 0.0105 14 626 81 720
D00 0.0104 39 621 152 705
D00 0.0104 8 527 88 605
D00 0.0104 301 510 367 603
D00 0.0104 392 397 426 449
D00 0.0104 92 571 248 704
D00 0.0104 81 651 251 720
D00 0.0104 206 418 274 447
D00 0.0103 100 645 178 719
D00 0.0103 527 532 592 621
D00 0.0103 325 552 397 585
D00 0.0103 316 547 423 704
D00 0.0103 129 689 197 718
D00 0.0103 16 485 79 578
D00 0.0103 229 408 299 434
D00 0.0102 447 484 540 610
D00 0.0102 590 557 698 683
D00 0.0102 179 687 238 718
D00 0.0101 31 532 107 659
D00 0.0101 254 578 294 614
D00 0.0100 573 577 636 636
D00 0.0100 338 405 369 463
D00 0.0100 0 380 83 509
D00 0.0100 177 512 246 622
D10 0.0245 2 650 80 691
D10 0.0220 351 532 442 591
D10 0.0211 364 542 424 569
D10 0.0199 0 631 107 690
D10 0.0189 357 527 435 567
D10 0.0186 323 519 424 580
D10 0.0172 4 663 58 698
D10 0.0162 355 521 482 571
D10 0.0161 8 644 72 673
D10 0.0152 345 531 407 558
D10 0.0151 10 607 137 677
D10 0.0151 345 462 403 491
D10 0.0149 0 653 101 714
D10 0.0143 0 654 50 684
D10 0.0142 335 542 402 570
D10 0.0134 0 603 91 667
D10 0.0127 1 560 100 622
D10 0.0126 343 518 406 548
D10 0.0124 369 551 437 583
D10 0.0122 378 542 456 568
D10 0.0118 6 581 110 652
D10 0.0117 17 625 106 667
D10 0.0117 380 532 456 560
D10 0.0115 25 638 117 677
D10 0.0114 1 618 59 648
D10 0.0110 365 519 427 549
D10 0.0109 8 630 71 661
D10 0.0107 308 627 391 658
D10 0.0102 0 536 88 600
D10 0.0100 345 471 402 503
D20 0.0884 41 475 629 665
D20 0.0835 306 525 559 616
D20 0.0801 296 449 431 607
D20 0.0767 218 444 675 612
D20 0.0692 75 444 504 616
D20 0.0647 238 516 431 618
D20 0.0632 196 455 419 564
D20 0.0592 318 559 409 613
D20 0.0575 249 504 720 646
D20 0.0552 312 500 458 622
D20 0.0537 303 474 516 594
D20 0.0531 0 499 421 697
D20 0.0518 321 553 501 622
D20 0.0514 75 378 697 632
D20 0.0509 345 562 447 613
D20 0.0473 355 502 606 603
D20 0.0459 169 496 419 599
D20 0.0457 350 549 610 622
D20 0.0438 166 521 514 655
D20 0.0436 129 537 667 720
D20 0.0394 137 476 365 580
D20 0.0394 335 463 579 562
D20 0.0374 297 431 479 553
D20 0.0368 0 540 109 720
D20 0.0360 370 567 548 619
D20 0.0354 131 443 363 535
D20 0.0323 196 423 406 522
D20 0.0323 1 453 247 678
D20 0.0303 463 564 564 615
D20 0.0290 135 519 356 620
D20 0.0288 91 457 307 556
D20 0.0285 275 425 395 585
D20 0.0283 51 540 371 670
D20 0.0282 0 564 291 718
D20 0.0277 234 563 426 650
D20 0.0276 174 545 415 633
D20 0.0272 0 606 178 715
D20 0.0243 459 557 666 640
D20 0.0237 327 441 399 525
D20 0.0233 387 422 720 687
D20 0.0230 1 514 151 673
D20 0.0230 118 566 455 705
D20 0.0226 94 494 311 605
D20 0.0221 331 394 439 562
D20 0.0219 295 541 411 601
D20 0.0215 429 544 720 720
D20 0.0210 479 572 589 625
D20 0.0210 304 522 406 634
D20 0.0208 0 198 669 710
D20 0.0203 31 474 262 578
D20 0.0201 0 518 241 628
D20 0.0195 0 625 58 720
D20 0.0194 269 470 378 535
D20 0.0194 0 653 117 716
D20 0.0192 587 554 720 687
D20 0.0191 0 363 357 643
D20 0.0187 0 0 489 353
D20 0.0186 21 18 720 530
D20 0.0184 201 0 720 353
D20 0.0184 6 590 96 690
D20 0.0183 338 575 531 636
D20 0.0183 0 467 48 560
D20 0.0179 250 566 383 611
D20 0.0179 386 478 539 585
D20 0.0173 0 581 56 686
D20 0.0173 0 142 348 720
D20 0.0172 350 440 423 519
D20 0.0172 320 468 423 536
D20 0.0172 208 594 411 681
D20 0.0170 375 142 720 720
D20 0.0166 249 460 381 617
D20 0.0164 244 458 558 720
D20 0.0163 662 568 719 655
D20 0.0160 121 521 275 653
D20 0.0159 0 444 60 533
D20 0.0159 256 564 611 697
D20 0.0158 155 570 377 659
D20 0.0158 181 618 389 707
D20 0.0157 358 442 456 587
D20 0.0155 541 439 720 720
D20 0.0155 9 544 94 646
D20 0.0148 138 554 301 632
D20 0.0148 222 555 332 605
D20 0.0145 156 458 271 624
D20 0.0145 339 314 638 644
D20 0.0144 372 581 676 690
D20 0.0142 421 575 601 637
D20 0.0142 545 0 720 271
D20 0.0138 0 416 113 694
D20 0.0134 150 343 462 652
D20 0.0133 352 398 445 450
D20 0.0133 343 483 455 543
D20 0.0133 27 543 208 687
D20 0.0132 63 631 337 720
D20 0.0131 335 526 439 668
D20 0.0130 0 0 176 269
D20 0.0129 0 369 65 431
D20 0.0129 0 497 67 683
D20 0.0128 456 0 720 175
D20 0.0124 171 542 307 605
D20 0.0123 467 0 720 374
D20 0.0122 0 508 47 600
D20 0.0122 449 583 554 631
D20 0.0121 200 647 363 720
D20 0.0121 294 565 438 685
D20 0.0121 362 492 501 633
D20 0.0121 175 242 720 570
D20 0.0120 206 470 396 681
D20 0.0120 139 592 343 687
D20 0.0118 165 527 259 614
D20 0.0117 198 460 321 619
D20 0.0117 503 583 611 635
D20 0.0117 497 320 720 650
D20 0.0115 0 524 126 619
D20 0.0114 191 566 335 622
D20 0.0114 220 431 354 583
D20 0.0113 251 379 426 613
D20 0.0113 269 534 399 675
D20 0.0113 431 470 557 622
D20 0.0112 0 379 55 464
D20 0.0112 625 518 720 661
D20 0.0110 260 611 397 665
D20 0.0110 0 0 325 216
D20 0.0109 0 433 69 611
D20 0.0109 372 414 497 573
D20 0.0109 348 0 633 453
D20 0.0107 104 466 306 698
D20 0.0107 58 508 239 591
D20 0.0107 628 447 720 624
D20 0.0107 268 544 357 610
D20 0.0105 29 492 163 608
D20 0.0105 633 0 720 136
D20 0.0105 580 631 720 720
D20 0.0104 137 427 250 585
D20 0.0103 173 433 296 587
D20 0.0102 118 458 231 629
D20 0.0102 0 379 52 416
D20 0.0102 0 0 86 133
D20 0.0102 0 532 46 658
D20 0.0100 16 569 119 665
D40 0.1248 495 521 706 627
D40 0.1194 374 488 697 635
D40 0.1083 0 418 210 508
D40 0.0871 134 412 235 454
D40 0.0848 268 501 595 616
D40 0.0819 248 446 720 612
D40 0.0798 480 485 675 592
D40 0.0779 324 526 415 614
D40 0.0757 44 411 236 474
D40 0.0756 150 419 222 448
D40 0.0750 167 484 518 626
D40 0.0741 279 450 420 601
D40 0.0712 14 428 150 495
D40 0.0692 508 539 653 611
D40 0.0688 305 480 399 576
D40 0.0666 549 559 693 630
D40 0.0642 0 444 452 622
D40 0.0635 0 416 134 547
D40 0.0624 300 497 438 622
D40 0.0619 486 508 587 560
D40 0.0618 310 561 428 621
D40 0.0609 493 517 625 589
D40 0.0590 288 505 399 558
D40 0.0585 310 465 379 549
D40 0.0582 471 474 565 523
D40 0.0580 56 431 162 478
D40 0.0576 7 437 106 527
D40 0.0556 585 536 717 647
D40 0.0547 100 459 406 588
D40 0.0546 536 519 690 590
D40 0.0544 297 516 410 589
D40 0.0537 106 420 221 463
D40 0.0526 314 499 390 545
D40 0.0520 397 525 631 617
D40 0.0517 66 423 195 468
D40 0.0516 500 498 644 564
D40 0.0515 356 575 400 614
D40 0.0515 153 403 253 444
D40 0.0509 62 430 220 490
D40 0.0503 329 566 405 612
D40 0.0493 8 418 347 553
D40 0.0492 331 485 372 537
D40 0.0492 475 472 628 550
D40 0.0492 488 561 632 623
D40 0.0487 304 540 656 644
D40 0.0480 22 448 170 512
D40 0.0477 332 542 479 608
D40 0.0473 407 481 613 584
D40 0.0470 484 485 579 542
D40 0.0468 223 485 405 569
D40 0.0462 511 460 720 654
D40 0.0458 295 429 401 557
D40 0.0455 480 475 547 506
D40 0.0453 8 451 258 585
D40 0.0450 309 519 380 548
D40 0.0449 138 428 214 455
D40 0.0444 228 435 343 476
D40 0.0437 199 540 481 651
D40 0.0436 515 519 579 551
D40 0.0436 0 429 61 458
D40 0.0430 517 510 598 579
D40 0.0427 488 484 559 513
D40 0.0427 484 529 583 613
D40 0.0426 0 420 93 468
D40 0.0418 53 494 376 629
D40 0.0417 359 452 583 600
D40 0.0416 326 473 364 527
D40 0.0410 250 448 344 481
D40 0.0404 8 386 234 463
D40 0.0397 118 409 298 470
D40 0.0387 259 444 334 470
D40 0.0384 70 439 142 471
D40 0.0381 272 540 407 607
D40 0.0380 77 421 291 504
D40 0.0379 561 554 643 622
D40 0.0366 228 443 301 469
D40 0.0366 351 567 478 613
D40 0.0364 335 459 430 559
D40 0.0363 361 584 427 612
D40 0.0359 49 441 230 520
D40 0.0357 514 505 594 547
D40 0.0356 441 565 587 621
D40 0.0352 64 395 224 447
D40 0.0351 13 470 137 535
D40 0.0349 341 444 573 533
D40 0.0345 168 468 367 547
D40 0.0345 221 443 393 534
D40 0.0344 301 508 369 541
D40 0.0343 452 498 582 603
D40 0.0342 441 466 547 512
D40 0.0339 395 470 575 547
D40 0.0339 0 449 122 602
D40 0.0339 8 480 97 573
D40 0.0339 147 424 377 508
D40 0.0336 0 476 89 529
D40 0.0334 464 558 565 608
D40 0.0333 527 516 624 555
D40 0.0332 325 419 408 514
D40 0.0330 505 508 569 541
D40 0.0330 237 452 314 477
D40 0.0327 210 444 323 484
D40 0.0319 429 452 585 522
D40 0.0318 7 403 107 483
D40 0.0318 2 523 49 567
D40 0.0317 313 440 456 531
D40 0.0314 481 566 544 596
D40 0.0314 168 407 224 441
D40 0.0313 98 540 407 663
D40 0.0312 410 545 567 606
D40 0.0309 539 568 629 610
D40 0.0309 609 512 713 601
D40 0.0307 560 501 701 561
D40 0.0307 617 596 720 647
D40 0.0307 12 469 207 658
D40 0.0306 78 431 159 460
D40 0.0305 524 529 591 560
D40 0.0305 0 485 59 543
D40 0.0303 111 441 330 534
D40 0.0302 270 515 364 551
D40 0.0302 178 408 251 435
D40 0.0299 517 472 699 548
D40 0.0299 200 439 289 472
D40 0.0297 474 441 671 538
D40 0.0295 0 486 62 516
D40 0.0294 141 410 214 439
D40 0.0293 175 417 498 567
D40 0.0292 260 462 365 552
D40 0.0292 55 444 135 483
D40 0.0289 325 455 361 504
D40 0.0289 412 464 475 490
D40 0.0286 492 495 560 525
D40 0.0285 350 506 457 598
D40 0.0285 186 487 300 536
D40 0.0283 471 574 534 607
D40 0.0283 0 377 102 419
D40 0.0282 466 487 564 572
D40 0.0281 16 367 125 407
D40 0.0281 30 424 138 473
D40 0.0278 380 586 456 613
D40 0.0275 314 416 513 518
D40 0.0273 195 507 390 591
D40 0.0271 213 422 318 467
D40 0.0269 304 413 658 561
D40 0.0268 405 568 538 614
D40 0.0268 266 387 363 431
D40 0.0267 139 432 284 488
D40 0.0266 158 418 270 466
D40 0.0263 299 625 365 653
D40 0.0261 384 457 537 511
D40 0.0260 308 583 428 638
D40 0.0260 571 525 663 627
D40 0.0256 187 410 368 473
D40 0.0255 305 580 399 615
D40 0.0255 330 428 443 492
D40 0.0251 602 574 712 634
D40 0.0249 286 424 375 512
D40 0.0249 472 459 571 506
D40 0.0248 2 439 77 466
D40 0.0247 207 452 281 475
D40 0.0246 26 462 209 542
D40 0.0246 2 496 71 525
D40 0.0246 530 520 615 620
D40 0.0245 471 466 534 495
D40 0.0245 165 397 248 429
D40 0.0244 13 390 151 447
D40 0.0244 368 411 406 455
D40 0.0242 276 439 358 475
D40 0.0242 232 452 341 501
D40 0.0242 138 416 195 452
D40 0.0240 2 447 73 562
D40 0.0240 0 506 60 581
D40 0.0240 81 418 184 453
D40 0.0240 512 487 617 542
D40 0.0239 591 520 701 573
D40 0.0239 264 442 369 494
D40 0.0239 473 526 564 561
D40 0.0238 0 413 39 456
D40 0.0238 0 499 40 546
D40 0.0238 103 383 315 455
D40 0.0237 297 529 374 556
D40 0.0237 289 495 359 549
D40 0.0237 199 502 285 540
D40 0.0236 319 407 413 461
D40 0.0236 12 435 108 474
D40 0.0235 534 535 623 579
D40 0.0233 5 385 74 411
D40 0.0231 299 396 359 424
D40 0.0229 2 420 73 450
D40 0.0229 144 477 258 527
D40 0.0228 326 449 377 516
D40 0.0227 164 455 314 515
D40 0.0227 251 428 340 463
D40 0.0225 362 433 505 488
D40 0.0225 380 454 482 497
D40 0.0224 497 472 582 507
D40 0.0224 464 532 570 583
D40 0.0223 474 552 555 590
D40 0.0222 353 405 421 479
D40 0.0221 392 574 496 610
D40 0.0221 509 581 653 638
D40 0.0220 340 510 389 555
D40 0.0220 499 513 554 554
D40 0.0219 103 435 200 472
D40 0.0219 546 450 716 582
D40 0.0218 34 375 111 402
D40 0.0218 309 524 400 563
D40 0.0218 646 608 711 640
D40 0.0218 421 461 512 493
D40 0.0218 287 632 356 658
D40 0.0218 477 576 709 695
D40 0.0217 43 439 121 511
D40 0.0217 292 398 395 447
D40 0.0216 349 416 403 449
D40 0.0216 291 492 373 600
D40 0.0216 378 570 432 610
D40 0.0216 4 615 97 708
D40 0.0216 262 565 391 612
D40 0.0216 287 451 352 479
D40 0.0216 313 486 360 536
D40 0.0216 578 542 687 602
D40 0.0216 62 434 111 476
D40 0.0215 328 403 401 442
D40 0.0215 124 452 259 515
D40 0.0214 669 603 714 646
D40 0.0213 245 398 349 442
D40 0.0213 71 427 120 467
D40 0.0211 522 501 571 566
D40 0.0211 546 548 633 593
D40 0.0210 411 453 473 482
D40 0.0210 519 491 570 535
D40 0.0209 280 618 384 658
D40 0.0209 187 495 343 559
D40 0.0209 230 431 299 461
D40 0.0209 514 560 607 600
D40 0.0209 14 494 134 559
D40 0.0209 335 494 473 565
D40 0.0207 327 471 377 504
D40 0.0206 196 497 265 528
D40 0.0206 367 445 407 488
D40 0.0205 584 577 666 626
D40 0.0205 343 489 403 554
D40 0.0203 496 457 596 581
D40 0.0203 258 505 350 543
D40 0.0202 360 427 414 458
D40 0.0202 0 431 40 473
D40 0.0202 151 456 279 559
D40 0.0202 177 417 251 446
D40 0.0202 139 481 218 520
D40 0.0202 164 495 276 546
D40 0.0200 253 378 352 419
D40 0.0200 133 427 231 478
D40 0.0199 615 510 720 561
D40 0.0199 498 457 640 513
D40 0.0199 308 404 390 487
D40 0.0194 402 529 720 707
D40 0.0193 369 447 452 486
D40 0.0193 233 410 338 454
D40 0.0193 506 414 718 500
D40 0.0193 223 404 421 500
D40 0.0192 536 505 639 543
D40 0.0192 168 428 241 457
D40 0.0191 501 476 601 528
D40 0.0191 0 426 68 508
D40 0.0189 79 446 176 483
D40 0.0189 338 474 382 527
D40 0.0189 4 445 96 486
D40 0.0188 469 469 517 508
D40 0.0188 499 569 591 610
D40 0.0188 314 393 392 428
D40 0.0188 327 462 380 492
D40 0.0187 285 386 349 413
D40 0.0185 356 474 509 538
D40 0.0185 35 381 126 413
D40 0.0185 0 396 89 450
D40 0.0184 330 492 379 567
D40 0.0184 376 520 544 586
D40 0.0184 548 490 636 595
D40 0.0184 360 407 412 438
D40 0.0184 1 375 57 404
D40 0.0183 537 489 659 536
D40 0.0183 296 522 346 561
D40 0.0182 297 475 370 525
D40 0.0182 265 411 387 467
D40 0.0181 646 555 719 664
D40 0.0181 585 567 638 614
D40 0.0181 312 445 354 489
D40 0.0180 125 424 183 460
D40 0.0180 0 468 41 512
D40 0.0179 349 452 456 504
D40 0.0179 10 375 333 502
D40 0.0179 313 407 372 435
D40 0.0179 376 463 444 490
D40 0.0179 321 567 373 610
D40 0.0178 360 440 415 470
D40 0.0178 165 412 206 454
D40 0.0177 325 503 362 558
D40 0.0177 450 579 533 619
D40 0.0176 463 484 528 513
D40 0.0176 566 564 635 597
D40 0.0176 413 474 474 500
D40 0.0176 271 529 384 582
D40 0.0175 442 483 552 537
D40 0.0175 224 388 327 430
D40 0.0175 361 416 456 468
D40 0.0174 404 587 483 614
D40 0.0174 377 421 582 503
D40 0.0174 228 487 349 539
D40 0.0174 53 457 133 497
D40 0.0174 307 448 361 513
D40 0.0173 60 371 143 404
D40 0.0173 357 462 416 490
D40 0.0173 403 380 720 582
D40 0.0172 201 476 328 528
D40 0.0172 4 476 45 530
D40 0.0172 245 575 305 605
D40 0.0172 435 562 533 601
D40 0.0171 0 366 138 483
D40 0.0171 321 402 463 481
D40 0.0170 337 584 482 636
D40 0.0170 251 519 361 569
D40 0.0170 183 400 288 443
D40 0.0169 587 588 720 674
D40 0.0167 339 456 384 501
D40 0.0166 5 666 52 717
D40 0.0165 370 537 418 579
D40 0.0165 204 427 311 498
D40 0.0164 360 448 414 509
D40 0.0164 502 548 592 589
D40 0.0163 314 550 388 608
D40 0.0163 6 505 153 594
D40 0.0163 200 409 301 457
D40 0.0163 28 470 109 512
D40 0.0163 4 475 74 507
D40 0.0162 512 471 576 558
D40 0.0161 380 435 459 474
D40 0.0160 178 449 267 480
D40 0.0160 548 527 648 565
D40 0.0159 287 406 352 434
D40 0.0159 4 391 91 427
D40 0.0159 305 382 377 441
D40 0.0159 212 377 313 417
D40 0.0159 572 582 635 618
D40 0.0159 356 432 399 477
D40 0.0159 355 456 397 500
D40 0.0159 365 526 409 569
D40 0.0158 347 452 404 482
D40 0.0158 536 517 575 572
D40 0.0158 324 433 361 478
D40 0.0158 497 466 565 495
D40 0.0158 215 542 366 603
D40 0.0158 10 522 94 622
D40 0.0158 162 486 232 516
D40 0.0157 333 411 374 455
D40 0.0157 378 557 511 605
D40 0.0156 317 451 370 480
D40 0.0155 0 409 54 475
D40 0.0155 380 497 542 562
D40 0.0155 526 540 593 571
D40 0.0155 277 574 387 644
D40 0.0154 347 594 403 623
D40 0.0154 415 435 555 487
D40 0.0154 251 462 322 488
D40 0.0154 432 455 498 482
D40 0.0153 340 399 432 450
D40 0.0153 209 430 276 461
D40 0.0153 22 482 77 521
D40 0.0152 379 469 462 505
D40 0.0152 353 486 395 536
D40 0.0152 379 428 438 458
D40 0.0151 40 361 124 395
D40 0.0151 154 401 219 466
D40 0.0151 122 392 230 434
D40 0.0151 431 577 510 606
D40 0.0151 356 504 416 567
D40 0.0150 4 505 67 538
D40 0.0150 1 456 82 502
D40 0.0150 261 625 361 666
D40 0.0150 109 451 236 555
D40 0.0150 276 513 324 551
D40 0.0150 337 414 395 474
D40 0.0150 165 436 252 472
D40 0.0150 403 441 463 489
D40 0.0149 600 569 689 614
D40 0.0149 527 578 615 621
D40 0.0148 382 407 476 455
D40 0.0148 407 572 456 610
D40 0.0148 261 396 336 424
D40 0.0148 342 507 404 537
D40 0.0148 680 611 719 656
D40 0.0148 425 424 629 630
D40 0.0147 0 378 37 418
D40 0.0147 2 401 49 445
D40 0.0146 62 377 168 416
D40 0.0146 613 596 686 630
D40 0.0146 342 465 494 626
D40 0.0146 40 450 107 480
D40 0.0145 380 417 436 449
D40 0.0145 561 516 663 553
D40 0.0145 349 397 402 425
D40 0.0145 319 446 393 488
D40 0.0144 610 551 718 613
D40 0.0144 220 457 310 493
D40 0.0143 507 560 558 600
D40 0.0143 465 583 605 637
D40 0.0142 465 501 552 544
D40 0.0142 20 431 101 460
D40 0.0142 287 431 350 460
D40 0.0142 155 494 219 525
D40 0.0141 31 407 178 589
D40 0.0141 490 468 530 514
D40 0.0140 208 503 308 591
D40 0.0139 57 405 137 491
D40 0.0139 1 534 74 576
D40 0.0139 501 475 542 525
D40 0.0139 152 399 223 424
D40 0.0138 196 565 310 611
D40 0.0138 5 517 65 552
D40 0.0138 306 461 360 493
D40 0.0138 73 422 143 449
D40 0.0138 0 357 203 436
D40 0.0137 310 386 369 413
D40 0.0136 81 418 164 506
D40 0.0135 249 386 325 412
D40 0.0135 491 578 576 621
D40 0.0135 214 566 364 621
D40 0.0134 69 385 139 411
D40 0.0134 358 589 435 625
D40 0.0134 391 424 467 461
D40 0.0134 94 406 193 440
D40 0.0134 186 388 363 449
D40 0.0134 368 392 407 432
D40 0.0134 481 543 549 569
D40 0.0133 139 439 209 466
D40 0.0133 432 509 561 560
D40 0.0133 597 477 712 535
D40 0.0133 148 481 238 569
D40 0.0132 1 443 51 488
D40 0.0132 498 399 696 558
D40 0.0131 1 394 57 424
D40 0.0131 640 592 700 636
D40 0.0131 278 413 357 450
D40 0.0131 628 450 720 662
D40 0.0131 23 371 77 406
D40 0.0131 157 472 240 512
D40 0.0130 365 499 408 545
D40 0.0130 208 513 300 551
D40 0.0130 479 487 527 529
D40 0.0129 229 426 454 675
D40 0.0129 305 435 382 475
D40 0.0129 308 472 362 504
D40 0.0129 520 485 586 512
D40 0.0129 432 474 503 500
D40 0.0129 373 435 446 548
D40 0.0128 664 589 719 672
D40 0.0128 39 481 119 519
D40 0.0128 276 461 345 490
D40 0.0127 105 407 187 485
D40 0.0126 71 452 186 502
D40 0.0126 58 486 238 566
D40 0.0126 166 502 259 594
D40 0.0126 539 455 692 509
D40 0.0126 178 380 280 422
D40 0.0126 92 376 161 402
D40 0.0125 361 406 394 461
D40 0.0125 535 552 608 585
D40 0.0125 490 445 565 539
D40 0.0125 303 506 337 557
D40 0.0124 316 632 385 656
D40 0.0124 187 506 256 536
D40 0.0124 0 355 105 399
D40 0.0124 453 447 547 493
D40 0.0124 400 418 461 447
D40 0.0123 254 571 349 608
D40 0.0123 330 624 396 650
D40 0.0123 184 487 254 517
D40 0.0122 5 407 71 438
D40 0.0122 327 428 385 458
D40 0.0122 544 510 585 563
D40 0.0122 147 476 207 508
D40 0.0122 618 431 720 477
D40 0.0121 225 491 274 531
D40 0.0121 287 576 364 607
D40 0.0120 312 424 353 466
D40 0.0120 86 389 197 430
D40 0.0120 598 547 670 637
D40 0.0120 650 499 719 616
D40 0.0120 502 541 571 570
D40 0.0119 576 537 671 578
D40 0.0119 79 424 129 483
D40 0.0119 174 483 243 536
D40 0.0119 14 493 80 553
D40 0.0118 316 589 397 626
D40 0.0117 251 419 322 446
D40 0.0117 576 505 673 542
D40 0.0117 28 302 500 542
D40 0.0117 185 528 282 612
D40 0.0117 637 504 717 544
D40 0.0117 336 439 395 469
D40 0.0117 384 596 453 623
D40 0.0116 190 425 277 479
D40 0.0116 411 441 471 471
D40 0.0115 474 459 535 537
D40 0.0115 610 529 686 587
D40 0.0115 458 455 521 481
D40 0.0114 334 465 410 510
D40 0.0114 27 411 279 684
D40 0.0114 423 444 483 489
D40 0.0114 40 462 104 494
D40 0.0113 530 497 599 527
D40 0.0113 540 430 697 484
D40 0.0113 682 430 720 475
D40 0.0113 217 387 288 413
D40 0.0113 447 539 541 574
D40 0.0112 582 390 720 703
D40 0.0112 83 368 190 406
D40 0.0112 299 455 346 500
D40 0.0112 189 458 275 493
D40 0.0111 0 422 28 464
D40 0.0111 92 385 163 411
D40 0.0111 134 553 244 608
D40 0.0111 103 465 209 516
D40 0.0111 298 398 547 651
D40 0.0111 5 543 49 590
D40 0.0111 251 408 323 435
D40 0.0111 267 497 335 529
D40 0.0111 78 390 215 514
D40 0.0111 633 520 704 550
D40 0.0110 293 601 398 649
D40 0.0110 355 501 438 543
D40 0.0110 471 520 542 550
D40 0.0110 549 401 714 475
D40 0.0110 231 419 298 448
D40 0.0110 364 514 450 556
D40 0.0110 216 481 264 523
D40 0.0110 622 530 694 559
D40 0.0110 96 379 203 417
D40 0.0109 414 474 528 525
D40 0.0109 234 565 296 597
D40 0.0109 269 530 338 557
D40 0.0109 372 520 439 575
D40 0.0108 265 502 314 542
D40 0.0108 623 535 710 576
D40 0.0108 384 587 506 627
D40 0.0107 131 419 208 505
D40 0.0107 234 586 295 613
D40 0.0107 375 465 417 510
D40 0.0107 304 405 360 460
D40 0.0106 224 497 304 527
D40 0.0106 460 545 528 597
D40 0.0106 517 516 555 570
D40 0.0106 241 368 345 407
D40 0.0106 473 425 629 494
D40 0.0106 507 375 720 462
D40 0.0106 216 511 263 552
D40 0.0106 531 481 621 518
D40 0.0105 106 484 211 536
D40 0.0105 41 418 126 454
D40 0.0105 189 457 272 527
D40 0.0105 367 475 406 525
D40 0.0105 620 585 695 621
D40 0.0105 216 590 360 644
D40 0.0105 594 559 650 604
D40 0.0104 378 565 455 597
D40 0.0104 60 476 124 505
D40 0.0103 244 469 329 510
D40 0.0103 282 490 342 571
D40 0.0103 595 595 659 629
D40 0.0103 358 472 415 502
D40 0.0103 646 450 713 478
D40 0.0103 571 561 613 616
D40 0.0102 225 508 305 536
D40 0.0102 671 621 715 666
D40 0.0102 530 475 599 502
D40 0.0102 356 623 416 649
D40 0.0102 69 365 136 391
D40 0.0101 512 463 594 498
D40 0.0101 27 490 108 530
D40 0.0101 40 386 141 429
D40 0.0100 391 407 450 438
D40 0.0100 494 501 559 586
