D00 0.0506 214 660 268 719
D00 0.0414 182 649 346 720
D00 0.0387 221 686 279 718
D00 0.0343 222 671 299 716
D00 0.0301 447 481 487 562
D00 0.0289 212 625 302 713
D00 0.0279 654 552 714 680
D00 0.0276 134 606 301 720
D00 0.0275 458 469 496 555
D00 0.0266 180 673 274 720
D00 0.0263 368 645 430 691
D00 0.0262 150 655 289 717
D00 0.0249 462 498 492 565
D00 0.0247 626 524 706 672
D00 0.0240 0 602 127 716
D00 0.0239 342 505 411 585
D00 0.0235 222 637 391 700
D00 0.0233 452 487 503 589
D00 0.0228 437 490 477 571
D00 0.0225 171 508 245 583
D00 0.0223 1 482 53 586
D00 0.0221 238 687 305 718
D00 0.0219 202 590 370 713
D00 0.0215 634 575 700 692
D00 0.0214 474 451 504 508
D00 0.0214 485 570 561 634
D00 0.0213 469 457 506 544
D00 0.0207 376 658 423 697
D00 0.0205 452 508 481 575
D00 0.0204 316 496 434 599
D00 0.0204 383 438 411 496
D00 0.0201 320 516 391 593
D00 0.0200 440 481 472 545
D00 0.0199 452 469 482 535
D00 0.0197 361 656 436 718
D00 0.0196 0 475 82 612
D00 0.0195 25 518 184 703
D00 0.0192 362 474 424 585
D00 0.0192 484 450 514 508
D00 0.0192 463 458 493 521
D00 0.0191 473 488 502 556
D00 0.0190 0 506 113 684
D00 0.0182 394 439 421 494
D00 0.0182 473 458 524 561
D00 0.0182 672 582 713 670
D00 0.0181 365 640 418 676
D00 0.0180 28 624 169 720
D00 0.0179 611 598 718 706
D00 0.0179 195 585 282 720
D00 0.0178 365 495 407 575
D00 0.0177 171 622 268 713
D00 0.0176 101 512 271 582
D00 0.0176 211 697 270 720
D00 0.0171 184 534 232 580
D00 0.0171 639 685 719 720
D00 0.0170 382 474 447 584
D00 0.0169 429 452 483 551
D00 0.0168 0 539 39 614
D00 0.0168 421 500 493 583
D00 0.0167 146 539 353 693
D00 0.0167 499 581 545 626
D00 0.0165 404 473 472 585
D00 0.0165 188 687 258 718
D00 0.0164 366 623 432 673
D00 0.0164 485 467 514 533
D00 0.0163 181 524 253 569
D00 0.0160 424 483 466 560
D00 0.0159 463 490 538 573
D00 0.0159 178 553 241 584
D00 0.0159 515 490 553 573
D00 0.0158 653 640 720 719
D00 0.0158 289 519 415 614
D00 0.0158 3 535 67 651
D00 0.0157 1 638 81 720
D00 0.0157 498 470 548 569
D00 0.0157 359 514 392 578
D00 0.0157 334 686 420 720
D00 0.0155 449 510 520 623
D00 0.0154 429 471 460 531
D00 0.0154 230 698 293 720
D00 0.0154 74 606 215 714
D00 0.0153 15 585 92 703
D00 0.0153 438 460 471 519
D00 0.0153 474 584 551 651
D00 0.0151 191 498 263 571
D00 0.0151 268 530 435 653
D00 0.0151 492 468 531 552
D00 0.0149 222 641 280 708
D00 0.0149 378 504 420 582
D00 0.0148 359 511 424 621
D00 0.0148 683 568 720 657
D00 0.0148 356 485 397 562
D00 0.0148 383 457 411 517
D00 0.0148 158 513 234 551
D00 0.0147 334 535 457 648
D00 0.0147 428 453 460 503
D00 0.0147 167 520 301 581
D00 0.0146 239 679 347 720
D00 0.0145 470 537 542 642
D00 0.0145 463 447 494 494
D00 0.0144 495 458 526 521
D00 0.0144 369 672 451 710
D00 0.0144 368 459 408 537
D00 0.0144 686 603 717 669
D00 0.0144 309 566 439 671
D00 0.0143 450 453 483 505
D00 0.0142 372 447 405 507
D00 0.0142 370 495 458 636
D00 0.0142 136 517 231 572
D00 0.0141 376 650 462 707
D00 0.0141 390 494 430 574
D00 0.0141 587 447 714 667
D00 0.0141 530 500 559 566
D00 0.0141 164 541 259 589
D00 0.0140 348 524 383 586
D00 0.0140 3 430 55 523
D00 0.0140 122 486 256 570
D00 0.0140 366 689 430 718
D00 0.0139 508 479 538 543
D00 0.0138 519 480 549 543
D00 0.0138 0 676 94 720
D00 0.0138 4 549 64 608
D00 0.0138 479 499 520 582
D00 0.0138 665 604 719 695
D00 0.0137 344 447 447 605
D00 0.0136 610 539 681 656
D00 0.0135 128 535 298 601
D00 0.0135 242 665 281 718
D00 0.0135 192 651 259 715
D00 0.0135 231 662 314 703
D00 0.0134 474 436 522 523
D00 0.0134 301 688 390 720
D00 0.0134 406 442 435 492
D00 0.0132 469 511 508 590
D00 0.0132 412 492 453 572
D00 0.0131 401 502 441 582
D00 0.0131 441 514 493 608
D00 0.0131 0 571 54 673
D00 0.0131 516 489 583 606
D00 0.0130 0 575 139 661
D00 0.0130 504 500 543 582
D00 0.0130 122 525 272 705
D00 0.0130 196 575 322 680
D00 0.0130 506 590 556 633
D00 0.0130 357 679 465 720
D00 0.0130 333 545 377 590
D00 0.0129 2 501 33 570
D00 0.0129 418 452 449 503
D00 0.0129 374 422 418 511
D00 0.0129 403 509 472 623
D00 0.0127 418 472 448 529
D00 0.0127 227 604 327 690
D00 0.0125 166 503 243 541
D00 0.0125 430 510 460 575
D00 0.0125 169 529 228 560
D00 0.0124 378 472 417 549
D00 0.0124 342 455 404 566
D00 0.0124 389 635 426 681
D00 0.0124 345 512 389 556
D00 0.0124 537 491 574 574
D00 0.0124 393 458 422 516
D00 0.0123 313 565 375 593
D00 0.0123 588 643 720 719
D00 0.0122 158 527 222 583
D00 0.0122 645 526 718 623
D00 0.0122 1 569 34 628
D00 0.0122 305 487 399 573
D00 0.0120 526 472 563 549
D00 0.0120 441 520 470 585
D00 0.0120 247 677 319 709
D00 0.0119 195 513 243 555
D00 0.0119 255 561 412 719
D00 0.0119 382 663 417 714
D00 0.0119 368 601 451 669
D00 0.0119 587 518 696 638
D00 0.0118 255 543 402 597
D00 0.0117 257 689 331 717
D00 0.0117 155 513 317 618
D00 0.0117 14 662 125 720
D00 0.0117 278 510 380 589
D00 0.0116 474 437 504 482
D00 0.0116 498 599 545 640
D00 0.0116 508 452 558 547
D00 0.0116 58 479 225 663
D00 0.0115 649 583 692 668
D00 0.0115 346 536 405 592
D00 0.0115 630 626 702 720
D00 0.0114 491 558 536 628
D00 0.0114 497 499 527 565
D00 0.0114 502 450 541 529
D00 0.0114 185 544 332 597
D00 0.0114 358 595 427 689
D00 0.0114 233 575 376 673
D00 0.0113 0 471 38 553
D00 0.0113 681 625 720 707
D00 0.0112 665 593 699 660
D00 0.0112 0 420 81 557
D00 0.0111 221 648 263 695
D00 0.0111 387 689 457 716
D00 0.0111 0 606 56 710
D00 0.0111 196 540 259 574
D00 0.0111 117 515 210 552
D00 0.0111 332 522 400 568
D00 0.0110 10 518 43 580
D00 0.0110 509 575 576 630
D00 0.0110 46 578 152 710
D00 0.0110 177 610 301 678
D00 0.0110 426 534 497 644
D00 0.0110 474 514 551 589
D00 0.0109 681 682 720 720
D00 0.0109 357 676 421 708
D00 0.0109 150 574 280 679
D00 0.0109 390 545 483 676
D00 0.0109 406 459 436 515
D00 0.0109 543 483 590 581
D00 0.0109 236 558 419 627
D00 0.0108 513 539 584 642
D00 0.0108 306 545 382 605
D00 0.0108 117 641 222 720
D00 0.0108 0 688 63 719
D00 0.0108 494 548 576 615
D00 0.0107 95 543 240 596
D00 0.0107 172 550 301 642
D00 0.0107 517 453 582 566
D00 0.0106 553 501 582 566
D00 0.0106 394 483 424 540
D00 0.0106 54 629 136 708
D00 0.0106 287 671 403 717
D00 0.0106 323 531 368 597
D00 0.0106 644 552 697 651
D00 0.0106 234 524 376 610
D00 0.0106 406 493 436 553
D00 0.0106 362 469 395 531
D00 0.0105 352 512 423 556
D00 0.0105 560 493 597 573
D00 0.0105 656 580 707 649
D00 0.0104 321 610 433 665
D00 0.0103 337 622 413 704
D00 0.0103 395 522 426 583
D00 0.0103 501 584 584 651
D00 0.0103 370 523 404 584
D00 0.0103 78 572 210 676
D00 0.0102 652 625 711 683
D00 0.0102 282 689 355 718
D00 0.0102 412 490 454 532
D00 0.0102 66 611 150 683
D00 0.0102 364 437 423 545
D00 0.0102 10 504 68 570
D00 0.0102 84 538 252 656
D00 0.0101 449 560 522 660
D00 0.0101 221 516 282 574
D00 0.0101 11 489 43 560
D00 0.0100 484 435 515 483
D00 0.0100 212 551 350 640
D00 0.0100 215 600 272 700
D10 0.0304 365 645 432 673
D10 0.0259 332 641 429 677
D10 0.0230 500 567 568 589
D10 0.0228 343 655 422 680
D10 0.0223 323 617 466 673
D10 0.0207 481 557 592 603
D10 0.0206 366 630 452 667
D10 0.0200 510 563 602 594
D10 0.0191 377 641 477 672
D10 0.0190 470 562 556 595
D10 0.0183 295 647 425 687
D10 0.0159 545 566 610 591
D10 0.0156 502 555 566 583
D10 0.0152 377 623 502 667
D10 0.0147 492 576 555 605
D10 0.0145 390 634 469 661
D10 0.0144 436 555 552 604
D10 0.0144 456 566 527 591
D10 0.0143 201 601 309 649
D10 0.0143 480 554 545 582
D10 0.0140 524 555 587 583
D10 0.0139 472 568 577 619
D10 0.0139 467 542 582 593
D10 0.0138 3 542 53 571
D10 0.0136 521 556 636 602
D10 0.0135 500 572 588 609
D10 0.0133 3 563 119 621
D10 0.0129 252 562 347 594
D10 0.0127 280 652 379 683
D10 0.0126 14 587 147 649
D10 0.0123 417 640 512 670
D10 0.0122 649 654 710 680
D10 0.0122 459 571 546 610
D10 0.0120 436 566 502 592
D10 0.0120 315 645 400 673
D10 0.0120 618 642 720 691
D10 0.0119 548 554 606 583
D10 0.0118 392 497 455 524
D10 0.0116 348 589 489 652
D10 0.0116 333 559 418 595
D10 0.0115 3 537 74 579
D10 0.0114 459 554 524 583
D10 0.0112 193 561 376 625
D10 0.0112 434 635 544 675
D10 0.0110 7 551 64 585
D10 0.0109 389 565 456 591
D10 0.0109 412 565 479 591
D10 0.0109 342 553 454 600
D10 0.0109 416 497 477 526
D10 0.0108 365 565 433 590
D10 0.0107 217 562 310 593
D10 0.0107 517 507 569 537
D10 0.0107 343 633 418 665
D10 0.0107 390 553 454 583
D10 0.0106 404 486 466 514
D10 0.0106 232 605 319 641
D10 0.0105 454 644 524 667
D10 0.0104 532 576 601 603
D10 0.0104 284 566 358 592
D10 0.0103 388 554 505 602
D10 0.0102 253 567 364 608
D10 0.0100 219 609 291 635
D10 0.0100 438 554 499 583
D10 0.0100 413 554 476 583
D20 0.1128 84 489 672 680
D20 0.0939 292 485 648 644
D20 0.0789 199 532 581 685
D20 0.0688 356 493 586 604
D20 0.0644 200 625 461 707
D20 0.0613 155 585 532 713
D20 0.0604 350 540 657 666
D20 0.0589 0 573 446 720
D20 0.0548 398 517 617 624
D20 0.0506 272 570 658 704
D20 0.0497 167 446 597 622
D20 0.0483 367 462 574 569
D20 0.0447 0 590 260 715
D20 0.0439 422 445 489 469
D20 0.0437 423 454 490 479
D20 0.0427 424 468 543 588
D20 0.0425 300 634 486 698
D20 0.0408 23 458 436 699
D20 0.0401 244 650 449 716
D20 0.0361 244 464 527 584
D20 0.0361 450 544 691 644
D20 0.0359 253 600 483 689
D20 0.0354 356 521 535 657
D20 0.0345 382 472 506 585
D20 0.0341 420 555 599 635
D20 0.0337 408 449 511 488
D20 0.0335 322 596 559 683
D20 0.0329 321 635 437 680
D20 0.0320 74 614 309 719
D20 0.0317 8 489 322 639
D20 0.0317 318 657 467 711
D20 0.0313 195 502 499 628
D20 0.0304 20 549 300 684
D20 0.0303 350 646 445 691
D20 0.0301 445 476 568 647
D20 0.0298 0 627 186 720
D20 0.0298 377 443 680 606
D20 0.0295 145 553 454 682
D20 0.0292 397 439 501 476
D20 0.0289 441 504 601 594
D20 0.0288 469 495 705 687
D20 0.0286 422 433 487 456
D20 0.0284 98 454 474 588
D20 0.0278 324 644 540 719
D20 0.0271 440 577 622 652
D20 0.0269 198 482 416 579
D20 0.0266 500 562 720 668
D20 0.0263 386 453 543 527
D20 0.0262 323 483 481 609
D20 0.0254 135 378 720 654
D20 0.0254 288 568 512 671
D20 0.0251 0 504 203 704
D20 0.0251 385 454 493 501
D20 0.0244 425 462 488 491
D20 0.0244 403 492 530 566
D20 0.0243 0 516 174 620
D20 0.0242 451 446 594 580
D20 0.0237 458 584 707 702
D20 0.0237 368 578 561 657
D20 0.0236 435 443 512 473
D20 0.0236 424 454 525 505
D20 0.0236 459 453 514 481
D20 0.0231 433 481 501 562
D20 0.0231 597 537 718 686
D20 0.0231 151 505 373 591
D20 0.0229 456 527 555 613
D20 0.0225 74 487 280 571
D20 0.0224 459 461 545 558
D20 0.0224 484 502 649 637
D20 0.0223 0 524 52 613
D20 0.0214 363 636 474 678
D20 0.0213 480 479 569 577
D20 0.0211 476 566 620 628
D20 0.0210 449 447 503 493
D20 0.0208 191 527 418 609
D20 0.0207 420 462 493 542
D20 0.0205 412 449 457 484
D20 0.0204 0 198 669 710
D20 0.0204 8 597 165 691
D20 0.0203 395 426 497 462
D20 0.0199 369 504 461 592
D20 0.0198 365 443 470 492
D20 0.0198 627 566 704 669
D20 0.0197 449 486 518 604
D20 0.0195 0 474 113 613
D20 0.0193 342 452 597 714
D20 0.0191 413 525 513 611
D20 0.0190 454 450 521 529
D20 0.0187 267 542 484 644
D20 0.0183 356 618 590 699
D20 0.0181 0 0 489 353
D20 0.0179 478 542 612 605
D20 0.0178 201 0 720 353
D20 0.0176 469 455 507 500
D20 0.0176 438 381 714 649
D20 0.0176 266 512 437 590
D20 0.0176 370 632 429 705
D20 0.0174 446 433 505 456
D20 0.0174 21 18 720 530
D20 0.0173 382 476 493 527
D20 0.0171 271 616 432 675
D20 0.0171 422 421 486 444
D20 0.0169 375 419 561 648
D20 0.0169 382 496 494 552
D20 0.0169 481 523 573 650
D20 0.0168 48 643 246 720
D20 0.0167 0 142 348 720
D20 0.0165 342 456 451 567
D20 0.0165 418 461 474 517
D20 0.0164 468 440 507 475
D20 0.0163 392 443 455 470
D20 0.0163 285 487 484 701
D20 0.0162 334 564 454 715
D20 0.0161 425 530 550 682
D20 0.0161 375 142 720 720
D20 0.0161 265 629 387 700
D20 0.0160 445 455 561 516
D20 0.0159 539 457 681 661
D20 0.0158 408 501 483 583
D20 0.0158 505 474 592 616
D20 0.0158 479 447 518 488
D20 0.0158 393 493 484 635
D20 0.0158 384 441 434 493
D20 0.0157 646 592 712 676
D20 0.0156 320 364 619 616
D20 0.0155 463 474 667 585
D20 0.0154 314 683 423 720
D20 0.0153 400 447 441 485
D20 0.0152 495 586 651 648
D20 0.0151 678 558 720 666
D20 0.0151 562 594 712 680
D20 0.0150 392 564 542 627
D20 0.0149 292 531 462 605
D20 0.0149 7 540 144 650
D20 0.0149 267 415 577 560
D20 0.0148 57 526 270 609
D20 0.0148 364 462 468 515
D20 0.0146 176 553 397 638
D20 0.0145 469 464 620 549
D20 0.0145 382 437 541 497
D20 0.0144 414 600 597 670
D20 0.0143 440 442 493 521
D20 0.0142 0 561 114 720
D20 0.0142 567 417 720 685
D20 0.0141 269 445 427 574
D20 0.0141 374 451 421 481
D20 0.0140 448 503 558 565
D20 0.0140 505 532 677 615
D20 0.0140 558 538 682 652
D20 0.0140 437 448 471 491
D20 0.0140 152 493 314 568
D20 0.0138 464 438 530 503
D20 0.0138 352 540 493 599
D20 0.0138 424 441 466 497
D20 0.0138 28 582 207 660
D20 0.0138 3 510 75 587
D20 0.0138 230 521 379 583
D20 0.0137 217 666 392 720
D20 0.0137 374 446 419 507
D20 0.0135 403 460 472 568
D20 0.0135 50 600 235 686
D20 0.0134 395 451 450 503
D20 0.0134 294 442 508 541
D20 0.0133 391 413 494 449
D20 0.0132 24 454 130 506
D20 0.0130 259 582 441 660
D20 0.0129 0 0 176 269
D20 0.0129 419 629 683 720
D20 0.0129 371 561 501 710
D20 0.0128 524 564 664 630
D20 0.0128 0 540 83 598
D20 0.0126 224 467 392 546
D20 0.0125 510 501 577 584
D20 0.0124 85 552 297 639
D20 0.0123 107 576 319 676
D20 0.0123 478 599 676 670
D20 0.0123 445 466 487 511
D20 0.0123 585 581 695 656
D20 0.0122 337 525 441 585
D20 0.0121 406 473 463 528
D20 0.0121 363 486 467 538
D20 0.0120 24 410 364 546
D20 0.0120 389 421 631 541
D20 0.0119 259 518 413 696
D20 0.0119 540 633 720 720
D20 0.0119 0 389 235 673
D20 0.0118 547 0 720 269
D20 0.0118 244 445 407 519
D20 0.0118 406 492 487 532
D20 0.0117 314 498 437 565
D20 0.0116 413 467 455 509
D20 0.0116 368 421 428 491
D20 0.0116 27 558 206 631
D20 0.0115 410 427 457 460
D20 0.0115 452 437 546 481
D20 0.0115 527 504 613 595
D20 0.0114 189 426 472 535
D20 0.0113 12 434 69 521
D20 0.0113 650 561 714 644
D20 0.0113 427 437 461 478
D20 0.0112 368 460 431 535
D20 0.0111 234 499 377 563
D20 0.0111 483 536 644 712
D20 0.0111 205 545 359 597
D20 0.0111 356 610 465 664
D20 0.0109 544 283 720 642
D20 0.0108 58 537 229 659
D20 0.0107 346 675 481 720
D20 0.0106 377 606 439 687
D20 0.0106 328 612 425 712
D20 0.0105 374 441 421 471
D20 0.0105 450 439 483 479
D20 0.0105 655 519 720 700
D20 0.0104 448 420 504 444
D20 0.0104 331 464 415 552
D20 0.0104 428 427 483 495
D20 0.0104 365 610 459 712
D20 0.0103 463 438 494 481
D20 0.0102 59 565 185 720
D20 0.0102 459 0 720 174
D20 0.0101 632 574 720 720
D20 0.0101 509 494 624 561
D20 0.0100 430 479 504 521
D20 0.0100 419 510 495 556
D20 0.0100 0 0 320 216
D20 0.0100 669 561 719 621
D20 0.0100 526 523 617 652
D40 0.0741 0 479 204 577
D40 0.0711 13 478 90 515
D40 0.0566 12 465 163 549
D40 0.0493 16 494 146 565
D40 0.0431 4 439 206 536
D40 0.0387 265 442 328 472
D40 0.0360 335 640 491 692
D40 0.0356 3 490 119 603
D40 0.0346 367 655 431 683
D40 0.0331 58 500 223 559
D40 0.0330 17 454 149 516
D40 0.0330 13 481 104 535
D40 0.0327 44 466 255 555
D40 0.0326 20 518 172 580
D40 0.0299 10 449 318 587
D40 0.0289 32 475 102 505
D40 0.0267 8 500 246 624
D40 0.0256 255 435 354 475
D40 0.0255 5 484 65 514
D40 0.0253 15 457 93 563
D40 0.0241 461 585 562 637
D40 0.0240 354 659 510 711
D40 0.0235 16 461 90 505
D40 0.0232 321 631 431 697
D40 0.0227 19 493 84 523
D40 0.0224 86 480 237 540
D40 0.0218 375 645 438 692
D40 0.0210 1 466 72 532
D40 0.0208 7 436 141 585
D40 0.0206 368 664 430 693
D40 0.0204 341 648 445 715
D40 0.0198 41 515 125 553
D40 0.0196 482 597 545 628
D40 0.0196 381 640 433 676
D40 0.0193 11 540 144 600
D40 0.0192 31 415 240 506
D40 0.0191 3 471 73 586
D40 0.0191 29 467 70 514
D40 0.0190 61 456 219 514
D40 0.0182 408 672 515 713
D40 0.0180 72 512 251 581
D40 0.0175 19 473 58 522
D40 0.0174 0 403 269 553
D40 0.0174 0 525 80 613
D40 0.0172 4 544 47 592
D40 0.0170 344 606 442 680
D40 0.0170 29 504 112 544
D40 0.0167 0 554 38 604
D40 0.0166 150 490 246 538
D40 0.0165 52 500 159 550
D40 0.0162 431 688 502 716
D40 0.0162 376 662 464 698
D40 0.0162 30 433 176 494
D40 0.0161 251 449 310 477
D40 0.0158 382 628 570 695
D40 0.0158 380 613 539 668
D40 0.0156 370 453 407 500
D40 0.0156 416 680 495 706
D40 0.0154 231 657 336 707
D40 0.0151 492 586 553 621
D40 0.0149 0 536 39 580
D40 0.0148 121 500 228 548
D40 0.0148 6 550 101 634
D40 0.0147 83 466 194 507
D40 0.0145 4 414 120 521
D40 0.0143 378 464 414 511
D40 0.0143 52 524 137 563
D40 0.0141 437 595 548 647
D40 0.0137 30 440 114 539
D40 0.0136 169 553 269 595
D40 0.0135 282 450 349 477
D40 0.0135 240 645 353 693
D40 0.0134 369 477 407 523
D40 0.0134 481 593 585 645
D40 0.0132 683 566 720 613
D40 0.0132 239 439 325 482
D40 0.0132 373 485 424 515
D40 0.0132 74 476 183 524
D40 0.0131 8 486 50 531
D40 0.0130 379 652 477 686
D40 0.0130 92 439 238 532
D40 0.0130 1 520 106 577
D40 0.0128 173 497 239 528
D40 0.0128 61 453 169 498
D40 0.0127 166 484 244 521
D40 0.0126 12 464 44 518
D40 0.0126 353 650 410 683
D40 0.0126 126 475 285 547
D40 0.0126 60 510 128 540
D40 0.0126 44 489 98 530
D40 0.0126 58 401 229 474
D40 0.0125 381 681 492 720
D40 0.0125 65 620 169 675
D40 0.0125 448 566 555 618
D40 0.0124 374 460 421 493
D40 0.0123 268 633 395 680
D40 0.0120 83 506 173 544
D40 0.0119 122 468 227 509
D40 0.0119 43 629 148 688
D40 0.0118 107 457 215 498
D40 0.0116 490 606 554 636
D40 0.0116 114 466 188 492
D40 0.0115 6 525 47 571
D40 0.0115 45 462 114 513
D40 0.0115 182 564 254 589
D40 0.0114 66 450 177 564
D40 0.0114 154 508 221 539
D40 0.0114 433 609 579 665
D40 0.0114 69 519 141 550
D40 0.0113 95 515 184 554
D40 0.0111 90 431 232 488
D40 0.0110 382 497 440 524
D40 0.0110 113 475 191 499
D40 0.0109 259 432 317 463
D40 0.0108 1 574 51 606
D40 0.0108 392 487 454 514
D40 0.0108 28 520 99 549
D40 0.0107 139 476 212 500
D40 0.0107 369 435 408 478
D40 0.0107 21 438 81 519
D40 0.0107 435 681 538 720
D40 0.0107 199 488 254 517
D40 0.0106 34 473 141 526
D40 0.0106 0 393 193 494
D40 0.0106 11 536 58 580
D40 0.0105 180 542 295 589
D40 0.0105 228 430 394 495
D40 0.0104 375 621 449 702
D40 0.0104 37 529 109 559
D40 0.0103 50 472 91 522
D40 0.0103 412 653 590 718
D40 0.0103 383 473 438 505
D40 0.0102 154 487 222 515
D40 0.0102 89 464 165 491
D40 0.0102 162 477 232 501
D40 0.0101 4 449 57 511
D40 0.0101 72 495 160 533
D40 0.0101 223 631 328 688
D40 0.0101 293 438 343 473
D40 0.0101 27 481 70 536
D40 0.0101 0 477 39 521
D40 0.0100 85 609 192 663
