D00 0.0408 609 545 715 720
D00 0.0248 629 595 698 716
D00 0.0238 549 542 693 709
D00 0.0229 0 601 115 715
D00 0.0215 649 575 716 706
D00 0.0207 609 628 660 720
D00 0.0206 605 689 665 719
D00 0.0203 3 636 76 720
D00 0.0202 467 489 720 719
D00 0.0201 620 567 706 672
D00 0.0196 355 478 397 522
D00 0.0194 665 625 719 720
D00 0.0184 601 586 687 696
D00 0.0182 0 640 164 720
D00 0.0178 365 468 406 511
D00 0.0169 489 533 564 704
D00 0.0164 263 553 331 626
D00 0.0163 568 611 706 716
D00 0.0161 508 585 558 683
D00 0.0160 492 515 638 711
D00 0.0155 0 609 59 705
D00 0.0154 605 651 713 717
D00 0.0150 346 490 389 531
D00 0.0148 519 601 568 703
D00 0.0147 508 513 586 682
D00 0.0146 597 661 654 720
D00 0.0146 571 684 657 720
D00 0.0144 586 575 658 707
D00 0.0144 228 591 381 719
D00 0.0142 574 550 709 642
D00 0.0140 616 660 674 720
D00 0.0139 273 568 320 615
D00 0.0139 595 678 702 720
D00 0.0137 619 674 651 720
D00 0.0137 265 579 310 624
D00 0.0136 528 508 674 652
D00 0.0135 262 638 338 719
D00 0.0132 556 653 684 715
D00 0.0132 11 618 86 698
D00 0.0130 579 469 716 684
D00 0.0130 361 464 411 494
D00 0.0129 608 570 665 672
D00 0.0128 347 471 391 511
D00 0.0126 270 610 326 706
D00 0.0126 499 562 550 667
D00 0.0125 622 689 692 719
D00 0.0125 534 596 661 716
D00 0.0125 469 513 546 682
D00 0.0125 260 568 345 711
D00 0.0125 527 537 613 703
D00 0.0124 273 533 342 609
D00 0.0123 113 586 278 720
D00 0.0123 518 603 549 669
D00 0.0122 590 579 694 651
D00 0.0122 343 466 406 531
D00 0.0121 369 481 402 537
D00 0.0121 381 462 412 515
D00 0.0120 204 550 352 692
D00 0.0119 477 576 539 704
D00 0.0119 552 524 641 680
D00 0.0118 200 643 368 720
D00 0.0118 359 494 393 546
D00 0.0118 476 597 585 716
D00 0.0118 529 612 559 679
D00 0.0116 484 481 616 627
D00 0.0115 285 557 330 603
D00 0.0114 20 607 258 717
D00 0.0112 658 616 705 699
D00 0.0112 336 508 395 537
D00 0.0112 496 509 557 642
D00 0.0112 247 541 354 655
D00 0.0111 519 561 566 668
D00 0.0111 156 568 324 710
D00 0.0109 282 605 409 713
D00 0.0109 496 612 552 719
D00 0.0109 258 654 393 715
D00 0.0107 523 506 588 583
D00 0.0107 638 549 720 645
D00 0.0107 610 557 683 637
D00 0.0107 50 646 235 720
D00 0.0105 0 675 90 720
D00 0.0104 0 550 76 700
D00 0.0104 245 565 316 633
D00 0.0103 436 455 608 711
D00 0.0102 535 513 578 558
D00 0.0101 249 584 317 700
D00 0.0101 584 541 703 607
D00 0.0101 0 555 156 702
D00 0.0100 289 560 345 620
D00 0.0100 243 629 365 702
D00 0.0100 385 526 566 703
D10 0.0123 113 559 289 630
D10 0.0114 344 531 408 558
D10 0.0111 344 520 405 549
D10 0.0107 127 548 268 606
D10 0.0103 303 648 485 720
D10 0.0101 38 553 264 645
D20 0.0341 43 553 579 720
D20 0.0327 0 574 335 720
D20 0.0209 255 555 699 720
D20 0.0203 0 606 190 716
D20 0.0189 149 586 420 710
D20 0.0171 390 586 652 713
D20 0.0168 288 588 569 711
D20 0.0167 0 499 401 699
D20 0.0165 104 551 369 685
D20 0.0159 134 535 347 624
D20 0.0150 0 0 489 353
D20 0.0149 239 610 460 714
D20 0.0147 201 0 720 353
D20 0.0146 490 601 703 719
D20 0.0139 0 374 489 720
D20 0.0139 176 631 392 720
D20 0.0138 10 542 207 698
D20 0.0134 0 142 348 720
D20 0.0132 200 374 720 720
D20 0.0128 375 142 720 720
D20 0.0128 546 0 720 271
D20 0.0127 504 495 720 720
D20 0.0121 0 0 720 521
D20 0.0120 464 558 601 716
D20 0.0120 376 632 599 720
D20 0.0120 579 631 720 720
D20 0.0119 0 0 174 271
D20 0.0117 201 547 462 687
D20 0.0115 278 637 512 720
D20 0.0112 0 174 720 720
D20 0.0112 472 642 643 720
D20 0.0110 631 574 720 720
D20 0.0108 355 514 597 712
D20 0.0107 103 603 297 720
D20 0.0106 316 497 411 546
D20 0.0103 340 490 407 531
D20 0.0101 146 547 291 607
D20 0.0100 291 490 400 534
D40 0.0131 148 566 246 617
D40 0.0111 415 487 475 512
D40 0.0106 0 525 34 568
D40 0.0102 0 523 93 571
D40 0.0101 164 575 228 607
