D00 0.1098 0 476 206 586
D00 0.0814 40 508 128 563
D00 0.0790 71 459 253 603
D00 0.0781 17 470 304 645
D00 0.0649 330 453 374 565
D00 0.0623 17 493 155 566
D00 0.0622 6 508 185 621
D00 0.0618 60 518 123 552
D00 0.0571 145 467 274 597
D00 0.0519 62 489 143 558
D00 0.0513 23 530 269 673
D00 0.0481 26 525 122 583
D00 0.0465 340 463 367 540
D00 0.0456 3 457 156 658
D00 0.0444 307 441 386 600
D00 0.0433 45 529 113 560
D00 0.0422 123 509 266 620
D00 0.0421 119 442 258 555
D00 0.0413 63 492 220 565
D00 0.0408 344 474 381 565
D00 0.0408 335 436 369 524
D00 0.0395 317 478 369 579
D00 0.0387 339 434 386 547
D00 0.0376 6 465 114 558
D00 0.0376 158 501 236 590
D00 0.0365 150 434 312 568
D00 0.0363 41 472 199 547
D00 0.0360 335 497 373 585
D00 0.0349 424 495 545 595
D00 0.0345 0 488 118 600
D00 0.0344 330 454 358 527
D00 0.0337 17 536 156 603
D00 0.0334 337 457 397 589
D00 0.0320 122 489 252 568
D00 0.0320 3 436 54 520
D00 0.0317 174 456 251 578
D00 0.0314 460 528 541 602
D00 0.0308 71 508 135 543
D00 0.0301 329 439 359 498
D00 0.0297 329 488 359 556
D00 0.0295 11 394 213 628
D00 0.0293 349 463 377 539
D00 0.0293 56 513 142 591
D00 0.0293 154 473 238 552
D00 0.0286 1 532 136 647
D00 0.0286 305 459 362 558
D00 0.0284 317 513 371 609
D00 0.0282 77 552 266 630
D00 0.0280 293 483 363 606
D00 0.0280 277 424 317 462
D00 0.0279 142 541 286 606
D00 0.0277 6 429 144 581
D00 0.0274 129 471 214 592
D00 0.0272 79 465 162 544
D00 0.0266 356 464 392 557
D00 0.0264 180 443 260 517
D00 0.0263 267 414 309 454
D00 0.0260 87 426 283 526
D00 0.0259 470 476 539 586
D00 0.0258 43 534 203 640
D00 0.0255 68 453 180 581
D00 0.0252 138 525 218 605
D00 0.0249 184 492 232 577
D00 0.0248 67 538 224 605
D00 0.0245 194 487 270 607
D00 0.0243 259 452 357 603
D00 0.0240 10 451 44 511
D00 0.0238 196 562 288 621
D00 0.0237 106 464 200 537
D00 0.0235 0 611 226 709
D00 0.0234 43 538 109 571
D00 0.0234 338 431 368 487
D00 0.0231 319 432 387 508
D00 0.0230 144 461 247 520
D00 0.0229 166 456 323 641
D00 0.0226 74 499 115 554
D00 0.0225 207 455 305 604
D00 0.0221 177 596 340 717
D00 0.0221 426 548 532 606
D00 0.0221 96 490 203 627
D00 0.0219 345 441 434 591
D00 0.0219 146 428 314 504
D00 0.0218 191 462 266 535
D00 0.0218 350 509 378 576
D00 0.0217 114 513 191 600
D00 0.0216 189 481 245 542
D00 0.0215 52 573 238 697
D00 0.0214 491 536 552 595
D00 0.0213 128 570 302 698
D00 0.0210 323 437 364 476
D00 0.0209 72 451 220 523
D00 0.0209 1 640 159 720
D00 0.0208 78 502 176 545
D00 0.0207 164 514 303 592
D00 0.0207 404 439 527 598
D00 0.0206 33 490 104 577
D00 0.0205 3 472 50 547
D00 0.0205 31 520 107 552
D00 0.0205 0 491 73 574
D00 0.0204 0 423 82 561
D00 0.0203 242 429 307 459
D00 0.0202 286 543 374 609
D00 0.0202 126 552 201 625
D00 0.0199 202 433 280 502
D00 0.0196 339 534 369 596
D00 0.0196 324 549 378 604
D00 0.0196 427 470 502 583
D00 0.0196 343 447 414 534
D00 0.0195 469 516 529 578
D00 0.0195 363 455 411 563
D00 0.0192 337 513 388 607
D00 0.0192 207 445 304 531
D00 0.0191 277 404 315 444
D00 0.0188 348 438 378 500
D00 0.0188 117 433 259 493
D00 0.0186 305 432 360 524
D00 0.0186 224 549 308 614
D00 0.0183 63 521 155 563
D00 0.0183 0 484 100 701
D00 0.0182 261 470 312 567
D00 0.0181 286 414 326 452
D00 0.0180 210 482 367 665
D00 0.0180 17 502 113 549
D00 0.0180 77 505 171 580
D00 0.0180 211 437 293 474
D00 0.0179 141 503 211 567
D00 0.0179 238 610 368 705
D00 0.0177 328 520 360 588
D00 0.0176 193 447 271 487
D00 0.0176 2 461 37 519
D00 0.0174 16 452 150 525
D00 0.0173 357 439 395 519
D00 0.0172 176 537 244 594
D00 0.0172 54 518 96 571
D00 0.0171 447 453 519 572
D00 0.0171 256 440 317 467
D00 0.0171 81 490 130 538
D00 0.0171 128 586 247 635
D00 0.0171 154 648 318 720
D00 0.0171 308 574 371 604
D00 0.0169 361 498 389 565
D00 0.0168 166 457 250 500
D00 0.0168 0 511 79 620
D00 0.0167 78 623 260 702
D00 0.0167 99 436 185 505
D00 0.0167 45 490 124 537
D00 0.0167 269 441 342 552
D00 0.0166 101 540 179 615
D00 0.0164 324 490 408 626
D00 0.0164 96 468 187 511
D00 0.0164 250 412 321 469
D00 0.0163 95 490 188 534
D00 0.0163 139 482 213 542
D00 0.0162 243 487 321 606
D00 0.0162 445 538 516 596
D00 0.0162 316 491 350 554
D00 0.0162 315 448 350 509
D00 0.0162 368 433 463 576
D00 0.0161 390 506 500 587
D00 0.0161 233 561 275 621
D00 0.0161 88 478 175 523
D00 0.0160 469 450 574 605
D00 0.0160 184 526 285 644
D00 0.0160 235 433 328 566
D00 0.0160 201 490 235 555
D00 0.0159 17 463 53 518
D00 0.0159 155 554 249 619
D00 0.0159 271 429 326 475
D00 0.0158 189 419 281 539
D00 0.0157 97 497 299 720
D00 0.0156 140 537 184 617
D00 0.0156 331 426 374 463
D00 0.0155 206 489 249 574
D00 0.0155 266 513 346 617
D00 0.0155 1 490 35 552
D00 0.0154 47 524 101 600
D00 0.0154 304 510 363 576
D00 0.0153 132 468 220 511
D00 0.0153 184 666 290 717
D00 0.0153 55 646 232 720
D00 0.0152 487 534 535 580
D00 0.0152 219 430 288 460
D00 0.0151 18 536 90 596
D00 0.0151 188 472 327 537
D00 0.0151 206 451 253 525
D00 0.0151 249 453 301 544
D00 0.0151 25 554 174 715
D00 0.0150 194 540 324 689
D00 0.0150 178 512 217 580
D00 0.0150 200 512 235 578
D00 0.0150 264 492 343 570
D00 0.0150 213 535 272 620
D00 0.0150 157 509 231 556
D00 0.0149 231 420 298 467
D00 0.0149 63 530 121 576
D00 0.0148 180 681 263 720
D00 0.0148 189 524 226 587
D00 0.0148 168 499 239 545
D00 0.0147 142 546 246 671
D00 0.0146 208 621 308 704
D00 0.0145 402 447 477 569
D00 0.0145 0 590 108 717
D00 0.0145 122 585 204 653
D00 0.0144 68 566 185 616
D00 0.0144 111 581 190 621
D00 0.0144 314 450 368 481
D00 0.0144 350 484 501 666
D00 0.0144 375 446 425 550
D00 0.0143 83 414 212 568
D00 0.0143 370 439 409 515
D00 0.0142 165 445 232 535
D00 0.0140 527 537 561 594
D00 0.0140 0 665 97 719
D00 0.0140 44 632 193 696
D00 0.0140 150 532 229 582
D00 0.0139 666 629 717 720
D00 0.0139 516 528 552 587
D00 0.0139 0 631 45 720
D00 0.0138 315 433 350 482
D00 0.0138 299 482 345 559
D00 0.0138 2 438 35 502
D00 0.0137 6 458 75 505
D00 0.0137 100 544 200 674
D00 0.0137 301 523 390 645
D00 0.0136 232 575 331 698
D00 0.0136 505 501 559 594
D00 0.0135 118 458 208 500
D00 0.0135 406 436 457 534
D00 0.0134 122 485 188 578
D00 0.0134 212 655 345 714
D00 0.0134 327 560 362 611
D00 0.0134 458 541 523 572
D00 0.0133 163 415 299 470
D00 0.0133 243 546 284 614
D00 0.0133 477 543 525 590
D00 0.0133 196 466 244 512
D00 0.0133 341 436 384 477
D00 0.0132 68 684 145 720
D00 0.0132 384 430 436 517
D00 0.0131 280 409 337 437
D00 0.0131 384 439 415 494
D00 0.0130 286 621 357 687
D00 0.0130 278 490 317 569
D00 0.0130 10 481 85 544
D00 0.0130 261 471 290 530
D00 0.0130 271 480 300 543
D00 0.0130 272 554 349 605
D00 0.0129 254 405 300 444
D00 0.0128 349 534 378 595
D00 0.0128 123 657 266 715
D00 0.0127 88 454 155 509
D00 0.0127 118 608 227 659
D00 0.0126 220 460 282 519
D00 0.0126 280 613 410 702
D00 0.0126 374 465 402 534
D00 0.0125 8 424 98 510
D00 0.0125 299 449 343 531
D00 0.0125 20 441 52 503
D00 0.0125 1 428 49 488
D00 0.0125 277 461 316 541
D00 0.0125 218 451 283 478
D00 0.0125 150 574 220 626
D00 0.0125 457 495 504 572
D00 0.0125 189 495 245 526
D00 0.0125 147 633 285 698
D00 0.0125 212 583 291 652
D00 0.0125 167 523 205 588
D00 0.0124 373 541 518 628
D00 0.0123 234 472 294 528
D00 0.0123 170 521 242 569
D00 0.0123 171 687 233 718
D00 0.0122 437 508 504 601
D00 0.0122 245 427 315 521
D00 0.0122 0 345 119 613
D00 0.0122 289 471 330 551
D00 0.0122 299 564 379 626
D00 0.0122 480 525 552 568
D00 0.0122 294 635 369 674
D00 0.0121 248 517 303 619
D00 0.0121 56 660 134 720
D00 0.0121 239 478 292 577
D00 0.0121 351 491 424 570
D00 0.0121 200 461 261 492
D00 0.0121 130 569 176 613
D00 0.0121 268 499 305 585
D00 0.0121 298 415 341 450
D00 0.0121 424 447 464 528
D00 0.0120 196 526 258 587
D00 0.0120 179 492 276 552
D00 0.0120 394 431 425 483
D00 0.0120 163 537 209 612
D00 0.0119 1 558 73 676
D00 0.0119 25 554 125 619
D00 0.0119 138 590 187 631
D00 0.0118 240 414 290 453
D00 0.0118 401 446 440 525
D00 0.0118 82 513 124 569
D00 0.0118 264 629 334 704
D00 0.0117 488 553 535 599
D00 0.0117 373 488 401 556
D00 0.0117 339 528 441 605
D00 0.0116 207 676 273 710
D00 0.0116 220 671 299 712
D00 0.0116 293 569 351 606
D00 0.0116 0 683 70 720
D00 0.0116 120 526 166 609
D00 0.0115 310 552 420 603
D00 0.0115 0 526 65 588
D00 0.0115 27 524 83 567
D00 0.0115 396 456 447 559
D00 0.0115 198 485 259 517
D00 0.0114 302 500 397 566
D00 0.0114 131 435 198 524
D00 0.0114 254 531 410 713
D00 0.0114 302 432 336 479
D00 0.0114 393 447 425 506
D00 0.0114 109 447 196 488
D00 0.0114 219 685 282 717
D00 0.0114 202 422 266 472
D00 0.0114 440 521 531 635
D00 0.0113 264 397 328 455
D00 0.0113 354 511 393 588
D00 0.0113 211 471 266 568
D00 0.0113 326 628 499 700
D00 0.0113 151 442 220 499
D00 0.0113 226 568 260 616
D00 0.0112 140 587 207 617
D00 0.0112 276 582 374 693
D00 0.0112 379 488 453 595
D00 0.0111 151 543 198 591
D00 0.0111 384 456 414 518
D00 0.0111 260 428 293 476
D00 0.0111 176 472 240 505
D00 0.0111 86 518 166 548
D00 0.0111 110 511 195 553
D00 0.0111 348 433 407 484
D00 0.0111 283 436 313 490
D00 0.0110 374 432 404 484
D00 0.0110 430 449 483 546
D00 0.0110 0 501 39 585
D00 0.0110 233 448 291 508
D00 0.0109 293 437 324 490
D00 0.0109 130 602 217 642
D00 0.0109 212 441 250 496
D00 0.0109 505 518 540 579
D00 0.0108 312 475 355 525
D00 0.0108 177 484 238 516
D00 0.0108 130 496 201 528
D00 0.0108 316 460 367 492
D00 0.0107 255 439 295 518
D00 0.0107 245 438 304 491
D00 0.0107 242 643 406 718
D00 0.0107 404 438 436 495
D00 0.0107 288 502 332 582
D00 0.0107 226 490 278 595
D00 0.0107 341 557 383 598
D00 0.0106 417 422 469 512
D00 0.0106 321 597 460 682
D00 0.0106 129 474 180 546
D00 0.0106 449 474 490 549
D00 0.0106 327 409 379 489
D00 0.0106 380 478 418 561
D00 0.0106 202 417 286 453
D00 0.0105 315 552 352 604
D00 0.0105 298 528 347 603
D00 0.0105 220 501 260 585
D00 0.0105 188 505 242 537
D00 0.0105 96 494 134 552
D00 0.0105 178 493 219 555
D00 0.0104 417 446 447 508
D00 0.0104 56 480 138 522
D00 0.0104 129 484 201 516
D00 0.0104 0 662 33 718
D00 0.0104 385 421 414 471
D00 0.0104 434 440 476 516
D00 0.0104 505 544 541 601
D00 0.0103 335 411 371 453
D00 0.0103 222 432 260 482
D00 0.0103 320 569 403 608
D00 0.0103 292 479 387 547
D00 0.0102 197 584 275 689
D00 0.0102 306 499 374 546
D00 0.0102 164 495 230 527
D00 0.0102 119 507 190 538
D00 0.0102 135 535 170 602
D00 0.0102 178 516 233 549
D00 0.0102 111 417 191 473
D00 0.0101 271 460 300 522
D00 0.0101 492 456 560 574
D00 0.0101 268 429 307 499
D00 0.0101 240 445 286 483
D00 0.0101 0 542 58 631
D00 0.0101 81 535 150 599
D00 0.0101 96 464 166 494
D00 0.0101 514 478 581 588
D00 0.0101 63 466 110 552
D00 0.0101 113 454 166 527
D00 0.0101 356 580 518 697
D00 0.0100 441 373 582 583
D00 0.0100 109 612 194 675
D00 0.0100 96 689 160 718
D00 0.0100 156 573 189 628
D00 0.0100 266 395 306 431
D00 0.0100 336 450 395 481
D00 0.0100 58 547 131 605
D10 0.0371 5 484 59 513
D10 0.0370 13 579 138 623
D10 0.0302 10 549 173 632
D10 0.0301 0 472 89 526
D10 0.0294 9 474 67 507
D10 0.0280 34 567 154 614
D10 0.0277 10 525 105 567
D10 0.0254 414 530 529 585
D10 0.0246 390 441 449 468
D10 0.0234 388 543 511 592
D10 0.0234 267 571 370 608
D10 0.0232 42 589 128 614
D10 0.0230 4 494 59 526
D10 0.0229 56 584 158 616
D10 0.0227 14 571 113 610
D10 0.0215 0 584 88 621
D10 0.0209 45 578 125 606
D10 0.0206 391 431 448 459
D10 0.0204 174 559 268 598
D10 0.0201 13 586 158 648
D10 0.0192 4 535 92 579
D10 0.0191 296 566 365 596
D10 0.0185 68 564 228 622
D10 0.0181 304 517 361 549
D10 0.0178 2 512 91 556
D10 0.0176 164 571 263 608
D10 0.0163 17 547 128 606
D10 0.0161 314 544 476 600
D10 0.0156 292 507 355 540
D10 0.0155 184 553 253 584
D10 0.0152 13 593 112 629
D10 0.0149 260 567 339 598
D10 0.0148 205 566 275 597
D10 0.0146 391 450 448 481
D10 0.0145 435 543 508 571
D10 0.0141 322 565 379 595
D10 0.0141 377 550 479 585
D10 0.0140 6 576 77 606
D10 0.0139 0 653 97 711
D10 0.0137 273 512 360 555
D10 0.0137 0 547 77 590
D10 0.0137 379 432 482 481
D10 0.0136 411 441 471 468
D10 0.0134 2 505 60 539
D10 0.0134 232 568 298 599
D10 0.0133 18 484 97 511
D10 0.0131 165 564 239 592
D10 0.0129 434 552 508 581
D10 0.0127 366 531 493 581
D10 0.0125 1 517 64 549
D10 0.0122 359 442 422 469
D10 0.0122 293 528 356 559
D10 0.0122 79 578 156 607
D10 0.0122 45 591 144 628
D10 0.0120 479 530 537 562
D10 0.0120 441 523 520 570
D10 0.0119 337 566 503 619
D10 0.0119 16 463 79 498
D10 0.0119 12 489 107 533
D10 0.0119 1 529 67 560
D10 0.0118 301 553 363 585
D10 0.0115 186 541 248 574
D10 0.0112 30 550 99 583
D10 0.0112 20 470 118 509
D10 0.0112 1 563 64 595
D10 0.0111 0 671 70 716
D10 0.0110 393 419 448 448
D10 0.0108 291 495 353 529
D10 0.0107 291 474 353 502
D10 0.0107 59 558 150 601
D10 0.0105 2 665 77 696
D10 0.0105 256 486 317 516
D10 0.0104 267 548 361 591
D10 0.0104 128 621 237 667
D10 0.0103 388 517 514 573
D10 0.0103 37 563 110 595
D10 0.0103 478 518 533 551
D10 0.0103 279 485 344 515
D10 0.0102 325 552 378 584
D10 0.0101 327 517 375 550
D10 0.0101 28 508 104 541
D10 0.0100 291 461 353 492
D10 0.0100 31 433 176 490
D10 0.0100 194 548 279 589
D10 0.0100 412 430 471 459
D20 0.1957 32 451 532 628
D20 0.1026 218 455 512 596
D20 0.1004 0 490 424 674
D20 0.0972 0 417 664 685
D20 0.0806 158 490 395 611
D20 0.0754 127 515 508 662
D20 0.0735 34 532 576 720
D20 0.0732 30 455 305 603
D20 0.0679 107 515 323 621
D20 0.0640 247 447 397 604
D20 0.0610 265 479 628 619
D20 0.0576 300 495 552 595
D20 0.0559 20 511 257 623
D20 0.0524 181 545 400 632
D20 0.0521 294 443 449 598
D20 0.0478 149 456 372 576
D20 0.0471 30 532 313 668
D20 0.0449 226 516 458 618
D20 0.0434 2 516 175 658
D20 0.0432 332 447 538 573
D20 0.0411 230 568 365 611
D20 0.0400 1 444 210 558
D20 0.0390 0 374 361 656
D20 0.0387 381 518 581 605
D20 0.0375 323 409 382 434
D20 0.0348 100 564 457 705
D20 0.0347 0 583 188 700
D20 0.0343 224 433 433 521
D20 0.0338 257 379 562 610
D20 0.0337 0 472 143 584
D20 0.0332 258 538 556 655
D20 0.0321 441 539 563 600
D20 0.0305 284 462 720 683
D20 0.0301 324 397 379 426
D20 0.0300 1 455 57 544
D20 0.0299 258 555 380 605
D20 0.0297 290 433 456 500
D20 0.0289 399 469 528 584
D20 0.0277 462 518 577 587
D20 0.0272 316 439 475 531
D20 0.0265 260 434 394 489
D20 0.0265 281 499 372 599
D20 0.0264 194 445 368 528
D20 0.0263 319 533 528 604
D20 0.0261 402 500 674 613
D20 0.0257 159 539 266 595
D20 0.0251 196 320 685 659
D20 0.0251 0 481 84 563
D20 0.0249 344 410 402 434
D20 0.0246 68 427 267 527
D20 0.0246 0 465 102 517
D20 0.0244 284 456 371 561
D20 0.0243 166 478 301 638
D20 0.0242 153 612 363 712
D20 0.0240 0 488 232 720
D20 0.0239 279 438 363 472
D20 0.0238 269 425 375 466
D20 0.0238 478 540 610 600
D20 0.0237 297 406 374 437
D20 0.0236 304 439 389 537
D20 0.0236 372 423 629 603
D20 0.0235 313 419 375 444
D20 0.0232 0 406 135 549
D20 0.0231 354 433 474 488
D20 0.0230 21 198 720 710
D20 0.0229 277 431 340 459
D20 0.0229 449 484 590 602
D20 0.0228 0 528 104 587
D20 0.0228 232 454 549 720
D20 0.0220 170 554 283 605
D20 0.0216 368 520 524 582
D20 0.0215 493 528 565 598
D20 0.0215 220 588 511 698
D20 0.0214 378 430 494 552
D20 0.0213 241 419 411 476
D20 0.0213 257 477 357 581
D20 0.0212 260 508 389 659
D20 0.0209 156 430 418 705
D20 0.0205 299 526 389 611
D20 0.0202 170 429 342 502
D20 0.0202 359 541 649 655
D20 0.0199 206 514 354 592
D20 0.0199 282 412 383 452
D20 0.0196 0 18 669 530
D20 0.0196 303 390 385 429
D20 0.0195 306 420 437 467
D20 0.0193 208 421 319 467
D20 0.0192 324 416 401 446
D20 0.0191 314 401 407 440
D20 0.0190 190 512 326 661
D20 0.0190 0 0 489 353
D20 0.0188 300 432 364 458
D20 0.0187 0 626 159 720
D20 0.0186 373 438 448 473
D20 0.0184 201 0 720 353
D20 0.0184 0 523 104 705
D20 0.0182 272 450 373 506
D20 0.0182 112 637 316 720
D20 0.0179 344 452 435 560
D20 0.0178 425 545 720 720
D20 0.0177 18 386 130 435
D20 0.0175 282 569 639 709
D20 0.0174 375 142 720 720
D20 0.0173 309 472 422 641
D20 0.0173 240 469 368 540
D20 0.0173 323 435 436 483
D20 0.0172 260 505 376 562
D20 0.0172 0 580 354 720
D20 0.0171 0 142 348 720
D20 0.0168 289 420 353 446
D20 0.0168 168 513 263 579
D20 0.0167 230 498 335 625
D20 0.0167 370 431 430 459
D20 0.0167 103 406 305 495
D20 0.0165 285 435 329 471
D20 0.0164 249 412 346 457
D20 0.0164 376 439 446 511
D20 0.0162 373 494 512 567
D20 0.0160 0 439 78 603
D20 0.0160 303 518 436 584
D20 0.0159 290 490 403 566
D20 0.0157 0 303 192 692
D20 0.0156 0 494 97 634
D20 0.0155 347 398 399 426
D20 0.0154 292 445 367 486
D20 0.0154 70 465 327 720
D20 0.0154 232 430 336 474
D20 0.0153 296 543 440 601
D20 0.0151 356 420 418 445
D20 0.0149 316 428 392 461
D20 0.0146 383 421 436 470
D20 0.0145 186 490 328 566
D20 0.0145 423 537 625 621
D20 0.0144 316 386 372 413
D20 0.0143 144 410 338 634
D20 0.0142 9 474 125 535
D20 0.0142 0 372 55 445
D20 0.0142 302 620 521 705
D20 0.0141 2 393 97 444
D20 0.0141 35 430 212 504
D20 0.0141 261 403 363 446
D20 0.0139 185 519 251 606
D20 0.0138 0 398 185 487
D20 0.0138 0 539 86 613
D20 0.0137 261 452 339 530
D20 0.0137 394 403 445 486
D20 0.0137 328 492 463 566
D20 0.0136 307 418 380 477
D20 0.0134 543 434 720 720
D20 0.0134 312 394 355 428
D20 0.0132 342 367 715 586
D20 0.0132 460 472 513 559
D20 0.0132 545 0 720 273
D20 0.0131 265 604 427 709
D20 0.0131 0 0 176 275
D20 0.0129 197 461 300 519
D20 0.0129 382 419 438 447
D20 0.0128 299 559 482 668
D20 0.0128 375 417 426 501
D20 0.0128 327 450 437 509
D20 0.0128 332 412 444 453
D20 0.0126 13 450 77 530
D20 0.0125 0 0 88 142
D20 0.0123 329 426 411 547
D20 0.0121 53 600 252 720
D20 0.0121 405 422 456 511
D20 0.0120 2 402 48 457
D20 0.0120 381 486 515 630
D20 0.0119 6 388 70 433
D20 0.0118 362 433 418 483
D20 0.0118 404 385 509 563
D20 0.0118 319 542 464 633
D20 0.0118 370 409 428 434
D20 0.0117 11 404 61 439
D20 0.0117 467 0 720 377
D20 0.0117 0 378 227 590
D20 0.0116 360 249 573 608
D20 0.0115 457 0 720 174
D20 0.0115 292 432 350 522
D20 0.0113 219 440 325 489
D20 0.0113 337 409 451 494
D20 0.0112 0 621 56 719
D20 0.0112 196 631 460 720
D20 0.0112 224 401 318 449
D20 0.0112 380 462 559 684
D20 0.0112 504 517 633 606
D20 0.0111 0 420 75 510
D20 0.0111 630 0 720 139
D20 0.0111 0 471 34 564
D20 0.0110 427 462 561 558
D20 0.0110 367 404 405 438
D20 0.0110 336 385 385 413
D20 0.0109 259 446 342 481
D20 0.0109 23 457 150 507
D20 0.0109 10 417 62 447
D20 0.0108 324 389 424 432
D20 0.0106 181 529 293 587
D20 0.0105 0 0 253 175
D20 0.0105 237 493 350 552
D20 0.0104 366 372 466 532
D20 0.0103 2 367 114 465
D20 0.0103 0 283 552 585
D20 0.0102 335 400 372 441
D20 0.0101 368 426 408 463
D20 0.0101 348 400 381 442
D20 0.0101 332 504 517 720
D40 0.0602 138 548 382 631
D40 0.0544 220 581 309 615
D40 0.0526 195 568 365 619
D40 0.0509 282 615 386 658
D40 0.0485 168 570 389 656
D40 0.0449 182 578 297 622
D40 0.0439 235 574 339 609
D40 0.0424 297 623 369 651
D40 0.0424 224 589 377 642
D40 0.0404 14 558 335 714
D40 0.0393 96 405 159 435
D40 0.0391 461 506 513 537
D40 0.0382 83 389 154 431
D40 0.0355 205 587 280 614
D40 0.0355 85 564 302 659
D40 0.0350 219 595 421 681
D40 0.0347 6 478 51 519
D40 0.0341 239 574 287 610
D40 0.0337 460 495 514 555
D40 0.0325 176 544 340 606
D40 0.0317 90 586 385 698
D40 0.0312 269 603 375 649
D40 0.0310 160 586 315 641
D40 0.0308 105 420 174 443
D40 0.0304 420 540 550 600
D40 0.0296 165 566 282 613
D40 0.0295 251 542 391 633
D40 0.0294 117 407 179 435
D40 0.0293 453 497 504 529
D40 0.0292 0 588 229 691
D40 0.0278 304 631 378 658
D40 0.0273 87 395 184 439
D40 0.0269 323 419 384 444
D40 0.0267 8 575 194 657
D40 0.0266 108 394 165 427
D40 0.0253 44 395 152 440
D40 0.0252 76 415 164 445
D40 0.0251 232 610 373 669
D40 0.0249 210 589 292 629
D40 0.0245 445 504 531 567
D40 0.0245 249 574 481 657
D40 0.0243 434 487 522 542
D40 0.0241 274 608 456 673
D40 0.0239 0 557 133 677
D40 0.0237 269 567 411 622
D40 0.0237 293 581 395 650
D40 0.0231 3 618 165 709
D40 0.0229 17 385 187 444
D40 0.0229 324 622 398 651
D40 0.0227 306 609 394 644
D40 0.0221 343 404 384 437
D40 0.0221 191 578 271 606
D40 0.0220 138 551 250 628
D40 0.0215 254 581 362 614
D40 0.0215 34 409 211 465
D40 0.0213 85 398 135 436
D40 0.0213 434 559 541 611
D40 0.0212 173 598 346 678
D40 0.0210 510 523 715 611
D40 0.0210 303 622 413 664
D40 0.0209 274 627 354 662
D40 0.0208 77 599 262 676
D40 0.0207 603 562 712 619
D40 0.0207 95 588 250 644
D40 0.0207 120 391 197 429
D40 0.0207 97 411 196 449
D40 0.0203 268 440 329 467
D40 0.0201 377 432 491 488
D40 0.0198 173 668 275 717
D40 0.0194 101 375 172 435
D40 0.0193 576 542 700 607
D40 0.0193 492 544 564 591
D40 0.0192 343 419 405 444
D40 0.0190 287 613 359 640
D40 0.0188 6 548 116 632
D40 0.0187 69 407 270 489
D40 0.0187 68 577 188 622
D40 0.0187 378 552 551 620
D40 0.0185 173 591 268 630
D40 0.0185 92 385 145 419
D40 0.0181 241 623 406 699
D40 0.0181 388 436 430 474
D40 0.0180 94 415 241 463
D40 0.0178 202 432 304 479
D40 0.0176 240 591 333 626
D40 0.0174 285 619 339 654
D40 0.0173 233 576 317 636
D40 0.0172 474 493 518 535
D40 0.0171 236 575 271 621
D40 0.0171 21 609 176 674
D40 0.0170 462 486 495 543
D40 0.0170 382 450 438 481
D40 0.0168 417 482 719 625
D40 0.0168 19 469 71 511
D40 0.0168 521 542 670 602
D40 0.0165 194 474 305 527
D40 0.0164 588 505 720 624
D40 0.0163 323 431 383 457
D40 0.0162 131 378 236 419
D40 0.0161 120 399 223 440
D40 0.0159 392 438 482 534
D40 0.0158 136 415 185 447
D40 0.0158 0 487 43 533
D40 0.0158 117 431 185 455
D40 0.0157 9 472 82 529
D40 0.0156 30 629 290 720
D40 0.0155 339 418 528 520
D40 0.0155 293 558 495 627
D40 0.0155 358 416 471 467
D40 0.0154 180 483 279 539
D40 0.0153 474 511 520 559
D40 0.0153 195 540 272 633
D40 0.0153 225 563 283 635
D40 0.0152 136 408 205 435
D40 0.0152 222 564 311 604
D40 0.0152 484 511 654 595
D40 0.0151 511 534 555 580
D40 0.0151 73 596 189 649
D40 0.0151 641 528 720 616
D40 0.0150 47 586 167 632
D40 0.0150 501 561 560 594
D40 0.0150 310 510 356 556
D40 0.0149 0 606 104 665
D40 0.0146 81 388 254 447
D40 0.0146 522 554 565 598
D40 0.0145 207 528 308 644
D40 0.0145 390 529 502 601
D40 0.0144 77 423 183 464
D40 0.0143 285 629 379 679
D40 0.0143 389 453 430 500
D40 0.0143 144 608 287 669
D40 0.0143 63 419 135 444
D40 0.0143 465 495 573 569
D40 0.0143 182 551 258 603
D40 0.0143 453 516 510 550
D40 0.0142 262 569 344 657
D40 0.0141 414 422 499 505
D40 0.0141 123 501 208 544
D40 0.0140 183 423 284 471
D40 0.0140 371 449 473 506
D40 0.0139 459 560 587 615
D40 0.0138 396 403 475 480
D40 0.0137 73 622 186 672
D40 0.0136 26 379 139 427
D40 0.0136 6 410 44 452
D40 0.0135 281 570 338 607
D40 0.0135 139 386 204 414
D40 0.0135 252 556 322 607
D40 0.0134 222 483 332 539
D40 0.0133 275 557 375 668
D40 0.0133 274 594 366 628
D40 0.0132 149 583 251 620
D40 0.0131 230 555 333 670
D40 0.0130 145 396 219 423
D40 0.0129 7 386 45 434
D40 0.0129 279 451 344 478
D40 0.0128 19 396 189 506
D40 0.0128 51 406 124 436
D40 0.0128 98 608 204 661
D40 0.0127 9 459 89 503
D40 0.0126 255 487 295 532
D40 0.0125 15 596 130 650
D40 0.0125 2 498 51 546
D40 0.0125 234 481 316 522
D40 0.0125 187 677 258 710
D40 0.0124 312 592 468 645
D40 0.0124 311 615 350 658
D40 0.0124 10 583 95 698
D40 0.0124 121 384 177 417
D40 0.0123 32 408 144 449
D40 0.0123 111 591 193 630
D40 0.0123 339 632 409 659
D40 0.0123 246 606 334 643
D40 0.0122 344 431 408 457
D40 0.0121 375 466 449 508
D40 0.0121 1 349 197 439
D40 0.0120 296 633 440 692
D40 0.0120 192 546 245 589
D40 0.0119 452 485 502 517
D40 0.0119 19 404 76 438
D40 0.0118 467 567 553 607
D40 0.0118 300 601 364 672
D40 0.0116 468 502 538 545
D40 0.0116 231 561 274 603
D40 0.0116 172 562 254 659
D40 0.0116 392 461 448 494
D40 0.0116 0 422 36 463
D40 0.0116 83 432 158 454
D40 0.0115 107 586 177 615
D40 0.0115 15 397 56 443
D40 0.0115 246 495 306 524
D40 0.0114 409 435 451 475
D40 0.0114 218 486 284 517
D40 0.0113 297 580 379 616
D40 0.0113 498 563 644 615
D40 0.0112 328 615 440 658
D40 0.0112 249 568 298 624
D40 0.0112 0 397 36 445
D40 0.0111 197 495 257 525
D40 0.0111 229 451 294 477
D40 0.0110 9 376 96 453
D40 0.0110 445 574 513 607
D40 0.0109 26 394 94 427
D40 0.0109 165 413 275 458
D40 0.0109 201 430 267 459
D40 0.0108 132 375 189 424
D40 0.0108 0 630 109 689
D40 0.0107 422 472 498 550
D40 0.0107 52 434 198 490
D40 0.0107 121 433 225 484
D40 0.0107 530 544 574 590
D40 0.0106 466 480 507 524
D40 0.0106 128 428 215 460
D40 0.0105 551 519 683 592
D40 0.0105 387 391 681 569
D40 0.0105 414 573 521 616
D40 0.0104 307 595 391 630
D40 0.0103 0 376 35 423
D40 0.0103 606 516 706 594
D40 0.0103 264 478 305 524
D40 0.0103 154 387 232 412
D40 0.0102 63 386 132 417
D40 0.0102 501 486 588 579
D40 0.0102 299 500 346 546
D40 0.0102 22 404 127 472
D40 0.0101 436 440 523 535
D40 0.0101 506 435 694 597
D40 0.0101 361 451 421 481
D40 0.0101 257 623 325 650
D40 0.0101 267 566 304 612
D40 0.0100 18 417 77 446
D40 0.0100 223 603 303 642
