D00 0.0502 431 491 480 597
D00 0.0488 418 481 499 627
D00 0.0398 440 508 492 615
D00 0.0393 419 477 470 575
D00 0.0364 362 545 412 645
D00 0.0356 376 480 462 626
D00 0.0347 1 628 57 720
D00 0.0346 0 553 111 720
D00 0.0316 440 510 471 582
D00 0.0295 429 492 461 560
D00 0.0295 398 517 480 623
D00 0.0281 451 524 515 642
D00 0.0279 361 507 426 629
D00 0.0257 350 528 405 627
D00 0.0255 17 600 87 714
D00 0.0253 373 565 403 633
D00 0.0248 610 665 713 719
D00 0.0247 387 505 532 647
D00 0.0244 336 528 451 639
D00 0.0239 0 564 186 679
D00 0.0238 457 531 498 619
D00 0.0237 228 490 305 556
D00 0.0235 3 581 69 702
D00 0.0234 331 481 414 628
D00 0.0226 449 520 481 592
D00 0.0225 358 567 398 642
D00 0.0224 249 494 301 594
D00 0.0223 379 536 416 620
D00 0.0219 467 513 536 630
D00 0.0216 327 558 405 638
D00 0.0216 418 484 450 547
D00 0.0213 252 502 297 543
D00 0.0213 602 607 714 716
D00 0.0210 224 494 336 612
D00 0.0210 556 656 694 715
D00 0.0208 315 513 382 628
D00 0.0203 60 531 224 663
D00 0.0197 398 457 478 601
D00 0.0197 241 493 289 534
D00 0.0197 264 466 335 493
D00 0.0192 443 483 513 600
D00 0.0190 445 486 552 643
D00 0.0190 228 510 289 629
D00 0.0189 498 548 549 643
D00 0.0187 18 516 187 641
D00 0.0186 9 573 101 665
D00 0.0186 269 511 333 627
D00 0.0185 281 485 368 624
D00 0.0183 243 495 287 571
D00 0.0183 468 543 508 628
D00 0.0181 261 515 311 614
D00 0.0178 366 600 405 642
D00 0.0177 233 487 299 514
D00 0.0176 10 647 45 714
D00 0.0175 245 481 323 544
D00 0.0175 617 675 684 712
D00 0.0171 409 464 459 554
D00 0.0170 447 514 502 584
D00 0.0167 430 530 483 633
D00 0.0165 625 686 696 718
D00 0.0164 235 690 291 719
D00 0.0163 370 578 423 639
D00 0.0161 426 533 530 615
D00 0.0159 650 646 718 720
D00 0.0159 340 507 392 611
D00 0.0159 196 498 280 639
D00 0.0157 231 502 278 543
D00 0.0156 253 497 315 530
D00 0.0156 373 548 447 629
D00 0.0156 85 564 247 703
D00 0.0156 583 668 668 716
D00 0.0155 437 487 470 549
D00 0.0155 423 483 463 524
D00 0.0155 257 505 314 561
D00 0.0154 241 511 318 651
D00 0.0154 342 583 412 646
D00 0.0153 128 537 251 653
D00 0.0153 0 555 146 642
D00 0.0153 6 604 49 694
D00 0.0152 92 532 168 608
D00 0.0152 403 559 517 628
D00 0.0152 507 568 560 633
D00 0.0151 80 506 209 607
D00 0.0151 519 578 547 639
D00 0.0150 268 496 302 549
D00 0.0150 437 495 489 562
D00 0.0148 428 549 539 660
D00 0.0148 385 466 451 579
D00 0.0148 368 516 407 604
D00 0.0148 509 578 538 639
D00 0.0147 427 518 468 605
D00 0.0147 0 562 57 665
D00 0.0147 261 523 290 590
D00 0.0146 291 532 360 637
D00 0.0145 361 547 393 613
D00 0.0143 414 499 458 586
D00 0.0143 253 504 337 542
D00 0.0143 272 475 344 498
D00 0.0143 2 473 225 720
D00 0.0143 466 516 508 600
D00 0.0142 51 564 190 626
D00 0.0142 655 669 707 715
D00 0.0142 46 601 195 709
D00 0.0142 206 498 284 570
D00 0.0142 209 690 273 720
D00 0.0140 519 542 570 638
D00 0.0140 250 538 301 632
D00 0.0139 337 685 420 720
D00 0.0139 466 534 580 645
D00 0.0138 574 623 674 710
D00 0.0138 283 549 335 644
D00 0.0138 271 524 301 590
D00 0.0138 156 503 270 676
D00 0.0137 256 689 317 717
D00 0.0136 102 546 194 686
D00 0.0135 407 492 507 565
D00 0.0133 231 504 275 585
D00 0.0133 0 499 120 663
D00 0.0132 350 603 425 642
D00 0.0132 484 567 540 633
D00 0.0131 253 488 346 574
D00 0.0131 268 454 335 483
D00 0.0130 446 559 559 629
D00 0.0130 276 686 364 720
D00 0.0129 127 503 256 608
D00 0.0129 384 503 434 611
D00 0.0129 1 657 36 718
D00 0.0128 245 525 285 606
D00 0.0128 388 556 427 637
D00 0.0128 335 609 398 638
D00 0.0128 277 537 316 617
D00 0.0128 100 553 180 623
D00 0.0126 349 596 403 631
D00 0.0125 33 542 172 608
D00 0.0125 78 647 254 718
D00 0.0125 322 690 391 720
D00 0.0124 376 550 499 656
D00 0.0123 402 482 445 562
D00 0.0123 592 686 661 718
D00 0.0123 366 510 474 593
D00 0.0123 616 642 681 720
D00 0.0123 396 476 452 533
D00 0.0122 42 574 154 661
D00 0.0122 55 486 190 579
D00 0.0122 135 558 203 675
D00 0.0121 318 521 425 680
D00 0.0121 216 476 299 532
D00 0.0121 256 671 295 712
D00 0.0121 418 468 448 522
D00 0.0121 276 505 317 586
D00 0.0120 358 514 468 683
D00 0.0119 175 685 262 720
D00 0.0119 353 484 440 583
D00 0.0118 8 670 67 720
D00 0.0118 333 547 377 629
D00 0.0118 128 604 253 708
D00 0.0118 152 690 217 718
D00 0.0117 214 517 269 613
D00 0.0117 119 529 214 619
D00 0.0117 464 563 493 630
D00 0.0117 180 515 248 631
D00 0.0117 447 553 488 635
D00 0.0116 327 662 460 717
D00 0.0116 246 517 305 545
D00 0.0115 350 556 382 623
D00 0.0115 216 442 280 469
D00 0.0115 102 489 235 582
D00 0.0114 175 557 293 670
D00 0.0114 258 677 316 708
D00 0.0114 292 569 350 631
D00 0.0113 294 505 347 606
D00 0.0112 668 659 712 706
D00 0.0112 10 604 70 668
D00 0.0112 628 663 665 717
D00 0.0112 261 481 309 519
D00 0.0112 86 545 161 651
D00 0.0111 212 498 282 527
D00 0.0110 394 545 422 612
D00 0.0110 335 426 373 461
D00 0.0110 251 473 300 503
D00 0.0110 215 453 284 480
D00 0.0109 478 527 519 612
D00 0.0109 155 518 225 631
D00 0.0109 441 541 471 610
D00 0.0109 74 502 215 557
D00 0.0108 146 657 277 713
D00 0.0108 289 526 328 607
D00 0.0108 33 521 172 583
D00 0.0108 329 486 379 585
D00 0.0107 280 496 313 549
D00 0.0107 410 522 506 591
D00 0.0107 144 571 235 661
D00 0.0107 410 490 477 534
D00 0.0107 490 538 531 624
D00 0.0106 298 596 413 642
D00 0.0106 25 627 71 711
D00 0.0105 619 554 705 703
D00 0.0105 510 639 648 720
D00 0.0105 112 575 195 649
D00 0.0105 207 432 267 461
D00 0.0105 270 569 326 629
D00 0.0104 267 674 351 709
D00 0.0104 176 500 294 548
D00 0.0104 109 541 153 614
D00 0.0104 313 549 422 612
D00 0.0104 216 511 295 553
D00 0.0104 34 547 115 655
D00 0.0103 474 555 527 649
D00 0.0103 420 504 469 539
D00 0.0103 279 478 357 545
D00 0.0103 214 681 310 720
D00 0.0103 112 521 190 594
D00 0.0103 523 588 564 633
D00 0.0103 385 524 412 594
D00 0.0103 248 679 280 720
D00 0.0102 271 558 301 619
D00 0.0102 350 566 422 612
D00 0.0102 460 506 492 572
D00 0.0101 558 682 648 720
D00 0.0101 515 531 696 690
D00 0.0101 626 665 694 700
D00 0.0101 196 429 242 465
D00 0.0101 604 664 671 700
D00 0.0101 119 685 204 720
D00 0.0100 167 493 263 570
D00 0.0100 481 569 567 652
D00 0.0100 351 525 380 593
D00 0.0100 327 536 385 601
D00 0.0100 228 554 288 667
D00 0.0100 440 515 552 589
D10 0.0288 240 477 313 499
D10 0.0220 224 471 331 509
D10 0.0190 211 475 300 503
D10 0.0182 241 467 313 492
D10 0.0180 242 486 308 514
D10 0.0173 40 576 156 629
D10 0.0171 22 644 210 718
D10 0.0168 16 584 148 650
D10 0.0157 234 460 346 499
D10 0.0152 0 606 92 667
D10 0.0146 425 487 480 513
D10 0.0136 217 466 288 491
D10 0.0133 264 471 350 501
D10 0.0129 108 576 215 630
D10 0.0125 4 630 58 658
D10 0.0120 265 518 328 545
D10 0.0116 210 488 283 514
D10 0.0116 11 619 71 651
D10 0.0114 196 478 270 500
D10 0.0112 415 477 470 504
D10 0.0112 75 585 210 649
D10 0.0109 29 501 173 554
D10 0.0108 245 508 351 559
D10 0.0108 302 560 413 621
D10 0.0107 253 480 335 517
D10 0.0104 180 469 291 508
D10 0.0104 47 604 191 676
D10 0.0103 72 630 214 697
D10 0.0101 84 580 174 620
D10 0.0100 131 586 240 643
D20 0.0438 34 495 599 677
D20 0.0380 245 518 466 630
D20 0.0362 171 490 494 645
D20 0.0362 0 517 369 701
D20 0.0322 345 490 491 634
D20 0.0307 129 545 655 720
D20 0.0294 205 499 414 613
D20 0.0285 0 586 242 712
D20 0.0265 564 645 715 720
D20 0.0259 106 502 380 634
D20 0.0252 617 664 718 719
D20 0.0251 314 531 430 638
D20 0.0249 355 530 563 642
D20 0.0240 162 487 363 584
D20 0.0239 0 547 204 652
D20 0.0237 208 460 353 507
D20 0.0234 175 539 410 641
D20 0.0225 265 524 587 672
D20 0.0219 123 463 453 601
D20 0.0216 199 475 362 541
D20 0.0215 51 525 246 692
D20 0.0213 424 593 690 704
D20 0.0212 267 533 391 637
D20 0.0210 496 617 715 715
D20 0.0205 288 561 416 628
D20 0.0198 268 481 487 599
D20 0.0196 187 434 285 476
D20 0.0196 181 451 383 521
D20 0.0194 83 542 300 652
D20 0.0193 84 491 306 581
D20 0.0193 0 491 269 653
D20 0.0184 1 506 202 607
D20 0.0181 250 561 451 651
D20 0.0174 333 561 456 628
D20 0.0173 382 545 644 673
D20 0.0172 195 434 367 493
D20 0.0172 98 592 383 700
D20 0.0171 0 0 489 353
D20 0.0167 219 468 427 558
D20 0.0167 201 0 720 353
D20 0.0164 109 472 327 552
D20 0.0163 179 497 297 610
D20 0.0163 0 374 489 720
D20 0.0161 325 479 720 688
D20 0.0159 148 522 340 680
D20 0.0158 233 488 335 539
D20 0.0157 200 374 720 720
D20 0.0156 0 142 348 720
D20 0.0156 3 445 160 515
D20 0.0155 266 434 362 475
D20 0.0154 64 406 576 615
D20 0.0154 171 481 307 533
D20 0.0151 10 458 311 595
D20 0.0151 375 142 720 720
D20 0.0151 0 603 139 718
D20 0.0150 312 557 526 654
D20 0.0149 251 446 353 489
D20 0.0148 316 0 539 369
D20 0.0148 198 497 322 559
D20 0.0146 374 480 549 602
D20 0.0145 164 575 502 701
D20 0.0144 294 590 563 696
D20 0.0143 234 446 608 627
D20 0.0142 0 482 182 575
D20 0.0142 263 481 383 594
D20 0.0142 111 565 267 703
D20 0.0140 0 461 200 542
D20 0.0140 591 572 719 716
D20 0.0139 0 0 720 521
D20 0.0139 26 629 283 720
D20 0.0139 422 521 623 632
D20 0.0139 244 562 373 627
D20 0.0138 442 0 720 176
D20 0.0137 541 0 720 269
D20 0.0135 0 198 669 710
D20 0.0134 248 648 449 720
D20 0.0131 197 458 307 497
D20 0.0129 272 428 351 459
D20 0.0127 0 452 179 720
D20 0.0126 238 448 456 524
D20 0.0125 14 418 224 508
D20 0.0125 129 455 305 514
D20 0.0125 387 630 654 720
D20 0.0125 0 0 173 271
D20 0.0124 166 438 308 487
D20 0.0124 621 628 720 704
D20 0.0123 107 530 276 618
D20 0.0123 334 649 551 720
D20 0.0123 57 496 231 566
D20 0.0123 420 0 702 435
D20 0.0122 503 493 720 720
D20 0.0121 308 585 435 640
D20 0.0118 206 449 292 483
D20 0.0118 154 551 317 637
D20 0.0118 250 497 357 659
D20 0.0116 276 457 416 505
D20 0.0116 325 465 507 575
D20 0.0115 223 514 341 587
D20 0.0113 60 445 277 523
D20 0.0113 148 500 285 558
D20 0.0112 0 0 263 176
D20 0.0110 112 427 324 497
D20 0.0110 255 477 389 531
D20 0.0110 355 0 622 281
D20 0.0109 279 438 414 486
D20 0.0109 0 568 67 720
D20 0.0108 131 574 292 659
D20 0.0107 0 519 110 696
D20 0.0107 259 670 361 712
D20 0.0106 241 424 341 464
D20 0.0106 220 434 333 476
D20 0.0106 131 640 330 720
D20 0.0106 49 456 190 510
D20 0.0105 269 442 334 468
D20 0.0105 79 475 258 540
D40 0.0346 0 602 187 716
D40 0.0311 9 612 97 710
D40 0.0277 323 443 380 469
D40 0.0276 296 453 364 480
D40 0.0274 4 637 73 720
D40 0.0272 188 442 252 470
D40 0.0269 277 445 378 485
D40 0.0249 131 395 194 424
D40 0.0248 367 452 430 478
D40 0.0239 321 452 381 478
D40 0.0235 11 652 143 716
D40 0.0233 356 443 418 470
D40 0.0231 170 435 270 476
D40 0.0229 297 443 363 469
D40 0.0222 285 465 355 491
D40 0.0220 21 460 118 505
D40 0.0199 267 457 372 497
D40 0.0187 378 443 438 471
D40 0.0186 618 674 720 720
D40 0.0180 10 657 85 704
D40 0.0180 344 452 408 477
D40 0.0178 38 472 106 500
D40 0.0176 16 604 143 677
D40 0.0176 196 451 263 479
D40 0.0172 24 628 170 700
D40 0.0163 301 435 399 474
D40 0.0161 644 687 711 718
D40 0.0161 338 435 436 475
D40 0.0161 164 443 233 470
D40 0.0157 492 652 674 720
D40 0.0157 6 665 50 716
D40 0.0156 139 404 205 429
D40 0.0150 455 660 545 709
D40 0.0147 29 462 94 496
D40 0.0143 668 669 714 716
D40 0.0140 126 436 231 478
D40 0.0139 472 666 527 700
D40 0.0137 538 664 648 719
D40 0.0136 389 453 448 478
D40 0.0133 198 433 258 461
D40 0.0132 19 648 55 713
D40 0.0131 125 387 228 426
D40 0.0130 0 293 55 323
D40 0.0129 10 476 152 528
D40 0.0127 379 662 479 708
D40 0.0126 143 443 209 471
D40 0.0123 360 444 453 485
D40 0.0122 326 432 379 458
D40 0.0122 215 437 263 473
D40 0.0121 20 647 98 693
D40 0.0120 350 649 571 720
D40 0.0119 0 270 61 337
D40 0.0118 0 673 99 720
D40 0.0118 284 449 335 485
D40 0.0116 24 666 71 714
D40 0.0115 462 662 603 715
D40 0.0114 0 467 82 504
D40 0.0114 289 434 354 476
D40 0.0112 206 465 278 491
D40 0.0112 153 447 240 481
D40 0.0111 124 385 182 417
D40 0.0111 357 431 418 458
D40 0.0110 298 432 361 457
D40 0.0109 259 662 360 704
D40 0.0107 30 477 113 514
D40 0.0107 123 447 205 483
D40 0.0106 0 276 39 320
D40 0.0106 117 393 171 423
D40 0.0106 273 64 528 388
D40 0.0105 2 686 58 719
D40 0.0105 22 613 102 657
D40 0.0104 7 645 49 696
D40 0.0101 319 457 366 493
D40 0.0101 101 513 206 560
D40 0.0101 337 441 390 483
