D00 0.0594 308 478 353 520
D00 0.0455 303 465 374 528
D00 0.0413 563 481 709 628
D00 0.0344 627 508 698 631
D00 0.0339 156 559 281 681
D00 0.0333 288 472 356 541
D00 0.0325 273 468 379 585
D00 0.0319 326 470 376 512
D00 0.0279 288 448 396 638
D00 0.0274 584 525 695 643
D00 0.0268 312 464 364 566
D00 0.0262 295 483 357 611
D00 0.0262 314 452 391 516
D00 0.0259 300 485 346 530
D00 0.0251 416 466 480 492
D00 0.0247 170 508 321 697
D00 0.0240 371 682 450 720
D00 0.0235 177 580 252 697
D00 0.0221 175 541 249 662
D00 0.0215 525 511 670 629
D00 0.0215 389 521 511 633
D00 0.0214 139 494 255 664
D00 0.0212 319 461 364 505
D00 0.0212 617 485 707 580
D00 0.0208 248 475 364 659
D00 0.0202 582 512 695 588
D00 0.0196 588 448 720 588
D00 0.0195 315 457 348 514
D00 0.0186 166 577 236 650
D00 0.0184 436 511 530 638
D00 0.0182 296 441 350 528
D00 0.0182 645 490 716 611
D00 0.0182 433 583 481 650
D00 0.0179 417 474 481 502
D00 0.0178 302 485 429 614
D00 0.0178 0 548 113 720
D00 0.0175 208 539 350 656
D00 0.0172 506 490 692 575
D00 0.0169 16 571 195 714
D00 0.0169 314 486 348 551
D00 0.0168 113 551 249 717
D00 0.0167 215 493 355 610
D00 0.0166 448 564 536 632
D00 0.0165 279 480 338 579
D00 0.0164 158 519 228 643
D00 0.0164 245 490 368 559
D00 0.0164 440 613 488 652
D00 0.0164 410 543 477 643
D00 0.0162 415 456 475 483
D00 0.0160 377 673 424 717
D00 0.0158 349 662 489 718
D00 0.0158 330 465 395 497
D00 0.0156 301 446 385 555
D00 0.0154 429 499 497 618
D00 0.0153 506 497 580 572
D00 0.0152 313 506 376 633
D00 0.0150 310 506 457 688
D00 0.0150 197 569 308 701
D00 0.0150 427 459 489 500
D00 0.0149 265 688 330 717
D00 0.0149 294 475 329 527
D00 0.0148 156 504 237 542
D00 0.0148 326 469 418 507
D00 0.0148 273 511 341 634
D00 0.0147 466 486 591 589
D00 0.0147 170 563 306 633
D00 0.0146 356 493 485 617
D00 0.0145 493 560 572 642
D00 0.0144 180 586 216 644
D00 0.0143 397 685 483 720
D00 0.0142 346 463 382 514
D00 0.0141 608 550 679 653
D00 0.0141 285 476 347 509
D00 0.0140 467 504 542 612
D00 0.0140 489 519 562 626
D00 0.0139 561 471 711 554
D00 0.0137 284 532 409 650
D00 0.0137 489 449 720 608
D00 0.0136 358 509 501 684
D00 0.0136 326 469 401 585
D00 0.0136 132 445 238 492
D00 0.0135 638 542 717 641
D00 0.0135 434 457 499 485
D00 0.0135 412 461 457 496
D00 0.0135 278 421 343 446
D00 0.0135 255 539 409 712
D00 0.0134 130 488 235 538
D00 0.0134 278 431 343 456
D00 0.0133 171 602 227 660
D00 0.0132 476 493 650 655
D00 0.0131 330 538 469 645
D00 0.0129 165 449 250 485
D00 0.0129 496 0 714 258
D00 0.0128 127 572 230 662
D00 0.0127 17 581 89 704
D00 0.0127 168 481 248 544
D00 0.0126 78 496 237 689
D00 0.0126 589 539 666 620
D00 0.0126 424 612 469 651
D00 0.0125 326 485 372 529
D00 0.0125 424 479 467 519
D00 0.0125 446 538 508 624
D00 0.0125 448 582 499 650
D00 0.0125 0 631 53 720
D00 0.0125 501 502 594 633
D00 0.0124 187 623 255 718
D00 0.0122 126 463 233 515
D00 0.0122 339 461 432 498
D00 0.0121 335 631 510 702
D00 0.0121 269 449 354 556
D00 0.0121 406 479 526 593
D00 0.0120 187 443 251 470
D00 0.0120 421 0 631 270
D00 0.0120 274 432 387 519
D00 0.0119 373 667 449 706
D00 0.0118 429 457 461 502
D00 0.0118 411 468 486 530
D00 0.0117 439 601 525 645
D00 0.0117 299 431 364 455
D00 0.0117 387 698 453 720
D00 0.0117 528 550 585 650
D00 0.0116 542 382 720 676
D00 0.0116 368 457 476 500
D00 0.0116 231 685 321 719
D00 0.0116 160 616 240 700
D00 0.0115 634 514 702 576
D00 0.0115 495 480 574 551
D00 0.0114 237 567 315 637
D00 0.0114 395 448 495 491
D00 0.0114 277 531 359 601
D00 0.0114 407 465 466 512
D00 0.0113 120 459 209 499
D00 0.0113 156 439 238 474
D00 0.0113 152 453 260 502
D00 0.0112 164 498 229 529
D00 0.0112 306 444 361 502
D00 0.0112 191 520 272 641
D00 0.0112 386 541 455 644
D00 0.0111 195 452 262 480
D00 0.0111 389 455 455 481
D00 0.0110 334 508 401 633
D00 0.0110 613 551 658 627
D00 0.0110 394 602 481 646
D00 0.0110 557 498 637 613
D00 0.0109 170 435 270 479
D00 0.0109 150 453 222 482
D00 0.0108 476 499 557 573
D00 0.0108 534 512 609 627
D00 0.0108 246 516 322 635
D00 0.0107 461 572 511 643
D00 0.0107 175 498 246 619
D00 0.0107 174 549 220 641
D00 0.0107 305 560 442 662
D00 0.0107 647 454 716 570
D00 0.0106 410 487 484 557
D00 0.0106 304 645 445 720
D00 0.0105 252 431 322 456
D00 0.0105 460 478 595 536
D00 0.0105 243 670 341 717
D00 0.0105 632 449 720 662
D00 0.0105 486 472 613 564
D00 0.0104 522 479 677 539
D00 0.0104 525 571 566 647
D00 0.0103 407 485 464 536
D00 0.0103 560 41 720 328
D00 0.0103 247 478 325 582
D00 0.0102 575 560 659 637
D00 0.0102 461 569 548 612
D00 0.0102 437 465 473 509
D00 0.0102 333 451 419 487
D00 0.0101 664 360 716 466
D00 0.0101 340 683 426 720
D00 0.0101 417 573 460 647
D00 0.0100 199 686 259 716
D00 0.0100 406 518 485 600
D00 0.0100 287 515 404 582
D10 0.0213 433 620 496 651
D10 0.0188 170 587 293 642
D10 0.0169 222 533 339 579
D10 0.0154 406 615 487 652
D10 0.0153 134 499 236 546
D10 0.0153 422 631 489 653
D10 0.0142 440 616 529 652
D10 0.0132 116 491 282 560
D10 0.0131 184 563 329 631
D10 0.0130 183 598 253 631
D10 0.0130 153 509 222 538
D10 0.0127 15 599 201 690
D10 0.0124 245 541 352 594
D10 0.0122 261 482 352 520
D10 0.0122 113 585 250 650
D10 0.0121 620 524 714 587
D10 0.0112 186 541 333 609
D10 0.0109 243 515 364 581
D10 0.0109 245 527 333 567
D10 0.0106 253 542 326 570
D10 0.0106 353 610 474 651
D10 0.0104 268 550 371 605
D10 0.0103 387 621 461 648
D10 0.0101 167 517 315 579
D10 0.0101 0 640 95 702
D10 0.0101 251 602 444 675
D20 0.1168 34 504 607 685
D20 0.0805 244 519 715 678
D20 0.0762 0 549 391 717
D20 0.0693 409 542 608 641
D20 0.0651 376 493 695 649
D20 0.0635 126 488 463 664
D20 0.0546 143 570 526 708
D20 0.0472 145 519 349 693
D20 0.0458 477 534 704 641
D20 0.0439 289 572 657 701
D20 0.0438 278 503 577 638
D20 0.0431 166 469 396 558
D20 0.0412 23 496 351 667
D20 0.0402 103 559 308 708
D20 0.0371 344 567 560 654
D20 0.0367 276 461 473 556
D20 0.0346 222 519 439 686
D20 0.0346 300 466 400 517
D20 0.0342 445 504 670 610
D20 0.0322 279 475 369 526
D20 0.0312 327 524 533 678
D20 0.0308 13 562 227 715
D20 0.0304 422 592 511 649
D20 0.0298 153 498 374 612
D20 0.0294 205 468 540 607
D20 0.0273 57 428 579 627
D20 0.0270 417 491 569 628
D20 0.0269 73 541 286 660
D20 0.0267 313 460 459 514
D20 0.0258 255 459 410 530
D20 0.0254 27 627 304 720
D20 0.0253 390 583 580 675
D20 0.0252 510 484 717 596
D20 0.0247 446 573 640 646
D20 0.0245 174 587 409 691
D20 0.0240 258 540 505 648
D20 0.0239 160 553 323 646
D20 0.0236 78 607 414 720
D20 0.0235 419 546 720 720
D20 0.0233 479 515 615 626
D20 0.0229 357 644 568 720
D20 0.0229 287 470 449 627
D20 0.0223 565 507 720 635
D20 0.0222 413 467 512 507
D20 0.0215 231 486 552 720
D20 0.0212 125 450 363 533
D20 0.0211 327 475 617 591
D20 0.0211 211 477 364 538
D20 0.0204 181 638 409 720
D20 0.0202 119 485 339 581
D20 0.0201 390 469 587 557
D20 0.0193 0 607 169 716
D20 0.0192 256 647 486 720
D20 0.0190 97 465 300 549
D20 0.0188 335 480 503 631
D20 0.0188 381 598 546 714
D20 0.0186 124 489 277 637
D20 0.0182 496 560 647 629
D20 0.0181 419 535 542 675
D20 0.0180 368 535 535 624
D20 0.0180 80 443 266 526
D20 0.0174 0 456 187 720
D20 0.0172 322 453 544 526
D20 0.0172 223 620 467 707
D20 0.0171 294 435 451 501
D20 0.0170 204 560 349 675
D20 0.0170 251 611 595 720
D20 0.0167 555 558 680 632
D20 0.0167 0 0 489 353
D20 0.0164 370 662 510 718
D20 0.0163 201 0 720 353
D20 0.0162 398 458 569 516
D20 0.0161 136 427 720 704
D20 0.0159 450 492 612 573
D20 0.0156 14 526 250 631
D20 0.0155 0 374 489 720
D20 0.0155 126 478 262 533
D20 0.0149 0 142 348 720
D20 0.0149 546 0 720 267
D20 0.0149 375 142 720 720
D20 0.0148 417 486 520 537
D20 0.0144 394 607 497 653
D20 0.0143 0 198 669 710
D20 0.0142 294 403 720 615
D20 0.0141 397 476 502 524
D20 0.0140 541 451 720 720
D20 0.0138 338 474 484 532
D20 0.0136 0 0 720 521
D20 0.0136 254 592 495 682
D20 0.0134 435 582 549 638
D20 0.0133 355 460 519 573
D20 0.0133 182 496 346 555
D20 0.0133 166 432 392 510
D20 0.0132 95 466 198 514
D20 0.0132 525 584 669 641
D20 0.0131 123 446 228 493
D20 0.0130 459 526 587 674
D20 0.0129 507 476 694 550
D20 0.0128 50 485 257 570
D20 0.0128 214 468 363 649
D20 0.0127 458 558 541 652
D20 0.0127 417 629 679 720
D20 0.0127 0 0 175 272
D20 0.0123 19 466 243 540
D20 0.0122 0 390 309 627
D20 0.0122 142 457 281 516
D20 0.0121 438 478 574 535
D20 0.0121 342 439 479 488
D20 0.0120 88 432 333 720
D20 0.0120 180 460 342 517
D20 0.0119 426 607 572 662
D20 0.0118 301 447 421 585
D20 0.0117 243 658 402 713
D20 0.0116 395 0 720 216
D20 0.0114 632 0 720 139
D20 0.0113 0 543 162 679
D20 0.0112 280 577 474 654
D20 0.0109 238 551 408 640
D20 0.0109 414 568 509 689
D20 0.0107 0 0 122 191
D20 0.0107 535 497 664 651
D20 0.0107 111 429 265 496
D20 0.0106 411 625 585 700
D20 0.0104 56 479 205 530
D20 0.0104 370 466 477 512
D20 0.0104 610 572 685 648
D20 0.0104 305 505 480 596
D20 0.0104 336 601 515 668
D20 0.0101 179 471 284 545
D20 0.0101 507 584 720 700
D20 0.0100 0 576 89 720
D20 0.0100 329 670 436 718
D40 0.1142 438 585 498 616
D40 0.1075 428 575 511 626
D40 0.0702 439 474 517 499
D40 0.0637 414 555 570 638
D40 0.0632 435 589 484 631
D40 0.0576 145 605 338 711
D40 0.0524 431 468 540 505
D40 0.0502 58 608 285 714
D40 0.0487 484 529 581 581
D40 0.0451 174 629 300 701
D40 0.0437 405 585 535 644
D40 0.0405 500 542 565 572
D40 0.0367 153 653 282 712
D40 0.0364 158 578 281 699
D40 0.0362 443 530 612 619
D40 0.0332 150 616 250 706
D40 0.0322 430 542 553 613
D40 0.0316 453 574 495 624
D40 0.0314 426 466 492 493
D40 0.0299 491 552 557 580
D40 0.0295 440 599 488 645
D40 0.0285 463 541 565 593
D40 0.0283 387 565 518 633
D40 0.0277 451 564 517 617
D40 0.0273 186 645 362 715
D40 0.0271 199 655 302 706
D40 0.0252 171 573 340 664
D40 0.0251 185 606 323 678
D40 0.0250 435 479 521 515
D40 0.0247 73 632 235 700
D40 0.0246 465 510 641 596
D40 0.0230 194 604 272 708
D40 0.0226 11 624 204 709
D40 0.0221 442 544 518 640
D40 0.0221 413 460 511 499
D40 0.0215 471 471 527 503
D40 0.0212 219 621 333 701
D40 0.0208 422 558 484 644
D40 0.0195 46 654 209 713
D40 0.0183 110 607 252 675
D40 0.0183 140 585 266 650
D40 0.0177 412 554 510 613
D40 0.0177 412 517 524 660
D40 0.0176 509 523 558 569
D40 0.0173 216 665 286 697
D40 0.0173 0 336 173 438
D40 0.0173 438 567 477 620
D40 0.0172 177 601 221 646
D40 0.0169 490 537 540 577
D40 0.0169 108 465 219 514
D40 0.0169 420 607 479 642
D40 0.0165 621 566 701 654
D40 0.0163 447 595 516 625
D40 0.0162 502 510 564 593
D40 0.0162 485 492 671 574
D40 0.0162 429 574 466 630
D40 0.0158 191 587 304 640
D40 0.0158 227 652 318 689
D40 0.0157 422 575 484 609
D40 0.0156 461 484 536 512
D40 0.0156 190 649 255 712
D40 0.0155 34 600 231 688
D40 0.0153 299 421 364 446
D40 0.0152 16 344 95 435
D40 0.0149 426 450 529 492
D40 0.0149 110 574 248 720
D40 0.0149 0 287 119 435
D40 0.0148 400 607 533 662
D40 0.0147 498 537 647 611
D40 0.0147 201 669 278 711
D40 0.0144 400 428 460 452
D40 0.0142 643 619 696 652
D40 0.0142 456 559 542 602
D40 0.0139 426 485 490 514
D40 0.0139 582 583 692 645
D40 0.0139 26 361 131 428
D40 0.0138 226 584 371 690
D40 0.0138 400 581 485 623
D40 0.0137 101 481 187 517
D40 0.0137 115 652 236 711
D40 0.0137 460 575 530 607
D40 0.0136 512 506 588 578
D40 0.0134 438 509 533 601
D40 0.0131 281 413 381 451
D40 0.0129 24 619 124 709
D40 0.0127 490 549 554 606
D40 0.0126 210 583 295 694
D40 0.0126 174 593 247 638
D40 0.0125 513 538 551 590
D40 0.0125 530 533 578 576
D40 0.0125 320 420 387 445
D40 0.0124 452 477 562 522
D40 0.0124 564 553 720 660
D40 0.0124 442 457 511 484
D40 0.0123 465 497 595 562
D40 0.0123 310 431 375 455
D40 0.0122 217 667 328 714
D40 0.0122 236 585 294 639
D40 0.0122 117 475 190 506
D40 0.0121 507 545 590 584
D40 0.0121 374 573 473 649
D40 0.0119 27 375 179 441
D40 0.0119 452 520 565 576
D40 0.0118 649 601 689 648
D40 0.0117 443 560 492 605
D40 0.0117 456 466 496 506
D40 0.0116 134 606 214 711
D40 0.0114 242 636 401 695
D40 0.0114 5 383 113 439
D40 0.0114 154 604 241 660
D40 0.0113 179 404 229 435
D40 0.0113 209 654 274 688
D40 0.0112 623 606 714 656
D40 0.0111 410 419 469 447
D40 0.0110 228 576 329 633
D40 0.0109 436 660 538 703
D40 0.0108 171 488 284 536
D40 0.0107 293 423 391 462
D40 0.0106 105 649 203 687
D40 0.0105 178 417 233 442
D40 0.0104 561 571 673 630
D40 0.0103 241 641 330 678
D40 0.0103 461 460 576 502
D40 0.0103 299 408 362 434
D40 0.0103 314 410 417 449
D40 0.0102 125 486 202 514
D40 0.0102 499 562 562 592
D40 0.0102 389 418 449 447
D40 0.0102 485 531 550 564
D40 0.0101 220 598 287 630
D40 0.0101 662 618 712 652
