D00 0.0304 478 535 532 633
D00 0.0239 496 474 546 580
D00 0.0231 468 458 546 603
D00 0.0222 506 519 689 690
D00 0.0203 455 505 560 671
D00 0.0198 482 497 534 595
D00 0.0196 497 481 527 549
D00 0.0193 0 632 52 720
D00 0.0189 506 491 538 561
D00 0.0188 511 484 553 569
D00 0.0186 488 452 536 554
D00 0.0183 485 554 520 620
D00 0.0180 618 566 706 708
D00 0.0171 472 547 542 671
D00 0.0165 0 560 135 712
D00 0.0158 483 484 638 668
D00 0.0154 495 482 592 621
D00 0.0154 575 501 714 700
D00 0.0154 487 557 559 644
D00 0.0152 446 483 531 617
D00 0.0151 495 460 527 520
D00 0.0147 453 533 523 649
D00 0.0147 33 503 178 700
D00 0.0144 517 487 570 588
D00 0.0143 558 555 677 683
D00 0.0142 486 450 516 505
D00 0.0140 1 650 34 713
D00 0.0138 2 456 32 522
D00 0.0136 505 472 539 534
D00 0.0135 0 517 40 615
D00 0.0134 483 470 520 558
D00 0.0133 496 501 527 574
D00 0.0132 495 534 594 680
D00 0.0130 186 499 289 677
D00 0.0129 554 517 675 637
D00 0.0128 494 566 528 634
D00 0.0128 0 581 76 720
D00 0.0127 1 462 134 681
D00 0.0123 2 428 49 527
D00 0.0121 62 553 180 677
D00 0.0121 528 494 560 557
D00 0.0120 504 515 537 581
D00 0.0119 605 540 678 663
D00 0.0119 1 526 32 589
D00 0.0119 0 548 51 655
D00 0.0118 500 508 558 601
D00 0.0118 80 557 135 669
D00 0.0117 648 601 716 712
D00 0.0116 540 511 597 608
D00 0.0116 300 455 360 505
D00 0.0115 5 678 46 720
D00 0.0113 0 640 135 720
D00 0.0113 446 467 673 720
D00 0.0113 306 456 358 558
D00 0.0112 358 496 505 680
D00 0.0111 454 453 520 577
D00 0.0111 67 504 225 644
D00 0.0111 205 587 259 680
D00 0.0110 104 520 273 667
D00 0.0109 469 512 515 586
D00 0.0109 542 561 593 660
D00 0.0109 511 479 555 522
D00 0.0109 510 476 579 551
D00 0.0108 618 507 705 652
D00 0.0107 421 532 513 675
D00 0.0107 156 558 279 672
D00 0.0107 207 531 267 659
D00 0.0106 19 406 196 671
D00 0.0106 391 479 569 695
D00 0.0106 471 554 514 642
D00 0.0105 17 539 146 659
D00 0.0105 478 434 526 522
D00 0.0105 476 462 528 491
D00 0.0105 516 514 549 580
D00 0.0104 501 468 544 510
D00 0.0104 531 534 610 652
D00 0.0103 559 535 635 656
D00 0.0103 56 453 243 693
D00 0.0103 313 460 347 515
D00 0.0102 522 490 565 534
D00 0.0101 11 445 42 512
D00 0.0100 34 598 162 710
D10 0.0162 99 430 280 485
D10 0.0151 32 426 211 485
D10 0.0149 160 437 313 480
D10 0.0135 45 534 206 615
D10 0.0134 78 552 178 606
D10 0.0130 209 439 358 484
D10 0.0123 81 450 257 513
D10 0.0121 23 551 181 638
D10 0.0120 175 611 303 671
D10 0.0117 219 616 308 655
D10 0.0115 405 547 498 585
D10 0.0113 307 464 372 494
D10 0.0110 152 428 371 493
D10 0.0110 52 453 194 503
D10 0.0108 21 438 227 522
D10 0.0106 496 563 606 619
D10 0.0103 97 541 234 603
D10 0.0103 198 587 320 655
D10 0.0102 141 456 286 507
D10 0.0102 292 463 396 515
D10 0.0102 79 561 208 626
D10 0.0100 102 599 286 680
D20 0.0606 31 491 625 686
D20 0.0337 216 483 570 653
D20 0.0333 263 507 696 683
D20 0.0317 0 508 383 698
D20 0.0281 42 421 603 628
D20 0.0260 343 497 557 607
D20 0.0259 295 538 581 668
D20 0.0252 410 489 681 653
D20 0.0237 458 496 644 614
D20 0.0227 293 460 515 561
D20 0.0220 440 529 579 680
D20 0.0215 0 584 247 707
D20 0.0213 435 546 720 720
D20 0.0213 150 541 450 668
D20 0.0194 313 561 652 707
D20 0.0194 127 455 473 612
D20 0.0182 317 460 635 610
D20 0.0180 15 519 201 693
D20 0.0178 486 536 646 684
D20 0.0175 112 493 391 643
D20 0.0172 381 575 595 688
D20 0.0170 252 447 468 533
D20 0.0167 161 568 533 703
D20 0.0161 0 0 489 353
D20 0.0159 201 0 720 353
D20 0.0158 488 473 605 597
D20 0.0158 485 462 671 569
D20 0.0158 541 448 720 720
D20 0.0156 324 494 489 644
D20 0.0155 351 411 720 720
D20 0.0153 0 374 489 720
D20 0.0150 0 0 177 269
D20 0.0150 99 518 296 683
D20 0.0148 98 589 393 696
D20 0.0147 0 142 348 720
D20 0.0145 184 544 336 675
D20 0.0144 0 437 368 639
D20 0.0139 380 515 519 628
D20 0.0138 284 455 420 513
D20 0.0137 331 449 502 524
D20 0.0137 380 446 534 584
D20 0.0136 354 473 488 585
D20 0.0136 280 456 433 599
D20 0.0135 151 474 466 720
D20 0.0134 526 515 655 635
D20 0.0131 0 0 720 521
D20 0.0130 470 602 686 708
D20 0.0128 406 548 531 671
D20 0.0128 315 583 538 679
D20 0.0128 192 611 322 669
D20 0.0126 206 458 421 559
D20 0.0126 548 0 720 268
D20 0.0126 62 284 720 720
D20 0.0125 235 440 377 486
D20 0.0124 0 0 314 216
D20 0.0123 289 434 459 497
D20 0.0122 0 419 222 720
D20 0.0121 305 0 720 720
D20 0.0119 240 455 378 509
D20 0.0119 329 474 468 538
D20 0.0117 54 481 248 661
D20 0.0115 0 631 139 720
D20 0.0113 576 631 720 720
D20 0.0112 506 493 634 566
D20 0.0112 13 0 269 431
D20 0.0110 506 475 637 538
D20 0.0109 462 0 720 175
D20 0.0109 395 628 645 720
D20 0.0108 178 585 298 681
D20 0.0108 80 497 295 610
D20 0.0106 25 629 285 720
D20 0.0105 163 496 312 657
D20 0.0105 0 534 136 720
D20 0.0105 224 519 384 657
D20 0.0104 347 436 485 489
D20 0.0104 356 553 487 666
D20 0.0103 543 512 643 561
D20 0.0102 201 431 412 500
D20 0.0101 465 427 596 572
D20 0.0101 495 451 654 525
D20 0.0100 631 574 720 720
D20 0.0100 500 464 594 516
D40 0.1394 481 548 527 589
D40 0.0967 461 543 539 595
D40 0.0523 437 532 578 612
D40 0.0495 464 545 524 577
D40 0.0477 476 547 559 607
D40 0.0403 485 560 545 594
D40 0.0388 453 520 558 588
D40 0.0385 363 523 671 683
D40 0.0373 480 538 549 582
D40 0.0349 457 546 597 637
D40 0.0313 367 520 569 625
D40 0.0307 479 516 535 601
D40 0.0303 415 534 541 584
D40 0.0259 434 579 673 705
D40 0.0258 457 479 593 621
D40 0.0257 440 500 662 638
D40 0.0254 497 541 537 596
D40 0.0237 435 557 549 627
D40 0.0235 488 516 558 628
D40 0.0234 488 564 532 613
D40 0.0232 482 528 642 618
D40 0.0222 437 552 514 580
D40 0.0221 486 517 604 589
D40 0.0207 474 537 512 587
D40 0.0204 621 613 705 708
D40 0.0203 403 498 534 606
D40 0.0201 291 464 354 494
D40 0.0197 472 532 541 649
D40 0.0196 454 519 522 626
D40 0.0192 593 583 719 715
D40 0.0191 499 560 629 628
D40 0.0190 449 483 714 703
D40 0.0188 504 545 554 590
D40 0.0187 376 431 445 456
D40 0.0183 473 566 623 663
D40 0.0181 363 487 466 540
D40 0.0177 605 650 712 713
D40 0.0176 377 519 518 583
D40 0.0170 481 525 522 572
D40 0.0167 509 538 668 689
D40 0.0162 437 490 546 655
D40 0.0160 404 465 636 591
D40 0.0160 468 480 545 584
D40 0.0160 541 616 696 707
D40 0.0157 420 549 535 604
D40 0.0156 359 485 527 576
D40 0.0155 538 622 596 650
D40 0.0150 371 453 473 503
D40 0.0149 444 537 494 579
D40 0.0148 208 432 275 461
D40 0.0145 360 424 460 464
D40 0.0143 301 472 361 500
D40 0.0142 215 442 287 467
D40 0.0142 454 560 521 591
D40 0.0141 272 457 374 503
D40 0.0141 380 497 444 528
D40 0.0141 536 614 577 655
D40 0.0139 389 440 452 468
D40 0.0139 537 570 683 666
D40 0.0138 366 421 434 447
D40 0.0134 505 533 583 649
D40 0.0133 504 609 610 661
D40 0.0133 370 433 468 478
D40 0.0133 373 482 453 522
D40 0.0132 651 640 720 714
D40 0.0132 561 575 620 603
D40 0.0132 486 571 578 634
D40 0.0129 383 554 576 706
D40 0.0128 439 527 524 571
D40 0.0128 586 603 690 681
D40 0.0127 455 578 564 654
D40 0.0127 392 528 497 614
D40 0.0127 546 548 645 641
D40 0.0126 83 434 192 476
D40 0.0125 382 447 460 487
D40 0.0122 176 424 284 465
D40 0.0121 376 496 492 553
D40 0.0119 463 541 500 592
D40 0.0119 496 574 560 605
D40 0.0117 372 471 454 507
D40 0.0116 390 463 453 493
D40 0.0114 539 607 594 662
D40 0.0113 434 544 481 585
D40 0.0113 498 522 539 572
D40 0.0112 518 584 591 658
D40 0.0112 545 564 636 615
D40 0.0112 103 443 177 470
D40 0.0109 494 557 580 600
D40 0.0109 115 453 188 478
D40 0.0107 200 434 302 472
D40 0.0106 531 605 658 677
D40 0.0104 578 570 625 610
D40 0.0104 551 564 608 598
D40 0.0102 667 668 716 712
D40 0.0101 344 421 413 446
D40 0.0100 372 493 431 550
D40 0.0100 20 402 184 473
