D00 0.1077 454 464 512 603
D00 0.0767 437 439 526 621
D00 0.0737 437 455 494 590
D00 0.0658 457 493 498 594
D00 0.0611 447 478 489 565
D00 0.0566 449 499 557 620
D00 0.0534 468 455 534 591
D00 0.0532 307 471 393 614
D00 0.0512 328 502 380 603
D00 0.0443 336 477 390 585
D00 0.0428 467 517 505 610
D00 0.0421 465 478 507 568
D00 0.0409 455 447 592 605
D00 0.0404 428 518 509 613
D00 0.0390 483 469 560 599
D00 0.0386 453 434 501 558
D00 0.0369 464 529 492 602
D00 0.0366 346 463 402 558
D00 0.0364 585 477 720 621
D00 0.0358 413 469 481 596
D00 0.0355 148 564 318 701
D00 0.0330 441 487 473 557
D00 0.0327 164 511 358 637
D00 0.0325 454 535 525 612
D00 0.0319 452 506 484 581
D00 0.0316 391 446 500 608
D00 0.0302 319 464 391 546
D00 0.0298 178 548 369 677
D00 0.0296 92 495 317 655
D00 0.0292 297 496 406 663
D00 0.0290 492 456 646 606
D00 0.0283 339 522 371 591
D00 0.0281 438 485 531 571
D00 0.0277 336 469 436 611
D00 0.0270 513 468 584 597
D00 0.0269 508 513 562 618
D00 0.0267 475 495 517 591
D00 0.0267 333 529 410 603
D00 0.0261 473 434 522 551
D00 0.0257 618 505 712 600
D00 0.0254 433 437 482 556
D00 0.0252 295 510 368 620
D00 0.0251 483 510 541 619
D00 0.0251 452 557 504 611
D00 0.0250 347 480 382 547
D00 0.0245 359 488 411 600
D00 0.0241 504 561 563 613
D00 0.0238 172 619 343 707
D00 0.0238 292 469 366 584
D00 0.0234 319 530 384 637
D00 0.0232 640 458 720 604
D00 0.0230 437 505 480 601
D00 0.0230 242 466 380 623
D00 0.0227 427 469 468 556
D00 0.0225 402 475 542 658
D00 0.0224 531 497 578 611
D00 0.0224 322 490 369 579
D00 0.0223 650 511 717 628
D00 0.0219 462 465 493 545
D00 0.0219 473 553 556 616
D00 0.0219 0 502 143 640
D00 0.0217 358 488 393 554
D00 0.0214 469 435 505 526
D00 0.0213 535 505 704 602
D00 0.0213 531 444 615 593
D00 0.0212 371 478 403 545
D00 0.0212 351 512 395 597
D00 0.0212 338 488 371 557
D00 0.0211 664 472 717 577
D00 0.0211 606 528 717 643
D00 0.0211 66 518 237 694
D00 0.0206 341 554 426 618
D00 0.0206 113 615 281 704
D00 0.0205 358 470 411 537
D00 0.0204 377 471 458 594
D00 0.0204 0 522 113 703
D00 0.0202 494 584 555 613
D00 0.0202 219 429 283 457
D00 0.0202 459 517 496 570
D00 0.0201 147 502 284 615
D00 0.0200 496 457 546 567
D00 0.0198 459 427 495 509
D00 0.0198 194 563 302 618
D00 0.0197 0 500 52 604
D00 0.0194 453 545 485 605
D00 0.0193 429 392 610 632
D00 0.0191 237 515 382 592
D00 0.0190 517 550 551 609
D00 0.0189 482 488 514 560
D00 0.0185 489 477 530 567
D00 0.0185 521 459 570 566
D00 0.0184 0 632 54 720
D00 0.0181 448 436 486 528
D00 0.0181 413 467 514 545
D00 0.0181 578 537 703 609
D00 0.0180 371 459 420 558
D00 0.0180 268 494 348 609
D00 0.0179 454 466 554 542
D00 0.0179 548 507 720 672
D00 0.0177 472 465 503 543
D00 0.0177 0 604 211 714
D00 0.0174 255 525 408 712
D00 0.0173 397 512 492 643
D00 0.0172 309 504 357 589
D00 0.0171 516 540 592 609
D00 0.0168 332 477 377 525
D00 0.0167 507 569 541 618
D00 0.0166 516 496 554 592
D00 0.0165 102 501 241 609
D00 0.0164 284 459 335 564
D00 0.0164 486 427 536 530
D00 0.0162 254 521 360 647
D00 0.0161 324 451 410 582
D00 0.0161 194 477 331 600
D00 0.0160 423 416 553 570
D00 0.0160 542 461 593 563
D00 0.0160 231 420 291 448
D00 0.0160 474 427 502 489
D00 0.0159 519 541 672 604
D00 0.0159 477 549 520 616
D00 0.0159 8 506 103 598
D00 0.0159 30 487 191 675
D00 0.0158 201 529 308 655
D00 0.0157 297 458 373 528
D00 0.0157 0 664 88 720
D00 0.0157 339 403 518 639
D00 0.0157 565 460 674 602
D00 0.0156 529 535 560 601
D00 0.0155 314 538 363 612
D00 0.0155 186 584 288 715
D00 0.0154 328 449 403 518
D00 0.0154 329 487 399 536
D00 0.0154 272 455 390 558
D00 0.0153 550 404 720 637
D00 0.0153 541 534 570 599
D00 0.0153 0 623 116 720
D00 0.0152 286 542 379 676
D00 0.0152 480 427 517 508
D00 0.0151 342 508 384 557
D00 0.0151 15 517 157 587
D00 0.0151 310 470 356 556
D00 0.0151 123 454 382 710
D00 0.0149 547 508 585 601
D00 0.0149 3 532 66 653
D00 0.0149 3 474 257 720
D00 0.0148 503 514 634 593
D00 0.0148 299 490 342 578
D00 0.0148 297 560 378 629
D00 0.0148 341 469 387 512
D00 0.0148 327 480 362 547
D00 0.0146 445 532 530 667
D00 0.0146 368 541 408 612
D00 0.0146 383 477 412 545
D00 0.0146 57 470 227 599
D00 0.0145 510 439 562 541
D00 0.0144 307 501 402 569
D00 0.0143 548 479 643 580
D00 0.0142 371 518 425 610
D00 0.0141 224 568 332 703
D00 0.0140 554 491 602 598
D00 0.0139 171 579 256 690
D00 0.0139 294 461 322 520
D00 0.0139 503 579 583 616
D00 0.0139 191 652 330 714
D00 0.0138 355 550 390 605
D00 0.0137 423 497 478 564
D00 0.0137 485 488 601 570
D00 0.0137 3 576 66 699
D00 0.0136 496 535 554 604
D00 0.0136 236 630 371 720
D00 0.0135 461 568 517 618
D00 0.0135 534 557 575 601
D00 0.0135 651 550 716 668
D00 0.0134 496 560 530 613
D00 0.0133 671 535 715 618
D00 0.0132 492 431 565 503
D00 0.0132 191 607 270 688
D00 0.0132 322 469 367 512
D00 0.0132 220 439 282 467
D00 0.0131 498 514 591 636
D00 0.0131 452 428 482 487
D00 0.0131 367 557 456 617
D00 0.0131 426 548 491 604
D00 0.0131 298 462 340 541
D00 0.0131 484 454 513 529
D00 0.0130 132 450 292 592
D00 0.0129 442 456 471 531
D00 0.0128 195 642 269 713
D00 0.0128 89 641 257 720
D00 0.0128 197 534 285 608
D00 0.0128 531 507 559 583
D00 0.0128 42 504 128 541
D00 0.0127 281 461 317 538
D00 0.0127 546 562 696 619
D00 0.0127 457 420 522 497
D00 0.0127 340 453 437 539
D00 0.0126 354 518 500 711
D00 0.0126 259 653 335 720
D00 0.0126 319 461 394 497
D00 0.0126 169 520 311 591
D00 0.0125 651 505 710 569
D00 0.0125 365 468 408 512
D00 0.0125 119 565 227 698
D00 0.0124 307 569 396 702
D00 0.0124 213 582 326 638
D00 0.0124 242 497 321 612
D00 0.0124 14 555 87 678
D00 0.0123 29 496 114 530
D00 0.0122 294 478 323 546
D00 0.0121 591 559 720 698
D00 0.0120 443 411 491 502
D00 0.0120 226 548 325 615
D00 0.0120 380 498 415 589
D00 0.0119 8 523 64 594
D00 0.0118 0 686 57 720
D00 0.0118 5 496 128 564
D00 0.0118 564 463 616 559
D00 0.0117 456 448 560 515
D00 0.0117 288 535 358 595
D00 0.0117 410 450 462 555
D00 0.0117 346 483 401 516
D00 0.0116 331 570 376 640
D00 0.0116 378 553 420 619
D00 0.0115 542 498 570 570
D00 0.0115 326 453 387 479
D00 0.0114 349 560 396 627
D00 0.0113 504 437 544 518
D00 0.0113 0 594 142 686
D00 0.0113 294 455 349 508
D00 0.0112 520 487 549 559
D00 0.0112 532 443 586 534
D00 0.0111 479 535 569 666
D00 0.0111 627 558 720 628
D00 0.0111 531 478 561 549
D00 0.0111 0 560 45 666
D00 0.0109 353 459 399 499
D00 0.0109 212 420 303 462
D00 0.0109 421 428 470 533
D00 0.0109 508 487 537 559
D00 0.0109 340 541 434 673
D00 0.0109 265 455 336 526
D00 0.0109 311 460 355 499
D00 0.0109 488 571 558 634
D00 0.0108 101 478 175 548
D00 0.0108 209 658 253 702
D00 0.0108 31 549 173 716
D00 0.0108 156 518 236 597
D00 0.0108 233 428 289 475
D00 0.0108 464 417 492 477
D00 0.0108 496 465 525 540
D00 0.0108 438 517 479 567
D00 0.0107 483 420 570 550
D00 0.0106 206 442 362 570
D00 0.0106 154 617 255 674
D00 0.0106 0 668 39 716
D00 0.0106 632 474 711 558
D00 0.0105 355 579 441 620
D00 0.0105 57 625 192 720
D00 0.0105 442 518 589 712
D00 0.0104 75 497 212 564
D00 0.0104 553 469 605 531
D00 0.0104 239 607 319 710
D00 0.0104 391 444 534 536
D00 0.0104 122 532 212 609
D00 0.0103 372 509 402 579
D00 0.0103 400 419 481 564
D00 0.0103 336 456 371 509
D00 0.0102 315 464 349 521
D00 0.0102 532 489 580 559
D00 0.0102 10 515 43 585
D00 0.0102 29 653 171 715
D00 0.0102 121 489 200 559
D00 0.0102 245 682 326 720
D00 0.0102 562 571 715 650
D00 0.0102 495 507 526 581
D00 0.0102 680 458 719 502
D00 0.0101 496 445 526 512
D00 0.0101 285 452 313 507
D00 0.0101 437 428 475 507
D00 0.0101 345 573 424 639
D00 0.0101 248 424 295 459
D00 0.0101 150 598 232 706
D00 0.0100 634 481 720 696
D10 0.0285 336 540 496 604
D10 0.0284 405 537 526 606
D10 0.0270 427 561 546 619
D10 0.0264 362 563 515 618
D10 0.0243 318 555 447 604
D10 0.0239 475 562 618 616
D10 0.0233 395 571 500 605
D10 0.0232 199 542 366 608
D10 0.0228 363 562 463 597
D10 0.0206 349 566 420 593
D10 0.0206 468 575 535 607
D10 0.0174 216 563 330 617
D10 0.0172 275 557 374 597
D10 0.0172 495 552 695 621
D10 0.0169 395 567 477 594
D10 0.0168 481 584 547 613
D10 0.0161 382 576 464 603
D10 0.0159 351 570 444 608
D10 0.0157 519 570 609 604
D10 0.0154 424 565 490 597
D10 0.0151 0 557 65 598
D10 0.0146 506 565 564 599
D10 0.0142 458 584 521 612
D10 0.0142 333 547 412 592
D10 0.0139 240 529 361 585
D10 0.0136 247 588 371 634
D10 0.0135 524 565 584 597
D10 0.0135 4 561 126 626
D10 0.0135 507 552 625 603
D10 0.0135 316 529 373 560
D10 0.0133 294 523 374 569
D10 0.0133 302 551 368 586
D10 0.0129 328 517 382 549
D10 0.0126 472 559 557 605
D10 0.0126 328 539 378 574
D10 0.0123 302 539 366 575
D10 0.0123 228 598 341 644
D10 0.0121 421 585 548 642
D10 0.0119 425 578 506 615
D10 0.0119 336 528 389 557
D10 0.0119 265 601 375 644
D10 0.0118 462 563 516 599
D10 0.0116 551 576 627 601
D10 0.0115 338 504 391 540
D10 0.0114 365 555 431 586
D10 0.0114 4 583 123 651
D10 0.0113 463 584 589 640
D10 0.0112 543 565 610 595
D10 0.0111 308 510 382 558
D10 0.0110 279 541 348 573
D10 0.0110 385 581 486 617
D10 0.0110 328 494 384 527
D10 0.0110 229 549 329 592
D10 0.0110 454 526 500 558
D10 0.0109 275 551 350 584
D10 0.0109 326 512 420 579
D10 0.0107 259 569 362 608
D10 0.0105 540 564 660 608
D10 0.0105 480 574 665 644
D10 0.0105 337 509 407 555
D10 0.0104 376 549 474 590
D10 0.0100 356 517 412 548
D10 0.0100 469 515 522 551
D10 0.0100 258 564 338 593
D20 0.1977 148 474 595 647
D20 0.1420 293 468 720 638
D20 0.1170 64 504 513 682
D20 0.0956 296 487 533 609
D20 0.0906 423 462 549 615
D20 0.0824 382 462 651 603
D20 0.0806 0 442 720 694
D20 0.0786 112 535 663 720
D20 0.0769 275 473 426 615
D20 0.0690 193 468 487 604
D20 0.0627 218 532 525 658
D20 0.0625 385 505 592 621
D20 0.0622 178 517 415 623
D20 0.0609 447 490 701 627
D20 0.0539 320 531 617 652
D20 0.0488 384 467 506 598
D20 0.0465 320 470 461 596
D20 0.0417 10 454 428 642
D20 0.0398 291 528 460 613
D20 0.0381 220 424 631 609
D20 0.0375 141 491 359 653
D20 0.0349 460 526 631 611
D20 0.0348 1 501 213 605
D20 0.0347 152 606 363 713
D20 0.0327 237 493 384 610
D20 0.0323 453 508 553 597
D20 0.0303 291 513 409 591
D20 0.0300 454 474 590 587
D20 0.0298 412 509 520 594
D20 0.0296 301 452 501 559
D20 0.0296 410 382 704 623
D20 0.0287 319 551 511 625
D20 0.0270 0 545 311 720
D20 0.0268 258 465 407 561
D20 0.0262 313 496 423 664
D20 0.0254 426 488 515 560
D20 0.0252 421 543 720 720
D20 0.0249 340 512 493 590
D20 0.0247 466 492 580 652
D20 0.0246 469 564 579 614
D20 0.0240 433 547 583 624
D20 0.0237 4 464 196 561
D20 0.0236 306 434 545 696
D20 0.0231 311 468 434 547
D20 0.0229 205 447 459 707
D20 0.0223 224 340 708 664
D20 0.0219 66 466 354 596
D20 0.0219 193 634 415 720
D20 0.0216 6 482 267 675
D20 0.0214 71 601 279 710
D20 0.0208 426 422 614 580
D20 0.0202 365 371 589 669
D20 0.0202 502 533 720 663
D20 0.0199 345 498 481 660
D20 0.0197 0 198 669 710
D20 0.0188 274 582 558 695
D20 0.0187 494 552 597 607
D20 0.0180 0 0 489 353
D20 0.0180 407 535 562 665
D20 0.0175 201 0 720 353
D20 0.0173 541 438 720 720
D20 0.0167 21 18 720 530
D20 0.0167 308 490 404 558
D20 0.0164 364 442 564 567
D20 0.0163 0 142 348 720
D20 0.0160 375 142 720 720
D20 0.0155 295 473 394 534
D20 0.0153 375 581 652 696
D20 0.0150 27 497 177 563
D20 0.0147 26 518 182 586
D20 0.0144 294 456 412 516
D20 0.0143 15 478 153 536
D20 0.0136 124 427 458 569
D20 0.0128 383 486 562 720
D20 0.0127 608 468 720 644
D20 0.0126 328 455 458 519
D20 0.0124 256 518 377 577
D20 0.0124 341 573 454 624
D20 0.0123 17 449 181 520
D20 0.0121 33 500 138 546
D20 0.0121 546 0 720 278
D20 0.0119 0 0 175 273
D20 0.0119 0 386 191 720
D20 0.0118 431 557 628 653
D20 0.0116 0 631 148 720
D20 0.0116 79 370 382 690
D20 0.0114 183 449 392 546
D20 0.0112 456 490 559 559
D20 0.0112 288 405 477 639
D20 0.0109 0 542 159 676
D20 0.0106 381 491 499 554
D20 0.0104 341 492 457 553
D20 0.0103 93 441 284 537
D20 0.0102 319 446 417 490
D20 0.0102 304 607 627 720
D40 0.1065 334 566 376 610
D40 0.0926 5 516 438 693
D40 0.0861 96 548 302 649
D40 0.0824 325 549 386 619
D40 0.0775 530 440 718 535
D40 0.0620 63 581 358 703
D40 0.0574 123 565 274 628
D40 0.0572 329 559 398 599
D40 0.0543 518 433 689 500
D40 0.0538 6 547 248 644
D40 0.0507 512 445 606 490
D40 0.0491 139 521 358 679
D40 0.0487 498 447 658 519
D40 0.0486 161 554 351 634
D40 0.0466 537 453 600 483
D40 0.0457 85 537 266 617
D40 0.0441 182 581 281 642
D40 0.0439 144 560 497 707
D40 0.0430 565 451 706 512
D40 0.0424 46 528 276 687
D40 0.0419 64 574 250 658
D40 0.0418 550 450 625 486
D40 0.0418 330 583 380 618
D40 0.0415 334 544 374 593
D40 0.0410 307 523 394 613
D40 0.0408 198 538 426 636
D40 0.0391 322 562 425 612
D40 0.0385 545 470 718 596
D40 0.0379 290 551 456 627
D40 0.0377 237 616 449 709
D40 0.0350 74 568 186 614
D40 0.0350 105 575 205 622
D40 0.0336 140 554 252 607
D40 0.0324 473 456 678 573
D40 0.0315 554 470 691 535
D40 0.0311 279 549 385 605
D40 0.0311 131 591 297 684
D40 0.0304 237 562 446 662
D40 0.0303 12 533 204 613
D40 0.0302 253 562 396 620
D40 0.0301 308 631 401 684
D40 0.0299 181 588 406 693
D40 0.0297 338 574 404 604
D40 0.0285 495 432 586 483
D40 0.0283 307 628 471 701
D40 0.0282 163 423 282 461
D40 0.0282 121 584 185 614
D40 0.0281 168 578 256 624
D40 0.0280 163 545 313 609
D40 0.0275 561 445 674 489
D40 0.0274 176 567 264 611
D40 0.0274 615 483 713 578
D40 0.0274 199 574 389 651
D40 0.0273 425 424 720 622
D40 0.0267 140 583 257 644
D40 0.0267 457 506 497 560
D40 0.0264 6 582 241 696
D40 0.0262 264 601 426 681
D40 0.0261 109 577 177 608
D40 0.0256 355 442 418 466
D40 0.0256 493 443 609 551
D40 0.0251 284 647 449 716
D40 0.0251 515 441 579 474
D40 0.0250 564 455 612 494
D40 0.0249 571 453 647 482
D40 0.0248 125 570 229 610
D40 0.0239 30 502 254 607
D40 0.0238 504 575 564 607
D40 0.0236 368 665 426 695
D40 0.0234 547 460 643 551
D40 0.0232 292 588 495 688
D40 0.0230 530 451 590 499
D40 0.0224 285 586 411 642
D40 0.0222 255 635 396 698
D40 0.0220 311 574 478 650
D40 0.0219 169 431 250 456
D40 0.0217 115 441 184 469
D40 0.0216 548 444 607 476
D40 0.0215 103 411 283 469
D40 0.0213 334 530 400 637
D40 0.0210 123 423 242 462
D40 0.0210 251 528 366 613
D40 0.0209 159 551 271 679
D40 0.0206 318 644 430 697
D40 0.0204 611 456 720 503
D40 0.0204 475 544 570 622
D40 0.0204 304 563 371 593
D40 0.0201 471 570 558 611
D40 0.0199 193 590 248 634
D40 0.0198 332 577 412 620
D40 0.0197 466 496 506 550
D40 0.0196 5 572 175 662
D40 0.0196 546 459 630 513
D40 0.0195 566 444 632 474
D40 0.0194 450 574 507 605
D40 0.0194 368 432 427 458
D40 0.0192 109 628 376 720
D40 0.0191 586 459 682 494
D40 0.0189 160 565 237 594
D40 0.0187 194 554 287 626
D40 0.0184 499 427 573 465
D40 0.0183 92 423 288 499
D40 0.0183 295 637 375 678
D40 0.0179 42 553 163 633
D40 0.0179 183 606 325 673
D40 0.0179 108 433 213 472
D40 0.0178 450 427 629 526
D40 0.0177 520 461 580 489
D40 0.0176 483 404 682 491
D40 0.0174 75 474 342 720
D40 0.0173 206 430 279 457
D40 0.0173 658 525 719 604
D40 0.0172 196 584 267 619
D40 0.0172 556 492 689 566
D40 0.0172 588 433 711 494
D40 0.0172 327 596 381 627
D40 0.0172 120 535 227 659
D40 0.0171 178 552 246 644
D40 0.0170 108 604 249 674
D40 0.0169 306 574 371 604
D40 0.0169 497 563 609 609
D40 0.0168 215 644 393 719
D40 0.0168 114 434 267 482
D40 0.0167 338 434 429 472
D40 0.0166 326 611 454 673
D40 0.0166 638 459 720 553
D40 0.0166 341 658 481 709
D40 0.0164 381 655 434 689
D40 0.0164 320 641 387 673
D40 0.0164 226 610 374 672
D40 0.0163 509 451 570 482
D40 0.0163 519 427 628 581
D40 0.0162 520 575 586 604
D40 0.0162 391 547 495 624
D40 0.0160 360 654 448 700
D40 0.0160 669 533 713 579
D40 0.0158 473 450 585 514
D40 0.0157 116 588 191 628
D40 0.0155 99 517 206 571
D40 0.0154 345 432 408 457
D40 0.0154 536 465 603 506
D40 0.0153 175 435 270 468
D40 0.0152 314 633 376 664
D40 0.0151 572 442 659 537
D40 0.0150 518 378 720 587
D40 0.0149 594 454 674 482
D40 0.0149 625 528 716 584
D40 0.0148 561 472 615 502
D40 0.0147 3 555 48 599
D40 0.0147 124 560 180 637
D40 0.0145 377 441 438 466
D40 0.0144 617 464 704 492
D40 0.0143 512 416 641 472
D40 0.0143 81 582 181 638
D40 0.0143 670 478 715 518
D40 0.0141 6 547 100 638
D40 0.0139 111 564 200 604
D40 0.0138 133 573 168 623
D40 0.0138 475 506 517 560
D40 0.0138 318 556 385 663
D40 0.0137 131 431 214 458
D40 0.0137 355 559 391 612
D40 0.0136 117 451 183 476
D40 0.0136 204 596 276 630
D40 0.0135 370 573 548 648
D40 0.0135 600 422 720 556
D40 0.0135 344 616 570 701
D40 0.0135 235 636 345 686
D40 0.0135 550 447 587 490
D40 0.0134 283 626 362 691
D40 0.0133 310 613 399 660
D40 0.0133 680 542 719 590
D40 0.0132 362 637 507 693
D40 0.0132 446 504 493 542
D40 0.0131 639 469 716 510
D40 0.0130 364 567 409 608
D40 0.0130 311 543 361 590
D40 0.0128 213 560 296 668
D40 0.0128 295 578 377 622
D40 0.0127 536 427 606 516
D40 0.0127 0 538 63 610
D40 0.0126 118 594 220 655
D40 0.0126 75 508 185 558
D40 0.0125 202 594 312 647
D40 0.0125 125 520 261 589
D40 0.0124 196 607 265 638
D40 0.0124 306 532 378 582
D40 0.0123 556 446 603 504
D40 0.0123 312 551 427 713
D40 0.0123 356 451 416 478
D40 0.0122 680 467 719 511
D40 0.0122 64 561 160 602
D40 0.0122 110 431 172 463
D40 0.0121 569 467 652 506
D40 0.0120 183 422 259 451
D40 0.0120 113 542 227 600
D40 0.0119 54 606 204 673
D40 0.0118 324 665 430 711
D40 0.0117 547 417 641 527
D40 0.0116 350 424 444 463
D40 0.0115 658 526 707 569
D40 0.0114 357 655 418 688
D40 0.0114 404 623 506 669
D40 0.0114 101 511 203 636
D40 0.0113 325 442 388 466
D40 0.0113 499 440 557 472
D40 0.0113 159 439 237 466
D40 0.0113 442 568 531 648
D40 0.0113 582 456 638 494
D40 0.0112 54 520 162 570
D40 0.0112 75 541 182 601
D40 0.0111 280 526 345 585
D40 0.0110 13 551 132 605
D40 0.0110 78 530 183 658
D40 0.0110 322 623 385 649
D40 0.0110 334 613 406 707
D40 0.0110 433 567 484 605
D40 0.0110 661 463 714 497
D40 0.0110 327 445 422 489
D40 0.0109 111 562 190 669
D40 0.0109 7 475 73 502
D40 0.0109 87 525 175 562
D40 0.0108 672 553 713 601
D40 0.0108 610 474 714 528
D40 0.0108 369 599 546 677
D40 0.0107 168 604 268 663
D40 0.0107 312 652 377 683
D40 0.0107 482 413 570 458
D40 0.0106 0 608 118 664
D40 0.0106 436 515 488 551
D40 0.0106 191 559 247 601
D40 0.0105 514 429 584 522
D40 0.0105 202 412 294 455
D40 0.0104 356 675 420 705
D40 0.0103 107 518 175 549
D40 0.0103 268 582 389 720
D40 0.0103 509 580 596 616
D40 0.0103 651 484 712 511
D40 0.0102 324 611 384 636
D40 0.0101 367 651 550 714
D40 0.0101 91 570 148 607
D40 0.0101 329 654 401 685
D40 0.0101 46 402 259 482
D40 0.0100 318 558 355 615
D40 0.0100 15 486 85 512
D40 0.0100 560 442 616 528
D40 0.0100 145 584 229 615
D40 0.0100 203 574 279 604
