D00 0.0420 424 554 499 715
D00 0.0393 454 609 501 720
D00 0.0359 443 564 489 683
D00 0.0312 465 587 510 704
D00 0.0302 421 553 466 669
D00 0.0285 460 562 543 715
D00 0.0282 437 563 473 664
D00 0.0276 279 557 373 711
D00 0.0273 468 634 507 720
D00 0.0273 410 570 474 706
D00 0.0265 158 569 320 714
D00 0.0252 221 574 346 705
D00 0.0245 0 528 110 708
D00 0.0239 459 576 495 675
D00 0.0230 0 548 69 631
D00 0.0230 178 641 256 719
D00 0.0226 269 559 338 690
D00 0.0226 415 563 450 659
D00 0.0224 637 445 720 643
D00 0.0205 464 645 493 714
D00 0.0203 431 574 458 652
D00 0.0201 372 557 466 710
D00 0.0198 442 530 518 695
D00 0.0198 475 569 619 715
D00 0.0194 464 608 492 686
D00 0.0194 681 526 720 623
D00 0.0192 430 597 481 708
D00 0.0192 441 648 512 720
D00 0.0191 0 495 89 653
D00 0.0189 311 594 382 713
D00 0.0188 292 642 373 720
D00 0.0185 420 557 446 628
D00 0.0183 428 618 537 720
D00 0.0183 633 517 720 719
D00 0.0181 453 586 481 664
D00 0.0180 491 581 561 705
D00 0.0179 262 552 316 650
D00 0.0176 441 596 469 673
D00 0.0175 149 673 256 720
D00 0.0173 338 616 392 720
D00 0.0172 330 573 406 704
D00 0.0170 475 620 502 698
D00 0.0170 27 515 182 707
D00 0.0169 404 557 439 644
D00 0.0165 189 589 282 716
D00 0.0161 204 548 323 669
D00 0.0161 447 551 484 640
D00 0.0160 127 587 265 706
D00 0.0160 186 682 271 720
D00 0.0160 493 618 653 711
D00 0.0159 656 459 713 591
D00 0.0157 467 620 586 720
D00 0.0157 666 622 719 720
D00 0.0155 224 562 296 690
D00 0.0155 274 552 343 631
D00 0.0154 2 576 69 700
D00 0.0152 433 535 477 638
D00 0.0151 629 418 707 577
D00 0.0151 453 620 482 695
D00 0.0150 245 598 318 712
D00 0.0150 603 601 715 717
D00 0.0149 426 595 463 688
D00 0.0148 514 583 584 705
D00 0.0147 479 610 517 707
D00 0.0147 0 9 174 375
D00 0.0147 281 569 313 635
D00 0.0147 655 530 715 662
D00 0.0146 653 576 716 705
D00 0.0144 539 629 596 720
D00 0.0144 426 540 461 628
D00 0.0144 396 561 425 623
D00 0.0143 315 559 369 659
D00 0.0142 362 567 412 671
D00 0.0141 0 458 76 593
D00 0.0141 385 557 435 661
D00 0.0141 338 560 393 660
D00 0.0140 355 594 429 712
D00 0.0139 196 667 244 714
D00 0.0138 398 574 447 684
D00 0.0138 0 539 45 616
D00 0.0137 277 543 318 622
D00 0.0137 459 671 516 720
D00 0.0137 322 652 407 720
D00 0.0136 384 561 414 622
D00 0.0136 68 555 228 720
D00 0.0135 487 651 613 715
D00 0.0135 292 604 348 711
D00 0.0134 331 639 377 718
D00 0.0134 172 687 243 717
D00 0.0134 301 681 386 720
D00 0.0134 447 688 508 717
D00 0.0134 204 660 272 717
D00 0.0133 410 532 454 635
D00 0.0133 409 549 435 615
D00 0.0132 286 569 329 651
D00 0.0132 482 626 536 720
D00 0.0131 550 606 686 714
D00 0.0130 253 663 367 718
D00 0.0130 304 580 357 683
D00 0.0130 578 485 713 705
D00 0.0130 529 537 680 720
D00 0.0129 107 675 220 720
D00 0.0127 291 560 323 624
D00 0.0126 379 567 418 653
D00 0.0125 328 560 357 622
D00 0.0125 372 562 403 621
D00 0.0124 495 506 602 698
D00 0.0124 249 570 305 670
D00 0.0123 420 596 447 670
D00 0.0123 452 646 484 713
D00 0.0123 356 561 397 641
D00 0.0122 417 637 496 718
D00 0.0122 310 628 354 715
D00 0.0122 37 0 247 292
D00 0.0121 312 552 351 630
D00 0.0121 106 513 300 720
D00 0.0120 333 553 373 630
D00 0.0119 290 672 356 720
D00 0.0118 552 640 626 720
D00 0.0118 483 646 514 715
D00 0.0117 333 580 374 663
D00 0.0117 441 550 470 618
D00 0.0117 364 686 460 720
D00 0.0116 271 561 305 624
D00 0.0116 345 590 386 675
D00 0.0115 436 589 574 696
D00 0.0115 646 528 720 605
D00 0.0115 239 541 326 624
D00 0.0114 643 481 699 575
D00 0.0114 2 460 139 675
D00 0.0113 349 561 381 622
D00 0.0113 408 585 436 658
D00 0.0113 671 492 712 575
D00 0.0113 410 684 503 720
D00 0.0113 329 684 425 719
D00 0.0112 373 545 424 636
D00 0.0112 304 560 335 623
D00 0.0111 472 573 523 678
D00 0.0110 0 621 57 720
D00 0.0110 299 579 341 661
D00 0.0109 316 579 347 644
D00 0.0109 321 614 364 706
D00 0.0108 155 613 232 713
D00 0.0108 327 579 358 645
D00 0.0107 529 439 577 550
D00 0.0107 277 651 342 712
D00 0.0107 360 554 392 609
D00 0.0106 473 589 503 663
D00 0.0106 467 687 530 718
D00 0.0105 268 617 328 716
D00 0.0105 317 667 368 714
D00 0.0105 207 618 253 703
D00 0.0104 462 554 512 658
D00 0.0104 518 626 576 720
D00 0.0104 276 589 318 674
D00 0.0104 491 605 604 681
D00 0.0104 211 649 247 712
D00 0.0103 219 623 293 720
D00 0.0103 685 507 720 584
D00 0.0103 1 0 138 239
D00 0.0103 356 601 396 689
D00 0.0102 472 538 579 667
D00 0.0101 140 687 214 718
D00 0.0101 686 648 718 714
D00 0.0100 391 586 428 676
D00 0.0100 83 681 176 720
D00 0.0100 381 621 453 720
D00 0.0100 536 562 605 688
D00 0.0100 329 545 356 598
D10 0.0203 340 655 490 712
D10 0.0132 652 541 713 570
D10 0.0125 637 528 720 584
D10 0.0115 383 679 511 720
D10 0.0104 420 689 494 717
D20 0.1022 158 574 517 718
D20 0.0646 268 562 478 691
D20 0.0597 19 578 406 718
D20 0.0509 315 587 607 710
D20 0.0506 214 601 437 716
D20 0.0473 24 501 597 694
D20 0.0448 357 533 415 557
D20 0.0442 231 534 693 710
D20 0.0396 286 557 451 646
D20 0.0395 234 549 383 704
D20 0.0357 361 556 505 715
D20 0.0342 276 629 513 720
D20 0.0330 144 630 372 720
D20 0.0299 356 542 416 566
D20 0.0295 181 565 341 713
D20 0.0281 321 594 463 713
D20 0.0251 359 521 412 548
D20 0.0247 283 549 412 607
D20 0.0235 388 550 640 685
D20 0.0229 618 423 716 614
D20 0.0225 296 567 395 672
D20 0.0224 296 655 444 713
D20 0.0220 278 554 369 650
D20 0.0220 337 544 398 567
D20 0.0215 260 623 392 720
D20 0.0208 379 533 434 557
D20 0.0207 17 0 269 465
D20 0.0204 319 554 418 702
D20 0.0202 335 526 421 561
D20 0.0197 513 608 716 717
D20 0.0195 447 457 720 714
D20 0.0194 0 198 669 710
D20 0.0192 342 568 442 673
D20 0.0189 430 602 630 717
D20 0.0184 0 0 489 353
D20 0.0183 278 586 373 694
D20 0.0182 201 0 720 353
D20 0.0181 332 536 424 574
D20 0.0176 0 374 489 720
D20 0.0176 404 619 519 720
D20 0.0174 200 374 720 720
D20 0.0174 21 18 720 530
D20 0.0171 325 534 386 557
D20 0.0169 572 653 701 715
D20 0.0169 0 142 348 720
D20 0.0168 213 543 410 641
D20 0.0167 375 142 720 720
D20 0.0166 101 601 305 720
D20 0.0164 339 522 396 548
D20 0.0163 0 0 176 275
D20 0.0163 386 548 484 676
D20 0.0161 3 449 316 706
D20 0.0154 329 546 426 592
D20 0.0151 315 564 422 620
D20 0.0150 346 627 482 703
D20 0.0149 378 542 435 566
D20 0.0149 351 561 468 631
D20 0.0147 0 442 241 524
D20 0.0142 307 554 381 630
D20 0.0141 347 553 407 581
D20 0.0139 336 556 440 609
D20 0.0139 557 400 720 700
D20 0.0136 0 631 147 720
D20 0.0135 316 552 397 586
D20 0.0132 336 513 418 551
D20 0.0130 273 579 345 662
D20 0.0130 247 546 364 607
D20 0.0130 547 0 720 263
D20 0.0129 116 551 324 663
D20 0.0126 409 526 541 711
D20 0.0123 601 626 716 720
D20 0.0123 667 511 720 602
D20 0.0123 459 0 720 175
D20 0.0122 313 544 373 569
D20 0.0121 73 67 346 545
D20 0.0121 363 477 585 720
D20 0.0120 327 560 407 600
D20 0.0119 643 399 719 557
D20 0.0119 0 68 185 538
D20 0.0117 0 0 311 216
D20 0.0116 344 550 386 587
D20 0.0116 134 505 371 720
D20 0.0114 398 663 512 718
D20 0.0114 192 664 366 720
D20 0.0114 0 508 51 587
D20 0.0114 320 675 465 720
D20 0.0113 381 521 432 549
D20 0.0109 290 538 401 579
D20 0.0109 168 521 490 661
D20 0.0109 637 686 701 716
D20 0.0107 0 0 88 142
D20 0.0107 0 577 89 720
D20 0.0107 257 675 394 720
D20 0.0105 653 445 705 542
D20 0.0103 367 552 425 580
D20 0.0103 323 550 361 589
D20 0.0101 0 462 67 632
D20 0.0101 656 446 720 638
D20 0.0100 328 537 382 579
D20 0.0100 361 529 429 583
D20 0.0100 313 582 420 645
D20 0.0100 292 560 373 600
D40 0.0575 3 576 362 719
D40 0.0549 1 542 61 573
D40 0.0520 0 615 225 714
D40 0.0485 0 535 85 582
D40 0.0427 79 615 304 716
D40 0.0424 8 656 159 714
D40 0.0412 47 650 253 717
D40 0.0350 146 644 326 717
D40 0.0348 0 505 177 597
D40 0.0339 6 544 258 690
D40 0.0307 3 531 96 616
D40 0.0302 0 482 207 564
D40 0.0298 5 523 141 579
D40 0.0296 5 617 104 709
D40 0.0287 0 560 133 712
D40 0.0283 22 634 182 702
D40 0.0283 3 533 71 564
D40 0.0280 686 543 720 589
D40 0.0271 141 663 253 719
D40 0.0271 105 484 201 529
D40 0.0256 123 632 267 704
D40 0.0254 0 542 172 653
D40 0.0251 3 541 47 593
D40 0.0246 469 584 704 711
D40 0.0243 8 499 145 556
D40 0.0237 190 601 326 713
D40 0.0232 0 460 234 536
D40 0.0229 401 524 690 700
D40 0.0228 277 654 418 713
D40 0.0228 205 653 355 712
D40 0.0227 0 476 110 578
D40 0.0221 118 496 189 523
D40 0.0211 112 496 209 541
D40 0.0207 97 541 308 703
D40 0.0207 119 485 187 516
D40 0.0202 2 500 68 605
D40 0.0200 278 612 374 708
D40 0.0199 517 496 720 601
D40 0.0197 0 466 318 678
D40 0.0195 4 569 98 663
D40 0.0194 191 629 265 714
D40 0.0193 0 528 44 569
D40 0.0187 79 474 187 521
D40 0.0185 533 642 700 720
D40 0.0183 681 521 720 614
D40 0.0180 0 663 95 719
D40 0.0177 105 463 203 515
D40 0.0175 184 663 296 717
D40 0.0174 656 483 713 614
D40 0.0174 93 625 206 707
D40 0.0174 628 502 707 595
D40 0.0172 0 553 66 600
D40 0.0170 594 467 720 626
D40 0.0169 673 536 716 578
D40 0.0169 0 513 103 560
D40 0.0164 8 501 245 631
D40 0.0161 53 600 244 691
D40 0.0160 541 517 625 565
D40 0.0160 196 639 308 702
D40 0.0154 339 639 444 716
D40 0.0153 106 655 221 714
D40 0.0153 7 561 137 626
D40 0.0152 98 509 207 554
D40 0.0152 49 523 162 565
D40 0.0150 126 508 198 535
D40 0.0149 20 528 117 563
D40 0.0149 16 543 169 601
D40 0.0148 13 606 145 678
D40 0.0148 10 474 147 535
D40 0.0147 525 482 720 708
D40 0.0146 550 519 689 577
D40 0.0146 60 666 173 716
D40 0.0144 48 515 230 580
D40 0.0142 0 589 80 688
D40 0.0141 557 528 614 559
D40 0.0141 177 657 254 706
D40 0.0138 636 437 699 565
D40 0.0136 553 498 687 559
D40 0.0135 15 542 96 570
D40 0.0134 641 529 720 586
D40 0.0134 72 675 225 720
D40 0.0134 567 519 625 550
D40 0.0132 617 640 710 720
D40 0.0131 8 460 95 546
D40 0.0131 69 488 180 555
D40 0.0130 246 628 329 708
D40 0.0126 166 595 266 694
D40 0.0126 112 473 176 507
D40 0.0126 37 518 127 552
D40 0.0125 500 509 653 585
D40 0.0125 25 678 146 720
D40 0.0124 136 492 221 528
D40 0.0124 495 597 648 692
D40 0.0124 646 544 718 644
D40 0.0124 10 583 140 649
D40 0.0123 305 676 427 720
D40 0.0122 27 505 109 598
D40 0.0122 612 531 716 664
D40 0.0120 0 635 58 720
D40 0.0119 2 581 78 625
D40 0.0118 582 616 718 715
D40 0.0117 601 482 695 571
D40 0.0117 222 603 346 681
D40 0.0117 24 577 215 662
D40 0.0116 685 524 720 571
D40 0.0116 52 463 166 513
D40 0.0116 6 522 71 550
D40 0.0114 698 545 720 609
D40 0.0114 202 678 324 720
D40 0.0114 3 567 54 614
D40 0.0113 563 526 710 616
D40 0.0113 139 471 238 519
D40 0.0112 0 682 71 720
D40 0.0112 46 598 151 717
D40 0.0112 686 564 720 614
D40 0.0111 543 484 636 568
D40 0.0110 627 687 694 716
D40 0.0110 2 668 52 715
D40 0.0109 50 538 233 607
D40 0.0109 481 474 686 579
D40 0.0108 503 539 703 662
D40 0.0108 230 659 321 702
D40 0.0107 203 605 279 691
D40 0.0107 57 532 132 558
D40 0.0107 136 574 300 668
D40 0.0106 27 469 183 677
D40 0.0106 206 646 252 694
D40 0.0104 90 533 301 626
D40 0.0104 139 516 227 549
D40 0.0104 74 493 169 525
D40 0.0102 3 591 54 634
D40 0.0102 88 509 293 591
D40 0.0101 7 521 61 579
D40 0.0101 596 676 703 720
D40 0.0100 253 562 347 624
D40 0.0100 85 504 178 538
