D00 0.0925 175 612 301 717
D00 0.0913 429 590 458 659
D00 0.0865 179 662 269 719
D00 0.0737 200 631 281 711
D00 0.0723 420 574 464 669
D00 0.0704 192 684 252 718
D00 0.0662 244 580 288 629
D00 0.0656 418 583 450 651
D00 0.0647 195 579 352 709
D00 0.0642 202 668 257 714
D00 0.0615 115 646 292 720
D00 0.0607 380 579 493 702
D00 0.0550 232 574 296 644
D00 0.0505 396 565 451 662
D00 0.0486 217 593 294 703
D00 0.0470 233 635 285 701
D00 0.0463 323 663 433 720
D00 0.0436 352 617 525 706
D00 0.0412 405 582 440 649
D00 0.0404 225 578 321 669
D00 0.0382 210 658 270 705
D00 0.0375 375 668 424 716
D00 0.0374 367 655 447 720
D00 0.0369 197 651 346 713
D00 0.0352 393 595 566 689
D00 0.0350 383 599 452 711
D00 0.0346 395 573 428 637
D00 0.0343 410 596 476 682
D00 0.0339 235 609 314 692
D00 0.0329 242 598 286 644
D00 0.0311 337 561 464 717
D00 0.0302 436 599 468 668
D00 0.0302 182 586 304 652
D00 0.0300 116 605 296 689
D00 0.0299 216 631 380 699
D00 0.0298 0 641 65 718
D00 0.0287 325 630 466 702
D00 0.0278 510 611 712 711
D00 0.0273 423 580 460 631
D00 0.0268 131 676 253 720
D00 0.0265 420 604 462 643
D00 0.0263 201 568 314 634
D00 0.0259 221 607 374 676
D00 0.0259 256 579 306 626
D00 0.0259 373 686 441 718
D00 0.0255 241 588 405 696
D00 0.0254 239 575 291 609
D00 0.0253 237 604 292 667
D00 0.0253 168 555 317 679
D00 0.0252 409 594 454 631
D00 0.0250 425 585 499 667
D00 0.0246 169 675 242 713
D00 0.0246 204 590 288 636
D00 0.0244 346 685 416 718
D00 0.0239 401 597 461 650
D00 0.0238 247 592 314 653
D00 0.0238 222 649 275 691
D00 0.0234 0 608 116 716
D00 0.0234 49 627 264 710
D00 0.0231 156 632 248 719
D00 0.0231 398 561 515 673
D00 0.0230 361 577 471 663
D00 0.0230 240 625 298 719
D00 0.0228 449 597 674 692
D00 0.0224 251 565 328 643
D00 0.0223 609 242 707 425
D00 0.0221 358 629 425 720
D00 0.0221 241 653 415 712
D00 0.0220 255 612 334 678
D00 0.0219 401 569 440 618
D00 0.0218 179 696 244 720
D00 0.0218 585 615 658 659
D00 0.0216 386 636 485 717
D00 0.0211 579 627 695 700
D00 0.0211 305 646 390 720
D00 0.0208 386 557 437 642
D00 0.0207 555 611 679 673
D00 0.0206 329 602 462 682
D00 0.0206 248 617 279 685
D00 0.0206 246 571 318 615
D00 0.0206 0 663 104 717
D00 0.0204 275 632 338 659
D00 0.0204 1 650 35 711
D00 0.0202 429 632 656 720
D00 0.0201 191 664 233 717
D00 0.0199 595 625 669 668
D00 0.0198 282 573 333 666
D00 0.0198 96 437 141 542
D00 0.0196 392 587 433 672
D00 0.0195 188 620 284 682
D00 0.0195 287 616 327 657
D00 0.0195 243 626 324 666
D00 0.0190 400 599 445 683
D00 0.0187 385 572 417 635
D00 0.0187 292 620 414 704
D00 0.0186 629 276 694 409
D00 0.0185 525 629 662 697
D00 0.0184 388 579 452 628
D00 0.0184 408 624 555 720
D00 0.0183 333 674 406 712
D00 0.0180 418 608 450 675
D00 0.0179 214 585 281 621
D00 0.0177 0 597 53 703
D00 0.0176 215 577 283 662
D00 0.0175 153 687 231 718
D00 0.0175 0 680 70 720
D00 0.0174 263 622 325 651
D00 0.0173 209 685 276 717
D00 0.0172 409 562 473 645
D00 0.0172 419 590 486 638
D00 0.0167 183 665 249 700
D00 0.0167 295 593 324 655
D00 0.0166 353 655 406 719
D00 0.0165 204 697 267 720
D00 0.0165 425 619 463 669
D00 0.0164 316 660 403 705
D00 0.0164 496 611 641 674
D00 0.0164 253 628 290 690
D00 0.0160 431 562 605 686
D00 0.0159 555 650 681 717
D00 0.0158 584 610 641 643
D00 0.0157 386 633 432 717
D00 0.0157 436 577 468 642
D00 0.0155 0 563 135 688
D00 0.0155 240 651 298 688
D00 0.0154 680 0 720 107
D00 0.0154 470 653 622 712
D00 0.0153 214 660 295 720
D00 0.0153 459 549 714 720
D00 0.0151 234 614 280 654
D00 0.0151 553 54 720 437
D00 0.0151 420 609 486 659
D00 0.0150 600 649 715 718
D00 0.0149 447 650 531 720
D00 0.0149 185 646 267 695
D00 0.0149 114 454 142 526
D00 0.0149 20 656 183 715
D00 0.0148 391 563 431 603
D00 0.0148 177 584 262 686
D00 0.0148 237 665 283 710
D00 0.0148 211 608 281 638
D00 0.0147 334 586 418 701
D00 0.0147 427 619 511 691
D00 0.0147 262 578 376 667
D00 0.0146 619 277 672 384
D00 0.0145 357 664 423 700
D00 0.0145 565 586 678 720
D00 0.0144 584 602 720 683
D00 0.0144 234 626 278 669
D00 0.0143 0 458 36 541
D00 0.0142 242 640 302 676
D00 0.0141 282 593 316 654
D00 0.0141 508 586 674 662
D00 0.0140 251 608 349 720
D00 0.0137 132 544 277 709
D00 0.0136 409 616 456 653
D00 0.0136 607 635 680 676
D00 0.0135 283 618 316 672
D00 0.0135 280 631 364 708
D00 0.0134 560 602 648 653
D00 0.0134 323 686 393 718
D00 0.0134 120 656 212 720
D00 0.0133 0 674 49 710
D00 0.0133 689 27 717 98
D00 0.0133 469 621 584 696
D00 0.0133 520 187 696 496
D00 0.0131 144 659 239 705
D00 0.0131 77 577 234 720
D00 0.0131 357 697 422 720
D00 0.0130 203 531 347 658
D00 0.0130 447 578 558 670
D00 0.0130 251 563 296 603
D00 0.0129 433 613 476 692
D00 0.0129 10 658 60 705
D00 0.0129 169 567 276 643
D00 0.0129 663 630 719 720
D00 0.0129 260 627 309 702
D00 0.0127 1 627 34 694
D00 0.0126 18 620 79 717
D00 0.0126 641 276 720 439
D00 0.0126 108 683 199 720
D00 0.0125 391 669 445 716
D00 0.0124 280 572 315 635
D00 0.0124 285 621 348 669
D00 0.0123 24 683 118 720
D00 0.0123 4 646 48 695
D00 0.0123 105 445 133 515
D00 0.0122 216 554 291 624
D00 0.0121 320 667 371 714
D00 0.0121 105 413 148 524
D00 0.0121 444 593 480 659
D00 0.0119 211 577 279 607
D00 0.0119 226 585 266 640
D00 0.0117 221 600 273 676
D00 0.0117 492 577 547 604
D00 0.0117 415 567 544 632
D00 0.0117 98 645 185 718
D00 0.0117 592 193 699 383
D00 0.0116 12 676 83 709
D00 0.0116 226 675 376 720
D00 0.0115 403 625 462 687
D00 0.0115 405 574 454 605
D00 0.0115 176 582 271 623
D00 0.0114 181 672 220 720
D00 0.0114 236 631 292 657
D00 0.0114 265 607 305 664
D00 0.0114 436 633 500 720
D00 0.0114 375 552 563 720
D00 0.0114 622 610 699 711
D00 0.0113 635 225 720 384
D00 0.0113 264 565 326 594
D00 0.0113 264 640 327 672
D00 0.0111 62 678 175 720
D00 0.0111 375 584 432 619
D00 0.0110 411 553 450 631
D00 0.0110 144 588 260 639
D00 0.0110 24 596 172 694
D00 0.0109 457 674 565 720
D00 0.0109 345 661 384 718
D00 0.0108 200 641 241 709
D00 0.0108 100 583 257 673
D00 0.0108 236 566 293 592
D00 0.0108 492 650 574 720
D00 0.0108 0 590 64 660
D00 0.0108 383 643 418 707
D00 0.0107 247 561 282 616
D00 0.0107 295 571 325 635
D00 0.0107 279 564 335 620
D00 0.0107 474 589 612 656
D00 0.0107 638 0 720 186
D00 0.0107 330 638 378 713
D00 0.0106 262 608 321 642
D00 0.0106 374 573 430 608
D00 0.0105 211 639 274 674
D00 0.0105 186 545 325 618
D00 0.0105 443 610 538 681
D00 0.0105 10 615 42 684
D00 0.0103 2 491 32 549
D00 0.0103 392 688 467 718
D00 0.0103 302 608 332 662
D00 0.0103 584 597 657 694
D00 0.0103 611 621 671 655
D00 0.0102 292 681 378 720
D00 0.0102 511 572 636 715
D00 0.0102 601 571 716 720
D00 0.0101 381 603 422 686
D00 0.0101 605 627 668 720
D00 0.0101 362 570 420 669
D00 0.0100 637 305 678 393
D10 0.0520 403 622 596 698
D10 0.0478 454 646 572 689
D10 0.0311 165 614 285 660
D10 0.0290 436 649 530 684
D10 0.0273 469 655 559 678
D10 0.0252 0 585 163 651
D10 0.0241 271 624 394 669
D10 0.0236 345 633 457 690
D10 0.0231 0 563 160 630
D10 0.0229 385 652 533 712
D10 0.0224 429 642 616 716
D10 0.0219 380 644 443 670
D10 0.0219 402 641 511 697
D10 0.0217 153 619 252 652
D10 0.0206 465 632 623 693
D10 0.0200 290 633 370 657
D10 0.0199 369 642 473 702
D10 0.0198 180 623 266 647
D10 0.0194 241 615 322 655
D10 0.0192 381 637 462 677
D10 0.0184 265 627 349 662
D10 0.0180 378 654 442 682
D10 0.0176 147 623 257 674
D10 0.0176 307 623 433 674
D10 0.0174 77 589 282 655
D10 0.0169 0 591 107 636
D10 0.0169 332 645 440 706
D10 0.0167 143 602 263 648
D10 0.0164 250 631 318 660
D10 0.0158 285 623 350 653
D10 0.0157 185 605 285 644
D10 0.0155 493 646 565 676
D10 0.0154 48 607 260 682
D10 0.0154 359 616 468 676
D10 0.0153 435 644 502 674
D10 0.0152 383 631 443 661
D10 0.0152 423 654 491 680
D10 0.0148 285 634 401 686
D10 0.0147 38 593 208 642
D10 0.0145 236 620 293 645
D10 0.0145 502 655 575 681
D10 0.0143 414 643 473 672
D10 0.0143 3 599 73 626
D10 0.0142 488 651 588 706
D10 0.0138 448 657 536 698
D10 0.0138 442 621 562 678
D10 0.0136 340 644 417 669
D10 0.0135 2 664 57 699
D10 0.0134 107 614 229 659
D10 0.0134 355 633 425 660
D10 0.0133 329 633 406 658
D10 0.0131 182 631 263 656
D10 0.0130 1 606 118 677
D10 0.0126 172 612 252 640
D10 0.0125 40 573 200 623
D10 0.0123 377 664 440 699
D10 0.0120 406 629 459 662
D10 0.0120 4 659 91 704
D10 0.0116 290 611 418 662
D10 0.0115 37 595 131 629
D10 0.0112 0 604 80 642
D10 0.0111 20 600 125 647
D10 0.0110 323 651 415 693
D10 0.0110 22 600 102 625
D10 0.0108 305 623 379 652
D10 0.0107 307 643 382 668
D10 0.0105 277 636 365 673
D10 0.0105 397 616 450 653
D10 0.0103 387 606 443 640
D10 0.0103 95 573 257 625
D10 0.0100 2 653 55 687
D10 0.0100 138 622 218 647
D20 0.1383 145 589 526 715
D20 0.0758 66 604 376 711
D20 0.0719 303 594 606 707
D20 0.0616 218 575 474 684
D20 0.0557 62 639 300 720
D20 0.0532 164 628 387 720
D20 0.0515 227 633 472 720
D20 0.0512 233 544 679 704
D20 0.0476 50 504 615 691
D20 0.0475 0 547 438 708
D20 0.0394 323 627 551 720
D20 0.0357 383 571 580 685
D20 0.0335 297 607 456 711
D20 0.0332 126 580 317 684
D20 0.0323 334 572 460 692
D20 0.0303 0 617 228 714
D20 0.0296 321 654 468 713
D20 0.0287 176 564 395 702
D20 0.0260 366 581 464 647
D20 0.0254 246 565 443 646
D20 0.0232 90 561 310 651
D20 0.0226 176 578 296 632
D20 0.0214 7 553 272 681
D20 0.0213 0 198 669 710
D20 0.0206 320 469 720 689
D20 0.0205 0 644 143 720
D20 0.0196 404 550 674 677
D20 0.0188 0 0 489 353
D20 0.0187 21 18 720 530
D20 0.0183 201 0 720 353
D20 0.0182 0 374 489 720
D20 0.0175 533 192 720 539
D20 0.0174 200 374 720 720
D20 0.0174 0 142 348 720
D20 0.0172 374 610 695 720
D20 0.0167 367 663 486 720
D20 0.0167 375 142 720 720
D20 0.0155 376 599 468 667
D20 0.0149 262 664 440 720
D20 0.0148 0 439 40 541
D20 0.0147 499 490 720 720
D20 0.0144 546 0 720 280
D20 0.0143 248 589 411 720
D20 0.0137 289 578 409 669
D20 0.0134 337 574 447 632
D20 0.0134 0 516 116 677
D20 0.0132 0 455 168 561
D20 0.0131 477 306 720 597
D20 0.0130 467 0 720 389
D20 0.0130 155 570 265 616
D20 0.0128 203 544 403 636
D20 0.0121 0 475 359 667
D20 0.0120 457 0 720 173
D20 0.0116 0 0 175 264
D20 0.0115 352 581 433 663
D20 0.0114 89 532 302 621
D20 0.0111 33 666 221 720
D20 0.0110 93 499 333 720
D20 0.0110 0 453 183 720
D20 0.0110 400 651 605 720
D20 0.0109 0 640 78 704
D20 0.0109 444 361 707 720
D20 0.0109 632 0 720 139
D20 0.0106 564 238 720 435
D20 0.0104 248 574 355 633
D20 0.0102 0 590 136 701
D20 0.0101 150 475 463 720
D20 0.0101 0 675 122 720
D20 0.0100 354 0 634 482
D20 0.0100 0 631 35 720
D40 0.0239 0 570 122 622
D40 0.0220 0 552 176 639
D40 0.0188 0 517 153 619
D40 0.0170 0 598 58 627
D40 0.0169 0 484 134 568
D40 0.0169 2 541 120 605
D40 0.0167 4 582 102 656
D40 0.0146 3 514 120 582
D40 0.0141 0 588 58 617
D40 0.0135 380 662 499 720
D40 0.0135 7 496 113 542
D40 0.0132 42 506 105 538
D40 0.0130 2 468 32 534
D40 0.0128 0 589 77 638
D40 0.0121 292 644 400 703
D40 0.0120 14 549 90 644
D40 0.0119 2 602 48 644
D40 0.0117 0 495 192 590
D40 0.0112 41 563 152 629
D40 0.0100 0 499 36 544
