D00 0.0906 458 589 508 694
D00 0.0699 576 571 623 676
D00 0.0690 411 576 544 716
D00 0.0681 461 604 495 667
D00 0.0651 473 624 520 720
D00 0.0528 586 599 616 667
D00 0.0499 470 610 503 680
D00 0.0418 424 595 502 708
D00 0.0387 431 580 507 662
D00 0.0338 485 656 514 720
D00 0.0331 462 632 509 705
D00 0.0319 540 560 649 683
D00 0.0292 440 611 521 680
D00 0.0287 449 593 589 712
D00 0.0283 577 581 610 652
D00 0.0270 454 568 525 656
D00 0.0270 470 588 504 652
D00 0.0260 519 577 673 716
D00 0.0248 238 629 291 720
D00 0.0247 584 573 617 639
D00 0.0237 480 623 512 692
D00 0.0237 582 611 621 691
D00 0.0236 567 556 635 634
D00 0.0234 437 648 515 720
D00 0.0230 667 633 720 720
D00 0.0219 542 580 620 665
D00 0.0215 3 660 50 720
D00 0.0215 382 616 511 720
D00 0.0213 463 670 517 720
D00 0.0210 567 591 629 709
D00 0.0209 575 565 720 707
D00 0.0203 468 616 545 701
D00 0.0194 474 542 636 704
D00 0.0190 476 601 513 669
D00 0.0190 452 588 489 652
D00 0.0184 480 578 563 696
D00 0.0182 359 550 507 709
D00 0.0180 481 672 536 720
D00 0.0180 450 553 548 680
D00 0.0179 536 538 578 578
D00 0.0176 394 628 449 720
D00 0.0175 388 582 441 687
D00 0.0170 200 605 317 717
D00 0.0169 581 593 660 672
D00 0.0168 687 648 718 711
D00 0.0165 569 547 693 663
D00 0.0163 125 546 290 690
D00 0.0163 524 525 665 658
D00 0.0162 395 499 427 546
D00 0.0162 406 532 511 666
D00 0.0158 463 576 496 646
D00 0.0158 75 507 227 700
D00 0.0158 102 652 174 720
D00 0.0155 624 600 720 713
D00 0.0154 558 619 681 720
D00 0.0154 203 651 282 720
D00 0.0154 525 553 589 580
D00 0.0153 336 598 475 711
D00 0.0152 531 610 624 703
D00 0.0150 578 617 621 656
D00 0.0149 666 596 717 696
D00 0.0149 576 584 627 614
D00 0.0146 248 647 281 715
D00 0.0145 253 616 294 702
D00 0.0145 591 582 627 650
D00 0.0145 480 639 560 720
D00 0.0144 594 581 678 696
D00 0.0144 91 608 298 717
D00 0.0143 5 351 225 693
D00 0.0143 575 564 611 626
D00 0.0143 510 578 594 695
D00 0.0140 385 504 441 554
D00 0.0137 541 544 621 618
D00 0.0137 9 382 92 533
D00 0.0136 575 571 646 614
D00 0.0134 241 624 361 720
D00 0.0134 644 545 720 693
D00 0.0133 234 671 293 720
D00 0.0131 623 564 701 682
D00 0.0130 123 427 360 720
D00 0.0130 393 616 432 699
D00 0.0130 170 476 312 674
D00 0.0129 556 612 643 675
D00 0.0129 39 410 178 636
D00 0.0127 513 512 720 703
D00 0.0126 596 651 720 715
D00 0.0126 401 605 467 705
D00 0.0126 245 650 324 720
D00 0.0125 684 619 720 697
D00 0.0125 8 685 64 719
D00 0.0125 558 579 625 623
D00 0.0124 0 271 142 570
D00 0.0124 537 542 599 592
D00 0.0124 482 603 530 687
D00 0.0124 505 540 586 577
D00 0.0123 90 680 167 720
D00 0.0123 14 654 144 715
D00 0.0123 0 632 38 714
D00 0.0123 435 506 590 687
D00 0.0122 577 605 621 641
D00 0.0122 577 594 624 626
D00 0.0121 544 528 590 568
D00 0.0121 2 319 47 441
D00 0.0120 5 447 138 676
D00 0.0119 581 626 639 720
D00 0.0119 558 598 620 650
D00 0.0118 216 524 361 707
D00 0.0118 471 698 529 720
D00 0.0117 195 566 315 681
D00 0.0116 578 559 624 604
D00 0.0116 483 638 655 720
D00 0.0116 673 648 715 691
D00 0.0115 222 687 284 719
D00 0.0115 408 676 522 720
D00 0.0115 116 667 162 716
D00 0.0114 357 462 595 720
D00 0.0114 225 588 293 704
D00 0.0113 240 608 310 691
D00 0.0113 566 575 621 606
D00 0.0112 35 541 182 720
D00 0.0112 446 687 510 720
D00 0.0112 471 677 580 720
D00 0.0111 591 566 628 623
D00 0.0111 488 689 555 720
D00 0.0111 627 676 720 720
D00 0.0111 264 535 416 708
D00 0.0110 104 581 235 700
D00 0.0110 553 639 627 718
D00 0.0110 491 636 524 706
D00 0.0110 66 644 229 720
D00 0.0108 372 663 483 719
D00 0.0107 573 535 646 609
D00 0.0107 120 653 264 716
D00 0.0106 546 552 613 581
D00 0.0106 577 588 646 634
D00 0.0106 0 385 34 476
D00 0.0105 552 538 603 577
D00 0.0105 583 629 635 664
D00 0.0105 172 628 299 703
D00 0.0105 671 681 715 720
D00 0.0104 524 517 594 579
D00 0.0104 268 603 334 715
D00 0.0104 65 606 183 714
D00 0.0103 393 684 479 720
D00 0.0103 2 604 66 715
D00 0.0103 570 626 616 705
D00 0.0102 363 641 440 718
D00 0.0102 305 595 356 688
D00 0.0102 655 656 720 701
D00 0.0102 164 678 280 720
D00 0.0102 309 625 444 720
D00 0.0100 314 501 460 685
D00 0.0100 405 636 436 703
D10 0.0174 364 534 470 579
D10 0.0154 382 544 449 569
D10 0.0129 665 653 717 684
D10 0.0128 630 641 720 700
D10 0.0103 426 657 507 701
D20 0.0649 262 574 612 712
D20 0.0607 126 490 669 693
D20 0.0586 331 580 532 698
D20 0.0519 405 582 668 707
D20 0.0432 75 560 560 720
D20 0.0405 415 557 630 666
D20 0.0331 379 530 539 666
D20 0.0261 44 435 440 706
D20 0.0251 340 624 604 720
D20 0.0241 544 600 720 712
D20 0.0241 105 588 401 710
D20 0.0239 489 564 692 683
D20 0.0226 234 569 457 715
D20 0.0203 40 356 646 674
D20 0.0190 385 439 720 713
D20 0.0185 435 546 561 692
D20 0.0180 246 557 481 649
D20 0.0176 201 628 496 720
D20 0.0174 0 314 80 516
D20 0.0174 0 0 489 353
D20 0.0171 201 0 720 353
D20 0.0167 0 546 291 720
D20 0.0164 235 429 560 720
D20 0.0159 0 142 348 720
D20 0.0154 375 142 720 720
D20 0.0152 453 623 677 720
D20 0.0151 21 18 720 530
D20 0.0146 103 631 318 720
D20 0.0135 0 174 720 720
D20 0.0131 2 387 102 557
D20 0.0130 0 436 180 720
D20 0.0129 4 644 159 720
D20 0.0123 398 663 518 719
D20 0.0123 0 374 39 483
D20 0.0122 3 397 68 522
D20 0.0121 4 327 63 461
D20 0.0121 0 0 175 268
D20 0.0120 1 309 47 420
D20 0.0120 0 249 79 440
D20 0.0120 0 238 163 597
D20 0.0117 412 511 588 631
D20 0.0113 546 0 720 264
D20 0.0110 0 0 86 130
D20 0.0105 269 597 449 684
D20 0.0104 0 370 289 630
D20 0.0103 176 573 388 679
D20 0.0101 0 424 44 522
D20 0.0100 471 525 720 720
D20 0.0100 245 583 424 660
D40 0.0982 406 606 505 664
D40 0.0848 458 609 497 661
D40 0.0833 394 566 532 704
D40 0.0833 435 589 520 688
D40 0.0695 337 584 611 706
D40 0.0630 426 618 498 653
D40 0.0588 419 575 585 671
D40 0.0578 332 553 531 661
D40 0.0556 115 504 302 598
D40 0.0467 420 621 506 687
D40 0.0460 409 559 514 654
D40 0.0430 456 586 561 645
D40 0.0424 0 508 360 704
D40 0.0392 444 601 505 652
D40 0.0386 363 583 501 656
D40 0.0376 44 541 283 684
D40 0.0374 142 521 282 583
D40 0.0365 457 631 500 680
D40 0.0364 424 610 579 708
D40 0.0364 113 542 499 697
D40 0.0344 146 485 343 574
D40 0.0340 366 539 520 620
D40 0.0334 450 590 627 687
D40 0.0326 80 495 416 647
D40 0.0325 47 499 281 634
D40 0.0321 431 564 569 637
D40 0.0321 462 593 522 659
D40 0.0309 390 545 496 590
D40 0.0307 392 542 478 574
D40 0.0304 196 521 301 570
D40 0.0300 349 613 515 707
D40 0.0297 414 629 495 660
D40 0.0295 459 592 500 642
D40 0.0291 350 574 448 630
D40 0.0289 380 538 580 646
D40 0.0289 126 539 264 603
D40 0.0287 383 508 444 537
D40 0.0281 397 553 470 579
D40 0.0280 163 500 300 564
D40 0.0277 242 487 304 514
D40 0.0273 19 426 398 624
D40 0.0271 453 604 560 668
D40 0.0270 461 569 535 684
D40 0.0266 377 500 474 545
D40 0.0259 450 620 510 669
D40 0.0256 382 522 685 714
D40 0.0255 455 558 626 648
D40 0.0253 6 587 245 709
D40 0.0251 226 506 639 685
D40 0.0249 229 531 296 560
D40 0.0248 211 477 308 522
D40 0.0247 467 597 526 630
D40 0.0246 11 452 235 678
D40 0.0241 363 519 520 586
D40 0.0236 104 549 254 637
D40 0.0234 369 576 430 606
D40 0.0234 372 555 475 607
D40 0.0228 392 595 472 677
D40 0.0228 184 513 355 582
D40 0.0228 411 546 546 605
D40 0.0226 376 578 423 623
D40 0.0226 485 607 607 663
D40 0.0225 295 562 479 637
D40 0.0224 458 549 570 593
D40 0.0223 125 526 287 657
D40 0.0212 220 511 321 561
D40 0.0211 418 550 512 584
D40 0.0209 437 607 483 662
D40 0.0208 382 581 441 644
D40 0.0206 468 576 529 640
D40 0.0205 46 457 284 580
D40 0.0203 194 516 486 633
D40 0.0201 483 584 605 643
D40 0.0199 406 647 517 715
D40 0.0199 434 545 611 617
D40 0.0193 168 471 330 545
D40 0.0192 391 499 453 531
D40 0.0191 164 531 325 606
D40 0.0190 427 639 498 672
D40 0.0188 406 612 461 657
D40 0.0188 384 522 485 568
D40 0.0187 230 495 297 521
D40 0.0186 401 609 480 641
D40 0.0185 211 496 305 551
D40 0.0183 480 613 652 705
D40 0.0183 291 542 476 610
D40 0.0182 362 497 520 560
D40 0.0181 398 601 445 647
D40 0.0180 471 606 540 639
D40 0.0180 482 597 554 628
D40 0.0180 337 579 477 696
D40 0.0179 242 476 346 520
D40 0.0174 241 522 303 553
D40 0.0173 575 620 616 669
D40 0.0173 515 616 630 674
D40 0.0173 487 555 561 580
D40 0.0172 425 546 504 570
D40 0.0169 390 517 454 547
D40 0.0167 477 587 542 620
D40 0.0167 141 561 274 624
D40 0.0167 392 591 487 638
D40 0.0167 37 501 183 700
D40 0.0167 464 617 520 651
D40 0.0166 472 570 552 613
D40 0.0163 163 537 245 580
D40 0.0163 477 587 515 649
D40 0.0162 206 494 384 562
D40 0.0162 380 565 444 594
D40 0.0162 348 494 456 538
D40 0.0160 514 592 624 657
D40 0.0160 333 524 472 577
D40 0.0160 468 538 578 579
D40 0.0160 424 514 663 641
D40 0.0159 122 448 452 590
D40 0.0157 373 550 457 584
D40 0.0156 397 532 467 561
D40 0.0156 539 524 635 571
D40 0.0155 473 630 589 686
D40 0.0155 243 491 322 524
D40 0.0155 263 513 495 594
D40 0.0153 530 531 702 636
D40 0.0153 81 422 317 720
D40 0.0153 440 644 506 690
D40 0.0151 405 525 550 574
D40 0.0149 497 592 567 652
D40 0.0147 598 533 697 580
D40 0.0146 386 530 492 660
D40 0.0146 138 492 251 573
D40 0.0145 485 626 578 667
D40 0.0145 133 438 331 533
D40 0.0145 387 562 453 623
D40 0.0144 478 564 548 590
D40 0.0143 371 500 434 530
D40 0.0142 371 595 431 628
D40 0.0141 460 552 543 623
D40 0.0141 338 573 425 612
D40 0.0140 502 550 587 583
D40 0.0138 398 562 468 592
D40 0.0138 312 586 456 650
D40 0.0138 0 590 130 720
D40 0.0138 391 597 458 630
D40 0.0136 573 575 668 631
D40 0.0136 450 555 529 580
D40 0.0135 486 580 573 625
D40 0.0135 537 545 653 603
D40 0.0135 370 559 428 642
D40 0.0134 7 618 99 710
D40 0.0133 544 518 691 587
D40 0.0133 220 528 324 576
D40 0.0133 351 507 459 554
D40 0.0133 176 540 276 590
D40 0.0133 438 543 538 574
D40 0.0132 447 560 533 597
D40 0.0132 546 543 612 572
D40 0.0132 51 396 367 552
D40 0.0132 2 321 34 380
D40 0.0131 79 572 227 661
D40 0.0130 0 654 119 716
D40 0.0129 0 327 480 720
D40 0.0128 168 506 256 598
D40 0.0127 19 420 86 538
D40 0.0127 232 507 294 538
D40 0.0127 547 533 612 562
D40 0.0126 393 489 504 534
D40 0.0125 387 575 454 603
D40 0.0125 466 629 519 662
D40 0.0123 0 331 262 617
D40 0.0123 398 635 487 679
D40 0.0122 125 584 258 648
D40 0.0121 183 551 248 581
D40 0.0121 541 610 618 661
D40 0.0120 522 534 621 582
D40 0.0120 227 516 285 556
D40 0.0118 403 508 477 537
D40 0.0118 284 498 468 561
D40 0.0118 487 545 560 572
D40 0.0117 322 517 560 720
D40 0.0116 142 546 235 587
D40 0.0116 462 586 517 617
D40 0.0115 215 540 287 570
D40 0.0115 373 635 476 718
D40 0.0114 480 611 531 658
D40 0.0114 193 541 263 574
D40 0.0114 391 572 426 633
D40 0.0114 333 475 398 500
D40 0.0114 0 304 47 391
D40 0.0114 421 551 489 610
D40 0.0113 255 474 313 509
D40 0.0112 4 406 103 580
D40 0.0112 350 563 433 601
D40 0.0112 340 476 503 539
D40 0.0112 434 524 612 587
D40 0.0111 488 554 597 602
D40 0.0111 0 560 171 685
D40 0.0111 227 482 286 517
D40 0.0110 56 551 208 640
D40 0.0110 566 533 632 560
D40 0.0110 20 621 175 710
D40 0.0109 237 456 312 519
D40 0.0109 270 487 341 513
D40 0.0109 420 562 490 591
D40 0.0108 560 534 659 584
D40 0.0108 359 509 427 537
D40 0.0108 389 538 435 573
D40 0.0108 395 591 427 657
D40 0.0108 574 525 676 570
D40 0.0107 168 554 327 634
D40 0.0107 201 492 295 528
D40 0.0107 11 329 41 396
D40 0.0107 461 652 507 682
D40 0.0107 548 517 629 551
D40 0.0106 556 624 644 684
D40 0.0106 103 529 204 617
D40 0.0106 182 475 289 587
D40 0.0105 175 527 261 570
D40 0.0105 567 542 631 569
D40 0.0105 376 481 475 528
D40 0.0105 92 510 215 677
D40 0.0105 454 526 564 565
D40 0.0105 587 586 653 615
D40 0.0105 416 530 511 563
D40 0.0104 258 475 293 523
D40 0.0104 97 596 251 686
D40 0.0104 191 448 354 519
D40 0.0104 468 641 519 673
D40 0.0104 468 635 548 679
D40 0.0104 204 529 277 580
D40 0.0104 424 597 495 632
D40 0.0103 511 620 581 650
D40 0.0103 147 577 306 659
D40 0.0103 0 450 184 580
D40 0.0103 482 619 556 650
D40 0.0102 576 640 625 671
D40 0.0102 602 533 670 561
D40 0.0102 167 406 494 654
D40 0.0102 335 590 423 631
D40 0.0101 418 588 476 660
D40 0.0101 248 523 401 576
D40 0.0101 401 622 444 670
D40 0.0101 503 641 618 699
D40 0.0101 390 523 434 564
D40 0.0100 511 632 582 661
D40 0.0100 211 535 391 605
D40 0.0100 244 503 322 542
D40 0.0100 350 581 431 662
D40 0.0100 549 548 626 587
D40 0.0100 97 519 226 584
