D00 0.0424 564 583 594 642
D00 0.0353 379 521 496 624
D00 0.0338 332 555 499 629
D00 0.0329 555 565 603 653
D00 0.0323 392 471 430 510
D00 0.0299 415 550 501 633
D00 0.0259 355 544 560 640
D00 0.0250 392 574 489 627
D00 0.0249 424 562 484 619
D00 0.0244 420 529 488 610
D00 0.0242 422 523 536 626
D00 0.0237 407 495 510 647
D00 0.0235 334 496 458 613
D00 0.0234 357 572 513 650
D00 0.0234 573 573 604 636
D00 0.0227 399 477 438 518
D00 0.0226 446 519 486 600
D00 0.0209 554 591 586 650
D00 0.0209 413 576 476 607
D00 0.0208 554 596 605 631
D00 0.0205 422 555 538 664
D00 0.0200 520 561 630 671
D00 0.0199 371 475 427 505
D00 0.0195 424 579 484 640
D00 0.0195 436 571 512 647
D00 0.0189 396 479 425 538
D00 0.0187 380 478 420 519
D00 0.0186 562 573 635 649
D00 0.0181 547 589 612 667
D00 0.0179 522 575 599 647
D00 0.0178 571 689 629 718
D00 0.0177 440 517 474 578
D00 0.0176 395 544 485 667
D00 0.0176 448 532 502 623
D00 0.0175 384 480 493 595
D00 0.0174 443 557 486 604
D00 0.0172 446 512 486 556
D00 0.0171 0 586 135 719
D00 0.0167 448 534 605 656
D00 0.0166 450 518 501 575
D00 0.0166 384 467 436 495
D00 0.0166 332 483 376 521
D00 0.0163 549 580 592 628
D00 0.0162 400 475 461 504
D00 0.0161 251 474 316 498
D00 0.0161 439 539 473 602
D00 0.0160 403 519 514 589
D00 0.0159 455 551 549 637
D00 0.0158 21 525 202 692
D00 0.0158 554 561 674 675
D00 0.0158 350 483 402 584
D00 0.0158 337 485 392 539
D00 0.0154 323 527 422 616
D00 0.0153 460 528 491 588
D00 0.0153 0 633 217 720
D00 0.0152 441 529 490 559
D00 0.0152 387 462 433 553
D00 0.0150 362 505 558 610
D00 0.0147 432 585 493 616
D00 0.0145 374 471 423 570
D00 0.0145 577 564 620 641
D00 0.0145 328 482 381 581
D00 0.0144 0 627 56 720
D00 0.0144 581 546 720 686
D00 0.0143 403 550 469 610
D00 0.0142 355 481 396 521
D00 0.0142 501 689 564 718
D00 0.0142 425 500 488 571
D00 0.0141 349 478 380 528
D00 0.0140 561 606 615 639
D00 0.0138 440 543 565 606
D00 0.0137 559 608 598 655
D00 0.0137 544 606 597 639
D00 0.0137 153 689 211 718
D00 0.0137 391 591 491 651
D00 0.0137 326 496 384 526
D00 0.0136 460 690 520 720
D00 0.0136 360 475 415 525
D00 0.0135 546 690 614 718
D00 0.0134 347 526 447 643
D00 0.0134 436 572 473 628
D00 0.0134 0 484 265 711
D00 0.0134 88 594 247 715
D00 0.0133 440 540 490 570
D00 0.0133 457 562 517 620
D00 0.0132 368 482 408 561
D00 0.0131 349 492 381 552
D00 0.0131 306 483 392 618
D00 0.0130 306 564 448 654
D00 0.0130 453 569 498 612
D00 0.0130 317 486 374 538
D00 0.0128 338 492 370 552
D00 0.0128 482 570 576 658
D00 0.0128 615 321 708 510
D00 0.0127 451 522 524 594
D00 0.0127 560 569 599 616
D00 0.0127 416 563 475 598
D00 0.0127 343 472 385 509
D00 0.0126 361 492 392 553
D00 0.0126 384 491 414 553
D00 0.0125 0 564 77 710
D00 0.0125 573 599 604 661
D00 0.0124 113 543 174 572
D00 0.0123 430 546 497 592
D00 0.0122 379 504 418 587
D00 0.0122 437 503 478 544
D00 0.0121 404 459 436 506
D00 0.0121 388 462 453 518
D00 0.0120 472 562 527 655
D00 0.0120 522 690 592 718
D00 0.0120 9 654 151 715
D00 0.0120 338 502 392 566
D00 0.0119 6 614 100 708
D00 0.0118 397 471 445 571
D00 0.0117 352 516 426 595
D00 0.0117 458 531 518 558
D00 0.0117 379 560 457 655
D00 0.0117 489 564 610 632
D00 0.0117 412 595 476 627
D00 0.0117 247 514 368 626
D00 0.0117 336 595 496 675
D00 0.0116 133 574 293 698
D00 0.0116 54 605 196 710
D00 0.0116 391 491 428 576
D00 0.0116 537 602 654 708
D00 0.0116 666 570 716 675
D00 0.0116 0 596 44 694
D00 0.0115 538 583 582 656
D00 0.0115 409 581 464 619
D00 0.0115 75 656 216 713
D00 0.0114 563 585 614 621
D00 0.0114 544 548 613 626
D00 0.0114 347 496 405 525
D00 0.0114 152 533 213 562
D00 0.0113 327 479 359 527
D00 0.0112 629 559 699 676
D00 0.0112 0 205 38 316
D00 0.0112 119 686 205 720
D00 0.0111 407 491 435 553
D00 0.0111 360 464 473 568
D00 0.0111 429 527 463 592
D00 0.0110 428 480 537 583
D00 0.0110 0 525 123 669
D00 0.0110 430 562 585 696
D00 0.0110 349 469 445 513
D00 0.0109 372 513 403 579
D00 0.0109 581 673 621 714
D00 0.0109 300 552 399 629
D00 0.0109 123 552 183 580
D00 0.0109 370 540 459 614
D00 0.0108 582 590 616 651
D00 0.0108 327 493 359 552
D00 0.0108 131 528 177 567
D00 0.0108 579 577 651 690
D00 0.0107 384 495 435 524
D00 0.0107 294 494 358 611
D00 0.0107 448 552 502 584
D00 0.0107 536 564 654 633
D00 0.0107 395 481 469 517
D00 0.0106 426 575 493 685
D00 0.0106 429 506 463 565
D00 0.0106 8 572 97 665
D00 0.0106 107 647 269 718
D00 0.0106 591 690 656 718
D00 0.0106 600 602 719 707
D00 0.0105 464 536 509 577
D00 0.0105 460 507 492 561
D00 0.0105 399 486 470 560
D00 0.0105 372 468 404 515
D00 0.0105 509 591 598 679
D00 0.0104 456 578 499 654
D00 0.0104 244 464 304 503
D00 0.0103 58 482 247 645
D00 0.0103 385 459 416 505
D00 0.0103 551 681 649 720
D00 0.0103 361 513 392 578
D00 0.0103 408 497 461 596
D00 0.0103 345 596 457 650
D00 0.0103 108 564 230 677
D00 0.0103 357 466 416 492
D00 0.0103 220 540 345 642
D00 0.0103 313 477 376 503
D00 0.0102 103 631 232 698
D00 0.0102 383 506 437 606
D00 0.0102 481 517 574 638
D00 0.0101 319 515 394 594
D00 0.0101 335 465 393 490
D00 0.0101 495 546 576 615
D00 0.0101 474 680 504 720
D00 0.0100 388 584 462 637
D00 0.0100 0 156 70 315
D00 0.0100 323 502 364 584
D00 0.0100 349 472 437 548
D00 0.0100 224 496 339 610
D10 0.0353 309 556 490 628
D10 0.0339 368 577 483 624
D10 0.0234 285 578 475 647
D10 0.0227 386 588 466 614
D10 0.0207 282 567 433 624
D10 0.0198 345 588 462 636
D10 0.0191 401 576 471 607
D10 0.0164 309 541 450 610
D10 0.0154 256 590 409 643
D10 0.0142 345 564 468 616
D10 0.0135 332 595 427 630
D10 0.0123 354 589 430 615
D10 0.0122 189 582 383 651
D10 0.0122 375 597 453 624
D10 0.0107 284 466 353 489
D10 0.0107 238 567 381 626
D10 0.0103 298 596 391 631
D10 0.0103 311 599 425 648
D10 0.0100 404 564 468 598
D10 0.0100 273 476 342 499
D20 0.0484 80 482 510 654
D20 0.0394 292 521 507 624
D20 0.0378 52 548 571 720
D20 0.0342 204 531 541 671
D20 0.0321 149 505 439 628
D20 0.0273 256 498 578 635
D20 0.0271 42 532 386 686
D20 0.0240 279 486 436 619
D20 0.0231 218 546 465 638
D20 0.0222 309 524 716 682
D20 0.0220 290 565 505 654
D20 0.0213 6 575 330 715
D20 0.0211 333 550 601 666
D20 0.0200 115 455 459 592
D20 0.0200 522 564 719 675
D20 0.0188 320 482 511 596
D20 0.0187 0 431 684 700
D20 0.0186 251 463 334 492
D20 0.0185 101 591 397 702
D20 0.0184 425 551 681 672
D20 0.0180 351 575 680 710
D20 0.0163 163 571 415 657
D20 0.0159 241 587 515 699
D20 0.0159 0 0 489 353
D20 0.0156 202 486 422 585
D20 0.0156 201 0 720 353
D20 0.0152 274 472 477 561
D20 0.0148 107 568 330 669
D20 0.0144 241 447 340 486
D20 0.0142 0 494 222 720
D20 0.0142 0 142 348 720
D20 0.0141 32 610 251 712
D20 0.0140 375 142 720 720
D20 0.0140 21 486 320 643
D20 0.0135 273 455 336 480
D20 0.0130 43 567 252 677
D20 0.0130 128 500 337 603
D20 0.0130 201 527 371 651
D20 0.0129 0 0 720 521
D20 0.0127 70 461 338 570
D20 0.0124 425 529 618 625
D20 0.0124 0 0 176 275
D20 0.0124 289 541 426 609
D20 0.0122 135 527 292 661
D20 0.0122 519 606 720 708
D20 0.0120 0 174 720 720
D20 0.0119 314 514 440 593
D20 0.0119 243 476 412 539
D20 0.0118 387 506 584 604
D20 0.0116 219 437 615 608
D20 0.0115 546 0 720 264
D20 0.0114 358 580 561 685
D20 0.0112 307 480 404 526
D20 0.0112 68 631 334 720
D20 0.0110 0 631 139 720
D20 0.0110 0 0 254 382
D20 0.0109 323 454 384 477
D20 0.0107 454 640 654 720
D20 0.0107 502 496 720 720
D20 0.0107 129 488 280 562
D20 0.0106 5 389 478 612
D20 0.0105 393 494 697 632
D20 0.0104 472 681 569 720
D20 0.0104 514 683 625 720
D20 0.0104 460 0 720 174
D20 0.0103 314 494 435 564
D20 0.0102 156 631 426 720
D20 0.0102 262 509 415 678
D20 0.0102 324 465 384 489
D20 0.0101 347 462 531 564
D20 0.0101 344 630 599 720
D20 0.0100 0 0 251 174
D20 0.0100 174 467 383 546
D40 0.0374 240 465 305 492
D40 0.0312 114 441 297 520
D40 0.0282 214 456 309 497
D40 0.0260 134 542 192 571
D40 0.0249 161 456 295 507
D40 0.0246 241 454 303 484
D40 0.0241 260 466 326 491
D40 0.0226 115 466 260 539
D40 0.0201 536 517 591 549
D40 0.0198 231 473 296 499
D40 0.0197 232 447 327 488
D40 0.0185 261 455 324 482
D40 0.0184 144 533 200 563
D40 0.0175 147 465 243 514
D40 0.0175 132 419 325 498
D40 0.0169 507 508 594 552
D40 0.0166 207 464 277 493
D40 0.0162 525 528 590 556
D40 0.0159 167 434 299 490
D40 0.0155 118 533 206 577
D40 0.0154 187 469 272 505
D40 0.0151 126 476 221 524
D40 0.0137 161 476 292 530
D40 0.0132 167 461 248 498
D40 0.0131 173 474 241 503
D40 0.0127 125 532 182 564
D40 0.0124 502 518 570 547
D40 0.0124 142 485 206 517
D40 0.0121 40 459 288 570
D40 0.0119 222 444 286 490
D40 0.0118 191 451 357 507
D40 0.0118 153 476 219 506
D40 0.0117 127 452 222 509
D40 0.0117 59 443 247 533
D40 0.0117 225 432 314 479
D40 0.0117 125 434 222 479
D40 0.0116 0 429 356 605
D40 0.0112 99 486 238 562
D40 0.0110 222 463 287 505
D40 0.0110 487 518 590 563
D40 0.0106 161 484 228 516
D40 0.0103 176 479 257 518
D40 0.0102 147 442 242 494
D40 0.0102 555 523 599 559
D40 0.0102 527 509 584 542
D40 0.0101 233 466 332 502
D40 0.0101 412 668 476 694
D40 0.0100 483 518 541 548
