D00 0.0456 0 599 118 714
D00 0.0445 1 639 74 717
D00 0.0431 516 548 627 720
D00 0.0423 15 524 201 699
D00 0.0353 537 596 608 714
D00 0.0352 518 572 588 707
D00 0.0336 481 518 585 720
D00 0.0308 555 637 626 720
D00 0.0302 21 583 284 708
D00 0.0298 38 553 200 643
D00 0.0286 456 482 558 662
D00 0.0286 535 652 657 714
D00 0.0285 8 650 137 715
D00 0.0281 533 587 694 719
D00 0.0275 10 573 162 667
D00 0.0270 495 532 561 668
D00 0.0262 472 511 539 639
D00 0.0260 0 519 353 705
D00 0.0250 520 559 570 668
D00 0.0248 459 513 667 718
D00 0.0240 5 665 54 713
D00 0.0238 59 535 219 618
D00 0.0228 548 643 718 719
D00 0.0225 0 474 144 683
D00 0.0221 44 493 242 663
D00 0.0218 417 447 449 508
D00 0.0214 406 440 438 497
D00 0.0204 8 642 48 702
D00 0.0198 563 680 637 720
D00 0.0198 0 671 92 720
D00 0.0196 450 493 519 616
D00 0.0195 1 501 205 614
D00 0.0193 87 532 291 693
D00 0.0192 499 619 618 720
D00 0.0181 89 555 189 610
D00 0.0178 568 666 615 716
D00 0.0178 505 548 591 645
D00 0.0178 535 593 577 683
D00 0.0178 22 625 161 703
D00 0.0176 431 453 536 624
D00 0.0174 502 539 545 620
D00 0.0174 513 551 555 632
D00 0.0172 475 547 542 688
D00 0.0171 45 595 191 712
D00 0.0171 75 582 209 652
D00 0.0170 99 559 232 671
D00 0.0170 636 305 720 497
D00 0.0169 412 511 548 712
D00 0.0168 408 433 457 517
D00 0.0166 77 571 175 635
D00 0.0166 408 581 642 712
D00 0.0165 390 436 430 477
D00 0.0163 497 595 568 712
D00 0.0162 78 515 243 593
D00 0.0161 25 685 116 720
D00 0.0156 546 635 595 718
D00 0.0156 407 450 456 484
D00 0.0152 428 457 459 519
D00 0.0152 605 548 720 720
D00 0.0151 489 501 559 620
D00 0.0151 466 506 512 591
D00 0.0151 198 451 262 483
D00 0.0150 0 550 86 702
D00 0.0149 0 615 53 705
D00 0.0148 530 589 561 661
D00 0.0148 572 603 652 714
D00 0.0147 476 518 525 599
D00 0.0147 9 686 73 718
D00 0.0147 579 651 641 716
D00 0.0145 512 492 687 671
D00 0.0145 569 663 674 720
D00 0.0145 550 688 615 717
D00 0.0145 30 445 182 647
D00 0.0145 477 537 580 608
D00 0.0144 108 545 209 596
D00 0.0144 544 606 589 696
D00 0.0143 337 494 623 719
D00 0.0143 5 426 290 671
D00 0.0140 71 549 177 686
D00 0.0139 655 343 714 473
D00 0.0138 446 516 622 642
D00 0.0135 20 619 92 718
D00 0.0134 59 582 152 644
D00 0.0133 588 687 653 718
D00 0.0131 472 653 603 712
D00 0.0130 396 422 445 505
D00 0.0129 520 577 551 648
D00 0.0129 480 688 546 715
D00 0.0128 80 482 282 580
D00 0.0127 457 512 555 591
D00 0.0127 528 570 561 637
D00 0.0125 396 444 426 505
D00 0.0124 115 564 185 593
D00 0.0124 558 654 605 707
D00 0.0122 54 578 140 699
D00 0.0122 417 460 467 496
D00 0.0121 494 537 531 602
D00 0.0120 55 690 131 719
D00 0.0120 491 565 619 668
D00 0.0119 424 492 506 645
D00 0.0117 35 662 104 719
D00 0.0117 240 642 316 716
D00 0.0116 429 472 496 591
D00 0.0115 187 461 254 490
D00 0.0114 115 525 252 630
D00 0.0114 405 442 456 471
D00 0.0113 366 686 431 715
D00 0.0113 514 675 624 720
D00 0.0113 665 629 719 720
D00 0.0112 446 542 528 642
D00 0.0112 615 618 713 710
D00 0.0112 62 446 273 528
D00 0.0111 0 677 43 720
D00 0.0111 6 555 112 644
D00 0.0111 385 449 437 483
D00 0.0110 32 466 250 558
D00 0.0110 576 473 713 691
D00 0.0109 471 673 556 711
D00 0.0109 365 510 502 710
D00 0.0109 397 459 447 496
D00 0.0109 126 554 194 584
D00 0.0107 490 671 534 711
D00 0.0107 408 453 514 565
D00 0.0107 171 522 317 703
D00 0.0107 8 619 72 687
D00 0.0106 658 576 718 705
D00 0.0106 508 566 541 635
D00 0.0106 104 600 238 706
D00 0.0105 461 558 561 625
D00 0.0105 382 432 433 459
D00 0.0104 660 690 719 719
D00 0.0104 676 347 720 443
D00 0.0104 340 648 421 714
D00 0.0103 0 503 41 602
D00 0.0103 372 440 427 467
D00 0.0103 148 455 278 509
D00 0.0103 104 545 186 652
D00 0.0103 428 445 478 534
D00 0.0103 9 488 192 569
D00 0.0103 50 627 114 720
D00 0.0103 462 514 496 582
D00 0.0102 614 0 720 170
D00 0.0102 16 631 57 694
D00 0.0102 157 639 235 720
D00 0.0101 0 514 33 573
D00 0.0101 191 442 284 487
D00 0.0101 489 684 583 718
D00 0.0101 43 681 163 720
D00 0.0101 460 648 542 715
D00 0.0100 434 492 535 563
D00 0.0100 145 452 455 720
D00 0.0100 221 686 309 720
D10 0.0313 148 625 283 666
D10 0.0217 171 634 260 658
D10 0.0175 142 622 326 701
D10 0.0169 113 621 230 669
D10 0.0166 0 555 149 642
D10 0.0165 247 644 347 696
D10 0.0150 177 634 308 683
D10 0.0146 80 596 255 678
D10 0.0145 518 571 598 611
D10 0.0143 346 659 447 709
D10 0.0134 0 619 90 685
D10 0.0133 275 656 419 712
D10 0.0132 512 561 632 622
D10 0.0132 122 630 265 693
D10 0.0127 202 629 303 666
D10 0.0126 306 650 480 716
D10 0.0125 239 649 316 688
D10 0.0121 1 453 192 523
D10 0.0120 261 654 327 683
D10 0.0119 507 537 680 616
D10 0.0118 254 632 395 699
D10 0.0116 132 631 207 658
D10 0.0116 180 611 329 674
D10 0.0115 304 634 432 700
D10 0.0114 41 653 190 714
D10 0.0114 255 645 315 676
D10 0.0113 369 659 510 712
D10 0.0111 188 618 291 657
D10 0.0111 174 641 257 666
D10 0.0110 4 616 82 658
D10 0.0110 17 542 160 607
D10 0.0108 95 506 310 600
D10 0.0107 445 655 584 712
D10 0.0107 11 630 72 661
D10 0.0107 7 640 61 678
D10 0.0104 208 654 354 713
D10 0.0102 528 584 585 613
D10 0.0101 490 677 557 708
D20 0.0326 35 501 589 703
D20 0.0289 3 565 317 716
D20 0.0252 0 624 195 720
D20 0.0225 230 548 720 720
D20 0.0211 98 574 456 716
D20 0.0207 123 612 346 706
D20 0.0196 463 597 649 718
D20 0.0190 100 567 320 674
D20 0.0170 213 613 437 711
D20 0.0160 523 582 720 714
D20 0.0153 0 0 489 353
D20 0.0149 201 0 720 353
D20 0.0144 0 487 375 680
D20 0.0141 0 374 489 720
D20 0.0141 353 583 606 710
D20 0.0138 200 374 720 720
D20 0.0137 0 558 114 720
D20 0.0136 0 450 178 720
D20 0.0135 0 142 348 720
D20 0.0134 51 629 283 720
D20 0.0133 501 546 694 665
D20 0.0133 375 142 720 720
D20 0.0131 546 0 720 269
D20 0.0131 573 630 720 720
D20 0.0130 0 651 74 716
D20 0.0129 543 451 720 720
D20 0.0127 148 642 326 720
D20 0.0125 0 0 720 521
D20 0.0121 0 0 174 267
D20 0.0114 255 638 480 720
D20 0.0114 0 174 720 720
D20 0.0114 428 644 604 717
D20 0.0108 158 589 306 689
D20 0.0107 96 527 311 627
D20 0.0103 352 479 638 720
D20 0.0103 193 555 361 691
D20 0.0102 498 662 618 717
D20 0.0102 629 576 720 720
D20 0.0101 210 464 444 540
D40 0.0491 161 632 232 658
D40 0.0387 149 623 251 664
D40 0.0320 6 656 55 703
D40 0.0278 0 647 88 714
D40 0.0243 163 617 211 658
D40 0.0199 82 587 304 686
D40 0.0194 0 460 188 554
D40 0.0169 365 676 430 707
D40 0.0158 337 666 440 712
D40 0.0155 614 308 716 494
D40 0.0153 0 474 125 536
D40 0.0151 255 654 316 683
D40 0.0147 156 639 221 666
D40 0.0146 515 568 625 617
D40 0.0146 357 667 419 699
D40 0.0143 525 576 588 605
D40 0.0141 11 663 76 697
D40 0.0141 163 628 227 677
D40 0.0139 137 597 237 657
D40 0.0138 0 462 64 538
D40 0.0134 6 626 100 693
D40 0.0130 7 635 54 686
D40 0.0129 632 345 700 471
D40 0.0128 522 569 566 613
D40 0.0125 4 457 149 517
D40 0.0120 0 494 172 610
D40 0.0118 195 452 297 496
D40 0.0118 155 599 264 677
D40 0.0113 248 636 323 703
D40 0.0112 0 502 38 546
D40 0.0111 4 478 50 522
D40 0.0110 204 461 273 490
D40 0.0109 189 628 243 662
D40 0.0104 645 338 718 439
D40 0.0104 24 649 69 711
D40 0.0103 498 555 596 612
D40 0.0102 0 404 471 641
D40 0.0101 1 469 79 511
D40 0.0100 0 451 94 556
