D00 0.0719 205 552 343 716
D00 0.0461 246 531 385 705
D00 0.0460 125 599 326 719
D00 0.0444 243 571 317 705
D00 0.0415 263 552 337 692
D00 0.0400 112 544 359 694
D00 0.0398 475 433 503 485
D00 0.0375 602 492 714 603
D00 0.0338 303 513 388 680
D00 0.0330 197 540 458 688
D00 0.0329 212 609 309 710
D00 0.0308 287 569 358 702
D00 0.0302 254 609 344 709
D00 0.0295 480 446 515 488
D00 0.0294 557 500 677 603
D00 0.0290 231 549 329 650
D00 0.0290 508 516 633 618
D00 0.0290 447 513 577 629
D00 0.0289 329 492 407 656
D00 0.0284 107 641 282 720
D00 0.0273 540 531 613 601
D00 0.0269 227 582 298 669
D00 0.0260 248 628 307 720
D00 0.0255 196 637 351 719
D00 0.0251 191 494 376 667
D00 0.0251 594 524 688 610
D00 0.0248 276 544 365 650
D00 0.0241 526 538 659 605
D00 0.0239 130 468 420 710
D00 0.0235 219 598 421 714
D00 0.0233 164 568 314 673
D00 0.0232 463 452 511 484
D00 0.0232 205 535 352 620
D00 0.0228 328 503 381 607
D00 0.0228 609 507 689 584
D00 0.0227 462 513 516 618
D00 0.0226 562 521 637 594
D00 0.0225 638 516 714 593
D00 0.0222 0 243 70 405
D00 0.0221 351 474 427 634
D00 0.0219 464 442 509 472
D00 0.0219 558 521 599 593
D00 0.0218 2 288 49 393
D00 0.0218 247 569 306 639
D00 0.0216 506 532 595 603
D00 0.0209 131 661 237 720
D00 0.0206 312 570 379 699
D00 0.0200 349 482 400 583
D00 0.0200 0 282 84 482
D00 0.0198 280 494 468 665
D00 0.0198 618 447 706 583
D00 0.0198 405 511 528 635
D00 0.0197 318 524 369 630
D00 0.0197 0 594 133 719
D00 0.0196 86 576 263 714
D00 0.0194 530 546 603 620
D00 0.0193 17 280 276 681
D00 0.0193 158 615 275 709
D00 0.0191 264 504 381 622
D00 0.0190 464 504 540 590
D00 0.0189 338 548 401 681
D00 0.0188 471 463 526 493
D00 0.0188 546 546 592 590
D00 0.0187 462 435 494 483
D00 0.0186 585 517 720 642
D00 0.0186 197 580 283 705
D00 0.0185 474 527 557 608
D00 0.0185 453 495 505 595
D00 0.0184 574 529 604 588
D00 0.0183 28 645 218 720
D00 0.0182 663 483 717 585
D00 0.0182 567 536 609 611
D00 0.0181 362 461 410 558
D00 0.0179 120 479 280 685
D00 0.0179 595 527 655 587
D00 0.0179 390 684 477 720
D00 0.0179 638 471 711 552
D00 0.0178 363 524 412 632
D00 0.0177 580 528 620 602
D00 0.0177 497 476 572 500
D00 0.0175 316 476 417 597
D00 0.0174 76 429 328 720
D00 0.0173 2 653 121 716
D00 0.0173 212 651 297 720
D00 0.0173 371 652 546 715
D00 0.0172 495 505 578 590
D00 0.0171 338 522 390 630
D00 0.0171 496 548 577 623
D00 0.0171 372 491 454 649
D00 0.0171 6 299 63 432
D00 0.0171 256 653 385 712
D00 0.0170 2 297 31 365
D00 0.0169 497 488 571 513
D00 0.0168 464 548 541 626
D00 0.0167 485 421 514 475
D00 0.0167 378 459 416 541
D00 0.0166 529 498 588 596
D00 0.0166 530 549 699 626
D00 0.0166 420 554 551 669
D00 0.0164 616 536 679 598
D00 0.0163 452 536 505 634
D00 0.0163 0 268 36 351
D00 0.0162 0 187 102 382
D00 0.0161 557 552 616 584
D00 0.0160 275 613 318 708
D00 0.0159 372 479 403 544
D00 0.0159 546 459 588 494
D00 0.0158 586 487 653 589
D00 0.0158 261 579 309 669
D00 0.0157 403 666 503 716
D00 0.0156 257 581 292 649
D00 0.0156 441 513 495 617
D00 0.0156 328 544 378 656
D00 0.0156 181 560 311 628
D00 0.0155 355 510 394 600
D00 0.0155 263 602 374 681
D00 0.0155 474 492 554 561
D00 0.0154 664 453 716 547
D00 0.0154 653 539 720 611
D00 0.0153 571 496 607 578
D00 0.0152 349 618 566 704
D00 0.0152 398 479 478 630
D00 0.0151 618 547 709 627
D00 0.0151 550 537 627 580
D00 0.0150 384 472 442 597
D00 0.0150 5 218 63 350
D00 0.0150 263 557 327 626
D00 0.0150 0 358 75 517
D00 0.0150 173 650 262 720
D00 0.0150 239 660 334 719
D00 0.0149 395 458 423 523
D00 0.0149 216 524 347 584
D00 0.0149 288 589 330 681
D00 0.0149 299 566 342 660
D00 0.0149 529 473 681 650
D00 0.0148 373 478 421 584
D00 0.0148 29 556 189 720
D00 0.0148 0 621 54 720
D00 0.0147 311 555 351 647
D00 0.0147 551 493 639 578
D00 0.0147 361 491 393 556
D00 0.0146 302 650 484 715
D00 0.0146 491 495 578 529
D00 0.0146 372 547 423 647
D00 0.0146 375 689 449 718
D00 0.0145 252 601 299 694
D00 0.0145 349 532 434 686
D00 0.0144 266 566 418 668
D00 0.0144 273 568 322 658
D00 0.0144 564 505 594 569
D00 0.0144 619 523 698 567
D00 0.0144 584 545 639 607
D00 0.0144 601 496 700 552
D00 0.0143 348 512 381 579
D00 0.0141 338 502 390 568
D00 0.0141 577 518 676 576
D00 0.0141 126 682 209 720
D00 0.0141 423 683 506 720
D00 0.0141 432 478 455 544
D00 0.0141 367 499 405 586
D00 0.0140 254 683 339 720
D00 0.0140 442 459 469 515
D00 0.0139 337 523 371 591
D00 0.0139 534 475 592 499
D00 0.0139 280 630 408 699
D00 0.0138 373 555 507 671
D00 0.0137 652 640 720 720
D00 0.0137 489 437 528 477
D00 0.0137 647 502 708 567
D00 0.0137 460 452 494 498
D00 0.0136 607 464 677 570
D00 0.0136 304 602 434 707
D00 0.0135 385 456 431 559
D00 0.0135 469 475 531 499
D00 0.0135 421 477 444 544
D00 0.0135 408 456 433 523
D00 0.0135 268 646 303 714
D00 0.0135 443 474 526 609
D00 0.0134 463 482 516 574
D00 0.0134 340 456 439 572
D00 0.0134 463 553 591 663
D00 0.0133 591 535 633 580
D00 0.0132 245 687 305 718
D00 0.0132 586 517 615 579
D00 0.0132 464 431 508 461
D00 0.0131 117 621 226 708
D00 0.0131 358 556 396 643
D00 0.0131 373 556 402 624
D00 0.0131 640 685 720 720
D00 0.0131 323 565 361 661
D00 0.0130 387 637 533 694
D00 0.0130 432 457 456 519
D00 0.0130 20 279 84 412
D00 0.0130 18 309 56 398
D00 0.0130 347 686 433 720
D00 0.0130 113 295 219 490
D00 0.0130 422 471 465 573
D00 0.0129 384 488 412 556
D00 0.0129 458 426 515 491
D00 0.0129 336 577 372 668
D00 0.0129 552 516 585 581
D00 0.0129 580 419 716 619
D00 0.0129 565 487 593 542
D00 0.0129 443 477 492 574
D00 0.0129 346 463 487 612
D00 0.0129 503 493 586 561
D00 0.0129 625 483 691 542
D00 0.0129 429 659 572 711
D00 0.0128 169 432 319 644
D00 0.0128 242 599 288 650
D00 0.0127 442 481 467 544
D00 0.0127 650 460 706 523
D00 0.0127 620 455 696 528
D00 0.0126 221 612 285 681
D00 0.0126 385 513 433 621
D00 0.0125 328 578 458 692
D00 0.0125 604 535 645 613
D00 0.0125 162 680 249 720
D00 0.0125 473 513 504 580
D00 0.0125 576 486 603 543
D00 0.0125 420 456 444 521
D00 0.0125 534 555 583 598
D00 0.0125 475 479 578 521
D00 0.0125 482 503 567 542
D00 0.0125 469 443 505 502
D00 0.0125 404 466 437 552
D00 0.0124 395 601 568 680
D00 0.0124 2 506 143 706
D00 0.0124 411 457 453 560
D00 0.0124 0 680 73 720
D00 0.0124 431 493 480 593
D00 0.0124 14 609 90 714
D00 0.0124 450 445 485 490
D00 0.0123 433 461 478 561
D00 0.0123 597 506 656 564
D00 0.0123 480 499 548 525
D00 0.0123 640 556 714 599
D00 0.0123 497 459 547 495
D00 0.0122 261 447 400 653
D00 0.0121 546 459 694 583
D00 0.0121 368 567 407 651
D00 0.0121 254 667 300 716
D00 0.0121 380 510 417 600
D00 0.0120 404 530 471 653
D00 0.0120 558 448 595 488
D00 0.0120 329 476 401 551
D00 0.0119 358 670 466 715
D00 0.0119 1 653 35 714
D00 0.0119 639 413 720 562
D00 0.0119 554 481 602 574
D00 0.0119 451 460 483 510
D00 0.0119 406 439 434 496
D00 0.0118 2 584 69 704
D00 0.0118 289 496 399 560
D00 0.0117 372 462 405 523
D00 0.0117 349 532 380 603
D00 0.0117 286 558 396 629
D00 0.0117 607 541 668 573
D00 0.0117 613 523 660 568
D00 0.0116 463 513 493 580
D00 0.0116 286 685 372 719
D00 0.0116 245 536 324 612
D00 0.0116 316 514 373 579
D00 0.0116 150 662 312 720
D00 0.0116 410 677 479 709
D00 0.0116 346 567 385 657
D00 0.0115 521 498 587 525
D00 0.0115 392 487 427 576
D00 0.0115 553 497 584 555
D00 0.0115 12 319 42 389
D00 0.0114 535 536 583 582
D00 0.0114 383 451 415 510
D00 0.0114 670 545 714 590
D00 0.0114 290 546 446 643
D00 0.0114 575 506 628 567
D00 0.0114 523 540 571 611
D00 0.0113 558 470 596 503
D00 0.0113 562 554 595 615
D00 0.0113 547 493 589 532
D00 0.0112 228 487 408 593
D00 0.0112 441 444 471 492
D00 0.0112 613 544 658 590
D00 0.0112 0 419 78 572
D00 0.0112 328 533 361 604
D00 0.0111 573 554 626 617
D00 0.0111 533 483 581 517
D00 0.0111 137 596 252 692
D00 0.0111 290 556 347 626
D00 0.0110 581 551 642 583
D00 0.0110 248 595 302 628
D00 0.0110 332 690 399 717
D00 0.0110 472 489 532 540
D00 0.0110 409 490 455 594
D00 0.0110 310 589 351 680
D00 0.0109 395 440 425 495
D00 0.0109 490 537 535 615
D00 0.0109 587 495 615 555
D00 0.0108 583 530 653 629
D00 0.0108 500 515 547 596
D00 0.0108 494 452 526 498
D00 0.0108 362 544 391 615
D00 0.0108 338 543 369 614
D00 0.0108 488 498 534 576
D00 0.0108 517 518 617 580
D00 0.0108 608 518 669 548
D00 0.0107 468 503 510 546
D00 0.0107 332 512 378 556
D00 0.0106 400 698 466 720
D00 0.0106 603 657 720 716
D00 0.0106 424 662 507 701
D00 0.0105 274 646 338 712
D00 0.0105 361 472 395 533
D00 0.0105 211 595 280 661
D00 0.0105 384 556 412 624
D00 0.0105 452 495 480 556
D00 0.0105 0 320 37 403
D00 0.0105 9 333 48 415
D00 0.0104 484 461 514 508
D00 0.0104 648 551 708 585
D00 0.0104 323 599 362 691
D00 0.0104 621 498 671 571
D00 0.0104 249 584 304 618
D00 0.0104 617 508 681 538
D00 0.0104 487 482 535 516
D00 0.0104 304 545 359 616
D00 0.0104 588 437 699 544
D00 0.0104 576 473 664 553
D00 0.0103 481 464 542 507
D00 0.0103 453 421 501 472
D00 0.0103 419 440 444 495
D00 0.0103 198 681 286 720
D00 0.0103 217 591 294 637
D00 0.0103 328 554 357 626
D00 0.0102 473 545 504 611
D00 0.0102 559 481 597 519
D00 0.0102 293 505 375 545
D00 0.0102 169 455 466 610
D00 0.0102 607 486 668 541
D00 0.0102 338 477 516 692
D00 0.0102 605 560 719 660
D00 0.0101 626 540 692 573
D00 0.0101 681 503 720 587
D00 0.0101 518 565 596 610
D00 0.0101 322 634 465 696
D00 0.0100 664 314 715 407
D00 0.0100 261 557 311 602
D00 0.0100 239 502 367 561
D00 0.0100 431 441 456 494
D10 0.0202 213 553 314 605
D10 0.0201 118 644 214 698
D10 0.0191 538 552 599 585
D10 0.0172 231 564 303 589
D10 0.0171 506 548 595 590
D10 0.0153 526 562 592 593
D10 0.0139 242 554 308 583
D10 0.0135 131 654 199 680
D10 0.0126 660 611 719 636
D10 0.0122 302 519 367 547
D10 0.0119 283 509 385 561
D10 0.0118 312 509 376 539
D10 0.0114 255 562 316 593
D10 0.0114 484 557 571 600
D10 0.0109 557 561 616 593
D10 0.0108 199 559 292 594
D10 0.0106 660 622 718 650
D10 0.0106 293 4 500 97
D10 0.0105 326 517 382 548
D10 0.0104 247 543 344 604
D10 0.0103 528 542 591 576
D10 0.0102 630 602 720 645
D10 0.0100 337 507 391 537
D20 0.0602 194 519 658 689
D20 0.0584 313 491 720 660
D20 0.0549 447 519 653 622
D20 0.0472 0 485 488 687
D20 0.0436 325 542 620 672
D20 0.0380 45 546 578 720
D20 0.0315 439 490 628 592
D20 0.0307 413 501 575 642
D20 0.0302 509 503 720 604
D20 0.0270 486 445 584 488
D20 0.0267 229 584 522 699
D20 0.0264 484 538 617 606
D20 0.0251 501 460 582 494
D20 0.0250 465 530 595 643
D20 0.0249 366 465 683 606
D20 0.0240 524 452 580 484
D20 0.0226 364 587 658 694
D20 0.0225 427 547 720 720
D20 0.0223 56 441 720 691
D20 0.0214 361 516 526 664
D20 0.0212 244 504 506 646
D20 0.0208 63 626 337 720
D20 0.0207 453 452 502 484
D20 0.0202 535 464 590 492
D20 0.0201 505 518 636 590
D20 0.0196 0 546 284 720
D20 0.0191 506 440 579 474
D20 0.0187 451 476 604 542
D20 0.0184 506 548 678 626
D20 0.0183 0 0 303 585
D20 0.0175 491 472 578 502
D20 0.0173 315 535 475 687
D20 0.0171 484 432 713 618
D20 0.0169 443 557 645 659
D20 0.0168 0 0 489 353
D20 0.0168 450 455 600 513
D20 0.0166 201 0 720 353
D20 0.0165 41 233 384 709
D20 0.0163 473 459 551 495
D20 0.0163 492 453 556 483
D20 0.0162 190 409 720 610
D20 0.0162 447 458 511 496
D20 0.0161 0 143 183 505
D20 0.0160 82 362 488 640
D20 0.0159 546 449 587 487
D20 0.0158 0 258 40 358
D20 0.0157 465 498 594 566
D20 0.0156 449 516 579 590
D20 0.0156 465 448 533 487
D20 0.0153 375 142 720 720
D20 0.0152 197 628 463 720
D20 0.0151 0 0 177 274
D20 0.0151 464 475 675 562
D20 0.0149 0 442 183 720
D20 0.0148 171 454 576 646
D20 0.0146 0 86 491 655
D20 0.0145 394 473 546 610
D20 0.0145 502 521 699 669
D20 0.0141 136 428 444 717
D20 0.0137 0 0 720 521
D20 0.0133 542 453 720 720
D20 0.0133 376 573 551 660
D20 0.0130 445 440 507 476
D20 0.0129 483 480 585 521
D20 0.0128 546 0 720 269
D20 0.0126 392 618 601 702
D20 0.0126 478 439 546 476
D20 0.0124 538 442 587 471
D20 0.0123 0 318 223 660
D20 0.0121 285 629 560 720
D20 0.0121 33 106 254 467
D20 0.0121 488 424 579 467
D20 0.0121 490 491 595 536
D20 0.0120 550 463 720 569
D20 0.0117 0 632 149 720
D20 0.0117 0 0 316 216
D20 0.0116 457 0 720 175
D20 0.0115 591 304 720 432
D20 0.0109 204 490 393 593
D20 0.0108 423 630 683 720
D20 0.0108 515 432 573 458
D20 0.0107 5 126 141 370
D20 0.0105 0 0 87 141
D20 0.0105 515 649 720 720
D20 0.0105 524 471 598 501
D20 0.0104 368 466 580 561
D20 0.0103 431 431 577 496
D20 0.0102 414 446 515 490
D20 0.0100 513 499 615 552
D40 0.0859 0 365 337 572
D40 0.0814 78 393 259 498
D40 0.0693 0 521 374 713
D40 0.0645 24 404 218 521
D40 0.0570 125 400 213 486
D40 0.0513 133 422 240 497
D40 0.0508 44 453 281 570
D40 0.0501 30 590 313 712
D40 0.0489 44 308 265 535
D40 0.0480 28 485 319 655
D40 0.0440 92 423 207 496
D40 0.0435 61 408 190 469
D40 0.0427 115 366 224 524
D40 0.0426 133 388 316 489
D40 0.0426 16 365 210 475
D40 0.0403 150 406 264 476
D40 0.0386 12 404 241 622
D40 0.0349 18 532 222 697
D40 0.0342 125 405 179 461
D40 0.0316 95 380 239 464
D40 0.0306 0 259 338 501
D40 0.0299 118 419 288 528
D40 0.0299 0 612 211 717
D40 0.0297 0 417 629 713
D40 0.0289 37 360 185 571
D40 0.0282 17 381 143 502
D40 0.0280 125 533 321 631
D40 0.0278 59 387 182 448
D40 0.0278 114 443 221 519
D40 0.0269 80 445 366 599
D40 0.0264 151 365 266 513
D40 0.0257 23 406 146 468
D40 0.0256 165 424 284 492
D40 0.0255 79 376 178 513
D40 0.0250 40 425 172 493
D40 0.0246 83 345 372 507
D40 0.0243 7 297 448 673
D40 0.0241 4 344 111 534
D40 0.0241 9 188 223 540
D40 0.0238 70 552 280 656
D40 0.0238 13 392 98 484
D40 0.0229 4 551 189 648
D40 0.0228 80 308 310 638
D40 0.0223 105 349 192 492
D40 0.0219 9 441 200 558
D40 0.0216 23 384 143 446
D40 0.0214 613 379 706 433
D40 0.0210 163 521 323 592
D40 0.0208 95 507 296 598
D40 0.0203 453 462 504 493
D40 0.0202 0 303 127 467
D40 0.0199 40 257 182 498
D40 0.0195 148 445 260 513
D40 0.0194 0 497 204 626
D40 0.0189 0 417 128 571
D40 0.0188 189 406 310 470
D40 0.0188 84 313 304 452
D40 0.0188 602 337 713 439
D40 0.0184 64 443 190 522
D40 0.0179 153 545 296 600
D40 0.0177 174 368 290 473
D40 0.0176 15 341 94 438
D40 0.0172 25 347 171 437
D40 0.0171 52 587 159 634
D40 0.0168 42 530 245 622
D40 0.0167 131 426 190 460
D40 0.0167 70 471 234 680
D40 0.0164 154 369 223 481
D40 0.0162 92 457 236 542
D40 0.0162 121 424 275 634
D40 0.0159 63 598 234 690
D40 0.0156 620 368 681 426
D40 0.0154 25 654 178 715
D40 0.0154 16 629 147 706
D40 0.0153 624 393 691 426
D40 0.0151 13 429 99 535
D40 0.0150 0 669 39 716
D40 0.0149 34 356 111 474
D40 0.0149 209 549 300 589
D40 0.0149 58 361 139 472
D40 0.0148 6 376 66 502
D40 0.0148 58 405 141 523
D40 0.0147 460 474 518 499
D40 0.0147 11 482 154 568
D40 0.0146 104 227 283 513
D40 0.0145 50 632 199 703
D40 0.0144 144 484 330 582
D40 0.0143 0 553 132 701
D40 0.0142 170 408 376 502
D40 0.0141 196 388 271 488
D40 0.0140 32 568 165 624
D40 0.0139 0 173 604 618
D40 0.0139 122 399 407 548
D40 0.0138 128 431 200 476
D40 0.0136 137 408 200 466
D40 0.0135 21 263 215 405
D40 0.0134 119 407 170 442
D40 0.0132 0 227 122 389
D40 0.0131 77 211 219 460
D40 0.0131 196 388 406 479
D40 0.0130 0 507 131 586
D40 0.0129 30 588 172 702
D40 0.0129 128 525 264 578
D40 0.0128 631 381 697 418
D40 0.0127 632 367 720 451
D40 0.0126 185 531 282 584
D40 0.0125 78 567 212 625
D40 0.0125 7 535 153 607
D40 0.0125 38 169 181 418
D40 0.0124 626 399 707 437
D40 0.0123 1 266 33 334
D40 0.0122 145 425 206 521
D40 0.0122 19 243 83 373
D40 0.0120 39 469 165 543
D40 0.0120 169 375 316 584
D40 0.0119 656 388 705 429
D40 0.0119 0 295 33 345
D40 0.0117 102 546 242 600
D40 0.0117 114 489 267 562
D40 0.0116 13 293 91 399
D40 0.0114 154 562 295 627
D40 0.0114 0 316 70 419
D40 0.0114 79 585 214 650
D40 0.0113 0 555 37 601
D40 0.0113 0 421 167 694
D40 0.0111 0 253 69 355
D40 0.0111 18 463 90 576
D40 0.0111 457 647 562 691
D40 0.0111 86 420 168 536
D40 0.0110 78 313 171 464
D40 0.0108 4 565 118 621
D40 0.0108 0 673 83 720
D40 0.0108 148 287 333 555
D40 0.0108 4 437 68 564
D40 0.0106 164 425 224 487
D40 0.0106 170 440 326 518
D40 0.0105 61 486 220 558
D40 0.0103 0 382 91 447
D40 0.0103 0 168 327 422
D40 0.0102 659 406 713 435
D40 0.0102 8 594 101 694
D40 0.0102 173 503 300 561
D40 0.0102 170 419 247 526
D40 0.0102 0 426 91 492
D40 0.0101 200 498 361 574
D40 0.0101 0 529 62 601
D40 0.0100 444 473 498 500
