D00 0.0743 400 554 446 660
D00 0.0699 233 571 377 693
D00 0.0634 240 593 289 703
D00 0.0619 303 579 361 683
D00 0.0601 283 546 336 660
D00 0.0589 311 616 378 693
D00 0.0532 379 515 455 673
D00 0.0530 278 553 415 681
D00 0.0521 329 632 359 694
D00 0.0503 408 575 438 648
D00 0.0484 389 528 435 633
D00 0.0471 282 490 310 540
D00 0.0426 342 487 446 678
D00 0.0410 275 486 320 601
D00 0.0399 265 554 347 685
D00 0.0393 211 621 292 700
D00 0.0387 364 532 430 664
D00 0.0385 290 587 347 660
D00 0.0376 245 632 299 698
D00 0.0371 200 556 319 697
D00 0.0366 226 609 339 696
D00 0.0360 399 555 427 629
D00 0.0352 260 603 391 681
D00 0.0339 407 549 468 674
D00 0.0338 251 620 280 692
D00 0.0329 417 587 447 654
D00 0.0325 323 624 364 670
D00 0.0319 271 533 326 628
D00 0.0317 319 628 415 684
D00 0.0312 564 607 614 708
D00 0.0297 304 512 429 653
D00 0.0296 160 559 271 702
D00 0.0285 368 535 506 680
D00 0.0280 333 535 412 666
D00 0.0279 315 601 348 670
D00 0.0279 335 455 370 497
D00 0.0278 295 567 325 640
D00 0.0269 376 510 425 617
D00 0.0266 575 635 606 699
D00 0.0265 325 639 383 675
D00 0.0263 292 568 375 651
D00 0.0261 327 572 451 682
D00 0.0260 317 642 367 701
D00 0.0259 303 579 336 652
D00 0.0257 318 623 352 687
D00 0.0255 271 479 306 531
D00 0.0255 177 634 266 711
D00 0.0250 229 583 308 677
D00 0.0249 301 604 430 676
D00 0.0249 314 585 395 669
D00 0.0248 270 494 311 567
D00 0.0246 551 627 604 691
D00 0.0245 277 624 364 696
D00 0.0241 138 634 214 718
D00 0.0241 201 602 264 698
D00 0.0239 242 555 335 644
D00 0.0235 316 463 369 493
D00 0.0230 258 643 289 703
D00 0.0229 281 543 364 623
D00 0.0221 220 647 326 703
D00 0.0221 556 544 637 696
D00 0.0219 348 515 400 616
D00 0.0215 381 555 426 647
D00 0.0215 294 547 323 617
D00 0.0213 402 564 438 617
D00 0.0212 393 525 473 629
D00 0.0212 515 585 628 696
D00 0.0207 367 526 410 612
D00 0.0206 326 650 379 687
D00 0.0206 285 509 311 581
D00 0.0205 176 454 229 509
D00 0.0204 329 599 377 677
D00 0.0204 181 559 232 672
D00 0.0203 107 621 245 715
D00 0.0203 98 662 201 719
D00 0.0202 409 587 455 687
D00 0.0196 386 535 417 607
D00 0.0196 344 464 482 624
D00 0.0195 211 634 382 704
D00 0.0194 166 601 249 695
D00 0.0193 273 518 350 607
D00 0.0193 288 514 325 608
D00 0.0190 351 523 378 591
D00 0.0187 293 612 369 660
D00 0.0186 285 493 322 567
D00 0.0184 130 542 227 705
D00 0.0184 211 632 254 709
D00 0.0180 315 471 521 694
D00 0.0180 283 555 317 627
D00 0.0179 3 467 160 683
D00 0.0179 340 493 386 598
D00 0.0174 358 580 466 659
D00 0.0173 328 466 415 625
D00 0.0173 531 629 651 697
D00 0.0172 305 640 361 675
D00 0.0172 345 546 427 628
D00 0.0171 304 630 362 662
D00 0.0171 545 564 609 686
D00 0.0171 233 662 290 696
D00 0.0171 341 502 368 564
D00 0.0170 387 586 440 655
D00 0.0167 257 602 309 690
D00 0.0167 414 578 468 647
D00 0.0166 0 459 91 641
D00 0.0166 543 453 675 673
D00 0.0165 559 654 602 701
D00 0.0164 558 596 600 681
D00 0.0164 463 625 542 692
D00 0.0162 501 128 700 516
D00 0.0162 262 600 339 667
D00 0.0160 304 650 359 687
D00 0.0160 337 462 392 494
D00 0.0159 288 615 403 711
D00 0.0157 556 600 673 706
D00 0.0156 234 622 274 691
D00 0.0155 249 592 280 665
D00 0.0155 360 534 390 603
D00 0.0155 476 475 654 661
D00 0.0154 350 502 378 567
D00 0.0154 327 473 381 499
D00 0.0153 303 560 333 628
D00 0.0153 330 459 360 509
D00 0.0152 340 480 366 544
D00 0.0151 572 626 625 691
D00 0.0151 394 526 424 599
D00 0.0151 304 612 341 677
D00 0.0151 209 573 278 685
D00 0.0150 290 646 387 701
D00 0.0150 418 609 447 673
D00 0.0149 412 560 447 629
D00 0.0149 201 648 287 713
D00 0.0148 324 592 360 662
D00 0.0147 268 587 343 637
D00 0.0146 586 401 631 504
D00 0.0146 581 560 652 684
D00 0.0145 155 648 242 719
D00 0.0144 381 476 448 603
D00 0.0144 87 683 178 718
D00 0.0143 281 467 312 518
D00 0.0142 425 574 493 684
D00 0.0141 392 500 552 688
D00 0.0141 306 588 352 638
D00 0.0141 362 536 460 610
D00 0.0141 331 441 375 527
D00 0.0140 290 477 321 529
D00 0.0140 252 666 294 706
D00 0.0140 0 432 74 583
D00 0.0139 194 590 242 687
D00 0.0138 365 485 413 590
D00 0.0136 335 458 446 572
D00 0.0135 629 157 720 347
D00 0.0135 425 600 456 664
D00 0.0134 568 543 700 696
D00 0.0134 346 450 378 502
D00 0.0133 483 631 517 688
D00 0.0132 155 595 217 702
D00 0.0132 192 538 243 649
D00 0.0130 518 611 598 685
D00 0.0130 258 528 318 594
D00 0.0130 527 647 620 705
D00 0.0130 342 634 381 691
D00 0.0129 577 654 619 702
D00 0.0129 402 549 459 618
D00 0.0128 550 641 603 674
D00 0.0127 582 199 709 461
D00 0.0125 246 634 332 681
D00 0.0125 258 570 317 655
D00 0.0124 536 651 596 686
D00 0.0124 144 670 205 720
D00 0.0124 617 566 706 705
D00 0.0124 355 592 426 690
D00 0.0123 366 556 411 645
D00 0.0123 0 613 40 720
D00 0.0122 573 585 629 683
D00 0.0122 305 599 383 651
D00 0.0121 278 545 318 593
D00 0.0121 281 578 320 648
D00 0.0121 402 580 519 660
D00 0.0121 191 458 238 500
D00 0.0120 502 398 700 709
D00 0.0120 569 623 609 672
D00 0.0120 182 621 237 701
D00 0.0120 357 494 395 578
D00 0.0119 335 528 378 605
D00 0.0119 601 581 677 696
D00 0.0118 374 515 404 584
D00 0.0118 310 480 387 606
D00 0.0118 634 215 720 411
D00 0.0118 535 641 695 713
D00 0.0117 222 650 283 689
D00 0.0117 250 663 317 696
D00 0.0116 320 438 367 491
D00 0.0115 392 500 516 619
D00 0.0115 597 418 625 492
D00 0.0114 587 420 616 491
D00 0.0114 296 530 339 614
D00 0.0114 556 445 638 604
D00 0.0114 385 504 414 571
D00 0.0113 291 594 346 628
D00 0.0112 479 613 571 689
D00 0.0111 14 452 59 544
D00 0.0111 186 447 242 528
D00 0.0110 237 639 288 676
D00 0.0108 535 161 674 412
D00 0.0108 423 555 482 649
D00 0.0108 204 630 238 697
D00 0.0108 472 648 534 694
D00 0.0108 569 666 610 707
D00 0.0108 398 600 430 663
D00 0.0108 375 461 423 560
D00 0.0108 212 612 249 685
D00 0.0108 334 476 370 518
D00 0.0107 554 98 720 383
D00 0.0106 543 251 670 505
D00 0.0106 597 654 717 713
D00 0.0106 361 514 462 584
D00 0.0106 239 622 316 670
D00 0.0105 652 586 704 684
D00 0.0104 437 610 522 687
D00 0.0104 279 605 338 642
D00 0.0103 102 638 204 703
D00 0.0103 492 639 527 691
D00 0.0103 317 453 352 499
D00 0.0103 425 532 527 677
D00 0.0103 338 459 387 563
D00 0.0102 129 687 194 718
D00 0.0102 161 675 272 720
D00 0.0102 333 625 390 709
D00 0.0102 388 572 435 606
D00 0.0101 392 576 452 625
D00 0.0101 665 619 715 718
D00 0.0100 353 582 399 662
D00 0.0100 538 494 618 663
D00 0.0100 652 211 715 344
D00 0.0100 581 616 720 707
D00 0.0100 502 512 611 703
D10 0.0490 292 578 400 631
D10 0.0433 317 622 418 675
D10 0.0423 307 587 382 611
D10 0.0383 329 632 400 662
D10 0.0364 298 573 393 611
D10 0.0330 318 581 408 616
D10 0.0278 265 475 331 499
D10 0.0274 331 576 398 605
D10 0.0261 357 469 519 538
D10 0.0259 420 495 512 528
D10 0.0255 325 609 445 663
D10 0.0248 340 623 410 654
D10 0.0224 297 474 363 499
D10 0.0217 432 504 522 535
D10 0.0211 209 577 358 662
D10 0.0208 233 557 376 631
D10 0.0208 274 487 342 515
D10 0.0208 377 489 539 562
D10 0.0197 316 561 439 617
D10 0.0193 253 536 393 606
D10 0.0192 245 600 335 646
D10 0.0188 282 580 361 622
D10 0.0188 310 594 376 625
D10 0.0185 377 487 494 532
D10 0.0181 253 467 322 493
D10 0.0179 279 539 374 576
D10 0.0177 359 631 431 659
D10 0.0177 408 498 484 524
D10 0.0175 268 552 327 583
D10 0.0172 270 544 326 570
D10 0.0172 460 510 537 534
D10 0.0171 243 546 326 592
D10 0.0168 241 476 313 502
D10 0.0164 289 575 353 605
D10 0.0162 314 621 374 653
D10 0.0161 331 595 398 624
D10 0.0159 223 567 321 610
D10 0.0158 193 535 347 604
D10 0.0157 269 548 354 589
D10 0.0155 401 477 556 530
D10 0.0155 236 577 328 624
D10 0.0153 259 538 338 578
D10 0.0153 296 486 362 513
D10 0.0152 320 582 434 646
D10 0.0152 332 473 450 529
D10 0.0152 252 596 327 628
D10 0.0150 354 585 420 613
D10 0.0149 174 556 325 629
D10 0.0146 358 493 469 555
D10 0.0142 336 450 495 521
D10 0.0136 244 608 314 637
D10 0.0134 243 543 312 572
D10 0.0132 325 600 406 650
D10 0.0132 227 591 316 635
D10 0.0131 660 691 719 720
D10 0.0130 280 585 336 615
D10 0.0129 451 496 543 529
D10 0.0129 290 557 383 603
D10 0.0129 401 503 492 538
D10 0.0123 234 585 307 615
D10 0.0121 280 561 338 596
D10 0.0121 269 567 347 613
D10 0.0119 272 529 325 558
D10 0.0117 290 630 354 662
D10 0.0117 287 530 359 558
D10 0.0116 326 484 380 511
D10 0.0113 221 574 296 602
D10 0.0112 296 552 373 581
D10 0.0111 372 572 426 606
D10 0.0111 148 673 281 720
D10 0.0108 410 482 498 522
D10 0.0107 304 514 420 586
D10 0.0107 630 681 720 720
D10 0.0105 313 605 373 642
D10 0.0104 306 492 420 560
D10 0.0104 381 515 489 583
D10 0.0102 232 561 309 594
D10 0.0102 360 576 434 623
D10 0.0100 201 578 290 623
D20 0.4470 17 492 506 702
D20 0.1580 78 571 402 695
D20 0.1270 186 518 381 699
D20 0.1064 189 517 576 693
D20 0.0893 34 512 302 699
D20 0.0820 121 596 331 709
D20 0.0791 0 414 720 710
D20 0.0780 198 494 405 634
D20 0.0700 240 556 448 684
D20 0.0659 64 466 387 632
D20 0.0530 179 471 383 569
D20 0.0529 160 479 341 652
D20 0.0525 185 612 371 700
D20 0.0512 220 489 324 537
D20 0.0510 403 589 622 692
D20 0.0508 0 398 332 720
D20 0.0480 148 530 289 712
D20 0.0431 166 563 337 679
D20 0.0411 257 493 375 539
D20 0.0401 307 564 661 696
D20 0.0390 451 631 604 692
D20 0.0383 262 485 331 544
D20 0.0374 275 491 417 682
D20 0.0374 250 502 361 676
D20 0.0371 184 463 518 626
D20 0.0354 214 544 389 650
D20 0.0349 153 625 292 700
D20 0.0333 253 480 388 607
D20 0.0333 294 578 527 683
D20 0.0331 145 599 477 720
D20 0.0327 234 440 643 650
D20 0.0319 159 454 364 537
D20 0.0315 246 483 321 523
D20 0.0304 0 601 305 720
D20 0.0302 369 558 570 678
D20 0.0299 302 485 524 673
D20 0.0292 0 110 720 720
D20 0.0288 205 462 356 513
D20 0.0270 256 524 419 626
D20 0.0267 212 492 358 559
D20 0.0266 266 457 374 499
D20 0.0261 286 465 356 493
D20 0.0261 451 610 668 701
D20 0.0254 242 544 332 634
D20 0.0250 260 504 319 615
D20 0.0248 271 505 384 558
D20 0.0242 284 613 445 690
D20 0.0238 257 472 341 504
D20 0.0235 264 478 374 524
D20 0.0231 435 607 583 681
D20 0.0229 225 505 344 605
D20 0.0223 267 473 311 536
D20 0.0223 428 499 667 692
D20 0.0218 322 601 410 674
D20 0.0212 355 426 720 707
D20 0.0206 318 463 456 628
D20 0.0204 0 0 489 353
D20 0.0200 275 471 318 507
D20 0.0199 315 517 389 596
D20 0.0198 382 618 559 691
D20 0.0198 262 468 414 548
D20 0.0198 314 494 370 550
D20 0.0195 201 0 720 353
D20 0.0194 438 652 588 703
D20 0.0194 240 456 396 521
D20 0.0192 375 142 720 720
D20 0.0189 330 484 377 578
D20 0.0188 280 552 398 611
D20 0.0182 440 641 547 690
D20 0.0178 239 443 488 720
D20 0.0177 240 560 312 666
D20 0.0175 0 0 349 720
D20 0.0172 0 583 163 711
D20 0.0169 282 482 326 521
D20 0.0168 267 626 558 720
D20 0.0167 384 524 580 640
D20 0.0165 294 499 362 528
D20 0.0164 338 526 391 617
D20 0.0163 214 532 331 590
D20 0.0162 280 521 369 602
D20 0.0162 249 488 312 574
D20 0.0162 313 460 595 588
D20 0.0160 504 599 603 689
D20 0.0158 334 549 417 624
D20 0.0156 512 561 691 706
D20 0.0152 351 605 475 673
D20 0.0152 325 491 364 533
D20 0.0150 309 569 398 641
D20 0.0150 414 589 505 681
D20 0.0149 69 567 236 720
D20 0.0148 480 641 649 707
D20 0.0148 336 470 370 552
D20 0.0148 211 516 308 658
D20 0.0147 330 592 445 657
D20 0.0147 296 460 489 567
D20 0.0144 302 468 378 502
D20 0.0143 200 549 324 610
D20 0.0140 545 0 720 274
D20 0.0135 220 472 314 508
D20 0.0132 293 470 346 503
D20 0.0129 265 474 343 576
D20 0.0128 282 450 362 485
D20 0.0128 305 464 376 532
D20 0.0128 546 436 720 720
D20 0.0128 313 512 390 555
D20 0.0127 376 472 538 600
D20 0.0124 204 465 314 583
D20 0.0122 245 437 367 582
D20 0.0121 0 0 174 273
D20 0.0119 325 478 364 518
D20 0.0119 233 530 301 623
D20 0.0118 117 405 417 687
D20 0.0116 465 0 720 175
D20 0.0116 325 507 379 538
D20 0.0116 279 455 335 536
D20 0.0115 424 0 720 505
D20 0.0115 404 540 518 698
D20 0.0115 288 493 348 592
D20 0.0113 175 430 377 511
D20 0.0113 338 503 387 567
D20 0.0112 200 570 288 664
D20 0.0111 354 584 418 675
D20 0.0110 515 628 715 717
D20 0.0110 0 491 100 706
D20 0.0110 308 452 405 500
D20 0.0108 465 545 597 700
D20 0.0106 448 576 560 670
D20 0.0105 234 471 302 544
D20 0.0105 393 436 666 604
D20 0.0104 0 431 153 720
D20 0.0103 294 482 341 544
D20 0.0101 265 463 312 498
D20 0.0100 312 444 423 540
D40 0.0893 277 500 313 541
D40 0.0871 41 529 305 694
D40 0.0756 258 506 316 535
D40 0.0676 8 540 150 699
D40 0.0638 30 493 233 613
D40 0.0601 61 472 258 582
D40 0.0601 15 570 101 665
D40 0.0582 94 457 292 551
D40 0.0563 118 474 275 645
D40 0.0542 275 508 341 536
D40 0.0532 223 496 324 541
D40 0.0526 3 602 219 714
D40 0.0498 152 475 350 594
D40 0.0494 63 464 225 542
D40 0.0489 157 468 328 543
D40 0.0481 18 571 183 664
D40 0.0477 6 434 337 660
D40 0.0456 264 490 331 552
D40 0.0451 129 471 254 531
D40 0.0449 243 498 312 530
D40 0.0441 260 500 376 545
D40 0.0422 7 590 115 717
D40 0.0417 114 506 279 592
D40 0.0407 147 457 277 516
D40 0.0404 91 448 240 523
D40 0.0398 3 552 127 642
D40 0.0386 175 474 217 520
D40 0.0379 160 459 224 525
D40 0.0378 6 512 177 640
D40 0.0372 75 494 214 557
D40 0.0366 21 600 138 680
D40 0.0364 184 486 314 533
D40 0.0357 132 492 256 553
D40 0.0352 28 486 191 569
D40 0.0342 179 609 294 700
D40 0.0339 7 481 112 659
D40 0.0333 152 634 325 707
D40 0.0330 82 528 250 617
D40 0.0329 271 515 325 543
D40 0.0323 72 517 212 580
D40 0.0311 17 524 99 625
D40 0.0308 85 616 270 709
D40 0.0305 28 562 165 628
D40 0.0304 183 461 336 515
D40 0.0300 137 553 267 697
D40 0.0298 170 487 241 529
D40 0.0286 318 628 423 681
D40 0.0283 29 628 177 702
D40 0.0281 0 545 86 696
D40 0.0278 146 527 314 620
D40 0.0277 194 646 297 704
D40 0.0275 182 483 296 573
D40 0.0274 414 608 449 657
D40 0.0270 49 548 230 644
D40 0.0266 296 550 405 607
D40 0.0265 127 649 269 708
D40 0.0265 198 502 297 536
D40 0.0264 472 642 596 691
D40 0.0262 32 537 166 608
D40 0.0259 238 592 345 659
D40 0.0254 78 484 219 671
D40 0.0253 173 460 218 503
D40 0.0250 170 493 274 542
D40 0.0248 290 495 319 548
D40 0.0248 151 495 238 678
D40 0.0247 285 530 390 585
D40 0.0245 262 635 368 695
D40 0.0245 126 549 217 604
D40 0.0242 38 476 179 536
D40 0.0241 15 462 157 606
D40 0.0240 28 582 97 625
D40 0.0238 17 653 150 714
D40 0.0235 208 497 282 527
D40 0.0233 149 455 234 603
D40 0.0230 280 500 354 529
D40 0.0228 406 596 442 650
D40 0.0227 163 621 254 703
D40 0.0224 201 631 266 697
D40 0.0223 145 482 213 516
D40 0.0221 115 431 310 515
D40 0.0218 104 475 211 523
D40 0.0217 136 539 261 600
D40 0.0216 342 568 388 610
D40 0.0216 137 491 207 617
D40 0.0215 26 502 121 599
D40 0.0214 335 534 375 578
D40 0.0213 7 407 284 557
D40 0.0212 44 605 202 679
D40 0.0212 311 546 391 590
D40 0.0212 401 586 461 670
D40 0.0212 161 478 231 552
D40 0.0209 31 446 196 526
D40 0.0207 247 502 313 557
D40 0.0203 345 543 383 592
D40 0.0203 235 566 337 637
D40 0.0202 0 473 190 710
D40 0.0201 199 481 261 533
D40 0.0200 309 542 377 570
D40 0.0199 128 436 246 499
D40 0.0198 50 536 134 659
D40 0.0197 74 653 229 710
D40 0.0195 322 563 387 597
D40 0.0194 200 505 328 603
D40 0.0194 259 495 299 542
D40 0.0189 462 647 545 690
D40 0.0187 155 493 215 524
D40 0.0186 335 627 390 667
D40 0.0185 122 456 225 508
D40 0.0185 283 516 357 546
D40 0.0185 213 604 320 674
D40 0.0183 177 490 248 628
D40 0.0182 127 590 230 694
D40 0.0180 185 466 226 537
D40 0.0180 411 585 520 641
D40 0.0178 38 564 108 637
D40 0.0178 298 525 380 565
D40 0.0177 158 539 227 620
D40 0.0176 336 640 408 673
D40 0.0176 0 624 93 703
D40 0.0176 188 506 250 535
D40 0.0174 193 475 237 521
D40 0.0174 16 482 97 575
D40 0.0174 176 467 250 510
D40 0.0173 175 656 267 700
D40 0.0171 87 485 192 533
D40 0.0171 123 446 222 563
D40 0.0169 280 519 314 568
D40 0.0168 152 448 222 489
D40 0.0167 229 486 307 519
D40 0.0167 419 597 460 648
D40 0.0166 370 589 446 669
D40 0.0165 106 475 192 581
D40 0.0164 64 542 180 697
D40 0.0163 209 654 255 699
D40 0.0162 245 610 284 662
D40 0.0162 149 464 216 497
D40 0.0161 124 529 219 587
D40 0.0160 218 499 264 536
D40 0.0160 0 412 126 559
D40 0.0160 307 502 358 542
D40 0.0159 324 530 380 559
D40 0.0159 72 583 223 654
D40 0.0158 484 653 563 686
D40 0.0158 397 618 445 651
D40 0.0158 77 495 166 610
D40 0.0156 335 510 371 557
D40 0.0156 138 559 264 626
D40 0.0156 348 618 420 670
D40 0.0155 108 514 190 641
D40 0.0154 479 663 547 693
D40 0.0154 165 439 301 496
D40 0.0154 177 497 218 540
D40 0.0154 171 578 243 676
D40 0.0153 160 578 294 659
D40 0.0153 188 507 310 555
D40 0.0151 344 558 406 618
D40 0.0151 310 517 371 549
D40 0.0150 27 465 123 550
D40 0.0148 331 573 398 629
D40 0.0147 261 511 316 580
D40 0.0146 353 554 395 603
D40 0.0146 219 662 286 695
D40 0.0146 232 517 309 543
D40 0.0146 151 556 200 598
D40 0.0145 14 587 82 618
D40 0.0145 139 534 210 675
D40 0.0143 227 602 311 646
D40 0.0141 162 546 207 591
D40 0.0141 188 668 279 708
D40 0.0139 49 517 162 569
D40 0.0139 111 502 193 541
D40 0.0139 329 452 377 484
D40 0.0138 3 590 77 674
D40 0.0138 327 582 382 618
D40 0.0137 513 637 598 680
D40 0.0137 173 548 240 640
D40 0.0136 261 516 376 576
D40 0.0136 83 540 200 594
D40 0.0136 175 448 245 535
D40 0.0136 154 632 218 702
D40 0.0135 28 597 96 644
D40 0.0135 363 623 445 664
D40 0.0134 297 503 367 558
D40 0.0134 281 512 334 578
D40 0.0134 12 582 78 640
D40 0.0134 183 463 242 494
D40 0.0132 133 424 223 469
D40 0.0132 122 485 193 515
D40 0.0132 345 521 380 568
D40 0.0132 208 485 279 518
D40 0.0130 6 489 70 615
D40 0.0130 410 611 479 656
D40 0.0129 353 443 566 527
D40 0.0129 189 515 280 658
D40 0.0129 0 352 244 629
D40 0.0129 202 620 281 673
D40 0.0128 99 564 207 708
D40 0.0127 15 438 96 532
D40 0.0127 329 455 453 511
D40 0.0127 176 452 231 484
D40 0.0127 95 514 181 553
D40 0.0126 307 565 383 619
D40 0.0125 265 622 355 668
D40 0.0125 220 475 291 526
D40 0.0125 172 493 243 567
D40 0.0124 416 613 511 690
D40 0.0123 279 536 316 581
D40 0.0123 344 628 483 685
D40 0.0123 240 546 317 612
D40 0.0123 197 469 285 508
D40 0.0123 383 468 485 541
D40 0.0122 121 495 189 524
D40 0.0122 53 478 137 585
D40 0.0122 89 632 199 687
D40 0.0121 444 588 556 639
D40 0.0120 522 652 591 685
D40 0.0120 114 572 215 630
D40 0.0119 555 517 681 685
D40 0.0119 155 431 265 563
D40 0.0119 150 558 221 648
D40 0.0118 249 657 345 699
D40 0.0116 348 465 434 549
D40 0.0116 496 658 592 697
D40 0.0116 386 457 531 514
D40 0.0116 14 525 86 565
D40 0.0115 300 444 492 535
D40 0.0115 394 629 446 659
D40 0.0115 275 588 327 637
D40 0.0114 504 462 569 493
D40 0.0114 2 603 33 667
D40 0.0113 247 590 303 637
D40 0.0113 485 637 534 683
D40 0.0113 398 622 466 665
D40 0.0112 345 462 405 494
D40 0.0111 148 566 218 609
D40 0.0111 156 668 242 711
D40 0.0110 155 442 219 469
D40 0.0110 375 612 424 656
D40 0.0109 41 593 135 650
D40 0.0109 431 597 498 629
D40 0.0109 174 555 216 602
D40 0.0109 237 523 317 566
D40 0.0109 264 546 313 593
D40 0.0108 142 490 208 547
D40 0.0108 81 459 168 555
D40 0.0107 0 384 155 500
D40 0.0107 3 603 47 690
D40 0.0107 141 547 192 589
D40 0.0107 288 651 355 687
D40 0.0106 0 459 73 554
D40 0.0106 428 589 476 636
D40 0.0106 180 513 261 549
D40 0.0106 155 506 215 535
D40 0.0105 255 592 291 662
D40 0.0105 415 580 492 624
D40 0.0105 214 546 309 591
D40 0.0105 158 602 217 674
D40 0.0104 208 462 297 497
D40 0.0104 68 619 172 672
D40 0.0104 228 475 305 503
D40 0.0104 423 607 484 640
D40 0.0103 140 470 197 511
D40 0.0103 528 573 662 671
D40 0.0103 338 645 425 688
D40 0.0102 51 588 103 635
D40 0.0102 156 513 214 601
D40 0.0102 488 454 579 499
D40 0.0102 344 591 408 657
D40 0.0101 299 496 334 547
D40 0.0101 461 622 572 682
D40 0.0101 409 468 589 536
D40 0.0101 471 579 575 627
D40 0.0101 189 521 309 574
D40 0.0100 185 450 263 487
D40 0.0100 495 643 577 676
D40 0.0100 238 617 293 649
D40 0.0100 154 432 219 459
D40 0.0100 338 548 374 606
