D00 0.0671 491 478 565 562
D00 0.0640 31 457 71 536
D00 0.0530 517 488 581 571
D00 0.0518 457 436 586 568
D00 0.0464 9 453 95 550
D00 0.0439 1 426 106 603
D00 0.0429 174 511 244 539
D00 0.0415 474 463 547 544
D00 0.0393 539 499 573 566
D00 0.0385 44 477 75 538
D00 0.0384 146 503 252 546
D00 0.0377 1 488 235 705
D00 0.0343 550 509 582 573
D00 0.0338 108 472 266 543
D00 0.0337 0 618 53 720
D00 0.0332 20 468 58 532
D00 0.0329 2 452 144 675
D00 0.0328 541 489 608 574
D00 0.0314 505 451 620 568
D00 0.0304 303 577 334 633
D00 0.0301 34 467 84 559
D00 0.0301 24 486 75 546
D00 0.0300 78 446 246 527
D00 0.0297 463 398 550 548
D00 0.0291 63 484 267 569
D00 0.0290 130 495 294 560
D00 0.0274 522 507 568 559
D00 0.0271 294 585 326 642
D00 0.0270 0 558 76 713
D00 0.0269 508 468 554 549
D00 0.0261 3 418 69 527
D00 0.0261 118 492 272 607
D00 0.0261 9 463 141 575
D00 0.0259 497 487 546 538
D00 0.0257 466 491 546 566
D00 0.0255 170 507 248 574
D00 0.0251 154 465 236 538
D00 0.0249 144 493 232 534
D00 0.0249 175 500 241 531
D00 0.0249 65 502 332 693
D00 0.0247 4 475 72 528
D00 0.0244 23 434 185 623
D00 0.0242 500 442 587 541
D00 0.0242 528 521 581 577
D00 0.0241 335 370 376 409
D00 0.0239 0 473 76 569
D00 0.0237 2 648 35 713
D00 0.0235 357 622 419 654
D00 0.0231 247 567 364 670
D00 0.0231 120 521 266 665
D00 0.0229 134 451 218 525
D00 0.0228 295 565 325 620
D00 0.0225 32 495 86 529
D00 0.0223 38 480 100 537
D00 0.0219 470 449 570 525
D00 0.0219 268 385 369 437
D00 0.0217 33 505 255 596
D00 0.0217 0 487 74 658
D00 0.0216 481 480 527 558
D00 0.0216 448 430 526 542
D00 0.0216 490 512 602 575
D00 0.0216 261 617 292 676
D00 0.0215 18 482 84 608
D00 0.0214 562 510 593 574
D00 0.0211 37 464 80 517
D00 0.0211 490 477 536 527
D00 0.0207 305 374 378 442
D00 0.0206 30 530 178 720
D00 0.0205 286 548 333 638
D00 0.0204 0 538 130 702
D00 0.0203 361 610 392 660
D00 0.0202 110 444 218 491
D00 0.0201 153 519 231 546
D00 0.0200 103 427 263 505
D00 0.0200 526 482 562 551
D00 0.0200 156 481 297 537
D00 0.0198 147 518 280 578
D00 0.0197 12 494 67 530
D00 0.0197 486 411 633 602
D00 0.0197 339 390 370 450
D00 0.0196 6 460 47 524
D00 0.0195 288 578 352 647
D00 0.0194 0 604 36 692
D00 0.0194 252 625 303 685
D00 0.0194 538 540 589 573
D00 0.0193 402 414 547 605
D00 0.0193 13 457 62 504
D00 0.0193 1 617 157 708
D00 0.0192 378 622 439 654
D00 0.0191 367 629 428 660
D00 0.0190 71 500 230 554
D00 0.0189 221 543 343 651
D00 0.0189 294 596 345 629
D00 0.0189 7 491 116 556
D00 0.0188 113 558 226 675
D00 0.0187 334 621 399 652
D00 0.0186 52 435 328 615
D00 0.0185 277 405 341 435
D00 0.0185 122 520 234 571
D00 0.0184 340 605 418 663
D00 0.0184 0 572 50 675
D00 0.0183 478 452 525 530
D00 0.0183 431 389 606 622
D00 0.0182 46 451 93 530
D00 0.0182 323 377 368 420
D00 0.0181 299 599 338 646
D00 0.0181 227 600 392 678
D00 0.0180 458 484 640 582
D00 0.0180 286 395 351 428
D00 0.0179 145 485 345 645
D00 0.0179 135 581 246 693
D00 0.0177 146 505 237 638
D00 0.0177 198 586 320 690
D00 0.0176 545 497 587 549
D00 0.0174 324 382 365 456
D00 0.0174 128 452 202 479
D00 0.0172 431 499 581 577
D00 0.0172 549 522 601 579
D00 0.0171 284 586 333 618
D00 0.0171 144 468 224 511
D00 0.0169 339 413 368 472
D00 0.0169 168 517 301 625
D00 0.0167 491 497 533 574
D00 0.0166 243 524 361 628
D00 0.0166 1 451 35 511
D00 0.0164 166 481 244 523
D00 0.0164 0 649 85 714
D00 0.0164 268 393 332 442
D00 0.0163 476 465 581 641
D00 0.0163 101 559 298 709
D00 0.0162 564 499 616 567
D00 0.0162 92 529 249 613
D00 0.0161 181 628 236 686
D00 0.0161 144 475 240 583
D00 0.0161 501 503 558 543
D00 0.0161 394 611 426 661
D00 0.0160 162 505 217 541
D00 0.0160 246 603 313 674
D00 0.0160 329 394 379 484
D00 0.0160 153 452 251 506
D00 0.0159 173 562 299 674
D00 0.0159 2 591 32 659
D00 0.0158 247 387 368 480
D00 0.0156 306 584 349 625
D00 0.0155 320 360 386 419
D00 0.0154 130 440 218 475
D00 0.0154 308 399 355 439
D00 0.0153 426 369 539 531
D00 0.0151 292 394 368 463
D00 0.0151 270 586 336 684
D00 0.0151 85 581 206 692
D00 0.0151 142 448 309 527
D00 0.0148 347 373 380 421
D00 0.0147 135 536 204 652
D00 0.0146 500 469 543 516
D00 0.0146 533 488 577 538
D00 0.0145 350 609 382 659
D00 0.0144 21 470 74 507
D00 0.0144 527 515 661 577
D00 0.0143 291 370 373 408
D00 0.0142 371 606 447 664
D00 0.0142 313 394 371 426
D00 0.0141 0 488 62 547
D00 0.0140 40 540 245 653
D00 0.0140 342 380 383 459
D00 0.0140 202 621 366 697
D00 0.0140 486 509 517 569
D00 0.0139 251 609 281 668
D00 0.0139 0 560 36 647
D00 0.0139 283 577 333 605
D00 0.0139 0 669 55 720
D00 0.0138 154 611 222 683
D00 0.0138 381 613 417 660
D00 0.0138 283 518 333 609
D00 0.0138 188 509 262 557
D00 0.0137 282 606 336 659
D00 0.0137 91 496 213 653
D00 0.0137 152 485 220 517
D00 0.0136 277 376 343 429
D00 0.0135 526 364 674 574
D00 0.0135 483 418 536 524
D00 0.0135 510 518 561 565
D00 0.0134 269 618 326 671
D00 0.0134 260 641 313 674
D00 0.0134 369 617 405 663
D00 0.0133 307 576 383 667
D00 0.0133 140 620 291 701
D00 0.0133 289 559 328 598
D00 0.0133 174 481 224 544
D00 0.0132 388 630 449 660
D00 0.0132 575 483 630 578
D00 0.0131 265 614 308 657
D00 0.0131 220 376 353 456
D00 0.0131 517 539 574 572
D00 0.0131 99 512 206 586
D00 0.0130 58 403 222 573
D00 0.0130 444 466 536 593
D00 0.0130 261 630 314 663
D00 0.0129 467 428 512 504
D00 0.0129 175 537 247 652
D00 0.0129 108 537 198 575
D00 0.0129 176 625 220 670
D00 0.0128 187 504 227 547
D00 0.0128 150 448 236 486
D00 0.0127 319 418 396 489
D00 0.0127 151 538 279 603
D00 0.0127 261 461 410 655
D00 0.0126 511 493 567 528
D00 0.0126 56 520 199 626
D00 0.0126 392 487 474 561
D00 0.0126 64 462 188 541
D00 0.0126 288 384 353 418
D00 0.0125 270 551 325 604
D00 0.0125 20 497 122 650
D00 0.0125 273 575 327 629
D00 0.0125 199 442 385 676
D00 0.0125 504 479 576 525
D00 0.0124 29 607 238 706
D00 0.0124 248 517 325 592
D00 0.0124 274 403 346 477
D00 0.0124 495 451 528 517
D00 0.0124 575 510 605 575
D00 0.0123 423 446 504 552
D00 0.0123 448 330 587 546
D00 0.0123 303 387 391 518
D00 0.0123 346 609 408 645
D00 0.0123 141 508 217 558
D00 0.0122 462 511 523 568
D00 0.0122 177 527 241 558
D00 0.0122 0 131 80 331
D00 0.0121 322 608 388 657
D00 0.0121 324 415 363 489
D00 0.0121 348 414 378 472
D00 0.0121 294 602 373 646
D00 0.0121 185 464 318 553
D00 0.0120 120 450 191 503
D00 0.0120 477 443 699 640
D00 0.0120 125 406 295 476
D00 0.0120 294 537 323 595
D00 0.0120 141 461 209 493
D00 0.0120 132 528 215 604
D00 0.0120 0 478 35 538
D00 0.0120 263 489 343 617
D00 0.0120 292 401 357 508
D00 0.0119 45 498 92 540
D00 0.0119 480 622 538 651
D00 0.0119 367 499 452 564
D00 0.0119 426 487 518 560
D00 0.0119 494 502 562 611
D00 0.0118 493 515 555 552
D00 0.0118 191 641 246 675
D00 0.0117 313 594 346 649
D00 0.0117 301 393 337 444
D00 0.0116 159 430 257 543
D00 0.0115 93 414 235 469
D00 0.0115 184 476 249 553
D00 0.0115 4 604 114 680
D00 0.0115 126 616 213 701
D00 0.0114 392 439 450 527
D00 0.0114 185 462 248 518
D00 0.0114 277 603 321 646
D00 0.0114 166 415 296 514
D00 0.0114 252 630 346 681
D00 0.0114 256 592 296 665
D00 0.0114 216 610 290 682
D00 0.0114 333 433 373 475
D00 0.0113 404 615 436 665
D00 0.0113 286 408 332 449
D00 0.0113 128 476 213 541
D00 0.0112 466 290 652 565
D00 0.0112 348 356 379 404
D00 0.0112 223 406 343 509
D00 0.0112 17 638 124 717
D00 0.0112 394 411 448 498
D00 0.0111 476 513 554 581
D00 0.0111 284 564 316 616
D00 0.0111 271 510 348 582
D00 0.0110 184 551 284 637
D00 0.0109 171 454 222 528
D00 0.0109 258 402 320 455
D00 0.0109 556 544 596 583
D00 0.0109 311 403 353 476
D00 0.0109 191 492 262 537
D00 0.0109 128 597 196 673
D00 0.0108 289 386 328 436
D00 0.0108 134 562 252 626
D00 0.0108 551 535 582 584
D00 0.0108 327 500 409 564
D00 0.0108 557 477 602 556
D00 0.0107 246 427 364 533
D00 0.0107 667 484 715 589
D00 0.0107 178 604 246 705
D00 0.0106 35 497 67 558
D00 0.0106 118 398 270 570
D00 0.0106 339 441 425 509
D00 0.0106 310 597 373 629
D00 0.0106 173 473 236 503
D00 0.0106 667 600 716 689
D00 0.0106 307 613 352 653
D00 0.0106 193 502 271 597
D00 0.0105 283 525 313 586
D00 0.0105 114 538 194 616
D00 0.0105 278 632 338 660
D00 0.0105 167 441 291 580
D00 0.0105 355 581 428 669
D00 0.0104 210 518 296 592
D00 0.0104 314 373 351 427
D00 0.0104 504 508 541 569
D00 0.0104 151 423 229 517
D00 0.0103 52 438 138 534
D00 0.0103 4 217 63 336
D00 0.0103 49 630 185 696
D00 0.0102 251 647 322 688
D00 0.0102 574 402 713 605
D00 0.0102 200 628 257 684
D00 0.0102 190 408 332 464
D00 0.0102 181 643 339 715
D00 0.0102 537 495 594 525
D00 0.0102 0 422 40 496
D00 0.0102 292 554 344 606
D00 0.0102 261 567 352 618
D00 0.0101 155 586 274 652
D00 0.0101 550 504 604 538
D00 0.0101 401 513 462 566
D00 0.0100 550 515 601 552
D00 0.0100 45 479 151 612
D00 0.0100 475 506 538 540
D00 0.0100 368 610 429 646
D00 0.0100 119 533 189 562
D00 0.0100 31 447 67 503
D10 0.0428 168 504 269 546
D10 0.0372 179 511 253 538
D10 0.0346 15 452 81 479
D10 0.0278 0 446 97 500
D10 0.0274 6 441 89 475
D10 0.0273 117 487 311 568
D10 0.0268 9 460 67 492
D10 0.0255 26 449 118 485
D10 0.0242 12 510 198 586
D10 0.0237 182 501 251 530
D10 0.0214 34 444 108 470
D10 0.0214 173 493 304 536
D10 0.0201 93 449 195 484
D10 0.0196 5 530 169 613
D10 0.0196 3 470 58 507
D10 0.0195 6 517 117 578
D10 0.0195 447 468 532 509
D10 0.0186 3 494 61 530
D10 0.0185 527 552 583 581
D10 0.0184 178 502 324 557
D10 0.0182 199 501 279 526
D10 0.0182 58 450 160 485
D10 0.0178 13 493 148 556
D10 0.0175 28 460 90 491
D10 0.0172 76 522 225 577
D10 0.0170 4 541 118 601
D10 0.0165 109 437 221 481
D10 0.0159 40 499 211 555
D10 0.0155 11 505 68 537
D10 0.0153 0 452 49 483
D10 0.0152 48 441 144 475
D10 0.0152 536 564 596 587
D10 0.0146 557 565 622 588
D10 0.0146 547 553 605 581
D10 0.0145 412 473 537 527
D10 0.0145 210 510 291 536
D10 0.0137 514 565 578 588
D10 0.0135 579 566 648 589
D10 0.0135 468 462 525 494
D10 0.0129 37 491 126 531
D10 0.0128 334 441 401 469
D10 0.0128 495 539 593 584
D10 0.0126 472 483 535 516
D10 0.0123 52 541 200 601
D10 0.0123 0 482 51 518
D10 0.0120 38 456 129 498
D10 0.0119 420 514 557 571
D10 0.0119 552 539 691 588
D10 0.0115 481 473 536 506
D10 0.0115 234 502 371 559
D10 0.0114 207 481 347 535
D10 0.0114 104 443 185 472
D10 0.0113 5 428 88 463
D10 0.0112 3 561 117 626
D10 0.0111 228 499 300 525
D10 0.0108 0 617 90 681
D10 0.0107 1 630 53 660
D10 0.0107 549 556 658 591
D10 0.0107 492 554 559 581
D10 0.0105 297 490 418 537
D10 0.0105 233 560 319 597
D10 0.0105 254 576 318 601
D10 0.0104 314 441 375 469
D10 0.0103 335 430 397 460
D10 0.0102 446 485 522 512
D10 0.0101 0 441 47 470
D10 0.0100 177 399 290 439
D20 0.0926 0 439 226 536
D20 0.0855 41 464 607 684
D20 0.0646 352 449 579 555
D20 0.0624 169 421 601 613
D20 0.0618 3 434 113 544
D20 0.0615 311 411 546 512
D20 0.0573 3 451 73 535
D20 0.0525 56 361 676 645
D20 0.0507 195 534 570 675
D20 0.0504 6 430 173 509
D20 0.0500 269 390 494 490
D20 0.0487 0 509 425 695
D20 0.0464 264 581 479 667
D20 0.0464 259 401 583 555
D20 0.0408 160 487 533 644
D20 0.0374 0 473 221 572
D20 0.0363 0 399 213 492
D20 0.0357 4 412 317 548
D20 0.0356 316 612 468 667
D20 0.0356 280 478 528 569
D20 0.0352 238 576 605 701
D20 0.0352 294 416 671 696
D20 0.0350 300 601 529 678
D20 0.0346 59 396 529 567
D20 0.0341 0 436 266 690
D20 0.0339 53 423 258 515
D20 0.0335 0 437 468 614
D20 0.0325 12 468 148 539
D20 0.0325 433 464 611 572
D20 0.0324 390 427 539 536
D20 0.0317 316 436 492 558
D20 0.0312 84 553 517 708
D20 0.0308 297 594 441 655
D20 0.0294 194 414 495 532
D20 0.0287 395 411 626 603
D20 0.0286 5 563 326 715
D20 0.0285 0 471 109 674
D20 0.0284 231 377 431 461
D20 0.0283 204 571 415 670
D20 0.0278 151 589 442 697
D20 0.0277 0 382 138 521
D20 0.0270 0 424 80 512
D20 0.0269 165 499 720 720
D20 0.0266 210 370 547 509
D20 0.0259 144 505 359 598
D20 0.0258 333 522 669 676
D20 0.0257 351 491 580 582
D20 0.0250 195 454 496 580
D20 0.0243 0 386 197 579
D20 0.0241 371 389 509 500
D20 0.0236 108 441 302 535
D20 0.0235 175 546 381 650
D20 0.0231 21 452 127 512
D20 0.0230 360 371 710 578
D20 0.0229 325 404 470 476
D20 0.0229 324 474 536 635
D20 0.0228 421 491 558 559
D20 0.0228 0 345 346 649
D20 0.0226 263 386 393 447
D20 0.0226 487 471 693 578
D20 0.0224 36 446 158 491
D20 0.0223 21 198 720 710
D20 0.0220 0 444 59 501
D20 0.0220 131 399 472 712
D20 0.0217 289 403 416 508
D20 0.0216 301 384 439 451
D20 0.0216 260 503 490 591
D20 0.0212 0 534 193 685
D20 0.0212 0 451 42 528
D20 0.0212 108 470 379 660
D20 0.0211 380 571 702 712
D20 0.0211 329 379 502 464
D20 0.0210 44 459 337 574
D20 0.0203 262 609 398 669
D20 0.0202 133 467 360 553
D20 0.0202 306 429 451 490
D20 0.0198 0 364 270 514
D20 0.0198 49 303 587 537
D20 0.0198 178 392 392 479
D20 0.0197 21 18 720 530
D20 0.0194 334 377 459 534
D20 0.0192 223 528 435 626
D20 0.0191 267 561 430 642
D20 0.0191 0 0 489 353
D20 0.0191 0 487 195 634
D20 0.0191 63 445 189 523
D20 0.0190 0 372 204 461
D20 0.0188 201 0 720 353
D20 0.0184 21 413 181 469
D20 0.0184 346 497 499 557
D20 0.0181 214 389 358 442
D20 0.0181 382 614 533 668
D20 0.0179 268 363 478 445
D20 0.0178 337 274 720 672
D20 0.0178 141 565 338 675
D20 0.0174 329 370 443 410
D20 0.0174 285 619 459 692
D20 0.0174 360 624 435 662
D20 0.0173 247 468 412 590
D20 0.0170 82 401 286 492
D20 0.0169 280 370 412 425
D20 0.0169 362 596 508 655
D20 0.0168 38 522 250 625
D20 0.0168 0 430 57 568
D20 0.0168 48 369 421 502
D20 0.0167 271 442 450 519
D20 0.0167 227 326 562 660
D20 0.0164 426 492 660 617
D20 0.0163 83 437 207 481
D20 0.0162 351 417 508 608
D20 0.0159 144 414 363 511
D20 0.0158 193 534 360 611
D20 0.0158 13 358 185 428
D20 0.0157 329 474 475 537
D20 0.0156 501 488 720 720
D20 0.0156 7 402 102 485
D20 0.0155 446 428 520 505
D20 0.0155 463 512 574 569
D20 0.0153 287 588 384 641
D20 0.0152 311 616 396 655
D20 0.0152 285 431 485 665
D20 0.0152 299 553 526 651
D20 0.0152 0 0 415 720
D20 0.0151 368 579 585 669
D20 0.0147 214 515 390 589
D20 0.0146 40 440 101 531
D20 0.0145 288 451 416 553
D20 0.0144 0 386 138 718
D20 0.0142 26 446 92 500
D20 0.0142 0 476 60 524
D20 0.0139 380 358 563 520
D20 0.0138 184 486 320 574
D20 0.0137 329 381 397 459
D20 0.0130 351 431 439 559
D20 0.0129 0 0 176 273
D20 0.0129 344 614 568 697
D20 0.0128 547 0 720 275
D20 0.0127 341 517 461 565
D20 0.0126 0 631 136 720
D20 0.0126 340 629 488 688
D20 0.0125 631 0 720 139
D20 0.0125 323 486 419 564
D20 0.0124 0 555 111 720
D20 0.0123 0 323 203 418
D20 0.0123 395 507 525 561
D20 0.0122 262 596 356 650
D20 0.0121 297 564 393 675
D20 0.0121 260 507 408 681
D20 0.0120 443 257 670 587
D20 0.0120 226 418 393 497
D20 0.0119 273 390 381 560
D20 0.0119 416 449 515 571
D20 0.0118 381 467 568 693
D20 0.0118 591 528 694 583
D20 0.0118 357 405 428 510
D20 0.0118 316 405 420 462
D20 0.0118 28 629 283 720
D20 0.0117 278 522 420 576
D20 0.0117 469 0 720 381
D20 0.0116 330 556 454 691
D20 0.0116 249 476 356 633
D20 0.0115 278 404 380 456
D20 0.0115 445 417 714 653
D20 0.0115 381 605 459 664
D20 0.0114 0 559 55 711
D20 0.0114 0 342 114 605
D20 0.0114 247 631 455 720
D20 0.0113 371 452 460 576
D20 0.0113 0 111 80 305
D20 0.0112 0 617 34 716
D20 0.0111 0 420 34 511
D20 0.0111 545 255 720 691
D20 0.0109 337 362 412 397
D20 0.0108 471 539 699 669
D20 0.0108 0 241 219 516
D20 0.0108 0 489 54 650
D20 0.0106 360 288 585 593
D20 0.0106 418 607 584 676
D20 0.0106 43 388 195 442
D20 0.0105 436 410 499 499
D20 0.0105 378 529 542 660
D20 0.0105 244 456 363 556
D20 0.0105 260 544 389 602
D20 0.0104 460 0 720 174
D20 0.0104 0 455 28 500
D20 0.0103 535 138 720 518
D20 0.0103 377 631 648 720
D20 0.0103 335 465 452 622
D20 0.0103 116 629 379 720
D20 0.0102 290 416 397 470
D20 0.0102 0 0 87 134
D20 0.0101 399 445 476 551
D20 0.0100 0 284 359 481
D40 0.0444 381 442 514 492
D40 0.0435 351 420 533 505
D40 0.0394 335 383 391 412
D40 0.0378 360 450 472 497
D40 0.0334 342 376 403 404
D40 0.0325 390 450 537 516
D40 0.0319 387 452 459 483
D40 0.0299 418 455 519 497
D40 0.0296 379 461 449 490
D40 0.0296 233 389 342 435
D40 0.0287 648 551 707 585
D40 0.0274 391 412 622 545
D40 0.0271 327 374 380 404
D40 0.0266 327 376 424 418
D40 0.0266 326 430 477 491
D40 0.0264 419 408 542 528
D40 0.0263 418 451 498 483
D40 0.0262 601 516 708 584
D40 0.0262 351 384 417 410
D40 0.0256 170 510 281 557
D40 0.0249 430 451 656 577
D40 0.0242 421 470 553 543
D40 0.0228 150 510 318 587
D40 0.0228 405 461 486 491
D40 0.0225 371 404 507 480
D40 0.0224 230 398 305 426
D40 0.0222 630 540 717 588
D40 0.0216 70 446 198 489
D40 0.0207 433 468 528 507
D40 0.0206 345 438 445 519
D40 0.0204 370 440 436 491
D40 0.0199 0 520 213 628
D40 0.0199 465 501 571 562
D40 0.0198 443 436 510 495
D40 0.0198 306 367 397 414
D40 0.0193 349 473 501 537
D40 0.0193 336 393 391 423
D40 0.0191 658 561 715 590
D40 0.0191 265 396 333 428
D40 0.0190 259 376 358 429
D40 0.0185 74 534 190 580
D40 0.0184 438 395 529 493
D40 0.0183 121 473 219 527
D40 0.0182 538 493 715 586
D40 0.0182 196 366 370 430
D40 0.0179 173 384 354 447
D40 0.0177 22 380 287 495
D40 0.0174 403 409 720 602
D40 0.0174 187 391 305 431
D40 0.0174 326 364 378 394
D40 0.0173 379 438 470 480
D40 0.0172 212 381 324 424
D40 0.0171 4 449 52 491
D40 0.0171 504 429 686 589
D40 0.0171 331 508 451 558
D40 0.0170 383 363 529 498
D40 0.0169 456 448 520 508
D40 0.0167 186 518 264 547
D40 0.0167 668 535 711 582
D40 0.0167 380 466 467 504
D40 0.0166 4 486 54 533
D40 0.0165 0 274 42 320
D40 0.0163 79 453 162 481
D40 0.0162 361 352 651 523
D40 0.0160 121 436 228 481
D40 0.0160 433 441 500 473
D40 0.0156 483 418 565 517
D40 0.0153 220 406 292 432
D40 0.0153 330 373 396 442
D40 0.0153 6 356 163 430
D40 0.0152 182 495 367 566
D40 0.0151 59 457 157 495
D40 0.0151 0 490 77 547
D40 0.0150 347 384 486 452
D40 0.0148 679 546 720 589
D40 0.0148 24 450 73 489
D40 0.0148 0 622 36 670
D40 0.0147 84 409 298 546
D40 0.0146 388 436 432 480
D40 0.0146 357 452 430 482
D40 0.0146 208 521 346 581
D40 0.0145 392 432 450 511
D40 0.0145 321 621 388 652
D40 0.0143 7 526 95 618
D40 0.0143 411 430 479 486
D40 0.0141 626 490 720 594
D40 0.0141 0 644 38 695
D40 0.0141 415 377 511 467
D40 0.0140 364 377 431 403
D40 0.0139 87 461 199 515
D40 0.0137 242 406 314 434
D40 0.0135 11 440 62 477
D40 0.0134 432 351 561 507
D40 0.0134 399 409 479 515
D40 0.0133 281 357 379 402
D40 0.0133 299 621 365 650
D40 0.0133 151 443 253 493
D40 0.0132 94 542 169 570
D40 0.0131 19 504 123 588
D40 0.0131 478 468 525 513
D40 0.0131 310 359 517 449
D40 0.0130 525 470 648 549
D40 0.0130 649 513 709 592
D40 0.0129 404 439 436 491
D40 0.0128 168 539 303 602
D40 0.0127 569 502 672 580
D40 0.0126 13 386 150 442
D40 0.0124 393 447 427 498
D40 0.0124 0 614 51 684
D40 0.0124 213 542 344 602
D40 0.0124 176 526 285 584
D40 0.0123 409 436 454 480
D40 0.0123 92 462 172 489
D40 0.0123 242 388 315 416
D40 0.0123 107 377 324 459
D40 0.0122 470 622 529 652
D40 0.0122 298 364 366 390
D40 0.0121 635 545 687 584
D40 0.0120 344 365 402 393
D40 0.0118 163 369 315 420
D40 0.0118 74 383 136 415
D40 0.0117 418 474 499 500
D40 0.0117 485 516 546 551
D40 0.0117 49 523 169 571
D40 0.0116 0 433 76 486
D40 0.0115 199 510 323 561
D40 0.0115 57 373 155 419
D40 0.0115 347 369 485 421
D40 0.0114 378 385 444 411
D40 0.0113 1 365 121 472
D40 0.0113 6 431 70 458
D40 0.0112 107 352 326 430
D40 0.0112 50 542 168 590
D40 0.0112 370 458 433 512
D40 0.0112 452 489 540 534
D40 0.0112 366 455 413 496
D40 0.0111 99 539 207 594
D40 0.0111 561 496 617 526
D40 0.0111 324 505 414 543
D40 0.0110 0 424 96 470
D40 0.0110 198 507 254 541
D40 0.0110 356 442 428 471
D40 0.0110 378 379 418 415
D40 0.0109 0 256 54 327
D40 0.0109 461 373 544 466
D40 0.0109 353 393 416 421
D40 0.0108 507 451 618 524
D40 0.0107 278 511 367 589
D40 0.0107 148 443 220 470
D40 0.0107 14 373 129 421
D40 0.0106 467 434 509 480
D40 0.0105 308 631 379 657
D40 0.0105 269 371 352 406
D40 0.0105 357 374 390 419
D40 0.0104 333 488 447 540
D40 0.0104 152 330 364 411
D40 0.0104 278 620 390 663
D40 0.0103 326 406 380 435
D40 0.0103 135 486 202 517
D40 0.0103 0 435 40 478
D40 0.0102 237 368 340 413
D40 0.0102 259 490 345 569
D40 0.0102 414 446 449 499
D40 0.0102 452 613 546 660
D40 0.0102 0 498 41 542
D40 0.0101 336 457 430 497
D40 0.0101 268 360 354 391
D40 0.0101 46 449 96 487
D40 0.0100 16 334 183 411
D40 0.0100 353 518 424 550
