D00 0.1001 336 487 400 614
D00 0.0874 321 446 415 629
D00 0.0820 318 505 383 621
D00 0.0788 333 524 373 610
D00 0.0513 355 467 419 602
D00 0.0469 268 480 405 618
D00 0.0465 656 484 716 610
D00 0.0440 61 537 212 683
D00 0.0439 325 542 365 620
D00 0.0437 321 533 418 613
D00 0.0432 0 578 207 698
D00 0.0424 588 472 720 618
D00 0.0420 508 454 556 547
D00 0.0409 517 482 548 543
D00 0.0400 669 503 712 583
D00 0.0391 476 467 585 592
D00 0.0343 634 475 703 594
D00 0.0340 27 505 269 698
D00 0.0335 513 486 634 607
D00 0.0334 498 477 551 576
D00 0.0333 339 510 388 587
D00 0.0330 319 457 386 587
D00 0.0328 509 472 541 534
D00 0.0316 661 485 705 567
D00 0.0302 338 453 487 612
D00 0.0294 506 481 577 561
D00 0.0290 351 465 403 560
D00 0.0286 284 513 389 593
D00 0.0277 624 519 708 617
D00 0.0276 478 462 552 539
D00 0.0273 338 541 381 594
D00 0.0273 507 496 557 529
D00 0.0269 335 512 440 595
D00 0.0267 232 459 446 648
D00 0.0260 349 523 396 607
D00 0.0258 81 580 231 713
D00 0.0254 303 557 405 624
D00 0.0252 514 471 698 634
D00 0.0251 565 525 617 619
D00 0.0250 310 479 433 583
D00 0.0250 487 426 567 567
D00 0.0248 332 563 371 613
D00 0.0245 376 466 442 598
D00 0.0240 76 605 199 673
D00 0.0235 6 516 199 645
D00 0.0235 412 454 568 602
D00 0.0233 662 520 704 609
D00 0.0230 475 483 541 605
D00 0.0227 539 503 605 616
D00 0.0227 0 624 191 720
D00 0.0222 341 416 437 593
D00 0.0221 105 515 249 667
D00 0.0219 297 525 366 631
D00 0.0217 337 521 376 573
D00 0.0214 575 535 606 599
D00 0.0210 115 569 209 664
D00 0.0210 360 483 393 546
D00 0.0207 604 492 685 607
D00 0.0207 59 581 190 658
D00 0.0206 666 533 715 637
D00 0.0202 477 491 567 551
D00 0.0198 0 625 55 720
D00 0.0198 95 535 370 671
D00 0.0197 324 552 386 605
D00 0.0196 496 512 612 590
D00 0.0196 646 461 720 559
D00 0.0195 6 477 111 529
D00 0.0193 0 487 166 714
D00 0.0192 74 627 201 695
D00 0.0191 576 512 699 591
D00 0.0190 667 516 711 553
D00 0.0189 639 502 720 569
D00 0.0189 325 548 370 586
D00 0.0188 318 555 353 616
D00 0.0188 361 439 411 547
D00 0.0187 676 531 708 600
D00 0.0187 298 502 462 659
D00 0.0186 499 504 550 537
D00 0.0185 358 499 392 572
D00 0.0185 454 467 521 590
D00 0.0182 344 553 379 616
D00 0.0182 554 506 626 592
D00 0.0180 534 537 666 607
D00 0.0179 495 501 563 616
D00 0.0178 365 511 408 601
D00 0.0178 526 473 558 535
D00 0.0177 2 470 157 544
D00 0.0175 314 532 377 582
D00 0.0173 439 457 630 572
D00 0.0172 350 491 384 560
D00 0.0172 360 534 413 628
D00 0.0172 493 472 606 542
D00 0.0171 83 556 197 638
D00 0.0168 329 517 365 586
D00 0.0166 508 497 541 564
D00 0.0164 93 541 170 620
D00 0.0164 499 485 548 520
D00 0.0161 5 508 162 590
D00 0.0160 240 530 426 633
D00 0.0159 677 520 718 569
D00 0.0159 309 530 393 661
D00 0.0159 0 457 96 503
D00 0.0159 144 497 230 652
D00 0.0158 560 544 601 622
D00 0.0157 227 488 369 675
D00 0.0155 78 500 205 625
D00 0.0155 496 482 533 542
D00 0.0155 0 450 139 522
D00 0.0153 172 513 481 664
D00 0.0153 519 449 548 519
D00 0.0152 158 565 209 655
D00 0.0151 660 526 707 561
D00 0.0150 0 532 131 665
D00 0.0149 254 536 378 608
D00 0.0149 10 496 147 557
D00 0.0149 43 593 170 683
D00 0.0148 567 491 668 621
D00 0.0146 371 471 402 537
D00 0.0145 3 562 105 709
D00 0.0145 372 544 404 609
D00 0.0144 403 466 470 595
D00 0.0143 614 424 720 587
D00 0.0143 532 461 604 576
D00 0.0142 652 471 706 538
D00 0.0141 301 438 408 563
D00 0.0141 609 471 712 543
D00 0.0141 334 544 390 634
D00 0.0141 453 512 571 589
D00 0.0141 401 415 441 452
D00 0.0140 49 650 188 714
D00 0.0140 524 456 581 548
D00 0.0140 525 490 588 594
D00 0.0139 421 469 508 612
D00 0.0139 559 505 720 673
D00 0.0139 530 526 586 623
D00 0.0138 170 496 324 682
D00 0.0138 379 524 418 608
D00 0.0136 528 491 666 568
D00 0.0136 492 441 534 528
D00 0.0135 0 651 132 715
D00 0.0135 643 535 698 634
D00 0.0134 358 554 392 616
D00 0.0134 334 491 417 557
D00 0.0134 472 536 593 607
D00 0.0133 324 468 418 539
D00 0.0133 50 546 166 649
D00 0.0132 273 497 350 607
D00 0.0131 462 404 594 548
D00 0.0131 41 486 105 519
D00 0.0130 143 594 202 655
D00 0.0130 1 463 226 589
D00 0.0129 670 488 709 538
D00 0.0129 299 394 463 635
D00 0.0129 29 470 112 510
D00 0.0129 26 461 116 496
D00 0.0128 369 555 424 618
D00 0.0128 452 523 503 625
D00 0.0128 16 614 138 703
D00 0.0127 428 432 545 551
D00 0.0127 660 530 718 579
D00 0.0127 366 692 428 719
D00 0.0126 172 480 224 567
D00 0.0126 583 526 616 590
D00 0.0126 417 410 446 459
D00 0.0126 429 493 551 563
D00 0.0125 676 555 707 622
D00 0.0125 648 530 720 674
D00 0.0125 117 606 238 671
D00 0.0125 352 493 471 564
D00 0.0124 313 502 397 575
D00 0.0124 0 464 66 493
D00 0.0124 359 428 465 558
D00 0.0124 107 597 186 705
D00 0.0122 570 494 612 584
D00 0.0122 368 480 421 544
D00 0.0121 572 555 629 616
D00 0.0121 109 464 376 598
D00 0.0121 591 543 692 628
D00 0.0121 351 495 401 529
D00 0.0120 199 509 383 594
D00 0.0120 39 537 174 606
D00 0.0120 0 438 139 644
D00 0.0120 514 485 569 519
D00 0.0119 226 453 395 588
D00 0.0119 0 453 364 647
D00 0.0119 652 510 699 559
D00 0.0118 523 443 563 527
D00 0.0118 579 518 640 609
D00 0.0118 383 447 433 548
D00 0.0118 666 555 697 622
D00 0.0117 564 551 619 585
D00 0.0117 1 647 34 713
D00 0.0117 658 505 705 541
D00 0.0117 0 465 72 538
D00 0.0117 0 596 44 696
D00 0.0116 526 498 559 566
D00 0.0116 0 152 104 325
D00 0.0115 65 629 317 720
D00 0.0115 505 431 542 516
D00 0.0114 563 526 598 590
D00 0.0114 376 488 417 577
D00 0.0114 511 490 593 534
D00 0.0114 137 482 284 629
D00 0.0114 304 488 370 590
D00 0.0114 334 475 381 557
D00 0.0113 374 526 445 626
D00 0.0113 29 490 194 570
D00 0.0113 112 624 189 669
D00 0.0113 507 443 631 552
D00 0.0112 122 563 279 698
D00 0.0112 515 560 640 620
D00 0.0111 683 493 716 558
D00 0.0111 490 499 535 582
D00 0.0111 516 509 574 579
D00 0.0111 475 417 540 532
D00 0.0110 389 535 428 616
D00 0.0110 54 517 184 582
D00 0.0110 247 496 379 567
D00 0.0110 2 198 68 320
D00 0.0109 314 560 365 599
D00 0.0109 96 634 178 720
D00 0.0109 453 450 562 521
D00 0.0109 181 497 213 554
D00 0.0107 393 411 448 437
D00 0.0107 378 436 417 525
D00 0.0107 539 376 720 663
D00 0.0107 0 473 66 504
D00 0.0107 0 102 79 287
D00 0.0107 397 413 445 515
D00 0.0107 151 577 223 689
D00 0.0106 0 127 39 229
D00 0.0106 429 514 482 617
D00 0.0105 686 544 716 611
D00 0.0105 407 423 436 485
D00 0.0105 118 628 241 695
D00 0.0105 186 441 404 710
D00 0.0104 480 482 527 561
D00 0.0104 5 7 207 367
D00 0.0104 382 469 412 535
D00 0.0103 11 453 106 486
D00 0.0103 345 451 389 537
D00 0.0103 276 523 405 716
D00 0.0102 606 552 717 656
D00 0.0102 151 583 405 699
D00 0.0102 41 465 146 516
D00 0.0101 122 560 235 634
D00 0.0101 668 455 712 532
D00 0.0101 77 523 158 600
D00 0.0101 30 496 101 527
D00 0.0101 103 535 214 611
D00 0.0100 683 556 720 639
D10 0.0271 6 594 184 688
D10 0.0193 11 628 163 699
D10 0.0147 89 619 194 676
D10 0.0146 334 573 391 607
D10 0.0142 0 618 93 679
D10 0.0134 343 562 402 596
D10 0.0121 327 584 381 616
D10 0.0120 268 529 381 589
D10 0.0119 456 492 559 553
D10 0.0109 355 573 414 606
D10 0.0109 398 494 530 562
D10 0.0107 78 637 177 699
D10 0.0103 4 584 136 654
D10 0.0103 315 582 424 638
D10 0.0100 297 484 402 545
D20 0.0481 304 509 493 623
D20 0.0448 513 492 720 610
D20 0.0426 36 480 593 676
D20 0.0421 288 458 704 632
D20 0.0348 343 490 615 622
D20 0.0303 453 508 663 618
D20 0.0298 389 456 651 596
D20 0.0279 315 451 551 605
D20 0.0272 438 468 587 612
D20 0.0247 139 410 649 619
D20 0.0240 0 541 484 720
D20 0.0231 344 537 473 610
D20 0.0226 182 477 484 640
D20 0.0223 329 559 446 622
D20 0.0210 266 528 443 631
D20 0.0194 232 539 720 720
D20 0.0188 370 487 500 608
D20 0.0185 480 461 683 575
D20 0.0184 0 438 325 712
D20 0.0183 330 490 438 646
D20 0.0175 551 536 687 608
D20 0.0160 0 0 489 353
D20 0.0160 399 525 574 613
D20 0.0158 176 500 406 605
D20 0.0157 201 0 720 353
D20 0.0153 0 355 712 659
D20 0.0148 34 376 408 650
D20 0.0145 0 142 348 720
D20 0.0142 0 630 141 720
D20 0.0142 359 433 571 549
D20 0.0141 375 142 720 720
D20 0.0138 304 555 391 617
D20 0.0137 395 512 706 661
D20 0.0136 0 540 144 679
D20 0.0133 0 0 176 267
D20 0.0130 0 0 720 521
D20 0.0129 547 0 720 270
D20 0.0129 403 419 460 447
D20 0.0128 502 490 720 720
D20 0.0126 361 561 504 619
D20 0.0123 498 547 662 625
D20 0.0119 306 534 558 652
D20 0.0118 453 427 720 619
D20 0.0115 0 0 319 216
D20 0.0114 0 575 92 720
D20 0.0114 417 521 507 612
D20 0.0112 0 380 181 720
D20 0.0111 462 0 720 176
D20 0.0111 576 454 720 585
D20 0.0107 0 584 213 720
D20 0.0104 0 202 79 350
D20 0.0102 150 421 456 705
D40 0.0327 38 487 124 536
D40 0.0278 0 523 41 564
D40 0.0245 49 497 112 528
D40 0.0207 0 508 71 562
D40 0.0193 0 480 156 575
D40 0.0161 7 494 111 547
D40 0.0147 329 572 379 608
D40 0.0137 0 490 47 572
D40 0.0129 43 477 158 525
D40 0.0115 660 441 719 469
D40 0.0112 659 452 717 479
D40 0.0108 0 530 67 559
D40 0.0106 623 456 716 508
D40 0.0104 38 504 125 559
D40 0.0102 320 577 391 620
D40 0.0102 0 383 48 415
D40 0.0101 122 583 213 648
D40 0.0100 0 517 58 586
D40 0.0100 0 660 91 720
D40 0.0100 0 539 53 569
