D00 0.0267 16 641 193 720
D00 0.0254 92 635 167 720
D00 0.0245 82 609 208 715
D00 0.0222 105 623 176 696
D00 0.0193 123 630 158 689
D00 0.0182 64 683 149 720
D00 0.0179 689 504 716 564
D00 0.0175 309 516 353 555
D00 0.0175 0 608 125 717
D00 0.0162 304 520 360 573
D00 0.0158 50 621 161 711
D00 0.0155 95 650 235 716
D00 0.0154 54 654 141 720
D00 0.0148 0 631 55 720
D00 0.0146 126 635 173 720
D00 0.0145 302 510 363 538
D00 0.0140 113 641 168 675
D00 0.0137 154 565 213 595
D00 0.0134 316 527 347 585
D00 0.0130 162 547 206 587
D00 0.0130 127 626 172 671
D00 0.0129 81 676 193 720
D00 0.0127 16 677 136 720
D00 0.0124 311 531 374 560
D00 0.0124 93 689 163 719
D00 0.0124 113 605 189 677
D00 0.0123 296 529 370 603
D00 0.0116 153 576 215 603
D00 0.0115 301 500 363 525
D00 0.0114 112 638 149 702
D00 0.0114 120 560 205 596
D00 0.0113 285 514 383 561
D00 0.0111 128 592 200 702
D00 0.0110 292 530 354 559
D00 0.0110 664 630 718 720
D00 0.0110 101 559 193 697
D00 0.0110 318 535 364 577
D00 0.0108 72 698 141 720
D00 0.0106 0 569 74 715
D00 0.0106 220 605 339 714
D00 0.0106 7 651 93 720
D00 0.0106 344 570 499 713
D00 0.0106 294 504 352 548
D00 0.0105 669 118 714 230
D00 0.0105 247 564 407 714
D00 0.0104 615 0 720 163
D00 0.0104 128 552 199 582
D00 0.0103 303 533 407 582
D00 0.0102 146 533 217 596
D00 0.0102 0 682 82 720
D00 0.0102 642 111 720 303
D00 0.0102 605 628 720 720
D00 0.0101 118 654 163 704
D00 0.0101 118 577 189 602
D00 0.0101 399 603 525 715
D00 0.0101 680 488 720 574
D00 0.0100 169 553 202 602
D00 0.0100 0 597 51 695
D10 0.0122 141 577 207 602
D10 0.0105 121 622 181 650
D10 0.0103 120 567 223 610
D10 0.0100 417 588 552 646
D20 0.0527 7 582 327 720
D20 0.0417 42 554 574 720
D20 0.0409 0 614 213 719
D20 0.0308 128 589 432 712
D20 0.0294 6 552 250 681
D20 0.0281 60 628 279 720
D20 0.0262 83 553 376 684
D20 0.0246 292 581 647 720
D20 0.0204 85 594 209 704
D20 0.0200 0 493 403 695
D20 0.0188 246 558 509 720
D20 0.0184 100 602 281 686
D20 0.0176 25 511 280 625
D20 0.0171 419 595 688 712
D20 0.0150 193 630 470 720
D20 0.0148 0 458 693 720
D20 0.0147 206 503 720 690
D20 0.0146 0 0 489 353
D20 0.0143 201 0 720 353
D20 0.0141 358 608 581 717
D20 0.0137 93 623 190 679
D20 0.0134 382 573 594 669
D20 0.0134 252 527 460 623
D20 0.0131 137 621 323 706
D20 0.0131 104 571 229 678
D20 0.0130 43 583 206 659
D20 0.0130 510 635 720 720
D20 0.0128 0 142 348 720
D20 0.0127 86 550 296 644
D20 0.0126 375 142 720 720
D20 0.0125 0 455 180 720
D20 0.0124 176 572 335 710
D20 0.0122 271 519 430 589
D20 0.0121 66 535 223 657
D20 0.0119 101 508 438 646
D20 0.0119 546 0 720 270
D20 0.0119 24 557 191 627
D20 0.0118 0 0 720 521
D20 0.0118 111 651 263 716
D20 0.0117 175 531 395 623
D20 0.0114 333 552 563 650
D20 0.0112 111 612 214 665
D20 0.0112 224 592 385 720
D20 0.0111 38 611 177 678
D20 0.0109 0 0 174 265
D20 0.0109 121 580 300 661
D20 0.0108 169 644 346 720
D20 0.0107 503 498 720 720
D20 0.0107 0 174 720 720
D20 0.0107 101 536 264 604
D20 0.0105 6 455 302 589
D20 0.0105 0 553 137 694
D20 0.0104 251 542 404 696
D20 0.0103 302 524 406 571
D20 0.0103 316 591 478 720
D40 0.0321 57 515 220 587
D40 0.0252 130 507 217 564
D40 0.0212 98 521 207 575
D40 0.0191 149 502 220 542
D40 0.0184 52 541 201 596
D40 0.0182 155 518 213 550
D40 0.0180 143 530 205 563
D40 0.0170 132 536 207 576
D40 0.0159 79 490 270 577
D40 0.0152 173 508 232 538
D40 0.0139 47 465 231 566
D40 0.0128 4 524 195 615
D40 0.0126 76 530 180 582
D40 0.0125 154 507 246 555
D40 0.0125 104 628 178 671
D40 0.0124 42 501 183 568
D40 0.0123 111 621 213 676
D40 0.0119 145 521 216 588
D40 0.0119 96 548 187 585
D40 0.0113 25 520 158 586
D40 0.0106 105 542 177 574
D40 0.0106 154 497 215 528
D40 0.0103 171 524 217 565
D40 0.0102 128 631 192 662
D40 0.0102 118 489 215 538
D40 0.0100 113 618 190 657
D40 0.0100 6 485 198 585
