D00 0.0802 260 574 316 627
D00 0.0768 47 489 95 597
D00 0.0728 15 450 96 596
D00 0.0662 225 517 354 627
D00 0.0614 266 552 344 625
D00 0.0542 228 583 323 633
D00 0.0535 210 542 358 677
D00 0.0489 248 594 309 628
D00 0.0479 58 519 86 590
D00 0.0448 23 501 84 619
D00 0.0439 35 465 157 589
D00 0.0439 272 565 303 623
D00 0.0439 0 485 128 630
D00 0.0435 276 539 319 623
D00 0.0411 267 500 342 614
D00 0.0408 44 519 81 601
D00 0.0407 246 536 319 640
D00 0.0396 180 518 313 627
D00 0.0381 271 585 335 619
D00 0.0380 203 563 337 625
D00 0.0366 284 526 360 607
D00 0.0366 284 440 374 595
D00 0.0351 24 515 135 587
D00 0.0349 188 471 348 615
D00 0.0342 0 631 48 720
D00 0.0335 0 514 106 713
D00 0.0322 99 516 315 678
D00 0.0321 4 484 71 604
D00 0.0319 269 577 325 610
D00 0.0313 35 461 91 566
D00 0.0308 237 562 325 705
D00 0.0306 236 663 287 719
D00 0.0304 31 457 182 667
D00 0.0302 225 572 379 649
D00 0.0295 2 650 33 712
D00 0.0291 55 510 109 582
D00 0.0289 156 497 283 610
D00 0.0281 314 431 381 554
D00 0.0280 306 499 364 590
D00 0.0272 59 484 130 596
D00 0.0271 223 502 297 615
D00 0.0268 8 525 164 605
D00 0.0267 200 606 319 715
D00 0.0267 54 460 108 566
D00 0.0266 317 426 370 487
D00 0.0265 471 512 589 616
D00 0.0264 300 517 344 596
D00 0.0264 47 499 79 575
D00 0.0263 287 562 325 619
D00 0.0259 19 437 134 564
D00 0.0258 176 562 316 669
D00 0.0255 246 482 319 602
D00 0.0247 224 684 279 718
D00 0.0240 126 657 198 720
D00 0.0239 57 488 88 563
D00 0.0239 506 539 579 612
D00 0.0234 104 463 277 599
D00 0.0233 315 525 349 586
D00 0.0231 133 649 300 720
D00 0.0229 207 517 280 594
D00 0.0228 331 447 400 572
D00 0.0225 65 521 97 588
D00 0.0224 518 509 571 599
D00 0.0223 270 456 342 580
D00 0.0223 249 572 307 655
D00 0.0222 325 446 360 507
D00 0.0222 256 539 301 621
D00 0.0220 308 426 363 520
D00 0.0217 274 569 357 613
D00 0.0216 68 494 231 691
D00 0.0215 313 424 356 468
D00 0.0215 50 560 264 713
D00 0.0215 29 509 115 658
D00 0.0214 316 436 351 497
D00 0.0211 316 471 374 576
D00 0.0209 330 424 373 467
D00 0.0208 302 546 337 609
D00 0.0201 276 419 384 528
D00 0.0201 234 565 306 620
D00 0.0201 264 589 324 642
D00 0.0199 135 682 213 720
D00 0.0199 67 508 259 592
D00 0.0196 21 532 79 596
D00 0.0196 270 527 330 593
D00 0.0195 291 536 326 603
D00 0.0195 0 662 86 717
D00 0.0194 534 529 576 604
D00 0.0193 4 526 66 650
D00 0.0192 0 593 138 719
D00 0.0191 213 644 305 720
D00 0.0190 267 557 309 605
D00 0.0190 140 667 241 720
D00 0.0190 235 517 292 576
D00 0.0189 39 532 104 607
D00 0.0189 136 572 308 711
D00 0.0188 179 457 298 572
D00 0.0185 266 517 308 603
D00 0.0184 57 648 234 720
D00 0.0182 131 540 263 645
D00 0.0182 487 459 572 602
D00 0.0181 524 546 567 591
D00 0.0181 257 605 314 635
D00 0.0181 3 579 64 702
D00 0.0180 249 678 294 720
D00 0.0180 322 414 365 456
D00 0.0179 154 564 295 625
D00 0.0179 329 445 374 525
D00 0.0179 0 513 93 587
D00 0.0177 35 522 71 588
D00 0.0175 199 540 278 644
D00 0.0175 447 549 611 627
D00 0.0174 324 436 398 514
D00 0.0173 107 614 237 715
D00 0.0173 186 527 256 605
D00 0.0172 12 543 93 632
D00 0.0168 333 427 391 484
D00 0.0168 256 653 289 713
D00 0.0167 51 492 190 569
D00 0.0166 311 402 376 472
D00 0.0166 313 544 348 607
D00 0.0166 19 553 83 680
D00 0.0166 278 556 359 657
D00 0.0165 512 512 622 627
D00 0.0164 171 487 263 576
D00 0.0163 142 670 185 717
D00 0.0162 539 537 592 632
D00 0.0161 0 535 197 641
D00 0.0156 235 535 297 600
D00 0.0155 0 679 60 719
D00 0.0153 119 688 182 719
D00 0.0152 227 497 354 565
D00 0.0151 325 449 379 483
D00 0.0151 23 624 210 708
D00 0.0151 297 457 370 541
D00 0.0151 3 653 153 715
D00 0.0151 546 517 586 596
D00 0.0150 53 551 88 599
D00 0.0149 249 644 281 706
D00 0.0149 227 600 305 640
D00 0.0147 88 666 185 720
D00 0.0146 493 506 555 598
D00 0.0146 148 528 242 613
D00 0.0146 109 579 290 656
D00 0.0145 224 436 347 550
D00 0.0145 3 418 115 530
D00 0.0144 347 418 380 474
D00 0.0144 230 533 275 579
D00 0.0144 0 608 36 694
D00 0.0143 483 551 566 621
D00 0.0143 346 435 380 495
D00 0.0141 318 461 370 494
D00 0.0141 316 456 349 518
D00 0.0141 34 550 83 585
D00 0.0141 247 526 281 588
D00 0.0140 263 606 334 709
D00 0.0140 284 482 362 570
D00 0.0138 12 557 142 676
D00 0.0138 537 497 603 611
D00 0.0137 241 513 285 556
D00 0.0137 3 470 81 556
D00 0.0137 215 507 274 565
D00 0.0137 288 495 332 580
D00 0.0137 259 526 291 591
D00 0.0136 162 688 234 719
D00 0.0136 355 468 422 585
D00 0.0135 323 533 359 593
D00 0.0135 64 412 225 606
D00 0.0135 174 550 244 628
D00 0.0135 297 446 353 508
D00 0.0134 336 408 390 462
D00 0.0134 47 539 96 575
D00 0.0134 320 515 382 604
D00 0.0134 311 467 354 558
D00 0.0133 304 419 346 493
D00 0.0133 258 589 295 642
D00 0.0133 342 457 386 542
D00 0.0132 252 661 312 716
D00 0.0131 511 556 560 598
D00 0.0131 290 412 361 481
D00 0.0131 27 490 117 562
D00 0.0131 474 472 544 591
D00 0.0130 66 478 98 550
D00 0.0129 226 529 282 561
D00 0.0128 293 436 379 497
D00 0.0128 92 457 196 590
D00 0.0126 160 474 229 588
D00 0.0125 553 0 720 276
D00 0.0124 550 547 583 609
D00 0.0124 156 675 218 713
D00 0.0124 214 659 275 714
D00 0.0124 341 419 429 562
D00 0.0124 332 401 374 441
D00 0.0123 26 519 92 571
D00 0.0123 161 623 273 709
D00 0.0123 229 490 297 558
D00 0.0123 224 526 259 587
D00 0.0123 530 515 561 583
D00 0.0123 541 515 572 583
D00 0.0123 48 543 123 590
D00 0.0122 282 516 314 581
D00 0.0122 479 537 628 666
D00 0.0122 124 478 219 609
D00 0.0122 93 496 240 564
D00 0.0122 149 548 239 690
D00 0.0121 12 607 84 713
D00 0.0121 613 0 720 171
D00 0.0120 558 527 597 609
D00 0.0119 84 603 261 684
D00 0.0119 0 272 75 416
D00 0.0118 247 577 287 627
D00 0.0118 299 570 337 623
D00 0.0117 354 484 396 561
D00 0.0117 197 534 269 580
D00 0.0117 57 533 137 580
D00 0.0117 153 437 275 545
D00 0.0117 51 453 94 539
D00 0.0116 188 596 296 684
D00 0.0115 75 507 160 581
D00 0.0114 257 507 290 564
D00 0.0114 70 432 170 569
D00 0.0114 246 664 299 699
D00 0.0114 238 585 297 678
D00 0.0114 142 698 205 720
D00 0.0114 36 449 162 516
D00 0.0112 240 618 292 714
D00 0.0112 197 537 241 615
D00 0.0112 501 495 543 578
D00 0.0112 228 666 279 700
D00 0.0111 517 526 553 589
D00 0.0111 622 558 709 701
D00 0.0111 354 424 397 465
D00 0.0111 326 466 360 533
D00 0.0110 101 437 235 546
D00 0.0110 304 504 337 571
D00 0.0110 67 496 171 621
D00 0.0109 360 448 412 550
D00 0.0108 532 486 581 593
D00 0.0108 160 538 227 646
D00 0.0107 0 575 42 675
D00 0.0107 539 556 573 619
D00 0.0107 193 549 302 607
D00 0.0106 354 427 397 501
D00 0.0106 41 486 84 538
D00 0.0106 492 483 532 561
D00 0.0105 48 527 96 562
D00 0.0105 3 504 52 585
D00 0.0104 88 527 201 605
D00 0.0104 445 433 531 587
D00 0.0104 145 464 242 553
D00 0.0104 209 543 253 591
D00 0.0104 398 563 616 652
D00 0.0104 515 566 574 630
D00 0.0103 305 560 373 615
D00 0.0103 224 558 292 640
D00 0.0103 34 490 70 561
D00 0.0103 3 337 135 548
D00 0.0103 205 476 283 545
D00 0.0102 76 566 217 672
D00 0.0102 370 432 455 578
D00 0.0102 306 457 337 518
D00 0.0101 302 414 344 455
D00 0.0101 76 523 111 585
D00 0.0100 365 493 407 565
D00 0.0100 474 463 526 556
D00 0.0100 250 450 370 513
D00 0.0100 217 504 288 542
D00 0.0100 270 506 302 566
D00 0.0100 65 471 146 555
D10 0.0409 225 583 315 623
D10 0.0307 249 578 311 609
D10 0.0263 200 566 322 618
D10 0.0245 238 584 364 642
D10 0.0215 32 539 170 597
D10 0.0214 221 578 297 606
D10 0.0206 471 551 577 604
D10 0.0200 47 530 236 606
D10 0.0199 177 586 316 643
D10 0.0195 389 553 590 622
D10 0.0186 17 551 192 626
D10 0.0183 515 552 570 586
D10 0.0181 410 541 573 601
D10 0.0178 283 575 348 608
D10 0.0172 503 563 567 592
D10 0.0172 294 540 356 573
D10 0.0172 260 607 460 673
D10 0.0169 271 563 327 596
D10 0.0165 301 550 361 582
D10 0.0162 17 433 143 486
D10 0.0162 68 568 190 608
D10 0.0161 288 562 349 595
D10 0.0159 13 577 193 657
D10 0.0158 1 544 78 590
D10 0.0156 0 600 172 687
D10 0.0151 248 564 309 595
D10 0.0149 5 561 116 619
D10 0.0146 271 551 331 582
D10 0.0143 208 588 286 617
D10 0.0141 285 525 368 570
D10 0.0140 270 540 333 571
D10 0.0138 536 552 588 584
D10 0.0138 221 596 298 628
D10 0.0137 277 589 443 644
D10 0.0131 325 461 379 493
D10 0.0128 3 586 117 646
D10 0.0127 1 563 63 594
D10 0.0127 316 472 371 504
D10 0.0126 445 564 563 612
D10 0.0125 281 530 345 561
D10 0.0124 89 578 169 602
D10 0.0118 245 540 307 571
D10 0.0116 214 557 302 600
D10 0.0113 296 556 381 599
D10 0.0112 96 565 243 622
D10 0.0112 247 551 308 582
D10 0.0110 71 558 164 596
D10 0.0110 256 530 319 560
D10 0.0109 525 556 596 600
D10 0.0109 295 473 353 504
D10 0.0109 0 502 90 571
D10 0.0108 352 566 531 618
D10 0.0107 88 554 213 600
D10 0.0106 0 552 53 583
D10 0.0105 527 540 576 576
D10 0.0104 371 566 602 652
D10 0.0103 315 483 372 513
D10 0.0103 11 517 72 549
D10 0.0102 471 496 527 526
D10 0.0102 293 519 356 549
D10 0.0101 192 570 278 610
D10 0.0101 273 460 376 517
D10 0.0100 483 507 538 537
D10 0.0100 1 436 80 472
D20 0.2440 165 469 608 638
D20 0.1871 10 450 646 687
D20 0.1148 65 487 442 643
D20 0.1119 228 516 423 624
D20 0.0840 186 537 497 656
D20 0.0797 246 479 496 628
D20 0.0795 48 532 590 720
D20 0.0793 255 461 403 612
D20 0.0725 18 447 349 618
D20 0.0551 258 537 388 610
D20 0.0533 265 425 692 622
D20 0.0532 170 541 370 642
D20 0.0530 273 507 446 595
D20 0.0525 0 494 360 700
D20 0.0520 312 458 596 595
D20 0.0517 356 499 634 621
D20 0.0507 8 469 211 590
D20 0.0450 247 497 700 671
D20 0.0445 69 416 500 609
D20 0.0442 288 537 614 653
D20 0.0442 293 433 435 585
D20 0.0425 237 541 401 667
D20 0.0391 272 520 556 612
D20 0.0381 128 562 463 706
D20 0.0364 298 484 391 580
D20 0.0363 296 517 373 592
D20 0.0359 144 502 357 614
D20 0.0333 136 353 720 720
D20 0.0329 261 561 412 623
D20 0.0326 427 479 589 608
D20 0.0322 223 470 365 650
D20 0.0322 17 515 232 611
D20 0.0301 67 586 349 704
D20 0.0292 262 519 342 603
D20 0.0290 16 536 266 679
D20 0.0288 0 409 287 572
D20 0.0284 205 589 350 719
D20 0.0279 308 525 418 609
D20 0.0274 0 334 442 688
D20 0.0272 297 485 475 574
D20 0.0266 200 585 319 635
D20 0.0265 224 586 427 684
D20 0.0264 132 637 328 720
D20 0.0262 276 431 385 555
D20 0.0259 425 452 668 651
D20 0.0256 14 417 202 659
D20 0.0246 182 447 412 711
D20 0.0244 70 478 303 587
D20 0.0242 21 438 225 553
D20 0.0240 476 499 616 628
D20 0.0238 121 565 331 671
D20 0.0238 211 490 372 580
D20 0.0226 47 517 194 584
D20 0.0220 262 562 638 705
D20 0.0219 238 518 315 600
D20 0.0218 0 486 130 606
D20 0.0217 0 612 198 714
D20 0.0214 262 419 437 526
D20 0.0211 319 457 407 558
D20 0.0207 467 539 589 605
D20 0.0207 487 505 573 599
D20 0.0201 236 625 410 700
D20 0.0199 217 378 455 662
D20 0.0199 21 18 720 530
D20 0.0198 306 421 389 511
D20 0.0197 420 544 720 720
D20 0.0197 340 442 507 622
D20 0.0197 193 656 317 716
D20 0.0192 186 438 394 548
D20 0.0192 329 492 403 601
D20 0.0190 1 396 112 575
D20 0.0190 0 0 489 353
D20 0.0189 258 578 456 650
D20 0.0188 330 447 632 720
D20 0.0188 378 437 574 652
D20 0.0186 201 0 720 353
D20 0.0184 314 429 413 484
D20 0.0183 244 423 511 559
D20 0.0181 123 378 377 666
D20 0.0178 137 461 350 570
D20 0.0175 378 337 720 657
D20 0.0173 219 646 381 719
D20 0.0173 0 525 80 601
D20 0.0169 471 535 677 641
D20 0.0168 272 497 353 581
D20 0.0166 311 537 462 632
D20 0.0160 80 439 296 544
D20 0.0158 365 491 516 597
D20 0.0157 298 361 549 647
D20 0.0157 400 371 631 594
D20 0.0157 213 550 321 611
D20 0.0156 455 418 562 604
D20 0.0153 35 498 161 669
D20 0.0153 417 517 563 588
D20 0.0150 0 421 179 525
D20 0.0149 0 0 415 720
D20 0.0148 305 0 720 720
D20 0.0146 0 0 179 271
D20 0.0145 380 542 558 600
D20 0.0145 0 443 92 668
D20 0.0145 343 474 434 606
D20 0.0144 231 425 385 505
D20 0.0143 0 483 60 586
D20 0.0143 331 519 494 582
D20 0.0142 542 432 720 720
D20 0.0137 0 630 33 720
D20 0.0137 68 495 217 567
D20 0.0135 338 416 591 553
D20 0.0134 546 0 720 271
D20 0.0133 133 423 347 518
D20 0.0132 283 638 448 689
D20 0.0131 465 482 555 580
D20 0.0129 234 509 341 565
D20 0.0128 490 412 636 623
D20 0.0128 526 506 610 600
D20 0.0127 54 428 230 498
D20 0.0127 511 538 624 609
D20 0.0126 0 298 227 622
D20 0.0126 506 484 588 580
D20 0.0125 264 501 477 720
D20 0.0125 212 607 538 720
D20 0.0124 0 385 135 713
D20 0.0124 34 404 161 570
D20 0.0123 321 462 503 553
D20 0.0121 631 0 720 143
D20 0.0120 0 352 369 543
D20 0.0119 467 0 720 374
D20 0.0117 454 0 720 175
D20 0.0116 0 0 322 218
D20 0.0116 430 448 545 573
D20 0.0115 286 458 382 518
D20 0.0114 254 409 398 482
D20 0.0114 312 422 465 504
D20 0.0112 76 483 212 639
D20 0.0111 251 473 371 538
D20 0.0110 517 495 720 629
D20 0.0110 0 528 47 622
D20 0.0110 505 528 596 590
D20 0.0109 55 531 194 702
D20 0.0108 0 557 111 720
D20 0.0107 334 425 412 464
D20 0.0107 155 405 369 488
D20 0.0104 339 437 429 533
D20 0.0104 251 641 479 718
D20 0.0104 533 514 647 632
D20 0.0104 361 526 465 605
D20 0.0102 516 556 717 668
D20 0.0102 529 285 720 638
D40 0.0520 305 517 403 571
D40 0.0446 321 529 384 562
D40 0.0370 0 667 37 714
D40 0.0322 311 524 373 583
D40 0.0276 0 346 210 427
D40 0.0272 330 512 377 559
D40 0.0267 172 670 287 718
D40 0.0257 0 651 56 718
D40 0.0242 10 380 189 443
D40 0.0233 11 364 147 421
D40 0.0223 226 675 278 713
D40 0.0221 326 539 394 568
D40 0.0219 325 516 360 574
D40 0.0215 2 399 201 483
D40 0.0206 9 348 97 428
D40 0.0204 333 495 409 565
D40 0.0203 304 539 365 573
D40 0.0203 12 412 147 460
D40 0.0203 257 583 369 630
D40 0.0197 202 621 353 709
D40 0.0196 247 603 434 675
D40 0.0195 0 321 133 442
D40 0.0192 351 521 397 564
D40 0.0184 0 610 176 715
D40 0.0181 297 536 402 591
D40 0.0177 0 685 52 716
D40 0.0177 98 373 195 414
D40 0.0173 8 402 101 473
D40 0.0172 198 677 268 711
D40 0.0172 51 409 231 468
D40 0.0169 251 594 345 679
D40 0.0166 66 390 220 437
D40 0.0160 15 340 141 406
D40 0.0158 0 419 59 450
D40 0.0156 0 653 123 715
D40 0.0156 1 618 96 708
D40 0.0155 340 506 387 573
D40 0.0155 249 635 392 694
D40 0.0155 0 380 134 507
D40 0.0152 19 428 182 499
D40 0.0151 275 574 399 622
D40 0.0150 115 384 184 410
D40 0.0150 174 631 303 704
D40 0.0150 73 382 166 412
D40 0.0149 55 376 272 446
D40 0.0146 53 386 158 428
D40 0.0142 312 512 356 559
D40 0.0140 202 606 322 672
D40 0.0140 10 426 100 506
D40 0.0139 0 409 79 457
D40 0.0134 277 596 351 625
D40 0.0133 319 501 392 547
D40 0.0132 0 322 76 415
D40 0.0132 72 359 258 419
D40 0.0131 22 327 261 412
D40 0.0131 300 523 346 571
D40 0.0129 329 637 447 675
D40 0.0128 81 404 294 481
D40 0.0127 4 430 73 456
D40 0.0126 0 385 97 442
D40 0.0124 325 395 379 421
D40 0.0122 108 374 175 404
D40 0.0122 289 586 363 617
D40 0.0121 62 366 180 410
D40 0.0121 298 628 409 671
D40 0.0120 83 396 154 422
D40 0.0120 0 407 58 438
D40 0.0118 325 386 380 411
D40 0.0116 218 499 308 550
D40 0.0115 46 343 195 403
D40 0.0114 151 658 249 713
D40 0.0113 183 687 260 718
D40 0.0112 338 644 412 671
D40 0.0110 235 508 291 537
D40 0.0110 206 376 317 413
D40 0.0110 166 585 282 637
D40 0.0109 0 536 63 596
D40 0.0109 58 385 136 411
D40 0.0109 115 414 261 462
D40 0.0108 41 398 146 442
D40 0.0108 326 542 376 586
D40 0.0108 186 596 306 645
D40 0.0107 283 493 387 559
D40 0.0105 0 650 24 710
D40 0.0103 12 298 92 399
D40 0.0102 308 575 424 648
D40 0.0102 96 390 180 424
D40 0.0101 0 396 58 422
D40 0.0101 0 371 77 424
D40 0.0101 140 403 254 441
D40 0.0101 114 362 226 406
