D00 0.0882 19 535 55 621
D00 0.0803 264 549 305 628
D00 0.0679 260 568 293 634
D00 0.0668 11 471 89 622
D00 0.0648 249 532 310 650
D00 0.0638 34 544 62 614
D00 0.0636 231 512 333 633
D00 0.0611 6 505 62 631
D00 0.0560 258 470 343 625
D00 0.0496 22 524 78 647
D00 0.0478 229 552 327 674
D00 0.0475 461 471 493 529
D00 0.0473 235 569 298 649
D00 0.0472 422 493 588 624
D00 0.0463 324 456 367 500
D00 0.0462 281 451 369 606
D00 0.0450 0 442 130 597
D00 0.0427 28 513 67 610
D00 0.0427 24 562 52 629
D00 0.0414 11 547 46 613
D00 0.0409 2 509 97 706
D00 0.0408 318 448 371 550
D00 0.0401 267 524 321 622
D00 0.0394 453 459 501 555
D00 0.0378 0 423 205 505
D00 0.0377 249 581 285 642
D00 0.0367 331 448 375 491
D00 0.0365 482 523 573 615
D00 0.0364 277 549 312 613
D00 0.0355 313 461 380 592
D00 0.0341 6 546 61 676
D00 0.0336 322 445 394 510
D00 0.0333 228 496 296 616
D00 0.0328 309 458 364 519
D00 0.0323 5 445 165 519
D00 0.0322 333 477 374 561
D00 0.0321 207 579 316 698
D00 0.0315 336 458 370 516
D00 0.0314 456 501 557 603
D00 0.0313 165 528 324 657
D00 0.0312 317 452 351 507
D00 0.0311 327 467 360 533
D00 0.0309 209 560 317 627
D00 0.0308 312 467 354 552
D00 0.0302 452 474 502 506
D00 0.0301 88 433 195 479
D00 0.0300 436 457 533 604
D00 0.0296 16 412 215 474
D00 0.0295 285 506 353 625
D00 0.0295 322 444 412 599
D00 0.0293 35 488 105 610
D00 0.0293 444 547 611 629
D00 0.0292 251 542 308 605
D00 0.0290 443 463 496 520
D00 0.0289 207 447 321 624
D00 0.0286 301 437 374 503
D00 0.0283 322 437 366 477
D00 0.0278 506 485 590 622
D00 0.0278 296 478 368 562
D00 0.0276 43 545 74 611
D00 0.0275 246 539 357 610
D00 0.0275 518 507 568 602
D00 0.0273 254 583 297 620
D00 0.0273 452 477 485 541
D00 0.0272 343 467 385 551
D00 0.0270 119 438 205 472
D00 0.0269 270 575 312 624
D00 0.0268 9 461 99 552
D00 0.0268 330 459 402 537
D00 0.0267 224 483 363 681
D00 0.0266 35 443 202 577
D00 0.0265 338 457 388 499
D00 0.0265 308 453 366 484
D00 0.0264 4 524 53 598
D00 0.0257 63 443 175 490
D00 0.0251 416 539 562 606
D00 0.0250 27 466 184 672
D00 0.0250 6 537 106 610
D00 0.0247 323 488 364 571
D00 0.0244 262 561 308 595
D00 0.0242 31 555 83 618
D00 0.0241 73 430 246 492
D00 0.0238 504 545 563 606
D00 0.0237 332 425 374 462
D00 0.0237 241 479 328 582
D00 0.0232 459 482 512 516
D00 0.0232 423 468 495 549
D00 0.0231 469 466 503 518
D00 0.0231 30 573 63 623
D00 0.0230 275 539 333 600
D00 0.0228 240 582 353 692
D00 0.0227 262 564 325 616
D00 0.0223 77 438 210 532
D00 0.0223 262 579 303 653
D00 0.0222 129 428 215 463
D00 0.0222 4 514 152 652
D00 0.0221 2 452 69 575
D00 0.0220 263 459 354 559
D00 0.0217 395 447 490 601
D00 0.0215 14 560 57 597
D00 0.0213 235 621 322 706
D00 0.0213 87 416 237 466
D00 0.0211 517 527 582 638
D00 0.0210 243 595 291 630
D00 0.0210 181 542 310 608
D00 0.0210 0 619 213 714
D00 0.0209 296 445 353 535
D00 0.0207 42 453 149 502
D00 0.0207 340 437 385 477
D00 0.0206 2 432 130 492
D00 0.0205 6 564 66 615
D00 0.0205 123 498 282 690
D00 0.0204 452 456 484 511
D00 0.0203 328 490 399 572
D00 0.0203 16 491 59 588
D00 0.0203 529 535 561 598
D00 0.0201 288 548 323 609
D00 0.0199 205 521 279 628
D00 0.0198 258 595 305 628
D00 0.0198 475 535 635 669
D00 0.0198 260 497 317 598
D00 0.0198 295 463 357 493
D00 0.0197 280 494 335 595
D00 0.0194 608 572 711 696
D00 0.0193 314 420 370 469
D00 0.0193 394 441 426 495
D00 0.0192 305 468 339 533
D00 0.0192 16 471 142 533
D00 0.0192 19 576 82 700
D00 0.0191 105 451 178 479
D00 0.0191 239 600 292 657
D00 0.0190 6 566 50 646
D00 0.0188 108 450 228 564
D00 0.0187 53 650 240 720
D00 0.0186 32 410 111 434
D00 0.0185 459 560 563 615
D00 0.0185 400 544 572 666
D00 0.0183 270 653 328 708
D00 0.0183 4 454 116 505
D00 0.0183 121 442 224 489
D00 0.0183 87 450 189 501
D00 0.0182 354 459 427 589
D00 0.0181 154 497 288 607
D00 0.0181 354 478 395 561
D00 0.0181 261 552 311 582
D00 0.0181 347 421 380 472
D00 0.0181 242 572 296 608
D00 0.0180 208 519 325 588
D00 0.0179 211 688 272 718
D00 0.0178 338 409 370 457
D00 0.0178 101 628 295 708
D00 0.0175 38 502 81 596
D00 0.0175 205 562 281 672
D00 0.0175 444 486 514 575
D00 0.0174 130 416 215 450
D00 0.0174 538 516 604 630
D00 0.0174 436 477 479 561
D00 0.0172 147 442 219 468
D00 0.0172 314 433 352 484
D00 0.0172 459 457 513 510
D00 0.0171 458 467 530 533
D00 0.0170 299 490 342 573
D00 0.0169 282 453 345 506
D00 0.0169 95 442 169 472
D00 0.0169 478 423 635 631
D00 0.0169 0 557 39 620
D00 0.0168 279 529 313 591
D00 0.0168 219 580 296 624
D00 0.0168 19 513 134 593
D00 0.0168 437 516 540 640
D00 0.0167 406 451 487 526
D00 0.0167 344 500 384 582
D00 0.0167 418 479 472 581
D00 0.0166 222 663 282 716
D00 0.0166 527 462 679 666
D00 0.0166 64 421 177 471
D00 0.0165 266 515 383 588
D00 0.0164 357 452 394 503
D00 0.0164 525 544 579 608
D00 0.0163 358 450 415 541
D00 0.0161 222 552 294 610
D00 0.0160 0 512 83 592
D00 0.0160 132 470 255 587
D00 0.0160 203 473 272 594
D00 0.0159 21 656 176 715
D00 0.0159 478 445 570 597
D00 0.0159 493 553 568 635
D00 0.0159 384 433 416 487
D00 0.0158 379 460 453 590
D00 0.0157 289 469 333 553
D00 0.0157 181 584 306 646
D00 0.0157 441 469 475 530
D00 0.0157 310 500 353 582
D00 0.0156 621 528 704 670
D00 0.0156 71 453 146 481
D00 0.0155 296 441 357 469
D00 0.0154 358 467 393 526
D00 0.0154 179 454 301 573
D00 0.0154 304 445 341 496
D00 0.0153 71 462 175 549
D00 0.0153 372 442 406 495
D00 0.0152 261 441 289 494
D00 0.0152 65 538 234 716
D00 0.0151 44 481 148 578
D00 0.0151 0 483 47 589
D00 0.0151 2 410 130 471
D00 0.0151 222 682 303 720
D00 0.0151 471 486 503 554
D00 0.0150 280 665 337 697
D00 0.0150 0 442 83 525
D00 0.0150 287 469 383 533
D00 0.0150 0 395 119 541
D00 0.0150 296 528 340 604
D00 0.0150 193 621 293 707
D00 0.0150 289 654 347 706
D00 0.0150 382 447 436 543
D00 0.0149 244 653 306 710
D00 0.0149 400 434 440 499
D00 0.0149 158 432 230 457
D00 0.0149 378 442 421 506
D00 0.0148 612 580 679 661
D00 0.0148 339 509 369 575
D00 0.0148 436 445 479 516
D00 0.0147 116 657 273 715
D00 0.0147 453 493 502 526
D00 0.0147 458 496 496 545
D00 0.0147 327 405 378 491
D00 0.0147 49 526 93 607
D00 0.0146 408 457 459 558
D00 0.0145 139 451 207 480
D00 0.0145 97 416 189 450
D00 0.0145 605 623 720 720
D00 0.0145 518 524 553 592
D00 0.0144 0 633 44 720
D00 0.0144 269 515 326 579
D00 0.0144 358 433 392 486
D00 0.0144 250 594 317 665
D00 0.0143 106 430 180 461
D00 0.0143 539 525 571 591
D00 0.0143 54 598 302 695
D00 0.0142 3 602 64 715
D00 0.0142 507 538 627 611
D00 0.0142 451 563 611 701
D00 0.0142 139 434 247 477
D00 0.0142 288 449 335 488
D00 0.0141 272 442 300 495
D00 0.0141 6 550 51 586
D00 0.0141 425 507 502 617
D00 0.0141 31 439 114 538
D00 0.0140 13 562 139 620
D00 0.0139 125 451 202 525
D00 0.0138 238 573 276 633
D00 0.0138 158 420 230 446
D00 0.0138 416 440 447 496
D00 0.0138 269 539 362 672
D00 0.0138 44 431 152 549
D00 0.0137 14 544 80 593
D00 0.0137 321 476 392 519
D00 0.0137 106 445 270 520
D00 0.0137 516 551 567 587
D00 0.0136 0 462 61 517
D00 0.0135 59 463 134 490
D00 0.0135 451 425 502 518
D00 0.0135 350 502 402 598
D00 0.0135 9 583 139 698
D00 0.0134 41 468 127 509
D00 0.0134 425 458 466 538
D00 0.0134 276 553 333 583
D00 0.0134 47 415 142 447
D00 0.0134 286 650 332 691
D00 0.0134 479 473 515 527
D00 0.0133 52 424 142 488
D00 0.0133 89 666 186 720
D00 0.0133 455 425 547 568
D00 0.0131 225 674 258 720
D00 0.0131 265 669 310 712
D00 0.0131 293 460 327 519
D00 0.0131 27 449 119 488
D00 0.0130 250 440 278 494
D00 0.0130 159 408 230 434
D00 0.0130 26 396 115 429
D00 0.0130 184 420 251 446
D00 0.0129 14 583 57 619
D00 0.0129 276 457 320 499
D00 0.0129 324 410 360 455
D00 0.0129 649 557 715 677
D00 0.0128 158 443 235 511
D00 0.0127 235 529 302 589
D00 0.0127 316 513 369 609
D00 0.0127 536 553 664 664
D00 0.0126 409 549 523 624
D00 0.0126 639 576 694 670
D00 0.0126 414 490 453 573
D00 0.0126 491 562 556 596
D00 0.0126 0 632 120 720
D00 0.0125 0 409 60 457
D00 0.0125 378 467 420 549
D00 0.0125 402 467 441 550
D00 0.0125 18 577 56 660
D00 0.0125 208 421 272 446
D00 0.0125 261 421 289 467
D00 0.0125 252 453 329 525
D00 0.0124 0 661 34 718
D00 0.0124 246 663 346 715
D00 0.0124 44 637 200 701
D00 0.0124 113 468 181 585
D00 0.0124 184 431 252 457
D00 0.0123 284 535 328 580
D00 0.0123 86 470 160 587
D00 0.0123 412 446 451 525
D00 0.0123 214 594 280 648
D00 0.0123 179 608 304 674
D00 0.0122 639 686 719 720
D00 0.0122 277 481 321 563
D00 0.0122 505 565 595 651
D00 0.0122 7 481 68 545
D00 0.0121 257 665 317 697
D00 0.0121 256 436 293 474
D00 0.0121 264 646 356 697
D00 0.0121 249 421 279 467
D00 0.0121 250 460 303 562
D00 0.0121 260 636 317 720
D00 0.0121 200 551 267 605
D00 0.0121 608 554 662 650
D00 0.0120 538 647 707 720
D00 0.0120 10 502 45 574
D00 0.0120 471 553 543 657
D00 0.0120 187 688 254 718
D00 0.0120 250 451 303 505
D00 0.0120 167 554 277 632
D00 0.0120 529 465 611 612
D00 0.0120 407 502 461 600
D00 0.0119 227 618 284 649
D00 0.0119 94 462 165 490
D00 0.0119 193 672 270 714
D00 0.0119 254 687 317 717
D00 0.0119 0 421 68 491
D00 0.0118 476 479 520 562
D00 0.0118 244 416 284 449
D00 0.0118 370 467 404 525
D00 0.0118 261 443 315 494
D00 0.0118 0 683 67 720
D00 0.0117 287 557 346 616
D00 0.0117 395 424 426 475
D00 0.0117 640 592 675 656
D00 0.0117 612 0 720 166
D00 0.0116 405 455 436 515
D00 0.0116 368 491 408 572
D00 0.0116 173 442 240 468
D00 0.0116 462 442 493 501
D00 0.0116 150 461 224 536
D00 0.0116 0 663 92 719
D00 0.0116 36 464 111 492
D00 0.0115 289 437 335 473
D00 0.0115 209 431 272 457
D00 0.0115 561 520 629 635
D00 0.0115 358 410 391 458
D00 0.0115 545 526 586 605
D00 0.0115 268 604 301 659
D00 0.0114 150 424 259 464
D00 0.0114 75 467 158 508
D00 0.0114 5 400 73 444
D00 0.0114 35 554 104 670
D00 0.0114 372 423 404 473
D00 0.0113 18 520 56 572
D00 0.0113 247 616 303 671
D00 0.0113 261 458 290 518
D00 0.0113 182 452 257 523
D00 0.0113 428 449 460 508
D00 0.0113 281 644 316 698
D00 0.0113 446 499 488 584
D00 0.0113 26 481 72 571
D00 0.0113 134 457 214 497
D00 0.0112 125 484 202 558
D00 0.0112 54 484 159 538
D00 0.0112 14 576 83 622
D00 0.0112 308 483 362 514
D00 0.0111 578 497 718 694
D00 0.0111 17 479 103 520
D00 0.0111 271 459 301 518
D00 0.0111 108 687 171 719
D00 0.0111 501 504 548 593
D00 0.0111 120 683 201 720
D00 0.0111 62 471 130 528
D00 0.0110 4 423 51 463
D00 0.0110 1 514 36 583
D00 0.0110 77 683 159 720
D00 0.0110 265 572 343 639
D00 0.0110 426 599 585 719
D00 0.0110 39 437 130 476
D00 0.0110 391 480 431 560
D00 0.0110 82 419 157 444
D00 0.0110 335 523 373 601
D00 0.0109 431 483 488 516
D00 0.0109 183 520 265 593
D00 0.0109 297 655 361 684
D00 0.0109 233 665 294 698
D00 0.0109 307 498 378 546
D00 0.0109 626 598 669 648
D00 0.0108 108 459 172 516
D00 0.0108 433 657 476 699
D00 0.0108 406 423 436 474
D00 0.0107 586 603 696 671
D00 0.0107 273 585 334 617
D00 0.0107 372 504 426 598
D00 0.0107 474 462 520 500
D00 0.0107 292 501 325 567
D00 0.0107 485 495 593 566
D00 0.0107 267 416 305 449
D00 0.0107 348 397 381 446
D00 0.0107 119 462 184 491
D00 0.0107 429 488 460 554
D00 0.0107 440 584 575 641
D00 0.0106 233 410 292 434
D00 0.0106 308 530 379 637
D00 0.0106 255 494 298 576
D00 0.0106 7 463 72 496
D00 0.0106 245 450 283 525
D00 0.0106 217 462 292 537
D00 0.0106 226 473 282 573
D00 0.0105 530 505 560 573
D00 0.0105 446 448 488 491
D00 0.0105 558 370 720 658
D00 0.0105 215 665 272 699
D00 0.0105 560 600 690 709
D00 0.0105 238 430 268 479
D00 0.0104 154 685 242 720
D00 0.0104 298 665 358 695
D00 0.0104 450 651 482 707
D00 0.0104 37 425 129 461
D00 0.0104 270 633 327 685
D00 0.0104 272 421 300 466
D00 0.0104 575 510 663 650
D00 0.0104 7 378 92 440
D00 0.0104 328 521 359 585
D00 0.0104 655 638 720 720
D00 0.0103 159 492 224 604
D00 0.0103 588 547 640 647
D00 0.0103 24 474 98 503
D00 0.0103 15 399 84 426
D00 0.0103 311 536 351 611
D00 0.0103 163 452 229 480
D00 0.0102 418 477 447 543
D00 0.0102 478 567 545 626
D00 0.0102 153 560 293 719
D00 0.0102 234 430 291 457
D00 0.0102 204 443 280 513
D00 0.0101 249 650 324 691
D00 0.0101 261 504 362 566
D00 0.0101 416 427 469 510
D00 0.0101 189 441 248 492
D00 0.0101 42 481 106 542
D00 0.0101 443 653 619 720
D00 0.0100 3 436 81 473
D00 0.0100 97 471 160 529
D00 0.0100 158 472 212 566
D00 0.0100 281 641 360 675
D00 0.0100 255 405 296 436
D00 0.0100 318 494 370 527
D00 0.0100 394 466 426 528
D00 0.0100 618 581 653 645
D10 0.0237 412 562 565 620
D10 0.0220 200 543 314 598
D10 0.0210 464 475 525 504
D10 0.0198 220 554 295 582
D10 0.0196 0 463 91 516
D10 0.0187 222 564 294 593
D10 0.0185 450 465 502 496
D10 0.0180 1 484 60 513
D10 0.0163 6 474 73 504
D10 0.0154 192 549 283 588
D10 0.0144 371 577 558 648
D10 0.0143 225 537 310 579
D10 0.0142 249 542 308 572
D10 0.0140 149 565 300 624
D10 0.0138 225 574 292 607
D10 0.0136 446 570 540 610
D10 0.0136 467 466 527 494
D10 0.0131 336 483 395 512
D10 0.0129 9 635 150 701
D10 0.0129 450 454 686 590
D10 0.0128 264 596 320 626
D10 0.0126 428 474 488 504
D10 0.0120 335 591 503 643
D10 0.0118 278 541 335 573
D10 0.0117 252 613 390 670
D10 0.0117 2 494 57 525
D10 0.0116 400 576 521 622
D10 0.0115 0 481 73 543
D10 0.0115 252 586 389 645
D10 0.0115 285 553 347 583
D10 0.0115 425 463 485 495
D10 0.0113 149 587 299 646
D10 0.0112 239 517 335 579
D10 0.0111 181 559 270 599
D10 0.0111 270 530 326 560
D10 0.0110 10 603 192 684
D10 0.0109 211 542 282 573
D10 0.0108 190 569 283 610
D10 0.0108 476 484 536 515
D10 0.0107 23 563 174 618
D10 0.0107 3 609 114 674
D10 0.0105 269 514 371 576
D10 0.0105 212 587 283 616
D10 0.0103 3 584 110 643
D10 0.0102 326 517 380 549
D10 0.0102 213 598 282 628
D10 0.0101 303 517 360 549
D10 0.0101 73 582 282 653
D10 0.0100 5 539 51 572
D20 0.3240 190 460 613 650
D20 0.1547 8 476 510 670
D20 0.1417 113 528 662 720
D20 0.1107 309 456 582 600
D20 0.0918 342 495 623 629
D20 0.0792 256 532 588 657
D20 0.0786 161 488 466 637
D20 0.0738 313 499 706 683
D20 0.0735 299 445 508 536
D20 0.0715 14 520 358 692
D20 0.0666 292 446 453 601
D20 0.0631 242 513 502 621
D20 0.0605 251 466 400 622
D20 0.0604 13 451 352 618
D20 0.0585 423 474 579 615
D20 0.0578 324 440 465 496
D20 0.0553 280 404 720 632
D20 0.0526 310 452 444 514
D20 0.0500 117 565 476 706
D20 0.0488 198 508 394 675
D20 0.0471 398 538 667 669
D20 0.0468 180 440 528 572
D20 0.0444 225 536 437 641
D20 0.0435 57 587 353 703
D20 0.0431 245 450 443 546
D20 0.0411 373 527 569 613
D20 0.0389 0 492 210 608
D20 0.0388 401 462 528 596
D20 0.0381 92 480 318 656
D20 0.0378 295 419 356 446
D20 0.0366 137 523 343 629
D20 0.0359 438 517 651 626
D20 0.0352 0 404 210 483
D20 0.0347 347 460 487 591
D20 0.0343 364 453 502 512
D20 0.0341 333 459 422 499
D20 0.0324 157 611 353 714
D20 0.0324 190 461 345 613
D20 0.0313 265 501 432 599
D20 0.0312 366 418 562 573
D20 0.0311 295 409 354 437
D20 0.0302 0 436 244 688
D20 0.0301 320 455 415 552
D20 0.0301 0 198 669 710
D20 0.0299 225 584 542 695
D20 0.0294 370 435 445 499
D20 0.0291 285 412 367 451
D20 0.0288 409 442 612 664
D20 0.0283 266 453 494 677
D20 0.0282 399 440 516 545
D20 0.0278 413 581 680 701
D20 0.0276 305 438 396 507
D20 0.0275 138 562 329 672
D20 0.0273 48 498 304 602
D20 0.0271 156 448 386 545
D20 0.0267 344 361 583 657
D20 0.0264 319 434 418 484
D20 0.0262 182 432 417 714
D20 0.0258 103 638 323 720
D20 0.0257 239 569 500 653
D20 0.0256 343 554 552 626
D20 0.0255 254 557 338 622
D20 0.0254 290 426 362 458
D20 0.0254 11 454 219 563
D20 0.0252 228 565 371 702
D20 0.0250 6 526 160 616
D20 0.0247 305 404 373 441
D20 0.0244 0 412 104 453
D20 0.0244 498 519 696 680
D20 0.0244 217 620 437 705
D20 0.0239 21 18 720 530
D20 0.0238 200 646 357 719
D20 0.0237 286 449 377 532
D20 0.0236 314 415 385 451
D20 0.0234 215 438 417 517
D20 0.0233 12 559 219 713
D20 0.0231 452 471 521 510
D20 0.0225 333 425 440 470
D20 0.0224 0 537 55 618
D20 0.0220 259 539 384 608
D20 0.0218 0 511 166 688
D20 0.0215 87 455 305 565
D20 0.0214 420 465 512 519
D20 0.0214 436 461 527 555
D20 0.0212 485 414 720 720
D20 0.0210 317 417 477 482
D20 0.0209 422 512 552 594
D20 0.0208 0 543 248 634
D20 0.0208 342 452 411 485
D20 0.0205 367 552 580 702
D20 0.0202 326 427 402 461
D20 0.0202 278 445 375 495
D20 0.0197 298 421 383 467
D20 0.0197 0 362 410 657
D20 0.0196 0 0 489 353
D20 0.0196 389 437 430 479
D20 0.0196 0 377 189 459
D20 0.0194 18 428 309 536
D20 0.0193 320 537 470 633
D20 0.0193 201 0 720 353
D20 0.0192 327 411 423 457
D20 0.0190 170 655 307 715
D20 0.0188 344 420 403 447
D20 0.0187 265 418 342 448
D20 0.0183 0 142 348 720
D20 0.0183 81 426 283 503
D20 0.0183 340 474 440 576
D20 0.0183 230 295 720 704
D20 0.0182 379 435 484 485
D20 0.0179 490 547 657 638
D20 0.0179 354 432 419 457
D20 0.0178 319 523 417 612
D20 0.0178 335 407 388 437
D20 0.0177 334 442 396 470
D20 0.0177 354 442 420 470
D20 0.0175 299 624 532 701
D20 0.0175 267 564 420 623
D20 0.0175 214 481 367 579
D20 0.0174 399 500 536 656
D20 0.0172 218 648 290 718
D20 0.0172 201 632 317 702
D20 0.0172 370 429 446 462
D20 0.0172 272 410 330 435
D20 0.0171 449 473 542 527
D20 0.0170 267 434 367 479
D20 0.0170 345 444 405 526
D20 0.0163 342 542 503 605
D20 0.0163 0 390 193 591
D20 0.0162 570 557 709 701
D20 0.0162 462 455 576 578
D20 0.0162 442 488 556 571
D20 0.0161 96 412 264 470
D20 0.0160 237 636 361 698
D20 0.0160 374 0 720 720
D20 0.0160 291 489 410 564
D20 0.0160 249 455 364 505
D20 0.0158 316 398 405 445
D20 0.0158 401 441 458 496
D20 0.0158 101 557 306 629
D20 0.0157 324 493 532 720
D20 0.0156 73 534 279 609
D20 0.0155 234 655 335 709
D20 0.0154 0 630 258 720
D20 0.0154 249 607 445 673
D20 0.0153 425 314 666 645
D20 0.0152 0 469 111 651
D20 0.0152 256 644 489 720
D20 0.0151 249 581 342 636
D20 0.0149 366 437 462 553
D20 0.0148 438 389 586 597
D20 0.0148 516 634 720 720
D20 0.0148 293 398 353 424
D20 0.0148 191 596 296 649
D20 0.0147 542 570 696 659
D20 0.0146 367 421 428 446
D20 0.0145 2 425 82 462
D20 0.0143 359 428 418 505
D20 0.0143 251 657 392 712
D20 0.0142 299 608 637 720
D20 0.0141 146 434 324 495
D20 0.0141 255 403 352 439
D20 0.0141 394 488 491 625
D20 0.0141 373 489 510 565
D20 0.0140 106 492 236 601
D20 0.0138 313 397 369 425
D20 0.0138 0 0 178 274
D20 0.0137 267 639 425 692
D20 0.0137 5 389 113 433
D20 0.0135 129 446 298 522
D20 0.0135 323 516 468 586
D20 0.0134 329 476 404 518
D20 0.0134 400 427 440 465
D20 0.0133 415 435 489 506
D20 0.0131 318 609 516 673
D20 0.0130 409 480 506 542
D20 0.0128 410 437 450 478
D20 0.0128 498 434 688 612
D20 0.0128 20 549 125 608
D20 0.0128 40 390 235 450
D20 0.0127 278 416 319 448
D20 0.0126 44 542 199 603
D20 0.0126 191 677 291 720
D20 0.0126 336 396 389 423
D20 0.0126 450 458 546 506
D20 0.0125 294 523 458 709
D20 0.0125 274 480 372 545
D20 0.0125 0 412 69 475
D20 0.0124 291 390 372 432
D20 0.0124 427 390 534 550
D20 0.0124 271 430 333 455
D20 0.0122 356 408 414 435
D20 0.0121 239 424 347 464
D20 0.0121 550 478 720 651
D20 0.0120 295 514 390 645
D20 0.0119 357 642 567 720
D20 0.0118 284 590 455 643
D20 0.0118 246 409 303 434
D20 0.0118 0 414 145 513
D20 0.0118 363 396 515 505
D20 0.0118 359 413 458 456
D20 0.0117 0 389 134 714
D20 0.0117 368 565 518 655
D20 0.0117 246 420 303 445
D20 0.0116 21 572 279 665
D20 0.0115 0 419 67 601
D20 0.0114 340 638 496 692
D20 0.0114 207 661 279 705
D20 0.0113 0 392 70 452
D20 0.0113 593 0 720 195
D20 0.0112 251 471 356 531
D20 0.0111 218 439 358 489
D20 0.0110 0 602 108 720
D20 0.0110 385 410 435 495
D20 0.0110 392 420 450 444
D20 0.0109 188 424 293 464
D20 0.0108 211 418 290 448
D20 0.0108 274 526 381 585
D20 0.0108 227 414 324 452
D20 0.0108 261 450 347 486
D20 0.0108 60 458 184 618
D20 0.0108 403 431 460 457
D20 0.0107 50 517 191 587
D20 0.0107 575 548 665 645
D20 0.0107 296 413 411 494
D20 0.0106 270 398 327 422
D20 0.0106 355 396 414 422
D20 0.0106 397 416 466 481
D20 0.0104 389 416 430 451
D20 0.0104 320 404 364 462
D20 0.0102 0 355 208 431
D20 0.0102 610 602 720 720
D20 0.0102 421 644 645 720
D20 0.0102 413 409 648 542
D20 0.0101 0 0 318 218
D20 0.0101 458 0 720 173
D20 0.0100 199 433 306 478
D20 0.0100 177 414 279 451
D20 0.0100 346 400 446 442
D20 0.0100 328 394 378 472
D20 0.0100 512 0 720 311
D40 0.0401 364 463 430 494
D40 0.0362 330 461 438 510
D40 0.0358 351 473 420 500
D40 0.0317 367 437 501 494
D40 0.0312 312 419 368 447
D40 0.0310 351 451 460 502
D40 0.0268 334 463 400 495
D40 0.0246 418 428 503 505
D40 0.0245 332 414 373 452
D40 0.0244 378 451 437 486
D40 0.0235 313 429 370 455
D40 0.0230 387 464 431 505
D40 0.0227 387 462 450 493
D40 0.0222 108 402 215 442
D40 0.0214 436 446 524 527
D40 0.0213 383 418 576 516
D40 0.0209 353 452 421 485
D40 0.0201 59 404 176 440
D40 0.0195 13 402 127 439
D40 0.0191 12 416 105 448
D40 0.0189 433 402 504 439
D40 0.0186 122 391 227 431
D40 0.0186 0 554 45 604
D40 0.0186 440 431 558 490
D40 0.0186 402 412 521 469
D40 0.0185 43 410 123 434
D40 0.0183 79 410 157 433
D40 0.0180 11 410 88 435
D40 0.0179 99 412 204 456
D40 0.0173 9 574 49 624
D40 0.0172 438 416 495 445
D40 0.0172 250 606 295 642
D40 0.0168 127 409 200 434
D40 0.0167 383 450 416 502
D40 0.0165 344 476 425 517
D40 0.0165 3 421 111 466
D40 0.0164 415 387 595 489
D40 0.0162 38 412 150 453
D40 0.0161 266 609 475 672
D40 0.0156 331 407 545 490
D40 0.0155 343 402 384 441
D40 0.0155 0 348 88 393
D40 0.0154 1 359 59 387
D40 0.0152 399 451 460 484
D40 0.0152 139 399 209 424
D40 0.0150 403 654 467 682
D40 0.0149 443 406 561 470
D40 0.0148 74 393 191 431
D40 0.0146 420 407 475 435
D40 0.0146 0 373 166 461
D40 0.0145 37 392 148 430
D40 0.0145 1 419 63 447
D40 0.0145 370 459 405 510
D40 0.0143 0 388 104 434
D40 0.0142 239 618 290 650
D40 0.0138 341 639 459 678
D40 0.0136 424 435 603 543
D40 0.0136 354 469 460 527
D40 0.0135 409 454 451 499
D40 0.0134 150 405 236 436
D40 0.0132 7 429 74 457
D40 0.0131 73 416 166 448
D40 0.0130 174 397 240 423
D40 0.0128 458 454 576 509
D40 0.0128 417 418 474 444
D40 0.0124 154 389 253 427
D40 0.0124 385 646 484 689
D40 0.0123 56 400 131 425
D40 0.0122 368 413 460 482
D40 0.0120 184 409 250 434
D40 0.0120 93 400 167 425
D40 0.0120 400 458 487 499
D40 0.0119 240 591 326 649
D40 0.0118 389 646 458 675
D40 0.0117 287 628 398 667
D40 0.0116 474 419 571 501
D40 0.0115 219 602 304 657
D40 0.0113 424 655 485 684
D40 0.0113 429 405 484 452
D40 0.0112 12 357 101 405
D40 0.0112 3 404 51 440
D40 0.0111 0 365 124 420
D40 0.0110 0 350 45 383
D40 0.0110 24 360 90 389
D40 0.0109 337 616 499 667
D40 0.0109 295 638 412 677
D40 0.0109 362 646 438 672
D40 0.0107 428 387 543 446
D40 0.0106 257 620 310 650
D40 0.0104 376 654 448 680
D40 0.0104 207 410 272 434
D40 0.0102 295 635 367 659
