D00 0.0760 388 527 432 656
D00 0.0732 378 484 448 668
D00 0.0589 394 575 427 667
D00 0.0584 136 501 293 648
D00 0.0541 95 517 244 668
D00 0.0517 349 489 488 669
D00 0.0505 366 505 425 647
D00 0.0482 396 513 441 617
D00 0.0446 176 484 333 627
D00 0.0431 126 570 172 675
D00 0.0377 341 546 448 673
D00 0.0376 101 536 189 684
D00 0.0369 405 503 464 649
D00 0.0363 137 600 165 669
D00 0.0363 133 532 202 658
D00 0.0358 406 586 432 659
D00 0.0341 315 478 434 668
D00 0.0340 397 533 426 601
D00 0.0339 35 497 185 696
D00 0.0334 406 523 434 592
D00 0.0326 142 543 238 644
D00 0.0325 189 529 319 652
D00 0.0322 163 525 266 625
D00 0.0306 380 586 439 672
D00 0.0299 141 590 177 674
D00 0.0297 398 550 425 632
D00 0.0294 487 505 537 604
D00 0.0288 386 480 435 594
D00 0.0282 2 534 31 602
D00 0.0273 68 567 216 665
D00 0.0272 512 534 587 665
D00 0.0272 406 490 453 598
D00 0.0269 185 506 286 603
D00 0.0269 536 554 608 677
D00 0.0264 0 517 48 616
D00 0.0263 493 515 564 650
D00 0.0259 114 557 183 647
D00 0.0251 339 510 410 642
D00 0.0250 403 555 453 662
D00 0.0249 122 488 217 641
D00 0.0245 351 467 436 614
D00 0.0243 412 492 505 660
D00 0.0239 219 513 293 634
D00 0.0238 467 484 550 644
D00 0.0236 410 531 448 626
D00 0.0233 314 465 374 493
D00 0.0227 211 469 303 608
D00 0.0227 127 571 250 687
D00 0.0225 237 493 366 612
D00 0.0223 496 514 527 583
D00 0.0222 364 571 425 684
D00 0.0221 4 448 239 716
D00 0.0214 171 558 297 632
D00 0.0214 83 594 198 707
D00 0.0212 0 478 107 674
D00 0.0210 319 468 364 507
D00 0.0210 129 480 262 605
D00 0.0209 0 537 145 697
D00 0.0208 112 590 166 659
D00 0.0207 285 491 417 616
D00 0.0207 501 534 544 619
D00 0.0205 163 565 262 660
D00 0.0199 0 468 68 634
D00 0.0197 477 485 526 588
D00 0.0197 396 466 476 619
D00 0.0194 53 459 257 625
D00 0.0193 81 456 323 709
D00 0.0193 381 517 424 595
D00 0.0191 387 589 418 657
D00 0.0188 316 457 348 504
D00 0.0188 86 571 169 655
D00 0.0184 558 575 631 690
D00 0.0183 505 525 538 592
D00 0.0182 452 494 520 626
D00 0.0177 415 522 444 591
D00 0.0176 202 458 358 584
D00 0.0175 0 544 40 650
D00 0.0173 141 548 184 633
D00 0.0172 231 485 324 578
D00 0.0171 129 601 193 679
D00 0.0171 0 532 73 695
D00 0.0169 177 557 241 622
D00 0.0169 169 574 302 684
D00 0.0168 152 534 274 704
D00 0.0168 0 471 49 576
D00 0.0167 361 582 475 657
D00 0.0167 391 551 475 689
D00 0.0166 265 480 388 660
D00 0.0166 212 517 343 585
D00 0.0164 375 543 427 615
D00 0.0162 397 500 426 574
D00 0.0162 318 524 468 621
D00 0.0161 151 558 197 640
D00 0.0160 51 528 209 627
D00 0.0159 376 564 425 640
D00 0.0158 214 498 294 576
D00 0.0155 18 511 83 645
D00 0.0155 486 523 519 590
D00 0.0154 666 616 718 718
D00 0.0154 512 544 555 634
D00 0.0154 316 471 372 527
D00 0.0152 7 536 63 641
D00 0.0151 311 451 352 488
D00 0.0151 208 534 277 601
D00 0.0151 313 512 387 637
D00 0.0150 105 605 223 672
D00 0.0150 545 591 590 673
D00 0.0150 350 528 430 605
D00 0.0150 157 568 219 632
D00 0.0149 293 464 352 493
D00 0.0149 269 511 335 634
D00 0.0147 526 613 607 687
D00 0.0147 314 455 374 482
D00 0.0146 136 568 167 638
D00 0.0146 2 504 32 570
D00 0.0146 127 611 173 715
D00 0.0144 13 550 174 647
D00 0.0144 418 478 467 587
D00 0.0143 556 600 602 683
D00 0.0143 83 605 300 704
D00 0.0143 495 572 572 679
D00 0.0142 480 541 550 631
D00 0.0142 333 608 457 670
D00 0.0142 0 570 53 678
D00 0.0141 399 620 436 669
D00 0.0141 147 621 173 684
D00 0.0141 59 559 146 678
D00 0.0140 212 519 364 702
D00 0.0140 599 580 708 703
D00 0.0139 368 524 528 621
D00 0.0139 359 482 417 585
D00 0.0139 2 566 31 634
D00 0.0138 124 519 183 625
D00 0.0138 82 486 178 643
D00 0.0138 340 470 389 508
D00 0.0138 429 477 494 603
D00 0.0137 515 536 549 601
D00 0.0137 408 487 435 564
D00 0.0135 19 572 90 699
D00 0.0135 299 452 369 509
D00 0.0135 481 533 524 616
D00 0.0135 282 466 371 602
D00 0.0134 126 611 160 674
D00 0.0133 327 473 403 546
D00 0.0133 8 525 41 593
D00 0.0133 578 563 653 686
D00 0.0132 156 467 314 555
D00 0.0132 291 511 360 635
D00 0.0131 326 685 411 720
D00 0.0131 303 535 402 675
D00 0.0130 301 468 345 507
D00 0.0130 397 458 445 568
D00 0.0130 234 528 314 604
D00 0.0130 342 503 497 597
D00 0.0130 495 543 529 610
D00 0.0129 209 560 345 630
D00 0.0129 313 477 386 592
D00 0.0129 147 505 204 611
D00 0.0129 153 494 282 565
D00 0.0129 133 630 166 679
D00 0.0129 103 505 197 607
D00 0.0128 423 532 461 622
D00 0.0128 386 540 433 574
D00 0.0128 365 470 408 509
D00 0.0127 309 581 433 655
D00 0.0127 146 590 201 655
D00 0.0127 406 523 478 608
D00 0.0126 414 577 444 647
D00 0.0125 414 466 450 558
D00 0.0125 471 512 513 595
D00 0.0124 643 567 720 709
D00 0.0123 7 497 60 598
D00 0.0123 114 514 238 588
D00 0.0122 465 475 514 574
D00 0.0122 0 463 160 613
D00 0.0122 486 493 516 560
D00 0.0121 577 601 624 686
D00 0.0121 105 627 227 720
D00 0.0121 323 483 386 515
D00 0.0120 125 618 170 652
D00 0.0118 354 478 399 521
D00 0.0118 256 468 347 554
D00 0.0118 307 461 360 554
D00 0.0118 102 610 169 689
D00 0.0117 11 591 65 696
D00 0.0117 503 501 556 603
D00 0.0116 227 474 302 553
D00 0.0116 555 519 669 703
D00 0.0115 383 557 502 635
D00 0.0115 157 601 188 665
D00 0.0115 244 550 315 667
D00 0.0115 257 533 348 675
D00 0.0115 315 688 377 718
D00 0.0115 338 514 449 582
D00 0.0115 37 538 115 664
D00 0.0114 514 521 569 614
D00 0.0114 326 480 359 540
D00 0.0114 535 569 580 654
D00 0.0113 351 691 428 718
D00 0.0113 107 462 235 574
D00 0.0112 372 461 424 563
D00 0.0112 148 606 279 670
D00 0.0112 1 479 33 544
D00 0.0112 385 616 458 682
D00 0.0111 127 581 224 643
D00 0.0111 522 556 568 647
D00 0.0110 606 607 664 703
D00 0.0110 188 607 327 700
D00 0.0110 128 649 301 716
D00 0.0110 187 527 259 593
D00 0.0110 387 617 432 653
D00 0.0110 362 534 434 580
D00 0.0109 243 503 303 565
D00 0.0109 614 0 720 169
D00 0.0109 444 548 524 668
D00 0.0108 396 550 441 583
D00 0.0108 334 458 370 503
D00 0.0108 419 462 446 519
D00 0.0108 376 535 466 601
D00 0.0108 430 477 457 547
D00 0.0108 0 614 53 720
D00 0.0108 295 470 351 528
D00 0.0108 437 477 473 564
D00 0.0107 9 555 41 624
D00 0.0107 155 598 223 704
D00 0.0107 459 481 497 564
D00 0.0107 203 523 282 569
D00 0.0107 198 464 275 577
D00 0.0106 114 549 214 616
D00 0.0106 402 574 435 628
D00 0.0105 306 483 363 514
D00 0.0105 408 462 436 518
D00 0.0105 326 447 358 493
D00 0.0104 430 534 479 639
D00 0.0104 383 464 414 516
D00 0.0104 165 538 233 605
D00 0.0104 347 473 383 526
D00 0.0104 388 606 431 640
D00 0.0103 474 501 506 569
D00 0.0103 628 626 702 709
D00 0.0103 124 632 256 693
D00 0.0103 176 579 237 638
D00 0.0103 283 608 423 700
D00 0.0103 136 538 193 606
D00 0.0102 384 502 416 572
D00 0.0102 239 515 287 595
D00 0.0102 315 491 372 552
D00 0.0102 222 557 284 619
D00 0.0101 343 481 387 561
D00 0.0101 382 621 422 668
D00 0.0101 304 493 359 593
D00 0.0101 371 480 404 542
D00 0.0101 449 488 485 574
D00 0.0101 255 494 314 553
D00 0.0100 395 463 425 517
D00 0.0100 566 582 612 667
D00 0.0100 330 488 376 532
D00 0.0100 115 622 180 669
D10 0.0300 383 623 598 688
D10 0.0276 431 608 597 669
D10 0.0171 364 634 517 687
D10 0.0160 372 609 513 669
D10 0.0148 175 647 288 690
D10 0.0143 337 538 439 597
D10 0.0140 388 650 587 712
D10 0.0138 476 627 578 666
D10 0.0130 149 623 326 696
D10 0.0123 206 626 405 696
D10 0.0123 493 614 583 657
D10 0.0122 165 652 257 684
D10 0.0122 283 539 417 606
D10 0.0118 359 551 422 582
D10 0.0118 373 540 427 574
D10 0.0118 505 561 558 594
D10 0.0113 23 561 155 632
D10 0.0113 195 656 269 680
D10 0.0113 242 541 355 596
D10 0.0109 285 516 417 583
D10 0.0108 168 607 304 670
D10 0.0108 198 641 287 677
D10 0.0106 279 608 424 670
D10 0.0106 80 560 176 627
D10 0.0105 51 583 158 646
D10 0.0105 155 635 270 680
D10 0.0101 457 656 611 706
D10 0.0100 128 539 229 604
D10 0.0100 222 551 330 607
D10 0.0100 101 549 199 616
D20 0.2366 131 504 651 684
D20 0.1347 320 534 619 677
D20 0.1056 2 501 451 691
D20 0.0830 405 578 672 693
D20 0.0710 226 493 542 656
D20 0.0639 453 514 599 671
D20 0.0600 376 488 677 694
D20 0.0561 71 532 354 678
D20 0.0555 111 556 496 699
D20 0.0522 223 579 563 689
D20 0.0494 495 538 637 684
D20 0.0471 385 510 554 668
D20 0.0468 178 509 400 679
D20 0.0433 22 510 211 693
D20 0.0414 233 556 459 672
D20 0.0402 37 433 591 646
D20 0.0397 111 468 470 624
D20 0.0382 0 556 288 711
D20 0.0380 440 593 624 677
D20 0.0380 44 491 298 653
D20 0.0378 292 493 446 658
D20 0.0371 347 529 493 679
D20 0.0364 245 478 457 592
D20 0.0332 497 600 699 698
D20 0.0321 505 564 599 669
D20 0.0300 533 574 652 692
D20 0.0298 365 611 618 690
D20 0.0297 484 541 578 652
D20 0.0276 343 468 486 619
D20 0.0275 292 469 448 552
D20 0.0239 304 463 608 628
D20 0.0237 147 580 371 684
D20 0.0236 553 627 677 695
D20 0.0233 466 522 555 628
D20 0.0225 304 461 434 512
D20 0.0221 315 463 395 497
D20 0.0220 356 417 588 720
D20 0.0219 387 576 539 678
D20 0.0212 70 465 336 598
D20 0.0212 525 507 677 692
D20 0.0210 345 441 402 466
D20 0.0206 477 411 701 714
D20 0.0205 258 532 396 653
D20 0.0204 0 198 669 710
D20 0.0203 177 465 391 570
D20 0.0202 0 555 147 709
D20 0.0201 420 625 679 720
D20 0.0200 430 492 542 627
D20 0.0197 190 548 365 641
D20 0.0196 85 576 296 688
D20 0.0195 223 456 437 537
D20 0.0191 326 450 401 483
D20 0.0188 0 424 245 720
D20 0.0188 19 454 215 621
D20 0.0186 322 471 405 507
D20 0.0182 30 549 189 648
D20 0.0178 0 0 489 353
D20 0.0176 206 614 454 701
D20 0.0176 572 649 697 708
D20 0.0175 314 474 416 526
D20 0.0174 201 0 720 353
D20 0.0174 497 535 565 621
D20 0.0171 0 371 360 656
D20 0.0170 124 451 372 712
D20 0.0167 347 430 400 458
D20 0.0167 312 595 479 677
D20 0.0167 21 18 720 530
D20 0.0166 200 374 720 720
D20 0.0164 342 465 406 492
D20 0.0162 290 627 579 720
D20 0.0161 0 142 348 720
D20 0.0160 286 459 383 502
D20 0.0159 375 142 720 720
D20 0.0157 580 568 714 708
D20 0.0149 282 577 423 683
D20 0.0148 423 556 560 637
D20 0.0147 325 482 420 581
D20 0.0147 320 439 394 470
D20 0.0146 131 445 330 543
D20 0.0145 45 605 369 720
D20 0.0144 615 613 704 706
D20 0.0144 355 475 417 503
D20 0.0143 462 556 566 684
D20 0.0142 0 628 242 720
D20 0.0139 369 466 455 560
D20 0.0139 261 474 396 539
D20 0.0138 539 580 609 666
D20 0.0136 528 548 584 657
D20 0.0135 354 453 413 478
D20 0.0134 331 458 492 523
D20 0.0128 202 446 467 715
D20 0.0127 0 0 176 272
D20 0.0126 0 495 149 636
D20 0.0125 366 442 424 466
D20 0.0124 405 475 514 605
D20 0.0122 189 642 424 720
D20 0.0122 295 452 370 487
D20 0.0121 0 490 94 706
D20 0.0120 344 458 450 503
D20 0.0118 366 465 426 493
D20 0.0118 282 559 417 633
D20 0.0117 546 548 634 654
D20 0.0117 38 421 357 552
D20 0.0117 546 0 720 265
D20 0.0117 457 506 586 601
D20 0.0114 0 438 106 595
D20 0.0112 45 463 254 567
D20 0.0111 367 431 424 456
D20 0.0110 63 585 184 720
D20 0.0110 0 517 30 611
D20 0.0109 276 567 377 660
D20 0.0109 377 569 494 720
D20 0.0107 346 479 425 519
D20 0.0107 632 0 720 141
D20 0.0107 216 539 342 704
D20 0.0106 378 475 439 503
D20 0.0105 488 426 632 660
D20 0.0105 391 431 449 454
D20 0.0105 458 0 720 174
D20 0.0103 337 438 409 492
D20 0.0103 208 583 349 652
D20 0.0103 593 605 656 699
D20 0.0103 196 453 362 525
D20 0.0103 574 455 714 681
D20 0.0102 522 527 610 629
D20 0.0100 337 433 428 472
D40 0.0599 0 456 129 506
D40 0.0573 9 435 159 485
D40 0.0561 106 414 271 461
D40 0.0536 0 465 54 497
D40 0.0510 101 419 203 466
D40 0.0493 0 442 185 518
D40 0.0470 56 407 237 467
D40 0.0451 69 433 220 478
D40 0.0399 64 420 276 488
D40 0.0386 102 434 181 470
D40 0.0364 170 411 282 451
D40 0.0357 12 573 192 699
D40 0.0339 0 450 61 509
D40 0.0311 157 426 256 459
D40 0.0294 0 462 35 512
D40 0.0282 0 416 125 498
D40 0.0280 123 430 199 460
D40 0.0275 130 434 289 479
D40 0.0273 7 466 86 493
D40 0.0269 40 449 127 485
D40 0.0261 43 427 147 471
D40 0.0253 62 417 171 465
D40 0.0252 83 380 303 457
D40 0.0252 76 587 174 685
D40 0.0250 47 455 195 503
D40 0.0241 114 423 165 463
D40 0.0238 205 409 319 446
D40 0.0235 24 461 120 494
D40 0.0231 534 628 662 692
D40 0.0229 467 617 646 690
D40 0.0225 366 684 472 720
D40 0.0225 200 418 278 445
D40 0.0220 126 429 237 469
D40 0.0217 3 623 195 720
D40 0.0214 0 437 95 529
D40 0.0211 9 402 171 475
D40 0.0207 58 626 179 697
D40 0.0206 0 464 138 539
D40 0.0204 123 425 325 501
D40 0.0195 132 440 213 465
D40 0.0194 68 443 276 530
D40 0.0193 529 591 602 674
D40 0.0191 480 532 548 618
D40 0.0190 188 429 267 455
D40 0.0187 490 616 595 672
D40 0.0185 492 542 533 593
D40 0.0177 141 415 232 455
D40 0.0174 551 600 625 686
D40 0.0174 329 652 508 714
D40 0.0172 35 652 169 713
D40 0.0172 0 454 55 485
D40 0.0172 225 418 300 444
D40 0.0169 0 482 51 511
D40 0.0168 27 602 153 678
D40 0.0168 502 553 543 602
D40 0.0167 57 603 275 706
D40 0.0166 156 410 335 462
D40 0.0166 59 643 223 718
D40 0.0165 80 389 213 455
D40 0.0163 511 625 618 684
D40 0.0163 151 393 305 445
D40 0.0162 331 623 511 692
D40 0.0161 121 610 163 660
D40 0.0161 341 672 455 715
D40 0.0157 215 408 288 437
D40 0.0157 463 631 584 678
D40 0.0155 193 419 301 459
D40 0.0154 3 451 95 488
D40 0.0154 4 593 126 712
D40 0.0153 534 651 668 706
D40 0.0151 50 439 121 466
D40 0.0150 96 601 164 666
D40 0.0149 563 646 645 689
D40 0.0149 97 455 241 505
D40 0.0146 87 429 153 459
D40 0.0145 151 570 245 631
D40 0.0144 505 544 558 613
D40 0.0143 109 445 192 477
D40 0.0138 508 580 587 660
D40 0.0136 190 415 250 450
D40 0.0136 25 416 126 461
D40 0.0134 382 659 544 708
D40 0.0133 61 429 131 456
D40 0.0132 368 618 457 692
D40 0.0131 134 384 242 453
D40 0.0131 69 623 157 669
D40 0.0131 262 419 327 445
D40 0.0130 594 626 670 701
D40 0.0130 240 642 462 720
D40 0.0128 259 625 444 696
D40 0.0127 116 406 184 460
D40 0.0126 14 418 320 549
D40 0.0126 11 462 225 561
D40 0.0125 545 610 589 658
D40 0.0124 488 641 598 689
D40 0.0123 54 465 132 490
D40 0.0122 0 470 68 523
D40 0.0121 426 619 545 686
D40 0.0120 568 632 613 681
D40 0.0120 102 630 226 694
D40 0.0120 390 634 522 677
D40 0.0120 79 570 172 637
D40 0.0119 325 659 431 704
D40 0.0119 265 431 329 455
D40 0.0118 439 646 626 710
D40 0.0118 235 421 334 459
D40 0.0117 617 592 703 695
D40 0.0117 1 442 34 498
D40 0.0117 25 475 174 528
D40 0.0116 119 589 164 637
D40 0.0115 483 531 524 582
D40 0.0114 169 435 262 467
D40 0.0114 1 453 65 562
D40 0.0113 247 409 319 436
D40 0.0112 68 453 142 479
D40 0.0112 391 633 430 675
D40 0.0111 310 670 410 716
D40 0.0111 520 600 593 649
D40 0.0110 395 688 449 720
D40 0.0110 10 636 105 719
D40 0.0110 527 619 586 651
D40 0.0109 127 418 197 450
D40 0.0108 332 644 439 688
D40 0.0107 482 552 524 601
D40 0.0106 382 637 463 675
D40 0.0106 149 449 314 523
D40 0.0106 97 617 159 653
D40 0.0105 130 639 346 720
D40 0.0103 62 582 145 667
D40 0.0103 581 657 666 699
D40 0.0103 87 415 162 488
D40 0.0101 444 644 565 687
D40 0.0100 112 628 161 664
D40 0.0100 10 582 128 654
