D00 0.1937 293 666 382 719
D00 0.1274 273 658 413 710
D00 0.0909 277 564 423 720
D00 0.0789 318 684 392 716
D00 0.0711 246 429 421 720
D00 0.0682 325 643 412 720
D00 0.0681 297 623 402 712
D00 0.0660 318 601 443 714
D00 0.0574 533 445 685 654
D00 0.0537 7 399 196 713
D00 0.0524 0 423 113 613
D00 0.0523 299 677 355 716
D00 0.0496 377 570 424 678
D00 0.0493 241 677 368 720
D00 0.0481 185 687 251 718
D00 0.0466 501 360 714 682
D00 0.0421 0 488 104 700
D00 0.0417 156 419 352 720
D00 0.0395 353 551 463 716
D00 0.0394 339 413 660 720
D00 0.0385 258 564 359 719
D00 0.0379 223 507 373 711
D00 0.0374 25 378 180 601
D00 0.0373 273 499 568 712
D00 0.0371 361 618 415 720
D00 0.0363 332 679 420 720
D00 0.0357 345 669 402 715
D00 0.0356 305 695 376 719
D00 0.0344 0 369 141 520
D00 0.0341 155 678 260 720
D00 0.0335 16 461 90 589
D00 0.0333 323 663 377 708
D00 0.0320 263 687 348 718
D00 0.0320 180 541 291 720
D00 0.0319 385 588 414 660
D00 0.0308 341 479 443 681
D00 0.0305 574 381 712 620
D00 0.0301 316 633 367 720
D00 0.0299 19 504 87 638
D00 0.0297 335 559 408 704
D00 0.0291 378 577 448 704
D00 0.0283 307 468 351 573
D00 0.0280 2 440 74 568
D00 0.0280 0 603 120 716
D00 0.0279 284 627 492 720
D00 0.0278 275 469 377 680
D00 0.0270 3 483 71 612
D00 0.0269 307 515 394 706
D00 0.0266 191 607 335 717
D00 0.0266 330 653 465 712
D00 0.0265 492 398 650 625
D00 0.0263 195 674 240 716
D00 0.0262 522 488 576 585
D00 0.0261 283 588 381 700
D00 0.0259 95 379 297 706
D00 0.0253 363 659 425 717
D00 0.0245 7 432 106 535
D00 0.0245 0 428 57 529
D00 0.0240 190 637 246 720
D00 0.0239 64 655 146 720
D00 0.0238 18 548 86 691
D00 0.0238 4 526 68 664
D00 0.0237 371 599 409 698
D00 0.0236 72 683 162 720
D00 0.0235 334 697 406 720
D00 0.0230 253 449 353 640
D00 0.0229 307 508 353 622
D00 0.0226 381 559 434 645
D00 0.0224 176 670 309 720
D00 0.0222 68 482 222 710
D00 0.0220 282 643 353 720
D00 0.0219 534 346 679 575
D00 0.0219 15 663 130 720
D00 0.0219 228 556 275 659
D00 0.0218 108 595 277 720
D00 0.0216 7 453 148 555
D00 0.0214 455 472 619 682
D00 0.0213 203 348 376 670
D00 0.0207 633 643 720 720
D00 0.0205 34 527 171 720
D00 0.0202 2 574 69 703
D00 0.0200 318 497 343 568
D00 0.0199 62 687 131 718
D00 0.0198 525 515 610 599
D00 0.0198 173 681 228 718
D00 0.0197 509 454 600 609
D00 0.0195 33 483 108 608
D00 0.0194 298 537 344 636
D00 0.0194 612 453 713 618
D00 0.0194 209 685 321 720
D00 0.0193 573 569 639 675
D00 0.0192 391 582 423 644
D00 0.0192 307 591 358 714
D00 0.0191 361 513 425 649
D00 0.0191 270 368 399 633
D00 0.0190 0 652 87 720
D00 0.0190 171 588 256 720
D00 0.0190 306 467 388 632
D00 0.0189 178 372 319 618
D00 0.0187 202 572 267 712
D00 0.0187 13 385 94 503
D00 0.0186 308 487 335 559
D00 0.0186 604 387 720 536
D00 0.0185 502 534 621 720
D00 0.0184 124 308 454 693
D00 0.0183 357 414 492 681
D00 0.0183 591 582 656 692
D00 0.0182 215 516 299 689
D00 0.0182 0 347 121 456
D00 0.0181 401 461 554 693
D00 0.0181 296 346 461 678
D00 0.0181 529 513 563 580
D00 0.0178 384 610 412 684
D00 0.0176 684 640 720 720
D00 0.0175 307 557 353 663
D00 0.0175 0 457 40 538
D00 0.0174 375 467 449 642
D00 0.0173 377 504 481 695
D00 0.0173 539 505 572 571
D00 0.0173 244 576 320 712
D00 0.0172 238 492 323 653
D00 0.0172 223 573 292 712
D00 0.0171 274 483 333 616
D00 0.0171 51 611 189 716
D00 0.0170 288 427 360 588
D00 0.0169 61 358 225 556
D00 0.0167 30 447 152 630
D00 0.0167 149 639 284 720
D00 0.0167 182 466 481 680
D00 0.0166 200 678 277 720
D00 0.0166 95 655 183 720
D00 0.0166 372 650 406 714
D00 0.0164 167 385 247 457
D00 0.0163 389 325 681 606
D00 0.0160 304 497 339 587
D00 0.0159 272 531 334 673
D00 0.0157 337 512 405 648
D00 0.0157 509 511 565 608
D00 0.0156 275 672 332 716
D00 0.0156 351 600 458 684
D00 0.0155 383 595 439 626
D00 0.0153 323 569 456 668
D00 0.0152 29 317 179 514
D00 0.0152 496 486 579 637
D00 0.0151 332 680 372 720
D00 0.0151 493 427 574 589
D00 0.0150 168 364 257 502
D00 0.0150 103 688 175 718
D00 0.0150 607 640 691 718
D00 0.0150 664 525 718 626
D00 0.0149 376 630 436 720
D00 0.0149 386 576 450 632
D00 0.0149 665 615 720 710
D00 0.0148 0 404 72 488
D00 0.0148 1 373 87 449
D00 0.0148 35 526 106 665
D00 0.0148 0 249 183 577
D00 0.0148 210 631 268 720
D00 0.0148 45 484 121 561
D00 0.0146 104 676 229 720
D00 0.0146 399 559 467 683
D00 0.0146 164 500 316 651
D00 0.0145 566 540 642 607
D00 0.0145 178 367 258 436
D00 0.0145 297 442 342 543
D00 0.0145 315 488 363 596
D00 0.0141 238 567 267 633
D00 0.0141 648 442 712 524
D00 0.0140 125 562 217 717
D00 0.0140 214 471 303 626
D00 0.0140 361 681 445 720
D00 0.0140 0 591 45 695
D00 0.0139 352 447 431 616
D00 0.0139 235 540 285 635
D00 0.0139 120 354 274 555
D00 0.0138 81 668 129 717
D00 0.0137 0 632 49 720
D00 0.0137 604 615 666 707
D00 0.0136 502 364 606 415
D00 0.0136 44 513 103 576
D00 0.0135 4 466 69 534
D00 0.0135 157 402 238 483
D00 0.0135 385 613 478 705
D00 0.0135 407 382 549 624
D00 0.0135 150 667 228 714
D00 0.0134 265 405 340 568
D00 0.0133 288 663 343 708
D00 0.0133 449 347 597 566
D00 0.0133 249 698 330 720
D00 0.0132 8 681 99 720
D00 0.0131 640 410 714 488
D00 0.0131 508 462 564 571
D00 0.0131 397 409 445 522
D00 0.0130 364 574 423 635
D00 0.0130 664 457 717 563
D00 0.0130 6 568 48 658
D00 0.0130 375 582 409 647
D00 0.0129 383 636 413 705
D00 0.0129 3 476 49 564
D00 0.0129 19 373 121 430
D00 0.0128 285 471 339 569
D00 0.0128 307 557 335 622
D00 0.0128 190 378 277 531
D00 0.0127 51 638 120 720
D00 0.0127 124 648 208 717
D00 0.0127 139 687 218 716
D00 0.0127 375 586 428 620
D00 0.0126 537 480 594 576
D00 0.0126 239 428 325 585
D00 0.0126 374 470 424 566
D00 0.0125 5 464 49 515
D00 0.0125 158 608 227 716
D00 0.0125 166 697 234 720
D00 0.0124 457 512 560 707
D00 0.0124 171 522 258 685
D00 0.0124 223 588 261 678
D00 0.0123 159 401 269 594
D00 0.0123 366 401 459 600
D00 0.0122 57 461 133 582
D00 0.0122 483 352 579 408
D00 0.0122 55 421 138 542
D00 0.0122 392 581 442 661
D00 0.0121 316 445 377 573
D00 0.0121 362 689 411 720
D00 0.0120 403 511 463 644
D00 0.0120 317 468 343 539
D00 0.0120 371 564 525 703
D00 0.0120 71 405 172 548
D00 0.0119 353 664 413 699
D00 0.0119 197 359 270 472
D00 0.0119 206 549 277 630
D00 0.0118 571 637 658 717
D00 0.0118 211 342 301 484
D00 0.0118 619 668 707 717
D00 0.0118 524 413 618 573
D00 0.0117 548 529 620 620
D00 0.0116 551 376 651 429
D00 0.0116 608 449 693 523
D00 0.0116 250 683 303 720
D00 0.0115 369 340 461 535
D00 0.0115 384 564 417 627
D00 0.0114 370 590 462 655
D00 0.0114 474 354 632 471
D00 0.0114 132 388 224 456
D00 0.0114 282 323 588 598
D00 0.0114 193 446 278 604
D00 0.0113 81 698 152 720
D00 0.0113 317 411 421 598
D00 0.0113 148 398 236 549
D00 0.0113 285 548 367 644
D00 0.0112 560 627 620 720
D00 0.0112 167 381 250 420
D00 0.0112 532 452 584 553
D00 0.0111 569 420 675 567
D00 0.0111 384 503 433 612
D00 0.0111 464 452 568 630
D00 0.0111 212 335 441 566
D00 0.0111 341 617 390 714
D00 0.0111 337 465 403 595
D00 0.0111 345 583 436 646
D00 0.0110 251 334 350 538
D00 0.0110 27 525 74 609
D00 0.0110 381 671 417 720
D00 0.0110 385 613 428 700
D00 0.0110 386 437 434 539
D00 0.0110 143 369 236 439
D00 0.0109 0 528 47 627
D00 0.0109 15 536 62 620
D00 0.0108 49 674 120 713
D00 0.0107 129 677 202 709
D00 0.0107 493 554 574 710
D00 0.0107 233 646 327 720
D00 0.0106 213 403 302 561
D00 0.0105 237 324 323 458
D00 0.0105 185 392 232 470
D00 0.0105 122 385 219 520
D00 0.0105 88 610 157 716
D00 0.0104 352 566 414 664
D00 0.0104 28 369 114 477
D00 0.0104 60 578 134 708
D00 0.0103 498 450 549 549
D00 0.0102 317 589 345 659
D00 0.0102 359 639 396 709
D00 0.0102 357 378 430 542
D00 0.0102 224 341 308 411
D00 0.0102 185 389 235 433
D00 0.0102 258 321 319 405
D00 0.0102 317 545 343 613
D00 0.0101 668 427 720 487
D00 0.0101 181 415 245 540
D00 0.0101 197 354 283 422
D00 0.0101 211 698 293 720
D00 0.0100 7 336 103 416
D00 0.0100 534 380 619 421
D00 0.0100 623 359 720 477
D00 0.0100 0 414 42 501
D10 0.0508 163 653 383 718
D10 0.0371 142 670 253 717
D10 0.0298 71 653 267 718
D10 0.0298 214 633 370 709
D10 0.0286 161 678 238 710
D10 0.0248 112 538 394 701
D10 0.0224 10 534 249 692
D10 0.0223 0 517 99 579
D10 0.0222 274 664 367 708
D10 0.0222 8 491 111 562
D10 0.0218 8 403 126 470
D10 0.0214 14 632 141 706
D10 0.0200 375 584 473 639
D10 0.0198 6 501 145 593
D10 0.0196 11 484 235 637
D10 0.0195 10 424 124 495
D10 0.0194 26 626 214 714
D10 0.0185 131 623 306 715
D10 0.0181 0 531 64 560
D10 0.0181 23 441 277 575
D10 0.0178 0 394 99 453
D10 0.0176 386 596 452 626
D10 0.0175 0 541 63 572
D10 0.0173 0 642 97 704
D10 0.0172 7 536 105 604
D10 0.0171 99 635 239 706
D10 0.0164 294 492 579 646
D10 0.0163 16 467 134 542
D10 0.0163 219 484 444 650
D10 0.0163 632 604 718 637
D10 0.0161 150 668 226 700
D10 0.0159 275 600 392 686
D10 0.0156 139 532 301 615
D10 0.0154 113 486 367 645
D10 0.0153 14 525 175 613
D10 0.0149 54 521 292 629
D10 0.0147 34 506 133 563
D10 0.0147 1 654 62 685
D10 0.0140 362 628 471 690
D10 0.0139 319 562 427 622
D10 0.0138 12 362 147 428
D10 0.0138 200 540 318 604
D10 0.0137 339 580 442 651
D10 0.0137 21 341 223 409
D10 0.0135 161 508 324 595
D10 0.0134 194 337 291 370
D10 0.0134 0 512 74 557
D10 0.0134 1 476 79 523
D10 0.0132 165 542 281 595
D10 0.0131 6 604 110 680
D10 0.0131 10 417 78 446
D10 0.0131 0 637 70 680
D10 0.0129 49 508 236 590
D10 0.0129 1 663 64 697
D10 0.0128 198 674 306 717
D10 0.0128 104 445 355 569
D10 0.0127 0 544 69 591
D10 0.0127 6 421 85 465
D10 0.0124 359 564 462 627
D10 0.0123 258 536 448 675
D10 0.0122 96 345 250 400
D10 0.0121 17 559 128 622
D10 0.0121 104 543 242 601
D10 0.0120 25 480 199 569
D10 0.0120 272 562 388 618
D10 0.0119 176 663 256 706
D10 0.0119 297 579 408 647
D10 0.0119 130 521 261 582
D10 0.0119 17 519 88 549
D10 0.0118 279 550 425 638
D10 0.0117 64 366 231 425
D10 0.0117 271 540 385 601
D10 0.0117 3 472 56 507
D10 0.0116 3 406 66 438
D10 0.0115 321 541 507 668
D10 0.0115 180 561 298 621
D10 0.0114 44 519 104 551
D10 0.0114 214 446 444 567
D10 0.0114 408 596 471 625
D10 0.0114 318 539 424 604
D10 0.0113 6 338 96 370
D10 0.0112 223 516 338 584
D10 0.0112 2 493 58 526
D10 0.0111 306 648 380 695
D10 0.0111 570 547 660 594
D10 0.0110 6 581 105 649
D10 0.0110 32 528 95 559
D10 0.0110 223 561 339 620
D10 0.0109 306 451 573 579
D10 0.0108 1 624 81 668
D10 0.0108 30 550 207 634
D10 0.0108 14 593 176 694
D10 0.0107 117 551 276 636
D10 0.0107 11 433 96 478
D10 0.0106 224 601 352 683
D10 0.0106 3 343 119 404
D10 0.0106 18 389 107 434
D10 0.0105 37 338 126 370
D10 0.0104 379 643 441 672
D10 0.0103 228 527 383 616
D10 0.0103 156 402 392 526
D10 0.0103 200 494 321 561
D10 0.0101 4 454 79 502
D10 0.0101 0 483 47 516
D10 0.0101 4 427 63 458
D10 0.0100 147 425 272 490
D10 0.0100 0 643 47 674
D10 0.0100 671 609 720 635
D20 0.1266 102 465 693 706
D20 0.0910 10 504 471 720
D20 0.0897 212 652 415 714
D20 0.0893 525 492 713 623
D20 0.0865 192 596 472 703
D20 0.0665 219 569 629 711
D20 0.0631 176 403 410 720
D20 0.0608 0 396 267 718
D20 0.0560 390 429 720 716
D20 0.0551 227 434 540 720
D20 0.0522 52 594 391 706
D20 0.0517 0 367 570 720
D20 0.0465 0 402 136 564
D20 0.0455 569 552 680 613
D20 0.0441 201 674 378 715
D20 0.0412 0 373 372 607
D20 0.0391 19 388 258 493
D20 0.0360 320 495 645 705
D20 0.0357 122 643 385 720
D20 0.0357 0 365 189 601
D20 0.0336 257 627 575 715
D20 0.0319 0 609 184 719
D20 0.0315 80 368 293 472
D20 0.0298 500 342 720 683
D20 0.0280 0 110 720 720
D20 0.0276 22 642 272 720
D20 0.0276 13 503 197 704
D20 0.0272 0 526 120 712
D20 0.0265 21 355 266 448
D20 0.0251 0 358 163 490
D20 0.0246 133 346 332 447
D20 0.0245 0 461 166 589
D20 0.0244 253 660 367 711
D20 0.0241 45 561 259 713
D20 0.0240 511 444 642 624
D20 0.0237 596 439 719 630
D20 0.0231 308 578 496 708
D20 0.0226 68 315 689 628
D20 0.0224 152 362 305 506
D20 0.0224 0 433 93 679
D20 0.0223 548 531 640 614
D20 0.0223 180 680 322 720
D20 0.0214 35 420 246 614
D20 0.0201 88 335 302 423
D20 0.0199 0 0 489 353
D20 0.0198 50 400 312 533
D20 0.0196 203 648 314 715
D20 0.0196 201 0 720 353
D20 0.0192 95 514 315 705
D20 0.0190 0 622 57 718
D20 0.0189 0 317 342 507
D20 0.0188 69 463 395 676
D20 0.0186 315 243 689 720
D20 0.0185 0 142 348 720
D20 0.0179 123 335 354 687
D20 0.0166 126 397 252 512
D20 0.0164 0 334 213 424
D20 0.0164 67 341 467 559
D20 0.0159 117 675 268 720
D20 0.0159 0 407 72 588
D20 0.0157 184 449 338 607
D20 0.0157 124 383 258 450
D20 0.0155 0 505 145 638
D20 0.0154 147 362 280 426
D20 0.0154 291 382 702 620
D20 0.0153 606 532 705 609
D20 0.0150 129 423 349 542
D20 0.0149 0 509 59 606
D20 0.0147 197 338 345 488
D20 0.0143 0 326 93 547
D20 0.0141 232 432 376 588
D20 0.0138 155 305 322 408
D20 0.0138 157 379 267 569
D20 0.0136 165 389 257 482
D20 0.0136 0 0 174 265
D20 0.0135 164 555 365 695
D20 0.0134 11 674 149 720
D20 0.0133 53 375 189 540
D20 0.0132 0 457 90 524
D20 0.0130 546 0 720 264
D20 0.0130 200 386 315 575
D20 0.0126 299 449 437 612
D20 0.0123 142 503 297 650
D20 0.0123 219 608 361 720
D20 0.0122 76 444 301 562
D20 0.0120 229 537 438 671
D20 0.0120 184 369 279 460
D20 0.0119 181 514 381 637
D20 0.0118 0 584 89 720
D20 0.0116 665 519 717 613
D20 0.0116 119 425 421 607
D20 0.0113 107 384 228 559
D20 0.0112 0 442 49 565
D20 0.0111 465 67 720 720
D20 0.0110 651 541 720 720
D20 0.0110 0 534 56 693
D20 0.0109 0 0 314 215
D20 0.0107 134 332 257 478
D20 0.0107 652 476 720 650
D20 0.0106 225 305 335 445
D20 0.0106 0 363 59 512
D20 0.0104 0 155 38 253
D20 0.0104 375 545 564 720
D20 0.0103 279 408 421 567
D20 0.0102 588 516 659 614
D20 0.0100 399 0 720 214
D40 0.2754 547 530 712 648
D40 0.2099 558 557 698 620
D40 0.2070 476 507 719 687
D40 0.1599 562 566 684 658
D40 0.1357 542 567 711 711
D40 0.1300 278 498 720 702
D40 0.0841 526 508 663 628
D40 0.0788 578 578 671 619
D40 0.0773 524 444 697 636
D40 0.0730 575 600 697 680
D40 0.0727 367 577 691 704
D40 0.0718 531 546 660 682
D40 0.0670 582 582 700 635
D40 0.0658 607 555 703 678
D40 0.0567 635 449 712 487
D40 0.0552 402 433 720 662
D40 0.0540 548 572 649 625
D40 0.0513 625 546 720 635
D40 0.0505 562 626 689 705
D40 0.0492 581 492 714 618
D40 0.0480 0 404 204 523
D40 0.0472 605 614 711 711
D40 0.0420 535 529 622 647
D40 0.0413 556 571 642 703
D40 0.0408 492 626 712 720
D40 0.0391 653 460 714 491
D40 0.0382 546 413 720 514
D40 0.0381 619 486 720 699
D40 0.0375 600 430 712 492
D40 0.0345 516 558 634 620
D40 0.0336 1 645 166 719
D40 0.0332 586 587 642 629
D40 0.0327 582 569 644 613
D40 0.0317 8 394 164 484
D40 0.0307 563 585 636 616
D40 0.0307 533 652 674 713
D40 0.0300 582 556 662 635
D40 0.0296 579 395 720 713
D40 0.0296 507 490 628 680
D40 0.0290 591 595 676 624
D40 0.0289 34 417 148 472
D40 0.0289 629 590 720 690
D40 0.0288 44 396 239 482
D40 0.0288 439 531 652 650
D40 0.0286 364 514 593 698
D40 0.0279 514 500 606 602
D40 0.0271 233 321 365 378
D40 0.0267 571 397 670 443
D40 0.0265 42 427 194 492
D40 0.0261 85 452 194 505
D40 0.0261 7 617 103 710
D40 0.0258 508 402 695 551
D40 0.0257 624 662 720 720
D40 0.0256 624 443 707 509
D40 0.0256 529 613 630 708
D40 0.0256 497 453 639 611
D40 0.0256 446 386 556 431
D40 0.0256 607 597 720 645
D40 0.0254 523 368 714 465
D40 0.0251 42 659 200 714
D40 0.0248 7 413 108 511
D40 0.0245 588 570 657 674
D40 0.0243 528 480 685 584
D40 0.0240 249 338 344 388
D40 0.0235 595 575 686 608
D40 0.0234 578 407 703 474
D40 0.0229 564 558 651 606
D40 0.0228 193 332 356 405
D40 0.0227 471 524 627 615
D40 0.0226 607 586 698 617
D40 0.0225 16 404 126 462
D40 0.0224 585 407 660 434
D40 0.0222 492 591 644 691
D40 0.0221 282 319 399 365
D40 0.0221 480 407 546 432
D40 0.0220 516 565 609 662
D40 0.0219 657 687 716 719
D40 0.0218 122 328 650 577
D40 0.0217 644 464 713 508
D40 0.0214 467 397 537 424
D40 0.0214 0 642 73 718
D40 0.0213 305 318 377 346
D40 0.0209 27 437 136 497
D40 0.0208 193 680 336 720
D40 0.0208 431 373 535 425
D40 0.0206 544 589 630 628
D40 0.0205 528 513 585 581
D40 0.0204 513 665 621 718
D40 0.0202 634 504 720 603
D40 0.0201 411 344 606 434
D40 0.0201 578 571 632 645
D40 0.0199 475 396 571 442
D40 0.0197 401 340 720 566
D40 0.0196 219 311 423 391
D40 0.0195 595 591 673 654
D40 0.0194 153 318 324 386
D40 0.0193 560 443 720 574
D40 0.0192 648 440 707 477
D40 0.0192 524 440 686 524
D40 0.0191 264 340 330 369
D40 0.0191 650 444 691 492
D40 0.0190 647 422 719 491
D40 0.0187 526 538 639 603
D40 0.0187 12 382 148 449
D40 0.0186 594 539 710 603
D40 0.0186 12 454 171 552
D40 0.0186 305 327 376 357
D40 0.0186 7 326 305 474
D40 0.0184 184 648 284 717
D40 0.0183 70 420 188 472
D40 0.0183 264 349 329 378
D40 0.0182 624 598 709 627
D40 0.0181 683 667 720 717
D40 0.0180 472 348 678 437
D40 0.0180 272 335 362 372
D40 0.0179 167 342 305 401
D40 0.0177 67 434 173 526
D40 0.0176 667 450 711 499
D40 0.0175 8 358 193 436
D40 0.0172 365 243 720 669
D40 0.0167 353 300 711 489
D40 0.0167 612 479 709 583
D40 0.0166 579 599 653 644
D40 0.0166 156 332 262 376
D40 0.0165 103 667 234 715
D40 0.0164 483 388 684 491
D40 0.0162 551 574 625 608
D40 0.0162 265 323 348 364
D40 0.0161 374 631 487 685
D40 0.0159 608 456 698 497
D40 0.0159 459 558 616 712
D40 0.0159 428 375 586 446
D40 0.0158 170 350 330 432
D40 0.0157 536 472 644 528
D40 0.0157 208 331 325 379
D40 0.0156 577 397 648 428
D40 0.0156 45 622 147 711
D40 0.0156 524 530 568 581
D40 0.0154 107 462 219 513
D40 0.0153 461 363 595 421
D40 0.0152 607 370 720 501
D40 0.0152 68 430 142 458
D40 0.0151 258 354 334 396
D40 0.0151 512 459 660 553
D40 0.0151 532 488 605 568
D40 0.0150 536 429 671 492
D40 0.0150 537 500 577 548
D40 0.0150 589 563 675 599
D40 0.0150 65 386 229 449
D40 0.0147 118 412 220 500
D40 0.0147 117 464 185 494
D40 0.0146 527 510 569 562
D40 0.0145 154 393 255 451
D40 0.0145 59 426 132 485
D40 0.0144 406 493 637 608
D40 0.0144 2 657 52 704
D40 0.0144 642 609 714 633
D40 0.0144 143 353 256 402
D40 0.0143 608 571 657 623
D40 0.0142 307 335 398 372
D40 0.0142 471 483 620 577
D40 0.0142 590 458 697 553
D40 0.0142 107 406 225 460
D40 0.0141 616 453 692 482
D40 0.0141 330 328 399 357
D40 0.0141 6 668 99 715
D40 0.0140 329 319 401 344
D40 0.0140 237 358 337 414
D40 0.0140 336 605 561 710
D40 0.0139 41 391 151 534
D40 0.0139 530 689 604 716
D40 0.0139 535 592 635 655
D40 0.0138 496 390 547 428
D40 0.0138 165 347 253 384
D40 0.0137 194 299 359 366
D40 0.0136 276 314 363 352
D40 0.0135 506 385 647 440
D40 0.0135 409 633 527 682
D40 0.0135 663 569 720 660
D40 0.0135 505 642 615 703
D40 0.0134 375 363 569 463
D40 0.0134 167 365 271 416
D40 0.0134 664 525 720 619
D40 0.0134 643 585 715 635
D40 0.0134 377 322 566 421
D40 0.0133 449 402 537 435
D40 0.0132 529 528 586 562
D40 0.0132 416 367 653 481
D40 0.0132 645 674 713 714
D40 0.0132 504 364 646 423
D40 0.0132 350 591 499 690
D40 0.0130 376 582 450 627
D40 0.0130 593 589 632 656
D40 0.0130 302 312 432 353
D40 0.0130 438 397 633 583
D40 0.0130 557 603 649 671
D40 0.0130 107 473 175 503
D40 0.0129 56 314 282 393
D40 0.0129 630 567 712 613
D40 0.0129 275 326 366 405
D40 0.0129 496 542 580 635
D40 0.0128 598 382 711 451
D40 0.0128 235 309 340 360
D40 0.0128 541 630 649 690
D40 0.0128 589 411 675 450
D40 0.0127 182 341 255 367
D40 0.0127 539 586 613 615
D40 0.0126 520 543 602 591
D40 0.0126 307 313 351 351
D40 0.0125 492 523 588 588
D40 0.0125 18 433 109 477
D40 0.0124 3 458 116 523
D40 0.0124 572 571 614 624
D40 0.0124 75 445 163 490
D40 0.0123 533 492 609 532
D40 0.0123 670 604 716 639
D40 0.0123 57 439 132 468
D40 0.0123 562 460 670 518
D40 0.0122 550 363 690 426
D40 0.0121 485 384 600 431
D40 0.0120 183 321 305 365
D40 0.0120 639 454 720 550
D40 0.0120 455 385 525 417
D40 0.0120 193 337 399 444
D40 0.0119 552 674 688 720
D40 0.0119 0 647 41 692
D40 0.0118 406 384 519 437
D40 0.0118 26 659 118 706
D40 0.0118 604 630 667 694
D40 0.0118 177 382 280 438
D40 0.0118 604 607 688 634
D40 0.0118 107 438 174 497
D40 0.0117 159 672 215 711
D40 0.0117 119 342 238 388
D40 0.0116 615 573 676 640
D40 0.0116 546 398 651 479
D40 0.0116 671 534 712 579
D40 0.0116 485 412 562 449
D40 0.0116 449 645 627 718
D40 0.0115 254 328 322 360
D40 0.0115 166 326 252 360
D40 0.0114 1 174 32 240
D40 0.0114 69 415 163 456
D40 0.0114 523 463 597 544
D40 0.0114 671 657 717 706
D40 0.0114 280 340 399 387
D40 0.0114 538 502 618 544
D40 0.0113 165 302 309 354
D40 0.0112 621 647 715 692
D40 0.0112 442 339 571 406
D40 0.0112 19 362 122 419
D40 0.0112 533 518 642 582
D40 0.0111 101 436 271 521
D40 0.0111 515 521 560 571
D40 0.0111 64 457 152 501
D40 0.0111 257 301 426 365
D40 0.0111 671 554 713 603
D40 0.0111 636 543 711 592
D40 0.0111 371 316 429 345
D40 0.0109 519 450 623 508
D40 0.0109 528 539 588 573
D40 0.0109 367 299 457 344
D40 0.0109 120 366 240 413
D40 0.0109 272 316 597 456
D40 0.0108 156 413 260 474
D40 0.0108 42 460 148 521
D40 0.0108 453 388 503 428
D40 0.0107 29 335 133 376
D40 0.0107 671 578 714 624
D40 0.0107 663 435 720 522
D40 0.0107 411 644 475 674
D40 0.0106 118 290 321 367
D40 0.0106 481 379 562 421
D40 0.0106 537 517 597 550
D40 0.0106 372 573 529 662
D40 0.0106 364 652 473 708
D40 0.0106 416 608 493 682
D40 0.0105 532 497 588 524
D40 0.0105 411 304 602 401
D40 0.0104 559 481 666 538
D40 0.0104 55 423 113 464
D40 0.0104 455 396 609 475
D40 0.0104 664 615 720 710
D40 0.0104 549 563 623 597
D40 0.0103 609 468 709 529
D40 0.0103 667 471 720 502
D40 0.0103 331 332 376 372
D40 0.0102 253 334 302 373
D40 0.0102 87 470 192 526
D40 0.0102 583 617 646 682
D40 0.0102 545 494 651 553
D40 0.0101 306 332 353 372
D40 0.0101 110 377 227 427
D40 0.0101 484 417 634 504
D40 0.0100 233 576 270 625
D40 0.0100 0 627 57 692
D40 0.0100 96 324 249 376
D40 0.0100 294 343 341 382
D40 0.0100 540 671 595 714
