D00 0.1435 313 462 361 596
D00 0.0643 326 504 367 597
D00 0.0580 327 526 373 630
D00 0.0513 376 502 419 602
D00 0.0479 327 468 369 563
D00 0.0479 375 537 421 660
D00 0.0475 181 463 294 520
D00 0.0473 504 554 562 659
D00 0.0443 319 510 403 596
D00 0.0370 330 465 388 594
D00 0.0368 330 459 371 524
D00 0.0363 136 462 261 519
D00 0.0342 339 520 384 592
D00 0.0339 349 531 412 625
D00 0.0323 46 469 392 700
D00 0.0316 0 545 106 720
D00 0.0293 181 445 284 501
D00 0.0291 0 485 123 664
D00 0.0282 101 453 251 547
D00 0.0276 123 474 209 551
D00 0.0271 321 463 392 534
D00 0.0263 221 437 306 517
D00 0.0258 0 630 62 720
D00 0.0257 201 544 257 644
D00 0.0255 209 479 555 720
D00 0.0246 356 514 405 592
D00 0.0244 386 513 445 596
D00 0.0240 292 477 346 570
D00 0.0237 393 545 451 662
D00 0.0235 392 516 420 585
D00 0.0232 318 454 441 614
D00 0.0232 305 450 640 697
D00 0.0231 390 687 457 715
D00 0.0229 4 578 76 705
D00 0.0223 335 539 392 643
D00 0.0220 345 463 378 518
D00 0.0217 98 463 189 537
D00 0.0210 134 497 225 573
D00 0.0204 496 542 575 628
D00 0.0204 0 519 57 616
D00 0.0202 174 452 250 510
D00 0.0198 361 676 444 713
D00 0.0198 199 473 271 510
D00 0.0194 0 481 52 582
D00 0.0192 150 475 246 546
D00 0.0189 0 476 82 621
D00 0.0187 130 480 223 522
D00 0.0186 200 435 300 487
D00 0.0185 488 566 542 654
D00 0.0184 367 469 459 604
D00 0.0184 386 500 412 582
D00 0.0183 199 447 267 526
D00 0.0179 385 563 413 637
D00 0.0179 363 470 414 594
D00 0.0178 4 535 72 661
D00 0.0176 211 561 291 639
D00 0.0173 91 492 197 555
D00 0.0170 399 531 434 587
D00 0.0168 521 556 585 652
D00 0.0168 1 553 83 622
D00 0.0166 189 440 274 477
D00 0.0161 407 486 462 594
D00 0.0159 204 457 259 502
D00 0.0158 11 455 149 613
D00 0.0158 358 687 425 716
D00 0.0158 383 575 439 669
D00 0.0154 408 538 465 639
D00 0.0153 315 556 368 652
D00 0.0152 114 489 197 533
D00 0.0148 417 421 713 712
D00 0.0148 481 526 553 608
D00 0.0144 199 477 255 598
D00 0.0144 186 452 257 482
D00 0.0144 426 505 465 584
D00 0.0144 38 688 116 715
D00 0.0142 153 449 248 488
D00 0.0141 387 437 491 609
D00 0.0138 0 582 42 687
D00 0.0138 153 420 287 557
D00 0.0136 0 451 52 543
D00 0.0135 391 480 426 581
D00 0.0135 347 550 379 614
D00 0.0133 301 437 365 527
D00 0.0132 345 462 401 566
D00 0.0128 219 571 260 649
D00 0.0128 345 477 378 545
D00 0.0128 421 471 509 608
D00 0.0128 173 485 251 517
D00 0.0128 675 553 720 652
D00 0.0127 327 668 430 716
D00 0.0126 226 458 283 504
D00 0.0126 419 461 468 563
D00 0.0125 373 650 450 717
D00 0.0125 332 446 410 512
D00 0.0125 429 493 458 559
D00 0.0124 172 486 239 590
D00 0.0124 401 483 442 575
D00 0.0123 224 476 278 592
D00 0.0122 213 448 269 490
D00 0.0122 87 508 183 582
D00 0.0121 202 585 279 659
D00 0.0120 64 448 201 589
D00 0.0120 246 427 325 500
D00 0.0120 414 530 455 598
D00 0.0119 471 484 509 564
D00 0.0119 43 573 103 681
D00 0.0118 335 688 401 717
D00 0.0114 7 537 72 601
D00 0.0113 407 619 481 677
D00 0.0113 253 465 321 567
D00 0.0112 347 678 411 709
D00 0.0112 217 441 287 469
D00 0.0112 516 590 554 659
D00 0.0112 76 472 170 551
D00 0.0111 62 520 152 592
D00 0.0110 501 681 541 720
D00 0.0110 451 460 557 629
D00 0.0109 303 685 385 720
D00 0.0109 2 636 34 705
D00 0.0108 0 455 99 570
D00 0.0108 485 495 514 555
D00 0.0108 1 469 34 530
D00 0.0107 474 500 524 603
D00 0.0106 337 475 402 506
D00 0.0105 158 473 241 506
D00 0.0105 130 456 177 527
D00 0.0105 121 484 189 516
D00 0.0105 338 567 417 655
D00 0.0104 350 443 467 551
D00 0.0103 459 473 499 549
D00 0.0102 341 437 381 511
D00 0.0102 231 581 331 716
D00 0.0102 201 461 241 518
D00 0.0102 33 476 115 590
D00 0.0101 2 617 31 680
D00 0.0101 418 503 450 573
D00 0.0101 535 690 601 719
D00 0.0101 291 575 350 667
D00 0.0101 149 563 198 639
D00 0.0100 369 584 413 666
D10 0.0226 0 563 97 617
D10 0.0213 404 462 464 489
D10 0.0205 391 453 453 481
D10 0.0163 3 575 63 607
D10 0.0159 1 635 86 678
D10 0.0155 364 452 434 478
D10 0.0152 387 452 483 496
D10 0.0147 0 539 100 600
D10 0.0137 173 584 276 640
D10 0.0128 2 541 60 570
D10 0.0125 342 454 467 505
D10 0.0121 1 642 62 671
D10 0.0117 380 462 444 489
D10 0.0117 142 500 230 542
D10 0.0113 125 512 214 559
D10 0.0106 9 564 74 598
D10 0.0106 3 551 61 583
D10 0.0103 14 584 85 612
D10 0.0103 0 579 90 644
D10 0.0102 346 435 470 486
D10 0.0101 406 472 462 500
D20 0.0853 0 483 481 687
D20 0.0394 0 540 322 720
D20 0.0301 21 198 720 710
D20 0.0247 404 545 720 720
D20 0.0246 0 400 325 636
D20 0.0229 0 18 669 530
D20 0.0228 0 456 202 720
D20 0.0215 0 461 184 569
D20 0.0193 0 0 489 353
D20 0.0188 200 374 720 720
D20 0.0188 201 0 720 353
D20 0.0180 375 142 720 720
D20 0.0176 340 435 453 476
D20 0.0171 0 142 348 720
D20 0.0157 538 451 720 720
D20 0.0155 314 464 426 516
D20 0.0152 415 519 527 577
D20 0.0150 328 424 437 465
D20 0.0149 378 442 441 471
D20 0.0149 371 443 472 487
D20 0.0148 0 567 75 720
D20 0.0148 674 566 720 663
D20 0.0142 0 612 55 713
D20 0.0130 0 0 176 272
D20 0.0130 410 495 481 583
D20 0.0129 294 444 496 547
D20 0.0121 408 435 478 494
D20 0.0116 301 423 421 572
D20 0.0114 654 501 720 676
D20 0.0111 0 478 70 658
D20 0.0111 365 431 429 460
D20 0.0106 0 0 86 135
D20 0.0102 404 441 458 475
D20 0.0101 429 483 500 566
D20 0.0100 0 0 319 216
D40 0.4191 302 512 363 592
D40 0.3955 42 506 403 697
D40 0.3762 399 553 568 664
D40 0.3649 260 458 385 618
D40 0.3544 173 463 371 595
D40 0.3373 134 509 597 675
D40 0.3333 79 534 266 648
D40 0.3305 380 543 415 591
D40 0.3295 144 543 249 588
D40 0.3240 237 468 366 516
D40 0.3142 147 508 379 626
D40 0.3114 311 520 352 573
D40 0.3041 219 460 362 552
D40 0.2672 125 534 325 612
D40 0.2638 263 537 709 672
D40 0.2623 172 552 246 583
D40 0.2523 271 477 364 576
D40 0.2514 277 519 406 615
D40 0.2502 208 472 322 518
D40 0.2479 475 564 719 664
D40 0.2350 440 554 545 605
D40 0.2270 114 518 270 598
D40 0.2261 291 484 428 638
D40 0.2211 322 538 357 592
D40 0.2196 451 567 618 658
D40 0.2138 390 540 549 619
D40 0.2111 243 537 370 606
D40 0.2111 317 537 537 652
D40 0.2077 222 499 492 642
D40 0.2001 31 569 294 706
D40 0.1980 118 553 259 629
D40 0.1868 308 526 465 612
D40 0.1786 468 551 571 646
D40 0.1780 308 482 379 610
D40 0.1777 209 513 360 590
D40 0.1769 391 580 518 656
D40 0.1764 238 482 317 513
D40 0.1744 495 530 720 633
D40 0.1683 117 551 332 671
D40 0.1656 358 535 422 594
D40 0.1639 463 561 534 597
D40 0.1630 289 578 596 687
D40 0.1616 287 539 374 633
D40 0.1607 277 462 379 542
D40 0.1606 130 482 300 577
D40 0.1541 86 541 245 606
D40 0.1516 119 574 428 697
D40 0.1489 0 599 184 714
D40 0.1472 300 470 363 532
D40 0.1458 182 487 346 564
D40 0.1440 57 477 337 600
D40 0.1433 165 560 338 622
D40 0.1430 507 583 679 653
D40 0.1422 201 554 252 590
D40 0.1406 409 602 547 663
D40 0.1397 455 542 615 623
D40 0.1379 281 474 361 508
D40 0.1376 345 541 484 601
D40 0.1376 402 521 675 646
D40 0.1340 347 549 410 586
D40 0.1315 5 520 238 633
D40 0.1312 302 548 361 586
D40 0.1265 184 545 255 600
D40 0.1264 34 568 220 663
D40 0.1254 360 558 488 633
D40 0.1250 153 457 346 530
D40 0.1245 148 461 443 660
D40 0.1231 140 545 230 571
D40 0.1198 413 587 484 661
D40 0.1160 227 444 360 504
D40 0.1133 319 521 386 599
D40 0.1126 347 596 512 673
D40 0.1123 422 600 507 651
D40 0.1093 320 539 414 637
D40 0.1076 310 480 362 511
D40 0.1072 263 470 329 512
D40 0.1061 509 553 620 643
D40 0.1061 536 594 714 674
D40 0.1033 331 505 431 601
D40 0.1031 274 501 352 623
D40 0.1023 215 526 385 683
D40 0.1005 422 572 538 634
D40 0.0973 101 534 225 580
D40 0.0965 553 562 710 635
D40 0.0959 16 626 142 706
D40 0.0951 440 556 529 583
D40 0.0949 100 578 243 650
D40 0.0926 189 480 298 526
D40 0.0913 531 544 704 606
D40 0.0866 184 566 360 657
D40 0.0858 283 549 475 673
D40 0.0829 498 520 691 593
D40 0.0827 180 463 296 547
D40 0.0827 317 560 364 592
D40 0.0821 150 563 268 657
D40 0.0817 375 552 440 596
D40 0.0815 325 549 378 587
D40 0.0810 498 604 645 663
D40 0.0807 126 538 215 617
D40 0.0800 584 583 709 655
D40 0.0790 427 592 478 638
D40 0.0787 424 528 540 588
D40 0.0786 422 619 489 655
D40 0.0782 481 564 541 612
D40 0.0768 336 529 363 595
D40 0.0758 226 477 284 517
D40 0.0757 316 486 349 567
D40 0.0748 435 630 515 656
D40 0.0738 74 589 250 681
D40 0.0734 329 469 370 514
D40 0.0723 4 446 720 682
D40 0.0722 369 534 461 589
D40 0.0720 72 547 193 639
D40 0.0720 342 583 464 654
D40 0.0714 175 563 250 610
D40 0.0707 275 470 525 599
D40 0.0698 377 615 535 693
D40 0.0697 305 462 406 566
D40 0.0696 109 495 253 566
D40 0.0694 509 487 716 579
D40 0.0692 324 500 355 579
D40 0.0687 14 554 155 690
D40 0.0687 53 626 335 720
D40 0.0675 227 492 300 519
D40 0.0673 93 435 379 570
D40 0.0672 447 524 587 600
D40 0.0671 381 561 415 609
D40 0.0668 519 595 618 652
D40 0.0658 237 441 417 531
D40 0.0657 427 582 514 623
D40 0.0655 268 441 394 495
D40 0.0654 303 553 364 617
D40 0.0650 376 528 420 633
D40 0.0647 239 470 337 588
D40 0.0646 333 495 450 666
D40 0.0644 44 605 192 675
D40 0.0640 235 461 322 506
D40 0.0618 152 560 236 592
D40 0.0614 140 544 197 583
D40 0.0613 51 460 269 566
D40 0.0610 431 568 521 611
D40 0.0609 429 509 567 639
D40 0.0606 506 569 581 652
D40 0.0597 287 455 412 511
D40 0.0595 0 667 107 719
D40 0.0594 243 441 552 664
D40 0.0593 57 457 165 501
D40 0.0590 350 496 522 629
D40 0.0571 12 589 110 695
D40 0.0570 449 613 505 655
D40 0.0570 614 608 720 660
D40 0.0566 447 495 720 686
D40 0.0561 371 608 482 661
D40 0.0559 2 478 234 591
D40 0.0553 307 564 396 660
D40 0.0548 249 485 349 524
D40 0.0545 392 516 490 599
D40 0.0544 323 476 358 552
D40 0.0544 412 631 477 658
D40 0.0544 429 597 500 627
D40 0.0542 354 630 490 689
D40 0.0542 366 518 483 680
D40 0.0539 457 576 544 621
D40 0.0537 568 507 714 609
D40 0.0525 54 520 204 696
D40 0.0511 235 582 369 646
D40 0.0510 160 604 509 720
D40 0.0508 160 526 251 621
D40 0.0508 251 462 300 519
D40 0.0505 614 532 716 620
D40 0.0504 304 608 506 700
D40 0.0503 254 418 338 447
D40 0.0502 174 523 284 651
D40 0.0502 170 442 319 501
D40 0.0495 306 450 700 638
D40 0.0494 379 516 428 598
D40 0.0485 11 688 90 716
D40 0.0482 404 540 481 651
D40 0.0480 147 589 314 684
D40 0.0478 327 551 358 616
D40 0.0478 0 467 244 720
D40 0.0478 353 579 709 720
D40 0.0477 287 513 356 560
D40 0.0471 258 458 336 530
D40 0.0469 306 476 345 549
D40 0.0464 265 532 353 580
D40 0.0459 125 469 273 540
D40 0.0458 383 532 452 650
D40 0.0455 381 525 414 574
D40 0.0453 241 528 329 642
D40 0.0451 490 463 698 547
D40 0.0450 216 485 268 523
D40 0.0446 202 495 315 632
D40 0.0445 640 571 720 663
D40 0.0445 267 466 351 500
D40 0.0444 190 496 270 607
D40 0.0442 326 520 367 574
D40 0.0441 24 581 156 651
D40 0.0441 44 530 166 616
D40 0.0440 342 624 619 720
D40 0.0440 420 557 513 595
D40 0.0435 388 630 457 659
D40 0.0434 542 613 634 657
D40 0.0433 598 518 720 670
D40 0.0431 151 527 237 576
D40 0.0428 184 549 308 591
D40 0.0426 74 513 195 595
D40 0.0424 149 552 206 599
D40 0.0424 487 547 548 630
D40 0.0423 333 560 398 592
D40 0.0422 330 540 397 578
D40 0.0422 250 487 433 720
D40 0.0421 460 569 545 670
D40 0.0420 413 612 460 658
D40 0.0418 310 463 363 501
D40 0.0415 317 577 444 689
D40 0.0415 428 588 490 616
D40 0.0413 21 548 134 640
D40 0.0408 295 517 339 577
D40 0.0406 197 571 251 603
D40 0.0406 459 488 644 589
D40 0.0405 87 588 193 641
D40 0.0403 69 464 187 517
D40 0.0399 381 544 519 591
D40 0.0393 168 474 253 587
D40 0.0393 43 455 227 528
D40 0.0391 315 450 378 519
D40 0.0386 72 464 147 493
D40 0.0385 241 563 363 618
D40 0.0385 458 620 533 653
D40 0.0383 536 607 599 644
D40 0.0382 360 625 446 664
D40 0.0382 518 536 665 677
D40 0.0379 102 561 206 625
D40 0.0376 96 436 308 523
D40 0.0374 183 409 364 494
D40 0.0373 498 575 546 623
D40 0.0373 340 553 424 614
D40 0.0369 34 652 181 712
D40 0.0368 62 629 209 695
D40 0.0368 595 519 711 583
D40 0.0364 292 469 332 524
D40 0.0362 304 572 360 604
D40 0.0360 359 549 430 668
D40 0.0359 248 401 344 442
D40 0.0357 545 501 694 558
D40 0.0354 346 533 379 593
D40 0.0349 10 527 107 617
D40 0.0349 221 456 290 528
D40 0.0348 307 491 356 519
D40 0.0348 441 564 513 667
D40 0.0347 254 410 318 437
D40 0.0346 190 558 283 615
D40 0.0345 489 537 605 693
D40 0.0343 171 542 221 587
D40 0.0342 269 545 346 670
D40 0.0339 247 596 413 683
D40 0.0337 157 408 515 605
D40 0.0336 455 546 520 576
D40 0.0335 461 601 516 648
D40 0.0331 129 538 186 574
D40 0.0329 207 556 283 584
D40 0.0328 564 533 682 582
D40 0.0327 320 432 386 456
D40 0.0327 668 611 716 658
D40 0.0326 434 604 470 658
D40 0.0326 315 633 449 694
D40 0.0325 441 595 484 654
D40 0.0324 382 576 454 679
D40 0.0324 496 588 569 636
D40 0.0323 149 557 229 620
D40 0.0322 473 439 674 521
D40 0.0319 412 554 487 580
D40 0.0319 479 552 521 600
D40 0.0318 507 527 607 574
D40 0.0318 282 563 357 592
D40 0.0315 36 403 351 643
D40 0.0314 288 569 357 627
D40 0.0314 1 507 156 598
D40 0.0313 546 557 664 601
D40 0.0313 320 496 561 720
D40 0.0309 385 543 449 578
D40 0.0308 296 497 358 546
D40 0.0307 330 442 396 464
D40 0.0307 514 617 693 692
D40 0.0306 309 472 406 526
D40 0.0304 549 561 634 661
D40 0.0302 383 673 481 716
D40 0.0302 533 542 646 592
D40 0.0301 466 538 534 614
D40 0.0300 430 595 563 698
D40 0.0300 365 571 415 602
D40 0.0299 116 549 224 698
D40 0.0297 354 643 517 718
D40 0.0293 211 555 248 615
D40 0.0291 209 418 345 466
D40 0.0291 33 465 149 511
D40 0.0291 215 549 299 669
D40 0.0291 295 610 419 673
D40 0.0290 343 477 468 598
D40 0.0290 190 531 325 715
D40 0.0290 3 603 78 714
D40 0.0290 562 522 680 645
D40 0.0285 109 538 185 593
D40 0.0284 563 612 687 661
D40 0.0284 399 687 466 715
D40 0.0282 133 535 212 564
D40 0.0281 101 492 215 621
D40 0.0281 327 483 386 512
D40 0.0280 98 615 273 704
D40 0.0280 208 555 346 601
D40 0.0280 500 502 642 558
D40 0.0278 445 544 520 632
D40 0.0278 81 574 166 694
D40 0.0275 62 473 139 501
D40 0.0275 634 619 712 653
D40 0.0274 280 421 355 445
D40 0.0273 315 517 358 547
D40 0.0273 211 489 313 544
D40 0.0272 316 565 392 607
D40 0.0270 113 464 222 521
D40 0.0269 327 484 368 532
D40 0.0266 9 466 184 552
D40 0.0266 222 418 310 447
D40 0.0261 523 599 568 647
D40 0.0261 303 425 403 464
D40 0.0260 273 448 464 553
D40 0.0259 425 547 469 586
D40 0.0258 425 565 469 651
D40 0.0258 11 672 67 715
D40 0.0257 480 600 561 648
D40 0.0257 394 595 458 658
D40 0.0257 387 613 432 659
D40 0.0256 484 554 542 586
D40 0.0254 603 536 694 574
D40 0.0253 316 436 416 479
D40 0.0253 100 603 197 660
D40 0.0252 17 536 92 663
D40 0.0252 227 590 336 683
D40 0.0252 67 439 245 505
D40 0.0250 412 597 469 628
D40 0.0249 118 594 183 649
D40 0.0248 546 629 615 658
D40 0.0248 426 463 483 491
D40 0.0246 186 494 257 523
D40 0.0246 0 332 510 720
D40 0.0246 177 616 341 707
D40 0.0246 424 544 498 575
D40 0.0244 429 574 495 604
D40 0.0242 202 546 263 579
D40 0.0241 530 590 580 638
D40 0.0240 682 620 719 668
D40 0.0239 521 478 671 531
D40 0.0239 529 618 591 651
D40 0.0237 160 580 253 623
D40 0.0236 590 626 712 691
D40 0.0235 398 539 434 592
D40 0.0235 129 454 250 510
D40 0.0234 253 581 351 624
D40 0.0233 619 488 710 572
D40 0.0232 648 609 714 643
D40 0.0232 107 598 177 631
D40 0.0231 478 543 571 607
D40 0.0230 389 476 640 715
D40 0.0230 621 629 701 658
D40 0.0229 393 564 524 716
D40 0.0229 208 438 313 540
D40 0.0228 363 531 412 565
D40 0.0227 419 461 612 615
D40 0.0227 254 424 359 461
D40 0.0227 532 572 608 671
D40 0.0225 33 494 193 564
D40 0.0225 321 575 361 623
D40 0.0225 351 610 432 675
D40 0.0223 339 432 408 458
D40 0.0223 400 582 475 622
D40 0.0222 311 504 353 535
D40 0.0222 331 438 375 472
D40 0.0221 163 491 263 548
D40 0.0220 537 566 645 617
D40 0.0220 290 535 345 614
D40 0.0220 0 495 109 705
D40 0.0219 350 443 422 468
D40 0.0219 516 576 551 645
D40 0.0218 330 653 466 712
D40 0.0218 450 597 528 626
D40 0.0217 237 548 347 588
D40 0.0216 215 542 259 596
D40 0.0215 277 529 345 563
D40 0.0215 273 414 381 450
D40 0.0214 660 587 719 647
D40 0.0214 427 515 502 618
D40 0.0214 399 599 477 695
D40 0.0214 390 552 422 619
D40 0.0213 286 429 374 456
D40 0.0212 355 562 405 607
D40 0.0212 23 674 158 720
D40 0.0211 161 538 207 581
D40 0.0211 127 574 197 634
D40 0.0209 541 586 591 653
D40 0.0209 463 616 631 693
D40 0.0209 260 430 332 452
D40 0.0209 122 561 194 591
D40 0.0206 468 559 514 616
D40 0.0205 563 566 642 592
D40 0.0205 152 575 229 607
D40 0.0205 196 568 274 694
D40 0.0204 315 447 383 487
D40 0.0203 404 453 462 482
D40 0.0203 415 562 485 589
D40 0.0203 26 539 134 596
D40 0.0202 499 455 644 508
D40 0.0202 212 399 316 441
D40 0.0201 435 492 566 578
D40 0.0200 418 549 480 604
D40 0.0200 301 585 358 619
D40 0.0199 296 634 398 684
D40 0.0198 32 468 183 636
D40 0.0197 35 441 181 491
D40 0.0197 311 441 373 463
D40 0.0196 71 638 161 680
D40 0.0196 480 443 720 607
D40 0.0195 562 450 712 564
D40 0.0195 504 558 552 606
D40 0.0195 640 506 720 597
D40 0.0195 0 629 98 692
D40 0.0194 308 421 376 446
D40 0.0194 0 644 65 720
D40 0.0193 202 462 262 543
D40 0.0193 323 458 396 504
D40 0.0193 194 414 294 452
D40 0.0193 286 552 376 703
D40 0.0193 335 452 435 530
D40 0.0193 495 581 658 702
D40 0.0192 419 585 454 651
D40 0.0191 200 568 256 631
D40 0.0191 169 438 274 486
D40 0.0191 571 580 662 674
D40 0.0190 193 426 292 469
D40 0.0190 32 617 129 680
D40 0.0189 522 532 591 562
D40 0.0188 233 427 316 458
D40 0.0188 495 509 590 637
D40 0.0187 382 489 527 583
D40 0.0186 576 476 701 534
D40 0.0186 177 534 239 564
D40 0.0186 27 678 108 711
D40 0.0186 148 567 203 613
D40 0.0186 487 613 537 655
D40 0.0186 226 404 419 641
D40 0.0185 542 503 647 625
D40 0.0184 502 539 605 600
D40 0.0184 417 530 479 585
D40 0.0184 274 597 346 627
D40 0.0184 0 431 194 512
D40 0.0184 207 422 278 443
D40 0.0184 558 604 616 648
D40 0.0183 602 621 676 655
D40 0.0183 196 478 250 521
D40 0.0181 494 613 575 655
D40 0.0180 438 473 492 500
D40 0.0180 377 525 446 571
D40 0.0179 496 495 593 573
D40 0.0179 493 595 551 627
D40 0.0178 256 633 462 720
D40 0.0177 405 628 511 669
D40 0.0176 6 571 110 628
D40 0.0176 407 656 540 714
D40 0.0176 458 553 502 604
D40 0.0175 199 497 279 536
D40 0.0175 458 582 497 648
D40 0.0175 417 676 467 712
D40 0.0174 294 434 458 499
D40 0.0173 174 481 247 535
D40 0.0173 136 519 206 595
D40 0.0172 332 451 390 478
D40 0.0171 0 517 68 599
D40 0.0170 444 574 484 637
D40 0.0170 381 572 432 602
D40 0.0169 598 560 696 600
D40 0.0169 485 476 613 530
D40 0.0169 7 482 106 578
D40 0.0169 148 461 236 566
D40 0.0168 549 456 687 511
D40 0.0168 90 473 170 504
D40 0.0167 122 608 245 659
D40 0.0167 676 593 720 682
D40 0.0167 255 450 339 490
D40 0.0167 289 449 366 490
D40 0.0167 408 453 498 498
D40 0.0166 437 640 513 663
D40 0.0166 151 513 233 557
D40 0.0166 267 416 371 481
D40 0.0166 94 619 179 690
D40 0.0165 323 643 388 673
D40 0.0165 240 632 376 697
D40 0.0164 660 598 715 630
D40 0.0163 217 564 305 589
D40 0.0163 210 574 327 631
D40 0.0163 121 433 285 608
D40 0.0163 137 412 305 473
D40 0.0162 607 453 720 613
D40 0.0162 91 638 194 717
D40 0.0162 334 636 418 675
D40 0.0162 322 417 404 449
D40 0.0161 303 462 342 514
D40 0.0161 407 683 496 718
D40 0.0161 197 441 276 526
D40 0.0161 472 589 532 634
D40 0.0160 563 554 640 583
D40 0.0160 74 455 144 484
D40 0.0159 19 624 103 671
D40 0.0159 32 649 110 713
D40 0.0159 264 475 305 528
D40 0.0159 612 545 704 588
D40 0.0158 88 556 178 597
D40 0.0158 411 536 456 581
D40 0.0157 5 533 48 579
D40 0.0157 282 410 351 437
D40 0.0156 541 598 609 632
D40 0.0154 60 637 128 700
D40 0.0154 530 516 606 615
D40 0.0154 55 478 145 518
D40 0.0153 571 572 677 605
D40 0.0153 16 557 107 603
D40 0.0152 680 592 719 637
D40 0.0152 258 499 347 543
D40 0.0152 515 610 554 654
D40 0.0151 640 612 720 699
D40 0.0151 336 524 385 573
D40 0.0150 227 570 330 608
D40 0.0150 328 444 443 488
D40 0.0149 393 568 474 609
D40 0.0149 15 537 111 578
D40 0.0149 48 608 116 708
D40 0.0149 602 533 674 561
D40 0.0148 73 546 167 587
D40 0.0148 523 580 605 626
D40 0.0148 509 589 542 653
D40 0.0148 97 575 167 632
D40 0.0148 378 640 444 664
D40 0.0148 118 588 185 620
D40 0.0148 467 453 590 507
D40 0.0147 497 566 572 615
D40 0.0147 531 539 601 571
D40 0.0147 179 431 264 461
D40 0.0147 145 545 184 609
D40 0.0146 262 576 346 605
D40 0.0145 274 557 334 597
D40 0.0145 134 592 235 632
D40 0.0145 285 328 720 674
D40 0.0145 522 632 720 720
D40 0.0145 219 409 290 434
D40 0.0144 287 582 389 638
D40 0.0144 212 597 325 651
D40 0.0144 36 568 123 610
D40 0.0144 316 511 384 556
D40 0.0143 365 604 443 649
D40 0.0143 590 630 663 659
D40 0.0143 368 614 414 659
D40 0.0143 62 594 160 633
D40 0.0142 411 554 457 595
D40 0.0142 148 620 265 671
D40 0.0141 587 541 664 592
D40 0.0140 245 565 337 591
D40 0.0140 440 545 494 612
D40 0.0140 636 634 718 673
D40 0.0139 400 639 464 663
D40 0.0139 207 432 278 457
D40 0.0139 403 452 538 644
D40 0.0139 448 464 501 495
D40 0.0138 573 620 652 655
D40 0.0138 218 462 293 497
D40 0.0138 241 602 334 640
D40 0.0137 155 644 320 720
D40 0.0137 478 543 533 574
D40 0.0137 125 601 213 644
D40 0.0137 350 452 422 478
D40 0.0137 301 412 446 610
D40 0.0137 238 433 331 485
D40 0.0137 380 602 420 650
D40 0.0136 109 459 196 501
D40 0.0135 138 588 210 618
D40 0.0135 155 441 246 475
D40 0.0135 610 572 710 608
D40 0.0134 604 582 720 709
D40 0.0134 47 634 99 679
D40 0.0134 554 529 622 582
D40 0.0134 199 586 254 618
D40 0.0133 239 495 286 538
D40 0.0133 108 624 189 667
D40 0.0133 371 575 413 621
D40 0.0132 140 552 207 647
D40 0.0132 313 652 376 682
D40 0.0132 509 583 569 619
D40 0.0132 603 576 720 631
D40 0.0131 588 445 720 520
D40 0.0131 599 552 674 583
D40 0.0131 186 526 229 579
D40 0.0131 70 658 155 700
D40 0.0131 0 688 58 718
D40 0.0130 563 576 642 601
D40 0.0129 404 606 440 660
D40 0.0129 215 392 345 540
D40 0.0129 512 417 714 505
D40 0.0128 179 418 263 446
D40 0.0128 147 427 253 468
D40 0.0128 6 561 73 617
D40 0.0128 337 444 369 505
D40 0.0128 543 552 614 582
D40 0.0128 277 476 320 534
D40 0.0127 152 500 238 540
D40 0.0127 293 559 333 618
D40 0.0127 127 569 179 613
D40 0.0126 142 575 244 715
D40 0.0126 109 617 175 649
D40 0.0126 493 577 534 646
D40 0.0126 142 449 238 487
D40 0.0125 8 451 103 529
D40 0.0125 2 635 48 681
D40 0.0124 194 520 252 582
D40 0.0124 102 459 156 500
D40 0.0124 650 552 720 633
D40 0.0124 675 641 720 671
D40 0.0124 80 653 150 685
D40 0.0124 523 569 562 637
D40 0.0123 488 630 550 657
D40 0.0122 417 472 473 499
D40 0.0122 493 481 573 514
D40 0.0122 506 521 586 556
D40 0.0122 436 560 472 623
D40 0.0122 471 426 632 498
D40 0.0122 480 606 519 656
D40 0.0121 339 562 366 629
D40 0.0121 131 594 206 707
D40 0.0121 425 437 598 531
D40 0.0121 425 521 465 571
D40 0.0120 243 465 303 563
D40 0.0120 187 585 294 641
D40 0.0120 523 518 627 565
D40 0.0120 666 539 720 683
D40 0.0120 240 384 328 429
D40 0.0119 95 542 175 573
D40 0.0119 73 610 139 704
D40 0.0119 622 527 712 567
D40 0.0118 0 395 44 427
D40 0.0118 415 442 471 490
D40 0.0118 1 525 84 570
D40 0.0118 367 463 458 562
D40 0.0118 61 460 113 497
D40 0.0118 68 482 181 542
D40 0.0118 530 367 720 681
D40 0.0118 265 654 403 712
D40 0.0117 326 411 504 570
D40 0.0117 59 626 151 670
D40 0.0117 591 523 663 572
D40 0.0117 493 536 569 579
D40 0.0117 129 632 243 680
D40 0.0117 389 447 434 483
D40 0.0116 120 473 187 506
D40 0.0116 354 625 402 669
D40 0.0116 377 633 422 672
D40 0.0116 81 608 163 634
D40 0.0116 668 580 716 626
D40 0.0116 19 658 79 707
D40 0.0116 221 463 261 518
D40 0.0115 0 443 126 612
D40 0.0115 0 414 251 559
D40 0.0115 23 575 97 606
D40 0.0114 132 587 170 641
D40 0.0114 334 606 410 703
D40 0.0114 302 582 340 636
D40 0.0114 0 406 55 433
D40 0.0114 56 662 128 714
D40 0.0113 544 565 616 591
D40 0.0113 0 522 39 569
D40 0.0113 212 617 320 675
D40 0.0113 512 540 577 570
D40 0.0113 376 437 422 472
D40 0.0112 73 612 167 654
D40 0.0112 304 644 367 675
D40 0.0112 550 593 645 636
D40 0.0111 616 669 677 696
D40 0.0111 401 456 444 492
D40 0.0111 473 537 510 589
D40 0.0111 459 474 512 502
D40 0.0111 174 630 285 686
D40 0.0111 27 520 140 578
D40 0.0110 426 675 525 712
D40 0.0110 570 654 707 711
D40 0.0110 98 398 202 435
D40 0.0109 635 558 718 600
D40 0.0109 108 518 186 574
D40 0.0109 535 549 720 720
D40 0.0109 539 601 574 654
D40 0.0109 181 397 281 437
D40 0.0109 13 641 89 669
D40 0.0109 50 405 257 480
D40 0.0108 543 629 644 670
D40 0.0108 254 396 314 423
D40 0.0108 234 558 288 593
D40 0.0108 437 452 490 487
D40 0.0108 229 477 276 553
D40 0.0108 153 643 266 697
D40 0.0107 393 569 452 638
D40 0.0107 609 635 689 669
D40 0.0107 253 391 656 596
D40 0.0107 579 487 661 580
D40 0.0107 158 603 255 642
D40 0.0107 0 438 127 490
D40 0.0106 511 471 592 509
D40 0.0106 220 596 295 711
D40 0.0106 173 606 281 663
D40 0.0105 198 408 264 432
D40 0.0105 439 465 572 545
D40 0.0105 184 598 252 627
D40 0.0105 87 477 170 588
D40 0.0105 589 599 664 656
D40 0.0105 134 610 184 655
D40 0.0105 216 655 352 713
D40 0.0105 606 518 693 556
D40 0.0105 74 450 142 526
D40 0.0105 641 460 720 549
D40 0.0105 50 580 140 622
D40 0.0104 0 669 45 715
D40 0.0104 259 592 318 632
D40 0.0104 103 643 171 672
D40 0.0104 195 498 243 539
D40 0.0104 266 412 306 451
D40 0.0104 117 396 284 505
D40 0.0103 119 655 261 714
D40 0.0103 484 575 572 707
D40 0.0103 274 520 342 551
D40 0.0102 154 526 195 574
D40 0.0102 378 627 453 720
D40 0.0102 217 578 259 624
D40 0.0101 38 617 90 702
D40 0.0101 524 475 630 517
D40 0.0101 562 541 639 572
D40 0.0101 311 597 369 627
D40 0.0101 645 600 700 662
D40 0.0100 450 484 519 599
D40 0.0100 5 557 51 603
D40 0.0100 419 626 498 720
D40 0.0100 276 438 362 469
D40 0.0100 288 403 392 441
D40 0.0100 618 470 711 525
D40 0.0100 519 478 618 601
D40 0.0100 607 478 685 517
