D00 0.0827 16 408 190 719
D00 0.0627 550 581 707 718
D00 0.0545 474 544 588 720
D00 0.0529 314 369 351 453
D00 0.0527 479 406 710 720
D00 0.0506 492 0 708 343
D00 0.0485 0 537 111 720
D00 0.0482 523 509 682 712
D00 0.0480 318 377 365 473
D00 0.0471 297 541 401 720
D00 0.0470 506 595 643 716
D00 0.0443 629 596 701 714
D00 0.0440 433 520 541 719
D00 0.0425 135 545 249 720
D00 0.0414 425 440 621 720
D00 0.0408 327 388 355 454
D00 0.0401 516 125 692 441
D00 0.0393 72 481 213 712
D00 0.0392 582 26 711 294
D00 0.0383 414 482 511 683
D00 0.0380 101 411 284 717
D00 0.0365 342 428 525 720
D00 0.0364 605 515 716 701
D00 0.0360 564 173 720 481
D00 0.0358 493 574 564 707
D00 0.0355 169 642 242 720
D00 0.0355 611 285 717 482
D00 0.0351 248 419 427 720
D00 0.0327 277 503 380 690
D00 0.0326 515 316 693 639
D00 0.0326 649 578 715 704
D00 0.0325 300 361 364 447
D00 0.0324 272 600 389 716
D00 0.0323 35 373 177 610
D00 0.0322 296 373 477 700
D00 0.0317 34 512 156 719
D00 0.0314 309 601 434 715
D00 0.0313 534 0 678 252
D00 0.0312 148 624 270 720
D00 0.0311 483 253 698 496
D00 0.0310 649 628 709 720
D00 0.0309 317 575 379 705
D00 0.0301 616 108 718 307
D00 0.0301 250 544 365 720
D00 0.0298 604 583 686 705
D00 0.0291 0 346 244 646
D00 0.0289 466 80 657 395
D00 0.0289 61 455 174 650
D00 0.0287 575 634 716 720
D00 0.0287 69 206 376 645
D00 0.0283 178 444 315 696
D00 0.0282 4 593 70 717
D00 0.0280 202 372 381 692
D00 0.0279 407 0 639 342
D00 0.0278 388 515 494 712
D00 0.0278 470 554 542 695
D00 0.0274 582 395 711 656
D00 0.0273 619 645 697 720
D00 0.0271 299 553 359 687
D00 0.0268 402 410 545 666
D00 0.0266 433 528 492 673
D00 0.0265 527 639 609 720
D00 0.0264 107 555 193 719
D00 0.0262 452 571 519 706
D00 0.0261 326 517 410 680
D00 0.0260 325 400 380 461
D00 0.0260 514 611 576 720
D00 0.0260 512 559 585 695
D00 0.0255 488 497 614 681
D00 0.0250 283 388 360 466
D00 0.0248 473 622 526 720
D00 0.0247 182 565 276 714
D00 0.0246 653 322 715 461
D00 0.0245 80 527 167 705
D00 0.0244 607 0 718 188
D00 0.0242 164 641 343 720
D00 0.0240 137 465 241 658
D00 0.0240 307 344 387 469
D00 0.0240 451 616 572 720
D00 0.0240 530 578 609 707
D00 0.0239 591 252 720 412
D00 0.0239 644 271 720 432
D00 0.0239 0 451 99 655
D00 0.0238 108 438 219 635
D00 0.0237 316 641 394 720
D00 0.0235 315 497 452 713
D00 0.0233 128 511 210 672
D00 0.0232 417 332 612 637
D00 0.0232 76 0 370 465
D00 0.0231 101 490 186 655
D00 0.0230 196 634 258 720
D00 0.0229 401 480 477 640
D00 0.0227 446 472 569 653
D00 0.0226 402 595 527 714
D00 0.0226 307 616 363 720
D00 0.0223 564 325 720 514
D00 0.0220 423 129 610 429
D00 0.0219 242 642 416 720
D00 0.0216 484 357 637 600
D00 0.0216 411 528 470 670
D00 0.0215 563 142 718 345
D00 0.0214 667 312 717 411
D00 0.0212 534 663 648 719
D00 0.0212 654 143 715 282
D00 0.0209 0 628 52 720
D00 0.0208 318 515 379 645
D00 0.0206 363 487 468 673
D00 0.0206 315 561 368 663
D00 0.0206 185 669 248 720
D00 0.0204 635 41 720 248
D00 0.0203 167 516 253 667
D00 0.0202 577 599 664 713
D00 0.0202 1 8 219 363
D00 0.0202 307 379 340 444
D00 0.0201 159 510 222 643
D00 0.0201 450 513 515 650
D00 0.0200 642 352 720 510
D00 0.0199 446 33 591 295
D00 0.0199 209 582 347 700
D00 0.0199 499 179 604 377
D00 0.0198 137 577 204 704
D00 0.0197 294 629 413 702
D00 0.0197 324 417 360 465
D00 0.0196 205 370 266 492
D00 0.0195 350 576 481 702
D00 0.0195 275 358 376 523
D00 0.0195 318 407 348 470
D00 0.0192 448 194 709 384
D00 0.0192 308 395 415 452
D00 0.0191 332 358 403 460
D00 0.0190 298 382 396 569
D00 0.0190 12 81 280 554
D00 0.0189 422 462 501 612
D00 0.0188 335 392 367 452
D00 0.0186 298 477 399 653
D00 0.0186 657 607 702 688
D00 0.0185 92 649 170 720
D00 0.0185 181 661 292 720
D00 0.0183 643 495 720 658
D00 0.0183 331 664 446 719
D00 0.0183 3 328 139 558
D00 0.0180 635 626 683 712
D00 0.0180 622 226 708 385
D00 0.0179 185 380 286 562
D00 0.0179 356 361 501 591
D00 0.0178 275 578 341 702
D00 0.0178 317 359 347 425
D00 0.0177 609 385 718 557
D00 0.0176 269 359 337 470
D00 0.0175 439 269 588 481
D00 0.0174 160 411 264 603
D00 0.0174 273 416 378 602
D00 0.0173 178 597 237 695
D00 0.0173 174 359 255 500
D00 0.0173 132 673 237 720
D00 0.0172 623 297 706 400
D00 0.0171 224 371 288 488
D00 0.0171 634 123 701 266
D00 0.0171 521 0 634 182
D00 0.0170 181 493 244 627
D00 0.0170 543 269 689 426
D00 0.0170 319 416 419 607
D00 0.0170 203 413 309 601
D00 0.0169 308 410 378 481
D00 0.0169 560 210 674 395
D00 0.0168 323 599 363 689
D00 0.0168 398 383 446 449
D00 0.0167 316 361 421 527
D00 0.0167 60 571 134 707
D00 0.0167 451 625 508 720
D00 0.0167 336 513 447 645
D00 0.0166 206 540 302 693
D00 0.0166 246 385 357 560
D00 0.0166 406 399 522 571
D00 0.0166 246 514 363 642
D00 0.0166 99 427 189 581
D00 0.0165 191 482 274 641
D00 0.0165 395 223 541 441
D00 0.0165 333 682 418 720
D00 0.0164 112 37 287 342
D00 0.0164 429 12 691 211
D00 0.0164 77 338 217 556
D00 0.0164 382 85 564 390
D00 0.0163 87 505 157 643
D00 0.0163 474 131 584 333
D00 0.0162 233 370 271 450
D00 0.0162 138 535 185 648
D00 0.0160 484 648 567 720
D00 0.0160 208 672 271 720
D00 0.0159 324 0 544 303
D00 0.0158 114 642 196 720
D00 0.0158 516 288 629 479
D00 0.0157 663 561 715 667
D00 0.0156 317 404 369 439
D00 0.0156 383 531 449 666
D00 0.0156 634 427 720 618
D00 0.0156 548 629 634 716
D00 0.0156 273 533 340 661
D00 0.0155 604 628 673 720
D00 0.0154 431 515 481 619
D00 0.0153 345 633 408 720
D00 0.0153 17 248 197 541
D00 0.0151 356 532 425 665
D00 0.0151 195 686 260 719
D00 0.0151 624 339 705 445
D00 0.0151 501 611 550 703
D00 0.0151 221 376 261 460
D00 0.0150 339 524 393 628
D00 0.0149 644 192 720 357
D00 0.0149 243 372 314 483
D00 0.0148 92 597 159 717
D00 0.0148 350 505 401 602
D00 0.0148 337 388 446 572
D00 0.0148 323 371 382 434
D00 0.0148 285 317 368 458
D00 0.0147 37 73 180 325
D00 0.0147 308 393 356 427
D00 0.0147 223 633 281 720
D00 0.0147 196 397 243 510
D00 0.0146 225 448 335 628
D00 0.0146 279 571 429 665
D00 0.0146 21 600 121 720
D00 0.0146 195 367 245 468
D00 0.0146 61 0 244 278
D00 0.0145 577 673 689 720
D00 0.0145 638 669 700 720
D00 0.0144 653 418 716 538
D00 0.0143 539 560 598 669
D00 0.0143 167 686 229 719
D00 0.0142 528 679 611 720
D00 0.0142 181 547 234 655
D00 0.0141 294 673 399 720
D00 0.0140 116 181 284 487
D00 0.0140 161 344 333 631
D00 0.0140 229 616 331 708
D00 0.0140 660 297 720 375
D00 0.0139 127 578 178 686
D00 0.0139 347 467 491 613
D00 0.0139 0 427 84 582
D00 0.0139 419 494 471 598
D00 0.0139 446 682 531 720
D00 0.0139 131 336 263 549
D00 0.0139 301 398 344 475
D00 0.0139 459 658 518 717
D00 0.0138 78 633 138 720
D00 0.0138 472 0 590 186
D00 0.0137 528 12 713 141
D00 0.0137 151 515 199 621
D00 0.0137 621 605 674 689
D00 0.0137 551 468 683 644
D00 0.0136 296 408 369 455
D00 0.0136 145 150 359 508
D00 0.0136 605 287 680 416
D00 0.0135 664 393 717 493
D00 0.0134 437 542 474 636
D00 0.0134 311 233 456 444
D00 0.0134 629 397 701 516
D00 0.0134 439 587 491 697
D00 0.0134 329 628 375 714
D00 0.0134 110 377 228 502
D00 0.0134 189 650 225 715
D00 0.0133 0 659 90 720
D00 0.0133 556 428 709 568
D00 0.0133 219 684 306 720
D00 0.0132 672 329 713 376
D00 0.0132 366 644 456 718
D00 0.0132 184 349 288 462
D00 0.0132 335 138 521 426
D00 0.0132 656 78 716 215
D00 0.0132 147 429 232 580
D00 0.0131 429 0 532 195
D00 0.0131 599 197 689 357
D00 0.0131 643 0 720 131
D00 0.0131 549 249 636 399
D00 0.0131 675 597 720 717
D00 0.0131 633 188 699 319
D00 0.0130 133 469 200 598
D00 0.0130 398 677 516 720
D00 0.0130 158 1 331 308
D00 0.0129 335 558 391 660
D00 0.0129 672 341 712 431
D00 0.0129 360 499 424 621
D00 0.0129 563 282 704 371
D00 0.0129 570 306 670 465
D00 0.0128 447 553 486 646
D00 0.0128 353 374 428 469
D00 0.0127 394 383 484 514
D00 0.0127 134 556 170 645
D00 0.0127 606 465 714 587
D00 0.0127 490 378 720 550
D00 0.0127 632 491 700 616
D00 0.0126 235 403 322 541
D00 0.0126 211 385 250 474
D00 0.0126 246 557 317 680
D00 0.0126 62 124 239 440
D00 0.0126 157 366 226 484
D00 0.0126 531 552 610 631
D00 0.0125 209 194 383 473
D00 0.0125 52 673 163 720
D00 0.0125 471 597 510 695
D00 0.0125 206 417 265 529
D00 0.0124 506 662 590 720
D00 0.0124 271 641 353 720
D00 0.0124 294 500 359 621
D00 0.0124 655 31 716 166
D00 0.0124 498 43 610 248
D00 0.0124 631 442 701 560
D00 0.0123 322 686 388 718
D00 0.0123 122 402 211 545
D00 0.0123 338 419 367 476
D00 0.0122 514 135 627 335
D00 0.0122 438 446 529 577
D00 0.0122 184 287 312 498
D00 0.0122 426 532 463 624
D00 0.0122 514 395 627 556
D00 0.0121 490 221 572 373
D00 0.0121 326 590 358 657
D00 0.0120 156 609 221 711
D00 0.0120 374 439 456 587
D00 0.0120 597 86 695 257
D00 0.0120 256 409 347 490
D00 0.0120 408 514 458 614
D00 0.0119 318 480 378 597
D00 0.0119 226 290 360 490
D00 0.0118 114 524 166 634
D00 0.0118 563 14 669 170
D00 0.0118 481 672 543 720
D00 0.0118 554 686 627 717
D00 0.0118 277 527 426 621
D00 0.0118 334 384 399 440
D00 0.0117 336 392 400 496
D00 0.0117 400 642 486 718
D00 0.0117 582 268 652 390
D00 0.0116 356 497 395 572
D00 0.0116 517 587 565 667
D00 0.0116 454 176 564 370
D00 0.0116 2 35 137 282
D00 0.0116 432 689 504 717
D00 0.0115 555 398 683 516
D00 0.0115 491 645 532 720
D00 0.0115 501 7 661 104
D00 0.0115 100 681 185 720
D00 0.0115 243 387 283 470
D00 0.0115 313 336 369 428
D00 0.0115 41 652 128 720
D00 0.0115 325 605 408 686
D00 0.0114 1 399 124 528
D00 0.0114 365 683 457 720
D00 0.0113 485 644 515 714
D00 0.0113 245 479 362 594
D00 0.0112 660 672 718 720
D00 0.0112 297 334 349 429
D00 0.0112 607 292 708 358
D00 0.0112 518 240 584 366
D00 0.0111 544 613 591 705
D00 0.0110 234 653 314 720
D00 0.0110 225 419 287 528
D00 0.0110 459 586 497 682
D00 0.0110 411 46 512 242
D00 0.0109 223 497 289 622
D00 0.0109 109 630 151 718
D00 0.0109 185 610 268 684
D00 0.0109 289 370 335 449
D00 0.0109 551 574 636 655
D00 0.0109 158 585 219 676
D00 0.0109 537 345 654 519
D00 0.0108 247 379 278 443
D00 0.0108 165 517 206 598
D00 0.0108 632 56 700 189
D00 0.0108 577 284 624 384
D00 0.0108 439 493 491 600
D00 0.0108 428 129 543 324
D00 0.0107 360 78 499 326
D00 0.0107 84 330 320 453
D00 0.0107 651 626 687 692
D00 0.0107 324 396 385 426
D00 0.0107 60 305 237 479
D00 0.0106 538 263 606 384
D00 0.0106 296 559 405 630
D00 0.0106 177 571 219 650
D00 0.0106 0 569 38 658
D00 0.0106 221 0 450 325
D00 0.0106 436 575 473 668
D00 0.0105 106 618 180 706
D00 0.0105 0 0 38 98
D00 0.0105 681 648 720 720
D00 0.0105 0 127 155 434
D00 0.0104 474 645 505 713
D00 0.0104 370 0 594 209
D00 0.0104 209 365 251 441
D00 0.0104 416 592 470 690
D00 0.0104 341 419 385 462
D00 0.0104 670 446 714 525
D00 0.0103 374 506 455 602
D00 0.0103 543 666 592 715
D00 0.0103 157 418 223 529
D00 0.0103 462 0 512 95
D00 0.0103 340 668 390 715
D00 0.0103 332 547 375 634
D00 0.0102 492 465 580 539
D00 0.0102 430 472 482 573
D00 0.0102 186 698 249 720
D00 0.0102 325 649 360 713
D00 0.0102 179 670 217 720
D00 0.0102 574 173 665 336
D00 0.0102 183 446 244 562
D00 0.0102 605 352 683 475
D00 0.0102 183 163 313 409
D00 0.0101 340 452 398 571
D00 0.0101 319 419 377 533
D00 0.0101 255 676 366 720
D00 0.0101 408 455 469 570
D00 0.0101 382 404 464 467
D00 0.0101 308 383 357 416
D00 0.0100 138 350 249 463
D00 0.0100 565 642 615 719
D00 0.0100 666 186 719 295
D00 0.0100 324 579 379 648
D00 0.0100 0 363 78 518
D00 0.0100 216 346 265 444
D00 0.0100 294 403 350 439
D00 0.0100 408 372 473 457
D00 0.0100 324 658 406 705
D10 0.0465 151 598 316 683
D10 0.0367 170 610 286 658
D10 0.0343 168 587 298 648
D10 0.0342 137 608 253 672
D10 0.0322 101 583 294 703
D10 0.0292 312 619 484 710
D10 0.0273 157 585 387 700
D10 0.0262 165 629 295 703
D10 0.0249 485 452 592 499
D10 0.0248 191 621 264 647
D10 0.0237 206 609 347 673
D10 0.0230 121 573 271 660
D10 0.0225 186 574 363 662
D10 0.0224 202 616 300 650
D10 0.0210 339 653 490 714
D10 0.0208 41 486 259 640
D10 0.0206 363 497 614 644
D10 0.0205 196 452 321 505
D10 0.0202 369 630 508 700
D10 0.0202 499 463 607 514
D10 0.0202 157 613 242 653
D10 0.0200 183 625 270 662
D10 0.0193 149 452 274 506
D10 0.0192 329 607 459 677
D10 0.0184 480 449 689 576
D10 0.0181 486 221 687 359
D10 0.0178 495 33 695 179
D10 0.0177 392 653 534 713
D10 0.0177 60 449 259 559
D10 0.0175 205 630 349 701
D10 0.0175 491 125 688 274
D10 0.0175 263 498 518 641
D10 0.0175 477 403 690 522
D10 0.0175 24 485 144 538
D10 0.0174 99 82 580 373
D10 0.0171 489 470 581 504
D10 0.0171 216 426 345 487
D10 0.0170 127 477 247 517
D10 0.0170 82 438 242 518
D10 0.0169 361 452 605 577
D10 0.0168 148 630 246 691
D10 0.0164 318 348 412 383
D10 0.0164 157 427 371 525
D10 0.0164 454 78 664 230
D10 0.0162 238 452 364 504
D10 0.0162 296 607 409 676
D10 0.0160 506 464 579 490
D10 0.0160 164 497 416 639
D10 0.0158 184 610 252 642
D10 0.0152 445 172 658 318
D10 0.0151 376 637 464 677
D10 0.0150 175 476 296 527
D10 0.0149 536 79 720 227
D10 0.0148 261 426 387 481
D10 0.0146 379 102 664 302
D10 0.0146 622 550 720 609
D10 0.0140 389 15 671 210
D10 0.0140 534 174 720 314
D10 0.0140 176 630 240 657
D10 0.0139 163 486 234 509
D10 0.0138 147 624 233 664
D10 0.0138 528 508 639 553
D10 0.0138 265 449 514 577
D10 0.0137 377 606 502 678
D10 0.0137 218 477 343 530
D10 0.0134 132 454 345 557
D10 0.0133 327 426 465 479
D10 0.0132 257 412 349 453
D10 0.0131 669 336 714 369
D10 0.0131 178 426 299 492
D10 0.0129 572 519 696 581
D10 0.0129 15 0 376 248
D10 0.0128 271 584 384 650
D10 0.0128 190 560 322 633
D10 0.0127 157 559 272 634
D10 0.0126 242 460 331 495
D10 0.0125 330 357 424 393
D10 0.0125 116 594 233 652
D10 0.0125 561 74 708 169
D10 0.0124 366 648 456 688
D10 0.0124 378 455 510 508
D10 0.0124 270 344 395 404
D10 0.0121 315 583 430 652
D10 0.0121 324 392 415 431
D10 0.0120 247 423 333 462
D10 0.0120 216 598 332 651
D10 0.0120 323 630 439 688
D10 0.0120 311 322 445 378
D10 0.0119 660 563 714 593
D10 0.0116 231 471 322 503
D10 0.0116 236 0 635 248
D10 0.0115 235 374 294 401
D10 0.0114 551 483 706 565
D10 0.0114 136 487 215 510
D10 0.0113 632 123 720 185
D10 0.0113 103 461 224 511
D10 0.0113 519 474 590 500
D10 0.0113 128 612 214 653
D10 0.0113 155 609 223 641
D10 0.0112 597 18 708 89
D10 0.0112 177 637 255 678
D10 0.0112 391 360 475 396
D10 0.0112 529 527 625 562
D10 0.0111 7 492 112 551
D10 0.0111 166 470 253 508
D10 0.0110 410 671 503 714
D10 0.0110 255 607 371 664
D10 0.0110 150 476 225 503
D10 0.0110 642 322 720 385
D10 0.0110 572 496 720 633
D10 0.0109 357 627 448 667
D10 0.0109 372 84 597 228
D10 0.0108 389 625 471 668
D10 0.0108 363 175 593 315
D10 0.0107 333 381 430 419
D10 0.0107 458 0 672 135
D10 0.0106 558 25 704 125
D10 0.0106 137 638 223 679
D10 0.0106 167 654 228 685
D10 0.0105 587 97 720 190
D10 0.0105 105 617 215 679
D10 0.0105 399 660 488 702
D10 0.0104 436 33 633 160
D10 0.0103 242 560 363 631
D10 0.0103 167 643 229 671
D10 0.0103 216 610 287 640
D10 0.0103 605 88 710 154
D10 0.0103 63 472 168 528
D10 0.0103 650 655 717 702
D10 0.0102 528 50 677 146
D10 0.0102 129 425 250 496
D10 0.0101 293 416 351 449
D10 0.0101 278 428 345 457
D10 0.0100 102 489 219 535
D10 0.0100 355 582 476 653
D20 0.1303 77 421 701 720
D20 0.1052 292 363 518 459
D20 0.0979 320 508 720 720
D20 0.0790 300 329 671 684
D20 0.0762 183 105 720 698
D20 0.0740 492 599 708 719
D20 0.0696 160 545 638 720
D20 0.0694 0 401 236 720
D20 0.0690 0 495 427 717
D20 0.0651 24 375 530 653
D20 0.0596 341 582 636 711
D20 0.0581 214 364 454 469
D20 0.0551 240 289 633 474
D20 0.0527 352 346 554 446
D20 0.0524 392 210 720 720
D20 0.0499 314 0 675 506
D20 0.0493 341 381 495 448
D20 0.0493 49 251 656 596
D20 0.0493 149 336 569 516
D20 0.0482 245 584 538 711
D20 0.0472 0 18 669 530
D20 0.0449 152 547 268 720
D20 0.0437 152 585 436 711
D20 0.0436 0 500 151 707
D20 0.0428 401 413 649 720
D20 0.0418 162 378 382 490
D20 0.0416 36 582 280 714
D20 0.0406 210 497 469 713
D20 0.0404 324 361 475 434
D20 0.0391 441 66 699 557
D20 0.0389 128 608 343 718
D20 0.0388 269 393 507 720
D20 0.0386 291 357 410 465
D20 0.0384 63 309 379 704
D20 0.0381 172 385 408 720
D20 0.0363 309 222 698 446
D20 0.0363 236 204 572 645
D20 0.0361 281 331 492 436
D20 0.0348 301 630 529 720
D20 0.0343 383 518 579 707
D20 0.0338 51 505 230 706
D20 0.0336 0 197 501 720
D20 0.0336 116 533 374 720
D20 0.0325 420 0 692 327
D20 0.0301 385 626 663 720
D20 0.0300 357 557 520 714
D20 0.0299 244 359 365 471
D20 0.0286 157 519 313 668
D20 0.0277 494 402 720 720
D20 0.0276 72 398 310 661
D20 0.0273 82 357 423 503
D20 0.0271 316 537 471 700
D20 0.0267 188 549 317 720
D20 0.0264 338 272 720 544
D20 0.0258 0 0 489 353
D20 0.0251 213 630 444 720
D20 0.0251 323 603 462 713
D20 0.0251 279 479 608 670
D20 0.0250 305 403 444 463
D20 0.0249 0 572 106 720
D20 0.0247 203 359 316 477
D20 0.0245 310 360 556 591
D20 0.0238 0 241 337 591
D20 0.0235 100 559 298 680
D20 0.0234 168 237 560 449
D20 0.0232 367 113 714 380
D20 0.0232 144 362 289 501
D20 0.0230 104 399 327 509
D20 0.0229 110 144 534 499
D20 0.0225 16 386 301 557
D20 0.0221 218 361 467 588
D20 0.0215 0 438 96 684
D20 0.0214 578 494 706 675
D20 0.0213 541 153 720 639
D20 0.0211 219 400 345 473
D20 0.0210 262 402 390 467
D20 0.0208 378 347 502 494
D20 0.0206 544 0 720 277
D20 0.0206 249 0 564 394
D20 0.0203 183 291 427 489
D20 0.0203 394 147 633 486
D20 0.0202 123 366 365 594
D20 0.0198 0 628 234 720
D20 0.0197 308 306 436 466
D20 0.0197 401 370 523 534
D20 0.0195 566 630 720 720
D20 0.0194 373 295 563 553
D20 0.0192 311 163 549 482
D20 0.0192 190 537 406 662
D20 0.0189 606 555 720 720
D20 0.0189 353 307 488 458
D20 0.0188 454 0 720 175
D20 0.0188 331 347 455 491
D20 0.0183 277 278 517 410
D20 0.0179 312 387 430 440
D20 0.0178 204 382 309 561
D20 0.0176 39 370 270 493
D20 0.0175 182 413 346 496
D20 0.0172 0 339 134 696
D20 0.0172 526 0 714 120
D20 0.0170 195 383 275 486
D20 0.0168 500 29 720 410
D20 0.0164 8 402 217 524
D20 0.0163 294 306 479 548
D20 0.0161 0 0 176 274
D20 0.0160 377 360 456 456
D20 0.0159 278 518 479 643
D20 0.0157 424 405 548 567
D20 0.0153 219 371 287 451
D20 0.0153 119 0 720 289
D20 0.0151 141 498 345 623
D20 0.0150 0 0 258 176
D20 0.0148 582 0 720 83
D20 0.0146 0 176 184 633
D20 0.0145 133 382 245 559
D20 0.0144 632 0 720 140
D20 0.0144 271 401 488 493
D20 0.0143 61 390 186 565
D20 0.0143 267 330 409 522
D20 0.0142 167 545 253 647
D20 0.0142 131 331 378 453
D20 0.0141 351 348 432 448
D20 0.0138 446 570 592 720
D20 0.0138 311 362 428 416
D20 0.0138 589 320 720 702
D20 0.0137 480 648 678 720
D20 0.0137 233 167 464 492
D20 0.0133 86 0 358 291
D20 0.0133 92 650 285 720
D20 0.0132 237 380 315 458
D20 0.0130 0 32 276 720
D20 0.0129 653 523 720 706
D20 0.0128 255 381 363 443
D20 0.0127 179 0 629 178
D20 0.0127 253 255 437 428
D20 0.0125 222 362 345 431
D20 0.0125 0 571 44 674
D20 0.0122 0 519 70 710
D20 0.0120 225 332 360 530
D20 0.0119 0 361 95 596
D20 0.0116 227 502 429 618
D20 0.0116 526 674 665 720
D20 0.0115 126 674 254 720
D20 0.0112 385 347 442 433
D20 0.0111 312 664 478 720
D20 0.0109 534 422 720 537
D20 0.0108 335 569 495 668
D20 0.0106 408 364 473 449
D20 0.0106 319 500 521 619
D20 0.0105 171 652 385 720
D20 0.0104 206 546 303 645
D20 0.0101 0 0 87 139
D20 0.0100 267 571 404 720
D20 0.0100 0 424 153 607
D40 0.0858 400 559 703 720
D40 0.0668 512 564 710 693
D40 0.0659 481 561 633 718
D40 0.0524 602 596 695 657
D40 0.0515 24 466 165 641
D40 0.0491 359 328 553 425
D40 0.0485 310 305 631 459
D40 0.0480 502 604 569 689
D40 0.0472 510 611 688 715
D40 0.0470 491 527 703 641
D40 0.0469 0 517 113 720
D40 0.0461 436 480 636 582
D40 0.0447 618 571 705 672
D40 0.0432 338 363 603 474
D40 0.0430 425 437 628 528
D40 0.0427 400 412 610 503
D40 0.0425 95 606 293 719
D40 0.0422 471 510 636 665
D40 0.0422 588 575 687 632
D40 0.0418 436 459 679 705
D40 0.0410 376 375 472 428
D40 0.0401 341 395 461 445
D40 0.0401 449 467 615 546
D40 0.0398 441 520 585 695
D40 0.0397 12 580 227 716
D40 0.0396 16 571 91 708
D40 0.0387 391 343 526 404
D40 0.0380 387 361 525 429
D40 0.0380 497 624 617 706
D40 0.0378 6 443 184 569
D40 0.0367 460 455 599 510
D40 0.0365 381 299 577 396
D40 0.0364 513 612 555 661
D40 0.0364 433 433 580 486
D40 0.0359 391 382 453 438
D40 0.0359 347 392 528 467
D40 0.0358 348 287 662 555
D40 0.0355 151 581 271 702
D40 0.0349 7 526 183 670
D40 0.0343 486 512 656 590
D40 0.0338 437 611 590 714
D40 0.0334 548 582 688 655
D40 0.0328 145 616 238 711
D40 0.0324 465 499 599 613
D40 0.0322 577 552 714 643
D40 0.0322 47 479 151 575
D40 0.0319 321 407 439 455
D40 0.0316 483 567 575 674
D40 0.0315 0 434 124 628
D40 0.0315 574 601 692 683
D40 0.0308 482 498 619 556
D40 0.0307 353 250 659 425
D40 0.0307 508 650 646 715
D40 0.0297 13 542 103 650
D40 0.0297 465 586 554 696
D40 0.0295 605 570 686 610
D40 0.0294 40 534 268 693
D40 0.0294 482 520 598 566
D40 0.0289 525 564 672 628
D40 0.0288 42 500 180 599
D40 0.0288 382 395 446 427
D40 0.0283 478 448 574 484
D40 0.0281 511 602 645 682
D40 0.0281 421 482 567 639
D40 0.0281 398 384 464 414
D40 0.0278 394 321 528 377
D40 0.0278 614 608 682 639
D40 0.0276 409 338 616 446
D40 0.0275 545 545 687 605
D40 0.0274 128 651 254 718
D40 0.0272 640 617 712 698
D40 0.0272 26 520 126 626
D40 0.0268 493 620 560 670
D40 0.0268 432 341 568 398
D40 0.0267 1 609 128 717
D40 0.0266 62 450 207 617
D40 0.0263 165 572 254 662
D40 0.0263 384 370 465 407
D40 0.0263 408 405 554 467
D40 0.0262 390 380 437 421
D40 0.0262 14 498 108 602
D40 0.0260 35 470 162 535
D40 0.0259 460 334 656 506
D40 0.0256 180 616 277 710
D40 0.0255 430 353 671 601
D40 0.0253 405 380 547 449
D40 0.0250 415 448 575 576
D40 0.0250 613 598 680 630
D40 0.0250 115 577 232 705
D40 0.0249 501 550 599 649
D40 0.0247 365 338 474 418
D40 0.0247 379 405 446 438
D40 0.0245 50 542 143 648
D40 0.0244 520 534 624 621
D40 0.0244 0 418 242 613
D40 0.0243 490 438 648 564
D40 0.0241 34 641 218 720
D40 0.0239 345 618 529 709
D40 0.0237 317 305 522 406
D40 0.0232 58 461 213 542
D40 0.0232 456 487 558 571
D40 0.0231 504 474 634 536
D40 0.0228 433 446 535 519
D40 0.0228 505 487 676 563
D40 0.0228 12 401 218 533
D40 0.0227 387 393 496 447
D40 0.0223 511 428 688 616
D40 0.0222 375 382 568 551
D40 0.0222 621 531 707 622
D40 0.0221 354 418 531 489
D40 0.0221 433 380 573 483
D40 0.0220 78 505 153 582
D40 0.0220 437 317 567 376
D40 0.0219 460 546 552 651
D40 0.0217 10 458 110 551
D40 0.0217 487 459 580 493
D40 0.0215 18 650 142 717
D40 0.0215 508 515 605 551
D40 0.0211 467 438 562 475
D40 0.0211 619 580 674 624
D40 0.0209 76 520 163 626
D40 0.0208 503 419 597 499
D40 0.0208 502 532 614 582
D40 0.0205 464 632 555 718
D40 0.0204 104 614 196 711
D40 0.0204 22 579 128 652
D40 0.0203 635 604 696 672
D40 0.0201 489 603 559 649
D40 0.0201 380 287 541 364
D40 0.0201 565 540 677 684
D40 0.0200 444 564 527 674
D40 0.0195 301 343 412 390
D40 0.0195 427 476 559 536
D40 0.0195 366 410 455 449
D40 0.0194 95 188 591 452
D40 0.0193 451 351 556 434
D40 0.0193 48 588 145 692
D40 0.0192 412 307 520 353
D40 0.0192 96 481 185 575
D40 0.0191 337 617 442 707
D40 0.0190 506 452 632 514
D40 0.0190 276 337 442 418
D40 0.0189 355 632 468 684
D40 0.0188 440 505 527 598
D40 0.0188 75 428 171 582
D40 0.0188 601 625 700 693
D40 0.0188 4 507 73 648
D40 0.0186 667 635 711 681
D40 0.0186 620 611 675 659
D40 0.0186 330 432 638 609
D40 0.0186 201 596 304 684
D40 0.0185 342 418 414 447
D40 0.0184 454 538 573 602
D40 0.0184 499 596 593 661
D40 0.0184 449 271 600 404
D40 0.0183 396 303 524 452
D40 0.0182 128 569 212 664
D40 0.0180 342 407 417 438
D40 0.0180 54 449 183 514
D40 0.0178 419 611 509 708
D40 0.0178 131 596 250 651
D40 0.0178 311 352 378 379
D40 0.0178 493 389 646 523
D40 0.0177 177 605 239 661
D40 0.0175 0 35 244 348
D40 0.0175 407 374 477 402
D40 0.0174 612 558 680 648
D40 0.0174 1 658 34 719
D40 0.0174 0 632 79 720
D40 0.0174 0 372 44 403
D40 0.0173 0 332 293 558
D40 0.0172 384 591 546 692
D40 0.0171 420 328 499 426
D40 0.0171 650 645 717 689
D40 0.0170 500 507 574 557
D40 0.0170 529 495 639 544
D40 0.0170 615 560 698 600
D40 0.0169 340 434 558 533
D40 0.0167 79 566 166 667
D40 0.0166 423 194 609 384
D40 0.0166 630 635 706 682
D40 0.0165 513 630 557 682
D40 0.0164 333 392 431 430
D40 0.0163 498 531 578 558
D40 0.0163 400 348 480 445
D40 0.0162 159 656 234 705
D40 0.0162 553 479 710 630
D40 0.0162 506 613 544 681
D40 0.0161 544 521 683 580
D40 0.0160 346 364 458 415
D40 0.0160 359 259 523 389
D40 0.0160 306 356 385 392
D40 0.0159 100 661 215 720
D40 0.0159 95 533 142 578
D40 0.0158 503 464 600 595
D40 0.0156 468 408 594 559
D40 0.0156 0 477 85 575
D40 0.0156 520 613 585 680
D40 0.0155 551 566 637 691
D40 0.0155 366 314 472 390
D40 0.0155 480 325 577 407
D40 0.0154 579 561 675 601
D40 0.0154 463 371 623 459
D40 0.0154 0 600 89 680
D40 0.0154 495 357 704 473
D40 0.0153 571 638 681 703
D40 0.0152 488 647 588 714
D40 0.0152 633 584 696 649
D40 0.0151 311 356 353 396
D40 0.0151 612 588 664 664
D40 0.0150 244 406 366 459
D40 0.0149 389 638 490 717
D40 0.0148 420 269 544 425
D40 0.0148 196 557 266 679
D40 0.0147 68 545 218 644
D40 0.0147 307 344 382 417
D40 0.0147 61 534 148 600
D40 0.0147 333 422 422 460
D40 0.0146 502 587 549 668
D40 0.0146 591 576 667 605
D40 0.0146 407 377 493 419
D40 0.0146 90 607 211 674
D40 0.0145 484 406 607 472
D40 0.0144 0 0 335 248
D40 0.0144 515 633 576 706
D40 0.0144 119 435 212 519
D40 0.0144 498 284 644 437
D40 0.0144 518 527 615 561
D40 0.0143 18 437 136 531
D40 0.0143 89 523 160 569
D40 0.0142 0 365 179 495
D40 0.0142 372 147 661 343
D40 0.0141 390 416 503 463
D40 0.0141 623 365 706 465
D40 0.0141 0 605 43 712
D40 0.0140 443 293 564 359
D40 0.0140 593 587 668 616
D40 0.0140 418 465 506 550
D40 0.0140 405 394 474 426
D40 0.0140 318 352 437 400
D40 0.0140 657 623 701 672
D40 0.0140 176 601 221 646
D40 0.0140 394 527 543 619
D40 0.0139 529 462 694 543
D40 0.0139 491 435 567 530
D40 0.0139 60 77 336 389
D40 0.0138 535 500 608 612
D40 0.0137 290 201 584 380
D40 0.0137 670 445 712 488
D40 0.0137 340 410 386 453
D40 0.0137 498 429 567 482
D40 0.0136 0 186 393 450
D40 0.0135 655 22 720 98
D40 0.0135 398 417 466 447
D40 0.0134 514 417 677 503
D40 0.0134 366 592 464 689
D40 0.0134 411 362 509 484
D40 0.0133 412 431 531 475
D40 0.0133 2 624 34 694
D40 0.0133 493 474 581 549
D40 0.0133 536 549 626 589
D40 0.0133 554 527 633 642
D40 0.0133 377 374 454 469
D40 0.0132 635 617 694 650
D40 0.0131 441 450 546 482
D40 0.0131 444 406 519 504
D40 0.0131 553 0 720 119
D40 0.0129 330 397 457 496
D40 0.0129 518 667 598 716
D40 0.0129 395 391 431 445
D40 0.0128 486 620 545 696
D40 0.0128 444 298 520 397
D40 0.0128 410 374 450 427
D40 0.0128 490 520 567 549
D40 0.0128 456 394 557 517
D40 0.0127 485 361 608 422
D40 0.0127 445 546 516 636
D40 0.0127 0 491 42 594
D40 0.0127 89 584 206 648
D40 0.0126 670 39 713 84
D40 0.0125 394 442 484 520
D40 0.0124 355 653 465 710
D40 0.0124 646 180 719 287
D40 0.0123 31 602 112 687
D40 0.0123 662 637 699 702
D40 0.0123 438 311 566 470
D40 0.0122 602 592 656 635
D40 0.0122 231 572 330 663
D40 0.0122 405 406 475 438
D40 0.0121 621 411 708 505
D40 0.0121 467 318 542 420
D40 0.0119 1 603 34 670
D40 0.0118 170 435 254 516
D40 0.0118 343 481 556 594
D40 0.0118 371 358 454 395
D40 0.0118 657 220 719 299
D40 0.0118 616 7 708 104
D40 0.0117 545 559 638 600
D40 0.0116 519 347 677 437
D40 0.0116 23 97 195 303
D40 0.0116 541 392 697 482
D40 0.0116 19 148 291 337
D40 0.0116 487 277 572 370
D40 0.0115 593 508 692 596
D40 0.0115 657 602 700 649
D40 0.0115 0 540 42 643
D40 0.0115 404 399 473 501
D40 0.0114 23 19 197 211
D40 0.0114 0 303 247 476
D40 0.0114 401 615 480 695
D40 0.0114 0 363 66 415
D40 0.0114 441 426 537 462
D40 0.0113 309 640 408 704
D40 0.0113 0 536 33 601
D40 0.0113 160 258 464 429
D40 0.0113 359 569 519 668
D40 0.0113 324 409 411 486
D40 0.0113 400 260 557 350
D40 0.0112 453 662 611 720
D40 0.0112 573 603 667 646
D40 0.0112 536 450 607 555
D40 0.0112 427 431 494 536
D40 0.0112 508 297 595 388
D40 0.0112 651 595 687 660
D40 0.0112 410 496 528 559
D40 0.0111 438 321 516 359
D40 0.0111 538 627 648 691
D40 0.0110 321 313 421 393
D40 0.0110 369 374 437 403
D40 0.0110 673 338 712 387
D40 0.0110 97 487 205 537
D40 0.0110 111 420 181 536
D40 0.0109 353 331 432 434
D40 0.0109 663 591 720 689
D40 0.0109 135 649 223 693
D40 0.0108 293 362 354 387
D40 0.0108 526 392 615 482
D40 0.0108 0 535 95 605
D40 0.0107 555 570 654 611
D40 0.0107 339 226 496 362
D40 0.0106 110 128 497 358
D40 0.0106 431 317 508 345
D40 0.0106 353 297 487 353
D40 0.0106 482 536 575 572
D40 0.0106 0 435 83 532
D40 0.0106 179 582 237 645
D40 0.0105 0 501 33 567
D40 0.0105 431 430 504 457
D40 0.0105 638 629 696 664
D40 0.0105 1 579 34 649
D40 0.0105 185 617 249 675
D40 0.0104 422 397 509 461
D40 0.0104 402 444 516 488
D40 0.0104 82 424 205 499
D40 0.0104 387 640 456 697
D40 0.0104 670 250 712 297
D40 0.0104 520 509 594 539
D40 0.0104 432 413 522 451
D40 0.0103 283 348 367 384
D40 0.0103 203 614 253 653
D40 0.0103 553 508 623 537
D40 0.0103 213 436 298 515
D40 0.0103 626 205 706 306
D40 0.0103 167 629 230 692
D40 0.0103 475 601 536 672
D40 0.0103 357 373 427 426
D40 0.0103 144 461 233 541
D40 0.0102 667 655 712 703
D40 0.0102 340 346 388 384
D40 0.0102 411 581 520 653
D40 0.0101 375 643 448 672
D40 0.0101 538 551 604 610
D40 0.0101 470 502 564 545
D40 0.0101 640 652 699 683
D40 0.0101 658 430 719 499
D40 0.0101 510 384 633 447
D40 0.0101 105 515 149 596
D40 0.0101 100 105 387 300
D40 0.0100 88 503 233 599
D40 0.0100 183 649 230 694
D40 0.0100 422 367 505 408
