D00 0.0361 530 580 615 649
D00 0.0269 597 598 718 716
D00 0.0263 646 567 720 714
D00 0.0233 666 631 720 720
D00 0.0228 0 571 111 720
D00 0.0225 2 571 31 633
D00 0.0216 0 590 40 708
D00 0.0214 570 684 657 720
D00 0.0213 0 538 38 644
D00 0.0212 688 649 718 713
D00 0.0208 512 572 606 627
D00 0.0208 4 600 65 718
D00 0.0205 564 594 625 651
D00 0.0204 1 499 151 703
D00 0.0197 547 591 608 638
D00 0.0196 104 516 218 711
D00 0.0195 0 124 170 440
D00 0.0188 66 405 371 720
D00 0.0179 568 519 715 701
D00 0.0179 0 580 34 662
D00 0.0179 13 281 279 678
D00 0.0171 543 569 689 720
D00 0.0168 0 451 87 637
D00 0.0161 571 618 630 720
D00 0.0160 561 660 645 720
D00 0.0153 2 628 32 695
D00 0.0153 537 586 606 621
D00 0.0151 238 435 569 718
D00 0.0150 0 441 53 529
D00 0.0149 0 514 71 676
D00 0.0145 6 653 82 720
D00 0.0144 670 605 715 696
D00 0.0138 15 393 69 486
D00 0.0137 0 481 41 580
D00 0.0136 0 133 38 242
D00 0.0136 528 577 594 609
D00 0.0136 0 639 48 720
D00 0.0131 628 623 705 720
D00 0.0131 0 92 83 269
D00 0.0129 5 465 67 585
D00 0.0129 656 593 706 680
D00 0.0125 683 677 720 720
D00 0.0124 41 278 154 465
D00 0.0124 633 480 720 663
D00 0.0124 3 296 114 485
D00 0.0122 166 475 320 672
D00 0.0121 2 324 49 423
D00 0.0121 339 520 451 692
D00 0.0121 555 582 672 635
D00 0.0118 674 574 720 673
D00 0.0117 2 515 31 576
D00 0.0117 2 535 30 602
D00 0.0117 569 602 646 686
D00 0.0116 138 316 462 672
D00 0.0116 523 562 583 616
D00 0.0115 110 555 188 638
D00 0.0113 210 550 367 686
D00 0.0111 654 517 716 633
D00 0.0110 9 686 66 720
D00 0.0110 3 164 32 230
D00 0.0108 116 684 203 720
D00 0.0108 586 672 637 716
D00 0.0108 639 664 720 720
D00 0.0105 0 183 39 292
D00 0.0104 271 597 327 693
D00 0.0103 0 100 37 201
D00 0.0102 2 372 55 477
D00 0.0101 120 484 241 651
D00 0.0101 581 632 668 717
D00 0.0101 270 507 415 691
D10 0.0156 584 655 710 712
D10 0.0149 289 521 407 565
D10 0.0147 0 374 111 427
D10 0.0144 627 660 718 703
D10 0.0135 16 386 82 411
D10 0.0127 28 381 113 415
D10 0.0125 648 223 720 252
D10 0.0113 665 664 716 697
D10 0.0111 364 527 457 563
D10 0.0110 634 292 720 324
D10 0.0106 11 395 69 422
D10 0.0105 649 674 713 710
D20 0.0598 116 495 680 688
D20 0.0486 522 599 719 720
D20 0.0329 0 544 521 720
D20 0.0266 0 0 298 493
D20 0.0243 322 546 720 720
D20 0.0214 571 640 720 720
D20 0.0187 0 0 177 275
D20 0.0185 0 427 340 711
D20 0.0181 0 198 669 710
D20 0.0178 0 0 489 353
D20 0.0177 201 0 720 353
D20 0.0175 498 496 720 720
D20 0.0172 349 428 642 720
D20 0.0165 0 142 348 720
D20 0.0165 200 374 720 720
D20 0.0160 21 18 720 530
D20 0.0158 375 142 720 720
D20 0.0157 0 491 222 720
D20 0.0156 243 474 564 720
D20 0.0128 80 0 345 288
D20 0.0126 667 580 720 720
D20 0.0126 0 631 145 720
D20 0.0124 0 0 330 175
D20 0.0118 546 0 720 268
D20 0.0115 0 320 225 656
D20 0.0115 0 0 109 174
D20 0.0114 688 629 720 720
D20 0.0111 663 472 717 528
D20 0.0105 612 549 720 720
D20 0.0105 0 84 240 361
D20 0.0103 66 4 219 247
D20 0.0102 0 576 91 720
D40 0.1763 445 564 632 672
D40 0.1696 320 537 711 695
D40 0.1223 415 581 685 704
D40 0.1190 483 582 625 649
D40 0.1073 0 433 334 629
D40 0.1056 408 529 614 632
D40 0.0941 0 502 369 704
D40 0.0938 484 573 591 627
D40 0.0917 233 494 657 672
D40 0.0892 28 460 275 579
D40 0.0877 492 587 649 687
D40 0.0864 9 432 210 524
D40 0.0808 14 404 296 544
D40 0.0796 379 506 594 598
D40 0.0775 4 517 213 626
D40 0.0765 390 494 577 557
D40 0.0713 17 533 243 688
D40 0.0712 513 580 697 662
D40 0.0691 301 512 591 639
D40 0.0683 85 420 276 502
D40 0.0665 144 437 270 492
D40 0.0654 430 501 544 544
D40 0.0648 17 419 165 497
D40 0.0627 73 447 249 510
D40 0.0625 454 614 628 709
D40 0.0622 18 450 154 509
D40 0.0614 24 586 293 707
D40 0.0606 453 558 577 639
D40 0.0591 437 545 590 609
D40 0.0578 132 454 248 499
D40 0.0569 512 574 660 631
D40 0.0569 141 529 562 688
D40 0.0564 526 603 617 657
D40 0.0557 0 325 330 517
D40 0.0538 510 600 720 719
D40 0.0533 60 435 223 488
D40 0.0531 408 520 568 577
D40 0.0523 458 509 537 539
D40 0.0522 14 462 173 543
D40 0.0508 374 474 550 541
D40 0.0502 87 493 484 655
D40 0.0499 143 449 308 508
D40 0.0496 410 591 591 686
D40 0.0493 39 368 271 484
D40 0.0480 509 583 584 619
D40 0.0479 515 588 602 635
D40 0.0472 633 584 719 638
D40 0.0467 0 631 215 720
D40 0.0459 382 571 567 662
D40 0.0458 29 541 190 602
D40 0.0452 468 519 547 545
D40 0.0446 143 420 349 496
D40 0.0444 0 213 336 453
D40 0.0443 81 623 245 708
D40 0.0441 648 595 711 624
D40 0.0439 21 426 112 478
D40 0.0432 94 458 464 597
D40 0.0425 546 617 610 650
D40 0.0420 0 454 602 703
D40 0.0418 238 584 573 697
D40 0.0413 314 488 533 570
D40 0.0412 174 444 596 622
D40 0.0412 75 483 294 655
D40 0.0412 498 575 574 611
D40 0.0406 2 432 141 567
D40 0.0401 14 85 235 464
D40 0.0397 467 509 682 638
D40 0.0394 72 655 214 713
D40 0.0382 77 468 243 541
D40 0.0382 424 515 519 549
D40 0.0381 356 532 539 615
D40 0.0373 48 518 201 588
D40 0.0372 421 531 520 580
D40 0.0368 88 558 183 595
D40 0.0366 58 498 246 609
D40 0.0361 559 571 701 627
D40 0.0358 573 559 718 703
D40 0.0358 175 452 277 495
D40 0.0357 55 534 196 653
D40 0.0350 345 501 496 553
D40 0.0349 31 561 183 622
D40 0.0348 326 456 631 599
D40 0.0345 361 542 531 684
D40 0.0344 460 509 573 551
D40 0.0344 52 316 270 449
D40 0.0342 332 514 513 586
D40 0.0341 526 625 666 704
D40 0.0336 394 563 548 628
D40 0.0336 94 527 200 612
D40 0.0336 497 542 606 622
D40 0.0335 666 583 716 622
D40 0.0327 593 583 706 649
D40 0.0323 66 384 482 559
D40 0.0322 433 526 525 562
D40 0.0322 37 438 105 468
D40 0.0318 541 599 601 645
D40 0.0313 10 653 159 716
D40 0.0312 15 445 94 482
D40 0.0309 148 464 229 494
D40 0.0309 11 380 123 492
D40 0.0308 4 191 253 384
D40 0.0308 132 640 230 699
D40 0.0306 345 626 639 720
D40 0.0306 349 479 491 534
D40 0.0305 25 496 188 563
D40 0.0304 1 565 170 719
D40 0.0303 120 389 300 488
D40 0.0301 14 261 233 489
D40 0.0301 482 655 631 713
D40 0.0298 127 461 328 544
D40 0.0298 0 318 718 673
D40 0.0297 28 436 192 630
D40 0.0296 473 493 720 712
D40 0.0293 131 471 228 503
D40 0.0289 42 411 189 473
D40 0.0289 252 488 457 575
D40 0.0289 0 473 147 621
D40 0.0287 70 239 246 430
D40 0.0286 293 465 504 546
D40 0.0285 551 591 677 690
D40 0.0285 17 428 94 529
D40 0.0282 42 113 192 364
D40 0.0282 430 543 533 596
D40 0.0280 423 631 569 696
D40 0.0280 130 519 351 686
D40 0.0279 194 467 416 545
D40 0.0277 0 374 205 573
D40 0.0271 518 536 682 698
D40 0.0269 17 528 137 614
D40 0.0268 238 522 452 684
D40 0.0267 140 475 269 531
D40 0.0266 195 458 357 504
D40 0.0266 273 507 482 602
D40 0.0265 192 462 263 491
D40 0.0263 128 587 461 697
D40 0.0262 186 445 409 515
D40 0.0261 431 509 512 537
D40 0.0261 0 520 144 676
D40 0.0260 619 590 713 695
D40 0.0258 38 347 423 646
D40 0.0258 3 448 101 503
D40 0.0258 30 171 224 307
D40 0.0256 459 571 556 613
D40 0.0250 451 498 526 532
D40 0.0249 62 593 213 692
D40 0.0249 6 613 98 713
D40 0.0247 196 437 350 487
D40 0.0245 303 501 446 556
D40 0.0244 108 612 351 700
D40 0.0243 135 447 221 486
D40 0.0242 9 480 103 571
D40 0.0241 102 488 255 573
D40 0.0241 544 654 695 714
D40 0.0237 43 212 186 453
D40 0.0236 322 523 433 568
D40 0.0235 0 635 54 720
D40 0.0233 152 411 268 475
D40 0.0231 424 533 563 695
D40 0.0229 28 435 75 476
D40 0.0228 556 593 629 663
D40 0.0228 41 618 163 710
D40 0.0227 162 452 237 485
D40 0.0227 85 540 207 720
D40 0.0226 49 414 109 466
D40 0.0226 103 412 230 474
D40 0.0222 33 459 121 498
D40 0.0220 472 513 588 591
D40 0.0218 540 629 606 656
D40 0.0216 391 521 507 566
D40 0.0215 113 507 217 597
D40 0.0214 364 405 660 658
D40 0.0214 282 480 423 535
D40 0.0213 532 596 616 711
D40 0.0212 478 584 560 617
D40 0.0211 338 593 504 683
D40 0.0210 454 483 595 576
D40 0.0210 595 623 708 707
D40 0.0209 0 344 169 507
D40 0.0209 629 588 698 618
D40 0.0207 341 533 414 558
D40 0.0207 4 96 240 290
D40 0.0206 3 478 47 521
D40 0.0205 0 86 524 650
D40 0.0205 114 646 300 711
D40 0.0205 624 565 720 624
D40 0.0204 590 666 720 717
D40 0.0204 604 592 696 633
D40 0.0204 27 471 116 510
D40 0.0202 462 524 551 558
D40 0.0202 84 160 299 415
D40 0.0202 434 542 505 569
D40 0.0201 7 549 99 640
D40 0.0200 568 680 680 720
D40 0.0200 111 644 194 720
D40 0.0199 21 277 463 539
D40 0.0199 32 582 176 647
D40 0.0198 315 570 479 664
D40 0.0197 535 666 645 720
D40 0.0195 659 586 701 638
D40 0.0195 360 620 535 699
D40 0.0195 451 512 542 575
D40 0.0194 660 571 719 654
D40 0.0194 645 611 720 713
D40 0.0194 568 602 609 656
D40 0.0193 386 549 489 641
D40 0.0193 115 547 193 591
D40 0.0192 440 582 551 637
D40 0.0192 75 389 212 486
D40 0.0192 403 553 515 608
D40 0.0191 0 473 89 527
D40 0.0191 526 541 694 617
D40 0.0191 495 600 591 642
D40 0.0191 144 483 374 574
D40 0.0186 99 567 193 665
D40 0.0186 646 599 696 645
D40 0.0186 339 605 433 662
D40 0.0185 104 608 221 679
D40 0.0185 666 433 718 492
D40 0.0185 116 385 267 572
D40 0.0184 121 581 248 697
D40 0.0183 63 677 178 720
D40 0.0183 628 544 720 660
D40 0.0181 9 421 82 489
D40 0.0180 26 451 115 555
D40 0.0180 448 561 538 602
D40 0.0180 17 572 133 664
D40 0.0180 0 656 40 705
D40 0.0179 65 550 164 589
D40 0.0175 178 476 327 530
D40 0.0174 684 666 720 715
D40 0.0174 640 576 702 668
D40 0.0174 211 450 309 487
D40 0.0174 114 544 208 636
D40 0.0173 151 630 258 689
D40 0.0173 465 577 553 691
D40 0.0173 360 484 440 520
D40 0.0173 0 6 207 354
D40 0.0172 71 325 226 518
D40 0.0172 456 653 571 707
D40 0.0171 490 595 572 626
D40 0.0170 42 450 113 477
D40 0.0170 668 598 714 645
D40 0.0170 549 485 720 655
D40 0.0169 482 499 556 545
D40 0.0168 81 566 166 609
D40 0.0168 7 161 146 413
D40 0.0167 333 520 459 634
D40 0.0166 253 458 402 507
D40 0.0165 53 476 130 504
D40 0.0165 487 567 562 599
D40 0.0165 346 437 532 525
D40 0.0165 47 432 139 525
D40 0.0165 460 593 576 648
D40 0.0165 434 515 542 640
D40 0.0165 495 617 605 672
D40 0.0165 16 604 152 679
D40 0.0164 20 461 82 492
D40 0.0164 131 607 202 710
D40 0.0163 649 575 710 612
D40 0.0163 172 419 248 502
D40 0.0163 486 599 576 707
D40 0.0163 0 588 33 635
D40 0.0162 353 467 448 514
D40 0.0161 674 448 720 480
D40 0.0161 6 486 69 514
D40 0.0160 162 462 265 505
D40 0.0160 0 267 188 408
D40 0.0159 417 548 504 586
D40 0.0159 35 437 136 485
D40 0.0158 523 576 570 627
D40 0.0158 133 556 188 600
D40 0.0158 188 400 387 537
D40 0.0158 76 564 153 591
D40 0.0157 259 479 370 523
D40 0.0157 576 605 694 661
D40 0.0156 361 616 469 675
D40 0.0156 178 438 259 480
D40 0.0156 447 559 527 672
D40 0.0156 313 453 575 719
D40 0.0156 180 503 406 603
D40 0.0155 113 461 199 498
D40 0.0155 250 629 543 720
D40 0.0155 74 161 357 610
D40 0.0153 599 546 709 605
D40 0.0153 562 602 653 646
D40 0.0152 0 452 52 544
D40 0.0152 684 583 718 638
D40 0.0152 551 605 607 675
D40 0.0152 0 599 97 647
D40 0.0151 152 441 232 521
D40 0.0151 669 468 713 512
D40 0.0151 127 430 205 494
D40 0.0150 538 553 641 673
D40 0.0150 373 454 503 514
D40 0.0150 81 501 173 605
D40 0.0150 664 461 714 491
D40 0.0149 237 499 385 556
D40 0.0149 440 486 524 568
D40 0.0148 8 459 67 517
D40 0.0148 222 401 541 533
D40 0.0148 122 658 204 704
D40 0.0148 0 487 37 531
D40 0.0148 4 451 60 478
D40 0.0148 139 610 283 677
D40 0.0147 0 662 95 720
D40 0.0147 56 455 175 501
D40 0.0147 24 371 170 466
D40 0.0145 264 520 407 577
D40 0.0145 429 480 531 531
D40 0.0145 89 292 382 450
D40 0.0145 139 482 234 513
D40 0.0144 87 429 190 470
D40 0.0144 535 582 580 638
D40 0.0143 399 505 497 543
D40 0.0143 0 405 102 474
D40 0.0143 312 516 403 557
D40 0.0142 678 454 719 497
D40 0.0142 273 442 478 519
D40 0.0142 369 477 429 505
D40 0.0141 266 594 434 683
D40 0.0140 650 578 689 630
D40 0.0140 503 678 621 720
D40 0.0139 482 497 604 556
D40 0.0139 415 466 554 600
D40 0.0139 376 611 418 656
D40 0.0138 120 439 185 464
D40 0.0138 3 672 54 713
D40 0.0138 147 339 335 486
D40 0.0137 414 528 514 665
D40 0.0137 0 388 87 520
D40 0.0137 409 520 489 548
D40 0.0137 672 657 716 704
D40 0.0137 1 460 34 519
D40 0.0136 654 446 713 505
D40 0.0136 277 473 367 506
D40 0.0136 16 453 60 498
D40 0.0136 118 565 192 610
D40 0.0135 311 540 442 604
D40 0.0135 79 437 224 594
D40 0.0135 254 531 422 616
D40 0.0135 383 646 561 711
D40 0.0135 18 474 82 506
D40 0.0134 0 590 73 692
D40 0.0134 683 425 718 481
D40 0.0134 159 646 210 691
D40 0.0132 405 642 515 696
D40 0.0132 346 531 449 584
D40 0.0132 179 567 404 678
D40 0.0132 264 461 354 493
D40 0.0132 273 550 438 644
D40 0.0131 368 641 481 693
D40 0.0131 219 464 303 490
D40 0.0131 288 493 379 529
D40 0.0130 481 500 521 544
D40 0.0130 144 415 337 661
D40 0.0130 66 425 181 540
D40 0.0129 295 485 389 518
D40 0.0129 454 531 558 586
D40 0.0129 64 430 116 466
D40 0.0128 359 596 463 655
D40 0.0128 443 553 516 582
D40 0.0128 403 536 496 572
D40 0.0127 87 558 173 637
D40 0.0126 390 610 495 666
D40 0.0126 445 649 533 692
D40 0.0126 87 537 179 583
D40 0.0125 475 577 529 621
D40 0.0125 132 311 308 417
D40 0.0125 369 564 478 619
D40 0.0125 2 519 119 568
D40 0.0125 93 687 169 718
D40 0.0125 144 436 230 474
D40 0.0125 521 566 571 606
D40 0.0125 307 457 444 508
D40 0.0125 684 645 720 696
D40 0.0124 422 622 534 677
D40 0.0124 334 493 420 527
D40 0.0124 61 9 286 376
D40 0.0124 126 665 237 716
D40 0.0124 298 371 653 568
D40 0.0124 54 424 144 464
D40 0.0123 371 585 424 678
D40 0.0123 205 437 294 477
D40 0.0123 426 594 535 651
D40 0.0123 644 531 720 618
D40 0.0123 532 634 610 676
D40 0.0123 403 585 513 642
D40 0.0122 0 500 74 595
D40 0.0122 125 638 209 679
D40 0.0122 168 474 246 499
D40 0.0121 621 611 699 657
D40 0.0121 50 476 145 584
D40 0.0121 145 628 221 668
D40 0.0121 171 380 315 570
D40 0.0121 128 404 223 513
D40 0.0121 86 578 168 704
D40 0.0121 509 504 631 664
D40 0.0121 107 676 175 712
D40 0.0120 367 602 412 647
D40 0.0120 449 571 515 628
D40 0.0120 355 540 422 567
D40 0.0120 102 291 287 534
D40 0.0119 89 631 196 690
D40 0.0119 122 451 186 480
D40 0.0119 4 598 67 631
D40 0.0119 108 437 191 525
D40 0.0119 512 571 558 620
D40 0.0118 148 630 437 720
D40 0.0118 57 545 149 615
D40 0.0118 271 640 375 695
D40 0.0118 372 438 470 484
D40 0.0117 411 530 488 558
D40 0.0117 20 357 93 476
D40 0.0117 301 564 412 618
D40 0.0117 365 452 457 499
D40 0.0117 24 429 55 484
D40 0.0117 420 505 501 598
D40 0.0117 13 609 82 635
D40 0.0117 354 516 445 555
D40 0.0117 65 472 166 504
D40 0.0116 344 488 412 514
D40 0.0116 184 631 332 691
D40 0.0116 265 446 375 486
D40 0.0116 25 486 97 512
D40 0.0115 503 634 592 712
D40 0.0115 0 265 280 690
D40 0.0115 3 153 187 268
D40 0.0115 408 618 483 692
D40 0.0114 491 507 530 552
D40 0.0114 461 445 655 608
D40 0.0114 170 635 217 682
D40 0.0114 573 563 657 659
D40 0.0114 334 627 436 687
D40 0.0114 56 558 146 684
D40 0.0114 88 660 175 706
D40 0.0114 185 401 353 475
D40 0.0114 0 574 59 646
D40 0.0114 477 471 582 547
D40 0.0113 370 463 429 489
D40 0.0113 376 491 465 531
D40 0.0113 0 635 35 684
D40 0.0113 515 619 593 648
D40 0.0112 66 466 140 494
D40 0.0112 119 476 194 501
D40 0.0112 7 572 40 633
D40 0.0112 418 464 499 547
D40 0.0111 638 651 709 711
D40 0.0110 323 502 408 546
D40 0.0110 557 623 632 720
D40 0.0110 514 660 605 705
D40 0.0110 155 618 215 700
D40 0.0110 384 487 454 516
D40 0.0110 131 462 213 559
D40 0.0109 375 484 507 631
D40 0.0109 109 430 175 462
D40 0.0109 376 542 498 596
D40 0.0109 124 488 228 537
D40 0.0109 79 457 169 560
D40 0.0109 487 587 541 630
D40 0.0108 309 531 385 556
D40 0.0108 286 226 720 717
D40 0.0108 576 620 620 663
D40 0.0108 1 116 109 293
D40 0.0108 398 485 477 570
D40 0.0108 338 583 436 644
D40 0.0108 105 571 177 603
D40 0.0108 641 586 680 640
D40 0.0108 442 493 496 535
D40 0.0108 167 586 306 689
D40 0.0107 195 468 280 500
D40 0.0107 664 674 716 711
D40 0.0107 133 508 232 564
D40 0.0107 601 688 688 718
D40 0.0107 459 620 570 677
D40 0.0106 679 570 720 616
D40 0.0106 388 450 456 478
D40 0.0106 162 497 296 557
D40 0.0106 621 682 717 720
D40 0.0106 277 553 393 607
D40 0.0104 615 606 687 639
D40 0.0104 214 418 426 495
D40 0.0104 210 424 314 467
D40 0.0104 222 619 391 694
D40 0.0103 26 439 73 509
D40 0.0103 164 439 423 713
D40 0.0103 99 325 252 413
D40 0.0102 370 451 429 477
D40 0.0102 191 440 269 516
D40 0.0102 507 513 560 549
D40 0.0101 132 653 198 684
D40 0.0101 477 643 544 700
D40 0.0101 11 440 44 494
D40 0.0101 4 540 117 592
D40 0.0101 490 671 581 713
D40 0.0101 657 611 705 659
D40 0.0101 128 317 524 496
D40 0.0101 231 522 347 573
D40 0.0100 466 551 554 591
D40 0.0100 362 550 437 630
D40 0.0100 543 688 624 718
D40 0.0100 425 574 497 690
D40 0.0100 5 481 67 540
D40 0.0100 447 600 521 705
D40 0.0100 298 595 419 654
D40 0.0100 160 335 279 405
