D00 0.0336 216 489 291 516
D00 0.0255 376 516 419 617
D00 0.0255 91 574 254 713
D00 0.0244 385 534 412 604
D00 0.0241 206 496 282 521
D00 0.0238 314 541 418 714
D00 0.0215 582 589 720 718
D00 0.0211 635 651 717 720
D00 0.0210 354 513 425 688
D00 0.0200 337 574 401 702
D00 0.0192 16 579 188 714
D00 0.0188 363 544 412 648
D00 0.0185 228 485 333 516
D00 0.0175 313 601 384 710
D00 0.0169 221 493 319 525
D00 0.0168 643 563 720 714
D00 0.0164 212 535 365 710
D00 0.0162 351 618 400 712
D00 0.0160 386 490 429 605
D00 0.0159 342 517 404 642
D00 0.0156 118 547 280 675
D00 0.0156 374 545 405 612
D00 0.0155 629 606 703 713
D00 0.0154 279 564 382 709
D00 0.0151 205 472 310 516
D00 0.0148 646 683 720 720
D00 0.0148 164 557 325 718
D00 0.0146 372 532 448 700
D00 0.0145 677 629 720 720
D00 0.0145 0 585 118 702
D00 0.0143 47 558 252 657
D00 0.0142 188 488 257 516
D00 0.0141 226 478 301 508
D00 0.0140 297 504 431 658
D00 0.0138 395 533 421 602
D00 0.0137 362 495 413 603
D00 0.0137 2 535 257 706
D00 0.0137 542 569 594 674
D00 0.0136 161 521 314 647
D00 0.0136 614 0 720 180
D00 0.0135 302 632 365 720
D00 0.0134 111 631 195 714
D00 0.0133 442 608 490 710
D00 0.0130 580 530 720 670
D00 0.0129 333 650 394 709
D00 0.0129 361 579 409 688
D00 0.0127 0 633 58 720
D00 0.0124 201 495 301 544
D00 0.0124 507 543 593 689
D00 0.0123 204 494 359 621
D00 0.0122 533 523 682 703
D00 0.0120 529 559 617 701
D00 0.0120 334 560 488 707
D00 0.0120 0 569 39 611
D00 0.0118 162 585 262 716
D00 0.0118 316 540 387 668
D00 0.0118 340 497 436 619
D00 0.0117 436 521 539 709
D00 0.0116 7 563 186 634
D00 0.0116 357 568 397 653
D00 0.0116 682 681 720 720
D00 0.0116 98 594 203 695
D00 0.0115 138 484 423 711
D00 0.0115 532 562 607 640
D00 0.0115 362 649 390 708
D00 0.0114 312 495 395 529
D00 0.0113 191 651 267 720
D00 0.0112 486 524 570 676
D00 0.0112 597 543 715 599
D00 0.0112 389 542 424 625
D00 0.0110 397 533 474 698
D00 0.0110 298 681 389 719
D00 0.0109 365 477 455 641
D00 0.0106 201 491 365 560
D00 0.0106 486 528 536 624
D00 0.0106 465 496 514 590
D00 0.0105 14 607 90 714
D00 0.0105 305 662 409 714
D00 0.0105 423 535 500 697
D00 0.0104 395 512 441 614
D00 0.0104 342 488 408 514
D00 0.0104 132 565 265 629
D00 0.0104 494 576 561 695
D00 0.0103 475 555 538 682
D00 0.0103 0 565 61 635
D00 0.0103 47 641 126 720
D00 0.0102 373 566 403 633
D00 0.0102 380 492 416 581
D00 0.0101 663 598 720 696
D00 0.0101 611 554 680 583
D00 0.0100 245 491 368 532
D00 0.0100 431 642 505 709
D00 0.0100 512 510 574 538
D00 0.0100 119 576 225 669
D00 0.0100 0 551 118 651
D10 0.0300 203 482 309 521
D10 0.0212 191 493 279 523
D10 0.0152 458 489 524 512
D10 0.0150 323 633 452 700
D10 0.0144 187 470 387 537
D10 0.0141 338 658 489 708
D10 0.0125 453 482 551 521
D10 0.0115 463 494 542 527
D10 0.0108 346 625 531 704
D20 0.0333 146 571 490 713
D20 0.0295 237 560 720 717
D20 0.0285 429 588 696 709
D20 0.0281 218 603 422 715
D20 0.0272 535 608 720 714
D20 0.0250 272 590 573 705
D20 0.0245 136 505 656 697
D20 0.0227 294 558 432 710
D20 0.0203 498 563 707 679
D20 0.0187 389 547 661 687
D20 0.0180 218 543 418 664
D20 0.0178 516 534 720 623
D20 0.0172 265 633 476 717
D20 0.0172 459 562 611 702
D20 0.0164 0 550 289 720
D20 0.0158 0 0 489 353
D20 0.0155 201 0 720 353
D20 0.0151 377 611 608 707
D20 0.0149 0 374 489 720
D20 0.0143 0 142 348 720
D20 0.0143 200 374 720 720
D20 0.0139 326 603 447 709
D20 0.0139 457 500 720 712
D20 0.0137 375 142 720 720
D20 0.0136 42 512 417 720
D20 0.0135 514 576 637 696
D20 0.0134 547 0 720 273
D20 0.0131 0 0 175 267
D20 0.0131 0 256 37 350
D20 0.0129 0 0 720 521
D20 0.0128 468 619 646 702
D20 0.0127 217 488 418 576
D20 0.0125 547 546 691 601
D20 0.0125 498 555 659 640
D20 0.0123 364 658 513 708
D20 0.0122 328 529 512 701
D20 0.0121 0 174 720 720
D20 0.0116 533 520 707 584
D20 0.0115 464 0 720 174
D20 0.0115 0 631 147 720
D20 0.0114 447 602 568 706
D20 0.0113 482 516 627 648
D20 0.0113 424 645 595 713
D20 0.0111 594 35 720 417
D20 0.0111 304 610 393 720
D20 0.0110 266 494 417 626
D20 0.0108 0 0 318 215
D20 0.0107 630 111 720 369
D20 0.0106 219 470 515 709
D20 0.0103 631 578 720 720
D20 0.0103 0 457 180 720
D20 0.0100 345 477 635 720
D40 0.0591 40 576 384 716
D40 0.0453 67 606 267 717
D40 0.0343 39 644 217 718
D40 0.0315 153 564 365 679
D40 0.0308 0 609 192 718
D40 0.0305 192 603 414 716
D40 0.0260 127 568 292 709
D40 0.0251 100 628 237 705
D40 0.0251 197 547 410 660
D40 0.0248 282 655 410 711
D40 0.0245 176 558 341 640
D40 0.0241 559 644 720 718
D40 0.0233 115 641 293 719
D40 0.0231 303 615 394 708
D40 0.0213 617 642 699 717
D40 0.0198 73 661 184 719
D40 0.0198 5 553 265 687
D40 0.0188 210 574 312 630
D40 0.0177 238 628 379 703
D40 0.0177 317 657 461 709
D40 0.0171 75 619 182 710
D40 0.0170 159 614 263 707
D40 0.0169 263 575 393 705
D40 0.0168 18 628 151 705
D40 0.0167 515 620 696 705
D40 0.0166 0 569 155 677
D40 0.0163 208 655 363 713
D40 0.0163 211 583 352 649
D40 0.0162 3 652 127 717
D40 0.0160 169 582 302 650
D40 0.0160 208 476 394 531
D40 0.0159 200 536 364 619
D40 0.0154 468 489 534 513
D40 0.0154 304 622 475 706
D40 0.0151 233 565 373 626
D40 0.0150 59 502 421 687
D40 0.0149 110 662 229 719
D40 0.0147 292 670 381 715
D40 0.0147 124 534 312 634
D40 0.0145 126 603 256 681
D40 0.0140 0 620 88 672
D40 0.0137 628 668 711 715
D40 0.0137 166 603 300 677
D40 0.0136 185 629 332 701
D40 0.0133 150 522 245 564
D40 0.0132 342 617 430 705
D40 0.0132 529 656 680 711
D40 0.0130 203 487 406 574
D40 0.0130 294 501 395 546
D40 0.0130 176 566 288 621
D40 0.0127 4 595 103 688
D40 0.0126 556 593 712 692
D40 0.0126 593 659 689 703
D40 0.0125 469 497 534 523
D40 0.0124 212 603 354 678
D40 0.0123 0 585 120 649
D40 0.0121 46 676 156 720
D40 0.0119 0 449 632 720
D40 0.0118 216 462 385 507
D40 0.0117 549 585 656 640
D40 0.0116 271 643 358 720
D40 0.0115 245 573 323 645
D40 0.0115 535 572 699 665
D40 0.0114 0 566 121 626
D40 0.0113 146 596 247 654
D40 0.0112 569 544 634 570
D40 0.0112 212 557 314 612
D40 0.0112 562 546 667 593
D40 0.0111 0 651 64 720
D40 0.0110 0 578 39 620
D40 0.0109 304 568 395 671
D40 0.0109 135 677 256 720
D40 0.0108 175 481 307 528
D40 0.0107 0 631 61 660
D40 0.0107 168 510 269 557
D40 0.0107 292 590 436 695
D40 0.0106 377 656 499 704
D40 0.0106 0 575 56 606
D40 0.0105 115 649 186 713
D40 0.0105 254 677 369 720
D40 0.0105 0 586 65 662
D40 0.0105 318 675 387 708
D40 0.0104 105 680 193 720
D40 0.0104 158 555 262 609
D40 0.0104 0 535 180 621
D40 0.0104 159 532 253 579
D40 0.0104 158 575 262 634
D40 0.0103 513 519 576 548
D40 0.0102 376 624 556 703
D40 0.0102 643 656 691 706
D40 0.0102 174 531 241 557
D40 0.0102 121 587 232 643
D40 0.0101 559 533 620 557
D40 0.0101 463 491 563 533
D40 0.0100 303 480 402 522
D40 0.0100 527 614 621 701
D40 0.0100 145 508 329 607
D40 0.0100 321 659 400 704
D40 0.0100 468 640 581 696
D40 0.0100 297 687 370 717
