D00 0.1296 345 604 390 720
D00 0.1119 335 557 427 711
D00 0.0964 348 578 404 695
D00 0.0769 334 579 382 697
D00 0.0662 353 617 380 698
D00 0.0619 348 633 429 720
D00 0.0572 168 625 225 720
D00 0.0552 359 588 442 682
D00 0.0542 378 636 460 720
D00 0.0540 241 655 312 720
D00 0.0536 343 549 394 669
D00 0.0511 353 653 382 718
D00 0.0496 312 606 404 710
D00 0.0487 317 644 394 720
D00 0.0478 150 605 277 714
D00 0.0469 358 553 418 667
D00 0.0469 360 629 388 708
D00 0.0441 255 678 297 720
D00 0.0437 200 547 308 720
D00 0.0428 252 545 296 645
D00 0.0413 303 513 414 698
D00 0.0412 351 525 406 641
D00 0.0408 180 597 231 698
D00 0.0391 163 644 354 718
D00 0.0385 351 588 382 669
D00 0.0382 410 640 502 717
D00 0.0382 216 604 346 715
D00 0.0371 285 559 381 713
D00 0.0367 129 652 266 713
D00 0.0365 247 675 351 720
D00 0.0363 182 627 214 693
D00 0.0363 401 658 466 717
D00 0.0347 262 565 289 634
D00 0.0346 225 577 286 708
D00 0.0344 451 603 584 714
D00 0.0341 333 521 380 638
D00 0.0340 343 598 371 678
D00 0.0335 286 649 426 711
D00 0.0332 358 597 392 677
D00 0.0331 198 582 269 707
D00 0.0330 342 508 393 600
D00 0.0324 341 667 394 720
D00 0.0312 158 657 217 718
D00 0.0311 111 626 239 720
D00 0.0308 447 600 506 711
D00 0.0307 231 653 382 713
D00 0.0298 339 556 375 658
D00 0.0298 250 573 308 709
D00 0.0291 207 640 304 717
D00 0.0291 130 569 217 714
D00 0.0285 263 686 330 718
D00 0.0280 242 565 290 672
D00 0.0278 387 612 437 703
D00 0.0269 337 514 374 593
D00 0.0267 401 681 492 718
D00 0.0264 385 593 483 710
D00 0.0262 351 518 405 577
D00 0.0261 326 599 368 692
D00 0.0261 360 513 416 599
D00 0.0261 496 640 573 718
D00 0.0258 246 527 361 720
D00 0.0258 267 534 301 626
D00 0.0256 350 525 381 588
D00 0.0255 443 638 530 718
D00 0.0251 360 673 477 720
D00 0.0247 343 630 374 706
D00 0.0246 416 565 485 648
D00 0.0246 209 681 300 720
D00 0.0245 410 679 457 718
D00 0.0245 366 590 406 664
D00 0.0245 190 616 221 684
D00 0.0245 435 583 499 677
D00 0.0241 237 691 311 720
D00 0.0239 418 670 511 714
D00 0.0239 260 653 291 717
D00 0.0238 359 527 394 587
D00 0.0235 267 639 327 720
D00 0.0231 258 525 292 614
D00 0.0230 268 663 301 719
D00 0.0226 367 571 432 644
D00 0.0226 456 593 537 674
D00 0.0224 171 647 205 712
D00 0.0223 365 534 410 580
D00 0.0223 473 652 610 714
D00 0.0223 162 584 216 696
D00 0.0223 270 574 337 708
D00 0.0219 146 672 247 720
D00 0.0218 281 673 397 720
D00 0.0218 28 556 182 720
D00 0.0217 424 552 468 635
D00 0.0216 226 538 333 676
D00 0.0215 359 571 394 646
D00 0.0211 394 591 447 674
D00 0.0209 404 646 440 713
D00 0.0206 375 539 422 625
D00 0.0206 251 567 281 634
D00 0.0203 348 686 407 718
D00 0.0203 365 516 407 557
D00 0.0203 331 671 433 720
D00 0.0202 290 617 364 718
D00 0.0201 437 688 516 715
D00 0.0201 181 647 249 711
D00 0.0200 447 663 571 718
D00 0.0198 229 527 285 649
D00 0.0197 101 664 218 718
D00 0.0197 308 578 428 657
D00 0.0194 273 523 392 656
D00 0.0194 172 540 258 695
D00 0.0192 270 544 317 648
D00 0.0192 359 529 414 562
D00 0.0192 192 571 243 685
D00 0.0191 404 550 464 608
D00 0.0191 164 678 209 720
D00 0.0190 425 556 467 597
D00 0.0190 313 529 400 631
D00 0.0188 247 630 286 717
D00 0.0187 474 622 647 710
D00 0.0187 378 583 416 653
D00 0.0186 482 615 562 702
D00 0.0186 351 543 381 618
D00 0.0185 365 621 402 694
D00 0.0183 325 686 387 717
D00 0.0182 459 611 495 678
D00 0.0182 438 575 472 638
D00 0.0181 392 535 454 627
D00 0.0180 508 0 709 292
D00 0.0180 394 625 467 694
D00 0.0180 266 575 300 662
D00 0.0178 148 638 214 703
D00 0.0176 449 684 549 719
D00 0.0176 262 506 307 608
D00 0.0174 497 648 683 719
D00 0.0174 321 513 370 613
D00 0.0173 439 549 470 604
D00 0.0171 54 626 200 720
D00 0.0170 399 547 447 588
D00 0.0170 75 562 209 688
D00 0.0169 521 660 587 718
D00 0.0169 635 686 720 720
D00 0.0168 349 510 383 566
D00 0.0168 387 533 432 604
D00 0.0167 408 577 463 654
D00 0.0167 173 562 222 670
D00 0.0166 356 653 408 705
D00 0.0165 0 641 67 720
D00 0.0164 513 608 585 714
D00 0.0164 434 568 473 611
D00 0.0163 114 604 186 713
D00 0.0163 328 569 364 666
D00 0.0163 380 521 414 575
D00 0.0161 371 687 450 717
D00 0.0161 0 540 47 638
D00 0.0161 360 545 393 618
D00 0.0160 448 594 485 659
D00 0.0160 326 506 363 582
D00 0.0157 91 640 174 719
D00 0.0156 342 542 369 616
D00 0.0156 181 666 229 713
D00 0.0156 370 558 404 633
D00 0.0155 257 598 291 694
D00 0.0155 490 587 534 667
D00 0.0151 192 660 268 717
D00 0.0151 7 603 99 720
D00 0.0150 420 624 495 693
D00 0.0150 324 527 421 587
D00 0.0150 233 560 276 639
D00 0.0149 379 610 419 681
D00 0.0147 280 688 360 717
D00 0.0147 124 545 269 719
D00 0.0146 511 675 621 720
D00 0.0146 197 523 276 667
D00 0.0145 55 551 132 628
D00 0.0144 459 635 495 704
D00 0.0144 173 687 240 718
D00 0.0144 342 528 396 562
D00 0.0143 490 681 576 720
D00 0.0143 241 508 287 605
D00 0.0143 173 617 205 685
D00 0.0141 340 519 395 549
D00 0.0141 231 669 285 714
D00 0.0141 239 549 289 615
D00 0.0140 277 673 314 720
D00 0.0140 428 652 482 717
D00 0.0139 193 590 221 665
D00 0.0139 566 659 708 714
D00 0.0138 418 541 454 593
D00 0.0137 334 513 375 556
D00 0.0136 468 602 507 668
D00 0.0136 355 506 397 545
D00 0.0135 502 604 547 688
D00 0.0134 197 626 232 690
D00 0.0134 450 623 487 693
D00 0.0134 272 524 298 591
D00 0.0134 152 519 215 550
D00 0.0134 416 561 454 625
D00 0.0134 129 687 201 718
D00 0.0133 443 557 482 594
D00 0.0133 109 606 236 682
D00 0.0133 336 697 396 720
D00 0.0132 251 537 279 603
D00 0.0131 278 524 313 609
D00 0.0131 346 644 416 691
D00 0.0130 306 583 361 690
D00 0.0130 73 677 192 720
D00 0.0129 343 539 396 573
D00 0.0129 449 676 523 710
D00 0.0129 442 582 485 626
D00 0.0128 453 652 504 717
D00 0.0128 400 697 467 720
D00 0.0128 238 529 313 627
D00 0.0127 311 501 383 572
D00 0.0127 145 504 222 544
D00 0.0127 483 595 519 659
D00 0.0125 84 579 162 701
D00 0.0125 459 587 494 650
D00 0.0125 321 667 373 712
D00 0.0124 203 560 256 665
D00 0.0124 100 539 191 572
D00 0.0124 511 667 561 713
D00 0.0123 184 590 212 665
D00 0.0122 563 14 720 216
D00 0.0121 329 632 364 703
D00 0.0121 448 563 480 621
D00 0.0120 139 531 206 558
D00 0.0120 267 616 304 706
D00 0.0120 463 623 534 690
D00 0.0120 506 595 538 658
D00 0.0120 367 665 428 714
D00 0.0119 445 600 525 649
D00 0.0119 189 561 226 645
D00 0.0119 650 655 720 720
D00 0.0119 376 635 419 703
D00 0.0119 249 665 306 698
D00 0.0119 416 602 473 685
D00 0.0119 496 579 527 635
D00 0.0118 145 692 224 720
D00 0.0118 535 63 669 320
D00 0.0118 445 577 505 636
D00 0.0118 590 681 706 720
D00 0.0117 1 486 137 681
D00 0.0117 261 515 288 577
D00 0.0117 421 521 471 605
D00 0.0117 274 698 342 720
D00 0.0117 387 526 431 567
D00 0.0117 57 598 135 711
D00 0.0116 294 512 359 628
D00 0.0115 545 684 636 720
D00 0.0115 349 607 416 659
D00 0.0114 234 588 275 678
D00 0.0114 517 638 552 704
D00 0.0114 0 674 93 720
D00 0.0114 155 607 200 693
D00 0.0114 345 662 391 698
D00 0.0114 425 586 478 617
D00 0.0114 348 578 387 628
D00 0.0113 416 574 468 602
D00 0.0112 205 604 250 688
D00 0.0112 521 618 566 703
D00 0.0112 364 668 402 720
D00 0.0110 331 497 400 560
D00 0.0110 193 688 271 718
D00 0.0110 532 687 601 718
D00 0.0109 205 555 284 630
D00 0.0109 163 532 228 557
D00 0.0109 262 502 341 643
D00 0.0109 282 554 309 624
D00 0.0109 283 533 330 640
D00 0.0108 525 602 698 716
D00 0.0108 610 690 685 718
D00 0.0108 140 641 192 717
D00 0.0108 403 560 442 627
D00 0.0108 391 559 428 629
D00 0.0107 136 549 204 668
D00 0.0107 128 535 250 635
D00 0.0106 328 498 357 551
D00 0.0106 330 533 359 597
D00 0.0106 461 573 534 644
D00 0.0106 97 688 167 717
D00 0.0106 444 565 505 589
D00 0.0105 220 697 290 720
D00 0.0105 326 509 385 537
D00 0.0105 64 654 152 720
D00 0.0105 120 515 205 554
D00 0.0105 252 597 279 669
D00 0.0104 235 529 273 608
D00 0.0104 542 634 683 699
D00 0.0104 251 516 278 575
D00 0.0103 388 662 451 699
D00 0.0103 535 630 606 720
D00 0.0103 436 575 490 601
D00 0.0102 0 650 34 713
D00 0.0102 307 546 359 657
D00 0.0102 602 638 720 720
D00 0.0101 464 593 512 638
D00 0.0101 221 569 262 653
D00 0.0101 335 632 402 681
D00 0.0101 265 518 334 596
D00 0.0100 0 607 47 710
D00 0.0100 353 698 423 720
D00 0.0100 166 572 206 658
D00 0.0100 429 698 504 720
D10 0.0380 333 647 469 712
D10 0.0362 64 545 157 575
D10 0.0287 8 538 143 579
D10 0.0228 46 524 224 582
D10 0.0227 47 546 132 568
D10 0.0207 335 555 444 631
D10 0.0201 346 673 489 720
D10 0.0201 370 552 430 582
D10 0.0196 54 528 170 570
D10 0.0194 30 547 145 594
D10 0.0190 359 633 439 682
D10 0.0188 174 641 298 701
D10 0.0178 361 540 417 573
D10 0.0177 329 536 439 605
D10 0.0174 265 661 436 720
D10 0.0174 8 501 194 568
D10 0.0167 379 562 444 591
D10 0.0150 357 652 420 684
D10 0.0150 378 641 440 672
D10 0.0147 0 539 82 575
D10 0.0138 16 544 108 567
D10 0.0138 79 535 160 560
D10 0.0138 21 531 128 565
D10 0.0137 195 605 319 681
D10 0.0136 380 629 442 662
D10 0.0132 364 561 420 590
D10 0.0131 189 653 266 684
D10 0.0131 182 664 251 695
D10 0.0131 91 529 187 563
D10 0.0129 295 656 385 704
D10 0.0129 241 604 377 681
D10 0.0129 359 628 420 662
D10 0.0126 211 565 276 592
D10 0.0125 354 550 408 580
D10 0.0125 369 616 433 651
D10 0.0124 395 642 468 669
D10 0.0123 322 519 434 580
D10 0.0123 177 544 241 568
D10 0.0122 356 662 420 698
D10 0.0121 51 553 129 581
D10 0.0120 379 573 446 602
D10 0.0118 190 636 284 680
D10 0.0118 202 665 282 696
D10 0.0116 188 555 304 607
D10 0.0112 225 644 336 705
D10 0.0111 403 574 463 602
D10 0.0111 389 586 459 617
D10 0.0111 0 549 98 585
D10 0.0108 190 565 253 592
D10 0.0108 355 603 408 639
D10 0.0108 369 585 433 616
D10 0.0107 189 554 252 582
D10 0.0106 353 640 404 672
D10 0.0105 175 532 239 557
D10 0.0105 387 652 450 683
D10 0.0105 219 654 287 684
D10 0.0103 237 563 290 593
D10 0.0100 212 574 276 604
D10 0.0100 354 692 445 720
D10 0.0100 364 573 420 602
D20 0.3180 289 584 553 712
D20 0.2928 130 566 589 707
D20 0.2236 337 550 484 716
D20 0.1185 17 577 435 718
D20 0.0988 355 575 521 678
D20 0.0965 352 597 662 710
D20 0.0910 217 600 455 717
D20 0.0820 0 503 672 706
D20 0.0707 290 530 443 705
D20 0.0655 130 609 343 717
D20 0.0639 344 633 534 717
D20 0.0624 369 593 480 659
D20 0.0584 399 610 571 715
D20 0.0554 359 583 443 671
D20 0.0553 0 544 293 705
D20 0.0517 341 530 455 666
D20 0.0485 262 549 720 720
D20 0.0471 24 609 266 715
D20 0.0451 200 564 367 720
D20 0.0450 307 483 532 720
D20 0.0438 357 558 476 635
D20 0.0404 406 592 498 672
D20 0.0392 164 551 306 711
D20 0.0368 196 520 500 686
D20 0.0351 342 657 457 719
D20 0.0332 361 542 466 596
D20 0.0306 354 521 425 593
D20 0.0299 428 630 646 720
D20 0.0290 405 564 478 648
D20 0.0290 364 539 439 625
D20 0.0277 447 594 556 699
D20 0.0267 21 550 233 660
D20 0.0247 435 603 536 670
D20 0.0247 377 595 495 720
D20 0.0245 357 524 464 573
D20 0.0242 0 198 669 710
D20 0.0237 383 535 480 680
D20 0.0234 297 626 452 720
D20 0.0231 256 568 424 673
D20 0.0230 361 537 437 579
D20 0.0217 436 664 562 718
D20 0.0216 117 596 279 696
D20 0.0206 423 588 525 649
D20 0.0204 322 513 432 635
D20 0.0203 403 571 529 630
D20 0.0202 31 515 392 664
D20 0.0195 21 18 720 530
D20 0.0191 482 500 720 720
D20 0.0191 394 547 466 586
D20 0.0187 0 0 489 353
D20 0.0186 330 589 420 667
D20 0.0182 49 537 265 627
D20 0.0181 201 0 720 353
D20 0.0180 94 651 301 720
D20 0.0179 233 517 386 671
D20 0.0178 367 530 427 561
D20 0.0177 496 642 720 720
D20 0.0177 0 374 489 720
D20 0.0177 358 520 413 549
D20 0.0175 200 374 720 720
D20 0.0175 0 489 119 651
D20 0.0175 223 649 430 720
D20 0.0174 350 539 533 645
D20 0.0173 341 512 432 564
D20 0.0171 391 542 454 572
D20 0.0170 0 584 151 714
D20 0.0169 0 142 348 720
D20 0.0168 375 142 720 720
D20 0.0165 191 522 333 667
D20 0.0161 0 459 189 720
D20 0.0156 90 527 234 574
D20 0.0154 394 525 453 610
D20 0.0152 546 0 720 271
D20 0.0144 342 570 427 644
D20 0.0142 137 528 288 662
D20 0.0142 433 579 632 685
D20 0.0139 411 529 472 597
D20 0.0139 382 657 491 720
D20 0.0138 0 545 74 716
D20 0.0137 459 0 720 176
D20 0.0136 52 518 262 591
D20 0.0135 125 478 383 720
D20 0.0133 380 580 466 626
D20 0.0126 82 573 250 670
D20 0.0126 91 545 233 597
D20 0.0126 631 0 720 145
D20 0.0125 412 628 510 720
D20 0.0124 388 548 504 601
D20 0.0124 16 652 233 720
D20 0.0121 480 593 694 699
D20 0.0120 452 588 571 655
D20 0.0119 393 531 453 561
D20 0.0119 205 552 374 643
D20 0.0118 334 501 621 668
D20 0.0118 0 480 169 597
D20 0.0117 290 612 397 684
D20 0.0116 368 518 449 554
D20 0.0115 393 568 467 610
D20 0.0114 192 573 304 633
D20 0.0112 255 530 417 622
D20 0.0112 0 0 175 269
D20 0.0110 80 674 219 720
D20 0.0105 160 537 312 616
D20 0.0105 0 0 87 136
D40 0.1179 4 557 118 677
D40 0.1016 3 591 95 656
D40 0.0766 2 535 179 635
D40 0.0627 379 593 488 658
D40 0.0560 7 543 127 610
D40 0.0532 0 578 199 700
D40 0.0530 15 603 134 674
D40 0.0494 257 655 366 710
D40 0.0486 9 610 101 707
D40 0.0484 18 605 86 644
D40 0.0442 11 618 79 653
D40 0.0430 5 526 192 588
D40 0.0416 2 577 76 694
D40 0.0388 36 546 190 601
D40 0.0387 0 615 91 671
D40 0.0379 22 580 158 652
D40 0.0370 379 600 463 689
D40 0.0330 8 582 92 626
D40 0.0316 349 634 447 705
D40 0.0311 5 611 56 657
D40 0.0310 73 550 158 587
D40 0.0302 0 563 75 645
D40 0.0301 24 595 90 631
D40 0.0300 397 606 472 642
D40 0.0300 410 584 478 648
D40 0.0295 0 554 294 720
D40 0.0283 395 612 502 679
D40 0.0282 272 666 346 697
D40 0.0275 416 663 529 717
D40 0.0272 177 643 219 694
D40 0.0271 10 590 70 636
D40 0.0256 169 638 274 700
D40 0.0253 371 609 453 659
D40 0.0239 3 519 106 595
D40 0.0238 432 600 499 668
D40 0.0237 43 599 95 647
D40 0.0237 63 528 215 576
D40 0.0233 266 639 398 701
D40 0.0231 29 643 224 719
D40 0.0230 426 545 466 586
D40 0.0228 85 546 168 570
D40 0.0225 270 676 345 709
D40 0.0223 26 629 172 700
D40 0.0222 383 599 438 650
D40 0.0221 405 617 482 652
D40 0.0220 24 567 107 645
D40 0.0214 427 636 524 704
D40 0.0209 369 591 458 639
D40 0.0209 447 622 506 692
D40 0.0200 405 552 461 582
D40 0.0199 0 639 139 720
D40 0.0199 175 634 242 683
D40 0.0199 63 554 175 641
D40 0.0199 268 643 330 703
D40 0.0195 0 546 38 589
D40 0.0194 275 655 346 685
D40 0.0193 68 546 145 609
D40 0.0193 394 621 445 669
D40 0.0192 441 650 559 713
D40 0.0191 362 597 412 652
D40 0.0188 395 585 450 664
D40 0.0186 421 597 481 631
D40 0.0185 387 634 437 681
D40 0.0184 444 613 550 679
D40 0.0182 0 549 57 614
D40 0.0179 375 545 421 589
D40 0.0178 257 585 291 636
D40 0.0176 264 660 307 706
D40 0.0174 51 561 137 677
D40 0.0173 170 656 244 702
D40 0.0172 24 629 90 658
D40 0.0172 12 606 66 680
D40 0.0169 0 494 212 578
D40 0.0165 5 586 65 618
D40 0.0163 74 561 138 595
D40 0.0162 417 562 467 590
D40 0.0160 439 676 511 710
D40 0.0155 431 606 494 642
D40 0.0155 102 652 219 712
D40 0.0154 492 543 553 572
D40 0.0150 392 580 471 626
D40 0.0150 485 639 581 704
D40 0.0150 378 645 458 691
D40 0.0148 8 583 47 646
D40 0.0148 425 633 504 678
D40 0.0147 395 630 470 660
D40 0.0146 45 606 190 677
D40 0.0146 407 541 461 573
D40 0.0145 452 657 502 705
D40 0.0145 79 544 136 575
D40 0.0142 0 486 266 677
D40 0.0141 0 543 56 572
D40 0.0141 43 560 139 620
D40 0.0141 36 583 100 670
D40 0.0139 435 593 476 656
D40 0.0138 0 578 42 626
D40 0.0137 373 620 427 671
D40 0.0135 354 674 422 711
D40 0.0134 0 548 80 586
D40 0.0133 269 638 358 680
D40 0.0133 414 586 471 618
D40 0.0133 438 553 488 582
D40 0.0133 279 654 314 713
D40 0.0132 283 633 353 720
D40 0.0131 0 492 118 631
D40 0.0131 385 556 434 600
D40 0.0131 482 553 543 580
D40 0.0130 174 617 288 681
D40 0.0128 446 629 506 662
D40 0.0128 0 505 141 709
D40 0.0126 3 573 61 608
D40 0.0126 1 561 57 593
D40 0.0123 192 626 261 690
D40 0.0122 460 632 510 679
D40 0.0122 396 539 476 591
D40 0.0121 17 626 84 688
D40 0.0120 97 553 173 581
D40 0.0120 0 623 42 665
D40 0.0119 436 533 471 579
D40 0.0118 366 554 411 601
D40 0.0117 411 645 497 692
D40 0.0115 454 645 546 690
D40 0.0115 363 579 442 625
D40 0.0115 111 629 227 693
D40 0.0115 422 601 466 664
D40 0.0114 71 506 215 559
D40 0.0114 0 597 54 628
D40 0.0114 402 634 457 679
D40 0.0113 34 586 99 618
D40 0.0112 478 535 568 577
D40 0.0111 305 657 358 702
D40 0.0111 265 617 390 680
D40 0.0110 192 623 236 673
D40 0.0109 0 613 59 706
D40 0.0108 265 597 300 645
D40 0.0108 37 664 155 718
D40 0.0105 2 592 35 653
D40 0.0104 446 652 506 684
D40 0.0104 202 581 304 643
D40 0.0104 35 612 115 654
D40 0.0104 1 505 69 615
D40 0.0103 56 590 104 637
D40 0.0103 247 597 284 645
D40 0.0102 241 588 309 634
D40 0.0101 374 661 442 698
D40 0.0100 181 565 294 619
D40 0.0100 329 570 419 643
D40 0.0100 39 614 81 671
D40 0.0100 5 634 52 678
