D00 0.1013 349 583 403 690
D00 0.0870 309 574 424 685
D00 0.0674 372 599 403 673
D00 0.0619 356 558 423 676
D00 0.0610 360 610 394 677
D00 0.0567 330 538 445 671
D00 0.0527 376 580 414 670
D00 0.0501 248 615 424 690
D00 0.0477 84 519 237 712
D00 0.0455 339 626 399 682
D00 0.0448 324 579 405 657
D00 0.0447 325 603 446 675
D00 0.0439 359 484 467 683
D00 0.0414 312 547 388 671
D00 0.0391 193 615 257 720
D00 0.0368 284 602 495 691
D00 0.0355 333 591 384 679
D00 0.0350 383 513 447 652
D00 0.0342 355 599 400 649
D00 0.0339 142 427 230 466
D00 0.0334 155 515 256 695
D00 0.0313 119 496 247 623
D00 0.0311 362 634 404 679
D00 0.0305 374 534 495 661
D00 0.0299 300 613 404 679
D00 0.0296 296 640 407 687
D00 0.0294 374 574 444 681
D00 0.0293 282 505 380 671
D00 0.0290 406 510 468 647
D00 0.0288 98 505 207 658
D00 0.0284 184 546 278 708
D00 0.0280 368 590 408 640
D00 0.0275 308 623 428 713
D00 0.0274 156 624 244 712
D00 0.0271 341 639 412 705
D00 0.0271 337 652 399 680
D00 0.0269 345 582 473 660
D00 0.0250 324 485 417 653
D00 0.0250 385 571 427 651
D00 0.0249 180 501 254 570
D00 0.0243 355 616 430 684
D00 0.0240 337 584 372 646
D00 0.0239 169 432 222 470
D00 0.0238 310 562 424 636
D00 0.0238 335 425 371 466
D00 0.0231 417 494 499 656
D00 0.0229 286 581 377 685
D00 0.0229 346 527 435 629
D00 0.0216 169 512 237 594
D00 0.0213 197 505 237 582
D00 0.0213 163 419 253 457
D00 0.0213 198 668 257 720
D00 0.0211 194 500 321 705
D00 0.0209 302 530 398 629
D00 0.0209 6 515 102 720
D00 0.0208 175 502 290 551
D00 0.0206 156 490 237 560
D00 0.0205 294 477 369 502
D00 0.0203 118 527 196 618
D00 0.0201 117 559 177 660
D00 0.0200 166 495 292 617
D00 0.0199 337 630 482 686
D00 0.0195 168 514 242 555
D00 0.0194 410 528 477 605
D00 0.0193 351 637 387 687
D00 0.0191 424 535 463 618
D00 0.0186 221 509 288 538
D00 0.0183 319 478 388 504
D00 0.0182 190 684 248 717
D00 0.0181 322 567 370 642
D00 0.0180 143 610 211 710
D00 0.0179 396 507 452 604
D00 0.0178 345 544 407 651
D00 0.0176 272 654 396 700
D00 0.0175 196 510 264 539
D00 0.0174 383 416 556 686
D00 0.0171 362 599 429 645
D00 0.0171 34 433 214 703
D00 0.0169 217 513 356 647
D00 0.0169 113 492 225 576
D00 0.0168 285 466 360 493
D00 0.0168 413 544 455 633
D00 0.0167 210 506 273 559
D00 0.0166 202 509 254 617
D00 0.0166 323 654 453 707
D00 0.0165 397 462 478 615
D00 0.0165 205 512 250 554
D00 0.0165 128 554 180 623
D00 0.0164 184 504 231 546
D00 0.0163 349 421 378 469
D00 0.0162 181 428 251 473
D00 0.0159 441 473 521 637
D00 0.0159 391 598 422 666
D00 0.0158 313 652 401 719
D00 0.0157 399 557 442 641
D00 0.0157 152 421 222 452
D00 0.0157 186 520 229 567
D00 0.0155 307 486 380 512
D00 0.0155 24 549 82 691
D00 0.0154 233 499 296 547
D00 0.0154 133 517 220 600
D00 0.0153 267 544 348 668
D00 0.0153 153 443 235 484
D00 0.0153 316 518 371 622
D00 0.0152 399 575 470 679
D00 0.0152 90 534 171 667
D00 0.0152 139 455 241 583
D00 0.0151 148 563 219 666
D00 0.0151 427 544 481 648
D00 0.0151 357 687 440 720
D00 0.0148 338 616 393 650
D00 0.0148 6 550 61 688
D00 0.0146 379 625 412 680
D00 0.0145 275 482 366 516
D00 0.0145 430 470 491 597
D00 0.0145 68 485 201 587
D00 0.0145 46 520 175 714
D00 0.0144 327 656 405 693
D00 0.0142 283 555 372 627
D00 0.0142 293 506 349 609
D00 0.0142 201 499 234 554
D00 0.0141 187 489 248 543
D00 0.0141 282 485 359 560
D00 0.0140 345 577 383 638
D00 0.0139 423 504 463 592
D00 0.0138 384 483 440 582
D00 0.0137 170 610 224 691
D00 0.0137 140 513 266 581
D00 0.0137 199 497 288 534
D00 0.0135 180 532 235 642
D00 0.0135 204 433 255 468
D00 0.0134 224 534 292 672
D00 0.0134 326 592 365 656
D00 0.0134 215 660 281 714
D00 0.0134 350 595 468 720
D00 0.0133 448 423 584 656
D00 0.0133 358 576 396 640
D00 0.0133 409 298 614 696
D00 0.0131 207 682 292 720
D00 0.0131 370 616 418 650
D00 0.0130 417 537 450 599
D00 0.0129 100 508 185 587
D00 0.0129 338 669 421 720
D00 0.0126 331 564 396 628
D00 0.0126 4 479 156 691
D00 0.0126 462 496 549 654
D00 0.0126 243 490 329 554
D00 0.0126 264 666 375 712
D00 0.0126 367 629 419 666
D00 0.0125 322 465 382 493
D00 0.0125 278 611 386 720
D00 0.0124 333 444 373 482
D00 0.0123 135 581 191 663
D00 0.0122 127 504 225 545
D00 0.0122 164 444 248 506
D00 0.0121 411 492 452 580
D00 0.0121 435 527 491 625
D00 0.0121 166 472 246 535
D00 0.0121 305 494 382 573
D00 0.0120 390 536 433 626
D00 0.0120 469 387 648 675
D00 0.0119 102 517 165 623
D00 0.0118 198 485 268 588
D00 0.0117 289 473 375 529
D00 0.0117 261 506 339 582
D00 0.0117 299 493 341 571
D00 0.0117 358 481 429 599
D00 0.0116 390 591 450 652
D00 0.0116 190 531 241 601
D00 0.0115 241 498 312 527
D00 0.0113 164 415 227 488
D00 0.0113 186 423 226 466
D00 0.0112 454 447 513 569
D00 0.0112 511 499 592 660
D00 0.0111 359 561 416 631
D00 0.0111 225 500 259 550
D00 0.0110 437 536 469 599
D00 0.0110 311 454 374 500
D00 0.0110 226 504 303 578
D00 0.0109 337 429 385 476
D00 0.0109 166 624 205 695
D00 0.0109 489 473 568 640
D00 0.0108 349 438 379 488
D00 0.0108 396 484 470 565
D00 0.0108 356 538 470 606
D00 0.0108 533 522 615 667
D00 0.0108 325 549 382 616
D00 0.0108 512 620 623 668
D00 0.0107 316 479 396 542
D00 0.0107 243 680 353 720
D00 0.0106 102 580 162 685
D00 0.0106 410 427 508 601
D00 0.0106 378 607 436 638
D00 0.0106 358 647 395 699
D00 0.0106 175 496 237 528
D00 0.0106 476 466 535 594
D00 0.0106 451 494 503 593
D00 0.0105 301 685 388 720
D00 0.0104 343 458 384 497
D00 0.0104 353 473 396 509
D00 0.0104 354 436 392 472
D00 0.0104 247 491 281 539
D00 0.0104 328 419 373 452
D00 0.0103 340 494 419 572
D00 0.0103 283 473 336 505
D00 0.0102 182 450 249 481
D00 0.0102 374 626 446 718
D00 0.0102 245 496 319 616
D00 0.0102 42 550 109 690
D00 0.0102 396 464 426 516
D00 0.0101 425 576 495 678
D00 0.0101 253 492 342 530
D00 0.0101 406 514 439 580
D00 0.0100 359 670 472 715
D00 0.0100 213 520 244 588
D10 0.0340 279 643 408 688
D10 0.0299 152 473 239 504
D10 0.0256 180 477 255 499
D10 0.0244 342 642 446 685
D10 0.0240 262 478 339 501
D10 0.0240 292 581 381 623
D10 0.0230 341 487 414 512
D10 0.0230 162 469 274 509
D10 0.0217 323 587 388 618
D10 0.0215 129 567 207 614
D10 0.0214 162 465 229 493
D10 0.0211 123 468 230 512
D10 0.0205 142 453 247 501
D10 0.0205 275 474 368 505
D10 0.0202 115 578 188 621
D10 0.0201 302 654 393 681
D10 0.0197 89 498 222 559
D10 0.0195 429 623 632 690
D10 0.0193 362 644 423 675
D10 0.0190 139 477 215 500
D10 0.0188 74 473 237 546
D10 0.0188 321 480 441 520
D10 0.0187 335 606 395 638
D10 0.0183 173 461 261 497
D10 0.0181 204 477 281 498
D10 0.0179 352 622 567 690
D10 0.0179 301 576 369 607
D10 0.0178 230 478 305 499
D10 0.0175 309 483 401 515
D10 0.0174 127 625 210 667
D10 0.0168 331 479 398 505
D10 0.0167 129 594 187 625
D10 0.0166 139 480 277 535
D10 0.0165 142 514 231 554
D10 0.0160 261 486 338 512
D10 0.0159 377 487 444 513
D10 0.0158 262 564 378 618
D10 0.0156 298 623 396 671
D10 0.0155 300 596 375 629
D10 0.0155 154 482 237 517
D10 0.0147 314 572 395 614
D10 0.0144 134 563 194 599
D10 0.0143 255 479 365 521
D10 0.0143 326 617 390 649
D10 0.0142 290 644 383 675
D10 0.0141 366 655 443 679
D10 0.0139 135 621 203 652
D10 0.0138 223 472 343 507
D10 0.0138 267 467 337 493
D10 0.0136 104 514 199 554
D10 0.0136 281 660 387 694
D10 0.0136 110 517 220 577
D10 0.0135 232 488 304 513
D10 0.0134 206 466 276 493
D10 0.0134 340 656 482 708
D10 0.0132 183 486 253 512
D10 0.0129 353 478 423 506
D10 0.0128 95 619 204 678
D10 0.0127 352 633 483 679
D10 0.0125 292 540 412 606
D10 0.0123 344 491 436 526
D10 0.0123 390 496 453 523
D10 0.0123 298 607 377 640
D10 0.0123 134 546 215 591
D10 0.0123 390 482 473 519
D10 0.0121 360 649 559 714
D10 0.0120 107 479 224 527
D10 0.0112 333 495 400 522
D10 0.0111 67 518 133 544
D10 0.0111 245 467 312 493
D10 0.0109 207 488 280 513
D10 0.0109 108 614 191 659
D10 0.0108 26 463 248 583
D10 0.0107 123 460 213 494
D10 0.0107 138 486 214 512
D10 0.0107 139 534 260 603
D10 0.0107 436 649 627 714
D10 0.0107 279 586 355 614
D10 0.0106 411 496 473 524
D10 0.0106 165 527 227 560
D10 0.0103 185 482 302 524
D10 0.0103 378 476 442 506
D10 0.0102 379 652 481 683
D10 0.0101 381 485 488 538
D10 0.0101 53 508 152 555
D10 0.0100 143 585 213 615
D10 0.0100 423 486 481 515
D20 0.3001 46 525 513 706
D20 0.1620 192 517 680 688
D20 0.1547 87 579 421 700
D20 0.1352 218 563 431 684
D20 0.1033 0 470 683 719
D20 0.0975 102 556 259 715
D20 0.0968 16 555 323 719
D20 0.0965 232 582 583 688
D20 0.0828 263 528 487 687
D20 0.0770 340 545 642 675
D20 0.0633 124 496 439 668
D20 0.0614 97 498 242 664
D20 0.0582 288 544 415 672
D20 0.0533 248 603 408 678
D20 0.0486 310 570 464 673
D20 0.0484 125 623 439 714
D20 0.0470 316 583 399 669
D20 0.0450 152 424 261 466
D20 0.0433 391 583 676 692
D20 0.0404 355 521 516 671
D20 0.0384 385 574 587 661
D20 0.0381 16 490 297 676
D20 0.0380 274 485 429 652
D20 0.0366 122 429 228 474
D20 0.0361 336 595 535 675
D20 0.0361 168 488 395 582
D20 0.0358 142 516 311 697
D20 0.0334 282 583 391 644
D20 0.0332 91 483 277 595
D20 0.0332 44 532 203 717
D20 0.0331 426 598 630 672
D20 0.0317 118 498 343 615
D20 0.0314 125 553 200 625
D20 0.0313 182 480 378 540
D20 0.0307 14 625 274 720
D20 0.0307 24 437 499 662
D20 0.0303 181 603 546 720
D20 0.0301 108 424 266 491
D20 0.0297 255 439 559 694
D20 0.0293 201 430 269 455
D20 0.0292 122 472 349 556
D20 0.0279 376 440 720 712
D20 0.0268 21 198 720 710
D20 0.0267 442 522 604 664
D20 0.0264 178 460 376 515
D20 0.0262 292 481 495 596
D20 0.0254 253 481 403 529
D20 0.0254 253 464 401 508
D20 0.0253 193 466 519 625
D20 0.0251 123 447 338 526
D20 0.0249 245 476 465 554
D20 0.0244 176 415 670 649
D20 0.0238 363 584 505 657
D20 0.0237 416 533 548 655
D20 0.0228 314 559 378 649
D20 0.0227 244 516 381 649
D20 0.0226 61 465 252 562
D20 0.0225 314 430 366 461
D20 0.0224 280 433 373 473
D20 0.0220 151 434 297 487
D20 0.0216 0 18 669 530
D20 0.0212 80 438 264 531
D20 0.0208 284 460 462 516
D20 0.0206 124 568 189 670
D20 0.0199 0 413 234 720
D20 0.0198 324 478 463 531
D20 0.0197 300 440 365 467
D20 0.0196 134 426 361 498
D20 0.0194 295 529 444 624
D20 0.0193 336 494 539 624
D20 0.0193 0 0 489 353
D20 0.0190 310 626 611 720
D20 0.0189 212 500 320 546
D20 0.0188 471 497 702 687
D20 0.0186 136 407 302 471
D20 0.0186 201 0 720 353
D20 0.0185 0 582 169 714
D20 0.0184 491 545 644 676
D20 0.0182 24 515 218 643
D20 0.0180 109 512 230 586
D20 0.0179 132 528 216 611
D20 0.0177 480 585 614 656
D20 0.0177 375 142 720 720
D20 0.0176 137 455 276 509
D20 0.0175 183 430 281 472
D20 0.0172 0 142 348 720
D20 0.0166 267 445 369 487
D20 0.0166 232 489 344 536
D20 0.0164 182 414 280 454
D20 0.0163 243 564 389 633
D20 0.0161 125 609 212 689
D20 0.0159 302 566 408 626
D20 0.0159 502 609 639 669
D20 0.0157 360 460 469 633
D20 0.0156 234 495 378 555
D20 0.0156 159 499 304 557
D20 0.0156 279 463 367 496
D20 0.0156 250 504 412 598
D20 0.0155 310 450 519 532
D20 0.0154 316 435 382 470
D20 0.0149 216 420 276 448
D20 0.0147 546 0 720 271
D20 0.0145 282 432 347 458
D20 0.0144 204 439 269 465
D20 0.0144 358 602 465 665
D20 0.0141 308 470 424 512
D20 0.0138 394 561 526 635
D20 0.0138 89 570 191 631
D20 0.0137 459 0 720 175
D20 0.0136 394 419 617 657
D20 0.0135 367 467 478 516
D20 0.0134 437 561 572 636
D20 0.0133 200 439 352 488
D20 0.0132 213 482 328 523
D20 0.0132 182 457 300 499
D20 0.0131 230 598 379 720
D20 0.0131 179 475 282 545
D20 0.0131 407 607 564 693
D20 0.0131 289 452 359 480
D20 0.0131 236 460 351 499
D20 0.0128 284 493 419 554
D20 0.0127 480 622 661 691
D20 0.0126 147 421 271 562
D20 0.0126 0 515 126 697
D20 0.0125 510 582 720 699
D20 0.0124 379 459 491 568
D20 0.0123 0 0 175 273
D20 0.0121 228 426 274 457
D20 0.0120 354 473 445 510
D20 0.0119 203 485 367 679
D20 0.0117 439 637 659 718
D20 0.0117 67 480 170 526
D20 0.0117 346 485 440 576
D20 0.0117 414 561 507 685
D20 0.0116 344 456 457 504
D20 0.0114 137 611 253 720
D20 0.0114 242 436 405 494
D20 0.0114 432 473 570 639
D20 0.0110 330 427 395 465
D20 0.0110 290 556 360 647
D20 0.0110 536 580 654 682
D20 0.0110 298 455 402 500
D20 0.0109 546 364 720 720
D20 0.0109 508 547 595 650
D20 0.0109 345 441 402 468
D20 0.0109 371 477 450 546
D20 0.0108 81 364 312 715
D20 0.0104 265 438 342 470
D20 0.0104 184 446 267 485
D20 0.0104 286 584 361 680
D20 0.0103 632 0 720 139
D20 0.0103 418 0 720 501
D20 0.0102 447 555 518 665
D20 0.0101 456 565 558 684
D20 0.0100 293 417 364 454
D20 0.0100 302 440 395 486
D40 0.1952 142 611 391 707
D40 0.1438 135 587 291 714
D40 0.1369 165 627 303 702
D40 0.0871 179 609 341 682
D40 0.0870 201 596 417 687
D40 0.0725 193 612 264 693
D40 0.0689 119 553 252 698
D40 0.0639 189 652 369 706
D40 0.0600 172 601 251 710
D40 0.0585 196 637 262 719
D40 0.0584 134 647 262 712
D40 0.0526 122 609 233 709
D40 0.0512 163 579 362 670
D40 0.0498 239 617 375 691
D40 0.0485 204 622 272 670
D40 0.0474 154 573 258 673
D40 0.0464 49 624 319 720
D40 0.0443 67 551 379 720
D40 0.0400 209 657 253 705
D40 0.0392 160 427 251 463
D40 0.0391 211 632 256 684
D40 0.0379 210 621 268 650
D40 0.0369 214 605 291 705
D40 0.0367 115 546 224 648
D40 0.0361 161 588 299 654
D40 0.0358 124 569 205 631
D40 0.0357 188 561 323 715
D40 0.0357 176 616 259 660
D40 0.0350 189 430 262 457
D40 0.0346 354 645 399 682
D40 0.0326 130 577 180 621
D40 0.0326 206 646 271 693
D40 0.0324 223 644 353 693
D40 0.0320 183 666 253 716
D40 0.0299 160 438 230 466
D40 0.0293 324 584 389 646
D40 0.0280 340 640 428 685
D40 0.0277 86 508 154 537
D40 0.0268 131 434 222 471
D40 0.0259 95 407 256 474
D40 0.0254 76 549 209 692
D40 0.0253 137 608 241 670
D40 0.0251 218 616 306 655
D40 0.0250 261 652 364 688
D40 0.0250 262 605 390 665
D40 0.0248 85 498 151 527
D40 0.0245 209 659 292 702
D40 0.0244 70 500 173 546
D40 0.0243 251 641 425 708
D40 0.0239 100 634 208 715
D40 0.0239 128 580 209 665
D40 0.0234 331 581 378 626
D40 0.0221 200 610 279 646
D40 0.0220 144 669 235 713
D40 0.0220 333 596 396 630
D40 0.0215 358 654 427 679
D40 0.0215 156 661 313 720
D40 0.0209 220 607 262 681
D40 0.0207 17 598 230 717
D40 0.0202 249 661 350 696
D40 0.0200 108 427 206 464
D40 0.0197 239 586 321 693
D40 0.0196 335 620 535 690
D40 0.0196 348 591 415 638
D40 0.0195 216 635 307 680
D40 0.0193 133 415 237 462
D40 0.0192 134 587 190 634
D40 0.0191 58 493 220 567
D40 0.0188 292 590 383 636
D40 0.0187 130 550 196 612
D40 0.0184 141 550 314 643
D40 0.0183 88 509 196 562
D40 0.0181 404 596 520 649
D40 0.0181 103 534 218 609
D40 0.0179 219 640 278 675
D40 0.0174 60 490 159 534
D40 0.0174 80 610 185 708
D40 0.0173 201 619 242 683
D40 0.0170 271 639 381 680
D40 0.0169 139 559 260 626
D40 0.0167 16 533 164 708
D40 0.0163 170 631 252 681
D40 0.0163 230 600 351 654
D40 0.0162 341 664 434 716
D40 0.0161 371 635 415 678
D40 0.0160 153 591 223 685
D40 0.0160 204 675 352 720
D40 0.0157 223 612 331 720
D40 0.0157 348 657 421 693
D40 0.0157 360 583 463 645
D40 0.0155 163 620 235 652
D40 0.0154 115 423 229 491
D40 0.0154 160 624 214 670
D40 0.0154 117 440 195 469
D40 0.0154 178 685 242 716
D40 0.0152 87 518 155 546
D40 0.0151 195 652 251 686
D40 0.0150 138 601 218 649
D40 0.0149 193 638 252 673
D40 0.0149 239 624 335 666
D40 0.0149 262 629 339 685
D40 0.0147 368 580 409 629
D40 0.0145 229 625 266 691
D40 0.0144 191 649 231 712
D40 0.0144 112 384 266 457
D40 0.0143 185 612 252 640
D40 0.0143 226 629 295 661
D40 0.0141 229 608 271 648
D40 0.0141 76 487 136 516
D40 0.0140 321 571 368 615
D40 0.0139 432 606 549 658
D40 0.0139 165 639 236 720
D40 0.0138 307 580 364 623
D40 0.0137 408 571 484 647
D40 0.0137 204 418 257 453
D40 0.0137 222 655 301 685
D40 0.0135 269 576 365 650
D40 0.0135 91 413 199 457
D40 0.0134 30 474 196 541
D40 0.0132 148 615 205 659
D40 0.0131 170 657 227 704
D40 0.0131 132 618 204 680
D40 0.0130 107 593 190 677
D40 0.0129 107 675 217 720
D40 0.0129 314 565 416 627
D40 0.0129 150 686 225 715
D40 0.0129 44 653 180 713
D40 0.0129 343 586 404 618
D40 0.0129 152 449 220 479
D40 0.0127 182 605 235 679
D40 0.0127 114 473 227 549
D40 0.0125 234 664 406 720
D40 0.0122 92 494 186 533
D40 0.0120 85 454 225 511
D40 0.0119 389 602 478 643
D40 0.0119 131 660 201 714
D40 0.0118 214 675 283 708
D40 0.0118 425 609 491 639
D40 0.0118 352 482 398 516
D40 0.0118 125 570 162 630
D40 0.0118 424 600 465 644
D40 0.0117 231 553 339 647
D40 0.0114 15 564 89 670
D40 0.0114 183 409 270 460
D40 0.0113 319 610 376 657
D40 0.0113 42 525 198 622
D40 0.0113 33 417 241 503
D40 0.0113 57 508 120 537
D40 0.0112 373 605 496 659
D40 0.0112 282 615 366 675
D40 0.0112 278 665 364 691
D40 0.0111 399 480 442 519
D40 0.0111 114 421 193 449
D40 0.0110 58 566 158 670
D40 0.0110 93 480 214 527
D40 0.0110 88 580 188 644
D40 0.0110 249 620 324 650
D40 0.0109 131 598 180 648
D40 0.0109 306 600 366 646
D40 0.0109 72 492 121 531
D40 0.0109 230 612 295 641
D40 0.0108 401 430 465 456
D40 0.0107 235 654 319 701
D40 0.0107 64 680 176 720
D40 0.0105 288 624 372 711
D40 0.0105 229 649 266 708
D40 0.0104 400 618 520 668
D40 0.0104 128 687 200 715
D40 0.0103 162 610 232 641
D40 0.0102 417 592 500 635
D40 0.0101 187 564 331 627
D40 0.0101 164 412 228 479
D40 0.0101 94 488 162 515
D40 0.0101 376 481 422 518
D40 0.0101 223 672 329 707
D40 0.0100 112 446 204 480
