D00 0.0398 373 473 404 527
D00 0.0351 451 541 505 641
D00 0.0267 364 485 418 516
D00 0.0253 409 534 560 690
D00 0.0242 362 473 394 526
D00 0.0240 474 556 635 717
D00 0.0234 462 568 496 634
D00 0.0233 359 467 425 532
D00 0.0228 518 632 569 720
D00 0.0221 441 526 528 665
D00 0.0221 380 480 414 535
D00 0.0218 376 471 419 512
D00 0.0207 524 688 583 718
D00 0.0207 462 548 551 712
D00 0.0203 371 481 449 520
D00 0.0198 325 586 473 720
D00 0.0195 572 583 703 706
D00 0.0191 372 494 427 526
D00 0.0188 0 628 55 720
D00 0.0180 381 539 505 656
D00 0.0178 0 430 36 518
D00 0.0175 459 560 531 644
D00 0.0174 429 577 589 720
D00 0.0173 388 499 539 634
D00 0.0173 526 655 603 720
D00 0.0170 4 562 99 710
D00 0.0170 506 580 595 719
D00 0.0167 428 552 496 675
D00 0.0167 511 626 644 720
D00 0.0163 368 687 454 720
D00 0.0160 452 558 487 626
D00 0.0160 274 584 319 682
D00 0.0158 358 560 481 677
D00 0.0157 365 489 416 547
D00 0.0155 422 540 496 622
D00 0.0153 492 569 562 703
D00 0.0151 470 579 505 641
D00 0.0151 314 628 437 720
D00 0.0150 529 564 664 690
D00 0.0150 360 579 426 701
D00 0.0148 533 670 573 717
D00 0.0148 352 475 408 507
D00 0.0146 452 568 518 699
D00 0.0144 533 684 621 720
D00 0.0140 283 603 311 666
D00 0.0140 324 446 361 481
D00 0.0140 337 645 502 720
D00 0.0139 401 480 484 517
D00 0.0135 625 603 703 711
D00 0.0135 351 471 381 527
D00 0.0133 389 474 425 525
D00 0.0133 362 455 418 508
D00 0.0132 340 601 406 716
D00 0.0132 405 557 526 635
D00 0.0132 355 475 482 532
D00 0.0131 327 509 480 649
D00 0.0130 387 475 454 506
D00 0.0130 395 596 526 715
D00 0.0129 379 599 447 715
D00 0.0129 2 417 32 478
D00 0.0129 272 612 322 720
D00 0.0128 345 505 526 718
D00 0.0128 35 507 176 705
D00 0.0127 126 525 173 623
D00 0.0127 320 566 436 681
D00 0.0127 534 601 609 714
D00 0.0126 340 463 395 517
D00 0.0126 456 555 499 604
D00 0.0122 355 469 405 559
D00 0.0121 415 516 509 597
D00 0.0121 134 513 251 617
D00 0.0121 253 590 411 720
D00 0.0120 364 578 442 647
D00 0.0119 364 471 515 591
D00 0.0119 400 574 472 697
D00 0.0119 371 657 450 720
D00 0.0118 329 449 357 500
D00 0.0118 148 538 280 603
D00 0.0117 168 504 331 626
D00 0.0117 0 557 54 669
D00 0.0116 437 547 481 632
D00 0.0116 340 458 455 546
D00 0.0116 533 698 598 720
D00 0.0116 616 577 707 670
D00 0.0115 403 525 475 638
D00 0.0115 340 460 368 517
D00 0.0115 555 582 637 705
D00 0.0114 433 484 499 514
D00 0.0114 308 569 393 714
D00 0.0113 115 511 163 603
D00 0.0113 329 629 383 720
D00 0.0113 372 506 428 538
D00 0.0112 117 516 220 707
D00 0.0112 322 679 444 720
D00 0.0112 472 580 527 676
D00 0.0111 528 651 560 715
D00 0.0111 2 457 132 677
D00 0.0111 498 537 598 674
D00 0.0110 150 526 340 693
D00 0.0110 125 536 155 599
D00 0.0110 650 583 718 701
D00 0.0109 1 413 218 720
D00 0.0109 364 494 462 545
D00 0.0109 243 629 366 720
D00 0.0108 371 487 461 628
D00 0.0107 136 544 165 609
D00 0.0107 356 459 399 499
D00 0.0106 1 647 34 714
D00 0.0106 333 456 372 495
D00 0.0106 415 478 612 710
D00 0.0106 342 582 393 684
D00 0.0105 301 485 454 616
D00 0.0104 342 480 396 537
D00 0.0104 382 680 499 720
D00 0.0103 450 542 485 602
D00 0.0103 152 527 222 605
D00 0.0102 300 467 480 706
D00 0.0102 358 630 419 720
D00 0.0102 216 495 338 597
D00 0.0102 386 495 452 525
D00 0.0102 330 469 356 529
D00 0.0102 533 559 608 639
D00 0.0102 176 645 345 720
D00 0.0101 205 573 357 716
D00 0.0101 293 602 320 667
D00 0.0101 14 623 89 720
D00 0.0101 222 508 379 635
D00 0.0101 587 606 665 694
D00 0.0100 0 355 70 513
D00 0.0100 38 473 273 674
D00 0.0100 263 586 343 720
D00 0.0100 344 488 497 558
D10 0.0181 354 598 461 648
D10 0.0148 0 629 89 688
D10 0.0138 151 552 311 627
D10 0.0132 383 608 496 657
D10 0.0127 162 540 300 601
D10 0.0110 8 642 69 672
D10 0.0107 363 609 426 638
D10 0.0105 374 498 503 551
D10 0.0102 209 543 340 598
D10 0.0101 363 508 464 555
D10 0.0100 161 523 380 617
D20 0.0607 393 569 705 718
D20 0.0468 230 527 672 709
D20 0.0421 513 604 719 717
D20 0.0365 353 544 624 690
D20 0.0339 22 472 658 713
D20 0.0312 0 549 507 720
D20 0.0295 301 583 587 710
D20 0.0281 431 528 580 669
D20 0.0236 328 545 535 657
D20 0.0233 460 549 671 662
D20 0.0220 203 588 492 710
D20 0.0210 0 582 130 719
D20 0.0200 389 516 642 637
D20 0.0195 133 499 331 601
D20 0.0194 280 503 601 656
D20 0.0193 0 567 277 720
D20 0.0192 364 475 461 525
D20 0.0190 345 563 497 713
D20 0.0186 345 628 620 720
D20 0.0176 110 588 389 710
D20 0.0163 0 0 489 353
D20 0.0161 201 0 720 353
D20 0.0160 159 545 436 683
D20 0.0155 269 633 486 720
D20 0.0155 49 485 460 671
D20 0.0154 498 498 720 720
D20 0.0152 0 431 41 532
D20 0.0148 0 142 348 720
D20 0.0148 200 374 720 720
D20 0.0145 390 532 544 624
D20 0.0142 375 142 720 720
D20 0.0142 71 543 333 681
D20 0.0140 173 480 385 580
D20 0.0140 219 464 439 551
D20 0.0138 16 522 196 695
D20 0.0133 0 0 720 521
D20 0.0130 557 570 720 687
D20 0.0130 0 198 669 710
D20 0.0129 170 634 400 720
D20 0.0126 0 531 89 705
D20 0.0126 304 461 504 545
D20 0.0125 0 0 175 272
D20 0.0122 547 0 720 272
D20 0.0121 631 0 720 143
D20 0.0121 304 536 459 671
D20 0.0119 0 631 203 720
D20 0.0118 484 529 610 686
D20 0.0118 0 436 338 719
D20 0.0115 332 467 431 517
D20 0.0112 69 630 333 720
D20 0.0110 483 580 639 720
D20 0.0110 329 502 522 607
D20 0.0108 392 452 639 720
D20 0.0108 208 508 481 632
D20 0.0104 166 516 299 588
D20 0.0104 597 615 720 710
D20 0.0103 547 674 689 720
D40 0.0297 529 641 706 718
D40 0.0270 248 454 322 479
D40 0.0239 487 665 577 718
D40 0.0235 497 585 667 720
D40 0.0234 365 599 470 648
D40 0.0226 2 433 32 497
D40 0.0216 431 533 582 625
D40 0.0209 235 446 340 484
D40 0.0205 377 610 445 639
D40 0.0200 455 568 520 646
D40 0.0194 462 550 627 644
D40 0.0187 563 616 678 709
D40 0.0186 614 665 717 717
D40 0.0184 378 465 482 514
D40 0.0184 510 654 650 714
D40 0.0182 406 567 563 661
D40 0.0181 505 687 567 717
D40 0.0176 440 525 566 583
D40 0.0175 466 587 508 637
D40 0.0173 2 455 33 520
D40 0.0170 259 464 334 487
D40 0.0169 240 438 328 472
D40 0.0167 523 670 565 716
D40 0.0167 6 614 100 707
D40 0.0165 386 619 453 646
D40 0.0164 584 650 691 711
D40 0.0162 489 570 656 666
D40 0.0159 443 542 541 598
D40 0.0159 413 466 515 514
D40 0.0158 613 614 710 709
D40 0.0157 455 592 546 652
D40 0.0154 523 615 625 710
D40 0.0154 286 454 352 478
D40 0.0153 8 441 41 510
D40 0.0150 0 432 49 532
D40 0.0149 367 455 459 505
D40 0.0149 476 543 610 609
D40 0.0149 424 632 648 720
D40 0.0147 634 685 717 720
D40 0.0146 360 468 517 535
D40 0.0145 476 565 574 666
D40 0.0143 3 436 93 522
D40 0.0141 236 452 295 477
D40 0.0140 460 538 543 578
D40 0.0138 400 495 557 562
D40 0.0137 3 481 45 522
D40 0.0137 0 639 134 720
D40 0.0136 360 592 523 681
D40 0.0134 0 428 165 528
D40 0.0134 242 457 350 495
D40 0.0133 454 590 611 688
D40 0.0133 378 583 507 647
D40 0.0132 533 561 690 640
D40 0.0128 543 591 652 694
D40 0.0128 475 598 519 646
D40 0.0127 386 516 541 594
D40 0.0124 0 471 111 532
D40 0.0124 426 490 610 577
D40 0.0123 407 604 454 644
D40 0.0123 422 475 486 507
D40 0.0122 398 475 465 506
D40 0.0120 456 504 586 553
D40 0.0119 486 613 574 709
D40 0.0118 410 477 546 527
D40 0.0117 455 547 500 590
D40 0.0117 506 543 670 617
D40 0.0117 373 449 450 485
D40 0.0117 236 441 294 469
D40 0.0115 388 463 454 494
D40 0.0114 397 616 570 709
D40 0.0113 440 587 529 685
D40 0.0112 326 453 382 477
D40 0.0111 271 442 343 470
D40 0.0111 458 552 520 580
D40 0.0111 460 518 664 606
D40 0.0109 400 460 480 500
D40 0.0109 571 657 660 701
D40 0.0109 0 590 79 689
D40 0.0109 566 576 673 670
D40 0.0108 231 421 338 463
D40 0.0108 348 482 533 574
D40 0.0107 478 547 563 588
D40 0.0107 0 447 35 480
D40 0.0106 519 583 624 642
D40 0.0106 371 464 431 493
D40 0.0106 0 391 103 550
D40 0.0106 371 616 468 672
D40 0.0104 633 677 701 710
D40 0.0104 0 496 52 525
D40 0.0102 568 674 704 720
D40 0.0102 420 535 519 589
D40 0.0102 0 429 356 624
D40 0.0101 356 440 559 523
D40 0.0101 339 444 440 492
D40 0.0100 470 528 550 567
