D00 0.0438 135 459 288 587
D00 0.0391 26 488 187 692
D00 0.0307 58 462 230 656
D00 0.0306 447 432 571 539
D00 0.0303 349 491 382 550
D00 0.0300 367 467 552 544
D00 0.0293 138 436 322 548
D00 0.0292 157 465 234 541
D00 0.0290 340 474 414 550
D00 0.0285 107 487 238 601
D00 0.0285 225 384 293 414
D00 0.0282 508 434 700 589
D00 0.0281 564 436 704 542
D00 0.0280 0 625 51 720
D00 0.0278 296 422 453 549
D00 0.0274 471 442 641 531
D00 0.0258 144 482 220 561
D00 0.0252 327 477 468 541
D00 0.0250 339 501 394 554
D00 0.0250 494 452 574 529
D00 0.0246 211 421 387 551
D00 0.0239 438 461 536 542
D00 0.0238 170 415 300 525
D00 0.0236 164 472 293 544
D00 0.0232 346 435 489 540
D00 0.0230 320 464 396 543
D00 0.0226 469 405 527 440
D00 0.0223 170 460 269 519
D00 0.0221 261 456 393 555
D00 0.0220 466 470 596 539
D00 0.0219 185 467 359 552
D00 0.0217 67 382 359 711
D00 0.0213 21 436 264 714
D00 0.0213 383 495 533 551
D00 0.0212 150 425 410 603
D00 0.0211 525 426 667 523
D00 0.0211 2 526 141 720
D00 0.0208 215 375 318 421
D00 0.0208 0 563 85 710
D00 0.0208 454 450 608 568
D00 0.0206 585 468 720 607
D00 0.0202 172 456 319 643
D00 0.0202 346 517 406 550
D00 0.0201 170 472 252 580
D00 0.0200 459 397 517 429
D00 0.0198 98 416 293 637
D00 0.0196 76 511 217 626
D00 0.0195 377 388 418 432
D00 0.0194 2 427 150 633
D00 0.0193 528 452 609 527
D00 0.0190 106 446 250 548
D00 0.0190 511 462 644 567
D00 0.0188 191 421 363 502
D00 0.0188 483 431 620 497
D00 0.0187 591 451 680 529
D00 0.0187 391 478 478 548
D00 0.0187 119 486 273 680
D00 0.0186 315 445 394 515
D00 0.0185 460 486 539 551
D00 0.0185 480 459 545 522
D00 0.0184 346 458 428 527
D00 0.0183 422 482 589 554
D00 0.0182 620 570 650 628
D00 0.0182 343 395 403 427
D00 0.0181 358 482 392 544
D00 0.0180 172 473 218 550
D00 0.0178 316 492 375 551
D00 0.0177 479 398 536 450
D00 0.0177 366 381 408 420
D00 0.0176 247 385 316 416
D00 0.0176 194 442 278 513
D00 0.0175 326 401 414 535
D00 0.0172 236 393 306 422
D00 0.0171 414 443 519 531
D00 0.0168 460 468 522 531
D00 0.0168 190 458 274 564
D00 0.0167 389 397 429 440
D00 0.0167 453 390 527 448
D00 0.0167 556 421 720 668
D00 0.0166 346 500 429 546
D00 0.0164 614 446 720 559
D00 0.0164 502 425 597 543
D00 0.0163 446 504 529 542
D00 0.0163 337 482 373 544
D00 0.0162 69 400 230 590
D00 0.0162 251 390 341 428
D00 0.0160 222 463 298 542
D00 0.0159 207 407 351 468
D00 0.0159 237 371 286 410
D00 0.0159 343 455 388 531
D00 0.0157 346 386 403 415
D00 0.0157 485 437 562 507
D00 0.0156 278 486 376 562
D00 0.0155 344 579 385 625
D00 0.0155 424 392 514 432
D00 0.0154 467 469 672 630
D00 0.0154 366 485 455 553
D00 0.0154 543 471 618 547
D00 0.0152 557 444 648 513
D00 0.0152 339 584 372 639
D00 0.0152 134 489 214 535
D00 0.0152 499 411 543 455
D00 0.0151 362 378 434 440
D00 0.0150 373 411 513 523
D00 0.0149 65 525 222 719
D00 0.0149 514 512 698 678
D00 0.0147 263 420 426 504
D00 0.0147 439 420 537 509
D00 0.0147 307 462 359 559
D00 0.0146 365 398 409 439
D00 0.0146 512 445 557 520
D00 0.0145 337 471 419 510
D00 0.0144 606 470 706 534
D00 0.0144 616 497 708 634
D00 0.0143 403 512 491 555
D00 0.0143 392 384 452 436
D00 0.0143 156 507 228 619
D00 0.0143 457 405 552 482
D00 0.0143 292 433 365 540
D00 0.0143 434 512 519 552
D00 0.0142 412 502 504 543
D00 0.0141 228 444 329 569
D00 0.0141 423 492 514 531
D00 0.0141 489 478 556 539
D00 0.0138 472 391 508 439
D00 0.0138 212 497 299 575
D00 0.0136 166 484 226 518
D00 0.0136 134 527 248 646
D00 0.0136 132 334 452 651
D00 0.0135 159 498 210 546
D00 0.0134 204 452 345 517
D00 0.0134 181 467 233 513
D00 0.0134 164 488 247 533
D00 0.0134 516 480 598 554
D00 0.0134 187 400 288 483
D00 0.0133 304 423 382 493
D00 0.0133 317 501 345 559
D00 0.0133 339 494 396 530
D00 0.0133 230 477 429 624
D00 0.0132 235 489 314 558
D00 0.0131 492 430 553 458
D00 0.0131 355 481 442 520
D00 0.0131 224 405 565 700
D00 0.0130 336 381 409 437
D00 0.0130 207 441 307 490
D00 0.0130 495 665 549 698
D00 0.0129 588 431 708 499
D00 0.0128 405 390 437 442
D00 0.0128 343 419 437 509
D00 0.0127 378 491 467 531
D00 0.0127 435 405 507 438
D00 0.0127 489 407 547 438
D00 0.0127 327 501 358 556
D00 0.0126 579 467 669 512
D00 0.0126 206 470 277 530
D00 0.0126 467 518 530 548
D00 0.0125 192 515 380 670
D00 0.0125 303 459 385 499
D00 0.0125 0 458 88 593
D00 0.0124 505 467 587 513
D00 0.0124 534 460 582 536
D00 0.0124 321 454 367 529
D00 0.0123 358 386 394 434
D00 0.0122 299 401 399 478
D00 0.0122 563 480 681 650
D00 0.0122 267 443 376 492
D00 0.0122 252 400 355 530
D00 0.0122 411 398 454 440
D00 0.0122 331 469 379 510
D00 0.0121 97 555 291 709
D00 0.0121 368 491 403 550
D00 0.0121 191 456 245 501
D00 0.0121 3 321 50 432
D00 0.0121 349 593 380 647
D00 0.0120 293 504 348 561
D00 0.0120 612 556 658 637
D00 0.0119 602 488 682 596
D00 0.0118 1 637 144 720
D00 0.0118 380 457 462 526
D00 0.0118 264 624 307 669
D00 0.0118 394 400 479 440
D00 0.0118 449 477 512 558
D00 0.0118 424 466 489 555
D00 0.0117 352 573 395 613
D00 0.0117 0 296 38 404
D00 0.0117 206 382 306 508
D00 0.0116 265 401 357 435
D00 0.0116 358 376 413 402
D00 0.0116 547 440 613 498
D00 0.0115 308 502 335 561
D00 0.0115 359 512 391 560
D00 0.0115 403 394 466 428
D00 0.0115 527 459 562 522
D00 0.0115 226 432 338 480
D00 0.0114 330 596 380 631
D00 0.0114 504 432 564 481
D00 0.0114 557 461 602 535
D00 0.0113 297 392 346 430
D00 0.0113 386 380 431 420
D00 0.0113 450 454 513 512
D00 0.0113 495 413 572 475
D00 0.0112 499 458 548 503
D00 0.0112 646 487 717 598
D00 0.0112 126 83 288 393
D00 0.0112 337 574 377 615
D00 0.0112 493 487 615 592
D00 0.0111 467 490 514 533
D00 0.0111 584 539 697 647
D00 0.0111 568 447 658 489
D00 0.0111 332 434 377 504
D00 0.0111 0 262 68 424
D00 0.0111 354 495 419 528
D00 0.0110 221 384 299 450
D00 0.0109 401 481 492 523
D00 0.0108 206 456 286 497
D00 0.0108 132 394 267 500
D00 0.0108 238 411 318 518
D00 0.0107 0 322 201 649
D00 0.0107 618 566 673 621
D00 0.0107 472 416 534 465
D00 0.0107 610 574 661 609
D00 0.0107 335 571 397 636
D00 0.0107 505 656 558 707
D00 0.0106 178 509 241 598
D00 0.0106 265 477 340 571
D00 0.0106 358 464 393 521
D00 0.0106 324 404 384 452
D00 0.0106 358 582 391 639
D00 0.0106 477 458 525 503
D00 0.0106 335 463 396 495
D00 0.0105 523 441 590 498
D00 0.0105 125 471 430 687
D00 0.0105 154 510 233 557
D00 0.0105 478 509 544 538
D00 0.0104 191 473 263 505
D00 0.0104 362 518 434 550
D00 0.0104 252 448 343 485
D00 0.0104 494 391 527 442
D00 0.0104 124 507 211 582
D00 0.0104 26 566 184 663
D00 0.0104 180 484 254 516
D00 0.0104 352 394 482 494
D00 0.0104 389 518 458 551
D00 0.0103 255 374 293 421
D00 0.0103 460 387 514 416
D00 0.0103 224 585 339 692
D00 0.0103 11 51 223 418
D00 0.0103 401 506 469 540
D00 0.0103 0 658 82 719
D00 0.0102 346 394 383 441
D00 0.0102 0 386 114 552
D00 0.0101 249 375 314 405
D00 0.0101 334 519 376 559
D00 0.0101 537 516 662 624
D00 0.0101 413 401 517 478
D00 0.0101 483 480 517 539
D00 0.0100 630 439 720 660
D00 0.0100 375 474 422 548
D00 0.0100 225 451 294 479
D00 0.0100 512 431 578 460
D00 0.0100 230 400 312 437
D00 0.0100 472 460 508 521
D00 0.0100 108 549 221 673
D10 0.0159 335 475 398 502
D10 0.0156 346 485 409 514
D10 0.0153 306 464 406 519
D10 0.0146 412 493 504 531
D10 0.0144 224 498 325 551
D10 0.0137 492 442 556 465
D10 0.0129 0 515 86 557
D10 0.0126 313 474 378 501
D10 0.0121 475 433 571 479
D10 0.0119 431 508 505 538
D10 0.0117 327 484 388 514
D10 0.0116 399 497 470 525
D10 0.0112 0 627 74 666
D10 0.0111 364 486 433 514
D10 0.0107 353 525 445 558
D10 0.0101 252 509 317 538
D10 0.0100 471 429 536 456
D20 0.0516 312 460 540 550
D20 0.0507 96 465 682 674
D20 0.0481 513 436 709 542
D20 0.0471 40 399 602 616
D20 0.0447 340 416 690 549
D20 0.0391 190 409 570 547
D20 0.0374 379 435 593 540
D20 0.0368 425 450 687 574
D20 0.0347 240 443 623 576
D20 0.0341 195 378 401 462
D20 0.0320 314 487 487 557
D20 0.0304 184 480 403 571
D20 0.0304 451 424 661 521
D20 0.0304 238 460 462 554
D20 0.0300 30 416 410 692
D20 0.0289 327 504 431 555
D20 0.0289 279 391 390 433
D20 0.0283 126 538 661 720
D20 0.0281 334 414 557 523
D20 0.0269 313 458 720 636
D20 0.0268 174 412 381 517
D20 0.0257 233 397 441 490
D20 0.0247 223 390 373 445
D20 0.0236 0 336 317 648
D20 0.0236 387 400 583 493
D20 0.0230 312 395 410 440
D20 0.0229 268 414 476 522
D20 0.0228 339 384 549 462
D20 0.0228 427 395 533 444
D20 0.0216 237 375 608 507
D20 0.0211 155 483 497 625
D20 0.0197 439 543 720 720
D20 0.0195 181 400 340 480
D20 0.0191 480 486 702 624
D20 0.0184 452 404 549 455
D20 0.0182 225 337 720 639
D20 0.0180 280 387 451 451
D20 0.0179 447 409 607 480
D20 0.0178 217 383 320 428
D20 0.0176 0 543 273 720
D20 0.0174 369 391 514 443
D20 0.0173 364 505 482 556
D20 0.0171 225 407 375 467
D20 0.0171 329 497 533 578
D20 0.0170 153 392 412 570
D20 0.0167 25 278 646 564
D20 0.0167 355 525 691 675
D20 0.0166 0 0 489 353
D20 0.0164 212 364 379 433
D20 0.0163 201 0 720 353
D20 0.0163 333 386 432 435
D20 0.0161 0 434 180 720
D20 0.0158 543 438 720 720
D20 0.0156 424 390 582 455
D20 0.0155 98 352 497 530
D20 0.0152 295 495 404 551
D20 0.0150 0 142 348 720
D20 0.0150 492 407 692 500
D20 0.0148 433 380 720 618
D20 0.0147 375 142 720 720
D20 0.0143 0 616 44 710
D20 0.0141 280 499 580 612
D20 0.0139 207 529 550 671
D20 0.0139 235 498 450 584
D20 0.0137 393 374 692 513
D20 0.0137 594 422 720 551
D20 0.0137 293 406 390 451
D20 0.0135 0 0 720 521
D20 0.0134 343 518 487 571
D20 0.0134 242 453 554 720
D20 0.0133 339 403 651 706
D20 0.0132 547 0 720 269
D20 0.0132 21 198 720 710
D20 0.0130 309 401 481 475
D20 0.0128 0 0 176 273
D20 0.0128 396 407 536 464
D20 0.0126 305 580 652 709
D20 0.0121 526 537 720 671
D20 0.0117 251 379 362 426
D20 0.0115 0 630 131 720
D20 0.0114 462 0 720 175
D20 0.0114 0 573 91 720
D20 0.0112 419 471 631 625
D20 0.0111 186 340 334 454
D20 0.0111 480 410 584 460
D20 0.0110 343 574 415 612
D20 0.0109 391 518 503 561
D20 0.0109 379 370 541 432
D20 0.0105 337 303 720 526
D20 0.0105 258 517 378 567
D20 0.0104 226 569 419 670
D20 0.0103 214 518 413 617
D20 0.0102 0 0 314 217
D20 0.0102 322 548 515 640
D20 0.0102 106 88 308 450
D20 0.0102 0 178 182 617
D20 0.0102 173 572 492 709
D40 0.0889 1 457 337 660
D40 0.0762 19 486 241 636
D40 0.0734 33 457 285 587
D40 0.0623 140 491 327 595
D40 0.0528 496 448 704 553
D40 0.0508 31 530 270 676
D40 0.0490 187 516 321 580
D40 0.0433 0 395 353 589
D40 0.0407 8 508 199 593
D40 0.0397 0 506 168 693
D40 0.0396 186 488 358 569
D40 0.0386 196 540 298 589
D40 0.0384 115 481 267 575
D40 0.0374 69 420 324 545
D40 0.0361 152 514 275 583
D40 0.0359 218 384 285 414
D40 0.0348 51 469 243 553
D40 0.0336 205 375 297 419
D40 0.0329 109 443 446 590
D40 0.0326 86 502 246 593
D40 0.0324 12 527 165 619
D40 0.0319 549 468 689 541
D40 0.0315 301 390 403 433
D40 0.0314 525 448 671 522
D40 0.0309 6 579 225 708
D40 0.0307 320 397 387 427
D40 0.0301 235 535 312 580
D40 0.0288 0 325 657 656
D40 0.0279 0 438 178 608
D40 0.0270 488 429 662 508
D40 0.0269 309 406 379 434
D40 0.0264 0 597 110 714
D40 0.0260 578 448 720 582
D40 0.0252 237 515 338 573
D40 0.0252 574 491 699 557
D40 0.0251 0 472 129 582
D40 0.0250 18 407 219 566
D40 0.0250 115 525 266 609
D40 0.0249 173 508 298 615
D40 0.0249 89 451 259 533
D40 0.0247 229 553 293 583
D40 0.0243 2 645 34 715
D40 0.0238 9 495 161 559
D40 0.0232 525 489 712 597
D40 0.0226 182 441 276 495
D40 0.0224 529 472 630 528
D40 0.0224 212 393 279 422
D40 0.0223 2 450 204 529
D40 0.0221 196 526 351 603
D40 0.0213 190 383 283 431
D40 0.0209 553 508 656 559
D40 0.0208 100 537 357 665
D40 0.0207 619 517 720 570
D40 0.0207 200 432 296 480
D40 0.0204 451 397 544 448
D40 0.0203 7 547 110 646
D40 0.0199 43 540 194 604
D40 0.0197 113 485 218 541
D40 0.0192 165 452 258 511
D40 0.0188 212 375 277 406
D40 0.0187 224 521 303 568
D40 0.0187 127 394 314 500
D40 0.0185 10 566 148 668
D40 0.0182 236 512 315 551
D40 0.0181 474 480 639 558
D40 0.0180 0 443 94 491
D40 0.0180 64 486 194 570
D40 0.0180 178 536 261 580
D40 0.0179 173 488 251 595
D40 0.0179 11 496 96 608
D40 0.0177 19 300 473 539
D40 0.0175 0 678 36 720
D40 0.0174 219 540 285 576
D40 0.0174 0 633 39 683
D40 0.0173 195 386 326 446
D40 0.0172 549 442 658 498
D40 0.0172 0 425 137 553
D40 0.0172 3 558 75 682
D40 0.0170 580 516 698 578
D40 0.0169 0 518 94 567
D40 0.0168 0 452 61 482
D40 0.0166 606 514 693 552
D40 0.0166 207 441 274 471
D40 0.0166 247 506 304 591
D40 0.0165 197 551 265 584
D40 0.0165 172 448 252 487
D40 0.0164 135 444 242 493
D40 0.0164 118 433 238 475
D40 0.0163 0 378 205 685
D40 0.0162 117 504 214 564
D40 0.0161 215 493 296 591
D40 0.0160 507 451 609 512
D40 0.0160 346 529 407 556
D40 0.0159 0 535 377 718
D40 0.0159 621 466 703 573
D40 0.0156 254 528 317 562
D40 0.0155 53 361 352 517
D40 0.0153 147 538 247 595
D40 0.0153 0 633 79 720
D40 0.0152 334 387 396 415
D40 0.0152 287 397 359 427
D40 0.0149 184 361 335 431
D40 0.0149 558 467 649 511
D40 0.0148 549 460 612 519
D40 0.0145 209 557 288 592
D40 0.0144 196 451 263 481
D40 0.0144 126 526 229 585
D40 0.0143 177 408 304 470
D40 0.0143 502 442 567 466
D40 0.0142 232 508 402 578
D40 0.0141 393 387 508 435
D40 0.0140 460 416 524 447
D40 0.0140 258 525 293 583
D40 0.0139 155 524 237 568
D40 0.0138 514 432 618 483
D40 0.0138 500 505 660 583
D40 0.0136 59 429 244 505
D40 0.0135 142 379 303 454
D40 0.0133 2 515 76 636
D40 0.0132 316 515 419 559
D40 0.0132 251 553 314 581
D40 0.0132 219 426 299 465
D40 0.0130 348 576 405 607
D40 0.0130 532 494 631 551
D40 0.0130 485 444 584 497
D40 0.0130 99 421 206 463
D40 0.0130 322 417 385 444
D40 0.0130 0 529 67 559
D40 0.0130 0 129 427 652
D40 0.0129 262 541 326 572
D40 0.0129 577 464 661 570
D40 0.0129 171 549 270 601
D40 0.0127 187 524 274 570
D40 0.0127 0 624 48 704
D40 0.0126 3 444 75 472
D40 0.0124 502 431 565 459
D40 0.0124 503 518 697 624
D40 0.0124 165 541 232 571
D40 0.0123 617 528 707 612
D40 0.0123 472 420 572 467
D40 0.0122 45 559 183 627
D40 0.0121 170 366 280 411
D40 0.0120 185 495 300 553
D40 0.0119 652 533 720 578
D40 0.0119 580 503 673 544
D40 0.0119 214 400 290 438
D40 0.0119 210 431 274 461
D40 0.0119 557 484 623 515
D40 0.0118 0 460 88 551
D40 0.0117 219 408 320 457
D40 0.0115 10 435 146 493
D40 0.0115 85 546 236 634
D40 0.0115 179 443 245 469
D40 0.0115 0 667 58 717
D40 0.0114 69 501 183 640
D40 0.0113 504 415 640 472
D40 0.0113 559 489 647 531
D40 0.0113 311 388 379 416
D40 0.0113 99 349 308 436
D40 0.0112 409 517 522 562
D40 0.0111 0 519 52 551
D40 0.0111 42 394 264 493
D40 0.0110 588 520 664 549
D40 0.0110 0 437 39 479
D40 0.0110 141 547 285 630
D40 0.0109 51 497 143 606
D40 0.0109 70 479 197 526
D40 0.0109 9 650 132 714
D40 0.0109 214 468 340 612
D40 0.0109 326 528 387 557
D40 0.0109 243 509 306 538
D40 0.0109 178 551 241 583
D40 0.0107 531 517 633 567
D40 0.0107 570 433 673 485
D40 0.0106 503 452 565 479
D40 0.0106 635 529 707 560
D40 0.0106 179 461 242 494
D40 0.0105 393 382 473 419
D40 0.0105 109 492 194 602
D40 0.0105 631 520 707 549
D40 0.0105 522 442 591 468
D40 0.0105 247 538 283 588
D40 0.0104 668 524 717 567
D40 0.0104 593 441 692 497
D40 0.0104 0 632 54 661
D40 0.0103 35 532 150 584
D40 0.0103 0 453 40 497
D40 0.0102 197 511 263 595
D40 0.0102 0 662 38 698
D40 0.0101 107 436 198 468
D40 0.0101 548 437 633 476
D40 0.0101 149 443 227 468
D40 0.0101 568 520 637 551
