D00 0.0512 0 639 64 715
D00 0.0509 0 604 181 712
D00 0.0386 0 627 126 700
D00 0.0312 4 648 53 692
D00 0.0309 0 611 68 692
D00 0.0253 55 569 222 707
D00 0.0251 0 579 95 720
D00 0.0248 6 579 192 663
D00 0.0224 5 648 146 715
D00 0.0209 339 505 368 564
D00 0.0193 264 563 344 712
D00 0.0184 0 538 166 694
D00 0.0179 80 566 296 675
D00 0.0178 3 665 51 714
D00 0.0177 57 561 230 642
D00 0.0172 3 656 84 700
D00 0.0169 107 585 276 720
D00 0.0168 331 478 377 573
D00 0.0168 208 542 356 701
D00 0.0166 4 635 87 683
D00 0.0164 589 584 720 718
D00 0.0161 89 573 165 649
D00 0.0161 0 630 38 690
D00 0.0158 244 623 363 720
D00 0.0153 292 579 353 703
D00 0.0147 665 628 720 720
D00 0.0145 0 672 87 720
D00 0.0145 38 597 162 682
D00 0.0143 102 582 195 719
D00 0.0142 146 568 330 711
D00 0.0142 271 618 345 696
D00 0.0140 101 561 179 629
D00 0.0137 44 627 187 699
D00 0.0136 242 522 326 678
D00 0.0135 407 570 457 672
D00 0.0135 385 482 414 546
D00 0.0134 73 604 208 672
D00 0.0133 653 578 717 702
D00 0.0132 349 494 377 558
D00 0.0132 116 544 340 655
D00 0.0132 398 557 476 709
D00 0.0130 274 506 373 696
D00 0.0128 54 639 224 720
D00 0.0128 273 535 334 665
D00 0.0127 251 581 319 702
D00 0.0127 375 475 425 567
D00 0.0127 259 652 389 714
D00 0.0127 333 499 402 567
D00 0.0125 124 639 199 720
D00 0.0124 112 575 218 660
D00 0.0124 622 613 709 709
D00 0.0124 5 624 53 674
D00 0.0123 660 689 718 719
D00 0.0123 0 587 104 657
D00 0.0123 384 507 415 562
D00 0.0123 497 387 713 720
D00 0.0123 395 481 423 545
D00 0.0122 559 643 720 720
D00 0.0122 678 594 720 697
D00 0.0120 378 540 457 692
D00 0.0119 20 516 284 638
D00 0.0119 364 582 512 720
D00 0.0118 311 515 448 708
D00 0.0117 626 678 720 720
D00 0.0117 330 514 360 571
D00 0.0115 12 567 158 634
D00 0.0115 0 678 41 720
D00 0.0113 113 564 262 629
D00 0.0113 226 529 302 605
D00 0.0113 295 534 353 664
D00 0.0113 382 516 445 631
D00 0.0112 0 663 36 696
D00 0.0112 299 627 342 704
D00 0.0112 541 500 677 707
D00 0.0111 127 642 313 720
D00 0.0111 90 572 171 612
D00 0.0111 361 496 424 603
D00 0.0111 299 563 386 710
D00 0.0111 139 566 236 709
D00 0.0110 0 474 269 701
D00 0.0109 248 651 329 720
D00 0.0108 291 637 365 718
D00 0.0108 77 561 178 684
D00 0.0107 200 523 321 633
D00 0.0107 335 514 371 588
D00 0.0106 418 592 467 697
D00 0.0105 396 558 450 643
D00 0.0105 373 483 403 546
D00 0.0105 0 640 31 714
D00 0.0103 355 486 395 563
D00 0.0103 369 498 410 565
D00 0.0103 611 515 717 690
D00 0.0102 319 496 370 557
D00 0.0102 127 514 339 605
D00 0.0101 117 375 161 473
D00 0.0100 615 0 720 167
D00 0.0100 687 647 718 713
D10 0.0242 4 611 119 666
D10 0.0179 378 526 458 562
D10 0.0165 17 601 154 651
D10 0.0163 346 535 433 569
D10 0.0154 8 607 97 647
D10 0.0142 7 648 101 690
D10 0.0141 9 620 73 649
D10 0.0141 365 575 465 625
D10 0.0121 389 520 447 553
D10 0.0118 114 585 259 648
D10 0.0116 26 621 116 649
D10 0.0116 9 663 78 694
D10 0.0116 8 652 125 710
D10 0.0115 661 398 720 423
D10 0.0112 8 628 70 665
D10 0.0111 372 496 427 523
D10 0.0111 96 607 208 663
D10 0.0108 190 653 336 714
D10 0.0107 382 484 437 514
D10 0.0106 560 403 644 436
D10 0.0105 30 619 150 674
D10 0.0102 389 539 448 566
D10 0.0101 279 630 413 699
D10 0.0100 30 611 116 640
D20 0.0440 0 571 327 719
D20 0.0370 43 502 598 697
D20 0.0347 0 573 192 679
D20 0.0282 109 571 448 720
D20 0.0239 235 546 718 720
D20 0.0232 171 607 389 715
D20 0.0215 244 586 503 711
D20 0.0199 0 626 245 720
D20 0.0191 36 556 250 653
D20 0.0177 205 543 454 689
D20 0.0167 0 0 489 353
D20 0.0163 201 0 720 353
D20 0.0158 0 374 489 720
D20 0.0157 302 508 538 707
D20 0.0156 222 641 385 720
D20 0.0154 0 499 348 679
D20 0.0152 346 524 486 669
D20 0.0152 200 374 720 720
D20 0.0152 0 142 348 720
D20 0.0150 346 483 482 617
D20 0.0146 333 588 601 710
D20 0.0146 375 142 720 720
D20 0.0146 105 630 341 720
D20 0.0142 263 618 436 708
D20 0.0140 333 509 445 562
D20 0.0138 0 603 110 720
D20 0.0136 0 0 720 521
D20 0.0136 0 0 175 266
D20 0.0136 546 0 720 274
D20 0.0134 503 491 720 720
D20 0.0133 86 534 301 632
D20 0.0133 325 463 522 559
D20 0.0132 0 198 669 710
D20 0.0128 369 485 452 571
D20 0.0126 366 560 507 710
D20 0.0124 0 537 205 635
D20 0.0124 147 561 361 684
D20 0.0124 276 469 671 675
D20 0.0122 373 501 453 644
D20 0.0122 0 455 179 720
D20 0.0120 374 500 427 581
D20 0.0120 382 473 437 505
D20 0.0119 514 633 720 720
D20 0.0118 0 0 318 215
D20 0.0114 0 527 112 693
D20 0.0113 431 589 683 711
D20 0.0112 366 465 434 538
D20 0.0112 286 547 400 720
D20 0.0111 372 465 426 494
D20 0.0110 466 0 720 174
D20 0.0110 352 467 431 592
D20 0.0109 392 502 634 706
D20 0.0108 304 505 447 643
D20 0.0108 251 487 465 578
D20 0.0107 359 544 563 654
D20 0.0106 358 518 469 580
D20 0.0106 298 633 529 720
D20 0.0104 379 467 418 511
D20 0.0101 389 478 426 521
D20 0.0101 285 595 456 687
D20 0.0100 331 488 412 571
D40 0.0399 368 532 430 559
D40 0.0248 345 521 452 566
D40 0.0221 345 531 412 560
D40 0.0201 380 518 436 568
D40 0.0194 394 586 453 614
D40 0.0177 356 540 423 565
D40 0.0163 335 521 371 566
D40 0.0157 395 418 453 448
D40 0.0157 377 575 472 626
D40 0.0136 359 519 420 554
D40 0.0129 322 524 394 565
D40 0.0124 101 566 200 620
D40 0.0118 337 540 397 567
D40 0.0116 403 577 461 609
D40 0.0116 391 410 486 452
D40 0.0109 359 527 419 577
D40 0.0107 405 573 438 627
D40 0.0107 321 509 428 563
D40 0.0106 10 605 109 675
D40 0.0101 373 517 404 568
D40 0.0101 391 571 435 614
D40 0.0100 52 576 164 632
