D00 0.0643 405 356 508 561
D00 0.0575 439 457 477 541
D00 0.0472 427 411 488 551
D00 0.0444 345 330 514 628
D00 0.0428 405 386 537 649
D00 0.0413 315 352 456 601
D00 0.0399 273 315 436 455
D00 0.0391 410 433 470 567
D00 0.0386 363 340 480 528
D00 0.0354 332 356 638 704
D00 0.0349 392 414 488 613
D00 0.0344 0 554 74 714
D00 0.0322 207 327 497 631
D00 0.0316 511 405 695 700
D00 0.0314 441 426 585 683
D00 0.0309 451 484 479 553
D00 0.0296 331 301 463 470
D00 0.0295 267 332 416 545
D00 0.0285 441 472 489 579
D00 0.0285 254 317 368 432
D00 0.0282 378 393 466 557
D00 0.0279 298 392 473 704
D00 0.0275 410 453 508 590
D00 0.0274 270 390 409 653
D00 0.0267 475 401 636 647
D00 0.0267 67 365 388 707
D00 0.0264 0 631 62 720
D00 0.0250 1 568 52 681
D00 0.0243 585 434 715 684
D00 0.0233 12 425 193 713
D00 0.0232 610 516 715 719
D00 0.0230 420 335 474 439
D00 0.0229 364 465 494 708
D00 0.0226 418 402 475 511
D00 0.0225 8 491 91 660
D00 0.0225 0 524 50 633
D00 0.0225 228 360 368 599
D00 0.0223 263 309 413 399
D00 0.0222 206 406 385 706
D00 0.0221 441 393 513 531
D00 0.0221 449 447 480 518
D00 0.0218 533 371 678 603
D00 0.0216 433 348 586 556
D00 0.0216 345 505 435 720
D00 0.0215 229 520 333 717
D00 0.0212 440 478 524 652
D00 0.0210 297 343 400 438
D00 0.0207 625 482 705 656
D00 0.0206 408 474 469 612
D00 0.0202 453 513 557 713
D00 0.0200 395 312 482 448
D00 0.0196 533 381 573 423
D00 0.0194 378 456 457 627
D00 0.0193 427 438 471 525
D00 0.0192 664 625 718 720
D00 0.0190 668 523 715 631
D00 0.0188 9 522 127 719
D00 0.0187 647 505 720 682
D00 0.0178 183 442 321 689
D00 0.0177 282 335 360 417
D00 0.0177 428 326 464 406
D00 0.0176 335 549 407 715
D00 0.0176 447 421 547 575
D00 0.0173 366 544 417 689
D00 0.0172 434 481 476 518
D00 0.0171 195 309 430 497
D00 0.0170 317 321 426 424
D00 0.0170 567 334 720 630
D00 0.0170 110 422 299 708
D00 0.0170 667 581 717 689
D00 0.0169 425 476 469 558
D00 0.0168 612 362 712 550
D00 0.0167 376 299 553 545
D00 0.0165 249 334 315 449
D00 0.0165 322 467 419 666
D00 0.0163 455 467 489 535
D00 0.0162 482 486 569 652
D00 0.0162 625 423 705 583
D00 0.0162 542 390 586 429
D00 0.0162 2 411 131 653
D00 0.0161 490 518 607 710
D00 0.0161 296 513 399 716
D00 0.0159 561 520 678 714
D00 0.0159 632 553 697 689
D00 0.0158 343 524 399 664
D00 0.0157 264 324 336 410
D00 0.0156 249 574 312 704
D00 0.0154 74 451 224 692
D00 0.0153 474 552 536 683
D00 0.0153 655 479 714 615
D00 0.0152 434 582 583 720
D00 0.0151 234 308 337 468
D00 0.0150 268 347 335 463
D00 0.0150 9 548 64 652
D00 0.0149 374 288 423 388
D00 0.0149 184 370 323 598
D00 0.0146 328 353 421 499
D00 0.0146 526 368 565 430
D00 0.0145 365 596 408 718
D00 0.0145 3 488 66 618
D00 0.0145 0 556 37 645
D00 0.0145 397 460 479 540
D00 0.0144 250 478 358 670
D00 0.0144 428 498 492 637
D00 0.0143 497 587 659 718
D00 0.0142 364 499 421 639
D00 0.0141 487 286 707 611
D00 0.0141 471 501 536 639
D00 0.0140 384 300 414 366
D00 0.0139 474 601 526 712
D00 0.0138 434 391 491 497
D00 0.0137 477 399 577 557
D00 0.0137 442 496 472 564
D00 0.0137 269 552 334 688
D00 0.0136 600 464 690 627
D00 0.0135 394 300 424 367
D00 0.0135 354 576 398 682
D00 0.0135 139 339 388 541
D00 0.0135 411 301 461 401
D00 0.0134 31 600 107 713
D00 0.0134 395 502 478 675
D00 0.0134 634 318 720 507
D00 0.0133 581 577 699 705
D00 0.0133 203 596 319 714
D00 0.0131 7 669 70 720
D00 0.0131 510 421 597 578
D00 0.0131 302 329 383 409
D00 0.0129 234 318 348 381
D00 0.0129 2 544 32 615
D00 0.0128 433 485 494 535
D00 0.0127 514 473 632 664
D00 0.0127 529 561 620 710
D00 0.0126 355 419 442 577
D00 0.0126 385 522 442 663
D00 0.0125 360 391 433 519
D00 0.0125 633 396 697 525
D00 0.0123 627 597 720 717
D00 0.0123 318 528 380 664
D00 0.0123 654 418 714 547
D00 0.0123 373 550 449 715
D00 0.0122 15 600 57 696
D00 0.0122 369 568 403 656
D00 0.0122 493 575 558 701
D00 0.0122 541 488 696 654
D00 0.0121 160 457 236 521
D00 0.0121 673 502 710 588
D00 0.0120 282 348 368 495
D00 0.0120 20 467 85 592
D00 0.0120 382 309 452 421
D00 0.0119 279 555 368 711
D00 0.0119 392 351 454 449
D00 0.0119 243 594 358 715
D00 0.0118 532 397 618 557
D00 0.0118 654 372 715 502
D00 0.0118 266 302 397 358
D00 0.0117 640 626 701 720
D00 0.0117 0 515 37 600
D00 0.0116 394 290 446 390
D00 0.0116 518 376 552 426
D00 0.0116 677 533 707 602
D00 0.0116 235 356 345 429
D00 0.0116 684 612 720 701
D00 0.0115 117 542 219 720
D00 0.0115 576 412 606 474
D00 0.0115 606 555 677 688
D00 0.0114 293 530 358 665
D00 0.0114 432 312 458 379
D00 0.0114 424 458 505 527
D00 0.0114 239 368 288 469
D00 0.0113 418 533 507 698
D00 0.0113 25 472 115 629
D00 0.0113 312 356 374 422
D00 0.0113 249 369 310 486
D00 0.0112 36 383 174 602
D00 0.0112 453 575 518 701
D00 0.0111 392 391 456 487
D00 0.0111 659 690 719 718
D00 0.0111 326 578 467 720
D00 0.0111 212 324 322 429
D00 0.0111 227 556 294 688
D00 0.0110 229 337 293 450
D00 0.0110 615 0 720 163
D00 0.0109 653 329 714 455
D00 0.0109 444 469 524 552
D00 0.0109 516 642 689 719
D00 0.0108 280 311 362 384
D00 0.0108 496 550 548 652
D00 0.0108 256 366 294 447
D00 0.0108 238 613 293 714
D00 0.0108 266 356 306 435
D00 0.0107 585 618 641 716
D00 0.0107 491 582 531 657
D00 0.0106 538 391 571 442
D00 0.0105 491 463 562 588
D00 0.0105 235 389 269 473
D00 0.0105 527 378 579 457
D00 0.0104 411 469 458 549
D00 0.0104 565 383 615 477
D00 0.0104 374 596 399 669
D00 0.0104 35 532 106 668
D00 0.0104 506 384 563 472
D00 0.0104 270 317 330 374
D00 0.0104 656 547 709 650
D00 0.0104 174 470 217 511
D00 0.0104 464 639 539 719
D00 0.0104 131 380 275 597
D00 0.0103 310 470 388 631
D00 0.0103 36 478 153 667
D00 0.0103 563 579 631 701
D00 0.0102 271 509 335 641
D00 0.0102 382 295 434 355
D00 0.0102 11 588 43 663
D00 0.0102 514 554 583 682
D00 0.0102 218 381 296 525
D00 0.0102 309 513 354 614
D00 0.0101 563 384 595 438
D00 0.0101 396 479 447 577
D00 0.0101 34 562 195 714
D00 0.0100 136 629 190 720
D00 0.0100 314 367 383 485
D00 0.0100 642 478 697 583
D00 0.0100 537 287 678 493
D10 0.0217 531 396 593 425
D10 0.0175 438 493 562 557
D10 0.0167 403 534 640 683
D10 0.0156 439 484 665 639
D10 0.0156 410 491 511 558
D10 0.0151 433 493 477 529
D10 0.0151 368 486 590 635
D10 0.0147 230 446 462 581
D10 0.0143 22 643 205 718
D10 0.0141 427 514 536 578
D10 0.0139 462 483 634 569
D10 0.0139 313 534 548 683
D10 0.0137 0 517 93 576
D10 0.0133 431 505 479 539
D10 0.0132 521 400 603 437
D10 0.0132 421 482 473 518
D10 0.0132 2 530 57 559
D10 0.0132 456 472 589 540
D10 0.0132 194 442 314 486
D10 0.0131 429 500 579 591
D10 0.0129 272 488 500 637
D10 0.0129 396 488 477 534
D10 0.0128 0 638 84 706
D10 0.0126 6 602 106 682
D10 0.0126 153 453 278 512
D10 0.0125 4 559 104 625
D10 0.0123 178 490 418 639
D10 0.0119 430 585 542 648
D10 0.0119 5 580 104 651
D10 0.0118 572 610 680 663
D10 0.0118 128 449 382 579
D10 0.0116 75 490 336 640
D10 0.0116 4 641 55 672
D10 0.0114 2 539 54 570
D10 0.0112 196 453 320 511
D10 0.0112 220 452 286 477
D10 0.0112 83 446 261 520
D10 0.0111 3 548 147 640
D10 0.0110 4 494 111 558
D10 0.0109 471 585 587 649
D10 0.0109 487 515 613 579
D10 0.0109 627 678 720 720
D10 0.0109 5 652 57 686
D10 0.0109 435 307 500 329
D10 0.0108 397 467 478 513
D10 0.0108 154 432 279 491
D10 0.0107 16 484 181 567
D10 0.0107 218 431 340 479
D10 0.0107 16 538 129 605
D10 0.0106 430 562 539 629
D10 0.0106 390 513 492 579
D10 0.0106 436 447 562 520
D10 0.0105 440 517 491 548
D10 0.0104 184 446 276 481
D10 0.0104 474 572 632 663
D10 0.0104 648 690 713 718
D10 0.0103 489 460 658 550
D10 0.0103 19 529 80 558
D10 0.0103 232 442 296 471
D10 0.0102 232 448 322 481
D10 0.0102 430 537 537 606
D10 0.0102 27 576 140 626
D10 0.0102 2 585 54 617
D10 0.0101 0 492 201 610
D10 0.0101 404 506 466 539
D10 0.0100 451 605 564 675
D10 0.0100 516 503 681 594
D20 0.0753 141 385 637 660
D20 0.0660 0 449 519 705
D20 0.0450 374 390 665 705
D20 0.0386 407 374 552 549
D20 0.0380 0 539 102 720
D20 0.0363 82 332 588 553
D20 0.0350 0 460 270 720
D20 0.0340 143 534 648 720
D20 0.0329 397 433 526 602
D20 0.0319 280 433 580 720
D20 0.0305 407 441 604 568
D20 0.0302 32 281 720 641
D20 0.0287 480 429 705 689
D20 0.0285 273 306 473 419
D20 0.0284 0 584 243 712
D20 0.0277 0 358 359 675
D20 0.0270 280 298 664 591
D20 0.0268 21 562 372 719
D20 0.0257 436 371 605 506
D20 0.0256 488 378 592 426
D20 0.0248 174 478 414 710
D20 0.0245 356 415 491 578
D20 0.0243 434 346 713 632
D20 0.0236 362 528 720 720
D20 0.0235 225 366 455 720
D20 0.0235 0 419 149 711
D20 0.0234 0 476 83 672
D20 0.0222 383 303 494 459
D20 0.0221 454 418 652 618
D20 0.0216 335 311 544 417
D20 0.0211 429 461 576 632
D20 0.0206 524 386 579 419
D20 0.0206 431 452 517 555
D20 0.0205 7 599 134 715
D20 0.0202 21 18 720 530
D20 0.0201 430 320 480 414
D20 0.0189 0 0 489 353
D20 0.0188 520 392 602 429
D20 0.0186 201 0 720 353
D20 0.0186 425 501 606 697
D20 0.0182 456 371 664 463
D20 0.0182 0 534 186 689
D20 0.0182 541 285 720 706
D20 0.0181 131 404 379 653
D20 0.0181 541 603 720 717
D20 0.0175 437 583 682 709
D20 0.0175 614 406 713 596
D20 0.0174 563 504 720 699
D20 0.0172 409 467 493 535
D20 0.0172 261 518 501 720
D20 0.0171 196 422 496 610
D20 0.0170 375 142 720 720
D20 0.0169 407 483 517 687
D20 0.0168 191 355 395 466
D20 0.0166 210 583 463 708
D20 0.0164 493 382 645 535
D20 0.0161 105 510 300 701
D20 0.0160 97 352 428 510
D20 0.0157 0 196 488 711
D20 0.0157 44 395 383 555
D20 0.0156 248 460 429 664
D20 0.0151 10 433 332 607
D20 0.0150 351 584 602 709
D20 0.0149 0 603 77 720
D20 0.0149 0 451 125 609
D20 0.0145 416 313 541 455
D20 0.0143 301 466 505 588
D20 0.0142 0 543 71 647
D20 0.0141 231 556 374 714
D20 0.0139 517 424 678 580
D20 0.0135 205 458 362 604
D20 0.0133 505 402 629 466
D20 0.0133 566 463 710 629
D20 0.0131 153 602 365 716
D20 0.0131 137 384 351 488
D20 0.0130 206 363 309 542
D20 0.0130 23 629 289 720
D20 0.0129 230 333 331 510
D20 0.0127 303 397 459 557
D20 0.0127 162 437 315 571
D20 0.0126 634 478 720 712
D20 0.0126 57 438 286 528
D20 0.0125 0 0 267 177
D20 0.0124 496 491 653 653
D20 0.0123 113 413 324 508
D20 0.0123 73 528 221 720
D20 0.0122 519 360 570 436
D20 0.0121 450 477 547 571
D20 0.0121 547 0 720 268
D20 0.0121 204 478 318 669
D20 0.0119 597 652 717 715
D20 0.0118 487 349 693 443
D20 0.0117 0 296 309 537
D20 0.0116 394 488 490 553
D20 0.0115 465 329 585 468
D20 0.0115 231 377 380 527
D20 0.0114 538 366 685 512
D20 0.0114 0 240 229 720
D20 0.0114 0 575 46 701
D20 0.0111 465 0 720 368
D20 0.0111 367 530 565 660
D20 0.0110 12 453 238 555
D20 0.0108 252 433 408 583
D20 0.0107 448 0 720 174
D20 0.0107 1 394 110 570
D20 0.0106 633 0 720 137
D20 0.0106 34 372 300 489
D20 0.0105 331 300 454 396
D20 0.0103 401 629 621 720
D20 0.0102 585 440 697 570
D20 0.0102 0 501 73 600
D20 0.0100 493 370 568 413
D40 0.0807 387 361 585 473
D40 0.0766 367 338 516 496
D40 0.0692 412 368 504 460
D40 0.0680 414 382 548 444
D40 0.0605 428 363 566 429
D40 0.0598 298 355 496 471
D40 0.0589 511 396 573 424
D40 0.0568 324 347 620 521
D40 0.0564 394 346 485 443
D40 0.0562 469 386 582 433
D40 0.0536 372 368 468 459
D40 0.0499 397 386 482 485
D40 0.0446 416 374 541 505
D40 0.0435 382 328 574 434
D40 0.0407 298 362 674 603
D40 0.0403 382 374 555 573
D40 0.0396 354 394 456 450
D40 0.0395 224 313 566 506
D40 0.0388 258 332 461 449
D40 0.0377 336 309 494 448
D40 0.0366 418 401 543 465
D40 0.0364 413 338 542 410
D40 0.0362 452 379 621 450
D40 0.0362 502 405 567 432
D40 0.0349 331 358 463 430
D40 0.0344 434 343 474 387
D40 0.0335 417 406 497 513
D40 0.0328 475 368 606 426
D40 0.0323 251 373 535 562
D40 0.0314 425 332 539 378
D40 0.0309 425 388 514 433
D40 0.0307 478 395 554 426
D40 0.0306 311 381 444 446
D40 0.0302 437 340 499 370
D40 0.0297 8 612 92 711
D40 0.0292 502 386 564 419
D40 0.0290 429 345 509 383
D40 0.0282 423 337 491 419
D40 0.0280 1 652 116 714
D40 0.0275 388 315 681 464
D40 0.0272 402 428 478 535
D40 0.0269 424 399 658 541
D40 0.0266 370 323 465 426
D40 0.0264 389 400 473 444
D40 0.0256 450 341 526 366
D40 0.0250 368 388 477 528
D40 0.0248 399 316 554 391
D40 0.0248 453 381 553 423
D40 0.0244 493 392 559 443
D40 0.0242 0 627 183 720
D40 0.0237 377 405 447 438
D40 0.0236 454 399 553 438
D40 0.0236 455 342 580 407
D40 0.0235 439 454 476 505
D40 0.0228 439 346 519 452
D40 0.0228 302 297 540 406
D40 0.0227 118 335 508 541
D40 0.0226 347 336 447 481
D40 0.0223 451 394 530 427
D40 0.0223 474 391 579 477
D40 0.0219 427 352 466 399
D40 0.0218 468 365 691 488
D40 0.0215 418 377 497 423
D40 0.0213 512 400 594 435
D40 0.0207 402 439 629 586
D40 0.0205 190 357 435 491
D40 0.0205 524 385 580 432
D40 0.0205 300 364 398 454
D40 0.0205 402 472 476 573
D40 0.0203 7 657 69 717
D40 0.0203 429 359 484 390
D40 0.0202 327 443 543 581
D40 0.0202 433 363 476 412
D40 0.0200 415 410 473 477
D40 0.0197 274 388 438 475
D40 0.0197 461 365 543 468
D40 0.0196 259 368 364 427
D40 0.0191 446 495 482 546
D40 0.0191 430 430 518 535
D40 0.0191 508 384 689 570
D40 0.0189 430 398 479 443
D40 0.0187 393 311 480 401
D40 0.0187 370 400 433 461
D40 0.0185 410 408 459 455
D40 0.0185 381 453 463 553
D40 0.0185 355 274 663 420
D40 0.0183 367 397 438 428
D40 0.0182 428 332 464 379
D40 0.0181 435 309 714 578
D40 0.0180 431 405 501 435
D40 0.0177 278 395 485 516
D40 0.0177 429 422 480 493
D40 0.0171 488 380 537 423
D40 0.0171 422 423 537 493
D40 0.0170 306 330 441 413
D40 0.0170 421 388 469 434
D40 0.0168 370 422 474 494
D40 0.0164 464 335 511 371
D40 0.0164 185 401 429 531
D40 0.0164 517 385 553 432
D40 0.0163 441 384 515 417
D40 0.0162 446 329 511 361
D40 0.0161 411 469 509 542
D40 0.0160 209 289 486 426
D40 0.0159 396 391 448 434
D40 0.0158 441 323 558 366
D40 0.0158 496 410 572 450
D40 0.0157 339 399 424 443
D40 0.0157 280 379 382 438
D40 0.0156 458 353 669 442
D40 0.0155 353 407 446 505
D40 0.0154 433 368 523 411
D40 0.0152 443 443 482 492
D40 0.0152 98 321 426 465
D40 0.0151 428 475 471 525
D40 0.0150 402 296 557 362
D40 0.0150 423 409 505 452
D40 0.0148 421 340 476 372
D40 0.0146 260 300 453 391
D40 0.0145 449 350 525 375
D40 0.0144 162 432 284 479
D40 0.0144 403 369 467 434
D40 0.0142 437 410 605 505
D40 0.0141 478 397 527 439
D40 0.0140 253 346 327 425
D40 0.0140 422 485 484 535
D40 0.0140 349 495 459 551
D40 0.0139 384 419 465 465
D40 0.0138 369 381 455 424
D40 0.0138 438 311 586 509
D40 0.0137 524 358 615 433
D40 0.0135 370 484 492 542
D40 0.0135 526 385 652 444
D40 0.0134 528 391 561 441
D40 0.0133 266 375 307 420
D40 0.0131 489 340 551 366
D40 0.0131 42 639 149 716
D40 0.0131 491 352 565 445
D40 0.0130 415 427 471 458
D40 0.0130 220 346 365 439
D40 0.0129 397 345 481 386
D40 0.0128 440 359 487 436
D40 0.0128 241 363 322 458
D40 0.0127 326 480 477 570
D40 0.0126 476 329 544 359
D40 0.0126 411 466 480 515
D40 0.0125 434 380 494 481
D40 0.0125 440 330 484 403
D40 0.0124 505 384 542 433
D40 0.0123 409 345 466 410
D40 0.0123 0 344 169 440
D40 0.0123 269 383 330 414
D40 0.0122 416 342 455 388
D40 0.0122 375 302 498 355
D40 0.0122 591 337 718 494
D40 0.0121 684 455 720 500
D40 0.0120 526 391 616 479
D40 0.0120 361 415 423 448
D40 0.0119 503 334 591 414
D40 0.0119 433 314 506 379
D40 0.0118 312 315 420 373
D40 0.0117 443 323 486 368
D40 0.0117 185 442 256 470
D40 0.0117 469 371 558 411
D40 0.0117 304 402 415 459
D40 0.0116 0 374 129 456
D40 0.0115 248 368 361 486
D40 0.0115 518 378 570 456
D40 0.0115 238 380 347 438
D40 0.0114 301 437 463 525
D40 0.0113 15 674 78 710
D40 0.0113 384 501 470 544
D40 0.0113 445 292 591 416
D40 0.0112 622 367 704 463
D40 0.0112 481 312 570 389
D40 0.0112 454 340 520 390
D40 0.0112 2 362 112 425
D40 0.0112 4 229 189 332
D40 0.0110 644 344 718 439
D40 0.0110 429 439 479 468
D40 0.0110 464 331 543 429
D40 0.0110 0 210 121 354
D40 0.0110 327 301 455 359
D40 0.0110 5 678 53 720
D40 0.0109 174 447 267 482
D40 0.0109 305 399 386 441
D40 0.0108 325 484 439 539
D40 0.0108 278 354 341 418
D40 0.0107 341 334 459 395
D40 0.0107 432 450 479 479
D40 0.0106 502 403 611 457
D40 0.0106 318 425 441 489
D40 0.0105 371 461 493 522
D40 0.0104 378 495 456 596
D40 0.0104 687 376 716 442
D40 0.0103 429 433 498 477
D40 0.0103 275 363 320 412
D40 0.0102 136 423 298 499
D40 0.0102 452 372 501 441
D40 0.0102 483 400 548 458
D40 0.0102 7 646 53 695
D40 0.0101 379 394 418 450
D40 0.0101 439 357 534 396
D40 0.0101 483 302 638 500
D40 0.0100 504 328 558 359
