D00 0.0598 245 500 285 586
D00 0.0586 249 480 312 594
D00 0.0558 254 482 293 568
D00 0.0464 270 480 299 551
D00 0.0452 208 495 314 610
D00 0.0450 268 497 332 609
D00 0.0439 104 546 133 613
D00 0.0412 418 574 534 699
D00 0.0401 23 615 76 720
D00 0.0385 258 510 289 577
D00 0.0381 3 603 107 719
D00 0.0373 234 467 329 632
D00 0.0366 264 511 341 662
D00 0.0353 474 593 525 694
D00 0.0351 96 534 141 633
D00 0.0349 464 543 544 700
D00 0.0346 244 522 322 617
D00 0.0340 295 530 344 626
D00 0.0334 239 513 272 578
D00 0.0333 317 516 345 578
D00 0.0328 388 629 528 695
D00 0.0323 230 511 296 625
D00 0.0320 249 530 279 597
D00 0.0313 260 474 291 537
D00 0.0313 270 462 300 525
D00 0.0305 261 456 304 558
D00 0.0301 151 645 227 719
D00 0.0299 496 612 526 681
D00 0.0296 304 538 337 595
D00 0.0294 112 555 143 622
D00 0.0273 281 480 310 549
D00 0.0273 263 501 304 582
D00 0.0272 228 468 295 578
D00 0.0271 284 549 336 645
D00 0.0267 305 509 352 596
D00 0.0267 3 644 166 720
D00 0.0266 248 485 282 547
D00 0.0266 94 545 123 612
D00 0.0259 40 638 82 720
D00 0.0257 163 558 209 601
D00 0.0255 303 557 336 621
D00 0.0251 282 535 361 686
D00 0.0248 496 594 543 693
D00 0.0248 492 582 529 672
D00 0.0248 252 519 294 602
D00 0.0247 234 488 279 564
D00 0.0247 148 552 220 624
D00 0.0243 105 651 289 720
D00 0.0241 270 473 318 572
D00 0.0236 0 618 59 720
D00 0.0236 313 547 344 608
D00 0.0234 459 625 518 689
D00 0.0230 190 527 290 615
D00 0.0225 108 547 147 594
D00 0.0224 409 653 550 706
D00 0.0221 486 602 517 673
D00 0.0221 87 605 261 720
D00 0.0220 507 612 536 681
D00 0.0219 154 556 217 586
D00 0.0217 136 683 217 720
D00 0.0216 205 538 354 681
D00 0.0215 451 541 517 676
D00 0.0213 294 548 328 608
D00 0.0213 481 573 520 654
D00 0.0212 8 660 68 719
D00 0.0209 293 569 326 633
D00 0.0208 107 548 179 628
D00 0.0208 162 669 211 714
D00 0.0206 236 541 274 591
D00 0.0201 166 637 248 706
D00 0.0199 306 507 337 570
D00 0.0198 242 515 285 552
D00 0.0198 121 558 206 601
D00 0.0198 397 610 561 717
D00 0.0196 26 572 183 718
D00 0.0196 326 516 354 577
D00 0.0194 281 526 339 584
D00 0.0192 44 606 97 717
D00 0.0192 69 657 228 715
D00 0.0191 436 646 516 693
D00 0.0191 291 571 344 671
D00 0.0191 253 555 317 670
D00 0.0191 33 653 111 720
D00 0.0191 280 462 310 522
D00 0.0189 28 688 93 717
D00 0.0188 308 556 348 641
D00 0.0188 447 595 511 698
D00 0.0187 104 566 155 630
D00 0.0186 153 564 199 612
D00 0.0185 208 516 280 592
D00 0.0185 235 520 295 569
D00 0.0183 275 580 335 693
D00 0.0183 115 555 161 603
D00 0.0182 250 537 353 603
D00 0.0181 100 576 135 623
D00 0.0180 241 504 284 539
D00 0.0176 318 528 358 603
D00 0.0176 514 604 551 688
D00 0.0175 466 597 578 708
D00 0.0174 251 528 298 562
D00 0.0174 35 549 117 711
D00 0.0173 470 563 510 640
D00 0.0172 411 659 504 699
D00 0.0172 288 496 331 575
D00 0.0172 293 606 325 664
D00 0.0170 86 515 131 615
D00 0.0170 170 658 221 704
D00 0.0170 480 633 535 696
D00 0.0170 310 536 376 658
D00 0.0169 276 476 360 599
D00 0.0169 397 579 484 693
D00 0.0168 279 537 324 617
D00 0.0167 250 493 292 525
D00 0.0166 34 647 67 716
D00 0.0166 21 564 86 693
D00 0.0163 16 608 61 694
D00 0.0163 280 514 313 575
D00 0.0162 118 554 186 585
D00 0.0161 406 553 480 628
D00 0.0161 100 538 136 583
D00 0.0161 169 566 202 628
D00 0.0161 314 485 348 569
D00 0.0160 303 579 334 645
D00 0.0158 39 683 126 720
D00 0.0156 260 484 304 514
D00 0.0155 387 564 462 639
D00 0.0155 90 558 127 634
D00 0.0155 242 538 288 573
D00 0.0155 439 543 492 636
D00 0.0154 518 575 582 703
D00 0.0153 283 617 337 673
D00 0.0152 47 618 144 712
D00 0.0152 527 613 563 699
D00 0.0151 435 541 474 619
D00 0.0151 231 489 290 532
D00 0.0151 486 553 534 649
D00 0.0150 458 552 499 629
D00 0.0150 282 592 334 655
D00 0.0150 142 592 285 691
D00 0.0150 61 548 142 701
D00 0.0149 496 571 527 634
D00 0.0148 266 456 302 500
D00 0.0145 123 571 217 709
D00 0.0145 485 561 516 623
D00 0.0144 222 532 286 580
D00 0.0144 486 566 562 675
D00 0.0143 103 521 153 612
D00 0.0142 189 590 330 689
D00 0.0142 157 664 277 715
D00 0.0141 163 561 306 664
D00 0.0140 223 512 271 555
D00 0.0140 126 532 203 625
D00 0.0139 167 559 247 633
D00 0.0138 373 534 466 682
D00 0.0138 283 582 316 641
D00 0.0138 375 541 428 635
D00 0.0137 244 542 283 627
D00 0.0136 211 494 292 556
D00 0.0136 612 0 720 177
D00 0.0136 324 527 413 672
D00 0.0135 72 562 188 673
D00 0.0135 300 560 387 700
D00 0.0135 260 517 309 553
D00 0.0134 173 509 257 608
D00 0.0134 451 561 482 622
D00 0.0134 29 600 71 683
D00 0.0134 472 614 509 682
D00 0.0133 245 531 311 578
D00 0.0133 502 572 540 655
D00 0.0133 45 624 77 699
D00 0.0133 304 529 353 563
D00 0.0133 161 683 250 720
D00 0.0133 252 488 313 533
D00 0.0132 136 636 200 720
D00 0.0131 462 591 515 658
D00 0.0131 468 652 524 686
D00 0.0131 418 524 469 615
D00 0.0131 293 482 323 547
D00 0.0130 173 548 240 596
D00 0.0130 87 531 166 657
D00 0.0129 1 512 109 699
D00 0.0129 177 628 291 704
D00 0.0129 394 533 450 626
D00 0.0129 380 666 495 708
D00 0.0128 72 542 133 651
D00 0.0128 20 675 77 713
D00 0.0128 195 560 317 628
D00 0.0127 496 527 595 717
D00 0.0127 139 547 237 678
D00 0.0127 564 628 615 720
D00 0.0127 454 663 517 695
D00 0.0127 329 494 355 557
D00 0.0126 120 690 194 718
D00 0.0126 20 636 57 710
D00 0.0126 217 507 276 537
D00 0.0126 260 504 306 540
D00 0.0125 309 498 375 576
D00 0.0125 226 557 297 666
D00 0.0124 260 453 291 511
D00 0.0124 428 550 460 611
D00 0.0124 133 577 212 624
D00 0.0123 301 495 384 620
D00 0.0123 260 627 335 705
D00 0.0122 47 669 95 715
D00 0.0122 98 624 201 709
D00 0.0121 174 498 243 526
D00 0.0121 447 529 485 608
D00 0.0121 448 581 507 643
D00 0.0121 234 547 374 639
D00 0.0120 366 572 443 650
D00 0.0118 147 531 225 596
D00 0.0118 292 601 355 706
D00 0.0118 279 614 321 656
D00 0.0118 421 624 502 710
D00 0.0118 213 545 272 605
D00 0.0117 80 681 206 720
D00 0.0117 409 573 455 649
D00 0.0116 268 533 303 595
D00 0.0116 432 669 517 707
D00 0.0116 557 690 619 717
D00 0.0116 542 624 571 692
D00 0.0116 219 528 274 561
D00 0.0116 111 537 169 590
D00 0.0116 133 543 214 578
D00 0.0115 157 634 220 693
D00 0.0115 139 548 188 615
D00 0.0115 160 525 264 648
D00 0.0115 184 555 255 584
D00 0.0115 226 536 263 595
D00 0.0115 96 572 143 608
D00 0.0115 542 608 593 708
D00 0.0115 142 698 208 720
D00 0.0114 241 550 288 584
D00 0.0113 125 565 176 613
D00 0.0113 142 670 192 715
D00 0.0113 567 0 720 252
D00 0.0112 234 642 314 714
D00 0.0112 265 547 311 628
D00 0.0112 496 623 565 705
D00 0.0112 575 647 607 712
D00 0.0112 375 492 421 534
D00 0.0112 286 572 334 606
D00 0.0111 433 571 477 649
D00 0.0111 0 591 72 669
D00 0.0111 302 598 381 670
D00 0.0110 402 677 507 720
D00 0.0110 418 676 497 704
D00 0.0110 384 549 440 612
D00 0.0110 74 512 182 611
D00 0.0110 108 589 147 632
D00 0.0110 188 508 257 536
D00 0.0109 520 633 549 699
D00 0.0109 115 584 228 635
D00 0.0108 153 589 225 694
D00 0.0108 474 550 506 611
D00 0.0108 167 653 229 687
D00 0.0107 519 594 548 658
D00 0.0107 325 519 378 611
D00 0.0107 202 497 269 526
D00 0.0106 321 568 361 656
D00 0.0106 95 574 142 663
D00 0.0106 105 544 156 573
D00 0.0106 405 540 460 600
D00 0.0106 253 559 343 621
D00 0.0105 165 546 229 572
D00 0.0105 170 675 240 709
D00 0.0105 180 565 231 611
D00 0.0105 192 537 272 578
D00 0.0105 454 520 504 615
D00 0.0104 183 680 302 720
D00 0.0104 339 573 392 671
D00 0.0104 79 529 117 611
D00 0.0104 325 557 356 620
D00 0.0104 375 523 449 594
D00 0.0104 45 542 109 656
D00 0.0103 531 561 612 713
D00 0.0103 119 545 184 573
D00 0.0103 416 561 450 621
D00 0.0103 394 560 426 622
D00 0.0102 89 584 158 702
D00 0.0102 94 519 121 581
D00 0.0102 247 466 283 522
D00 0.0102 352 515 438 655
D00 0.0102 427 571 460 632
D00 0.0101 377 601 460 700
D00 0.0101 269 474 319 504
D00 0.0101 357 579 432 691
D00 0.0100 593 0 720 82
D00 0.0100 531 605 560 669
D00 0.0100 333 507 371 581
D00 0.0100 174 639 261 680
D00 0.0100 285 584 332 618
D00 0.0100 384 559 415 622
D00 0.0100 131 548 168 600
D00 0.0100 250 586 360 650
D10 0.0287 347 642 534 708
D10 0.0246 302 552 353 582
D10 0.0215 294 562 343 591
D10 0.0201 0 588 59 611
D10 0.0199 107 599 219 641
D10 0.0192 400 531 459 555
D10 0.0186 116 610 190 634
D10 0.0176 182 619 277 648
D10 0.0174 156 615 263 656
D10 0.0168 143 606 328 678
D10 0.0163 141 619 233 649
D10 0.0162 195 614 311 653
D10 0.0162 171 623 246 645
D10 0.0154 0 578 87 624
D10 0.0151 310 563 368 592
D10 0.0150 214 622 293 645
D10 0.0148 311 540 366 573
D10 0.0147 532 691 601 717
D10 0.0143 150 611 221 636
D10 0.0142 160 587 307 644
D10 0.0140 142 601 255 644
D10 0.0139 0 577 58 605
D10 0.0137 400 520 458 547
D10 0.0137 302 547 378 587
D10 0.0134 127 622 202 645
D10 0.0133 101 611 210 654
D10 0.0132 447 596 505 628
D10 0.0132 436 586 495 618
D10 0.0131 34 665 146 718
D10 0.0130 215 613 347 670
D10 0.0129 380 521 474 566
D10 0.0128 195 607 288 641
D10 0.0127 118 598 187 629
D10 0.0127 426 531 481 556
D10 0.0125 100 609 162 635
D10 0.0125 158 626 260 674
D10 0.0124 172 612 245 637
D10 0.0124 413 586 474 617
D10 0.0124 242 621 314 646
D10 0.0124 425 575 483 606
D10 0.0124 29 588 95 610
D10 0.0123 295 572 342 606
D10 0.0122 282 631 339 662
D10 0.0119 423 596 487 627
D10 0.0119 94 585 200 635
D10 0.0116 0 598 56 626
D10 0.0114 502 682 613 720
D10 0.0113 221 587 339 648
D10 0.0113 403 541 459 569
D10 0.0113 54 588 120 611
D10 0.0112 48 676 116 712
D10 0.0112 473 596 520 628
D10 0.0111 461 585 512 619
D10 0.0110 298 631 363 662
D10 0.0109 404 575 463 606
D10 0.0109 54 685 151 720
D10 0.0109 271 621 328 650
D10 0.0109 313 530 366 562
D10 0.0108 499 692 572 716
D10 0.0107 182 630 275 663
D10 0.0107 461 606 513 637
D10 0.0106 19 579 140 623
D10 0.0106 145 630 231 664
D10 0.0106 172 633 243 659
D10 0.0104 614 0 720 112
D10 0.0104 230 611 302 638
D10 0.0103 413 601 497 645
D10 0.0102 403 596 464 628
D10 0.0100 448 575 502 607
D10 0.0100 196 625 308 671
D20 0.1337 168 528 579 707
D20 0.1062 229 585 536 703
D20 0.0760 101 528 303 625
D20 0.0681 80 534 438 688
D20 0.0624 373 562 534 699
D20 0.0503 322 566 645 707
D20 0.0466 324 618 526 700
D20 0.0449 10 579 353 716
D20 0.0406 51 498 369 644
D20 0.0399 191 564 400 708
D20 0.0398 310 550 494 689
D20 0.0397 124 542 267 610
D20 0.0389 125 621 355 711
D20 0.0373 157 498 350 609
D20 0.0356 386 602 597 707
D20 0.0328 204 490 462 681
D20 0.0318 238 484 365 620
D20 0.0311 0 451 682 720
D20 0.0306 3 638 247 720
D20 0.0303 66 546 262 641
D20 0.0301 196 627 496 720
D20 0.0293 110 554 216 608
D20 0.0280 147 520 287 587
D20 0.0275 313 447 597 710
D20 0.0262 274 525 426 670
D20 0.0261 246 509 460 602
D20 0.0260 393 600 518 686
D20 0.0258 110 492 306 586
D20 0.0258 419 523 599 698
D20 0.0249 275 509 360 594
D20 0.0248 108 564 320 663
D20 0.0247 243 464 298 548
D20 0.0246 190 486 324 581
D20 0.0243 442 529 525 695
D20 0.0232 252 492 399 578
D20 0.0231 300 645 506 711
D20 0.0222 5 521 250 702
D20 0.0222 139 560 284 627
D20 0.0221 183 646 370 719
D20 0.0218 263 620 454 700
D20 0.0212 149 550 247 598
D20 0.0211 283 529 507 634
D20 0.0207 285 580 414 692
D20 0.0205 247 463 346 580
D20 0.0199 152 498 216 526
D20 0.0197 362 552 513 647
D20 0.0191 280 521 410 579
D20 0.0188 174 533 374 649
D20 0.0188 414 642 584 710
D20 0.0185 254 454 310 533
D20 0.0183 94 592 305 693
D20 0.0183 244 481 286 524
D20 0.0182 153 498 287 565
D20 0.0181 244 607 366 707
D20 0.0180 390 510 524 670
D20 0.0178 118 520 218 599
D20 0.0175 285 547 350 587
D20 0.0173 345 488 433 538
D20 0.0171 416 563 493 638
D20 0.0171 143 507 207 534
D20 0.0171 0 0 489 353
D20 0.0170 427 567 557 674
D20 0.0169 283 498 457 567
D20 0.0168 157 637 316 699
D20 0.0168 439 573 513 650
D20 0.0167 201 0 720 353
D20 0.0167 368 571 474 671
D20 0.0166 267 538 380 602
D20 0.0164 137 491 234 531
D20 0.0163 305 519 373 590
D20 0.0163 118 569 223 629
D20 0.0163 0 587 189 710
D20 0.0162 426 547 720 720
D20 0.0159 295 535 362 579
D20 0.0159 92 460 389 604
D20 0.0158 242 503 336 567
D20 0.0157 342 592 452 684
D20 0.0156 0 531 221 626
D20 0.0156 163 605 346 678
D20 0.0155 0 142 348 720
D20 0.0153 0 198 669 710
D20 0.0151 375 142 720 720
D20 0.0150 168 490 277 532
D20 0.0149 0 0 175 270
D20 0.0147 31 566 241 670
D20 0.0147 403 583 484 661
D20 0.0146 73 543 191 610
D20 0.0144 126 532 253 695
D20 0.0140 459 625 554 689
D20 0.0140 221 491 286 531
D20 0.0139 0 0 720 521
D20 0.0138 104 538 205 588
D20 0.0137 593 0 720 208
D20 0.0135 477 559 606 712
D20 0.0135 252 475 344 533
D20 0.0135 359 496 417 530
D20 0.0135 631 0 720 146
D20 0.0134 250 473 293 506
D20 0.0132 150 665 323 720
D20 0.0132 282 524 350 569
D20 0.0131 170 526 301 692
D20 0.0131 166 504 252 538
D20 0.0130 306 517 478 583
D20 0.0129 465 547 541 651
D20 0.0128 352 484 421 520
D20 0.0127 119 499 211 539
D20 0.0127 201 478 290 525
D20 0.0127 279 619 387 672
D20 0.0127 0 628 133 720
D20 0.0126 484 654 610 711
D20 0.0125 136 481 369 720
D20 0.0123 135 518 240 632
D20 0.0123 194 504 275 541
D20 0.0123 367 497 465 546
D20 0.0123 510 0 720 315
D20 0.0121 277 558 360 621
D20 0.0121 32 665 215 720
D20 0.0120 462 0 720 175
D20 0.0119 542 436 720 720
D20 0.0118 12 675 144 720
D20 0.0118 260 452 311 477
D20 0.0118 0 528 130 679
D20 0.0118 289 484 396 637
D20 0.0117 255 655 398 712
D20 0.0117 305 584 448 655
D20 0.0117 406 416 674 704
D20 0.0116 176 541 277 595
D20 0.0116 217 486 277 515
D20 0.0116 143 423 431 664
D20 0.0114 195 654 311 708
D20 0.0113 340 498 492 620
D20 0.0113 261 461 307 491
D20 0.0113 415 627 670 720
D20 0.0113 223 471 287 512
D20 0.0112 230 574 381 660
D20 0.0111 275 470 361 560
D20 0.0111 376 563 476 621
D20 0.0111 267 476 429 552
D20 0.0107 349 476 405 501
D20 0.0107 0 0 87 138
D20 0.0105 439 562 530 623
D20 0.0105 302 542 437 601
D20 0.0105 347 552 443 647
D20 0.0105 324 495 414 568
D20 0.0104 404 553 503 610
D20 0.0104 0 0 312 215
D20 0.0103 0 580 88 720
D20 0.0103 0 675 69 720
D20 0.0102 195 588 326 720
D20 0.0101 147 508 244 553
D20 0.0101 451 593 535 658
D20 0.0100 230 428 325 599
D20 0.0100 287 560 410 630
D20 0.0100 522 624 588 708
D20 0.0100 17 412 322 648
D40 0.0276 155 562 216 595
D40 0.0264 149 555 245 606
D40 0.0253 1 688 61 719
D40 0.0228 250 526 349 584
D40 0.0228 0 675 85 720
D40 0.0212 164 556 228 586
D40 0.0210 290 545 334 587
D40 0.0202 263 520 304 568
D40 0.0196 281 540 337 574
D40 0.0182 172 563 240 594
D40 0.0178 268 530 327 562
D40 0.0159 368 507 428 539
D40 0.0158 259 539 317 572
D40 0.0156 378 519 440 547
D40 0.0154 165 571 225 605
D40 0.0147 276 557 342 597
D40 0.0141 229 496 281 525
D40 0.0141 267 452 323 477
D40 0.0131 252 548 345 608
D40 0.0131 175 551 263 588
D40 0.0131 376 583 475 642
D40 0.0126 361 508 457 554
D40 0.0122 284 619 397 672
D40 0.0121 7 662 48 718
D40 0.0121 390 507 447 540
D40 0.0115 360 606 467 663
D40 0.0115 265 447 305 483
D40 0.0109 393 592 454 653
D40 0.0108 18 674 56 720
D40 0.0107 164 571 271 629
D40 0.0103 354 489 428 548
D40 0.0103 259 551 319 583
D40 0.0102 260 512 334 558
D40 0.0101 379 496 435 530
D40 0.0100 267 442 324 469
D40 0.0100 15 697 82 720
