D00 0.0306 406 473 437 529
D00 0.0230 396 480 426 535
D00 0.0226 134 544 241 593
D00 0.0208 416 471 446 528
D00 0.0191 26 521 184 701
D00 0.0178 0 356 73 511
D00 0.0176 2 531 100 671
D00 0.0174 1 583 72 695
D00 0.0170 376 470 445 533
D00 0.0169 383 484 438 518
D00 0.0158 161 540 252 578
D00 0.0158 379 488 420 531
D00 0.0155 394 494 448 529
D00 0.0150 604 582 711 696
D00 0.0148 401 499 439 540
D00 0.0148 391 472 432 512
D00 0.0147 346 483 430 521
D00 0.0143 0 642 84 716
D00 0.0143 4 468 140 673
D00 0.0143 63 552 228 720
D00 0.0140 119 525 277 699
D00 0.0137 4 391 54 496
D00 0.0134 309 479 415 523
D00 0.0131 0 678 99 720
D00 0.0131 0 618 49 713
D00 0.0130 134 526 239 573
D00 0.0130 405 466 455 520
D00 0.0128 652 590 708 683
D00 0.0127 151 552 225 583
D00 0.0126 386 484 458 547
D00 0.0125 258 600 339 672
D00 0.0123 0 409 192 720
D00 0.0123 330 487 399 515
D00 0.0121 173 553 322 720
D00 0.0119 0 595 44 670
D00 0.0118 240 686 330 720
D00 0.0118 216 525 363 698
D00 0.0117 508 609 583 679
D00 0.0115 620 595 694 676
D00 0.0115 236 573 330 703
D00 0.0113 37 684 132 720
D00 0.0113 368 477 430 505
D00 0.0111 587 621 662 690
D00 0.0110 493 576 572 649
D00 0.0110 104 679 224 720
D00 0.0109 652 353 701 471
D00 0.0109 122 493 263 576
D00 0.0108 556 585 683 690
D00 0.0108 428 470 456 528
D00 0.0107 1 518 71 634
D00 0.0106 575 599 651 671
D00 0.0105 172 486 319 668
D00 0.0105 272 691 342 717
D00 0.0105 0 688 64 718
D00 0.0105 246 581 328 649
D00 0.0105 333 474 416 509
D00 0.0105 143 550 241 679
D00 0.0105 231 657 322 719
D00 0.0105 250 480 401 531
D00 0.0105 640 552 720 689
D00 0.0104 588 535 720 669
D00 0.0104 26 657 122 720
D00 0.0103 344 496 410 525
D00 0.0103 69 684 164 720
D00 0.0103 373 482 403 533
D00 0.0103 194 680 315 720
D00 0.0102 525 597 567 672
D00 0.0102 0 497 39 568
D00 0.0101 417 491 444 543
D00 0.0101 541 616 571 674
D00 0.0100 657 691 719 717
D10 0.0221 408 521 481 543
D10 0.0191 391 520 454 543
D10 0.0190 401 509 463 537
D10 0.0184 432 522 503 544
D10 0.0179 384 512 514 550
D10 0.0155 0 667 112 717
D10 0.0155 524 555 585 583
D10 0.0146 382 508 441 536
D10 0.0144 523 565 587 591
D10 0.0139 421 511 488 537
D10 0.0127 378 497 496 542
D10 0.0125 0 659 84 702
D10 0.0123 505 556 608 603
D10 0.0120 458 522 521 546
D10 0.0117 202 524 324 565
D10 0.0107 358 508 470 552
D10 0.0106 643 691 714 717
D10 0.0106 547 578 656 629
D10 0.0105 2 677 77 709
D10 0.0105 615 647 699 686
D10 0.0102 0 592 81 637
D10 0.0100 496 552 576 587
D10 0.0100 568 588 634 614
D20 0.0377 31 487 581 686
D20 0.0333 0 547 487 720
D20 0.0318 187 581 559 710
D20 0.0306 145 612 376 711
D20 0.0296 324 571 559 667
D20 0.0253 0 560 117 715
D20 0.0243 323 611 554 699
D20 0.0233 96 638 338 720
D20 0.0228 235 529 686 693
D20 0.0221 370 551 590 648
D20 0.0211 330 580 681 712
D20 0.0192 0 597 60 691
D20 0.0186 305 530 537 627
D20 0.0185 389 589 617 684
D20 0.0175 515 606 718 705
D20 0.0167 0 0 489 353
D20 0.0164 261 486 478 569
D20 0.0164 201 0 720 353
D20 0.0158 0 433 331 711
D20 0.0157 239 507 462 598
D20 0.0156 275 538 479 686
D20 0.0154 200 374 720 720
D20 0.0154 192 630 475 720
D20 0.0153 240 468 454 542
D20 0.0151 193 500 539 644
D20 0.0149 0 142 348 720
D20 0.0149 371 483 476 535
D20 0.0149 445 570 666 668
D20 0.0148 375 142 720 720
D20 0.0144 333 508 555 600
D20 0.0143 347 648 531 714
D20 0.0141 310 467 524 545
D20 0.0140 0 631 145 720
D20 0.0139 0 356 542 720
D20 0.0137 0 0 176 273
D20 0.0136 0 0 720 521
D20 0.0135 21 198 720 710
D20 0.0133 146 466 452 720
D20 0.0132 239 519 412 640
D20 0.0131 562 642 713 718
D20 0.0128 415 622 592 697
D20 0.0127 613 683 720 720
D20 0.0125 376 630 649 720
D20 0.0124 397 538 564 617
D20 0.0121 297 480 442 532
D20 0.0117 0 502 108 648
D20 0.0117 355 485 566 569
D20 0.0116 503 493 720 720
D20 0.0115 0 528 70 699
D20 0.0113 0 527 188 692
D20 0.0111 579 627 697 697
D20 0.0110 0 609 236 720
D20 0.0109 396 478 467 522
D20 0.0106 0 571 49 659
D20 0.0106 0 0 316 216
D20 0.0105 360 498 474 658
D20 0.0105 496 552 700 649
D20 0.0104 539 570 719 675
D20 0.0104 546 0 720 271
D20 0.0103 410 657 553 710
D20 0.0102 472 593 636 707
D20 0.0102 349 499 483 553
D20 0.0101 0 0 87 135
D20 0.0101 150 666 325 720
D20 0.0101 0 0 125 189
D20 0.0100 453 515 598 640
D40 0.0641 0 524 381 701
D40 0.0521 17 585 311 710
D40 0.0449 109 549 324 644
D40 0.0441 0 570 216 674
D40 0.0433 0 607 190 712
D40 0.0417 98 577 469 713
D40 0.0406 124 541 305 609
D40 0.0398 261 592 488 685
D40 0.0392 164 565 274 614
D40 0.0388 29 533 261 618
D40 0.0354 0 495 285 648
D40 0.0339 0 583 121 697
D40 0.0333 147 568 367 673
D40 0.0328 125 517 342 595
D40 0.0327 301 573 538 667
D40 0.0316 218 611 433 705
D40 0.0306 0 511 243 595
D40 0.0305 160 543 271 594
D40 0.0303 347 609 456 662
D40 0.0300 2 493 162 562
D40 0.0296 121 612 357 711
D40 0.0289 290 600 397 653
D40 0.0285 280 608 418 674
D40 0.0280 46 625 238 705
D40 0.0278 241 581 415 661
D40 0.0273 81 553 260 678
D40 0.0270 321 589 467 652
D40 0.0267 9 606 148 676
D40 0.0264 135 528 291 580
D40 0.0264 260 553 489 650
D40 0.0263 144 574 251 627
D40 0.0259 105 623 217 669
D40 0.0258 197 621 310 672
D40 0.0253 158 534 390 624
D40 0.0251 3 557 168 641
D40 0.0250 10 653 154 715
D40 0.0249 258 631 394 696
D40 0.0248 76 576 187 626
D40 0.0245 301 611 535 698
D40 0.0243 0 616 92 675
D40 0.0239 0 529 134 671
D40 0.0233 0 466 128 586
D40 0.0233 364 621 478 671
D40 0.0232 445 586 554 637
D40 0.0232 61 488 487 664
D40 0.0230 72 639 315 720
D40 0.0229 276 579 389 626
D40 0.0228 287 595 378 632
D40 0.0228 66 546 236 601
D40 0.0228 9 465 95 544
D40 0.0224 192 647 372 717
D40 0.0224 298 631 441 691
D40 0.0223 0 508 97 556
D40 0.0218 18 588 179 650
D40 0.0216 189 555 309 605
D40 0.0214 0 425 350 615
D40 0.0212 94 564 214 614
D40 0.0210 0 604 62 665
D40 0.0202 181 575 302 626
D40 0.0201 211 560 393 637
D40 0.0201 181 576 256 604
D40 0.0200 0 461 204 548
D40 0.0200 143 493 364 570
D40 0.0198 216 586 351 694
D40 0.0198 0 627 68 707
D40 0.0197 66 657 221 715
D40 0.0197 190 526 466 695
D40 0.0196 83 599 200 651
D40 0.0195 366 599 552 678
D40 0.0194 0 596 100 655
D40 0.0193 12 568 90 678
D40 0.0189 350 560 534 638
D40 0.0187 196 600 315 651
D40 0.0187 64 526 235 580
D40 0.0187 255 656 393 711
D40 0.0186 2 517 118 577
D40 0.0184 220 610 328 663
D40 0.0180 34 463 288 574
D40 0.0178 117 555 229 633
D40 0.0178 335 626 422 665
D40 0.0178 154 557 243 598
D40 0.0178 121 584 266 649
D40 0.0177 233 619 334 703
D40 0.0176 13 629 125 688
D40 0.0176 97 644 206 699
D40 0.0174 300 568 444 628
D40 0.0171 28 363 215 471
D40 0.0171 144 584 287 693
D40 0.0169 290 649 375 688
D40 0.0169 278 605 367 645
D40 0.0169 365 632 435 660
D40 0.0168 391 578 570 658
D40 0.0168 180 564 256 594
D40 0.0168 365 620 435 651
D40 0.0167 361 632 515 691
D40 0.0166 46 498 239 566
D40 0.0164 160 657 318 714
D40 0.0164 356 556 470 603
D40 0.0163 367 637 456 678
D40 0.0160 307 609 379 639
D40 0.0160 422 567 542 620
D40 0.0159 0 522 39 566
D40 0.0158 115 634 269 697
D40 0.0158 259 636 480 718
D40 0.0158 0 666 99 717
D40 0.0156 257 609 366 664
D40 0.0155 157 505 313 559
D40 0.0155 322 614 410 658
D40 0.0154 0 634 52 679
D40 0.0154 301 626 388 667
D40 0.0154 22 480 170 534
D40 0.0152 68 599 181 682
D40 0.0152 1 630 62 661
D40 0.0151 372 597 489 650
D40 0.0151 467 598 535 629
D40 0.0150 0 425 239 720
D40 0.0150 199 525 356 577
D40 0.0147 16 347 148 490
D40 0.0146 5 529 100 618
D40 0.0146 278 660 363 700
D40 0.0145 122 611 243 660
D40 0.0144 95 618 191 656
D40 0.0144 355 624 399 666
D40 0.0143 486 485 541 516
D40 0.0143 280 638 365 678
D40 0.0143 614 692 681 718
D40 0.0143 10 542 149 604
D40 0.0143 23 626 115 666
D40 0.0142 295 588 370 615
D40 0.0142 198 641 312 699
D40 0.0141 0 552 82 645
D40 0.0140 173 586 243 614
D40 0.0139 229 665 342 716
D40 0.0139 220 588 328 641
D40 0.0139 36 678 154 720
D40 0.0138 9 518 86 548
D40 0.0138 74 592 164 632
D40 0.0138 122 633 202 660
D40 0.0138 215 566 330 618
D40 0.0137 2 476 70 578
D40 0.0136 0 600 44 648
D40 0.0135 256 567 369 618
D40 0.0134 299 620 367 652
D40 0.0134 335 604 422 648
D40 0.0134 260 538 439 613
D40 0.0134 358 577 466 630
D40 0.0133 150 467 362 546
D40 0.0133 255 649 342 690
D40 0.0132 349 621 430 687
D40 0.0131 322 637 408 676
D40 0.0131 46 611 169 662
D40 0.0130 38 578 152 628
D40 0.0130 5 419 105 535
D40 0.0129 25 506 113 543
D40 0.0129 75 634 190 685
D40 0.0129 424 598 542 648
D40 0.0128 3 619 74 652
D40 0.0127 606 683 715 720
D40 0.0126 316 599 390 626
D40 0.0126 385 615 477 654
D40 0.0125 179 539 274 576
D40 0.0124 421 632 537 682
D40 0.0124 0 615 37 676
D40 0.0123 473 476 559 523
D40 0.0123 216 622 294 650
D40 0.0123 49 644 165 701
D40 0.0123 37 513 155 585
D40 0.0123 375 608 446 641
D40 0.0123 368 552 457 588
D40 0.0122 23 372 85 500
D40 0.0122 236 474 416 536
D40 0.0122 118 559 214 598
D40 0.0121 220 636 308 679
D40 0.0121 228 545 375 603
D40 0.0121 308 643 377 672
D40 0.0121 319 657 467 709
D40 0.0120 216 631 294 660
D40 0.0120 138 645 242 719
D40 0.0120 465 598 579 649
D40 0.0120 0 645 42 692
D40 0.0119 0 363 309 563
D40 0.0119 80 374 247 456
D40 0.0119 356 642 422 673
D40 0.0119 493 495 550 525
D40 0.0119 186 618 283 655
D40 0.0118 318 590 388 642
D40 0.0118 377 649 467 688
D40 0.0118 178 553 256 584
D40 0.0117 376 565 447 593
D40 0.0116 296 572 388 609
D40 0.0116 181 524 297 567
D40 0.0116 308 665 374 696
D40 0.0116 399 576 519 630
D40 0.0115 468 586 533 620
D40 0.0115 546 631 658 682
D40 0.0115 448 609 557 659
D40 0.0115 2 529 75 560
D40 0.0114 149 529 278 669
D40 0.0114 165 591 249 632
D40 0.0113 202 549 297 588
D40 0.0113 34 616 127 655
D40 0.0113 290 618 353 674
D40 0.0112 269 583 353 649
D40 0.0112 26 543 169 700
D40 0.0112 235 516 417 586
D40 0.0112 477 609 546 636
D40 0.0112 129 580 222 620
D40 0.0111 538 579 695 662
D40 0.0111 171 568 224 609
D40 0.0110 344 635 387 677
D40 0.0110 5 508 77 540
D40 0.0110 244 605 329 645
D40 0.0110 284 554 399 605
D40 0.0109 0 525 56 580
D40 0.0109 0 670 51 712
D40 0.0109 397 638 491 678
D40 0.0108 482 573 540 631
D40 0.0108 0 592 68 637
D40 0.0107 320 653 385 684
D40 0.0107 347 594 434 634
D40 0.0106 1 647 96 691
D40 0.0106 104 592 200 632
D40 0.0106 375 566 492 618
D40 0.0106 464 631 584 681
D40 0.0106 85 629 181 664
D40 0.0106 227 502 378 554
D40 0.0105 17 406 240 528
D40 0.0105 267 562 386 710
D40 0.0104 395 626 446 665
D40 0.0104 30 482 108 573
D40 0.0104 395 609 515 661
D40 0.0104 92 587 168 615
D40 0.0103 228 498 432 645
D40 0.0103 257 594 342 634
D40 0.0101 398 557 518 607
D40 0.0101 213 570 267 608
D40 0.0101 334 648 420 688
D40 0.0101 1 408 72 508
D40 0.0101 310 546 431 692
D40 0.0101 466 575 579 632
D40 0.0101 2 493 81 533
D40 0.0101 59 380 183 452
D40 0.0100 311 588 383 687
D40 0.0100 367 570 456 608
