D00 0.0471 342 531 387 647
D00 0.0380 517 548 628 720
D00 0.0368 332 513 408 678
D00 0.0343 353 514 395 625
D00 0.0324 485 632 539 720
D00 0.0314 537 578 608 707
D00 0.0312 311 501 388 657
D00 0.0309 476 523 590 720
D00 0.0299 351 553 379 629
D00 0.0292 350 532 430 698
D00 0.0285 410 513 454 619
D00 0.0284 558 630 619 720
D00 0.0275 535 568 695 716
D00 0.0273 482 504 702 709
D00 0.0270 667 630 720 720
D00 0.0268 362 509 421 647
D00 0.0268 419 533 446 603
D00 0.0267 363 532 388 608
D00 0.0252 371 607 424 707
D00 0.0244 515 599 589 714
D00 0.0243 280 535 420 698
D00 0.0235 495 576 567 707
D00 0.0235 337 564 376 649
D00 0.0235 373 510 451 678
D00 0.0235 515 538 586 669
D00 0.0234 319 552 384 683
D00 0.0216 339 575 405 699
D00 0.0215 492 520 605 641
D00 0.0215 414 492 450 576
D00 0.0215 582 628 637 720
D00 0.0213 345 473 438 659
D00 0.0213 494 660 528 719
D00 0.0211 532 620 652 720
D00 0.0211 531 543 655 665
D00 0.0209 356 642 434 713
D00 0.0207 419 493 466 597
D00 0.0207 268 516 379 639
D00 0.0204 429 532 456 603
D00 0.0203 541 556 592 648
D00 0.0199 688 646 718 715
D00 0.0196 464 631 520 720
D00 0.0195 504 628 561 720
D00 0.0194 405 502 439 588
D00 0.0193 366 631 409 706
D00 0.0192 146 547 409 684
D00 0.0191 594 599 720 717
D00 0.0191 359 502 390 595
D00 0.0190 408 491 435 553
D00 0.0189 480 680 524 720
D00 0.0189 124 552 291 687
D00 0.0187 555 530 713 671
D00 0.0187 398 492 476 654
D00 0.0186 555 562 628 690
D00 0.0184 420 532 466 639
D00 0.0184 0 646 87 718
D00 0.0184 454 599 574 717
D00 0.0184 353 524 380 597
D00 0.0183 386 494 445 626
D00 0.0182 408 481 643 689
D00 0.0182 487 649 518 716
D00 0.0179 409 534 436 603
D00 0.0175 368 522 401 614
D00 0.0174 173 531 334 662
D00 0.0173 569 671 629 720
D00 0.0173 430 514 542 720
D00 0.0173 341 544 371 618
D00 0.0172 294 536 364 660
D00 0.0172 684 615 720 704
D00 0.0168 260 635 318 720
D00 0.0168 450 514 567 639
D00 0.0168 428 512 457 579
D00 0.0167 551 572 583 635
D00 0.0167 474 551 543 691
D00 0.0166 379 575 444 700
D00 0.0166 617 551 715 698
D00 0.0165 329 507 381 614
D00 0.0164 545 652 684 715
D00 0.0164 530 560 582 625
D00 0.0164 0 556 103 720
D00 0.0162 420 508 500 678
D00 0.0160 490 671 551 720
D00 0.0159 400 474 445 569
D00 0.0159 448 683 535 720
D00 0.0157 58 540 228 705
D00 0.0156 116 609 262 711
D00 0.0155 653 580 719 703
D00 0.0155 433 559 478 661
D00 0.0155 224 565 391 711
D00 0.0154 405 551 466 686
D00 0.0152 515 650 604 720
D00 0.0152 430 511 477 618
D00 0.0152 397 481 424 539
D00 0.0152 507 542 578 619
D00 0.0151 340 479 399 605
D00 0.0150 560 591 665 693
D00 0.0150 404 542 440 632
D00 0.0149 504 648 538 715
D00 0.0149 61 663 169 719
D00 0.0149 417 485 447 540
D00 0.0148 381 639 414 701
D00 0.0147 147 575 310 658
D00 0.0147 359 514 499 707
D00 0.0146 476 517 528 613
D00 0.0146 152 535 309 614
D00 0.0146 554 429 720 701
D00 0.0146 147 598 323 717
D00 0.0146 556 582 599 667
D00 0.0146 661 689 718 718
D00 0.0145 221 494 370 623
D00 0.0145 354 566 394 649
D00 0.0144 349 464 379 515
D00 0.0144 22 675 135 720
D00 0.0143 256 687 320 717
D00 0.0141 515 561 628 625
D00 0.0140 516 533 675 618
D00 0.0140 551 584 681 649
D00 0.0140 442 584 487 679
D00 0.0140 324 546 368 635
D00 0.0140 454 574 518 707
D00 0.0139 626 663 720 720
D00 0.0138 566 625 699 706
D00 0.0138 334 470 373 508
D00 0.0138 521 601 626 683
D00 0.0137 161 684 255 720
D00 0.0137 548 638 596 720
D00 0.0137 407 475 436 528
D00 0.0137 525 570 570 654
D00 0.0136 166 562 296 629
D00 0.0136 451 529 517 663
D00 0.0135 278 470 407 619
D00 0.0134 372 574 425 667
D00 0.0133 127 666 250 719
D00 0.0132 442 614 491 720
D00 0.0132 212 540 342 606
D00 0.0132 316 486 553 690
D00 0.0132 191 555 290 608
D00 0.0132 385 545 436 653
D00 0.0131 583 648 617 716
D00 0.0131 305 587 399 715
D00 0.0131 479 628 596 705
D00 0.0131 386 472 412 526
D00 0.0131 672 668 716 716
D00 0.0130 397 601 525 715
D00 0.0130 203 665 329 719
D00 0.0129 348 491 382 580
D00 0.0129 427 495 458 553
D00 0.0128 361 654 395 708
D00 0.0128 92 643 183 718
D00 0.0128 452 603 478 664
D00 0.0127 578 687 642 718
D00 0.0127 443 592 469 654
D00 0.0127 535 581 580 668
D00 0.0127 520 580 626 651
D00 0.0127 389 594 427 676
D00 0.0127 562 659 599 719
D00 0.0127 539 552 573 612
D00 0.0126 338 665 417 720
D00 0.0126 437 543 471 631
D00 0.0126 394 490 427 574
D00 0.0126 516 603 555 692
D00 0.0126 394 626 424 692
D00 0.0125 374 512 397 582
D00 0.0125 486 531 562 604
D00 0.0125 566 604 610 693
D00 0.0124 361 463 389 515
D00 0.0124 440 532 467 602
D00 0.0123 258 542 354 694
D00 0.0123 200 513 351 593
D00 0.0123 367 553 405 647
D00 0.0120 546 603 592 689
D00 0.0120 565 677 684 720
D00 0.0120 437 491 528 626
D00 0.0120 652 537 717 656
D00 0.0120 164 545 264 593
D00 0.0120 393 533 430 621
D00 0.0120 191 689 265 717
D00 0.0120 129 685 225 720
D00 0.0119 365 479 407 588
D00 0.0118 434 497 474 573
D00 0.0118 485 535 516 599
D00 0.0117 523 557 569 601
D00 0.0116 412 488 479 560
D00 0.0116 269 662 306 717
D00 0.0116 351 479 378 540
D00 0.0116 551 686 613 719
D00 0.0115 370 463 465 634
D00 0.0115 378 629 459 708
D00 0.0115 292 578 364 699
D00 0.0115 263 683 353 720
D00 0.0115 413 555 452 642
D00 0.0114 442 535 489 639
D00 0.0114 374 471 400 526
D00 0.0114 297 558 399 631
D00 0.0113 339 481 369 540
D00 0.0113 631 482 720 655
D00 0.0113 302 570 441 666
D00 0.0112 516 647 548 714
D00 0.0112 184 657 270 720
D00 0.0112 469 669 514 716
D00 0.0112 0 655 43 720
D00 0.0111 202 686 306 720
D00 0.0111 433 690 507 717
D00 0.0111 228 551 331 639
D00 0.0111 678 638 711 706
D00 0.0109 598 568 684 682
D00 0.0109 379 533 416 622
D00 0.0109 272 661 338 718
D00 0.0109 363 488 387 557
D00 0.0109 1 482 145 681
D00 0.0108 214 484 446 682
D00 0.0108 468 650 561 716
D00 0.0108 353 680 402 719
D00 0.0107 555 580 597 626
D00 0.0107 383 614 415 680
D00 0.0106 260 504 505 642
D00 0.0106 143 555 248 604
D00 0.0106 389 466 433 556
D00 0.0106 489 4 709 355
D00 0.0105 396 464 425 516
D00 0.0105 386 489 411 554
D00 0.0105 209 548 306 690
D00 0.0105 688 602 718 669
D00 0.0105 329 472 376 572
D00 0.0104 391 482 493 597
D00 0.0104 326 578 367 660
D00 0.0104 595 648 627 715
D00 0.0104 427 656 514 720
D00 0.0104 471 534 510 616
D00 0.0103 356 563 390 616
D00 0.0103 376 493 420 597
D00 0.0103 313 475 367 503
D00 0.0103 408 496 461 526
D00 0.0103 93 683 186 720
D00 0.0102 588 661 654 719
D00 0.0102 551 591 585 658
D00 0.0102 293 484 361 596
D00 0.0102 441 504 492 604
D00 0.0101 455 510 525 584
D00 0.0101 452 579 479 645
D00 0.0101 30 687 111 716
D00 0.0101 375 488 398 556
D00 0.0100 469 698 533 720
D00 0.0100 184 621 290 707
D10 0.0228 349 666 410 697
D10 0.0212 328 655 429 708
D10 0.0163 367 619 425 646
D10 0.0160 344 607 445 663
D10 0.0155 355 674 417 708
D10 0.0139 348 629 474 701
D10 0.0133 360 655 416 688
D10 0.0117 346 663 465 716
D10 0.0117 379 609 439 640
D10 0.0115 365 597 486 652
D10 0.0109 598 666 720 719
D10 0.0106 358 629 416 657
D10 0.0106 383 680 509 720
D10 0.0106 664 675 715 713
D10 0.0100 420 690 496 717
D20 0.0381 109 502 666 697
D20 0.0345 360 565 680 720
D20 0.0320 0 551 496 720
D20 0.0313 462 601 650 719
D20 0.0305 527 601 720 720
D20 0.0285 242 607 456 712
D20 0.0278 294 585 573 708
D20 0.0252 139 589 422 706
D20 0.0241 300 557 442 709
D20 0.0237 429 523 617 703
D20 0.0218 346 481 705 688
D20 0.0212 323 630 555 720
D20 0.0207 494 650 617 715
D20 0.0206 121 637 349 720
D20 0.0204 342 534 482 701
D20 0.0191 396 514 589 638
D20 0.0179 202 544 460 686
D20 0.0176 384 534 538 705
D20 0.0174 429 642 603 720
D20 0.0174 0 0 489 353
D20 0.0170 201 0 720 353
D20 0.0170 349 600 470 712
D20 0.0168 0 374 489 720
D20 0.0161 0 142 348 720
D20 0.0161 374 495 511 656
D20 0.0159 200 374 720 720
D20 0.0154 0 631 149 720
D20 0.0153 375 142 720 720
D20 0.0152 343 654 481 712
D20 0.0151 563 651 704 716
D20 0.0150 502 494 720 720
D20 0.0150 453 0 720 176
D20 0.0148 544 0 720 267
D20 0.0147 280 496 593 664
D20 0.0147 0 198 669 710
D20 0.0146 0 498 220 720
D20 0.0142 0 0 720 521
D20 0.0138 428 498 543 615
D20 0.0130 0 0 175 267
D20 0.0125 389 654 534 714
D20 0.0124 69 478 362 720
D20 0.0122 410 0 720 479
D20 0.0120 267 571 392 720
D20 0.0112 0 675 75 720
D20 0.0111 0 580 92 720
D20 0.0110 382 485 563 591
D20 0.0110 511 674 636 720
D20 0.0108 303 675 436 720
D20 0.0108 688 628 720 720
D20 0.0108 323 570 463 665
D20 0.0107 0 0 324 214
D20 0.0106 328 610 417 720
D20 0.0106 360 0 627 271
D20 0.0105 241 442 557 720
D20 0.0101 0 0 86 130
D20 0.0101 631 576 720 720
D20 0.0100 634 0 720 134
D20 0.0100 277 515 471 646
D20 0.0100 478 549 575 608
D40 0.0758 0 610 199 715
D40 0.0728 2 576 323 717
D40 0.0560 9 653 152 714
D40 0.0442 11 540 216 699
D40 0.0395 7 620 112 710
D40 0.0382 0 531 186 623
D40 0.0351 0 488 304 681
D40 0.0331 61 565 263 679
D40 0.0318 0 663 96 718
D40 0.0305 347 619 409 646
D40 0.0297 43 644 231 718
D40 0.0288 329 607 431 660
D40 0.0278 0 545 131 604
D40 0.0270 74 612 296 714
D40 0.0267 261 644 437 716
D40 0.0265 13 573 187 665
D40 0.0246 63 621 181 706
D40 0.0240 65 532 267 624
D40 0.0237 8 563 156 620
D40 0.0233 450 523 716 703
D40 0.0231 106 546 301 651
D40 0.0226 0 560 126 720
D40 0.0226 344 612 388 653
D40 0.0225 327 616 417 705
D40 0.0224 542 626 615 716
D40 0.0217 26 606 172 681
D40 0.0216 131 524 244 566
D40 0.0216 537 543 714 658
D40 0.0214 356 660 402 702
D40 0.0213 353 602 396 646
D40 0.0210 151 509 248 554
D40 0.0210 234 656 381 713
D40 0.0209 221 622 400 709
D40 0.0205 1 685 64 717
D40 0.0205 333 581 405 657
D40 0.0203 315 665 419 715
D40 0.0201 448 500 666 639
D40 0.0201 347 674 409 708
D40 0.0199 0 577 62 608
D40 0.0193 208 498 246 544
D40 0.0190 356 610 417 641
D40 0.0190 90 631 237 701
D40 0.0188 531 651 657 715
D40 0.0186 120 535 233 578
D40 0.0183 27 522 215 590
D40 0.0182 0 566 87 613
D40 0.0178 0 440 643 720
D40 0.0178 252 643 326 720
D40 0.0177 125 587 332 698
D40 0.0176 56 515 389 711
D40 0.0173 532 602 606 691
D40 0.0172 167 647 352 719
D40 0.0171 181 517 240 547
D40 0.0168 43 545 204 601
D40 0.0165 617 553 711 641
D40 0.0164 0 669 44 714
D40 0.0163 345 638 437 716
D40 0.0162 377 612 419 655
D40 0.0162 0 585 48 615
D40 0.0159 7 582 127 648
D40 0.0159 529 646 609 690
D40 0.0159 519 501 710 609
D40 0.0158 348 590 431 689
D40 0.0156 94 608 236 676
D40 0.0155 113 655 267 714
D40 0.0153 73 585 218 651
D40 0.0149 274 594 427 689
D40 0.0149 88 515 281 595
D40 0.0149 163 531 235 557
D40 0.0148 336 599 376 646
D40 0.0147 573 564 699 628
D40 0.0146 0 484 178 580
D40 0.0142 683 590 720 634
D40 0.0142 73 562 222 627
D40 0.0141 416 487 595 588
D40 0.0138 642 573 720 663
D40 0.0138 547 634 593 682
D40 0.0138 265 668 312 715
D40 0.0137 37 631 148 691
D40 0.0137 0 435 175 516
D40 0.0137 121 543 260 603
D40 0.0136 392 427 716 640
D40 0.0135 582 527 716 620
D40 0.0134 39 491 249 574
D40 0.0134 3 514 105 596
D40 0.0133 31 670 128 715
D40 0.0132 531 673 631 720
D40 0.0131 495 639 607 701
D40 0.0131 450 459 668 581
D40 0.0131 139 632 285 701
D40 0.0130 558 656 605 705
D40 0.0130 474 512 618 596
D40 0.0129 101 511 354 634
D40 0.0129 0 505 121 652
D40 0.0127 364 614 455 707
D40 0.0126 0 593 88 694
D40 0.0126 261 659 336 705
D40 0.0125 46 674 191 720
D40 0.0125 141 585 277 648
D40 0.0124 191 501 237 543
D40 0.0123 449 516 565 587
D40 0.0123 426 498 545 561
D40 0.0122 11 530 92 624
D40 0.0122 1 474 54 505
D40 0.0122 514 581 602 646
D40 0.0122 349 614 408 677
D40 0.0121 268 632 348 713
D40 0.0120 101 542 203 588
D40 0.0119 370 605 404 663
D40 0.0118 666 574 720 631
D40 0.0116 348 629 409 656
D40 0.0116 336 681 417 720
D40 0.0115 199 597 368 687
D40 0.0115 0 457 157 551
D40 0.0115 0 465 83 509
D40 0.0114 550 652 607 683
D40 0.0114 216 492 256 538
D40 0.0114 346 586 383 638
D40 0.0114 68 454 161 495
D40 0.0114 0 389 181 479
D40 0.0112 19 687 100 716
D40 0.0111 0 450 265 594
D40 0.0111 141 608 279 674
D40 0.0111 551 541 684 607
D40 0.0110 257 675 397 720
D40 0.0109 292 617 407 676
D40 0.0109 128 543 200 572
D40 0.0108 16 431 148 489
D40 0.0108 537 589 580 637
D40 0.0107 14 453 148 506
D40 0.0107 136 554 249 640
D40 0.0107 52 588 143 702
D40 0.0106 0 430 196 720
D40 0.0105 54 585 160 640
D40 0.0105 210 620 310 707
D40 0.0105 200 482 254 546
D40 0.0104 416 489 503 576
D40 0.0104 0 640 60 720
D40 0.0104 248 540 343 596
D40 0.0104 557 622 600 671
D40 0.0103 514 492 681 570
D40 0.0103 172 358 720 662
D40 0.0103 2 464 53 495
D40 0.0103 412 475 562 545
D40 0.0102 0 574 35 623
D40 0.0102 0 546 71 650
D40 0.0102 465 499 586 561
D40 0.0102 638 593 717 634
D40 0.0102 2 561 52 604
D40 0.0101 547 599 590 647
D40 0.0101 619 506 709 594
D40 0.0100 94 595 200 715
D40 0.0100 75 608 181 664
