D00 0.0655 205 506 236 561
D00 0.0462 199 498 266 565
D00 0.0443 62 524 181 702
D00 0.0430 141 493 290 648
D00 0.0401 436 548 473 634
D00 0.0393 199 517 249 553
D00 0.0391 195 502 247 604
D00 0.0364 211 499 246 554
D00 0.0343 408 511 466 635
D00 0.0336 16 484 211 711
D00 0.0322 11 528 148 699
D00 0.0312 390 460 487 652
D00 0.0311 187 482 302 590
D00 0.0308 207 482 286 552
D00 0.0304 379 496 456 640
D00 0.0290 206 506 262 544
D00 0.0288 336 400 444 600
D00 0.0287 200 504 271 633
D00 0.0286 509 525 572 623
D00 0.0279 96 521 231 703
D00 0.0279 193 483 314 678
D00 0.0273 429 571 463 629
D00 0.0271 187 514 242 570
D00 0.0260 423 537 489 631
D00 0.0256 288 427 400 618
D00 0.0253 429 462 548 642
D00 0.0253 86 553 159 686
D00 0.0247 376 524 424 632
D00 0.0240 430 412 482 510
D00 0.0239 354 470 434 636
D00 0.0236 146 468 346 705
D00 0.0235 595 485 714 649
D00 0.0235 165 530 262 692
D00 0.0232 421 449 502 622
D00 0.0229 237 452 358 626
D00 0.0227 375 419 454 586
D00 0.0225 267 482 348 559
D00 0.0224 63 490 236 635
D00 0.0224 324 435 400 514
D00 0.0217 370 408 427 508
D00 0.0217 170 526 222 629
D00 0.0216 430 503 479 615
D00 0.0215 204 521 237 586
D00 0.0214 213 512 262 597
D00 0.0213 569 529 633 631
D00 0.0209 249 445 294 480
D00 0.0209 175 484 253 556
D00 0.0209 195 500 229 555
D00 0.0208 289 472 371 547
D00 0.0208 306 447 455 658
D00 0.0207 315 461 381 590
D00 0.0206 386 505 435 604
D00 0.0203 284 482 368 641
D00 0.0200 260 478 409 689
D00 0.0198 449 569 478 628
D00 0.0197 336 439 404 565
D00 0.0195 175 560 338 712
D00 0.0193 213 526 293 606
D00 0.0192 404 408 460 508
D00 0.0191 181 534 260 619
D00 0.0190 282 490 335 590
D00 0.0190 114 493 286 572
D00 0.0188 298 452 382 526
D00 0.0187 440 433 470 499
D00 0.0186 215 493 268 537
D00 0.0185 63 535 138 673
D00 0.0184 94 552 143 652
D00 0.0184 217 455 292 523
D00 0.0183 234 486 316 604
D00 0.0183 544 454 676 636
D00 0.0182 360 437 424 566
D00 0.0182 232 449 290 496
D00 0.0181 244 437 278 484
D00 0.0181 408 656 483 720
D00 0.0180 0 633 58 720
D00 0.0180 151 509 255 561
D00 0.0179 152 531 231 659
D00 0.0177 474 541 596 716
D00 0.0177 447 511 516 629
D00 0.0177 243 648 412 720
D00 0.0176 339 484 402 618
D00 0.0176 248 665 344 720
D00 0.0176 624 513 702 636
D00 0.0175 214 525 339 653
D00 0.0175 97 595 152 699
D00 0.0174 385 557 450 655
D00 0.0174 427 683 508 720
D00 0.0173 187 508 244 543
D00 0.0171 106 534 182 668
D00 0.0171 0 561 88 704
D00 0.0170 105 619 164 714
D00 0.0170 0 470 121 644
D00 0.0170 364 504 415 605
D00 0.0170 398 539 476 664
D00 0.0169 32 557 120 685
D00 0.0169 336 684 418 720
D00 0.0169 210 520 262 563
D00 0.0166 199 616 416 713
D00 0.0162 375 485 425 580
D00 0.0162 200 548 271 679
D00 0.0161 372 547 408 629
D00 0.0160 437 656 519 720
D00 0.0160 317 504 380 633
D00 0.0158 0 438 76 502
D00 0.0158 164 517 238 598
D00 0.0158 441 534 469 607
D00 0.0157 188 522 273 587
D00 0.0157 403 647 464 670
D00 0.0156 14 659 129 716
D00 0.0156 385 545 413 614
D00 0.0156 400 535 442 627
D00 0.0155 429 431 460 498
D00 0.0155 124 553 206 682
D00 0.0155 304 481 361 575
D00 0.0153 425 514 464 603
D00 0.0153 312 665 415 719
D00 0.0152 286 473 331 547
D00 0.0151 143 562 222 639
D00 0.0151 122 568 270 720
D00 0.0151 109 575 148 673
D00 0.0150 329 514 416 654
D00 0.0150 537 687 624 720
D00 0.0150 62 497 164 550
D00 0.0149 366 431 410 513
D00 0.0148 98 469 245 558
D00 0.0147 1 450 91 485
D00 0.0147 311 651 480 720
D00 0.0147 257 428 290 478
D00 0.0147 439 638 573 720
D00 0.0146 390 430 429 511
D00 0.0146 472 652 550 720
D00 0.0146 0 574 43 669
D00 0.0146 351 423 401 501
D00 0.0145 414 688 476 719
D00 0.0144 175 645 342 720
D00 0.0144 197 497 254 528
D00 0.0143 76 581 140 694
D00 0.0143 181 559 211 624
D00 0.0143 406 527 555 711
D00 0.0142 402 640 441 675
D00 0.0142 651 532 718 650
D00 0.0142 433 670 478 716
D00 0.0142 589 537 653 642
D00 0.0141 418 559 452 627
D00 0.0141 206 548 279 623
D00 0.0140 152 479 248 606
D00 0.0140 378 640 504 720
D00 0.0140 255 687 317 719
D00 0.0139 294 514 346 613
D00 0.0139 249 456 296 492
D00 0.0138 387 647 457 717
D00 0.0138 49 488 150 632
D00 0.0137 395 486 445 582
D00 0.0137 293 601 455 716
D00 0.0137 361 657 438 720
D00 0.0137 79 544 152 622
D00 0.0136 395 514 424 576
D00 0.0136 366 688 431 719
D00 0.0136 129 516 209 641
D00 0.0135 165 569 244 650
D00 0.0135 253 440 318 486
D00 0.0134 361 558 430 658
D00 0.0133 386 522 415 588
D00 0.0132 244 446 326 508
D00 0.0132 280 670 359 715
D00 0.0132 366 670 410 715
D00 0.0131 261 534 347 687
D00 0.0131 342 448 386 524
D00 0.0130 510 589 599 720
D00 0.0130 293 649 371 718
D00 0.0130 243 585 368 696
D00 0.0130 389 560 430 635
D00 0.0129 307 463 356 537
D00 0.0129 210 483 257 523
D00 0.0129 357 614 480 706
D00 0.0129 303 683 388 720
D00 0.0129 420 483 470 583
D00 0.0129 228 469 278 507
D00 0.0129 403 654 464 680
D00 0.0128 517 656 595 720
D00 0.0128 503 414 625 583
D00 0.0128 98 487 176 556
D00 0.0128 2 433 114 479
D00 0.0128 539 460 607 538
D00 0.0127 275 687 340 719
D00 0.0127 201 471 244 550
D00 0.0127 190 494 235 537
D00 0.0127 0 412 167 676
D00 0.0126 225 503 276 581
D00 0.0125 433 492 507 573
D00 0.0125 227 483 279 523
D00 0.0125 278 514 319 592
D00 0.0125 524 689 590 719
D00 0.0125 395 533 424 602
D00 0.0125 88 505 164 581
D00 0.0124 489 520 546 610
D00 0.0123 406 645 437 696
D00 0.0122 268 557 391 670
D00 0.0122 360 528 503 716
D00 0.0122 15 520 94 642
D00 0.0121 97 468 180 530
D00 0.0121 293 499 325 564
D00 0.0121 413 505 452 586
D00 0.0121 280 449 339 535
D00 0.0121 614 0 720 180
D00 0.0120 102 569 153 638
D00 0.0120 385 504 414 565
D00 0.0120 225 546 258 608
D00 0.0119 261 635 395 698
D00 0.0119 434 538 525 664
D00 0.0119 403 573 445 639
D00 0.0119 331 461 376 535
D00 0.0119 411 669 454 715
D00 0.0119 347 655 406 713
D00 0.0118 158 548 214 614
D00 0.0118 1 592 32 656
D00 0.0117 428 664 461 719
D00 0.0116 0 456 81 596
D00 0.0116 0 604 65 691
D00 0.0116 405 583 470 679
D00 0.0116 213 677 315 720
D00 0.0116 414 569 501 693
D00 0.0115 105 516 246 583
D00 0.0115 87 492 166 531
D00 0.0115 384 441 415 506
D00 0.0115 566 691 637 718
D00 0.0115 175 558 236 624
D00 0.0115 75 471 172 603
D00 0.0115 1 536 72 663
D00 0.0115 376 569 460 692
D00 0.0114 57 638 123 720
D00 0.0114 454 549 495 628
D00 0.0114 172 519 237 551
D00 0.0114 217 633 347 700
D00 0.0114 455 688 522 719
D00 0.0114 459 566 554 697
D00 0.0114 258 527 333 602
D00 0.0113 0 673 91 720
D00 0.0113 406 535 461 604
D00 0.0113 417 635 445 682
D00 0.0113 120 642 198 719
D00 0.0113 567 373 712 608
D00 0.0113 37 438 131 472
D00 0.0113 303 490 338 552
D00 0.0112 369 494 408 571
D00 0.0112 642 454 720 618
D00 0.0112 190 584 287 719
D00 0.0112 266 675 326 713
D00 0.0112 571 485 628 588
D00 0.0111 516 555 561 632
D00 0.0111 379 683 465 720
D00 0.0111 375 533 404 602
D00 0.0110 357 524 396 607
D00 0.0110 334 676 397 711
D00 0.0110 451 535 480 606
D00 0.0110 263 491 312 571
D00 0.0110 338 495 417 570
D00 0.0110 246 551 314 677
D00 0.0110 504 543 548 627
D00 0.0109 205 465 266 515
D00 0.0108 0 616 39 699
D00 0.0108 322 654 386 711
D00 0.0108 62 428 150 462
D00 0.0108 306 635 441 696
D00 0.0108 6 443 69 472
D00 0.0108 612 585 711 712
D00 0.0107 118 593 177 703
D00 0.0107 434 602 528 719
D00 0.0107 1 571 32 635
D00 0.0107 108 500 183 619
D00 0.0106 314 490 350 551
D00 0.0106 45 672 147 720
D00 0.0106 405 524 436 588
D00 0.0106 380 571 419 644
D00 0.0106 388 629 458 688
D00 0.0105 105 502 153 544
D00 0.0105 407 621 437 671
D00 0.0105 386 463 433 562
D00 0.0105 285 550 359 626
D00 0.0104 432 467 485 556
D00 0.0104 555 680 670 720
D00 0.0103 480 676 587 720
D00 0.0102 389 659 433 703
D00 0.0102 501 662 563 720
D00 0.0102 380 470 417 551
D00 0.0102 446 502 485 589
D00 0.0102 0 539 43 637
D00 0.0102 113 582 194 661
D00 0.0101 595 557 630 626
D00 0.0101 238 469 288 537
D00 0.0101 334 513 373 596
D00 0.0101 311 513 353 595
D00 0.0101 0 429 46 486
D00 0.0101 368 458 407 537
D00 0.0100 116 481 206 518
D00 0.0100 325 480 361 540
D00 0.0100 220 444 269 501
D00 0.0100 178 523 226 564
D00 0.0100 676 554 720 650
D10 0.0354 0 646 136 697
D10 0.0173 414 644 505 674
D10 0.0167 23 656 110 685
D10 0.0159 382 477 503 518
D10 0.0121 407 649 515 691
D10 0.0118 422 654 495 677
D10 0.0106 86 616 180 681
D10 0.0105 3 637 102 682
D10 0.0104 10 664 91 695
D10 0.0104 0 606 92 668
D10 0.0101 0 572 93 634
D20 0.1750 104 468 701 665
D20 0.0788 54 490 509 699
D20 0.0691 407 422 720 646
D20 0.0649 498 490 720 638
D20 0.0634 220 531 720 720
D20 0.0599 189 473 369 586
D20 0.0599 246 335 707 661
D20 0.0568 15 423 569 635
D20 0.0568 390 516 616 632
D20 0.0500 210 451 414 563
D20 0.0438 341 540 562 643
D20 0.0370 151 492 335 610
D20 0.0370 0 198 669 710
D20 0.0348 270 538 494 648
D20 0.0346 374 500 515 641
D20 0.0335 405 243 720 708
D20 0.0335 202 497 295 553
D20 0.0328 237 465 393 622
D20 0.0304 21 18 720 530
D20 0.0300 222 431 326 478
D20 0.0298 384 573 489 632
D20 0.0288 342 446 646 720
D20 0.0275 289 443 438 613
D20 0.0267 0 545 305 720
D20 0.0266 378 547 459 639
D20 0.0265 228 412 291 479
D20 0.0261 492 635 705 720
D20 0.0254 552 536 720 668
D20 0.0253 69 500 281 617
D20 0.0253 546 585 710 711
D20 0.0246 404 641 618 720
D20 0.0238 219 433 279 479
D20 0.0236 539 433 720 720
D20 0.0228 155 527 352 656
D20 0.0227 341 510 453 636
D20 0.0226 195 439 339 550
D20 0.0225 317 576 483 651
D20 0.0219 118 473 324 563
D20 0.0219 196 527 470 720
D20 0.0215 0 0 489 353
D20 0.0214 601 469 720 649
D20 0.0210 201 0 720 353
D20 0.0208 248 511 409 661
D20 0.0203 0 142 348 720
D20 0.0182 312 643 530 720
D20 0.0178 242 412 339 461
D20 0.0174 258 415 511 719
D20 0.0171 293 589 501 680
D20 0.0170 305 0 720 720
D20 0.0169 409 560 508 625
D20 0.0169 0 451 186 720
D20 0.0168 312 472 529 597
D20 0.0168 220 563 450 669
D20 0.0167 547 656 688 714
D20 0.0166 268 617 479 708
D20 0.0164 385 604 546 716
D20 0.0162 235 427 285 466
D20 0.0160 368 525 472 681
D20 0.0156 0 392 312 629
D20 0.0154 517 566 640 720
D20 0.0153 417 657 556 717
D20 0.0148 454 509 676 720
D20 0.0148 0 556 147 684
D20 0.0145 546 0 720 273
D20 0.0143 558 451 720 592
D20 0.0137 541 163 720 632
D20 0.0135 511 368 720 610
D20 0.0132 560 78 720 381
D20 0.0131 0 574 92 720
D20 0.0128 458 0 720 174
D20 0.0128 0 0 175 265
D20 0.0127 100 333 540 709
D20 0.0126 317 524 434 688
D20 0.0123 0 502 119 654
D20 0.0123 490 88 704 455
D20 0.0118 448 182 667 577
D20 0.0117 533 474 599 569
D20 0.0116 630 569 720 720
D20 0.0115 336 628 504 700
D20 0.0115 591 629 719 720
D20 0.0110 0 0 325 215
D20 0.0101 0 0 86 134
D40 0.2747 390 427 458 453
D40 0.2516 354 420 461 459
D40 0.2339 506 528 683 647
D40 0.2045 318 416 489 475
D40 0.1924 351 427 428 455
D40 0.1733 379 422 438 456
D40 0.1701 441 489 665 640
D40 0.1691 322 458 708 657
D40 0.1681 518 555 640 633
D40 0.1653 416 423 463 457
D40 0.1630 497 509 625 631
D40 0.1614 61 642 144 692
D40 0.1593 365 423 545 498
D40 0.1589 321 416 433 455
D40 0.1496 290 421 454 494
D40 0.1389 16 619 171 702
D40 0.1359 384 433 590 532
D40 0.1322 436 464 545 512
D40 0.1313 528 581 664 642
D40 0.1298 159 438 628 627
D40 0.1280 376 429 454 469
D40 0.1275 336 424 432 476
D40 0.1185 445 475 516 504
D40 0.1169 457 453 613 613
D40 0.1135 0 502 387 711
D40 0.1108 405 421 492 453
D40 0.1107 379 417 524 471
D40 0.1088 279 448 582 594
D40 0.1006 208 423 564 554
D40 0.0951 451 440 550 495
D40 0.0944 436 459 589 546
D40 0.0916 389 417 461 484
D40 0.0913 346 538 643 662
D40 0.0907 31 578 296 707
D40 0.0905 308 425 518 528
D40 0.0895 394 448 532 509
D40 0.0886 76 467 513 671
D40 0.0885 153 462 443 586
D40 0.0866 365 436 431 466
D40 0.0857 549 589 630 635
D40 0.0838 56 655 132 683
D40 0.0831 384 468 593 644
D40 0.0828 245 414 434 472
D40 0.0824 425 596 482 629
D40 0.0823 497 484 604 579
D40 0.0820 291 421 408 462
D40 0.0819 258 432 410 488
D40 0.0807 519 515 647 590
D40 0.0803 409 435 466 465
D40 0.0795 373 411 452 449
D40 0.0793 336 401 475 452
D40 0.0760 443 576 679 696
D40 0.0745 439 484 505 509
D40 0.0737 228 488 544 631
D40 0.0729 317 429 406 456
D40 0.0729 244 430 443 536
D40 0.0706 504 530 595 591
D40 0.0704 490 542 589 634
D40 0.0701 463 436 541 474
D40 0.0697 105 492 395 639
D40 0.0692 48 649 175 709
D40 0.0684 405 584 506 632
D40 0.0681 477 450 543 482
D40 0.0674 356 408 653 569
D40 0.0666 56 574 178 699
D40 0.0665 435 525 606 624
D40 0.0664 20 514 216 702
D40 0.0644 455 464 526 496
D40 0.0631 448 570 624 646
D40 0.0630 459 447 583 517
D40 0.0621 448 474 561 527
D40 0.0620 303 420 395 447
D40 0.0613 523 591 679 672
D40 0.0603 354 413 425 443
D40 0.0601 390 433 481 518
D40 0.0600 273 413 386 453
D40 0.0593 576 546 694 640
D40 0.0570 69 628 195 698
D40 0.0568 534 569 603 631
D40 0.0561 0 561 152 703
D40 0.0556 90 509 305 697
D40 0.0554 315 434 404 472
D40 0.0552 224 448 389 524
D40 0.0548 298 404 422 448
D40 0.0547 401 426 503 483
D40 0.0546 216 486 326 538
D40 0.0539 187 515 588 678
D40 0.0539 414 606 474 631
D40 0.0539 326 443 451 511
D40 0.0536 216 451 273 480
D40 0.0533 2 438 185 530
D40 0.0531 495 536 569 578
D40 0.0523 437 470 481 505
D40 0.0521 460 483 563 576
D40 0.0521 446 459 490 501
D40 0.0513 449 427 531 461
D40 0.0513 270 394 467 464
D40 0.0512 207 468 359 552
D40 0.0509 7 638 115 712
D40 0.0507 283 446 413 514
D40 0.0506 399 410 476 447
D40 0.0496 498 481 720 676
D40 0.0494 138 531 431 677
D40 0.0491 268 538 704 710
D40 0.0490 23 461 342 606
D40 0.0483 459 485 537 514
D40 0.0480 565 600 654 637
D40 0.0469 404 356 678 643
D40 0.0464 475 461 542 492
D40 0.0461 435 577 473 627
D40 0.0461 407 445 526 563
D40 0.0460 442 424 487 459
D40 0.0460 487 447 552 507
D40 0.0459 431 429 473 475
D40 0.0450 492 495 572 615
D40 0.0450 442 420 509 448
D40 0.0449 554 507 668 606
D40 0.0446 538 530 630 610
D40 0.0443 82 600 160 704
D40 0.0441 189 453 260 480
D40 0.0437 512 530 606 666
D40 0.0430 565 563 650 637
D40 0.0427 526 536 620 580
D40 0.0421 200 496 305 551
D40 0.0421 415 476 518 515
D40 0.0421 373 415 423 466
D40 0.0419 166 444 277 483
D40 0.0418 456 517 584 588
D40 0.0418 413 589 458 632
D40 0.0409 0 372 710 672
D40 0.0408 241 476 349 529
D40 0.0408 517 544 581 614
D40 0.0404 434 409 531 481
D40 0.0398 483 484 585 540
D40 0.0398 359 432 458 495
D40 0.0393 279 419 351 448
D40 0.0392 7 593 116 689
D40 0.0391 12 474 153 533
D40 0.0390 80 426 425 550
D40 0.0388 441 474 521 545
D40 0.0380 198 477 320 587
D40 0.0380 77 588 235 691
D40 0.0380 219 436 353 486
D40 0.0379 541 558 705 689
D40 0.0376 218 360 624 537
D40 0.0374 413 423 452 477
D40 0.0371 544 586 613 622
D40 0.0371 207 440 264 474
D40 0.0370 2 477 176 582
D40 0.0369 50 619 146 682
D40 0.0369 325 425 404 502
D40 0.0367 473 473 543 505
D40 0.0365 585 590 638 633
D40 0.0363 428 419 549 597
D40 0.0362 387 551 555 637
D40 0.0359 0 627 246 720
D40 0.0359 500 605 702 710
D40 0.0358 4 451 129 516
D40 0.0356 480 507 576 569
D40 0.0356 390 422 428 475
D40 0.0354 285 429 365 455
D40 0.0352 230 433 273 478
D40 0.0350 203 458 326 511
D40 0.0348 465 445 516 490
D40 0.0348 496 575 623 685
D40 0.0347 557 597 605 637
D40 0.0341 125 445 242 485
D40 0.0341 275 460 373 550
D40 0.0340 248 495 319 527
D40 0.0339 386 594 485 638
D40 0.0336 608 568 709 652
D40 0.0334 292 388 556 488
D40 0.0333 214 461 276 485
D40 0.0333 512 543 563 590
D40 0.0332 519 494 644 563
D40 0.0328 503 527 551 570
D40 0.0328 314 420 462 584
D40 0.0328 40 456 197 510
D40 0.0327 554 545 634 588
D40 0.0327 397 546 475 639
D40 0.0326 395 416 449 462
D40 0.0317 102 567 261 665
D40 0.0317 315 411 403 440
D40 0.0316 278 507 486 675
D40 0.0315 505 446 557 487
D40 0.0314 365 391 535 458
D40 0.0314 446 431 521 533
D40 0.0314 395 399 595 496
D40 0.0314 484 435 568 545
D40 0.0312 254 420 349 465
D40 0.0310 507 513 586 556
D40 0.0308 531 595 593 630
D40 0.0304 363 576 525 647
D40 0.0303 434 437 497 466
D40 0.0300 440 436 497 499
D40 0.0299 25 430 209 497
D40 0.0299 484 458 627 556
D40 0.0299 486 480 539 521
D40 0.0298 415 616 646 711
D40 0.0298 523 554 609 602
D40 0.0298 76 649 128 699
D40 0.0298 420 410 504 462
D40 0.0297 0 471 91 528
D40 0.0297 520 462 678 625
D40 0.0296 289 589 591 698
D40 0.0295 517 541 593 573
D40 0.0292 490 496 558 523
D40 0.0292 263 486 330 516
D40 0.0290 382 402 491 554
D40 0.0290 434 489 510 527
D40 0.0290 67 665 147 712
D40 0.0289 2 456 49 498
D40 0.0286 147 563 515 714
D40 0.0286 429 562 479 640
D40 0.0285 406 442 480 490
D40 0.0285 439 597 510 627
D40 0.0283 156 454 238 480
D40 0.0283 198 425 397 505
D40 0.0281 512 501 595 541
D40 0.0280 512 531 579 563
D40 0.0280 464 482 537 539
D40 0.0278 32 467 255 554
D40 0.0278 575 535 626 581
D40 0.0278 418 600 599 671
D40 0.0277 96 444 203 490
D40 0.0274 573 581 627 626
D40 0.0274 426 426 495 529
D40 0.0273 56 447 278 523
D40 0.0272 356 420 401 462
D40 0.0272 223 506 299 538
D40 0.0270 15 496 149 556
D40 0.0269 273 489 322 532
D40 0.0269 368 423 409 476
D40 0.0269 108 612 214 704
D40 0.0268 29 657 128 697
D40 0.0268 254 482 335 558
D40 0.0268 498 466 547 511
D40 0.0267 417 486 486 508
D40 0.0267 269 429 335 459
D40 0.0266 314 443 394 486
D40 0.0266 187 463 260 486
D40 0.0265 500 471 566 530
D40 0.0264 130 544 284 642
D40 0.0263 345 412 437 541
D40 0.0263 346 441 423 486
D40 0.0259 520 578 582 634
D40 0.0259 354 431 506 627
D40 0.0258 239 451 304 477
D40 0.0258 454 495 526 523
D40 0.0257 511 592 612 640
D40 0.0256 456 472 495 520
D40 0.0256 476 432 570 484
D40 0.0255 0 445 62 513
D40 0.0254 0 517 174 645
D40 0.0254 449 428 511 485
D40 0.0253 484 427 536 465
D40 0.0253 379 473 505 526
D40 0.0252 482 528 558 603
D40 0.0252 222 422 265 471
D40 0.0252 460 455 512 517
D40 0.0252 437 416 469 458
D40 0.0252 551 574 635 681
D40 0.0251 201 428 280 480
D40 0.0251 387 440 431 487
D40 0.0249 334 460 497 540
D40 0.0249 548 631 685 696
D40 0.0248 95 460 183 496
D40 0.0248 145 504 299 596
D40 0.0247 280 435 370 471
D40 0.0247 68 546 226 645
D40 0.0247 151 456 264 492
D40 0.0246 268 471 352 510
D40 0.0245 16 501 232 616
D40 0.0244 439 503 533 603
D40 0.0243 305 369 552 657
D40 0.0243 290 412 410 558
D40 0.0243 98 645 151 692
D40 0.0243 74 639 119 686
D40 0.0242 394 607 458 634
D40 0.0242 172 419 269 471
D40 0.0241 379 421 448 529
D40 0.0240 590 595 699 642
D40 0.0240 495 493 558 555
D40 0.0238 597 607 670 636
D40 0.0238 0 642 70 718
D40 0.0238 87 458 250 507
D40 0.0236 85 470 172 506
D40 0.0236 70 605 399 720
D40 0.0235 260 455 363 504
D40 0.0234 443 398 566 542
D40 0.0233 427 412 478 503
D40 0.0233 402 630 574 702
D40 0.0232 429 450 484 485
D40 0.0232 99 430 279 490
D40 0.0232 432 410 496 439
D40 0.0231 7 661 157 720
D40 0.0231 538 531 612 563
D40 0.0230 174 442 247 472
D40 0.0230 511 496 577 527
D40 0.0229 504 506 569 534
D40 0.0229 323 455 412 548
D40 0.0228 88 652 227 712
D40 0.0228 529 573 589 608
D40 0.0227 287 411 363 440
D40 0.0227 534 545 596 590
D40 0.0225 491 441 532 493
D40 0.0223 420 482 504 575
D40 0.0223 255 444 410 629
D40 0.0223 201 450 283 492
D40 0.0223 528 507 602 565
D40 0.0223 466 584 587 633
D40 0.0222 595 502 715 659
D40 0.0222 81 579 202 657
D40 0.0221 91 525 255 623
D40 0.0221 416 522 498 626
D40 0.0221 311 430 388 535
D40 0.0220 63 476 166 524
D40 0.0220 403 449 459 483
D40 0.0220 253 440 318 470
D40 0.0219 533 557 576 623
D40 0.0217 236 491 291 533
D40 0.0217 499 455 576 498
D40 0.0216 555 524 632 570
D40 0.0216 141 477 305 549
D40 0.0216 181 520 327 618
D40 0.0215 419 595 533 637
D40 0.0215 583 604 705 667
D40 0.0215 396 611 530 663
D40 0.0215 457 410 519 457
D40 0.0214 424 575 549 626
D40 0.0214 475 442 527 511
D40 0.0212 2 497 124 614
D40 0.0211 3 477 50 523
D40 0.0211 521 560 578 595
D40 0.0211 419 465 479 496
D40 0.0211 499 396 683 579
D40 0.0210 250 434 294 475
D40 0.0208 432 356 607 521
D40 0.0207 250 497 347 594
D40 0.0207 548 579 587 634
D40 0.0206 125 460 220 492
D40 0.0205 6 425 103 503
D40 0.0204 424 641 532 681
D40 0.0204 179 379 501 505
D40 0.0204 558 547 656 613
D40 0.0204 362 276 591 627
D40 0.0203 416 408 450 454
D40 0.0203 248 482 302 522
D40 0.0203 512 459 591 538
D40 0.0203 238 455 284 491
D40 0.0202 402 572 569 693
D40 0.0202 335 587 465 644
D40 0.0201 527 519 601 546
D40 0.0201 108 575 221 633
D40 0.0201 581 519 640 616
D40 0.0201 431 648 506 671
D40 0.0200 212 517 285 548
D40 0.0200 394 472 486 506
D40 0.0199 133 454 301 515
D40 0.0198 270 448 352 483
D40 0.0197 260 499 313 542
D40 0.0197 258 480 415 569
D40 0.0196 36 482 133 519
D40 0.0196 528 619 626 703
D40 0.0196 368 449 426 480
D40 0.0194 439 650 620 720
D40 0.0193 410 496 531 554
D40 0.0192 54 443 162 490
D40 0.0192 157 464 238 487
D40 0.0192 240 422 280 471
D40 0.0191 24 577 143 662
D40 0.0191 232 471 317 509
D40 0.0191 0 490 67 533
D40 0.0191 80 627 134 673
D40 0.0191 287 424 367 508
D40 0.0190 19 518 146 581
D40 0.0188 75 434 181 479
D40 0.0186 459 637 602 697
D40 0.0186 204 420 463 696
D40 0.0186 0 450 77 487
D40 0.0184 464 513 558 643
D40 0.0184 49 472 144 509
D40 0.0184 426 479 468 512
D40 0.0184 196 514 299 573
D40 0.0184 340 420 393 484
D40 0.0184 299 456 381 499
D40 0.0183 388 467 495 603
D40 0.0183 117 616 295 709
D40 0.0183 0 411 280 546
D40 0.0182 278 464 343 491
D40 0.0182 159 534 275 608
D40 0.0181 442 449 472 504
D40 0.0181 403 394 459 465
D40 0.0180 193 428 255 461
D40 0.0180 0 449 100 555
D40 0.0179 521 521 564 580
D40 0.0179 298 472 402 528
D40 0.0179 276 489 361 534
D40 0.0178 124 453 201 482
D40 0.0178 481 431 520 482
D40 0.0176 144 583 269 649
D40 0.0175 63 460 155 498
D40 0.0175 290 493 392 550
D40 0.0175 41 646 121 678
D40 0.0175 408 345 543 553
D40 0.0175 84 492 264 570
D40 0.0174 498 519 558 551
D40 0.0174 337 390 432 441
D40 0.0173 607 591 661 634
D40 0.0173 443 571 505 627
D40 0.0172 423 401 522 446
D40 0.0171 287 479 371 521
D40 0.0170 526 513 582 588
D40 0.0169 0 412 238 673
D40 0.0168 54 673 177 720
D40 0.0168 261 443 340 538
D40 0.0168 117 439 208 475
D40 0.0168 395 571 457 631
D40 0.0167 589 536 652 599
D40 0.0167 382 598 448 629
D40 0.0166 463 513 547 558
D40 0.0165 149 581 360 700
D40 0.0165 18 541 131 596
D40 0.0165 52 546 149 649
D40 0.0164 495 424 595 510
D40 0.0163 88 641 146 675
D40 0.0163 501 433 541 482
D40 0.0162 564 649 647 686
D40 0.0162 556 502 623 591
D40 0.0162 548 604 638 652
D40 0.0162 93 480 249 534
D40 0.0161 5 471 69 506
D40 0.0161 577 554 627 602
D40 0.0161 0 399 189 489
D40 0.0160 408 440 468 566
D40 0.0159 242 459 327 493
D40 0.0159 146 443 225 472
D40 0.0158 369 408 409 452
D40 0.0158 231 407 322 478
D40 0.0158 527 657 670 715
D40 0.0158 458 560 573 620
D40 0.0157 0 408 86 457
D40 0.0157 0 496 103 546
D40 0.0156 543 513 621 554
D40 0.0156 70 489 175 570
D40 0.0154 480 472 520 525
D40 0.0154 442 654 517 679
D40 0.0154 1 658 51 704
D40 0.0154 481 466 546 558
D40 0.0153 511 485 575 518
D40 0.0153 494 553 569 601
D40 0.0153 25 491 119 528
D40 0.0152 117 592 226 652
D40 0.0152 157 445 346 670
D40 0.0151 187 567 281 663
D40 0.0151 346 414 388 455
D40 0.0151 383 456 465 500
D40 0.0150 474 531 540 561
D40 0.0150 561 568 620 615
D40 0.0150 115 470 205 505
D40 0.0150 0 407 53 437
D40 0.0150 381 585 498 678
D40 0.0149 506 597 572 629
D40 0.0149 14 476 93 581
D40 0.0149 295 474 365 503
D40 0.0148 589 580 676 627
D40 0.0147 355 610 484 663
D40 0.0147 11 485 86 517
D40 0.0147 310 468 390 510
D40 0.0146 61 397 276 481
D40 0.0146 638 546 720 643
D40 0.0145 518 486 571 564
D40 0.0145 8 547 109 647
D40 0.0145 238 510 323 553
D40 0.0145 298 452 369 480
D40 0.0144 382 430 416 494
D40 0.0144 456 404 501 442
D40 0.0144 462 416 522 501
D40 0.0143 130 422 241 468
D40 0.0143 610 616 710 701
D40 0.0143 285 498 331 544
D40 0.0142 223 474 285 501
D40 0.0142 77 637 152 720
D40 0.0142 337 328 517 578
D40 0.0141 334 420 376 464
D40 0.0141 119 273 697 600
D40 0.0141 0 463 57 549
D40 0.0141 517 607 582 635
D40 0.0141 75 527 170 623
D40 0.0141 141 605 273 675
D40 0.0140 222 447 291 538
D40 0.0140 481 506 548 536
D40 0.0140 262 446 311 481
D40 0.0140 366 561 440 636
D40 0.0140 515 483 552 541
D40 0.0139 0 507 59 536
D40 0.0139 264 424 312 465
D40 0.0139 403 429 438 495
D40 0.0138 161 433 235 478
D40 0.0138 26 434 139 476
D40 0.0138 542 488 591 535
D40 0.0137 270 577 445 655
D40 0.0137 333 403 409 469
D40 0.0137 450 425 482 487
D40 0.0137 97 480 179 518
D40 0.0137 618 608 695 638
D40 0.0137 328 547 418 639
D40 0.0136 413 468 454 506
D40 0.0136 218 419 365 587
D40 0.0136 223 487 289 516
D40 0.0135 90 657 168 704
D40 0.0135 93 609 141 688
D40 0.0135 521 480 617 542
D40 0.0134 433 461 487 536
D40 0.0134 461 412 581 471
D40 0.0133 290 390 400 436
D40 0.0133 92 453 169 482
D40 0.0132 447 648 546 698
D40 0.0132 207 542 301 640
D40 0.0132 599 575 649 638
D40 0.0132 376 481 453 575
D40 0.0132 303 498 389 598
D40 0.0132 82 485 155 513
D40 0.0132 238 524 406 618
D40 0.0132 518 466 570 512
D40 0.0132 471 421 508 470
D40 0.0131 594 528 630 589
D40 0.0131 570 538 613 600
D40 0.0131 3 437 49 478
D40 0.0131 350 376 472 501
D40 0.0131 551 561 621 593
D40 0.0130 257 403 352 448
D40 0.0130 139 422 335 499
D40 0.0130 228 514 332 576
D40 0.0130 220 540 327 595
D40 0.0130 241 471 309 549
D40 0.0129 6 418 68 446
D40 0.0129 507 536 544 596
D40 0.0128 542 507 605 536
D40 0.0128 12 444 126 490
D40 0.0128 465 544 548 588
D40 0.0128 594 650 673 691
D40 0.0126 464 598 535 627
D40 0.0126 378 589 420 633
D40 0.0125 368 395 443 432
D40 0.0125 298 631 569 720
D40 0.0125 439 490 497 554
D40 0.0125 339 485 497 568
D40 0.0125 510 585 571 619
D40 0.0124 270 503 374 562
D40 0.0124 421 522 540 680
D40 0.0124 319 488 366 534
D40 0.0124 444 553 514 653
D40 0.0124 662 580 716 643
D40 0.0124 310 506 423 561
D40 0.0124 589 551 651 583
D40 0.0123 150 572 229 698
D40 0.0123 206 409 261 466
D40 0.0122 494 521 539 591
D40 0.0122 260 419 320 450
D40 0.0122 309 499 356 544
D40 0.0122 0 507 83 595
D40 0.0122 531 477 582 524
D40 0.0121 389 578 431 626
D40 0.0121 291 473 326 530
D40 0.0121 74 492 158 531
D40 0.0121 4 421 112 466
D40 0.0121 558 531 601 589
D40 0.0120 376 637 508 694
D40 0.0120 422 567 492 615
D40 0.0120 334 454 411 499
D40 0.0120 359 603 445 641
D40 0.0120 588 566 635 615
D40 0.0120 563 646 624 675
D40 0.0120 481 534 527 577
D40 0.0119 189 466 283 513
D40 0.0119 495 568 558 628
D40 0.0119 584 643 693 718
D40 0.0118 330 478 376 521
D40 0.0118 573 603 658 706
D40 0.0118 0 389 59 453
D40 0.0118 33 563 145 620
D40 0.0117 571 519 611 578
D40 0.0117 514 457 552 520
D40 0.0117 0 567 87 669
D40 0.0117 309 598 425 647
D40 0.0116 407 613 481 649
D40 0.0116 29 414 176 471
D40 0.0115 355 462 474 514
D40 0.0115 136 637 240 718
D40 0.0114 1 481 35 538
D40 0.0114 4 664 75 697
D40 0.0114 51 515 144 554
D40 0.0113 193 419 253 448
D40 0.0113 79 517 219 582
D40 0.0113 313 408 384 478
D40 0.0113 307 362 447 540
D40 0.0113 39 526 133 565
D40 0.0112 0 411 40 452
D40 0.0112 475 499 528 544
D40 0.0112 535 494 575 553
D40 0.0112 304 511 381 552
D40 0.0112 421 374 540 472
D40 0.0112 241 423 311 509
D40 0.0112 452 587 522 619
D40 0.0111 323 412 364 454
D40 0.0111 43 451 155 566
D40 0.0111 379 390 473 442
D40 0.0111 230 413 270 461
D40 0.0110 268 476 306 528
D40 0.0110 62 503 152 544
D40 0.0110 130 570 213 614
D40 0.0110 322 501 405 543
D40 0.0110 163 578 210 624
D40 0.0110 561 617 623 643
D40 0.0110 103 442 178 470
D40 0.0109 0 396 116 537
D40 0.0109 637 600 713 645
D40 0.0109 546 482 689 580
D40 0.0109 35 310 523 554
D40 0.0108 197 573 362 660
D40 0.0108 154 410 261 456
D40 0.0108 448 481 484 537
D40 0.0108 8 462 83 492
D40 0.0108 356 398 420 426
D40 0.0107 98 423 201 467
D40 0.0107 217 417 264 450
D40 0.0107 546 520 588 579
D40 0.0107 448 590 480 637
D40 0.0107 357 432 395 494
D40 0.0107 478 407 541 486
D40 0.0106 531 434 609 555
D40 0.0106 228 485 296 574
D40 0.0106 435 549 548 610
D40 0.0106 213 561 318 613
D40 0.0106 20 537 108 578
D40 0.0105 288 506 352 538
D40 0.0105 382 462 439 494
D40 0.0105 340 537 454 615
D40 0.0105 299 411 339 453
D40 0.0105 380 566 418 615
D40 0.0104 637 589 720 677
D40 0.0104 54 442 143 527
D40 0.0104 105 552 218 612
D40 0.0104 160 405 308 480
D40 0.0104 401 467 440 507
D40 0.0104 246 602 418 679
D40 0.0104 308 611 444 667
D40 0.0104 283 545 369 638
D40 0.0103 152 579 218 641
D40 0.0103 390 521 428 568
D40 0.0103 415 632 499 666
D40 0.0103 578 529 636 563
D40 0.0103 469 571 532 626
D40 0.0103 580 611 662 645
D40 0.0102 431 462 460 509
D40 0.0102 102 666 155 711
D40 0.0102 480 603 569 636
D40 0.0102 0 647 40 693
D40 0.0102 0 417 55 473
D40 0.0102 419 496 480 522
D40 0.0102 330 473 441 527
D40 0.0101 333 480 393 539
D40 0.0101 405 635 462 662
D40 0.0101 2 668 95 713
D40 0.0101 150 472 243 503
D40 0.0101 36 650 92 690
D40 0.0100 134 521 251 572
D40 0.0100 55 632 125 666
D40 0.0100 519 606 587 712
D40 0.0100 271 410 335 438
D40 0.0100 556 548 600 615
D40 0.0100 55 636 104 701
D40 0.0100 380 512 418 557
