D00 0.0544 3 529 110 720
D00 0.0439 281 533 332 647
D00 0.0385 319 444 390 525
D00 0.0365 325 454 380 563
D00 0.0358 421 469 465 584
D00 0.0350 0 626 50 720
D00 0.0337 343 443 396 504
D00 0.0309 415 492 452 579
D00 0.0305 20 569 88 711
D00 0.0304 354 436 407 492
D00 0.0270 472 585 550 663
D00 0.0269 476 461 537 522
D00 0.0266 339 439 433 580
D00 0.0261 429 500 457 571
D00 0.0260 299 556 337 651
D00 0.0259 302 456 361 559
D00 0.0244 121 425 468 697
D00 0.0240 6 548 68 692
D00 0.0238 32 531 163 720
D00 0.0227 337 585 413 664
D00 0.0222 285 572 353 653
D00 0.0219 343 475 383 568
D00 0.0214 46 514 121 597
D00 0.0212 283 478 335 592
D00 0.0210 371 443 401 503
D00 0.0205 433 490 471 576
D00 0.0200 360 453 392 518
D00 0.0196 346 454 383 517
D00 0.0196 336 453 403 543
D00 0.0196 371 449 457 587
D00 0.0195 497 469 549 539
D00 0.0194 396 587 472 665
D00 0.0190 636 688 720 720
D00 0.0189 398 471 448 586
D00 0.0189 427 453 459 552
D00 0.0189 484 468 520 528
D00 0.0188 411 444 454 561
D00 0.0185 18 627 77 720
D00 0.0184 276 570 322 648
D00 0.0184 493 588 579 659
D00 0.0181 358 570 436 665
D00 0.0179 40 486 116 561
D00 0.0178 488 612 535 658
D00 0.0176 514 470 577 564
D00 0.0175 432 445 477 559
D00 0.0175 294 580 326 645
D00 0.0174 590 691 659 720
D00 0.0174 424 586 464 663
D00 0.0173 337 475 371 545
D00 0.0173 258 582 336 656
D00 0.0172 445 448 539 579
D00 0.0171 490 552 552 652
D00 0.0170 293 548 367 637
D00 0.0170 5 480 149 684
D00 0.0169 402 516 459 597
D00 0.0169 448 451 523 527
D00 0.0168 13 649 58 720
D00 0.0167 399 440 482 584
D00 0.0167 411 690 479 720
D00 0.0164 458 594 526 656
D00 0.0163 69 473 120 569
D00 0.0163 0 501 84 651
D00 0.0162 4 414 312 720
D00 0.0162 564 415 713 633
D00 0.0161 355 464 393 557
D00 0.0159 6 652 114 719
D00 0.0159 419 588 499 662
D00 0.0157 77 509 137 599
D00 0.0156 346 570 389 661
D00 0.0156 200 526 257 629
D00 0.0155 300 586 385 661
D00 0.0152 501 596 544 664
D00 0.0151 304 591 335 653
D00 0.0150 33 597 110 716
D00 0.0149 430 466 498 586
D00 0.0147 420 602 449 662
D00 0.0147 5 603 46 691
D00 0.0146 323 487 365 575
D00 0.0145 35 542 86 661
D00 0.0144 311 691 376 718
D00 0.0144 374 443 416 485
D00 0.0144 340 498 369 567
D00 0.0142 18 471 134 610
D00 0.0141 254 580 352 708
D00 0.0141 15 507 100 585
D00 0.0141 549 688 637 720
D00 0.0140 139 347 187 446
D00 0.0140 27 685 113 720
D00 0.0140 640 525 720 672
D00 0.0140 91 541 144 650
D00 0.0139 431 447 456 508
D00 0.0139 422 431 465 526
D00 0.0137 6 607 150 720
D00 0.0136 443 690 510 720
D00 0.0135 61 495 106 579
D00 0.0134 72 468 138 540
D00 0.0134 2 646 34 716
D00 0.0133 134 563 261 720
D00 0.0133 488 482 546 586
D00 0.0132 37 473 159 567
D00 0.0131 617 667 720 718
D00 0.0130 318 561 395 651
D00 0.0129 407 514 439 579
D00 0.0129 175 627 307 720
D00 0.0128 282 602 340 660
D00 0.0128 369 421 420 502
D00 0.0128 309 487 352 579
D00 0.0127 7 665 46 718
D00 0.0126 501 690 569 719
D00 0.0126 374 584 420 664
D00 0.0124 340 505 394 595
D00 0.0123 92 473 121 533
D00 0.0123 482 603 565 647
D00 0.0122 348 549 408 635
D00 0.0122 417 438 449 515
D00 0.0122 269 460 333 557
D00 0.0121 418 555 473 658
D00 0.0121 421 476 446 555
D00 0.0120 472 465 513 546
D00 0.0119 426 514 483 600
D00 0.0119 493 583 530 647
D00 0.0119 217 333 271 435
D00 0.0118 479 564 526 643
D00 0.0118 445 477 483 567
D00 0.0118 441 475 467 552
D00 0.0117 0 540 55 640
D00 0.0116 533 690 603 720
D00 0.0115 620 485 711 630
D00 0.0115 639 641 717 712
D00 0.0115 57 571 136 704
D00 0.0114 5 569 47 662
D00 0.0114 459 457 500 539
D00 0.0114 274 687 363 719
D00 0.0113 416 530 472 616
D00 0.0113 81 482 112 543
D00 0.0112 323 689 407 720
D00 0.0112 659 597 718 686
D00 0.0111 466 688 555 720
D00 0.0110 292 592 350 686
D00 0.0110 52 526 97 602
D00 0.0110 426 442 495 516
D00 0.0109 315 530 370 622
D00 0.0109 441 455 467 523
D00 0.0109 377 562 459 647
D00 0.0109 80 563 215 720
D00 0.0108 0 366 35 453
D00 0.0108 76 480 169 600
D00 0.0107 534 492 581 576
D00 0.0107 53 630 116 720
D00 0.0107 447 568 512 661
D00 0.0106 14 581 58 674
D00 0.0106 404 675 511 720
D00 0.0106 390 507 435 585
D00 0.0105 350 511 379 575
D00 0.0105 577 673 678 720
D00 0.0104 78 491 132 553
D00 0.0104 357 595 394 658
D00 0.0103 479 605 523 667
D00 0.0103 337 515 375 587
D00 0.0103 405 613 460 665
D00 0.0102 260 604 338 684
D00 0.0102 518 607 550 659
D00 0.0102 359 469 412 578
D00 0.0101 97 470 135 510
D00 0.0101 457 477 532 560
D00 0.0100 244 684 328 720
D00 0.0100 657 699 720 720
D00 0.0100 17 532 80 625
D00 0.0100 612 613 713 720
D10 0.0401 345 554 449 592
D10 0.0267 377 562 454 586
D10 0.0257 378 552 504 596
D10 0.0200 405 564 480 588
D10 0.0177 0 514 93 554
D10 0.0157 402 566 517 613
D10 0.0148 361 561 467 611
D10 0.0131 4 530 82 558
D10 0.0116 0 537 75 579
D10 0.0112 459 635 546 667
D10 0.0110 1 636 98 707
D10 0.0110 423 575 494 598
D20 0.1275 72 474 658 673
D20 0.0725 42 536 598 720
D20 0.0467 293 471 529 587
D20 0.0373 261 363 665 643
D20 0.0348 363 454 579 575
D20 0.0341 375 420 720 697
D20 0.0325 21 198 720 710
D20 0.0303 0 443 387 697
D20 0.0291 0 544 313 720
D20 0.0282 447 606 555 663
D20 0.0278 303 539 720 720
D20 0.0269 21 18 720 530
D20 0.0257 137 463 464 720
D20 0.0256 202 417 561 693
D20 0.0208 0 0 489 353
D20 0.0204 201 0 720 353
D20 0.0197 497 488 720 720
D20 0.0193 375 142 720 720
D20 0.0192 0 142 348 720
D20 0.0178 0 450 192 720
D20 0.0176 471 596 579 655
D20 0.0143 0 490 93 556
D20 0.0143 495 323 720 660
D20 0.0140 400 638 617 720
D20 0.0137 574 685 680 720
D20 0.0130 0 0 178 273
D20 0.0130 95 300 507 699
D20 0.0128 571 631 720 720
D20 0.0125 0 0 265 175
D20 0.0124 435 470 541 531
D20 0.0121 647 595 720 677
D20 0.0121 0 341 253 651
D20 0.0120 0 600 113 720
D20 0.0118 193 337 418 436
D20 0.0118 307 636 526 720
D20 0.0117 401 594 570 701
D20 0.0117 546 0 720 267
D20 0.0115 501 685 611 720
D20 0.0114 630 486 720 699
D20 0.0110 324 202 625 620
D20 0.0109 448 0 720 174
D20 0.0107 582 383 720 709
D20 0.0105 0 525 60 614
D20 0.0104 0 0 86 134
D20 0.0103 465 0 720 370
D20 0.0102 173 146 583 652
D40 0.3308 15 495 417 698
D40 0.2682 103 468 543 668
D40 0.2206 136 531 341 657
D40 0.2104 142 485 411 645
D40 0.1930 203 456 392 565
D40 0.1920 243 452 396 525
D40 0.1878 174 533 465 671
D40 0.1793 81 511 298 635
D40 0.1628 212 501 720 675
D40 0.1625 155 470 358 597
D40 0.1609 225 461 371 640
D40 0.1589 473 491 625 649
D40 0.1468 426 534 680 671
D40 0.1442 279 442 406 494
D40 0.1407 57 576 355 703
D40 0.1382 255 492 583 635
D40 0.1354 215 462 517 589
D40 0.1345 197 525 349 623
D40 0.1322 460 525 605 618
D40 0.1310 479 540 574 595
D40 0.1287 277 456 376 553
D40 0.1210 439 470 592 622
D40 0.1202 171 463 371 522
D40 0.1169 347 429 421 463
D40 0.1132 279 525 339 606
D40 0.1127 65 554 276 668
D40 0.1125 477 515 589 583
D40 0.1122 270 443 409 598
D40 0.1116 477 478 611 572
D40 0.1101 96 482 301 592
D40 0.1075 243 530 357 660
D40 0.1061 507 560 717 673
D40 0.1032 251 490 449 611
D40 0.1030 365 423 425 449
D40 0.1022 400 530 574 609
D40 0.1001 22 510 235 699
D40 0.0995 391 466 656 658
D40 0.0985 259 474 354 579
D40 0.0980 282 501 364 598
D40 0.0979 172 559 310 633
D40 0.0970 218 466 342 513
D40 0.0959 469 572 638 660
D40 0.0959 43 527 220 615
D40 0.0948 269 435 443 518
D40 0.0934 143 537 606 708
D40 0.0931 289 542 329 592
D40 0.0930 319 464 617 588
D40 0.0918 109 411 472 589
D40 0.0905 135 473 315 546
D40 0.0898 474 468 588 539
D40 0.0898 348 416 439 457
D40 0.0896 302 532 474 602
D40 0.0879 497 545 601 643
D40 0.0871 290 449 377 514
D40 0.0862 243 540 354 605
D40 0.0851 268 520 421 665
D40 0.0850 324 437 401 478
D40 0.0841 297 472 387 580
D40 0.0839 500 527 673 622
D40 0.0824 233 502 336 601
D40 0.0824 493 542 558 576
D40 0.0822 301 521 432 579
D40 0.0818 374 539 594 650
D40 0.0814 314 443 410 531
D40 0.0813 164 433 418 534
D40 0.0793 162 523 270 622
D40 0.0791 373 510 556 589
D40 0.0789 484 551 549 585
D40 0.0788 516 483 611 533
D40 0.0783 195 581 327 651
D40 0.0782 197 444 392 501
D40 0.0778 315 437 446 486
D40 0.0777 216 486 347 561
D40 0.0776 506 505 621 596
D40 0.0774 284 542 408 599
D40 0.0767 370 430 437 457
D40 0.0765 180 555 344 701
D40 0.0762 514 609 618 654
D40 0.0750 217 585 529 695
D40 0.0742 278 561 496 669
D40 0.0740 362 542 511 593
D40 0.0738 140 545 251 638
D40 0.0737 339 562 701 698
D40 0.0732 342 523 483 578
D40 0.0719 522 584 674 654
D40 0.0713 0 422 702 687
D40 0.0711 490 489 569 612
D40 0.0711 453 553 557 601
D40 0.0695 164 568 272 656
D40 0.0695 149 476 285 652
D40 0.0687 449 560 575 633
D40 0.0678 286 535 355 580
D40 0.0650 168 514 309 585
D40 0.0647 353 439 410 471
D40 0.0627 265 559 378 634
D40 0.0626 546 606 696 670
D40 0.0623 201 433 445 711
D40 0.0623 147 465 299 512
D40 0.0621 532 620 605 649
D40 0.0608 15 500 160 648
D40 0.0603 540 495 608 526
D40 0.0603 471 564 538 591
D40 0.0593 262 460 362 503
D40 0.0586 77 559 225 628
D40 0.0580 138 592 304 679
D40 0.0580 347 551 527 639
D40 0.0570 434 446 598 546
D40 0.0568 440 439 703 610
D40 0.0566 280 553 323 603
D40 0.0562 324 536 455 651
D40 0.0560 138 503 251 600
D40 0.0558 386 529 484 604
D40 0.0557 127 492 270 563
D40 0.0556 303 559 431 633
D40 0.0556 496 477 573 527
D40 0.0554 534 548 652 645
D40 0.0554 226 423 592 556
D40 0.0549 493 607 715 695
D40 0.0544 301 420 426 469
D40 0.0542 457 454 573 520
D40 0.0538 298 471 363 507
D40 0.0538 222 591 378 681
D40 0.0517 319 450 387 485
D40 0.0517 351 552 449 586
D40 0.0513 78 515 226 587
D40 0.0508 473 511 547 630
D40 0.0502 444 585 577 654
D40 0.0497 251 548 326 631
D40 0.0496 308 461 375 496
D40 0.0494 27 537 146 601
D40 0.0493 279 476 360 518
D40 0.0492 282 582 406 658
D40 0.0491 100 583 247 646
D40 0.0481 513 625 603 661
D40 0.0474 303 478 463 582
D40 0.0473 505 550 576 584
D40 0.0470 351 480 526 610
D40 0.0467 39 517 170 586
D40 0.0467 129 517 265 690
D40 0.0465 535 617 647 665
D40 0.0463 215 533 303 654
D40 0.0461 531 485 595 520
D40 0.0458 445 441 516 467
D40 0.0458 461 554 529 585
D40 0.0456 506 494 649 557
D40 0.0454 372 420 459 450
D40 0.0452 458 609 603 663
D40 0.0444 537 494 625 543
D40 0.0440 321 434 399 458
D40 0.0440 603 628 708 679
D40 0.0439 370 575 552 662
D40 0.0439 495 529 571 569
D40 0.0439 434 489 556 569
D40 0.0436 199 471 307 520
D40 0.0434 268 411 454 489
D40 0.0429 436 561 530 593
D40 0.0425 591 578 716 689
D40 0.0425 550 630 697 689
D40 0.0424 298 493 388 654
D40 0.0424 352 443 397 489
D40 0.0423 419 544 544 591
D40 0.0423 1 508 138 594
D40 0.0422 105 481 252 537
D40 0.0416 65 628 339 720
D40 0.0413 296 607 437 666
D40 0.0413 514 467 681 662
D40 0.0412 352 564 432 588
D40 0.0411 66 543 170 595
D40 0.0408 547 595 612 650
D40 0.0407 491 466 654 545
D40 0.0407 359 425 474 461
D40 0.0407 311 443 388 470
D40 0.0405 435 433 530 474
D40 0.0404 509 555 592 600
D40 0.0401 343 584 482 657
D40 0.0400 14 525 106 617
D40 0.0399 268 552 339 673
D40 0.0397 481 467 556 517
D40 0.0397 15 458 270 648
D40 0.0393 41 490 218 576
D40 0.0392 243 474 334 505
D40 0.0391 464 457 564 593
D40 0.0388 498 562 568 593
D40 0.0384 152 378 602 639
D40 0.0381 354 420 405 453
D40 0.0381 482 537 527 581
D40 0.0381 544 630 612 660
D40 0.0379 309 466 370 529
D40 0.0375 300 399 692 587
D40 0.0375 156 476 263 524
D40 0.0375 43 557 171 625
D40 0.0371 462 569 543 607
D40 0.0370 297 552 359 582
D40 0.0363 230 449 352 494
D40 0.0363 512 493 578 526
D40 0.0359 115 497 229 636
D40 0.0357 341 435 530 491
D40 0.0355 437 431 504 459
D40 0.0351 84 562 149 590
D40 0.0348 489 534 548 561
D40 0.0346 120 605 441 720
D40 0.0345 168 445 318 488
D40 0.0340 209 463 300 500
D40 0.0340 564 560 699 636
D40 0.0340 202 615 360 703
D40 0.0335 302 526 332 588
D40 0.0333 452 448 530 482
D40 0.0330 0 549 179 720
D40 0.0330 383 548 437 584
D40 0.0328 531 518 678 580
D40 0.0326 330 489 403 605
D40 0.0320 236 568 320 613
D40 0.0315 491 567 575 610
D40 0.0315 563 612 614 653
D40 0.0314 375 535 459 580
D40 0.0314 512 473 572 510
D40 0.0311 290 521 329 572
D40 0.0309 497 490 594 547
D40 0.0307 411 531 453 579
D40 0.0307 517 570 614 636
D40 0.0306 299 441 517 550
D40 0.0305 520 531 630 586
D40 0.0305 452 489 524 605
D40 0.0305 494 456 624 520
D40 0.0305 415 434 567 500
D40 0.0301 349 432 455 474
D40 0.0301 30 542 125 642
D40 0.0301 346 424 404 496
D40 0.0299 451 538 539 581
D40 0.0298 393 552 462 582
D40 0.0298 59 592 234 681
D40 0.0297 521 633 720 720
D40 0.0297 613 551 712 647
D40 0.0296 31 565 185 664
D40 0.0295 544 520 720 640
D40 0.0295 94 463 266 520
D40 0.0295 549 506 619 534
D40 0.0294 355 518 429 623
D40 0.0294 295 437 557 710
D40 0.0294 358 407 431 438
D40 0.0291 500 535 543 586
D40 0.0288 464 621 645 689
D40 0.0285 236 469 291 509
D40 0.0285 468 458 542 500
D40 0.0284 290 561 342 592
D40 0.0283 368 431 404 481
D40 0.0283 427 505 551 666
D40 0.0281 199 538 312 598
D40 0.0279 562 540 697 606
D40 0.0278 402 513 478 586
D40 0.0277 419 478 511 579
D40 0.0277 524 611 596 642
D40 0.0275 519 550 624 610
D40 0.0275 91 552 205 606
D40 0.0274 379 424 415 467
D40 0.0274 338 451 431 564
D40 0.0273 386 447 551 526
D40 0.0273 508 531 579 618
D40 0.0272 520 466 584 523
D40 0.0272 511 540 555 595
D40 0.0271 260 483 340 511
D40 0.0270 340 416 531 468
D40 0.0270 491 617 585 655
D40 0.0268 71 514 174 661
D40 0.0266 309 482 368 514
D40 0.0266 258 617 430 691
D40 0.0265 8 495 121 565
D40 0.0261 501 631 572 661
D40 0.0261 287 454 365 484
D40 0.0260 369 503 459 638
D40 0.0260 216 473 304 594
D40 0.0260 491 556 565 661
D40 0.0260 423 520 461 571
D40 0.0259 425 569 594 680
D40 0.0259 221 409 406 476
D40 0.0258 114 497 220 549
D40 0.0257 476 527 534 603
D40 0.0257 316 556 437 600
D40 0.0256 622 641 696 674
D40 0.0255 491 461 566 501
D40 0.0255 309 555 382 668
D40 0.0254 426 515 496 623
D40 0.0253 254 439 371 482
D40 0.0252 585 636 671 674
D40 0.0252 371 440 436 468
D40 0.0251 395 432 468 455
D40 0.0250 293 524 370 569
D40 0.0249 229 387 420 628
D40 0.0248 325 615 406 659
D40 0.0247 361 609 515 664
D40 0.0247 241 573 322 689
D40 0.0246 106 424 322 558
D40 0.0244 573 654 707 711
D40 0.0244 61 514 135 630
D40 0.0243 260 574 318 605
D40 0.0243 521 615 572 652
D40 0.0240 249 533 331 580
D40 0.0239 221 580 312 625
D40 0.0239 103 530 187 646
D40 0.0239 492 484 539 530
D40 0.0239 290 556 371 595
D40 0.0238 626 639 717 690
D40 0.0238 382 492 448 598
D40 0.0237 321 452 364 508
D40 0.0236 464 406 656 561
D40 0.0235 545 497 634 615
D40 0.0234 422 606 539 661
D40 0.0234 337 538 432 577
D40 0.0232 476 453 542 478
D40 0.0232 228 483 303 511
D40 0.0232 450 536 523 648
D40 0.0231 496 540 549 611
D40 0.0230 359 401 417 477
D40 0.0230 336 555 409 582
D40 0.0229 128 552 211 666
D40 0.0227 410 424 514 463
D40 0.0227 193 522 268 594
D40 0.0226 174 319 368 429
D40 0.0226 237 336 720 720
D40 0.0226 328 474 375 521
D40 0.0224 242 460 323 541
D40 0.0224 539 512 618 552
D40 0.0223 196 574 278 691
D40 0.0222 281 615 390 670
D40 0.0222 517 542 587 574
D40 0.0221 308 542 374 572
D40 0.0221 544 540 653 594
D40 0.0220 410 533 496 579
D40 0.0219 232 545 326 590
D40 0.0219 352 434 422 522
D40 0.0218 431 554 505 584
D40 0.0218 264 578 313 624
D40 0.0218 296 460 347 532
D40 0.0218 69 553 130 588
D40 0.0217 483 551 519 602
D40 0.0216 549 476 617 527
D40 0.0215 288 573 360 683
D40 0.0214 111 617 281 707
D40 0.0214 176 463 271 498
D40 0.0213 482 475 528 524
D40 0.0212 483 503 720 720
D40 0.0211 221 453 311 485
D40 0.0211 178 629 309 698
D40 0.0210 636 570 720 668
D40 0.0208 340 448 473 509
D40 0.0208 338 618 460 663
D40 0.0207 200 535 281 577
D40 0.0207 115 539 233 597
D40 0.0207 8 470 117 512
D40 0.0207 565 630 638 662
D40 0.0206 133 357 389 675
D40 0.0206 420 543 464 585
D40 0.0205 391 433 485 496
D40 0.0204 126 428 326 501
D40 0.0204 580 613 667 658
D40 0.0203 5 514 97 554
D40 0.0203 239 630 514 720
D40 0.0202 469 625 557 665
D40 0.0202 210 591 300 635
D40 0.0201 267 427 382 467
D40 0.0200 272 547 310 611
D40 0.0200 355 557 429 665
D40 0.0200 293 529 345 563
D40 0.0200 576 580 663 679
D40 0.0199 493 514 563 554
D40 0.0199 263 550 325 584
D40 0.0199 481 572 543 634
D40 0.0198 323 629 388 661
D40 0.0198 144 490 228 531
D40 0.0198 633 652 704 679
D40 0.0198 339 463 386 510
D40 0.0197 566 602 654 647
D40 0.0196 280 496 471 720
D40 0.0196 505 513 559 587
D40 0.0196 533 497 583 539
D40 0.0195 0 488 107 541
D40 0.0194 528 567 584 611
D40 0.0193 192 546 266 635
D40 0.0192 446 575 519 599
D40 0.0192 47 530 149 699
D40 0.0191 162 486 234 515
D40 0.0191 401 537 472 648
D40 0.0191 300 608 649 720
D40 0.0191 201 581 261 641
D40 0.0190 526 552 599 582
D40 0.0190 472 438 527 473
D40 0.0189 257 461 317 501
D40 0.0188 523 532 564 588
D40 0.0188 351 391 422 450
D40 0.0187 191 474 274 505
D40 0.0187 56 537 118 597
D40 0.0187 430 530 474 579
D40 0.0185 535 578 610 674
D40 0.0185 502 578 587 622
D40 0.0185 545 526 632 566
D40 0.0185 347 429 388 474
D40 0.0184 194 470 275 565
D40 0.0184 512 478 553 534
D40 0.0183 22 477 103 502
D40 0.0183 272 566 335 610
D40 0.0183 181 642 343 720
D40 0.0182 286 444 367 468
D40 0.0182 307 516 348 590
D40 0.0182 271 487 347 529
D40 0.0182 21 476 182 549
D40 0.0182 346 548 389 586
D40 0.0180 145 474 234 510
D40 0.0178 344 567 422 604
D40 0.0178 247 589 323 637
D40 0.0178 555 488 671 570
D40 0.0177 500 496 549 540
D40 0.0177 153 337 516 524
D40 0.0176 319 545 364 586
D40 0.0175 31 617 206 711
D40 0.0174 409 466 532 547
D40 0.0174 0 541 89 600
D40 0.0174 320 485 365 533
D40 0.0174 627 540 720 595
D40 0.0174 477 444 545 532
D40 0.0174 653 635 706 678
D40 0.0174 431 575 536 633
D40 0.0174 187 452 275 484
D40 0.0173 418 566 528 612
D40 0.0173 549 608 588 654
D40 0.0172 443 559 492 593
D40 0.0172 485 476 555 555
D40 0.0172 100 554 174 586
D40 0.0172 536 636 621 671
D40 0.0172 246 455 332 481
D40 0.0171 84 498 159 609
D40 0.0171 531 532 600 623
D40 0.0171 528 472 589 564
D40 0.0170 17 463 109 495
D40 0.0170 264 449 339 524
D40 0.0170 177 601 259 646
D40 0.0170 435 436 479 470
D40 0.0169 620 602 704 699
D40 0.0169 351 630 421 661
D40 0.0169 154 574 233 689
D40 0.0168 321 422 399 447
D40 0.0167 505 505 567 534
D40 0.0167 417 519 540 576
D40 0.0166 438 452 535 507
D40 0.0166 8 641 153 720
D40 0.0165 99 548 134 600
D40 0.0163 0 677 106 720
D40 0.0163 241 442 338 470
D40 0.0163 440 452 505 477
D40 0.0163 513 359 720 681
D40 0.0163 566 537 656 576
D40 0.0163 326 526 386 581
D40 0.0163 570 510 717 594
D40 0.0162 208 526 297 567
D40 0.0161 646 606 719 682
D40 0.0161 312 410 391 494
D40 0.0161 0 455 172 611
D40 0.0160 123 506 208 580
D40 0.0160 57 562 120 592
D40 0.0160 200 375 455 481
D40 0.0160 458 630 527 662
D40 0.0160 238 643 403 716
D40 0.0160 16 562 98 671
D40 0.0160 533 517 602 577
D40 0.0159 199 335 324 410
D40 0.0158 506 658 650 712
D40 0.0158 512 503 577 566
D40 0.0157 376 529 499 679
D40 0.0157 604 596 705 660
D40 0.0157 123 484 214 521
D40 0.0156 241 561 365 719
D40 0.0156 374 610 595 693
D40 0.0156 88 534 145 614
D40 0.0155 13 487 93 512
D40 0.0154 246 563 317 596
D40 0.0154 401 522 445 572
D40 0.0153 136 459 243 501
D40 0.0153 556 572 692 716
D40 0.0153 533 470 607 515
D40 0.0153 390 413 486 470
D40 0.0153 476 541 508 592
D40 0.0153 317 630 466 685
D40 0.0152 207 289 666 552
D40 0.0152 411 426 453 458
D40 0.0152 334 521 374 568
D40 0.0152 181 271 295 441
D40 0.0151 435 632 581 685
D40 0.0151 156 563 284 720
D40 0.0151 492 560 530 619
D40 0.0151 282 413 394 454
D40 0.0150 468 431 614 511
D40 0.0150 568 642 639 670
D40 0.0150 390 423 426 464
D40 0.0149 289 384 417 528
D40 0.0148 309 605 378 661
D40 0.0148 290 462 332 515
D40 0.0147 24 612 120 712
D40 0.0147 422 638 640 720
D40 0.0147 549 580 628 625
D40 0.0147 600 624 652 667
D40 0.0146 232 488 320 529
D40 0.0146 513 446 682 569
D40 0.0146 321 561 416 684
D40 0.0146 152 477 231 566
D40 0.0146 481 455 520 512
D40 0.0146 3 515 73 634
D40 0.0145 190 605 293 661
D40 0.0145 248 640 347 699
D40 0.0145 603 652 675 676
D40 0.0145 0 395 341 584
D40 0.0145 100 503 191 540
D40 0.0144 181 544 255 590
D40 0.0144 131 441 267 486
D40 0.0144 570 491 624 529
D40 0.0143 17 689 85 720
D40 0.0143 281 568 316 636
D40 0.0143 293 499 344 573
D40 0.0143 176 496 260 576
D40 0.0143 95 555 201 706
D40 0.0143 132 606 240 656
D40 0.0143 364 605 429 662
D40 0.0142 402 419 489 451
D40 0.0142 427 501 478 570
D40 0.0142 231 452 297 523
D40 0.0142 364 403 469 442
D40 0.0141 668 646 714 687
D40 0.0141 557 557 621 654
D40 0.0141 87 541 125 594
D40 0.0140 242 436 319 515
D40 0.0140 404 439 494 469
D40 0.0140 403 538 439 586
D40 0.0140 534 540 576 596
D40 0.0140 286 433 365 455
D40 0.0139 481 586 542 616
D40 0.0139 643 624 697 671
D40 0.0139 25 507 97 542
D40 0.0139 612 630 686 666
D40 0.0138 304 502 407 567
D40 0.0138 415 509 452 562
D40 0.0138 302 493 359 523
D40 0.0137 26 482 112 519
D40 0.0137 459 427 516 464
D40 0.0136 121 202 621 618
D40 0.0136 522 641 592 669
D40 0.0136 350 407 497 591
D40 0.0135 385 502 574 720
D40 0.0135 131 497 203 527
D40 0.0135 445 479 551 539
D40 0.0135 396 454 482 564
D40 0.0135 213 437 317 477
D40 0.0134 580 531 687 583
D40 0.0134 142 511 227 556
D40 0.0134 132 507 201 538
D40 0.0134 96 536 184 581
D40 0.0133 122 462 210 493
D40 0.0133 314 627 414 672
D40 0.0132 264 597 341 701
D40 0.0131 45 546 105 607
D40 0.0131 334 496 373 547
D40 0.0131 323 565 394 590
D40 0.0131 540 542 614 572
D40 0.0131 363 450 422 480
D40 0.0131 512 409 720 534
D40 0.0130 605 470 720 652
D40 0.0129 314 183 720 626
D40 0.0129 530 526 581 569
D40 0.0129 651 556 720 599
D40 0.0128 346 409 410 433
D40 0.0128 514 558 553 620
D40 0.0128 156 451 245 481
D40 0.0128 557 607 602 667
D40 0.0128 174 460 249 538
D40 0.0127 155 327 298 419
D40 0.0127 432 417 506 454
D40 0.0127 192 310 282 399
D40 0.0126 17 456 235 532
D40 0.0126 426 559 499 664
D40 0.0125 91 477 203 527
D40 0.0125 553 569 604 613
D40 0.0125 39 605 164 675
D40 0.0124 175 443 304 577
D40 0.0124 338 588 394 670
D40 0.0124 218 598 300 707
D40 0.0124 469 444 510 493
D40 0.0124 7 679 47 720
D40 0.0124 367 516 435 578
D40 0.0123 492 590 577 636
D40 0.0123 490 641 558 667
D40 0.0123 501 458 543 515
D40 0.0123 180 578 255 625
D40 0.0123 169 434 266 475
D40 0.0123 2 548 53 590
D40 0.0123 303 486 359 559
D40 0.0123 258 604 362 660
D40 0.0123 112 473 201 506
D40 0.0122 332 505 448 568
D40 0.0122 491 521 546 547
D40 0.0122 356 348 598 659
D40 0.0122 208 608 276 638
D40 0.0122 141 591 229 637
D40 0.0121 110 563 190 590
D40 0.0121 466 611 516 658
D40 0.0121 80 506 191 563
D40 0.0121 228 444 301 466
D40 0.0121 273 501 328 571
D40 0.0121 225 606 329 662
D40 0.0121 408 404 547 591
D40 0.0121 313 476 350 542
D40 0.0120 218 407 357 551
D40 0.0120 456 433 497 476
D40 0.0120 401 630 462 662
D40 0.0120 560 583 598 644
D40 0.0120 258 560 300 622
D40 0.0120 98 482 199 601
D40 0.0119 345 514 408 576
D40 0.0119 551 546 606 588
D40 0.0119 344 602 388 650
D40 0.0118 536 585 601 616
D40 0.0118 457 534 502 580
D40 0.0118 318 434 372 496
D40 0.0118 660 552 715 584
D40 0.0118 163 466 238 492
D40 0.0117 363 553 446 619
D40 0.0117 423 685 531 720
D40 0.0117 208 526 255 569
D40 0.0117 343 485 382 535
D40 0.0117 540 563 610 593
D40 0.0117 527 447 608 540
D40 0.0117 24 496 100 528
D40 0.0117 525 597 593 632
D40 0.0117 197 443 263 467
D40 0.0116 226 327 284 424
D40 0.0116 156 534 243 578
D40 0.0116 215 547 291 613
D40 0.0116 383 411 450 436
D40 0.0115 343 508 382 559
D40 0.0115 558 602 635 695
D40 0.0115 501 610 570 641
D40 0.0115 230 608 300 639
D40 0.0115 333 640 395 668
D40 0.0115 510 453 561 526
D40 0.0115 332 581 422 652
D40 0.0115 572 591 627 639
D40 0.0114 470 580 542 673
D40 0.0114 423 551 490 598
D40 0.0114 459 658 601 712
D40 0.0113 144 558 233 599
D40 0.0113 93 536 140 583
D40 0.0113 495 451 548 487
D40 0.0113 336 530 398 562
D40 0.0113 327 552 389 602
D40 0.0113 315 398 417 441
D40 0.0113 299 619 367 651
D40 0.0112 562 508 633 559
D40 0.0112 629 561 720 620
D40 0.0112 543 561 595 644
D40 0.0112 547 461 633 557
D40 0.0111 123 451 207 482
D40 0.0111 425 415 549 467
D40 0.0111 378 431 444 519
D40 0.0111 218 476 271 516
D40 0.0111 29 664 131 720
D40 0.0110 109 542 145 594
D40 0.0110 95 458 197 501
D40 0.0110 412 444 520 488
D40 0.0110 377 403 434 470
D40 0.0110 405 612 488 659
D40 0.0109 653 517 717 638
D40 0.0109 25 528 93 556
D40 0.0109 464 519 522 578
D40 0.0109 69 564 144 604
D40 0.0109 442 521 485 569
D40 0.0109 17 533 97 580
D40 0.0109 297 610 341 654
D40 0.0109 190 541 252 572
D40 0.0108 44 655 190 716
D40 0.0108 153 656 287 716
D40 0.0108 0 235 390 718
D40 0.0108 399 435 441 470
D40 0.0108 111 523 197 565
D40 0.0108 290 634 373 676
D40 0.0107 484 685 591 720
D40 0.0107 202 515 280 557
D40 0.0107 393 529 429 583
D40 0.0107 462 532 525 559
D40 0.0107 213 543 264 589
D40 0.0106 132 518 199 549
D40 0.0106 343 402 429 505
D40 0.0106 253 430 350 459
D40 0.0106 224 651 327 707
D40 0.0106 503 505 541 565
D40 0.0106 106 354 410 494
D40 0.0106 469 556 514 625
D40 0.0106 314 519 369 605
D40 0.0105 208 318 349 389
D40 0.0105 526 488 564 548
D40 0.0105 110 465 175 491
D40 0.0105 602 502 684 615
D40 0.0105 478 591 527 637
D40 0.0105 391 402 578 488
D40 0.0105 443 422 535 538
D40 0.0105 456 421 523 494
D40 0.0105 662 621 719 708
D40 0.0104 9 446 116 486
D40 0.0104 374 649 549 719
D40 0.0104 489 446 530 498
D40 0.0104 323 509 364 559
D40 0.0103 162 500 245 544
D40 0.0103 533 511 582 554
D40 0.0103 191 596 250 631
D40 0.0103 255 608 320 641
D40 0.0103 54 494 160 552
D40 0.0103 462 553 496 599
D40 0.0103 409 587 516 647
D40 0.0103 193 414 333 464
D40 0.0103 273 378 549 486
D40 0.0103 83 572 161 699
D40 0.0103 77 547 115 600
D40 0.0103 241 564 296 638
D40 0.0103 0 507 66 563
D40 0.0102 515 573 638 718
D40 0.0102 62 221 456 443
D40 0.0102 547 549 587 609
D40 0.0102 0 478 88 525
D40 0.0101 298 656 439 711
D40 0.0101 356 571 456 635
D40 0.0101 124 603 208 642
D40 0.0101 300 421 372 446
D40 0.0101 312 545 344 606
D40 0.0101 0 557 95 625
D40 0.0101 15 553 82 585
D40 0.0101 379 530 444 564
D40 0.0101 327 525 358 583
D40 0.0101 305 388 472 448
D40 0.0101 167 566 245 611
D40 0.0100 188 478 247 517
D40 0.0100 357 554 394 599
D40 0.0100 0 475 63 504
D40 0.0100 564 552 638 580
D40 0.0100 285 498 356 543
D40 0.0100 280 469 320 523
D40 0.0100 345 604 485 693
