D00 0.0202 584 585 720 717
D00 0.0198 418 470 446 532
D00 0.0193 512 522 577 550
D00 0.0193 432 550 582 685
D00 0.0190 407 470 436 532
D00 0.0174 555 644 720 719
D00 0.0173 644 561 720 712
D00 0.0170 405 561 521 676
D00 0.0166 373 483 402 536
D00 0.0165 665 627 720 720
D00 0.0165 534 521 599 550
D00 0.0163 307 554 379 626
D00 0.0161 367 503 408 538
D00 0.0160 471 562 538 678
D00 0.0160 569 519 632 550
D00 0.0158 470 570 628 703
D00 0.0154 377 490 418 534
D00 0.0154 395 470 425 531
D00 0.0153 619 614 710 709
D00 0.0152 429 472 457 532
D00 0.0151 394 481 448 538
D00 0.0151 568 532 634 558
D00 0.0150 516 592 682 716
D00 0.0150 170 537 285 651
D00 0.0150 438 595 529 681
D00 0.0149 648 685 720 720
D00 0.0149 569 509 631 539
D00 0.0149 307 530 386 669
D00 0.0147 361 472 392 529
D00 0.0144 612 521 717 694
D00 0.0144 666 583 716 687
D00 0.0143 356 491 397 532
D00 0.0141 450 542 515 664
D00 0.0141 387 502 431 539
D00 0.0140 294 542 357 655
D00 0.0140 493 563 561 680
D00 0.0139 390 513 539 657
D00 0.0139 99 539 285 686
D00 0.0137 460 632 599 693
D00 0.0136 547 508 610 539
D00 0.0136 507 549 592 690
D00 0.0135 126 645 201 720
D00 0.0134 372 462 401 519
D00 0.0134 337 541 399 657
D00 0.0133 429 541 494 663
D00 0.0133 418 454 447 505
D00 0.0132 323 560 363 638
D00 0.0132 398 527 480 672
D00 0.0131 408 456 455 546
D00 0.0129 527 508 587 541
D00 0.0129 591 531 658 559
D00 0.0128 30 566 188 720
D00 0.0128 463 608 592 677
D00 0.0128 298 513 444 648
D00 0.0128 591 520 655 551
D00 0.0127 362 476 437 540
D00 0.0127 99 605 229 712
D00 0.0127 384 462 412 520
D00 0.0125 527 656 670 712
D00 0.0125 333 559 451 674
D00 0.0124 317 536 391 604
D00 0.0123 625 663 720 719
D00 0.0122 554 567 637 708
D00 0.0121 411 501 452 540
D00 0.0121 407 455 437 506
D00 0.0121 349 473 382 527
D00 0.0121 247 556 361 674
D00 0.0120 271 541 336 654
D00 0.0120 654 539 716 660
D00 0.0120 506 632 641 698
D00 0.0120 361 455 390 501
D00 0.0120 555 562 604 658
D00 0.0119 319 570 390 650
D00 0.0119 503 508 563 542
D00 0.0119 458 509 521 541
D00 0.0118 416 481 470 539
D00 0.0118 361 493 469 671
D00 0.0117 209 532 298 619
D00 0.0117 396 463 446 521
D00 0.0117 541 582 605 698
D00 0.0117 250 529 301 622
D00 0.0116 197 552 313 674
D00 0.0115 333 545 373 616
D00 0.0115 466 516 511 550
D00 0.0114 605 582 679 702
D00 0.0114 322 559 364 600
D00 0.0114 571 616 666 707
D00 0.0113 479 509 543 542
D00 0.0112 549 498 611 527
D00 0.0111 359 541 422 658
D00 0.0111 440 474 469 532
D00 0.0111 559 499 621 546
D00 0.0110 238 527 322 665
D00 0.0108 622 571 706 670
D00 0.0108 394 594 484 679
D00 0.0108 499 536 647 677
D00 0.0108 150 575 268 696
D00 0.0108 581 500 642 548
D00 0.0108 188 539 266 616
D00 0.0108 443 531 516 607
D00 0.0107 396 456 426 506
D00 0.0107 447 583 566 660
D00 0.0107 338 472 370 526
D00 0.0107 349 455 381 500
D00 0.0106 336 561 391 620
D00 0.0106 675 519 720 576
D00 0.0106 174 554 249 671
D00 0.0105 591 510 654 539
D00 0.0105 575 551 662 698
D00 0.0104 667 533 719 617
D00 0.0104 499 517 546 552
D00 0.0104 174 523 285 590
D00 0.0104 383 541 447 660
D00 0.0104 517 498 573 549
D00 0.0104 447 527 564 635
D00 0.0104 683 612 720 702
D00 0.0104 418 465 466 520
D00 0.0104 464 543 539 618
D00 0.0103 378 459 416 496
D00 0.0103 425 505 512 544
D00 0.0103 271 538 301 600
D00 0.0103 538 498 598 547
D00 0.0103 621 533 710 610
D00 0.0103 213 548 269 643
D00 0.0102 532 527 579 558
D00 0.0102 304 542 364 597
D00 0.0102 429 452 456 504
D00 0.0101 312 569 351 649
D00 0.0101 268 546 305 627
D00 0.0101 261 546 291 610
D00 0.0100 283 534 367 616
D00 0.0100 228 519 376 644
D00 0.0100 445 502 487 544
D00 0.0100 0 630 40 713
D00 0.0100 472 619 552 688
D10 0.0269 510 532 580 554
D10 0.0235 531 533 600 556
D10 0.0222 445 522 514 546
D10 0.0221 478 528 569 556
D10 0.0216 377 509 443 536
D10 0.0211 466 522 537 548
D10 0.0195 503 524 609 561
D10 0.0191 357 510 421 535
D10 0.0185 425 513 538 553
D10 0.0185 435 522 577 568
D10 0.0179 422 521 493 544
D10 0.0168 556 532 623 557
D10 0.0168 456 531 525 554
D10 0.0158 401 509 465 538
D10 0.0154 388 519 456 542
D10 0.0152 357 499 467 541
D10 0.0151 462 518 636 574
D10 0.0145 391 510 506 550
D10 0.0141 367 518 430 542
D10 0.0137 203 645 330 691
D10 0.0136 545 542 609 566
D10 0.0134 418 632 559 690
D10 0.0132 334 509 400 534
D10 0.0131 635 679 720 720
D10 0.0123 252 655 322 682
D10 0.0122 568 542 634 565
D10 0.0121 523 541 588 566
D10 0.0117 436 509 500 540
D10 0.0113 218 656 289 683
D10 0.0112 605 539 700 570
D10 0.0111 447 637 535 676
D10 0.0110 525 534 628 575
D10 0.0107 428 526 513 558
D10 0.0107 2 345 85 383
D10 0.0105 265 650 354 684
D10 0.0103 380 513 551 578
D10 0.0102 548 523 653 563
D10 0.0100 592 542 660 566
D20 0.0396 130 552 672 720
D20 0.0381 309 530 720 698
D20 0.0337 213 536 558 687
D20 0.0305 379 470 593 547
D20 0.0279 377 591 661 706
D20 0.0265 417 497 595 556
D20 0.0263 335 476 506 541
D20 0.0243 61 590 319 706
D20 0.0242 239 591 527 701
D20 0.0235 412 480 554 538
D20 0.0234 113 577 461 708
D20 0.0231 336 464 392 488
D20 0.0231 477 504 623 552
D20 0.0216 313 504 649 643
D20 0.0216 383 565 597 678
D20 0.0213 346 455 402 479
D20 0.0210 535 606 720 715
D20 0.0200 246 564 464 674
D20 0.0199 107 549 363 677
D20 0.0193 324 488 433 535
D20 0.0192 334 487 560 562
D20 0.0187 0 498 507 690
D20 0.0185 169 612 396 699
D20 0.0179 474 545 710 684
D20 0.0174 369 499 512 549
D20 0.0174 423 622 600 696
D20 0.0173 512 495 694 555
D20 0.0171 355 459 394 494
D20 0.0168 307 475 408 526
D20 0.0164 175 503 502 646
D20 0.0162 357 464 416 489
D20 0.0158 339 550 498 680
D20 0.0154 464 475 638 542
D20 0.0154 149 650 320 716
D20 0.0153 463 635 692 720
D20 0.0153 0 0 489 353
D20 0.0152 258 468 463 546
D20 0.0150 0 549 278 720
D20 0.0149 201 0 720 353
D20 0.0148 355 598 533 679
D20 0.0145 230 545 379 680
D20 0.0145 330 469 400 507
D20 0.0144 326 453 380 479
D20 0.0144 347 498 408 529
D20 0.0141 522 508 720 586
D20 0.0140 289 578 407 686
D20 0.0140 297 452 500 528
D20 0.0139 523 463 720 543
D20 0.0139 107 630 370 720
D20 0.0137 0 142 348 720
D20 0.0137 328 498 463 551
D20 0.0136 200 374 720 720
D20 0.0135 329 457 424 498
D20 0.0135 545 0 720 270
D20 0.0135 542 453 720 720
D20 0.0134 336 505 420 537
D20 0.0133 122 657 257 714
D20 0.0132 375 142 720 720
D20 0.0131 540 500 637 546
D20 0.0130 0 631 144 720
D20 0.0127 382 455 550 521
D20 0.0127 407 511 612 588
D20 0.0127 210 635 350 691
D20 0.0127 353 464 423 535
D20 0.0126 181 561 336 698
D20 0.0125 154 529 349 630
D20 0.0125 332 460 457 517
D20 0.0125 259 623 442 693
D20 0.0124 0 0 720 521
D20 0.0122 339 630 609 720
D20 0.0122 0 283 619 720
D20 0.0121 459 0 720 175
D20 0.0120 204 659 351 708
D20 0.0120 0 0 174 270
D20 0.0119 432 486 686 661
D20 0.0118 338 485 394 518
D20 0.0118 199 630 470 720
D20 0.0118 326 497 388 527
D20 0.0116 321 457 390 521
D20 0.0115 526 523 672 569
D20 0.0114 481 656 624 711
D20 0.0114 602 512 715 561
D20 0.0111 0 448 178 720
D20 0.0111 263 607 390 674
D20 0.0110 293 526 504 632
D20 0.0109 313 483 431 569
D20 0.0109 400 524 541 696
D20 0.0109 226 530 429 629
D20 0.0109 387 496 544 613
D20 0.0109 371 473 474 531
D20 0.0108 368 456 431 479
D20 0.0108 523 529 720 623
D20 0.0108 275 506 481 598
D20 0.0106 362 460 687 579
D20 0.0106 360 456 411 502
D20 0.0106 390 527 591 634
D20 0.0105 327 623 514 693
D20 0.0105 316 464 373 489
D20 0.0102 523 490 618 537
D20 0.0102 170 636 299 696
D20 0.0101 402 647 580 712
D20 0.0100 232 651 418 711
D20 0.0100 319 446 407 484
D40 0.0509 15 587 192 700
D40 0.0465 53 566 229 671
D40 0.0411 95 555 241 636
D40 0.0361 81 583 209 648
D40 0.0334 40 603 169 679
D40 0.0333 22 624 145 703
D40 0.0331 0 564 291 719
D40 0.0329 74 598 165 650
D40 0.0312 663 542 716 573
D40 0.0272 132 542 250 613
D40 0.0271 83 609 150 639
D40 0.0260 5 648 119 715
D40 0.0246 119 530 288 630
D40 0.0236 681 545 720 586
D40 0.0236 632 534 720 579
D40 0.0232 146 557 222 599
D40 0.0232 57 617 216 709
D40 0.0228 652 552 713 580
D40 0.0222 96 590 175 630
D40 0.0220 124 561 214 615
D40 0.0217 105 573 197 625
D40 0.0202 90 593 198 685
D40 0.0190 77 617 136 650
D40 0.0187 119 584 182 618
D40 0.0183 164 552 228 587
D40 0.0182 139 573 204 607
D40 0.0168 650 532 712 565
D40 0.0168 0 615 85 709
D40 0.0161 604 525 719 569
D40 0.0160 1 581 120 720
D40 0.0157 51 652 188 714
D40 0.0156 549 500 697 553
D40 0.0155 56 605 139 662
D40 0.0152 170 539 284 609
D40 0.0148 138 568 239 658
D40 0.0146 108 554 290 673
D40 0.0143 624 543 704 568
D40 0.0141 83 646 249 720
D40 0.0139 0 666 38 715
D40 0.0137 28 588 155 655
D40 0.0137 561 514 715 579
D40 0.0132 173 540 240 598
D40 0.0132 41 512 265 633
D40 0.0126 648 484 707 512
D40 0.0123 156 523 265 592
D40 0.0123 671 535 716 595
D40 0.0123 0 648 57 720
D40 0.0123 0 488 322 667
D40 0.0114 681 525 720 571
D40 0.0113 665 561 715 592
D40 0.0112 112 602 168 641
D40 0.0112 47 569 179 632
D40 0.0112 125 596 190 624
D40 0.0110 610 532 689 560
D40 0.0109 618 473 713 516
D40 0.0108 123 634 249 700
D40 0.0107 560 468 711 542
D40 0.0106 617 354 720 402
D40 0.0106 86 600 125 652
D40 0.0105 618 487 711 563
D40 0.0104 197 654 315 703
D40 0.0103 90 594 144 635
D40 0.0102 638 474 699 507
D40 0.0102 589 489 720 603
D40 0.0101 137 622 236 672
D40 0.0101 616 473 679 504
