D00 0.0852 343 475 386 584
D00 0.0744 351 497 379 571
D00 0.0704 0 433 110 608
D00 0.0658 50 499 96 606
D00 0.0604 353 460 399 571
D00 0.0587 341 509 371 578
D00 0.0571 17 463 89 593
D00 0.0500 331 445 404 592
D00 0.0500 360 496 388 569
D00 0.0452 60 520 89 593
D00 0.0424 2 484 105 686
D00 0.0423 440 450 471 510
D00 0.0421 69 530 95 600
D00 0.0417 321 477 379 600
D00 0.0406 26 450 184 670
D00 0.0380 449 456 479 517
D00 0.0373 28 464 163 590
D00 0.0362 460 488 586 595
D00 0.0354 0 633 55 720
D00 0.0337 443 451 515 521
D00 0.0333 19 502 128 622
D00 0.0331 276 446 420 580
D00 0.0320 504 518 581 589
D00 0.0314 308 458 390 556
D00 0.0313 362 470 395 534
D00 0.0295 350 507 396 577
D00 0.0294 63 492 118 597
D00 0.0293 367 453 408 525
D00 0.0290 432 437 481 522
D00 0.0283 459 453 493 512
D00 0.0279 472 456 528 512
D00 0.0270 381 450 411 508
D00 0.0269 233 655 368 714
D00 0.0266 293 464 364 583
D00 0.0263 357 478 419 599
D00 0.0261 371 497 399 568
D00 0.0257 346 528 379 580
D00 0.0254 444 448 483 493
D00 0.0251 0 564 131 716
D00 0.0251 21 523 86 653
D00 0.0251 328 456 404 529
D00 0.0246 511 473 585 581
D00 0.0243 9 512 108 589
D00 0.0236 534 509 578 580
D00 0.0235 654 556 704 655
D00 0.0231 344 457 431 555
D00 0.0230 334 460 376 545
D00 0.0228 2 503 72 627
D00 0.0226 513 540 573 573
D00 0.0224 245 670 338 712
D00 0.0223 67 500 97 575
D00 0.0223 492 465 531 518
D00 0.0221 74 430 173 468
D00 0.0221 441 457 490 553
D00 0.0219 232 664 288 716
D00 0.0218 552 516 583 575
D00 0.0217 439 434 470 489
D00 0.0216 37 486 103 573
D00 0.0216 482 463 534 496
D00 0.0215 322 466 364 559
D00 0.0214 430 444 464 499
D00 0.0212 62 490 224 698
D00 0.0212 240 629 398 708
D00 0.0211 460 459 548 564
D00 0.0211 506 493 619 600
D00 0.0211 30 537 179 720
D00 0.0210 340 500 397 617
D00 0.0208 614 540 717 714
D00 0.0206 150 657 219 720
D00 0.0205 377 476 415 567
D00 0.0204 363 440 414 499
D00 0.0203 350 485 386 536
D00 0.0202 473 539 576 592
D00 0.0199 461 461 517 498
D00 0.0197 319 500 372 570
D00 0.0195 155 651 329 720
D00 0.0194 59 541 104 606
D00 0.0192 514 504 572 568
D00 0.0192 318 488 427 568
D00 0.0191 330 521 362 583
D00 0.0190 2 441 35 498
D00 0.0190 372 422 419 515
D00 0.0188 33 531 91 600
D00 0.0188 527 524 597 602
D00 0.0188 526 529 579 564
D00 0.0186 484 451 551 519
D00 0.0186 380 467 411 529
D00 0.0185 7 650 45 712
D00 0.0184 164 680 207 720
D00 0.0184 383 427 412 484
D00 0.0183 479 451 522 491
D00 0.0182 472 449 507 503
D00 0.0181 300 462 399 642
D00 0.0180 653 572 715 692
D00 0.0180 665 576 696 645
D00 0.0177 0 426 73 500
D00 0.0175 337 540 372 588
D00 0.0175 3 581 68 703
D00 0.0173 364 448 458 587
D00 0.0171 305 451 358 543
D00 0.0171 18 524 187 605
D00 0.0171 338 497 375 549
D00 0.0171 294 514 405 584
D00 0.0169 351 462 385 521
D00 0.0167 626 526 707 656
D00 0.0166 253 460 356 549
D00 0.0165 320 455 383 508
D00 0.0165 0 456 39 535
D00 0.0164 488 492 564 577
D00 0.0164 112 454 277 664
D00 0.0164 384 407 414 455
D00 0.0164 526 518 565 576
D00 0.0163 250 684 319 716
D00 0.0162 55 509 92 560
D00 0.0162 0 641 192 720
D00 0.0161 542 476 591 574
D00 0.0161 450 517 603 642
D00 0.0158 389 403 427 441
D00 0.0158 385 468 432 574
D00 0.0157 322 461 357 515
D00 0.0157 76 522 107 590
D00 0.0156 502 550 567 581
D00 0.0156 472 466 507 524
D00 0.0155 314 467 348 526
D00 0.0154 245 424 323 496
D00 0.0153 460 453 515 484
D00 0.0153 67 501 174 589
D00 0.0153 269 488 385 568
D00 0.0153 503 458 538 511
D00 0.0152 98 407 188 468
D00 0.0152 245 437 368 596
D00 0.0151 553 494 583 555
D00 0.0150 53 620 275 717
D00 0.0148 208 672 305 720
D00 0.0147 541 509 608 581
D00 0.0147 95 440 202 578
D00 0.0147 624 589 707 678
D00 0.0147 385 509 412 575
D00 0.0146 486 528 652 611
D00 0.0146 392 448 421 506
D00 0.0144 427 464 504 579
D00 0.0144 671 550 710 637
D00 0.0144 564 506 593 564
D00 0.0143 0 466 67 556
D00 0.0143 176 492 321 695
D00 0.0142 56 452 109 561
D00 0.0142 217 437 305 570
D00 0.0141 268 506 387 615
D00 0.0141 514 466 550 519
D00 0.0141 143 438 240 574
D00 0.0140 124 653 260 719
D00 0.0140 38 523 134 592
D00 0.0140 535 539 590 571
D00 0.0139 422 460 476 555
D00 0.0139 122 546 273 720
D00 0.0138 266 491 411 687
D00 0.0137 512 544 574 605
D00 0.0137 445 487 529 594
D00 0.0137 0 648 94 713
D00 0.0136 398 483 445 579
D00 0.0136 6 187 103 368
D00 0.0135 65 459 181 556
D00 0.0134 397 501 423 566
D00 0.0134 242 441 316 534
D00 0.0134 0 528 151 652
D00 0.0133 539 493 573 555
D00 0.0133 205 464 387 704
D00 0.0133 532 542 578 587
D00 0.0132 591 570 720 655
D00 0.0131 509 483 556 562
D00 0.0130 558 515 597 593
D00 0.0130 379 440 434 497
D00 0.0130 467 510 550 609
D00 0.0130 360 530 388 592
D00 0.0129 108 665 209 720
D00 0.0129 28 542 114 632
D00 0.0128 500 535 553 578
D00 0.0128 460 477 521 535
D00 0.0128 213 631 311 711
D00 0.0127 337 473 397 504
D00 0.0127 108 402 222 447
D00 0.0127 46 513 84 583
D00 0.0127 268 483 341 597
D00 0.0127 415 494 451 572
D00 0.0127 195 450 280 588
D00 0.0127 153 669 198 717
D00 0.0126 486 439 597 585
D00 0.0126 222 547 362 720
D00 0.0126 167 683 250 720
D00 0.0126 455 478 496 559
D00 0.0126 344 522 432 606
D00 0.0126 446 492 487 572
D00 0.0125 123 494 204 572
D00 0.0125 245 464 316 581
D00 0.0124 411 496 484 572
D00 0.0124 519 475 565 545
D00 0.0124 0 107 77 306
D00 0.0124 511 474 567 507
D00 0.0124 494 448 527 499
D00 0.0123 420 442 452 497
D00 0.0123 654 568 686 637
D00 0.0123 0 682 87 719
D00 0.0122 405 409 436 455
D00 0.0122 38 554 105 682
D00 0.0122 333 527 376 564
D00 0.0122 312 439 353 503
D00 0.0122 203 436 275 535
D00 0.0122 168 425 266 551
D00 0.0121 493 461 564 499
D00 0.0121 388 456 424 536
D00 0.0120 480 497 637 679
D00 0.0119 333 444 400 499
D00 0.0119 393 416 423 468
D00 0.0119 428 421 461 470
D00 0.0118 408 502 434 566
D00 0.0118 266 589 424 702
D00 0.0118 430 468 465 524
D00 0.0118 461 437 493 490
D00 0.0117 484 555 565 598
D00 0.0117 296 643 393 717
D00 0.0117 180 466 248 580
D00 0.0116 97 632 238 702
D00 0.0116 145 635 284 704
D00 0.0116 464 628 514 720
D00 0.0115 539 519 590 551
D00 0.0114 216 675 279 709
D00 0.0114 533 489 576 531
D00 0.0114 643 589 697 652
D00 0.0113 481 546 575 627
D00 0.0113 663 588 713 654
D00 0.0113 178 665 212 720
D00 0.0113 25 448 106 532
D00 0.0113 145 483 223 562
D00 0.0113 2 38 48 145
D00 0.0112 371 460 447 535
D00 0.0112 47 550 93 585
D00 0.0112 262 435 308 497
D00 0.0112 273 661 358 704
D00 0.0111 331 523 377 612
D00 0.0111 367 411 410 474
D00 0.0111 335 641 389 674
D00 0.0110 425 504 464 580
D00 0.0110 360 520 411 583
D00 0.0110 420 418 472 504
D00 0.0110 416 411 449 454
D00 0.0109 350 544 377 601
D00 0.0109 60 552 88 615
D00 0.0109 351 528 398 563
D00 0.0109 343 516 385 551
D00 0.0109 526 463 677 650
D00 0.0108 50 532 116 581
D00 0.0108 522 484 578 516
D00 0.0108 249 647 318 720
D00 0.0108 341 483 394 512
D00 0.0107 296 635 436 694
D00 0.0106 306 476 379 518
D00 0.0106 446 564 568 665
D00 0.0106 220 643 274 720
D00 0.0106 317 489 348 558
D00 0.0105 261 433 339 516
D00 0.0105 304 540 456 717
D00 0.0104 260 626 343 713
D00 0.0104 548 529 602 561
D00 0.0104 318 622 387 688
D00 0.0104 440 503 471 565
D00 0.0104 225 662 267 705
D00 0.0103 273 679 356 720
D00 0.0103 289 436 363 520
D00 0.0103 447 443 503 468
D00 0.0103 70 597 223 699
D00 0.0103 130 687 196 719
D00 0.0103 238 417 307 473
D00 0.0103 5 163 49 272
D00 0.0102 20 519 91 570
D00 0.0102 523 463 609 551
D00 0.0101 300 479 342 564
D00 0.0101 329 450 375 490
D00 0.0101 154 591 323 714
D00 0.0101 609 625 719 720
D00 0.0100 644 536 694 637
D00 0.0100 664 630 720 720
D00 0.0100 609 540 683 645
D00 0.0100 406 440 436 496
D00 0.0100 473 524 560 570
D10 0.0264 56 440 165 473
D10 0.0200 0 595 237 700
D10 0.0194 410 540 569 598
D10 0.0163 51 582 240 657
D10 0.0160 74 609 258 685
D10 0.0152 470 547 563 586
D10 0.0146 0 504 97 571
D10 0.0144 42 614 202 675
D10 0.0126 5 483 71 512
D10 0.0126 6 574 161 659
D10 0.0125 0 482 97 547
D10 0.0122 257 667 331 700
D10 0.0121 5 610 115 678
D10 0.0119 436 432 492 455
D10 0.0119 8 518 79 550
D10 0.0116 6 559 109 620
D10 0.0115 99 576 326 671
D10 0.0115 117 594 264 646
D10 0.0115 412 564 563 620
D10 0.0113 5 585 111 647
D10 0.0110 52 552 240 626
D10 0.0109 100 477 212 529
D10 0.0109 435 420 492 443
D10 0.0108 2 529 65 561
D10 0.0108 457 558 553 596
D10 0.0108 2 532 87 581
D10 0.0106 8 508 77 538
D10 0.0106 388 555 507 599
D10 0.0104 66 539 224 595
D20 0.1562 15 475 609 681
D20 0.1401 172 448 613 616
D20 0.1198 0 437 412 626
D20 0.1145 287 460 572 587
D20 0.0817 328 478 644 627
D20 0.0737 414 453 582 567
D20 0.0736 332 447 560 543
D20 0.0733 375 490 594 597
D20 0.0720 12 421 331 560
D20 0.0673 2 438 152 591
D20 0.0631 5 443 243 675
D20 0.0619 112 536 652 720
D20 0.0565 254 516 599 673
D20 0.0557 133 456 449 583
D20 0.0545 27 471 256 585
D20 0.0530 0 438 229 542
D20 0.0526 88 426 197 469
D20 0.0489 424 454 546 520
D20 0.0481 277 441 674 688
D20 0.0425 77 442 307 604
D20 0.0422 196 490 503 626
D20 0.0420 0 336 508 671
D20 0.0417 442 465 561 545
D20 0.0414 11 517 332 696
D20 0.0407 207 445 408 534
D20 0.0406 323 450 474 592
D20 0.0377 314 515 554 611
D20 0.0370 98 437 323 536
D20 0.0364 110 378 720 643
D20 0.0355 372 464 518 580
D20 0.0353 366 537 637 663
D20 0.0345 435 445 500 518
D20 0.0334 252 450 401 590
D20 0.0328 298 433 508 522
D20 0.0323 43 436 177 476
D20 0.0305 377 452 489 505
D20 0.0304 207 573 559 709
D20 0.0295 381 438 542 508
D20 0.0291 0 507 165 694
D20 0.0284 0 443 56 525
D20 0.0275 54 581 421 714
D20 0.0273 314 445 427 549
D20 0.0269 438 516 574 583
D20 0.0264 459 489 574 568
D20 0.0259 157 495 431 692
D20 0.0258 411 426 656 608
D20 0.0256 0 428 87 562
D20 0.0256 118 493 362 597
D20 0.0255 330 453 462 516
D20 0.0248 182 453 346 589
D20 0.0247 313 387 614 602
D20 0.0243 259 437 429 505
D20 0.0242 397 490 545 565
D20 0.0240 21 198 720 710
D20 0.0238 464 459 530 504
D20 0.0238 97 450 240 566
D20 0.0237 483 466 571 520
D20 0.0235 338 565 675 712
D20 0.0231 13 512 238 609
D20 0.0223 402 420 461 445
D20 0.0222 350 469 492 540
D20 0.0222 442 514 643 612
D20 0.0220 422 450 477 508
D20 0.0215 93 544 388 676
D20 0.0213 365 442 428 513
D20 0.0212 21 18 720 530
D20 0.0202 302 486 448 626
D20 0.0200 0 476 105 581
D20 0.0197 94 505 280 588
D20 0.0195 321 600 551 683
D20 0.0194 0 0 489 353
D20 0.0192 201 0 720 353
D20 0.0191 0 441 96 671
D20 0.0190 403 410 462 436
D20 0.0190 358 404 427 441
D20 0.0189 273 501 428 592
D20 0.0189 0 631 209 720
D20 0.0187 362 475 461 574
D20 0.0186 148 450 281 562
D20 0.0185 509 541 720 642
D20 0.0184 349 517 495 583
D20 0.0183 309 455 415 510
D20 0.0180 0 142 348 720
D20 0.0179 382 542 554 597
D20 0.0179 375 142 720 720
D20 0.0179 134 644 350 720
D20 0.0179 345 409 440 454
D20 0.0178 422 442 512 557
D20 0.0177 373 465 570 686
D20 0.0173 241 469 374 538
D20 0.0172 69 516 222 582
D20 0.0171 0 301 246 614
D20 0.0171 436 470 545 600
D20 0.0170 498 491 720 720
D20 0.0169 383 412 480 452
D20 0.0169 175 515 402 616
D20 0.0165 424 420 481 443
D20 0.0164 51 424 197 576
D20 0.0164 380 432 483 483
D20 0.0162 430 434 479 489
D20 0.0158 288 444 491 660
D20 0.0157 0 382 118 527
D20 0.0157 440 450 513 491
D20 0.0156 415 430 471 455
D20 0.0156 393 449 475 488
D20 0.0155 342 555 547 626
D20 0.0155 444 440 559 497
D20 0.0154 399 414 440 450
D20 0.0153 460 477 648 582
D20 0.0153 429 442 481 470
D20 0.0153 356 397 411 424
D20 0.0152 119 415 373 702
D20 0.0149 0 515 87 596
D20 0.0147 0 0 181 275
D20 0.0146 174 486 299 597
D20 0.0146 0 505 122 629
D20 0.0143 466 583 711 705
D20 0.0142 596 525 720 657
D20 0.0141 341 584 541 652
D20 0.0140 0 121 328 364
D20 0.0139 0 588 146 713
D20 0.0139 49 492 195 569
D20 0.0136 0 468 60 616
D20 0.0136 404 446 476 544
D20 0.0135 44 379 402 497
D20 0.0131 323 410 518 492
D20 0.0131 200 632 471 720
D20 0.0131 141 480 240 573
D20 0.0130 434 426 474 462
D20 0.0129 360 419 460 465
D20 0.0128 425 409 482 434
D20 0.0127 233 413 447 492
D20 0.0126 244 489 371 566
D20 0.0126 462 447 600 529
D20 0.0126 396 422 486 467
D20 0.0125 0 530 91 720
D20 0.0125 45 469 197 543
D20 0.0123 396 401 488 440
D20 0.0121 202 428 387 647
D20 0.0120 416 537 562 634
D20 0.0120 547 0 720 271
D20 0.0118 611 558 710 636
D20 0.0117 51 554 241 690
D20 0.0117 374 421 443 492
D20 0.0117 281 621 514 702
D20 0.0116 0 0 323 219
D20 0.0116 331 540 464 599
D20 0.0115 450 435 518 527
D20 0.0113 120 472 261 541
D20 0.0113 404 397 464 422
D20 0.0112 311 557 485 672
D20 0.0112 381 397 434 424
D20 0.0111 21 0 288 442
D20 0.0111 214 477 305 573
D20 0.0111 375 393 439 449
D20 0.0110 329 508 525 720
D20 0.0110 632 0 720 141
D20 0.0110 0 289 406 536
D20 0.0109 405 581 561 701
D20 0.0109 500 484 591 539
D20 0.0107 467 0 720 375
D20 0.0107 0 469 71 539
D20 0.0106 75 523 260 652
D20 0.0106 25 440 93 535
D20 0.0106 308 417 434 469
D20 0.0105 267 541 495 638
D20 0.0104 417 517 525 574
D20 0.0104 452 0 720 174
D20 0.0103 439 440 511 475
D20 0.0103 512 480 583 521
D20 0.0103 101 606 297 720
D20 0.0103 455 399 643 558
D20 0.0102 121 472 218 599
D20 0.0102 0 440 29 509
D20 0.0101 338 390 422 432
D20 0.0101 414 495 518 619
D20 0.0101 423 504 609 720
D20 0.0101 0 0 127 194
D20 0.0101 234 500 330 590
D20 0.0100 0 492 69 564
D20 0.0100 337 631 599 720
D20 0.0100 578 631 720 720
D20 0.0100 0 0 87 138
D40 0.0853 108 422 235 462
D40 0.0846 4 432 178 499
D40 0.0825 216 408 289 437
D40 0.0819 303 464 358 496
D40 0.0781 83 411 297 468
D40 0.0757 21 415 229 473
D40 0.0718 141 430 228 456
D40 0.0701 216 452 312 500
D40 0.0698 103 440 181 466
D40 0.0667 494 483 546 519
D40 0.0636 137 414 253 456
D40 0.0631 84 392 298 448
D40 0.0630 0 450 88 503
D40 0.0628 5 442 104 529
D40 0.0589 268 456 365 501
D40 0.0559 175 402 287 444
D40 0.0558 231 462 301 494
D40 0.0557 94 421 320 505
D40 0.0554 478 472 560 526
D40 0.0533 438 463 476 513
D40 0.0532 77 433 187 471
D40 0.0528 167 409 331 473
D40 0.0525 207 416 280 443
D40 0.0508 0 431 136 566
D40 0.0504 198 431 361 502
D40 0.0489 237 665 326 716
D40 0.0481 2 456 52 499
D40 0.0481 17 384 241 457
D40 0.0479 502 494 557 524
D40 0.0477 56 433 235 483
D40 0.0475 446 474 483 520
D40 0.0468 212 393 314 436
D40 0.0449 163 432 310 490
D40 0.0423 187 442 391 531
D40 0.0406 3 669 48 714
D40 0.0397 483 471 535 510
D40 0.0396 7 443 119 489
D40 0.0396 241 674 298 710
D40 0.0396 346 418 407 447
D40 0.0375 16 451 94 482
D40 0.0373 4 416 131 473
D40 0.0373 177 419 263 447
D40 0.0372 367 467 407 512
D40 0.0371 436 449 500 520
D40 0.0340 55 389 161 429
D40 0.0337 4 574 332 720
D40 0.0336 2 471 71 501
D40 0.0320 310 472 370 502
D40 0.0319 276 472 348 498
D40 0.0318 149 445 325 520
D40 0.0316 128 438 216 463
D40 0.0312 346 407 406 438
D40 0.0309 18 424 226 523
D40 0.0309 28 395 186 447
D40 0.0308 260 463 336 493
D40 0.0307 132 426 191 462
D40 0.0303 314 456 349 504
D40 0.0302 243 403 303 435
D40 0.0297 357 429 412 455
D40 0.0295 296 462 391 514
D40 0.0287 251 439 393 496
D40 0.0284 433 469 535 524
D40 0.0281 150 428 260 475
D40 0.0277 171 417 280 463
D40 0.0276 376 456 414 502
D40 0.0276 0 611 196 715
D40 0.0271 216 401 301 456
D40 0.0270 378 412 416 451
D40 0.0269 207 467 293 504
D40 0.0267 210 399 280 430
D40 0.0263 177 423 236 456
D40 0.0263 0 661 80 717
D40 0.0262 0 375 288 509
D40 0.0259 243 448 327 492
D40 0.0258 454 463 497 514
D40 0.0257 28 437 162 478
D40 0.0257 428 456 471 501
D40 0.0254 249 448 355 522
D40 0.0250 336 409 423 454
D40 0.0250 449 483 507 516
D40 0.0250 34 443 158 526
D40 0.0248 438 487 478 527
D40 0.0247 291 453 350 488
D40 0.0241 441 460 492 497
D40 0.0240 68 397 146 424
D40 0.0238 0 640 138 720
D40 0.0238 400 458 491 516
D40 0.0236 94 598 388 706
D40 0.0235 441 494 494 522
D40 0.0234 186 643 381 720
D40 0.0231 461 470 520 509
D40 0.0229 157 417 217 454
D40 0.0229 4 618 97 710
D40 0.0227 481 491 564 548
D40 0.0226 223 416 366 470
D40 0.0226 94 448 171 473
D40 0.0222 37 354 263 436
D40 0.0221 500 474 556 508
D40 0.0221 465 487 543 528
D40 0.0218 513 482 550 535
D40 0.0217 139 378 322 464
D40 0.0217 306 451 381 491
D40 0.0216 510 484 566 518
D40 0.0212 185 389 350 445
D40 0.0212 368 435 410 475
D40 0.0212 231 416 306 441
D40 0.0211 1 686 64 716
D40 0.0209 220 458 269 498
D40 0.0208 496 505 553 532
D40 0.0207 0 456 64 535
D40 0.0206 38 451 121 477
D40 0.0205 67 443 154 470
D40 0.0204 428 476 471 519
D40 0.0204 76 412 185 462
D40 0.0201 230 402 273 441
D40 0.0201 305 443 359 515
D40 0.0200 3 474 49 519
D40 0.0197 431 452 481 483
D40 0.0197 64 450 225 510
D40 0.0197 151 405 246 443
D40 0.0192 345 461 426 519
D40 0.0189 222 420 307 495
D40 0.0189 249 472 321 498
D40 0.0185 256 397 326 424
D40 0.0182 124 420 206 453
D40 0.0182 319 464 386 495
D40 0.0180 371 452 421 482
D40 0.0180 316 617 414 661
D40 0.0177 236 388 334 428
D40 0.0177 427 469 491 543
D40 0.0177 371 417 420 467
D40 0.0174 70 380 185 421
D40 0.0172 331 623 397 650
D40 0.0171 168 431 224 467
D40 0.0171 87 371 254 423
D40 0.0171 193 427 269 453
D40 0.0167 208 412 422 490
D40 0.0165 70 403 164 435
D40 0.0165 285 603 518 682
D40 0.0164 256 451 294 498
D40 0.0163 379 429 436 455
D40 0.0162 329 430 416 482
D40 0.0161 231 667 287 700
D40 0.0161 153 391 269 434
D40 0.0160 227 448 282 490
D40 0.0159 71 387 144 415
D40 0.0158 16 406 89 497
D40 0.0157 135 442 247 524
D40 0.0156 255 407 325 432
D40 0.0156 346 397 405 425
D40 0.0155 0 320 243 572
D40 0.0155 196 444 281 509
D40 0.0155 353 447 417 488
D40 0.0155 220 470 354 536
D40 0.0154 120 430 161 470
D40 0.0153 334 414 380 449
D40 0.0151 255 664 312 706
D40 0.0151 8 367 171 477
D40 0.0151 354 482 401 513
D40 0.0150 369 483 421 513
D40 0.0150 114 444 206 479
D40 0.0149 310 474 353 518
D40 0.0148 350 462 405 495
D40 0.0148 340 424 394 459
D40 0.0147 347 440 408 467
D40 0.0147 318 401 411 443
D40 0.0146 126 439 237 490
D40 0.0144 405 462 469 494
D40 0.0142 0 599 136 690
D40 0.0142 226 601 420 697
D40 0.0141 324 585 521 652
D40 0.0141 316 421 413 464
D40 0.0140 333 631 393 662
D40 0.0138 0 422 60 505
D40 0.0138 335 617 500 668
D40 0.0138 377 463 439 494
D40 0.0136 0 386 119 509
D40 0.0136 25 450 71 501
D40 0.0135 200 408 321 536
D40 0.0135 233 436 312 479
D40 0.0135 7 442 77 474
D40 0.0135 29 460 101 489
D40 0.0132 90 394 186 426
D40 0.0127 224 421 280 460
D40 0.0127 233 446 298 520
D40 0.0127 368 468 454 508
D40 0.0122 243 459 285 505
D40 0.0122 55 411 140 488
D40 0.0121 189 399 293 492
D40 0.0121 404 453 467 483
D40 0.0120 203 435 286 476
D40 0.0120 504 491 543 549
D40 0.0119 298 622 391 673
D40 0.0118 156 372 307 424
D40 0.0118 385 464 425 509
D40 0.0118 239 406 284 450
D40 0.0117 172 471 307 537
D40 0.0116 335 389 413 432
D40 0.0116 125 406 208 479
D40 0.0115 109 419 175 483
D40 0.0115 250 387 320 416
D40 0.0114 182 398 264 425
D40 0.0114 379 441 437 468
D40 0.0114 149 405 285 537
D40 0.0113 254 622 481 704
D40 0.0113 256 435 313 509
D40 0.0112 218 477 295 516
D40 0.0112 480 453 591 518
D40 0.0111 505 500 573 540
D40 0.0111 399 629 494 661
D40 0.0111 118 358 327 435
D40 0.0110 0 697 55 720
D40 0.0109 372 622 472 653
D40 0.0109 175 420 257 507
D40 0.0109 39 443 82 491
D40 0.0108 173 384 258 455
D40 0.0107 370 399 406 444
D40 0.0107 0 535 98 600
D40 0.0107 81 427 167 509
D40 0.0106 0 679 31 720
D40 0.0106 104 383 185 458
D40 0.0105 242 574 457 668
D40 0.0105 122 476 228 529
D40 0.0104 0 464 28 508
D40 0.0104 446 498 486 542
D40 0.0104 37 621 156 706
D40 0.0104 177 447 266 487
D40 0.0103 213 408 253 451
D40 0.0103 181 439 256 467
D40 0.0103 282 438 344 510
D40 0.0101 137 398 246 491
D40 0.0101 299 413 404 452
D40 0.0101 416 464 460 509
D40 0.0100 399 423 440 460
D40 0.0100 211 466 255 507
