D00 0.0362 349 633 403 720
D00 0.0331 224 632 281 720
D00 0.0309 410 563 456 661
D00 0.0302 337 688 397 719
D00 0.0284 306 594 434 719
D00 0.0281 195 580 324 707
D00 0.0252 271 563 346 642
D00 0.0246 241 560 365 688
D00 0.0241 419 580 448 648
D00 0.0240 358 546 468 720
D00 0.0237 183 662 289 720
D00 0.0234 231 679 276 720
D00 0.0234 351 662 383 720
D00 0.0234 318 656 397 720
D00 0.0231 287 571 331 650
D00 0.0226 344 683 430 720
D00 0.0208 289 553 366 628
D00 0.0206 256 640 437 720
D00 0.0205 185 614 290 711
D00 0.0202 382 575 449 708
D00 0.0201 257 540 408 716
D00 0.0193 261 581 335 658
D00 0.0185 327 653 455 717
D00 0.0183 236 649 271 716
D00 0.0182 153 568 287 720
D00 0.0181 246 530 364 640
D00 0.0180 242 596 315 714
D00 0.0180 244 659 280 719
D00 0.0177 309 575 386 707
D00 0.0176 359 649 392 719
D00 0.0175 210 673 313 720
D00 0.0175 408 591 460 693
D00 0.0173 220 567 298 688
D00 0.0172 235 556 331 645
D00 0.0166 279 552 341 614
D00 0.0165 376 583 539 720
D00 0.0164 294 600 324 662
D00 0.0164 283 591 334 691
D00 0.0162 398 540 449 646
D00 0.0161 239 648 303 714
D00 0.0159 398 521 474 679
D00 0.0158 257 573 321 633
D00 0.0158 331 613 491 715
D00 0.0153 135 638 216 720
D00 0.0152 288 594 365 715
D00 0.0151 348 674 405 715
D00 0.0151 427 590 457 654
D00 0.0150 114 607 246 717
D00 0.0150 295 578 343 624
D00 0.0148 175 503 409 700
D00 0.0148 330 560 408 691
D00 0.0147 281 581 316 643
D00 0.0147 195 687 268 718
D00 0.0146 180 550 309 664
D00 0.0144 61 536 270 703
D00 0.0144 365 632 430 720
D00 0.0143 305 568 354 614
D00 0.0142 310 563 390 638
D00 0.0141 394 628 450 720
D00 0.0139 301 534 379 608
D00 0.0138 53 478 371 717
D00 0.0138 247 635 354 719
D00 0.0138 415 560 501 715
D00 0.0137 298 580 360 641
D00 0.0136 173 591 256 706
D00 0.0134 199 579 285 652
D00 0.0133 274 570 324 615
D00 0.0133 167 642 257 720
D00 0.0132 214 596 275 692
D00 0.0130 225 661 262 719
D00 0.0129 269 509 386 614
D00 0.0129 350 698 422 720
D00 0.0128 218 602 343 680
D00 0.0128 367 654 503 716
D00 0.0127 238 687 305 718
D00 0.0127 301 590 335 652
D00 0.0127 359 593 414 699
D00 0.0126 423 547 459 641
D00 0.0125 220 698 283 720
D00 0.0124 225 544 344 608
D00 0.0123 418 526 603 703
D00 0.0123 410 518 455 619
D00 0.0121 376 507 456 657
D00 0.0121 358 542 430 666
D00 0.0120 408 572 440 639
D00 0.0120 268 614 325 720
D00 0.0119 390 482 689 720
D00 0.0119 301 503 449 699
D00 0.0118 237 584 299 643
D00 0.0117 324 561 359 622
D00 0.0114 349 575 403 668
D00 0.0114 331 552 375 630
D00 0.0113 445 600 568 717
D00 0.0113 130 512 372 643
D00 0.0113 495 392 711 720
D00 0.0113 15 632 250 720
D00 0.0112 338 676 375 720
D00 0.0111 416 601 465 664
D00 0.0111 290 563 349 597
D00 0.0111 280 675 418 720
D00 0.0111 394 644 573 720
D00 0.0110 214 656 287 705
D00 0.0109 424 563 477 660
D00 0.0109 210 556 296 631
D00 0.0108 292 547 367 590
D00 0.0108 143 675 257 720
D00 0.0106 416 613 470 720
D00 0.0105 494 506 633 711
D00 0.0105 0 0 107 197
D00 0.0104 370 584 454 659
D00 0.0104 270 525 348 600
D00 0.0104 241 605 285 688
D00 0.0103 0 587 136 720
D00 0.0103 357 494 411 550
D00 0.0103 317 517 417 652
D00 0.0103 324 476 512 719
D00 0.0102 0 474 256 681
D00 0.0102 378 661 442 720
D00 0.0102 233 586 278 666
D00 0.0102 322 542 401 621
D00 0.0102 474 588 624 720
D00 0.0102 540 500 675 711
D00 0.0101 417 501 497 653
D00 0.0101 270 595 328 629
D00 0.0101 36 520 187 711
D00 0.0100 155 618 240 700
D00 0.0100 334 583 395 642
D00 0.0100 477 479 574 656
D00 0.0100 249 600 325 647
D10 0.0132 288 585 349 617
D10 0.0121 280 619 336 650
D10 0.0116 223 652 281 682
D10 0.0115 289 595 348 628
D10 0.0113 243 604 347 662
D10 0.0113 310 541 377 569
D10 0.0111 370 615 467 674
D10 0.0110 333 587 454 643
D10 0.0110 185 603 272 644
D10 0.0110 298 590 383 633
D10 0.0109 332 598 395 629
D10 0.0108 307 585 370 618
D10 0.0105 328 601 448 678
D10 0.0104 346 608 407 639
D10 0.0102 494 587 550 618
D10 0.0102 233 643 291 672
D10 0.0101 289 607 347 641
D10 0.0100 308 574 368 607
D10 0.0100 310 595 417 652
D20 0.0688 162 568 497 718
D20 0.0519 49 508 577 704
D20 0.0473 139 604 338 719
D20 0.0429 262 560 428 720
D20 0.0423 0 560 410 720
D20 0.0417 225 551 655 720
D20 0.0374 186 623 418 720
D20 0.0353 200 565 360 715
D20 0.0335 310 584 589 711
D20 0.0272 334 561 484 720
D20 0.0250 278 542 480 666
D20 0.0229 287 627 496 720
D20 0.0226 246 571 404 664
D20 0.0225 170 649 303 715
D20 0.0206 71 630 296 720
D20 0.0187 111 540 314 705
D20 0.0186 192 626 321 705
D20 0.0185 271 572 366 633
D20 0.0175 234 530 423 638
D20 0.0174 314 480 720 702
D20 0.0171 430 547 720 720
D20 0.0167 0 0 489 353
D20 0.0164 226 651 376 715
D20 0.0163 201 0 720 353
D20 0.0163 0 474 301 707
D20 0.0161 285 583 396 640
D20 0.0160 213 503 447 700
D20 0.0159 362 524 507 680
D20 0.0156 0 374 489 720
D20 0.0154 273 508 457 608
D20 0.0153 316 571 420 668
D20 0.0149 0 142 348 720
D20 0.0147 368 631 600 720
D20 0.0147 375 142 720 720
D20 0.0147 0 198 669 710
D20 0.0145 17 567 221 720
D20 0.0144 255 499 558 666
D20 0.0143 296 588 399 693
D20 0.0139 257 593 359 653
D20 0.0138 98 506 400 666
D20 0.0136 0 0 720 521
D20 0.0134 299 561 430 629
D20 0.0133 369 542 621 690
D20 0.0132 283 542 408 608
D20 0.0129 327 522 449 641
D20 0.0125 543 443 720 720
D20 0.0121 0 0 173 270
D20 0.0120 302 521 428 579
D20 0.0118 238 602 366 679
D20 0.0115 167 384 720 720
D20 0.0115 450 588 606 720
D20 0.0115 546 0 720 270
D20 0.0106 190 674 321 720
D20 0.0105 0 632 148 720
D20 0.0104 254 675 397 720
D20 0.0102 0 317 184 443
D40 0.0389 303 483 363 511
D40 0.0347 329 530 399 556
D40 0.0314 297 473 374 518
D40 0.0311 342 520 404 550
D40 0.0257 314 511 411 557
D40 0.0235 300 482 390 535
D40 0.0228 194 544 295 593
D40 0.0216 135 570 322 689
D40 0.0206 238 521 331 573
D40 0.0200 304 494 363 524
D40 0.0199 190 630 290 691
D40 0.0196 158 599 262 654
D40 0.0191 163 615 272 711
D40 0.0190 167 663 281 720
D40 0.0187 215 532 316 583
D40 0.0186 199 564 266 592
D40 0.0180 173 556 273 603
D40 0.0177 249 515 321 555
D40 0.0174 304 528 390 563
D40 0.0173 246 531 307 561
D40 0.0166 210 554 276 583
D40 0.0163 171 558 324 641
D40 0.0160 346 507 402 541
D40 0.0158 243 574 335 633
D40 0.0155 230 636 275 681
D40 0.0154 179 603 304 682
D40 0.0149 223 638 281 706
D40 0.0149 234 542 297 571
D40 0.0147 330 517 382 554
D40 0.0145 280 480 350 516
D40 0.0145 0 338 188 434
D40 0.0143 191 531 378 638
D40 0.0143 341 524 424 560
D40 0.0143 250 499 344 551
D40 0.0141 287 476 345 503
D40 0.0138 192 564 292 620
D40 0.0136 276 493 418 568
D40 0.0131 146 598 249 694
D40 0.0130 266 484 357 537
D40 0.0129 289 496 383 550
D40 0.0129 210 552 314 611
D40 0.0129 174 609 243 638
D40 0.0128 286 522 408 581
D40 0.0127 320 540 387 569
D40 0.0126 239 541 335 601
D40 0.0125 217 586 319 643
D40 0.0125 259 533 357 589
D40 0.0123 265 531 327 560
D40 0.0123 2 359 125 424
D40 0.0123 258 509 314 539
D40 0.0120 338 486 409 553
D40 0.0120 138 589 243 644
D40 0.0119 212 652 274 681
D40 0.0118 315 476 383 506
D40 0.0117 176 588 283 644
D40 0.0117 0 316 299 507
D40 0.0115 176 648 268 690
D40 0.0115 254 541 318 570
D40 0.0114 233 516 380 596
D40 0.0114 47 593 273 705
D40 0.0113 415 610 453 657
D40 0.0111 204 624 280 671
D40 0.0111 4 326 102 414
D40 0.0109 0 359 233 482
D40 0.0108 144 640 256 703
D40 0.0108 100 582 267 664
D40 0.0107 357 508 395 557
D40 0.0107 285 495 340 526
D40 0.0106 229 604 328 666
D40 0.0106 149 505 338 610
D40 0.0105 165 607 230 668
D40 0.0103 238 646 284 693
D40 0.0102 223 628 321 692
D40 0.0102 158 577 262 631
D40 0.0100 199 643 268 673
