D00 0.1197 440 504 473 587
D00 0.0921 496 500 575 582
D00 0.0843 304 406 422 541
D00 0.0744 665 631 696 690
D00 0.0723 435 409 552 599
D00 0.0615 452 526 477 590
D00 0.0602 344 390 465 586
D00 0.0595 283 462 364 540
D00 0.0532 437 517 500 593
D00 0.0529 299 445 374 524
D00 0.0513 337 400 433 498
D00 0.0502 440 468 491 577
D00 0.0469 383 406 433 512
D00 0.0453 395 405 485 580
D00 0.0452 650 628 705 698
D00 0.0420 313 456 359 533
D00 0.0410 352 411 418 479
D00 0.0410 483 474 554 574
D00 0.0408 314 428 399 509
D00 0.0392 489 417 594 588
D00 0.0389 524 516 562 576
D00 0.0363 404 416 436 508
D00 0.0360 185 406 581 664
D00 0.0345 398 427 440 548
D00 0.0342 374 416 449 561
D00 0.0335 608 600 711 711
D00 0.0331 422 464 472 570
D00 0.0330 57 418 416 685
D00 0.0323 662 653 699 697
D00 0.0320 501 424 679 610
D00 0.0315 327 501 380 593
D00 0.0309 654 581 714 700
D00 0.0302 375 402 431 467
D00 0.0295 432 426 502 567
D00 0.0291 442 484 467 555
D00 0.0286 331 390 438 455
D00 0.0286 656 620 689 684
D00 0.0284 248 454 367 513
D00 0.0278 633 522 720 709
D00 0.0275 37 478 200 679
D00 0.0273 647 640 694 680
D00 0.0272 317 402 404 478
D00 0.0261 518 479 586 589
D00 0.0251 361 430 423 499
D00 0.0250 393 384 442 483
D00 0.0248 356 415 417 452
D00 0.0247 303 469 353 514
D00 0.0242 672 645 706 704
D00 0.0242 407 441 457 567
D00 0.0242 392 410 427 478
D00 0.0240 132 550 285 695
D00 0.0236 632 563 700 682
D00 0.0236 396 429 426 500
D00 0.0234 479 457 695 683
D00 0.0234 454 391 478 452
D00 0.0233 1 459 51 562
D00 0.0231 340 617 367 671
D00 0.0230 173 539 260 622
D00 0.0229 329 619 358 673
D00 0.0227 538 514 593 582
D00 0.0227 337 364 596 579
D00 0.0227 89 451 268 587
D00 0.0226 120 540 210 616
D00 0.0225 510 534 584 599
D00 0.0220 131 560 237 622
D00 0.0219 406 400 435 466
D00 0.0219 280 409 394 497
D00 0.0218 561 445 719 647
D00 0.0218 446 398 490 502
D00 0.0217 539 470 678 588
D00 0.0217 673 621 705 684
D00 0.0214 443 541 469 595
D00 0.0214 454 408 479 476
D00 0.0211 368 394 483 513
D00 0.0202 469 516 592 693
D00 0.0201 2 470 111 666
D00 0.0199 412 407 447 499
D00 0.0198 588 607 636 700
D00 0.0198 512 497 552 566
D00 0.0198 349 425 410 461
D00 0.0196 354 451 415 566
D00 0.0196 410 487 526 656
D00 0.0195 610 639 705 694
D00 0.0194 473 405 541 549
D00 0.0193 2 459 177 595
D00 0.0191 0 632 53 720
D00 0.0188 511 384 574 461
D00 0.0187 507 372 624 574
D00 0.0187 344 504 404 595
D00 0.0187 625 492 709 640
D00 0.0186 328 404 410 446
D00 0.0186 1 543 113 720
D00 0.0185 654 530 714 658
D00 0.0184 552 589 691 695
D00 0.0184 208 515 271 622
D00 0.0183 299 634 340 678
D00 0.0182 372 504 426 597
D00 0.0182 316 628 347 682
D00 0.0178 356 422 398 488
D00 0.0177 10 417 260 709
D00 0.0176 597 624 627 688
D00 0.0175 546 396 589 471
D00 0.0175 409 449 433 526
D00 0.0175 294 628 325 683
D00 0.0171 518 521 679 720
D00 0.0171 475 362 578 551
D00 0.0171 604 467 708 595
D00 0.0169 443 391 468 451
D00 0.0169 377 441 423 527
D00 0.0168 530 428 609 564
D00 0.0167 456 463 502 559
D00 0.0166 633 652 693 686
D00 0.0166 657 630 700 664
D00 0.0166 464 391 489 452
D00 0.0166 544 411 642 580
D00 0.0165 1 663 35 718
D00 0.0165 0 462 69 621
D00 0.0164 214 472 278 568
D00 0.0164 513 388 553 435
D00 0.0164 68 452 199 612
D00 0.0161 365 406 425 441
D00 0.0160 0 488 36 573
D00 0.0160 456 416 504 512
D00 0.0159 545 491 608 588
D00 0.0159 1 499 50 607
D00 0.0159 455 382 499 481
D00 0.0159 575 616 628 676
D00 0.0158 293 463 359 495
D00 0.0158 524 398 565 445
D00 0.0157 345 437 407 473
D00 0.0157 20 512 156 632
D00 0.0157 509 403 583 541
D00 0.0156 464 422 491 486
D00 0.0155 502 382 542 461
D00 0.0155 273 473 354 504
D00 0.0154 189 573 315 687
D00 0.0153 567 635 709 720
D00 0.0151 450 447 485 546
D00 0.0151 561 415 595 474
D00 0.0151 393 461 430 556
D00 0.0150 379 387 438 445
D00 0.0149 492 380 600 509
D00 0.0149 646 661 697 691
D00 0.0149 231 502 293 613
D00 0.0149 670 622 720 706
D00 0.0148 440 409 474 495
D00 0.0147 539 395 574 454
D00 0.0146 323 643 360 687
D00 0.0146 511 586 641 691
D00 0.0145 254 393 422 459
D00 0.0145 398 421 465 507
D00 0.0145 305 635 356 691
D00 0.0144 123 569 207 652
D00 0.0143 440 443 473 547
D00 0.0142 290 483 398 665
D00 0.0142 329 626 376 681
D00 0.0141 385 480 440 587
D00 0.0140 417 400 446 464
D00 0.0140 320 609 365 693
D00 0.0139 507 482 571 555
D00 0.0139 312 386 375 409
D00 0.0139 636 625 700 672
D00 0.0139 596 522 697 666
D00 0.0138 588 633 617 698
D00 0.0138 340 635 367 692
D00 0.0138 681 638 716 696
D00 0.0138 671 651 720 687
D00 0.0138 653 487 715 610
D00 0.0137 141 414 305 544
D00 0.0136 405 375 456 466
D00 0.0136 309 433 391 480
D00 0.0135 317 631 368 663
D00 0.0135 433 373 477 467
D00 0.0134 455 434 480 496
D00 0.0134 293 651 347 684
D00 0.0134 317 384 395 448
D00 0.0134 518 398 549 462
D00 0.0133 244 402 384 546
D00 0.0132 423 482 619 720
D00 0.0132 307 413 392 454
D00 0.0132 457 385 559 514
D00 0.0131 338 394 417 431
D00 0.0131 2 467 32 537
D00 0.0131 62 596 259 710
D00 0.0131 282 447 367 492
D00 0.0131 276 622 346 688
D00 0.0130 5 576 65 703
D00 0.0130 470 401 508 479
D00 0.0130 399 507 486 642
D00 0.0130 11 478 42 547
D00 0.0130 628 649 720 714
D00 0.0130 419 391 467 492
D00 0.0129 98 553 205 702
D00 0.0129 95 503 181 572
D00 0.0127 529 405 578 437
D00 0.0126 19 484 83 608
D00 0.0126 279 635 319 679
D00 0.0126 581 451 658 576
D00 0.0125 199 489 261 577
D00 0.0125 486 458 534 545
D00 0.0125 499 609 569 682
D00 0.0124 426 441 460 546
D00 0.0123 328 505 411 649
D00 0.0123 418 441 443 512
D00 0.0123 0 448 114 566
D00 0.0122 358 403 398 459
D00 0.0122 184 510 254 604
D00 0.0122 430 392 459 450
D00 0.0122 309 420 361 505
D00 0.0122 156 571 241 648
D00 0.0121 496 527 558 609
D00 0.0120 332 386 397 409
D00 0.0120 497 394 547 427
D00 0.0119 329 621 381 653
D00 0.0119 553 423 585 481
D00 0.0119 485 392 568 486
D00 0.0119 421 526 473 605
D00 0.0118 304 394 385 427
D00 0.0118 340 488 449 661
D00 0.0117 604 587 705 653
D00 0.0117 566 606 619 696
D00 0.0116 579 622 626 720
D00 0.0116 349 617 379 669
D00 0.0116 534 413 599 486
D00 0.0116 172 571 253 687
D00 0.0115 677 230 720 336
D00 0.0115 502 368 563 439
D00 0.0115 496 391 527 451
D00 0.0115 580 396 693 593
D00 0.0114 474 392 502 451
D00 0.0114 404 482 446 562
D00 0.0114 664 608 713 674
D00 0.0113 346 379 410 466
D00 0.0113 453 534 495 601
D00 0.0113 257 512 407 714
D00 0.0112 337 530 370 593
D00 0.0112 175 433 266 569
D00 0.0112 542 415 588 451
D00 0.0112 388 617 430 656
D00 0.0112 521 390 585 434
D00 0.0111 379 537 417 601
D00 0.0111 416 383 449 439
D00 0.0110 347 409 387 469
D00 0.0110 576 525 715 611
D00 0.0110 538 418 578 467
D00 0.0110 5 527 62 663
D00 0.0110 278 425 351 516
D00 0.0110 436 540 533 676
D00 0.0110 592 626 663 703
D00 0.0109 607 511 685 620
D00 0.0109 364 519 472 693
D00 0.0109 380 476 419 564
D00 0.0109 507 374 539 431
D00 0.0108 486 384 537 440
D00 0.0108 294 404 379 441
D00 0.0108 205 553 257 626
D00 0.0108 445 586 572 686
D00 0.0108 521 409 585 456
D00 0.0107 505 410 558 470
D00 0.0107 676 555 720 679
D00 0.0106 155 615 308 700
D00 0.0106 631 419 720 604
D00 0.0105 90 548 180 630
D00 0.0105 226 540 276 616
D00 0.0104 283 632 339 664
D00 0.0104 651 615 692 661
D00 0.0104 279 384 367 412
D00 0.0104 513 617 552 689
D00 0.0104 496 596 578 629
D00 0.0103 324 606 389 668
D00 0.0103 565 496 675 624
D00 0.0103 547 613 647 702
D00 0.0103 146 522 224 612
D00 0.0103 0 412 69 558
D00 0.0102 324 375 382 398
D00 0.0102 0 352 48 442
D00 0.0102 367 396 429 425
D00 0.0102 387 616 454 691
D00 0.0102 2 521 31 589
D00 0.0102 373 546 405 598
D00 0.0101 203 402 329 506
D00 0.0101 502 437 650 530
D00 0.0101 347 383 428 414
D00 0.0101 442 383 489 440
D00 0.0101 590 616 634 660
D00 0.0100 353 375 423 398
D00 0.0100 0 597 42 700
D00 0.0100 345 480 529 720
D00 0.0100 578 569 661 676
D10 0.0223 87 522 193 574
D10 0.0171 121 518 227 558
D10 0.0165 536 470 618 506
D10 0.0159 35 498 187 562
D10 0.0151 19 518 163 581
D10 0.0146 478 440 587 489
D10 0.0144 503 461 586 497
D10 0.0138 500 452 565 477
D10 0.0136 569 564 697 621
D10 0.0132 479 464 543 489
D10 0.0131 536 464 597 493
D10 0.0123 547 479 630 516
D10 0.0121 480 471 560 510
D10 0.0121 498 449 617 514
D10 0.0120 629 583 710 618
D10 0.0115 496 580 598 624
D10 0.0113 600 538 706 600
D10 0.0111 619 562 720 613
D10 0.0111 514 440 573 469
D10 0.0109 502 596 589 629
D10 0.0109 526 452 586 479
D10 0.0106 650 575 709 604
D10 0.0106 499 475 565 502
D10 0.0104 661 586 716 613
D20 0.1762 70 450 669 659
D20 0.1080 289 402 674 597
D20 0.0948 431 453 677 589
D20 0.0822 452 415 588 592
D20 0.0653 49 526 614 720
D20 0.0554 377 343 720 647
D20 0.0430 245 407 433 517
D20 0.0414 0 427 409 692
D20 0.0398 279 478 673 720
D20 0.0394 237 254 720 693
D20 0.0347 315 395 485 513
D20 0.0346 488 408 720 621
D20 0.0314 469 464 534 563
D20 0.0312 0 479 227 585
D20 0.0310 442 487 573 654
D20 0.0286 0 540 319 720
D20 0.0274 418 542 720 720
D20 0.0270 516 590 715 697
D20 0.0254 0 110 720 720
D20 0.0223 506 491 709 605
D20 0.0204 539 345 720 720
D20 0.0199 0 0 489 353
D20 0.0195 464 313 663 597
D20 0.0195 201 0 720 353
D20 0.0189 0 350 262 659
D20 0.0187 0 442 194 720
D20 0.0185 489 383 631 559
D20 0.0185 0 142 348 720
D20 0.0184 549 520 710 665
D20 0.0181 464 434 517 535
D20 0.0172 409 541 569 675
D20 0.0168 480 458 560 542
D20 0.0163 354 355 652 543
D20 0.0158 374 0 720 720
D20 0.0148 480 413 584 471
D20 0.0145 161 303 619 588
D20 0.0145 551 452 720 583
D20 0.0142 171 580 361 687
D20 0.0141 385 591 589 686
D20 0.0138 0 436 191 545
D20 0.0138 473 420 527 512
D20 0.0135 71 438 294 552
D20 0.0131 0 0 175 270
D20 0.0131 0 631 149 720
D20 0.0126 606 466 720 644
D20 0.0123 497 226 720 587
D20 0.0123 546 0 720 277
D20 0.0120 378 392 581 508
D20 0.0116 0 0 256 175
D20 0.0115 468 0 720 384
D20 0.0114 123 605 433 720
D20 0.0110 0 350 38 443
D20 0.0109 221 580 627 720
D20 0.0109 369 606 670 720
D20 0.0108 574 632 720 720
D20 0.0107 495 404 547 493
D20 0.0107 414 397 534 449
D20 0.0106 521 413 606 474
D20 0.0105 42 420 261 520
D20 0.0103 0 0 86 136
D20 0.0102 0 573 91 720
D20 0.0102 442 388 550 439
D40 0.3832 88 453 514 639
D40 0.3754 434 486 582 580
D40 0.3742 210 461 386 590
D40 0.3197 188 437 648 593
D40 0.2740 438 511 471 561
D40 0.2702 211 485 553 604
D40 0.2589 31 487 403 684
D40 0.2543 157 486 366 614
D40 0.2538 452 502 552 570
D40 0.2492 368 486 642 596
D40 0.2285 228 430 409 556
D40 0.2161 429 505 492 578
D40 0.2160 365 503 545 581
D40 0.2074 238 469 381 544
D40 0.1999 257 459 461 587
D40 0.1865 435 513 514 559
D40 0.1843 418 512 483 558
D40 0.1828 295 452 394 558
D40 0.1800 220 487 363 564
D40 0.1726 135 529 426 659
D40 0.1643 317 440 541 588
D40 0.1627 105 512 305 635
D40 0.1581 280 475 398 599
D40 0.1581 232 475 311 527
D40 0.1474 488 505 565 578
D40 0.1406 255 510 376 586
D40 0.1397 443 530 573 590
D40 0.1380 450 510 476 578
D40 0.1304 233 483 297 514
D40 0.1284 303 501 486 587
D40 0.1225 166 472 344 554
D40 0.1220 475 513 624 582
D40 0.1205 297 490 419 567
D40 0.1204 316 475 380 566
D40 0.1193 295 402 421 585
D40 0.1179 416 456 539 575
D40 0.1173 443 525 494 562
D40 0.1166 460 515 545 555
D40 0.1156 194 510 333 588
D40 0.1147 391 511 483 577
D40 0.1078 312 429 413 539
D40 0.1074 440 526 472 581
D40 0.1067 208 536 344 607
D40 0.1028 261 478 675 653
D40 0.1025 433 512 486 542
D40 0.1019 29 549 327 711
D40 0.1014 30 388 717 662
D40 0.1013 165 547 328 636
D40 0.0957 219 531 539 651
D40 0.0957 127 490 314 578
D40 0.0905 335 476 438 575
D40 0.0893 422 514 521 589
D40 0.0888 181 523 290 619
D40 0.0875 388 525 643 651
D40 0.0853 366 408 669 609
D40 0.0852 513 520 572 580
D40 0.0847 313 467 366 537
D40 0.0839 210 457 349 521
D40 0.0839 161 415 419 668
D40 0.0834 369 480 469 574
D40 0.0831 234 504 436 617
D40 0.0829 59 465 341 601
D40 0.0808 483 524 552 567
D40 0.0802 63 532 257 655
D40 0.0759 122 535 265 609
D40 0.0746 332 510 374 559
D40 0.0737 445 530 522 579
D40 0.0731 76 515 253 593
D40 0.0728 231 477 315 503
D40 0.0719 481 465 594 565
D40 0.0714 503 537 562 574
D40 0.0707 453 430 565 572
D40 0.0697 208 473 316 617
D40 0.0690 114 549 295 673
D40 0.0688 142 558 275 629
D40 0.0686 464 467 692 620
D40 0.0678 461 538 548 572
D40 0.0656 322 496 366 548
D40 0.0652 231 489 341 536
D40 0.0638 447 510 518 542
D40 0.0629 300 518 389 608
D40 0.0620 497 533 596 585
D40 0.0619 444 485 511 576
D40 0.0617 314 465 385 511
D40 0.0609 205 469 295 515
D40 0.0585 399 461 493 562
D40 0.0577 455 507 492 568
D40 0.0577 259 498 357 543
D40 0.0571 314 481 364 514
D40 0.0558 270 424 404 503
D40 0.0558 333 409 431 518
D40 0.0553 233 486 283 534
D40 0.0548 447 538 479 588
D40 0.0545 471 507 543 542
D40 0.0538 525 530 640 583
D40 0.0537 96 429 376 557
D40 0.0524 367 540 491 589
D40 0.0520 501 489 660 591
D40 0.0517 230 526 362 642
D40 0.0512 210 490 300 556
D40 0.0510 460 485 532 554
D40 0.0500 386 414 507 588
D40 0.0496 293 509 371 557
D40 0.0491 448 505 600 640
D40 0.0489 327 503 396 578
D40 0.0485 116 544 232 640
D40 0.0483 319 521 386 566
D40 0.0476 341 413 463 564
D40 0.0471 505 511 556 563
D40 0.0467 98 527 212 616
D40 0.0466 315 491 363 527
D40 0.0456 303 537 430 597
D40 0.0452 263 537 364 600
D40 0.0452 155 516 269 659
D40 0.0437 7 500 230 604
D40 0.0433 412 510 469 543
D40 0.0428 107 522 219 574
D40 0.0424 138 579 412 696
D40 0.0421 226 473 275 510
D40 0.0421 475 549 553 580
D40 0.0415 239 510 337 553
D40 0.0413 13 453 268 719
D40 0.0410 230 450 306 514
D40 0.0406 229 565 341 613
D40 0.0401 32 366 172 419
D40 0.0399 236 467 298 497
D40 0.0398 476 505 525 565
D40 0.0387 165 581 290 650
D40 0.0386 34 497 203 695
D40 0.0386 528 538 593 577
D40 0.0384 304 490 370 589
D40 0.0383 283 475 360 526
D40 0.0375 345 518 441 599
D40 0.0370 102 525 537 715
D40 0.0370 321 485 389 534
D40 0.0367 342 490 379 557
D40 0.0364 465 546 618 625
D40 0.0364 300 486 352 536
D40 0.0363 157 365 259 403
D40 0.0354 323 445 399 507
D40 0.0353 0 603 186 716
D40 0.0351 304 505 361 539
D40 0.0350 103 502 255 566
D40 0.0350 254 464 409 663
D40 0.0349 515 549 576 581
D40 0.0346 6 347 203 423
D40 0.0345 482 440 540 469
D40 0.0345 463 510 509 571
D40 0.0343 414 500 466 573
D40 0.0343 483 537 693 639
D40 0.0335 442 550 493 584
D40 0.0332 172 374 245 401
D40 0.0331 387 553 460 584
D40 0.0329 459 448 561 520
D40 0.0327 268 521 359 566
D40 0.0326 540 520 607 578
D40 0.0324 465 427 562 478
D40 0.0320 521 475 612 582
D40 0.0317 346 511 395 558
D40 0.0315 406 538 470 576
D40 0.0313 187 506 290 565
D40 0.0313 284 532 365 579
D40 0.0312 29 387 171 434
D40 0.0312 163 393 522 573
D40 0.0312 255 561 374 622
D40 0.0312 322 529 367 577
D40 0.0312 434 485 481 554
D40 0.0310 427 524 555 630
D40 0.0306 331 521 700 720
D40 0.0306 189 570 343 657
D40 0.0305 539 549 605 582
D40 0.0304 479 433 521 474
D40 0.0303 139 374 208 401
D40 0.0301 197 563 304 619
D40 0.0296 238 469 357 509
D40 0.0296 264 575 331 606
D40 0.0295 71 571 261 695
D40 0.0294 39 393 129 427
D40 0.0293 116 531 190 560
D40 0.0290 169 475 272 607
D40 0.0289 446 559 572 618
D40 0.0288 519 528 552 584
D40 0.0288 312 460 422 635
D40 0.0288 148 519 257 574
D40 0.0286 315 499 354 565
D40 0.0285 215 439 315 565
D40 0.0285 424 436 513 542
D40 0.0283 206 467 278 574
D40 0.0283 471 495 537 530
D40 0.0282 255 405 514 696
D40 0.0281 272 516 351 547
D40 0.0280 493 568 706 673
D40 0.0280 381 537 439 590
D40 0.0279 417 550 473 584
D40 0.0279 339 453 401 569
D40 0.0278 138 450 317 531
D40 0.0277 0 642 138 720
D40 0.0275 242 499 303 545
D40 0.0274 219 393 460 510
D40 0.0272 34 547 203 640
D40 0.0272 62 383 155 419
D40 0.0272 528 538 684 595
D40 0.0271 411 489 521 551
D40 0.0268 3 365 120 423
D40 0.0267 490 420 531 467
D40 0.0264 274 480 350 574
D40 0.0262 473 451 532 477
D40 0.0260 469 445 509 486
D40 0.0258 175 352 275 393
D40 0.0258 88 482 224 635
D40 0.0257 547 541 619 574
D40 0.0257 144 505 235 611
D40 0.0255 404 468 557 651
D40 0.0255 468 458 510 499
D40 0.0253 397 580 646 702
D40 0.0253 466 437 604 535
D40 0.0251 110 365 214 405
D40 0.0250 208 433 342 500
D40 0.0249 478 402 545 475
D40 0.0248 387 503 474 547
D40 0.0246 118 374 185 403
D40 0.0246 162 512 319 708
D40 0.0245 465 463 522 530
D40 0.0244 474 406 529 434
D40 0.0243 336 460 404 494
D40 0.0242 308 542 357 590
D40 0.0242 99 566 209 661
D40 0.0241 38 627 284 720
D40 0.0241 278 564 344 598
D40 0.0238 253 557 602 709
D40 0.0238 183 363 254 391
D40 0.0237 67 397 145 423
D40 0.0236 39 520 193 581
D40 0.0235 485 525 567 631
D40 0.0235 468 409 537 453
D40 0.0234 374 509 525 640
D40 0.0234 123 323 636 563
D40 0.0233 457 528 490 588
D40 0.0232 325 474 406 518
D40 0.0231 240 575 310 607
D40 0.0231 340 530 385 576
D40 0.0230 513 563 666 618
D40 0.0229 255 552 322 608
D40 0.0227 402 510 450 556
D40 0.0226 379 562 443 589
D40 0.0226 339 523 425 565
D40 0.0225 349 452 416 518
D40 0.0225 560 503 674 590
D40 0.0224 340 441 416 491
D40 0.0224 80 375 191 416
D40 0.0224 193 550 274 667
D40 0.0224 401 383 457 412
D40 0.0222 473 438 529 492
D40 0.0222 8 616 99 709
D40 0.0221 436 493 514 536
D40 0.0216 3 678 48 720
D40 0.0216 89 386 170 413
D40 0.0216 371 552 429 585
D40 0.0216 37 407 109 432
D40 0.0215 353 403 441 467
D40 0.0215 45 539 192 604
D40 0.0214 471 473 562 542
D40 0.0214 308 463 365 495
D40 0.0213 427 492 465 539
D40 0.0213 419 542 514 622
D40 0.0210 287 385 545 515
D40 0.0207 394 527 464 560
D40 0.0207 246 473 327 559
D40 0.0205 468 511 538 594
D40 0.0205 472 578 630 657
D40 0.0203 17 372 218 441
D40 0.0202 398 531 446 580
D40 0.0202 459 468 500 512
D40 0.0201 115 384 185 411
D40 0.0200 298 512 350 594
D40 0.0200 227 506 287 540
D40 0.0199 491 398 531 442
D40 0.0198 0 653 61 720
D40 0.0198 520 547 626 594
D40 0.0197 189 579 269 623
D40 0.0196 491 491 548 540
D40 0.0196 113 544 195 591
D40 0.0195 251 484 347 517
D40 0.0195 131 357 243 398
D40 0.0194 346 410 500 507
D40 0.0193 340 465 382 536
D40 0.0193 285 545 339 591
D40 0.0192 111 415 319 645
D40 0.0192 502 465 605 516
D40 0.0190 0 416 309 570
D40 0.0190 322 452 362 513
D40 0.0190 252 585 319 612
D40 0.0189 109 383 425 523
D40 0.0189 77 360 250 414
D40 0.0189 383 500 455 599
D40 0.0188 51 386 118 418
D40 0.0187 500 495 631 664
D40 0.0187 524 591 669 650
D40 0.0186 374 444 494 518
D40 0.0186 205 514 271 576
D40 0.0186 231 521 320 563
D40 0.0185 531 507 642 569
D40 0.0185 10 373 96 443
D40 0.0184 111 538 182 570
D40 0.0183 374 452 422 500
D40 0.0182 0 327 134 440
D40 0.0182 79 491 184 574
D40 0.0182 472 464 532 489
D40 0.0181 126 477 276 544
D40 0.0181 266 501 336 609
D40 0.0179 470 419 508 468
D40 0.0178 246 469 290 519
D40 0.0178 378 533 419 580
D40 0.0177 352 549 451 596
D40 0.0177 227 585 296 614
D40 0.0176 460 432 495 478
D40 0.0176 383 377 469 425
D40 0.0175 40 341 169 406
D40 0.0175 412 376 466 402
D40 0.0175 457 557 552 591
D40 0.0175 231 518 299 549
D40 0.0174 469 399 507 442
D40 0.0174 259 429 352 534
D40 0.0173 330 450 398 484
D40 0.0173 194 370 280 401
D40 0.0173 459 486 496 554
D40 0.0172 519 514 599 561
D40 0.0172 214 407 385 488
D40 0.0172 467 470 541 510
D40 0.0172 433 498 485 527
D40 0.0171 28 628 170 700
D40 0.0171 374 415 429 449
D40 0.0171 0 335 407 720
D40 0.0170 559 527 596 582
D40 0.0169 300 556 380 599
D40 0.0169 351 489 414 557
D40 0.0169 450 456 486 499
D40 0.0168 390 405 576 545
D40 0.0167 444 396 549 449
D40 0.0166 217 575 284 609
D40 0.0166 134 374 237 410
D40 0.0166 342 548 503 623
D40 0.0166 151 383 220 408
D40 0.0165 428 562 483 589
D40 0.0165 537 461 644 561
D40 0.0165 533 475 599 502
D40 0.0163 151 365 222 393
D40 0.0163 320 509 470 645
D40 0.0163 451 428 518 502
D40 0.0162 389 376 451 401
D40 0.0162 480 414 568 513
D40 0.0162 14 397 117 436
D40 0.0162 236 353 335 391
D40 0.0162 401 393 456 427
D40 0.0161 416 521 456 583
D40 0.0161 288 548 445 628
D40 0.0161 368 513 428 578
D40 0.0160 492 531 535 583
D40 0.0159 181 453 291 508
D40 0.0159 349 519 415 550
D40 0.0159 433 548 535 595
D40 0.0156 242 457 279 509
D40 0.0155 378 401 452 444
D40 0.0154 207 548 272 613
D40 0.0154 206 357 293 390
D40 0.0154 163 568 251 614
D40 0.0154 76 535 185 686
D40 0.0154 171 475 285 528
D40 0.0154 496 502 574 547
D40 0.0153 0 387 33 434
D40 0.0153 459 393 527 470
D40 0.0153 422 379 462 419
D40 0.0153 229 551 296 610
D40 0.0152 525 612 629 664
D40 0.0152 290 489 333 549
D40 0.0151 458 399 493 443
D40 0.0151 122 558 208 602
D40 0.0151 332 541 375 588
D40 0.0151 501 407 540 456
D40 0.0151 135 546 230 591
D40 0.0150 409 482 464 549
D40 0.0150 444 463 500 489
D40 0.0150 0 538 164 679
D40 0.0150 348 470 413 502
D40 0.0150 352 436 413 472
D40 0.0150 370 564 571 664
D40 0.0149 173 384 244 409
D40 0.0148 501 440 562 468
D40 0.0148 285 569 365 607
D40 0.0148 193 529 260 560
D40 0.0148 79 342 210 402
D40 0.0148 560 552 677 629
D40 0.0147 223 475 273 550
D40 0.0147 140 587 246 681
D40 0.0147 403 450 434 502
D40 0.0147 390 440 428 491
D40 0.0147 452 407 509 435
D40 0.0147 392 461 428 511
D40 0.0145 447 562 509 589
D40 0.0145 348 388 503 463
D40 0.0145 496 405 547 434
D40 0.0145 525 473 629 525
D40 0.0145 528 530 608 636
D40 0.0144 42 373 105 425
D40 0.0144 199 489 278 532
D40 0.0144 467 530 505 586
D40 0.0144 479 455 587 507
D40 0.0143 181 526 253 587
D40 0.0143 372 621 427 651
D40 0.0143 422 452 532 508
D40 0.0143 38 391 86 429
D40 0.0142 338 544 415 589
D40 0.0141 243 492 307 591
D40 0.0141 0 674 98 720
D40 0.0141 350 432 445 500
D40 0.0140 594 525 695 607
D40 0.0140 13 325 93 415
D40 0.0140 83 604 217 674
D40 0.0139 355 540 417 573
D40 0.0139 126 488 207 593
D40 0.0139 457 441 509 471
D40 0.0138 458 576 558 654
D40 0.0137 446 459 496 529
D40 0.0137 172 591 324 681
D40 0.0137 393 536 423 590
D40 0.0136 318 446 371 492
D40 0.0136 36 605 175 676
D40 0.0136 254 522 323 591
D40 0.0136 367 442 407 506
D40 0.0135 449 407 482 453
D40 0.0135 68 467 245 558
D40 0.0134 254 368 367 401
D40 0.0134 208 519 273 551
D40 0.0134 594 579 696 665
D40 0.0134 124 522 200 553
D40 0.0134 131 364 193 392
D40 0.0134 0 313 456 552
D40 0.0133 559 537 656 577
D40 0.0133 0 446 174 617
D40 0.0133 42 582 181 650
D40 0.0132 240 362 308 388
D40 0.0132 2 395 198 478
D40 0.0132 554 502 618 588
D40 0.0131 410 613 477 638
D40 0.0131 389 520 432 568
D40 0.0131 253 464 348 493
D40 0.0130 190 398 352 522
D40 0.0130 508 544 566 595
D40 0.0130 209 583 309 634
D40 0.0130 42 323 247 407
D40 0.0130 400 406 456 437
D40 0.0129 177 376 276 413
D40 0.0129 82 375 158 404
D40 0.0129 356 475 392 550
D40 0.0128 499 445 544 483
D40 0.0127 94 389 236 434
D40 0.0127 0 242 591 627
D40 0.0127 465 392 539 433
D40 0.0126 186 543 255 634
D40 0.0126 239 553 319 664
D40 0.0126 511 475 577 502
D40 0.0126 370 391 443 432
D40 0.0126 362 562 417 593
D40 0.0125 284 375 359 398
D40 0.0125 437 399 472 443
D40 0.0125 489 478 567 522
D40 0.0124 482 453 515 513
D40 0.0124 0 349 72 431
D40 0.0124 14 409 144 460
D40 0.0123 8 407 70 435
D40 0.0123 558 551 635 583
D40 0.0123 225 521 277 566
D40 0.0123 371 382 448 416
D40 0.0122 436 468 513 506
D40 0.0122 108 515 180 595
D40 0.0122 94 364 169 409
D40 0.0122 427 407 483 436
D40 0.0121 514 452 615 502
D40 0.0121 237 447 326 491
D40 0.0121 384 490 443 556
D40 0.0121 494 421 569 467
D40 0.0121 214 479 263 518
D40 0.0120 4 399 43 440
D40 0.0120 454 416 508 445
D40 0.0120 23 591 129 689
D40 0.0120 0 293 192 405
D40 0.0119 541 561 608 590
D40 0.0119 513 559 586 668
D40 0.0119 338 494 398 525
D40 0.0118 444 452 500 481
D40 0.0118 139 530 230 559
D40 0.0118 227 391 406 453
D40 0.0117 273 532 328 578
D40 0.0117 145 362 322 411
D40 0.0117 54 370 139 408
D40 0.0117 245 532 307 619
D40 0.0117 503 602 609 652
D40 0.0116 290 510 331 576
D40 0.0116 446 436 495 496
D40 0.0116 368 462 425 535
D40 0.0115 1 392 80 432
D40 0.0115 380 518 450 547
D40 0.0115 393 607 496 647
D40 0.0115 485 400 517 461
D40 0.0115 185 520 252 553
D40 0.0115 269 364 347 389
D40 0.0114 365 529 431 559
D40 0.0113 555 469 602 507
D40 0.0113 383 545 413 596
D40 0.0113 450 601 613 678
D40 0.0113 388 396 493 449
D40 0.0112 274 409 381 463
D40 0.0112 559 620 621 654
D40 0.0112 377 510 419 557
D40 0.0112 545 484 611 510
D40 0.0112 277 500 320 559
D40 0.0112 210 342 311 383
D40 0.0112 262 482 307 541
D40 0.0112 365 376 434 399
D40 0.0112 403 591 530 647
D40 0.0112 510 473 573 537
D40 0.0111 401 621 463 650
D40 0.0111 28 525 131 616
D40 0.0111 496 592 598 636
D40 0.0111 130 540 213 571
D40 0.0111 445 473 500 497
D40 0.0110 265 448 360 492
D40 0.0110 257 586 374 647
D40 0.0109 506 423 537 479
D40 0.0108 383 614 481 660
D40 0.0108 180 503 262 548
D40 0.0108 280 562 316 611
D40 0.0108 393 367 628 514
D40 0.0108 352 614 449 659
D40 0.0108 356 523 393 583
D40 0.0108 455 400 503 463
D40 0.0107 79 559 189 621
D40 0.0107 406 525 475 631
D40 0.0107 122 351 182 398
D40 0.0106 427 394 480 428
D40 0.0106 207 595 270 627
D40 0.0106 564 612 663 667
D40 0.0106 365 429 432 478
D40 0.0106 349 369 448 409
D40 0.0106 229 522 293 592
D40 0.0104 270 380 375 415
D40 0.0104 309 575 371 603
D40 0.0103 26 561 158 625
D40 0.0103 128 522 171 574
D40 0.0103 370 502 403 566
D40 0.0103 60 403 150 433
D40 0.0103 250 352 317 380
D40 0.0103 404 397 557 477
D40 0.0103 371 524 405 585
D40 0.0103 0 364 33 409
D40 0.0103 108 527 162 567
D40 0.0102 46 652 187 714
D40 0.0102 560 531 635 562
D40 0.0101 232 546 318 591
D40 0.0101 101 396 176 421
D40 0.0100 86 377 287 448
D40 0.0100 491 562 559 588
D40 0.0100 383 454 455 499
D40 0.0100 477 384 567 441
D40 0.0100 448 421 522 467
