D00 0.0544 511 0 695 378
D00 0.0438 431 535 494 653
D00 0.0425 328 557 377 658
D00 0.0379 296 537 406 656
D00 0.0371 415 497 514 662
D00 0.0353 411 524 474 642
D00 0.0338 455 555 506 662
D00 0.0331 338 577 368 645
D00 0.0322 544 103 669 375
D00 0.0320 358 536 479 653
D00 0.0319 550 76 720 456
D00 0.0317 584 63 709 336
D00 0.0316 323 550 365 632
D00 0.0314 449 519 515 639
D00 0.0306 336 539 390 641
D00 0.0302 429 550 539 670
D00 0.0293 425 543 464 635
D00 0.0293 307 568 361 670
D00 0.0271 435 553 476 643
D00 0.0266 329 588 359 655
D00 0.0265 400 564 484 658
D00 0.0259 296 527 361 641
D00 0.0259 395 546 450 647
D00 0.0251 616 199 706 383
D00 0.0245 448 548 493 630
D00 0.0245 320 590 388 667
D00 0.0235 249 541 369 654
D00 0.0233 430 512 483 609
D00 0.0230 1 631 59 720
D00 0.0230 337 570 413 649
D00 0.0229 354 526 427 641
D00 0.0220 457 532 499 611
D00 0.0218 337 548 370 615
D00 0.0217 374 558 425 656
D00 0.0213 411 558 518 636
D00 0.0212 502 61 630 341
D00 0.0211 310 531 380 612
D00 0.0209 347 568 379 634
D00 0.0208 0 545 107 720
D00 0.0205 436 495 537 623
D00 0.0204 474 588 504 656
D00 0.0201 391 578 428 659
D00 0.0201 469 67 664 464
D00 0.0199 465 569 536 654
D00 0.0198 273 575 386 682
D00 0.0194 464 576 495 646
D00 0.0194 315 558 434 637
D00 0.0194 446 576 487 659
D00 0.0192 458 688 519 717
D00 0.0191 430 575 459 645
D00 0.0191 354 559 397 640
D00 0.0189 533 42 674 276
D00 0.0188 272 557 340 666
D00 0.0182 311 572 428 681
D00 0.0181 429 537 460 604
D00 0.0180 314 507 426 623
D00 0.0179 413 576 453 658
D00 0.0178 365 553 517 690
D00 0.0178 415 528 455 611
D00 0.0177 329 521 401 597
D00 0.0176 335 520 450 679
D00 0.0173 316 612 368 669
D00 0.0173 418 555 450 626
D00 0.0172 451 528 483 594
D00 0.0172 608 531 716 704
D00 0.0171 274 560 390 636
D00 0.0168 317 601 348 663
D00 0.0168 440 528 472 594
D00 0.0166 333 609 371 657
D00 0.0166 0 513 152 625
D00 0.0166 541 193 671 456
D00 0.0165 316 560 350 623
D00 0.0165 422 586 504 676
D00 0.0164 301 592 341 668
D00 0.0163 464 601 515 662
D00 0.0162 385 578 414 644
D00 0.0162 199 542 320 651
D00 0.0161 16 606 85 714
D00 0.0160 327 539 360 602
D00 0.0158 299 689 365 717
D00 0.0156 2 577 66 704
D00 0.0156 258 503 401 634
D00 0.0156 381 510 451 625
D00 0.0156 563 0 720 256
D00 0.0155 406 588 436 653
D00 0.0153 316 490 355 526
D00 0.0153 367 548 409 633
D00 0.0152 556 172 720 319
D00 0.0152 520 456 569 566
D00 0.0152 628 115 720 363
D00 0.0151 369 579 409 657
D00 0.0149 440 587 470 653
D00 0.0149 436 498 474 582
D00 0.0149 386 539 498 615
D00 0.0149 384 567 438 635
D00 0.0148 347 548 404 613
D00 0.0147 0 138 81 328
D00 0.0145 454 474 517 598
D00 0.0145 473 523 574 660
D00 0.0145 342 598 382 646
D00 0.0144 286 606 359 673
D00 0.0144 653 577 717 698
D00 0.0144 468 676 508 715
D00 0.0144 337 530 371 589
D00 0.0144 500 164 703 551
D00 0.0143 376 591 447 665
D00 0.0143 463 456 548 608
D00 0.0142 348 538 381 601
D00 0.0142 300 551 342 628
D00 0.0142 228 560 277 658
D00 0.0141 488 140 714 347
D00 0.0141 0 522 78 669
D00 0.0140 563 623 594 683
D00 0.0140 452 506 480 571
D00 0.0140 204 554 279 627
D00 0.0138 318 470 349 522
D00 0.0138 507 563 632 671
D00 0.0138 157 543 271 652
D00 0.0138 237 570 329 659
D00 0.0137 580 616 720 704
D00 0.0136 318 519 373 576
D00 0.0136 552 615 605 676
D00 0.0136 293 580 351 644
D00 0.0136 475 688 547 716
D00 0.0135 334 538 456 615
D00 0.0134 312 521 353 597
D00 0.0134 289 580 329 664
D00 0.0133 569 227 717 427
D00 0.0133 237 489 304 515
D00 0.0133 444 466 589 662
D00 0.0132 456 588 550 680
D00 0.0131 470 0 651 283
D00 0.0131 630 560 700 682
D00 0.0130 442 516 491 584
D00 0.0130 535 550 693 686
D00 0.0130 612 0 720 179
D00 0.0130 631 251 693 383
D00 0.0130 485 582 562 660
D00 0.0129 351 592 425 664
D00 0.0127 319 578 390 625
D00 0.0127 459 609 497 657
D00 0.0127 288 514 371 599
D00 0.0126 323 498 390 568
D00 0.0125 54 506 141 544
D00 0.0125 313 587 355 635
D00 0.0125 360 589 392 651
D00 0.0125 390 538 431 622
D00 0.0124 542 588 596 679
D00 0.0124 505 474 689 648
D00 0.0124 324 0 668 503
D00 0.0124 464 545 547 616
D00 0.0123 26 531 138 578
D00 0.0123 275 542 351 619
D00 0.0122 304 630 360 663
D00 0.0121 202 525 278 591
D00 0.0121 480 578 514 644
D00 0.0121 406 556 439 625
D00 0.0121 341 510 387 584
D00 0.0120 278 571 318 650
D00 0.0119 4 547 98 636
D00 0.0119 328 595 380 629
D00 0.0119 32 519 176 701
D00 0.0119 261 553 315 645
D00 0.0119 503 494 597 639
D00 0.0118 328 589 404 635
D00 0.0118 531 488 560 557
D00 0.0117 221 561 262 638
D00 0.0117 21 540 164 595
D00 0.0117 237 544 290 635
D00 0.0117 442 576 525 715
D00 0.0117 179 557 244 667
D00 0.0117 488 489 562 611
D00 0.0117 516 215 687 357
D00 0.0117 480 503 637 684
D00 0.0117 99 547 247 681
D00 0.0116 3 195 65 320
D00 0.0116 391 465 496 638
D00 0.0116 324 475 364 535
D00 0.0116 85 500 151 549
D00 0.0116 27 610 167 711
D00 0.0115 515 28 686 179
D00 0.0114 430 506 459 571
D00 0.0113 327 541 383 571
D00 0.0112 234 534 328 622
D00 0.0112 266 692 339 717
D00 0.0112 183 544 260 616
D00 0.0112 359 539 392 600
D00 0.0111 80 530 152 558
D00 0.0111 199 520 264 546
D00 0.0111 614 218 681 344
D00 0.0111 533 539 653 647
D00 0.0111 157 558 222 669
D00 0.0110 511 463 626 593
D00 0.0110 317 574 371 607
D00 0.0110 507 690 581 716
D00 0.0109 67 490 167 538
D00 0.0109 302 616 408 669
D00 0.0108 232 543 273 616
D00 0.0108 458 496 495 580
D00 0.0108 564 472 616 571
D00 0.0108 633 199 695 327
D00 0.0107 470 620 506 665
D00 0.0107 10 650 45 714
D00 0.0107 428 599 483 660
D00 0.0107 0 71 155 382
D00 0.0107 309 600 379 646
D00 0.0106 244 580 282 660
D00 0.0106 598 652 717 710
D00 0.0106 320 556 391 602
D00 0.0106 535 478 575 564
D00 0.0106 585 0 688 151
D00 0.0106 511 467 555 554
D00 0.0106 506 595 585 668
D00 0.0106 454 666 525 720
D00 0.0105 194 571 267 649
D00 0.0105 305 539 337 601
D00 0.0105 591 0 720 81
D00 0.0105 347 510 423 585
D00 0.0105 267 581 308 661
D00 0.0105 489 573 553 630
D00 0.0104 553 606 585 667
D00 0.0104 328 531 383 560
D00 0.0104 291 601 404 702
D00 0.0104 401 510 471 592
D00 0.0104 577 449 715 664
D00 0.0104 237 569 267 631
D00 0.0103 373 580 476 644
D00 0.0103 0 551 55 651
D00 0.0103 272 561 328 621
D00 0.0103 6 511 122 562
D00 0.0103 310 490 359 578
D00 0.0103 19 526 122 667
D00 0.0103 289 623 331 667
D00 0.0103 328 605 459 666
D00 0.0102 199 532 263 559
D00 0.0102 22 677 144 720
D00 0.0102 187 501 229 533
D00 0.0102 559 261 720 569
D00 0.0102 5 605 48 691
D00 0.0102 380 604 502 667
D00 0.0102 62 596 227 714
D00 0.0102 321 494 374 541
D00 0.0101 527 502 564 580
D00 0.0101 7 470 160 550
D00 0.0101 293 570 324 632
D00 0.0100 255 562 296 638
D00 0.0100 529 566 584 662
D00 0.0100 512 574 557 651
D00 0.0100 73 511 159 568
D00 0.0100 325 630 381 662
D00 0.0100 380 609 419 655
D00 0.0100 593 594 693 688
D00 0.0100 384 548 414 612
D00 0.0100 349 611 379 668
D00 0.0100 49 508 186 583
D10 0.0220 5 649 189 718
D10 0.0156 8 666 134 717
D10 0.0155 11 633 142 702
D10 0.0134 479 564 607 625
D10 0.0115 204 0 720 468
D10 0.0111 485 576 552 606
D10 0.0110 476 580 560 621
D10 0.0106 49 635 192 698
D10 0.0106 349 494 438 525
D10 0.0103 16 660 104 704
D10 0.0102 421 19 720 421
D10 0.0101 72 659 214 712
D20 0.0476 297 540 507 655
D20 0.0374 323 529 643 679
D20 0.0373 230 544 439 656
D20 0.0340 416 556 606 671
D20 0.0320 182 534 518 680
D20 0.0297 386 586 652 698
D20 0.0267 435 500 576 647
D20 0.0260 53 547 583 720
D20 0.0245 152 564 386 665
D20 0.0234 181 531 393 634
D20 0.0233 482 609 711 704
D20 0.0227 132 484 653 680
D20 0.0226 279 558 423 691
D20 0.0226 0 576 329 718
D20 0.0218 393 548 539 646
D20 0.0213 255 585 529 696
D20 0.0209 445 561 562 632
D20 0.0208 294 582 411 652
D20 0.0206 468 542 699 675
D20 0.0203 0 612 189 715
D20 0.0202 466 594 629 683
D20 0.0200 304 500 444 640
D20 0.0195 375 459 716 664
D20 0.0195 190 478 290 522
D20 0.0190 117 547 326 651
D20 0.0180 330 581 460 651
D20 0.0179 450 529 597 619
D20 0.0176 460 583 587 651
D20 0.0173 450 633 659 719
D20 0.0171 156 589 439 699
D20 0.0168 546 0 720 279
D20 0.0167 0 0 489 353
D20 0.0165 201 0 720 353
D20 0.0161 0 374 489 720
D20 0.0161 0 544 235 682
D20 0.0158 253 594 408 675
D20 0.0154 0 142 348 720
D20 0.0154 473 467 616 619
D20 0.0153 380 0 720 544
D20 0.0151 200 374 720 720
D20 0.0151 248 583 371 653
D20 0.0149 328 480 436 522
D20 0.0147 0 0 176 274
D20 0.0144 337 508 541 624
D20 0.0140 502 630 644 695
D20 0.0137 228 512 429 614
D20 0.0136 0 0 720 521
D20 0.0136 134 502 459 641
D20 0.0136 446 537 563 709
D20 0.0136 462 0 720 175
D20 0.0134 487 505 608 675
D20 0.0131 0 174 720 720
D20 0.0127 165 514 367 599
D20 0.0125 0 482 410 687
D20 0.0125 185 503 328 548
D20 0.0124 482 656 623 711
D20 0.0124 111 585 331 682
D20 0.0123 25 630 288 720
D20 0.0123 0 0 106 175
D20 0.0123 528 643 706 713
D20 0.0122 528 584 660 691
D20 0.0122 501 490 720 720
D20 0.0121 269 683 372 720
D20 0.0121 321 513 471 600
D20 0.0120 348 629 606 720
D20 0.0120 436 618 594 703
D20 0.0120 448 604 569 671
D20 0.0117 160 537 319 616
D20 0.0116 458 681 568 720
D20 0.0112 228 485 311 518
D20 0.0109 78 611 410 720
D20 0.0108 193 469 264 512
D20 0.0107 0 447 178 720
D20 0.0107 177 478 239 522
D20 0.0107 388 483 561 695
D20 0.0107 64 532 276 622
D20 0.0107 4 501 316 634
D20 0.0107 0 0 313 216
D20 0.0103 0 578 88 720
D20 0.0102 177 493 382 565
D20 0.0101 258 629 516 720
D40 0.0691 331 498 396 522
D40 0.0544 465 566 508 613
D40 0.0502 481 465 523 512
D40 0.0476 215 500 286 524
D40 0.0465 450 549 512 627
D40 0.0404 0 522 127 580
D40 0.0386 455 562 503 597
D40 0.0363 327 486 380 519
D40 0.0354 323 488 408 526
D40 0.0343 477 458 538 531
D40 0.0335 456 563 548 619
D40 0.0310 206 508 276 531
D40 0.0292 332 506 395 531
D40 0.0279 3 496 160 569
D40 0.0274 0 656 122 716
D40 0.0271 192 494 271 526
D40 0.0255 72 510 178 555
D40 0.0251 0 523 66 590
D40 0.0247 487 486 532 531
D40 0.0241 0 637 187 720
D40 0.0238 339 689 412 715
D40 0.0226 469 584 528 614
D40 0.0217 0 521 166 613
D40 0.0213 434 540 519 603
D40 0.0209 217 488 284 517
D40 0.0208 97 501 197 545
D40 0.0206 323 464 359 514
D40 0.0206 467 570 526 630
D40 0.0206 321 675 429 715
D40 0.0203 8 660 70 718
D40 0.0197 453 552 502 585
D40 0.0197 105 517 189 551
D40 0.0195 449 564 492 614
D40 0.0194 0 539 98 598
D40 0.0192 1 540 59 575
D40 0.0192 182 496 235 524
D40 0.0192 41 519 146 568
D40 0.0190 200 500 298 536
D40 0.0188 199 485 258 518
D40 0.0188 331 681 398 710
D40 0.0184 420 530 558 624
D40 0.0180 6 618 96 710
D40 0.0177 21 516 201 575
D40 0.0177 320 688 387 716
D40 0.0175 631 232 694 363
D40 0.0174 0 544 44 589
D40 0.0170 350 484 399 520
D40 0.0168 491 475 541 522
D40 0.0168 46 501 146 550
D40 0.0161 473 458 512 504
D40 0.0160 462 450 593 604
D40 0.0160 461 504 547 601
D40 0.0156 47 498 228 554
D40 0.0154 473 575 540 607
D40 0.0154 360 493 409 525
D40 0.0152 81 519 153 550
D40 0.0151 6 679 53 720
D40 0.0151 436 689 503 717
D40 0.0150 464 541 583 607
D40 0.0149 464 476 527 517
D40 0.0148 113 509 183 538
D40 0.0147 327 483 359 529
D40 0.0145 327 495 384 540
D40 0.0144 188 477 226 521
D40 0.0144 184 504 261 532
D40 0.0143 1 551 71 583
D40 0.0141 0 138 101 330
D40 0.0140 236 508 306 532
D40 0.0140 478 478 558 542
D40 0.0140 216 493 322 527
D40 0.0137 14 686 82 718
D40 0.0135 468 673 579 714
D40 0.0134 105 489 213 531
D40 0.0133 305 473 390 522
D40 0.0130 477 494 695 633
D40 0.0129 404 683 513 720
D40 0.0128 450 461 576 551
D40 0.0127 471 516 581 586
D40 0.0127 4 173 64 299
D40 0.0126 312 681 374 710
D40 0.0126 484 689 560 716
D40 0.0126 450 681 508 712
D40 0.0126 44 646 150 717
D40 0.0125 476 489 580 564
D40 0.0125 312 0 720 508
D40 0.0125 9 0 206 364
D40 0.0124 421 435 684 609
D40 0.0124 249 495 297 525
D40 0.0124 95 525 179 559
D40 0.0121 1 464 196 553
D40 0.0121 9 214 64 244
D40 0.0118 477 680 546 710
D40 0.0116 291 682 397 720
D40 0.0114 364 682 430 709
D40 0.0114 501 527 596 615
D40 0.0114 84 509 152 540
D40 0.0112 1 211 57 269
D40 0.0111 484 555 644 632
D40 0.0111 569 524 630 603
D40 0.0110 423 545 495 592
D40 0.0109 448 482 526 578
D40 0.0109 375 690 442 716
D40 0.0108 432 562 488 594
D40 0.0106 157 496 217 524
D40 0.0106 516 528 665 612
D40 0.0106 435 576 504 623
D40 0.0106 7 69 140 321
D40 0.0106 519 452 661 600
D40 0.0106 494 501 638 598
D40 0.0105 477 552 514 610
D40 0.0105 464 446 523 512
D40 0.0104 619 259 673 356
D40 0.0104 119 476 224 522
D40 0.0104 0 468 119 589
D40 0.0104 121 504 259 546
D40 0.0103 440 674 543 718
D40 0.0103 218 519 282 546
D40 0.0103 2 224 56 252
D40 0.0103 340 502 422 535
D40 0.0103 193 510 288 553
D40 0.0102 23 676 96 709
D40 0.0102 518 541 705 649
D40 0.0102 0 526 42 569
D40 0.0101 315 456 352 502
D40 0.0100 0 203 80 254
D40 0.0100 0 489 84 573
D40 0.0100 491 466 603 544
