D00 0.0343 93 454 166 483
D00 0.0234 566 576 678 704
D00 0.0221 576 630 626 720
D00 0.0197 594 538 717 704
D00 0.0196 569 577 619 692
D00 0.0194 499 545 708 685
D00 0.0187 0 540 109 720
D00 0.0181 106 445 171 476
D00 0.0181 80 440 177 485
D00 0.0177 585 589 643 699
D00 0.0173 23 506 183 698
D00 0.0167 2 467 34 527
D00 0.0165 0 468 145 664
D00 0.0164 617 580 700 698
D00 0.0162 0 689 57 720
D00 0.0159 552 542 663 662
D00 0.0157 587 658 618 719
D00 0.0150 0 575 69 701
D00 0.0146 0 653 63 720
D00 0.0145 0 557 55 644
D00 0.0144 563 553 617 637
D00 0.0142 597 618 652 720
D00 0.0141 14 555 90 681
D00 0.0138 0 678 89 720
D00 0.0130 0 668 39 716
D00 0.0128 590 680 634 720
D00 0.0128 646 559 718 678
D00 0.0126 571 614 609 706
D00 0.0126 601 604 671 685
D00 0.0125 555 590 604 705
D00 0.0124 223 462 282 517
D00 0.0123 0 441 66 511
D00 0.0122 566 662 639 720
D00 0.0122 523 598 639 715
D00 0.0122 5 613 97 709
D00 0.0121 501 512 543 558
D00 0.0120 575 647 607 715
D00 0.0119 0 642 137 720
D00 0.0117 528 511 636 687
D00 0.0116 572 568 608 626
D00 0.0115 0 582 35 641
D00 0.0115 579 598 631 669
D00 0.0114 614 616 658 695
D00 0.0113 66 415 352 720
D00 0.0113 596 648 628 715
D00 0.0113 484 493 538 554
D00 0.0110 217 630 300 704
D00 0.0109 58 480 225 663
D00 0.0107 0 606 44 709
D00 0.0106 513 523 553 568
D00 0.0106 541 639 616 720
D00 0.0106 242 457 283 502
D00 0.0104 0 470 39 569
D00 0.0104 501 507 705 636
D00 0.0104 544 541 611 660
D00 0.0102 548 624 657 704
D00 0.0102 0 6 34 96
D00 0.0101 541 524 593 623
D00 0.0101 591 566 672 646
D00 0.0100 592 685 680 720
D00 0.0100 1 489 31 550
D10 0.0319 36 516 227 580
D10 0.0302 82 537 181 568
D10 0.0194 198 612 317 662
D10 0.0160 220 622 290 650
D10 0.0144 5 570 91 609
D10 0.0135 436 612 546 661
D10 0.0129 171 631 306 697
D10 0.0117 95 531 215 573
D10 0.0112 457 623 522 651
D10 0.0111 0 579 75 624
D10 0.0111 231 630 299 658
D10 0.0111 456 621 565 672
D10 0.0109 109 619 292 706
D10 0.0107 146 656 292 713
D10 0.0101 189 625 281 663
D10 0.0101 201 653 312 706
D10 0.0101 83 645 270 720
D10 0.0100 467 631 532 659
D10 0.0100 0 454 48 485
D10 0.0100 240 616 324 654
D20 0.0371 0 510 353 701
D20 0.0307 76 448 178 489
D20 0.0291 567 563 705 710
D20 0.0281 42 549 577 720
D20 0.0273 51 454 158 501
D20 0.0251 18 585 291 710
D20 0.0248 0 462 128 629
D20 0.0221 0 514 166 692
D20 0.0211 0 452 62 521
D20 0.0209 413 573 713 718
D20 0.0203 547 623 720 720
D20 0.0199 110 608 328 710
D20 0.0188 222 496 720 692
D20 0.0182 139 592 432 702
D20 0.0179 91 547 374 677
D20 0.0167 0 435 706 720
D20 0.0164 247 575 614 712
D20 0.0163 23 444 171 593
D20 0.0161 0 552 111 684
D20 0.0157 192 624 365 698
D20 0.0157 178 575 336 697
D20 0.0155 0 0 489 353
D20 0.0152 201 0 720 353
D20 0.0152 505 585 657 719
D20 0.0152 188 546 472 677
D20 0.0151 577 651 696 716
D20 0.0149 44 501 315 629
D20 0.0148 0 603 185 715
D20 0.0148 0 429 123 563
D20 0.0143 0 565 54 653
D20 0.0142 57 482 488 666
D20 0.0139 7 539 222 651
D20 0.0138 0 142 348 720
D20 0.0137 151 646 323 717
D20 0.0137 0 457 41 553
D20 0.0136 425 631 650 720
D20 0.0136 375 142 720 720
D20 0.0132 65 466 255 577
D20 0.0129 0 502 86 641
D20 0.0129 0 0 176 269
D20 0.0128 505 497 720 720
D20 0.0126 0 0 720 521
D20 0.0122 618 597 720 714
D20 0.0122 291 545 566 677
D20 0.0121 161 532 312 669
D20 0.0119 0 388 213 720
D20 0.0116 547 0 720 270
D20 0.0115 211 601 389 681
D20 0.0115 209 656 346 709
D20 0.0114 356 588 581 687
D20 0.0111 663 625 719 716
D20 0.0110 0 0 87 134
D20 0.0105 68 542 225 720
D20 0.0105 197 631 471 720
D20 0.0103 209 597 303 682
D20 0.0102 608 520 720 694
D20 0.0101 255 588 501 686
D20 0.0100 0 0 316 215
D20 0.0100 516 652 641 715
D40 0.0914 58 539 152 573
D40 0.0819 20 525 171 579
D40 0.0818 5 449 171 522
D40 0.0726 3 501 178 600
D40 0.0561 12 541 145 600
D40 0.0521 16 493 151 565
D40 0.0501 0 461 232 575
D40 0.0494 578 596 629 631
D40 0.0491 81 542 168 567
D40 0.0459 7 511 113 593
D40 0.0427 24 442 178 494
D40 0.0423 7 466 133 537
D40 0.0413 68 549 140 578
D40 0.0392 40 544 128 586
D40 0.0390 31 442 254 527
D40 0.0388 74 425 292 502
D40 0.0374 563 560 716 683
D40 0.0362 167 436 274 477
D40 0.0355 0 438 317 608
D40 0.0346 567 586 642 640
D40 0.0331 62 452 224 510
D40 0.0331 584 582 695 652
D40 0.0319 0 455 105 509
D40 0.0318 41 467 192 541
D40 0.0316 571 584 614 627
D40 0.0313 58 499 216 560
D40 0.0293 113 445 287 519
D40 0.0282 50 534 126 566
D40 0.0276 583 604 640 638
D40 0.0271 81 532 133 570
D40 0.0269 609 553 709 644
D40 0.0264 15 499 271 629
D40 0.0259 574 562 684 632
D40 0.0252 191 442 267 472
D40 0.0245 111 453 183 483
D40 0.0241 3 459 51 503
D40 0.0237 15 407 205 544
D40 0.0236 89 465 274 541
D40 0.0233 563 525 720 640
D40 0.0230 38 459 128 501
D40 0.0226 73 456 161 494
D40 0.0221 0 463 195 666
D40 0.0217 574 589 666 691
D40 0.0210 13 462 84 496
D40 0.0210 0 536 167 651
D40 0.0206 607 590 706 688
D40 0.0204 0 530 87 615
D40 0.0202 96 533 177 564
D40 0.0202 0 390 348 552
D40 0.0198 193 474 286 526
D40 0.0195 159 500 263 541
D40 0.0190 99 445 213 488
D40 0.0189 62 531 175 604
D40 0.0187 587 594 651 653
D40 0.0186 172 509 247 536
D40 0.0186 587 538 699 612
D40 0.0185 84 515 201 580
D40 0.0184 3 474 47 522
D40 0.0182 147 447 252 480
D40 0.0182 4 558 117 624
D40 0.0181 221 485 281 517
D40 0.0178 52 503 139 595
D40 0.0178 187 492 273 531
D40 0.0176 129 431 255 494
D40 0.0173 0 440 122 566
D40 0.0171 539 577 630 630
D40 0.0166 226 643 325 695
D40 0.0166 28 542 107 572
D40 0.0161 559 553 647 646
D40 0.0159 0 487 35 530
D40 0.0159 71 528 123 583
D40 0.0158 0 478 89 572
D40 0.0157 587 610 687 710
D40 0.0152 634 570 720 664
D40 0.0149 59 456 135 484
D40 0.0143 7 558 94 600
D40 0.0143 154 514 242 547
D40 0.0142 9 456 70 485
D40 0.0142 24 455 98 483
D40 0.0139 234 474 288 508
D40 0.0137 24 471 96 507
D40 0.0137 213 464 309 515
D40 0.0135 4 477 90 520
D40 0.0134 112 418 270 471
D40 0.0134 244 655 306 687
D40 0.0134 1 440 71 535
D40 0.0133 0 496 52 523
D40 0.0129 636 530 720 621
D40 0.0129 55 446 144 533
D40 0.0128 14 429 90 518
D40 0.0128 121 460 195 488
D40 0.0123 171 450 275 502
D40 0.0121 79 475 164 574
D40 0.0120 576 591 610 652
D40 0.0120 3 579 49 625
D40 0.0120 118 503 239 550
D40 0.0119 586 605 680 665
D40 0.0119 474 517 720 702
D40 0.0119 58 464 111 509
D40 0.0118 130 453 212 481
D40 0.0117 5 563 69 621
D40 0.0117 0 360 526 646
D40 0.0117 222 620 325 673
D40 0.0116 187 433 256 465
D40 0.0115 1 539 88 577
D40 0.0113 564 577 598 630
D40 0.0113 43 546 147 636
D40 0.0111 251 664 315 694
D40 0.0111 488 543 682 660
D40 0.0111 603 519 711 588
D40 0.0110 150 459 348 542
D40 0.0108 49 562 116 592
D40 0.0108 83 521 148 587
D40 0.0107 281 509 384 557
D40 0.0106 619 653 719 709
D40 0.0106 660 688 717 718
D40 0.0105 240 616 287 655
D40 0.0105 573 519 631 549
D40 0.0105 563 508 617 538
D40 0.0104 63 538 107 589
D40 0.0104 595 617 651 649
D40 0.0104 601 639 699 698
D40 0.0103 299 520 362 548
D40 0.0103 599 607 663 640
D40 0.0103 661 574 715 605
D40 0.0103 170 429 320 497
D40 0.0102 16 551 90 585
D40 0.0101 203 450 273 478
D40 0.0101 71 554 120 596
D40 0.0101 40 476 121 517
D40 0.0100 69 470 136 502
