D00 0.0550 3 531 119 710
D00 0.0472 552 491 682 637
D00 0.0453 484 485 705 706
D00 0.0378 2 595 58 691
D00 0.0357 575 520 659 619
D00 0.0357 603 492 711 686
D00 0.0347 33 501 172 708
D00 0.0341 0 625 57 720
D00 0.0305 560 503 640 603
D00 0.0298 298 541 396 720
D00 0.0272 1 415 207 720
D00 0.0262 418 512 612 700
D00 0.0249 603 527 674 654
D00 0.0246 428 540 541 720
D00 0.0246 622 551 706 716
D00 0.0245 520 513 637 624
D00 0.0236 3 614 36 680
D00 0.0225 483 464 703 593
D00 0.0224 317 574 378 709
D00 0.0219 622 508 695 633
D00 0.0217 0 471 150 667
D00 0.0216 464 550 656 717
D00 0.0211 446 597 562 716
D00 0.0211 306 629 360 720
D00 0.0210 543 509 653 708
D00 0.0209 38 578 145 714
D00 0.0209 4 536 74 669
D00 0.0209 497 532 693 646
D00 0.0208 357 510 498 709
D00 0.0207 576 484 660 585
D00 0.0203 585 521 637 593
D00 0.0200 426 503 527 642
D00 0.0198 565 527 631 647
D00 0.0197 583 457 720 611
D00 0.0196 253 466 545 716
D00 0.0195 319 481 455 695
D00 0.0194 309 599 425 717
D00 0.0187 2 646 35 711
D00 0.0185 450 574 519 703
D00 0.0185 69 463 216 687
D00 0.0184 583 559 688 624
D00 0.0184 66 429 362 720
D00 0.0183 564 545 674 681
D00 0.0182 24 637 116 720
D00 0.0182 431 552 501 623
D00 0.0181 418 465 612 613
D00 0.0180 19 515 93 650
D00 0.0179 290 653 411 716
D00 0.0179 463 617 516 715
D00 0.0178 275 472 409 696
D00 0.0177 77 600 134 711
D00 0.0174 87 580 143 680
D00 0.0173 347 451 641 720
D00 0.0173 581 500 625 580
D00 0.0169 20 579 84 672
D00 0.0166 541 559 654 621
D00 0.0165 210 442 381 713
D00 0.0164 640 489 720 646
D00 0.0162 653 571 715 705
D00 0.0161 665 629 719 720
D00 0.0159 567 578 717 720
D00 0.0157 474 595 529 703
D00 0.0157 599 536 706 608
D00 0.0156 21 433 189 619
D00 0.0155 50 593 132 675
D00 0.0154 63 637 145 720
D00 0.0153 451 509 633 597
D00 0.0153 466 554 538 683
D00 0.0152 338 551 396 694
D00 0.0152 230 588 390 720
D00 0.0151 478 539 571 696
D00 0.0151 0 0 143 235
D00 0.0148 57 539 136 668
D00 0.0146 441 511 501 608
D00 0.0144 661 689 719 719
D00 0.0139 0 590 41 664
D00 0.0139 399 643 567 720
D00 0.0136 540 476 622 606
D00 0.0135 275 628 386 705
D00 0.0134 667 466 715 574
D00 0.0134 101 554 153 653
D00 0.0134 298 554 360 693
D00 0.0134 121 462 265 686
D00 0.0134 427 553 499 683
D00 0.0133 158 399 328 681
D00 0.0132 369 599 512 714
D00 0.0132 316 647 350 714
D00 0.0132 494 488 615 648
D00 0.0131 535 540 583 629
D00 0.0130 365 689 430 719
D00 0.0130 543 549 572 607
D00 0.0130 608 569 677 704
D00 0.0130 503 556 594 713
D00 0.0129 480 539 620 605
D00 0.0128 348 535 432 706
D00 0.0128 280 497 514 644
D00 0.0125 515 550 633 678
D00 0.0125 78 541 198 718
D00 0.0125 457 562 493 617
D00 0.0122 642 570 695 665
D00 0.0122 607 627 720 720
D00 0.0121 470 500 616 561
D00 0.0121 449 549 549 639
D00 0.0120 591 567 720 660
D00 0.0120 43 567 106 670
D00 0.0120 626 679 720 720
D00 0.0120 303 452 478 616
D00 0.0119 373 480 488 632
D00 0.0118 29 6 127 165
D00 0.0118 425 629 544 702
D00 0.0117 150 360 454 716
D00 0.0117 2 661 80 720
D00 0.0117 461 654 592 715
D00 0.0116 346 654 426 720
D00 0.0116 440 570 512 653
D00 0.0116 100 628 157 720
D00 0.0116 37 494 159 618
D00 0.0115 331 683 421 720
D00 0.0115 473 647 505 711
D00 0.0115 113 573 144 636
D00 0.0115 477 584 549 664
D00 0.0114 598 533 644 616
D00 0.0114 149 521 341 699
D00 0.0114 683 652 720 720
D00 0.0113 610 480 705 582
D00 0.0112 3 475 117 598
D00 0.0111 27 681 117 720
D00 0.0110 90 601 125 668
D00 0.0110 335 501 407 663
D00 0.0110 542 519 593 612
D00 0.0109 331 624 401 720
D00 0.0109 265 540 353 704
D00 0.0108 6 0 113 117
D00 0.0107 107 572 179 702
D00 0.0107 493 594 533 677
D00 0.0107 326 637 357 707
D00 0.0107 2 494 73 621
D00 0.0105 446 572 485 627
D00 0.0105 505 547 601 634
D00 0.0105 364 535 408 639
D00 0.0104 7 581 65 656
D00 0.0104 478 628 540 720
D00 0.0104 57 624 111 713
D00 0.0103 72 586 121 665
D00 0.0103 125 483 453 665
D00 0.0103 455 535 513 620
D00 0.0102 627 443 689 468
D00 0.0102 66 495 310 639
D00 0.0102 351 425 457 585
D00 0.0102 464 618 633 711
D00 0.0101 580 526 629 564
D00 0.0101 321 647 381 715
D00 0.0100 403 536 479 657
D00 0.0100 100 591 136 658
D00 0.0100 57 528 111 626
D10 0.0225 444 576 502 605
D10 0.0181 428 563 519 617
D10 0.0178 535 561 645 612
D10 0.0170 318 645 510 720
D10 0.0166 439 584 496 615
D10 0.0135 546 574 616 603
D10 0.0133 311 629 429 705
D10 0.0131 459 550 635 632
D10 0.0130 391 655 533 714
D10 0.0130 124 522 341 622
D10 0.0126 604 656 720 716
D10 0.0122 450 540 596 605
D10 0.0120 274 482 502 581
D10 0.0119 414 570 492 612
D10 0.0116 166 543 296 600
D10 0.0115 368 630 511 702
D10 0.0114 196 645 379 720
D10 0.0113 531 648 714 720
D10 0.0111 225 497 466 643
D10 0.0107 430 530 532 586
D10 0.0106 149 553 317 633
D10 0.0106 442 582 562 648
D10 0.0105 248 629 372 704
D10 0.0104 558 564 625 597
D10 0.0103 604 443 673 467
D10 0.0102 470 482 613 540
D10 0.0100 68 653 206 714
D20 0.0483 129 492 664 710
D20 0.0408 0 593 177 718
D20 0.0359 362 515 673 704
D20 0.0355 405 501 554 643
D20 0.0325 275 565 600 718
D20 0.0324 5 564 319 719
D20 0.0274 26 454 416 720
D20 0.0249 378 465 671 607
D20 0.0247 389 536 539 699
D20 0.0235 211 587 476 710
D20 0.0223 425 520 659 626
D20 0.0211 14 556 205 689
D20 0.0211 91 587 386 708
D20 0.0207 300 489 597 665
D20 0.0205 285 631 510 720
D20 0.0199 375 602 588 717
D20 0.0181 18 391 633 688
D20 0.0178 305 654 434 716
D20 0.0177 500 495 720 720
D20 0.0176 415 520 510 673
D20 0.0170 239 415 707 649
D20 0.0164 343 520 527 634
D20 0.0162 423 558 629 681
D20 0.0162 23 628 284 720
D20 0.0161 168 541 422 720
D20 0.0155 0 515 109 699
D20 0.0154 422 550 583 636
D20 0.0154 0 0 489 353
D20 0.0152 198 631 418 720
D20 0.0152 0 566 74 720
D20 0.0151 201 0 720 353
D20 0.0149 414 434 576 550
D20 0.0144 447 500 594 604
D20 0.0139 0 446 178 720
D20 0.0138 57 544 262 655
D20 0.0138 0 0 175 264
D20 0.0138 0 142 348 720
D20 0.0137 426 630 638 720
D20 0.0134 588 446 720 592
D20 0.0134 375 142 720 720
D20 0.0131 88 521 288 698
D20 0.0130 0 0 88 130
D20 0.0128 546 0 720 262
D20 0.0126 409 569 556 663
D20 0.0126 76 580 242 719
D20 0.0126 408 561 523 625
D20 0.0125 0 0 720 521
D20 0.0119 534 633 720 720
D20 0.0118 298 513 470 720
D20 0.0117 633 570 720 720
D20 0.0116 0 174 720 720
D20 0.0114 455 442 720 646
D20 0.0108 10 625 101 720
D20 0.0107 0 0 315 215
D20 0.0105 399 578 720 720
D20 0.0103 145 438 547 652
D20 0.0103 392 0 720 215
D20 0.0102 0 626 56 720
D20 0.0102 0 379 268 637
D20 0.0100 452 461 628 582
D20 0.0100 629 430 686 457
D20 0.0100 309 591 424 720
D40 0.1939 403 498 533 554
D40 0.1277 400 502 493 541
D40 0.1253 394 485 566 570
D40 0.0903 407 514 527 579
D40 0.0852 14 589 107 693
D40 0.0840 427 507 504 536
D40 0.0835 437 489 545 540
D40 0.0780 3 559 129 713
D40 0.0758 394 475 496 548
D40 0.0736 427 544 485 571
D40 0.0635 414 532 493 585
D40 0.0601 377 499 539 598
D40 0.0593 418 516 491 543
D40 0.0586 400 500 448 542
D40 0.0585 4 615 93 676
D40 0.0578 455 506 537 538
D40 0.0558 132 553 195 579
D40 0.0520 424 531 486 560
D40 0.0482 347 464 535 555
D40 0.0444 380 490 476 562
D40 0.0436 11 630 106 720
D40 0.0426 435 550 488 583
D40 0.0423 5 624 58 689
D40 0.0414 17 629 81 662
D40 0.0392 483 493 539 535
D40 0.0391 433 517 493 572
D40 0.0391 114 543 216 586
D40 0.0353 141 538 184 578
D40 0.0351 25 580 129 657
D40 0.0342 437 500 594 557
D40 0.0332 413 527 511 617
D40 0.0331 10 640 69 671
D40 0.0325 19 516 187 703
D40 0.0310 439 506 553 590
D40 0.0308 38 608 144 709
D40 0.0308 112 553 175 581
D40 0.0303 4 560 75 686
D40 0.0297 437 561 490 598
D40 0.0289 16 546 104 652
D40 0.0284 29 619 91 655
D40 0.0277 400 516 464 544
D40 0.0272 388 444 574 544
D40 0.0269 449 495 484 544
D40 0.0268 404 455 528 526
D40 0.0266 445 532 483 587
D40 0.0260 400 503 483 598
D40 0.0258 438 576 494 606
D40 0.0253 343 464 637 604
D40 0.0252 436 484 497 556
D40 0.0244 420 497 465 543
D40 0.0240 0 503 303 713
D40 0.0230 2 633 42 681
D40 0.0230 445 516 527 544
D40 0.0229 1 644 57 714
D40 0.0228 34 605 104 667
D40 0.0217 435 503 477 552
D40 0.0207 6 610 49 663
D40 0.0206 26 616 70 674
D40 0.0201 7 644 86 691
D40 0.0199 47 548 144 648
D40 0.0198 468 477 576 550
D40 0.0196 106 535 182 603
D40 0.0190 6 651 56 684
D40 0.0184 328 496 560 644
D40 0.0181 465 484 544 524
D40 0.0180 128 533 247 580
D40 0.0178 150 544 219 573
D40 0.0177 406 517 476 568
D40 0.0175 63 410 571 656
D40 0.0171 35 568 184 668
D40 0.0168 460 490 516 547
D40 0.0168 120 538 166 579
D40 0.0164 1 654 40 703
D40 0.0164 349 479 470 538
D40 0.0164 372 434 486 581
D40 0.0162 30 632 87 678
D40 0.0160 121 561 181 589
D40 0.0159 83 535 243 610
D40 0.0157 67 587 163 692
D40 0.0156 21 594 83 662
D40 0.0155 42 530 191 616
D40 0.0153 27 526 123 625
D40 0.0151 399 485 479 525
D40 0.0151 430 539 567 605
D40 0.0150 135 541 169 591
D40 0.0150 494 496 560 528
D40 0.0149 305 442 589 683
D40 0.0147 24 660 136 719
D40 0.0144 104 517 201 575
D40 0.0142 431 544 484 611
D40 0.0141 423 486 514 526
D40 0.0139 59 552 215 639
D40 0.0139 390 475 445 550
D40 0.0138 396 489 431 540
D40 0.0138 0 580 51 698
D40 0.0137 456 502 494 552
D40 0.0137 44 651 179 714
D40 0.0137 105 523 314 620
D40 0.0136 65 509 216 591
D40 0.0136 119 555 161 599
D40 0.0136 0 510 143 651
D40 0.0135 449 451 552 532
D40 0.0132 8 667 92 717
D40 0.0130 109 547 154 589
D40 0.0129 34 607 92 644
D40 0.0128 144 543 273 600
D40 0.0127 80 544 288 651
D40 0.0126 373 453 487 523
D40 0.0126 490 474 548 545
D40 0.0126 413 538 465 576
D40 0.0125 136 530 191 564
D40 0.0125 12 504 104 601
D40 0.0123 482 510 539 547
D40 0.0123 426 541 469 594
D40 0.0122 246 454 548 606
D40 0.0121 5 662 56 696
D40 0.0121 95 590 141 636
D40 0.0119 136 513 190 592
D40 0.0116 39 516 157 582
D40 0.0115 0 528 88 588
D40 0.0112 7 475 187 593
D40 0.0111 66 582 145 624
D40 0.0110 48 591 125 635
D40 0.0109 46 618 114 653
D40 0.0109 107 580 148 626
D40 0.0109 53 51 119 122
D40 0.0108 51 602 147 669
D40 0.0107 25 636 69 703
D40 0.0107 334 511 490 590
D40 0.0105 122 563 249 623
D40 0.0104 128 510 289 589
D40 0.0104 374 539 490 606
D40 0.0104 91 494 188 549
D40 0.0103 0 311 37 356
D40 0.0101 100 562 159 592
D40 0.0100 133 557 217 592
