D00 0.0669 406 462 455 565
D00 0.0574 428 476 457 550
D00 0.0482 418 485 448 555
D00 0.0450 288 501 405 684
D00 0.0441 352 448 464 636
D00 0.0379 231 535 380 700
D00 0.0377 602 450 717 638
D00 0.0363 415 444 463 545
D00 0.0361 478 437 706 670
D00 0.0355 496 446 601 652
D00 0.0355 540 468 699 626
D00 0.0353 377 470 445 569
D00 0.0341 426 458 473 566
D00 0.0328 325 492 444 681
D00 0.0321 375 442 634 672
D00 0.0312 5 606 116 715
D00 0.0310 473 490 575 677
D00 0.0301 180 561 337 715
D00 0.0291 2 612 231 716
D00 0.0290 361 523 415 628
D00 0.0289 296 551 366 625
D00 0.0287 312 547 382 682
D00 0.0278 453 423 556 620
D00 0.0275 8 642 163 719
D00 0.0263 559 517 720 652
D00 0.0256 515 463 633 596
D00 0.0255 328 528 404 658
D00 0.0252 394 482 539 688
D00 0.0252 229 395 554 701
D00 0.0251 438 475 467 550
D00 0.0248 133 587 296 718
D00 0.0242 475 460 579 596
D00 0.0238 478 443 525 560
D00 0.0237 395 430 507 602
D00 0.0236 2 607 56 711
D00 0.0236 599 558 720 662
D00 0.0232 32 508 182 702
D00 0.0231 391 485 480 657
D00 0.0230 308 569 428 698
D00 0.0227 554 378 720 653
D00 0.0227 299 469 378 540
D00 0.0227 69 405 384 712
D00 0.0227 305 558 355 661
D00 0.0226 8 637 78 720
D00 0.0223 626 486 700 616
D00 0.0223 292 570 362 701
D00 0.0219 442 513 533 672
D00 0.0217 240 597 366 714
D00 0.0217 498 481 559 622
D00 0.0216 0 565 78 713
D00 0.0214 319 528 382 625
D00 0.0212 498 507 650 663
D00 0.0209 517 501 580 642
D00 0.0209 420 490 467 581
D00 0.0205 354 518 432 590
D00 0.0201 378 503 448 636
D00 0.0199 427 445 666 593
D00 0.0198 419 689 492 715
D00 0.0196 649 595 720 669
D00 0.0195 469 557 541 674
D00 0.0192 270 553 344 684
D00 0.0192 121 512 281 701
D00 0.0190 329 560 513 700
D00 0.0189 488 467 536 569
D00 0.0189 439 435 524 569
D00 0.0184 636 576 718 642
D00 0.0180 497 442 561 571
D00 0.0178 404 498 440 562
D00 0.0178 487 552 597 671
D00 0.0176 540 582 720 683
D00 0.0175 106 583 240 703
D00 0.0173 650 510 717 631
D00 0.0173 652 461 716 599
D00 0.0173 474 505 540 646
D00 0.0171 472 528 711 714
D00 0.0171 630 547 704 632
D00 0.0168 536 483 606 618
D00 0.0168 507 477 592 576
D00 0.0166 590 525 698 620
D00 0.0166 197 641 364 720
D00 0.0165 485 427 537 528
D00 0.0165 353 547 424 679
D00 0.0165 313 561 349 619
D00 0.0163 68 653 220 713
D00 0.0163 366 530 462 686
D00 0.0159 44 631 198 703
D00 0.0159 314 479 365 522
D00 0.0159 38 567 250 682
D00 0.0156 567 501 674 599
D00 0.0156 407 670 508 714
D00 0.0156 465 429 514 525
D00 0.0156 156 546 281 658
D00 0.0155 244 576 319 703
D00 0.0154 0 499 91 687
D00 0.0152 280 561 347 618
D00 0.0150 306 569 339 628
D00 0.0150 389 511 449 570
D00 0.0149 340 577 391 684
D00 0.0149 425 484 493 609
D00 0.0147 480 419 625 562
D00 0.0146 1 542 140 720
D00 0.0145 639 685 719 720
D00 0.0145 210 614 308 709
D00 0.0143 444 390 718 569
D00 0.0143 430 556 502 676
D00 0.0143 367 555 407 640
D00 0.0142 537 491 660 562
D00 0.0142 575 446 701 578
D00 0.0141 531 560 579 662
D00 0.0140 601 603 720 707
D00 0.0140 321 462 385 565
D00 0.0140 556 486 633 614
D00 0.0139 509 533 561 638
D00 0.0139 344 543 406 613
D00 0.0138 665 445 714 545
D00 0.0138 198 579 273 703
D00 0.0138 209 529 310 672
D00 0.0137 301 612 391 705
D00 0.0137 564 474 630 550
D00 0.0136 519 546 688 642
D00 0.0136 127 628 259 703
D00 0.0135 9 303 294 679
D00 0.0134 451 484 517 613
D00 0.0134 407 502 458 596
D00 0.0133 265 609 428 720
D00 0.0133 376 507 423 579
D00 0.0132 431 486 620 620
D00 0.0132 445 464 483 559
D00 0.0132 429 680 501 709
D00 0.0129 235 639 318 720
D00 0.0129 257 654 389 713
D00 0.0127 243 539 323 656
D00 0.0127 633 480 720 702
D00 0.0126 396 685 477 718
D00 0.0126 487 465 516 539
D00 0.0125 528 530 610 677
D00 0.0125 542 582 589 677
D00 0.0124 382 542 414 612
D00 0.0124 681 604 720 681
D00 0.0123 425 361 610 636
D00 0.0123 665 593 715 633
D00 0.0123 385 523 429 605
D00 0.0122 304 584 357 615
D00 0.0121 679 602 720 642
D00 0.0121 314 577 346 644
D00 0.0120 653 656 720 720
D00 0.0119 0 388 33 474
D00 0.0119 450 690 521 714
D00 0.0119 473 493 579 557
D00 0.0118 405 552 477 677
D00 0.0118 540 634 720 720
D00 0.0118 684 454 719 540
D00 0.0117 625 582 706 684
D00 0.0116 356 568 398 652
D00 0.0116 502 489 542 573
D00 0.0115 61 662 167 720
D00 0.0115 452 523 501 635
D00 0.0115 437 437 491 543
D00 0.0114 423 500 608 720
D00 0.0114 176 602 251 713
D00 0.0114 106 547 240 654
D00 0.0114 270 603 381 679
D00 0.0114 496 468 607 541
D00 0.0112 497 476 526 550
D00 0.0112 538 536 664 609
D00 0.0111 226 494 313 530
D00 0.0111 316 590 370 695
D00 0.0110 453 454 503 567
D00 0.0109 581 484 641 581
D00 0.0109 129 529 262 628
D00 0.0109 532 449 609 570
D00 0.0109 330 560 376 639
D00 0.0109 4 672 97 720
D00 0.0109 233 674 339 720
D00 0.0109 513 511 553 601
D00 0.0108 324 629 466 720
D00 0.0108 0 577 54 673
D00 0.0107 667 611 715 655
D00 0.0107 464 545 514 659
D00 0.0106 445 465 554 546
D00 0.0105 145 574 245 667
D00 0.0104 302 588 341 675
D00 0.0104 528 433 662 551
D00 0.0104 535 690 598 719
D00 0.0104 485 444 515 511
D00 0.0103 232 408 267 458
D00 0.0102 431 442 473 521
D00 0.0102 433 411 577 547
D00 0.0102 506 577 628 684
D00 0.0102 30 608 171 680
D00 0.0102 19 522 123 669
D00 0.0101 0 606 89 678
D00 0.0101 0 637 43 718
D00 0.0101 182 545 261 617
D00 0.0101 54 497 122 565
D00 0.0101 500 457 543 548
D00 0.0100 142 639 228 720
D10 0.0371 444 532 514 554
D10 0.0344 422 522 549 563
D10 0.0289 629 595 718 647
D10 0.0282 424 531 487 555
D10 0.0281 655 608 716 635
D10 0.0233 385 517 505 564
D10 0.0217 645 598 711 629
D10 0.0215 559 573 720 655
D10 0.0208 468 531 533 558
D10 0.0205 340 527 441 582
D10 0.0203 372 489 568 610
D10 0.0190 436 521 497 551
D10 0.0184 434 530 556 581
D10 0.0168 446 540 511 566
D10 0.0157 400 529 461 558
D10 0.0156 457 520 521 551
D10 0.0151 599 606 719 668
D10 0.0148 403 529 511 576
D10 0.0140 444 494 555 556
D10 0.0139 648 611 718 655
D10 0.0134 483 585 578 644
D10 0.0131 426 540 486 566
D10 0.0129 431 411 668 542
D10 0.0124 469 540 534 568
D10 0.0122 638 649 717 685
D10 0.0120 483 583 719 683
D10 0.0116 448 519 506 565
D10 0.0111 671 617 720 649
D10 0.0110 659 643 716 673
D10 0.0110 474 514 568 577
D10 0.0107 374 539 436 568
D10 0.0105 504 598 561 628
D10 0.0103 528 586 671 649
D10 0.0102 387 534 473 571
D10 0.0101 682 608 720 637
D20 0.0757 113 467 636 678
D20 0.0431 152 349 720 663
D20 0.0396 55 538 582 720
D20 0.0351 329 444 717 676
D20 0.0296 402 441 456 528
D20 0.0263 356 559 569 679
D20 0.0256 296 242 658 709
D20 0.0246 0 198 669 710
D20 0.0241 291 551 499 681
D20 0.0238 434 279 703 686
D20 0.0212 21 18 720 530
D20 0.0212 517 558 720 664
D20 0.0201 0 546 302 720
D20 0.0195 0 0 489 353
D20 0.0192 425 544 720 720
D20 0.0190 201 0 720 353
D20 0.0189 0 374 489 720
D20 0.0181 0 142 348 720
D20 0.0168 203 127 590 671
D20 0.0164 542 429 720 720
D20 0.0157 72 457 378 720
D20 0.0140 350 0 720 657
D20 0.0140 543 0 720 269
D20 0.0140 0 443 185 720
D20 0.0139 451 0 720 174
D20 0.0124 0 631 142 720
D20 0.0121 542 162 720 635
D20 0.0119 463 0 720 372
D20 0.0119 380 508 571 645
D20 0.0118 405 478 504 549
D20 0.0113 0 0 175 263
D20 0.0108 0 0 262 174
D20 0.0103 574 632 720 720
D20 0.0102 0 325 235 658
D20 0.0100 634 0 720 132
D40 0.2045 283 458 457 566
D40 0.1723 369 478 448 517
D40 0.1602 267 496 440 605
D40 0.1480 154 470 506 668
D40 0.1269 322 489 444 563
D40 0.1245 288 518 417 581
D40 0.1245 342 462 445 515
D40 0.1186 363 458 458 558
D40 0.1125 300 530 390 563
D40 0.1096 273 496 410 562
D40 0.1028 213 530 467 681
D40 0.1015 29 511 478 702
D40 0.0972 411 477 451 524
D40 0.0970 317 541 392 566
D40 0.0893 279 485 527 640
D40 0.0863 221 437 596 634
D40 0.0845 217 519 405 630
D40 0.0810 360 472 432 508
D40 0.0795 343 481 442 539
D40 0.0787 388 478 449 545
D40 0.0766 377 493 444 521
D40 0.0766 230 492 672 693
D40 0.0761 297 525 399 616
D40 0.0701 167 465 440 579
D40 0.0683 437 627 533 676
D40 0.0681 270 487 351 539
D40 0.0651 331 445 506 552
D40 0.0644 290 513 374 558
D40 0.0642 6 404 160 513
D40 0.0640 319 537 590 676
D40 0.0629 66 544 367 683
D40 0.0628 260 510 368 594
D40 0.0625 27 488 350 651
D40 0.0616 326 466 472 620
D40 0.0611 46 440 469 617
D40 0.0604 242 471 404 548
D40 0.0597 282 495 344 528
D40 0.0586 307 544 381 588
D40 0.0584 398 473 449 507
D40 0.0582 0 407 688 697
D40 0.0580 288 457 435 520
D40 0.0580 429 596 568 681
D40 0.0580 243 582 513 703
D40 0.0567 306 537 365 573
D40 0.0565 386 472 432 524
D40 0.0560 278 512 413 674
D40 0.0548 220 491 380 570
D40 0.0535 364 500 455 588
D40 0.0526 386 453 448 513
D40 0.0510 323 494 412 603
D40 0.0496 176 505 373 606
D40 0.0492 106 583 399 707
D40 0.0479 323 536 416 572
D40 0.0479 467 629 529 665
D40 0.0478 455 640 522 669
D40 0.0475 15 394 100 485
D40 0.0470 0 439 278 695
D40 0.0464 24 426 134 489
D40 0.0462 403 448 456 538
D40 0.0451 468 608 543 673
D40 0.0444 318 452 584 587
D40 0.0436 365 587 646 697
D40 0.0432 19 455 242 577
D40 0.0425 320 516 409 560
D40 0.0416 0 570 296 719
D40 0.0412 276 539 376 602
D40 0.0407 383 620 551 696
D40 0.0399 417 444 489 467
D40 0.0397 1 473 155 585
D40 0.0396 338 522 435 616
D40 0.0393 366 487 419 528
D40 0.0390 41 418 188 495
D40 0.0389 346 483 422 511
D40 0.0387 331 438 473 509
D40 0.0381 18 523 209 694
D40 0.0376 0 374 317 572
D40 0.0375 421 467 459 515
D40 0.0368 367 479 519 567
D40 0.0368 378 464 421 514
D40 0.0367 291 486 350 519
D40 0.0366 257 503 350 562
D40 0.0366 273 505 339 536
D40 0.0363 423 483 457 538
D40 0.0352 39 409 152 474
D40 0.0351 399 461 451 496
D40 0.0349 276 525 361 565
D40 0.0346 369 489 434 558
D40 0.0346 399 463 469 578
D40 0.0343 417 537 669 675
D40 0.0340 249 534 373 658
D40 0.0333 23 425 203 534
D40 0.0332 254 416 565 562
D40 0.0332 0 348 123 487
D40 0.0331 346 528 404 566
D40 0.0329 295 542 432 642
D40 0.0326 283 517 348 550
D40 0.0323 369 485 630 642
D40 0.0322 413 494 450 550
D40 0.0321 11 486 109 573
D40 0.0320 398 443 461 465
D40 0.0317 184 529 345 672
D40 0.0317 409 451 472 476
D40 0.0315 235 531 343 615
D40 0.0313 398 438 507 478
D40 0.0309 447 443 507 469
D40 0.0307 460 572 549 666
D40 0.0305 337 518 447 573
D40 0.0304 0 496 192 631
D40 0.0301 335 399 662 663
D40 0.0301 274 557 385 625
D40 0.0298 432 450 497 478
D40 0.0296 14 434 107 526
D40 0.0293 388 446 502 526
D40 0.0292 302 548 365 612
D40 0.0290 294 504 358 541
D40 0.0290 391 448 463 484
D40 0.0283 19 516 132 583
D40 0.0282 322 478 417 517
D40 0.0275 297 477 359 533
D40 0.0268 333 531 372 579
D40 0.0266 2 413 82 501
D40 0.0266 51 433 143 525
D40 0.0263 345 463 420 497
D40 0.0259 164 554 322 637
D40 0.0257 204 520 341 585
D40 0.0257 360 450 439 489
D40 0.0257 68 411 272 498
D40 0.0255 453 627 575 691
D40 0.0254 326 458 420 547
D40 0.0252 324 523 363 569
D40 0.0251 26 460 125 553
D40 0.0251 424 442 521 493
D40 0.0251 353 505 423 566
D40 0.0251 321 520 385 597
D40 0.0240 285 485 357 571
D40 0.0239 0 523 125 617
D40 0.0237 93 445 314 593
D40 0.0237 418 652 547 709
D40 0.0234 229 490 337 534
D40 0.0233 458 445 501 486
D40 0.0232 322 539 363 598
D40 0.0229 49 379 145 502
D40 0.0229 309 471 394 557
D40 0.0225 303 472 384 510
D40 0.0221 208 427 452 540
D40 0.0221 190 471 352 544
D40 0.0220 0 369 94 543
D40 0.0218 35 499 147 563
D40 0.0218 107 628 320 720
D40 0.0217 447 583 524 685
D40 0.0217 418 639 515 690
D40 0.0215 415 431 611 615
D40 0.0214 326 549 397 579
D40 0.0214 363 531 429 562
D40 0.0214 411 444 468 497
D40 0.0213 380 504 441 539
D40 0.0213 424 507 459 556
D40 0.0212 443 548 562 703
D40 0.0210 486 614 534 660
D40 0.0210 318 446 421 497
D40 0.0209 21 394 200 656
D40 0.0208 396 435 540 571
D40 0.0205 0 629 161 720
D40 0.0205 0 299 419 678
D40 0.0204 413 493 531 556
D40 0.0203 410 501 501 587
D40 0.0202 312 555 389 602
D40 0.0202 178 543 312 604
D40 0.0201 0 195 690 642
D40 0.0196 206 629 470 720
D40 0.0194 245 457 387 516
D40 0.0194 162 493 331 568
D40 0.0192 160 592 313 692
D40 0.0191 97 548 291 655
D40 0.0190 465 619 516 681
D40 0.0187 84 440 246 515
D40 0.0187 0 503 87 595
D40 0.0187 477 608 599 670
D40 0.0186 5 458 140 673
D40 0.0186 78 395 163 521
D40 0.0186 268 469 357 520
D40 0.0185 365 499 416 546
D40 0.0185 199 616 361 711
D40 0.0185 434 522 474 559
D40 0.0184 265 494 320 530
D40 0.0184 61 445 170 562
D40 0.0184 301 569 347 613
D40 0.0184 474 634 557 674
D40 0.0184 1 367 74 467
D40 0.0182 375 581 519 689
D40 0.0181 333 629 602 720
D40 0.0181 309 505 352 560
D40 0.0181 294 550 361 583
D40 0.0181 92 429 237 486
D40 0.0180 294 477 354 506
D40 0.0180 20 521 106 562
D40 0.0180 10 547 100 641
D40 0.0179 1 459 87 553
D40 0.0179 38 505 239 598
D40 0.0177 24 381 130 456
D40 0.0176 315 498 367 548
D40 0.0175 507 556 697 706
D40 0.0175 69 471 226 674
D40 0.0174 95 284 553 560
D40 0.0174 340 432 434 483
D40 0.0172 19 365 231 493
D40 0.0172 436 452 522 559
D40 0.0172 415 513 495 555
D40 0.0171 399 508 445 558
D40 0.0170 320 466 394 494
D40 0.0169 0 288 210 558
D40 0.0169 208 562 318 616
D40 0.0169 22 652 119 711
D40 0.0169 136 517 304 592
D40 0.0168 300 519 341 572
D40 0.0168 463 439 514 496
D40 0.0167 337 515 389 576
D40 0.0166 306 620 493 703
D40 0.0165 340 468 396 509
D40 0.0164 78 411 206 471
D40 0.0164 66 529 268 624
D40 0.0163 378 417 637 539
D40 0.0162 311 567 472 666
D40 0.0160 434 499 720 720
D40 0.0160 502 569 585 662
D40 0.0160 377 442 441 465
D40 0.0159 120 475 280 672
D40 0.0159 281 541 354 569
D40 0.0159 441 635 496 673
D40 0.0157 330 498 379 566
D40 0.0157 0 439 103 613
D40 0.0157 227 589 377 692
D40 0.0156 456 644 532 684
D40 0.0156 384 522 434 566
D40 0.0155 288 503 332 561
D40 0.0155 366 518 431 553
D40 0.0155 419 433 488 459
D40 0.0154 31 539 158 602
D40 0.0153 78 408 426 545
D40 0.0152 431 475 469 525
D40 0.0152 145 653 284 714
D40 0.0152 52 393 249 545
D40 0.0151 349 523 507 614
D40 0.0151 248 446 381 587
D40 0.0150 297 522 351 597
D40 0.0150 344 455 416 483
D40 0.0150 184 563 278 619
D40 0.0149 85 425 149 497
D40 0.0148 490 624 529 677
D40 0.0148 203 431 409 651
D40 0.0148 421 460 481 492
D40 0.0147 294 563 355 599
D40 0.0147 86 465 243 544
D40 0.0147 62 491 215 570
D40 0.0147 172 628 301 703
D40 0.0147 294 579 399 652
D40 0.0146 257 569 346 611
D40 0.0146 51 521 178 582
D40 0.0145 421 485 535 613
D40 0.0144 437 640 592 715
D40 0.0144 311 574 369 608
D40 0.0144 412 520 451 563
D40 0.0143 445 511 483 554
D40 0.0143 187 571 285 667
D40 0.0142 296 463 373 498
D40 0.0141 355 462 408 533
D40 0.0141 443 651 511 679
D40 0.0141 454 524 495 559
D40 0.0140 0 558 149 684
D40 0.0140 132 487 379 720
D40 0.0139 19 551 177 633
D40 0.0139 53 514 112 566
D40 0.0138 234 568 333 666
D40 0.0137 260 536 348 577
D40 0.0137 305 493 369 525
D40 0.0137 344 656 500 710
D40 0.0136 377 498 560 720
D40 0.0135 0 430 34 476
D40 0.0135 413 467 488 511
D40 0.0135 345 506 412 539
D40 0.0133 243 486 327 582
D40 0.0133 334 280 720 555
D40 0.0132 367 432 436 522
D40 0.0132 107 493 273 568
D40 0.0131 390 426 497 466
D40 0.0130 14 349 94 440
D40 0.0130 391 446 431 502
D40 0.0130 225 420 263 463
D40 0.0130 382 429 454 492
D40 0.0130 433 495 469 549
D40 0.0128 465 501 546 594
D40 0.0127 340 500 392 547
D40 0.0127 349 543 403 586
D40 0.0126 487 573 658 659
D40 0.0126 451 446 505 510
D40 0.0126 153 198 460 633
D40 0.0126 73 443 142 481
D40 0.0124 3 399 30 467
D40 0.0124 427 605 505 697
D40 0.0124 370 519 408 573
D40 0.0124 166 438 364 527
D40 0.0122 346 609 495 675
D40 0.0122 397 431 553 503
D40 0.0121 295 352 528 665
D40 0.0120 286 578 356 619
D40 0.0120 218 438 268 469
D40 0.0120 398 432 461 459
D40 0.0119 285 630 409 699
D40 0.0119 216 508 318 560
D40 0.0118 60 476 135 581
D40 0.0118 333 495 403 523
D40 0.0117 248 433 425 504
D40 0.0117 456 544 589 648
D40 0.0116 425 438 576 533
D40 0.0116 245 507 319 535
D40 0.0115 0 570 77 665
D40 0.0114 285 445 382 492
D40 0.0114 0 434 56 488
D40 0.0114 128 544 262 603
D40 0.0114 41 377 191 463
D40 0.0113 0 403 61 477
D40 0.0113 299 655 443 712
D40 0.0112 341 568 409 653
D40 0.0111 423 483 477 512
D40 0.0109 309 605 430 677
D40 0.0109 444 453 488 501
D40 0.0108 75 383 340 685
D40 0.0108 247 547 333 592
D40 0.0108 479 443 520 488
D40 0.0107 381 525 417 583
D40 0.0107 496 612 561 672
D40 0.0107 329 436 408 473
D40 0.0106 167 606 268 667
D40 0.0106 323 455 392 482
D40 0.0106 417 609 529 668
D40 0.0105 447 432 506 460
D40 0.0105 132 564 261 625
D40 0.0105 8 432 92 477
D40 0.0105 198 424 280 474
D40 0.0104 38 532 111 572
D40 0.0104 219 525 299 630
D40 0.0104 107 407 176 504
D40 0.0103 343 537 383 595
D40 0.0103 99 523 234 582
D40 0.0102 66 338 174 494
D40 0.0101 443 625 522 716
D40 0.0101 382 545 539 649
D40 0.0101 328 487 378 534
D40 0.0100 333 546 371 612
D40 0.0100 616 617 720 673
D40 0.0100 38 513 97 554
D40 0.0100 259 517 329 547
D40 0.0100 107 441 148 484
