D00 0.0765 464 443 604 607
D00 0.0645 433 396 483 456
D00 0.0619 437 406 574 577
D00 0.0613 389 419 625 628
D00 0.0536 404 389 507 494
D00 0.0482 493 469 690 649
D00 0.0480 493 463 569 594
D00 0.0480 423 400 535 531
D00 0.0479 411 465 574 611
D00 0.0459 442 395 492 496
D00 0.0459 409 377 522 594
D00 0.0415 510 470 579 554
D00 0.0415 449 407 481 469
D00 0.0399 497 450 557 551
D00 0.0390 469 441 548 580
D00 0.0375 513 473 622 620
D00 0.0368 358 419 506 617
D00 0.0363 380 527 555 609
D00 0.0355 427 537 507 611
D00 0.0333 463 497 560 600
D00 0.0320 490 460 633 559
D00 0.0318 449 482 522 605
D00 0.0317 456 433 586 537
D00 0.0307 539 507 675 638
D00 0.0305 411 375 477 457
D00 0.0297 422 501 622 659
D00 0.0295 428 403 513 464
D00 0.0289 481 489 588 567
D00 0.0286 295 420 405 606
D00 0.0284 443 414 496 451
D00 0.0282 477 436 547 520
D00 0.0277 230 644 271 695
D00 0.0276 428 412 498 559
D00 0.0267 516 480 554 546
D00 0.0267 442 421 552 495
D00 0.0262 222 639 264 681
D00 0.0259 571 482 715 685
D00 0.0252 350 487 485 605
D00 0.0245 497 524 549 629
D00 0.0242 414 566 499 610
D00 0.0239 362 367 579 563
D00 0.0238 408 446 458 548
D00 0.0235 219 633 280 706
D00 0.0233 0 642 54 720
D00 0.0231 591 556 712 665
D00 0.0230 459 536 535 617
D00 0.0226 333 432 449 615
D00 0.0224 449 419 504 485
D00 0.0222 451 395 702 602
D00 0.0222 234 393 564 679
D00 0.0219 234 526 298 630
D00 0.0219 505 469 543 536
D00 0.0219 432 418 485 483
D00 0.0218 398 560 534 614
D00 0.0217 529 494 609 573
D00 0.0215 415 518 478 613
D00 0.0215 246 647 279 709
D00 0.0215 68 391 386 698
D00 0.0215 446 527 573 627
D00 0.0212 489 489 543 592
D00 0.0208 405 461 475 596
D00 0.0207 537 436 720 615
D00 0.0206 366 379 479 545
D00 0.0204 238 432 374 608
D00 0.0203 444 554 492 602
D00 0.0200 418 415 476 513
D00 0.0199 483 516 707 717
D00 0.0198 403 449 440 529
D00 0.0197 506 487 551 574
D00 0.0191 503 476 567 527
D00 0.0190 196 576 306 690
D00 0.0187 246 523 326 617
D00 0.0187 517 494 571 530
D00 0.0187 417 457 448 521
D00 0.0186 425 467 464 553
D00 0.0184 547 515 609 622
D00 0.0182 516 484 680 574
D00 0.0182 591 562 666 646
D00 0.0182 336 444 403 576
D00 0.0177 455 516 500 600
D00 0.0176 259 647 289 709
D00 0.0173 291 430 352 481
D00 0.0172 144 338 469 655
D00 0.0172 379 464 450 595
D00 0.0172 356 465 425 594
D00 0.0168 209 612 274 688
D00 0.0168 428 481 483 591
D00 0.0168 410 497 521 645
D00 0.0167 414 385 560 463
D00 0.0167 383 401 456 517
D00 0.0166 413 401 465 473
D00 0.0165 507 556 538 620
D00 0.0164 305 429 361 524
D00 0.0164 1 660 36 719
D00 0.0162 340 429 389 529
D00 0.0162 239 639 281 682
D00 0.0160 248 630 296 718
D00 0.0159 0 568 98 720
D00 0.0157 428 457 460 521
D00 0.0157 387 447 436 550
D00 0.0156 490 547 533 621
D00 0.0156 479 524 521 611
D00 0.0155 404 548 471 607
D00 0.0155 434 457 474 541
D00 0.0155 412 430 455 506
D00 0.0153 508 536 589 623
D00 0.0153 0 440 40 537
D00 0.0152 477 428 596 495
D00 0.0150 222 654 264 703
D00 0.0150 0 595 50 689
D00 0.0150 407 441 437 498
D00 0.0149 121 538 276 712
D00 0.0149 513 546 553 624
D00 0.0148 508 465 555 516
D00 0.0146 450 408 573 469
D00 0.0146 326 328 539 644
D00 0.0146 154 599 279 710
D00 0.0145 503 448 540 515
D00 0.0144 672 682 712 720
D00 0.0143 569 579 714 710
D00 0.0143 665 631 717 720
D00 0.0143 466 426 530 489
D00 0.0141 109 689 170 718
D00 0.0141 214 514 296 598
D00 0.0141 455 564 502 611
D00 0.0138 278 513 341 623
D00 0.0138 2 460 31 524
D00 0.0138 444 434 521 513
D00 0.0137 419 477 448 545
D00 0.0137 250 481 411 657
D00 0.0137 398 451 427 508
D00 0.0135 437 547 475 606
D00 0.0134 449 386 496 458
D00 0.0134 467 501 510 590
D00 0.0134 357 421 427 550
D00 0.0133 622 578 701 680
D00 0.0132 602 584 684 653
D00 0.0132 102 641 172 720
D00 0.0132 209 452 316 594
D00 0.0132 421 448 492 529
D00 0.0130 465 554 511 602
D00 0.0130 230 630 271 670
D00 0.0130 451 432 483 496
D00 0.0130 482 488 522 581
D00 0.0130 60 584 222 718
D00 0.0129 200 624 307 720
D00 0.0129 539 539 666 703
D00 0.0129 0 680 64 720
D00 0.0129 558 526 639 614
D00 0.0128 176 532 319 711
D00 0.0128 411 584 480 612
D00 0.0127 383 570 474 610
D00 0.0127 235 661 284 699
D00 0.0127 534 474 676 539
D00 0.0127 449 545 526 591
D00 0.0126 441 434 473 496
D00 0.0125 631 446 720 668
D00 0.0125 395 463 452 492
D00 0.0125 314 438 349 497
D00 0.0124 624 513 700 641
D00 0.0124 29 641 194 720
D00 0.0123 514 453 653 520
D00 0.0123 482 456 529 545
D00 0.0123 531 483 574 546
D00 0.0123 233 605 288 701
D00 0.0122 293 447 352 509
D00 0.0122 497 477 533 549
D00 0.0120 494 450 586 516
D00 0.0120 316 452 377 543
D00 0.0117 538 474 590 556
D00 0.0117 12 303 291 672
D00 0.0117 428 437 463 497
D00 0.0116 437 467 550 539
D00 0.0116 393 454 546 555
D00 0.0116 554 496 639 574
D00 0.0116 177 652 290 715
D00 0.0115 492 438 531 501
D00 0.0115 521 490 597 537
D00 0.0115 408 477 436 545
D00 0.0115 212 645 256 691
D00 0.0114 374 361 454 424
D00 0.0114 450 525 484 594
D00 0.0114 484 402 564 510
D00 0.0113 204 497 291 571
D00 0.0113 269 497 331 595
D00 0.0111 647 557 718 668
D00 0.0111 462 458 520 567
D00 0.0111 316 457 348 520
D00 0.0110 281 449 480 669
D00 0.0110 579 537 657 630
D00 0.0110 293 460 351 563
D00 0.0110 567 460 701 567
D00 0.0109 0 478 97 666
D00 0.0109 617 612 710 698
D00 0.0109 499 441 560 504
D00 0.0108 498 533 528 603
D00 0.0108 403 415 445 492
D00 0.0108 398 466 426 534
D00 0.0107 407 491 531 568
D00 0.0107 79 676 176 720
D00 0.0107 107 642 273 720
D00 0.0106 440 396 496 429
D00 0.0106 398 458 474 498
D00 0.0106 415 489 454 577
D00 0.0106 426 557 463 610
D00 0.0106 599 495 680 623
D00 0.0105 573 478 657 597
D00 0.0105 444 469 485 554
D00 0.0104 240 497 308 592
D00 0.0104 177 580 258 687
D00 0.0104 395 516 454 616
D00 0.0104 482 557 517 616
D00 0.0103 639 583 720 715
D00 0.0102 499 510 529 579
D00 0.0102 205 631 261 720
D00 0.0102 360 447 388 512
D00 0.0101 440 533 526 663
D00 0.0101 427 551 490 587
D00 0.0101 563 504 611 584
D00 0.0100 360 444 438 515
D00 0.0100 325 447 361 512
D10 0.0400 0 655 53 681
D10 0.0317 0 645 68 701
D10 0.0201 0 645 42 674
D10 0.0173 638 626 713 663
D10 0.0172 369 422 459 456
D10 0.0135 382 572 488 615
D10 0.0135 0 633 98 691
D10 0.0127 445 537 551 601
D10 0.0125 659 641 715 668
D10 0.0124 0 631 45 689
D10 0.0119 458 552 517 584
D10 0.0117 614 607 714 660
D10 0.0112 491 483 546 515
D10 0.0111 417 463 475 492
D10 0.0106 382 463 441 492
D10 0.0102 395 441 457 468
D10 0.0102 395 454 454 483
D10 0.0101 668 632 720 661
D10 0.0101 450 534 528 581
D10 0.0100 389 585 463 612
D20 0.0839 187 447 644 631
D20 0.0617 394 466 675 647
D20 0.0565 336 488 605 621
D20 0.0457 22 394 720 671
D20 0.0454 421 460 607 600
D20 0.0454 303 515 534 611
D20 0.0413 303 392 720 624
D20 0.0357 361 445 525 608
D20 0.0354 138 532 655 720
D20 0.0330 431 524 597 613
D20 0.0272 404 414 571 561
D20 0.0240 21 18 720 530
D20 0.0228 425 542 720 720
D20 0.0222 342 398 492 573
D20 0.0204 240 343 557 653
D20 0.0202 0 0 489 353
D20 0.0199 201 0 720 353
D20 0.0197 0 630 53 720
D20 0.0196 41 486 434 720
D20 0.0191 0 142 348 720
D20 0.0188 429 311 702 669
D20 0.0184 375 142 720 720
D20 0.0182 341 444 636 720
D20 0.0181 0 545 297 720
D20 0.0170 539 436 720 720
D20 0.0167 455 559 558 619
D20 0.0164 0 174 720 720
D20 0.0159 432 555 645 652
D20 0.0157 110 601 298 712
D20 0.0145 560 493 720 633
D20 0.0143 544 0 720 267
D20 0.0141 451 0 720 175
D20 0.0141 346 210 626 619
D20 0.0140 0 440 184 720
D20 0.0137 0 0 175 272
D20 0.0135 109 288 516 690
D20 0.0129 494 560 607 621
D20 0.0126 606 508 720 686
D20 0.0122 0 378 307 625
D20 0.0122 464 0 720 369
D20 0.0120 0 0 255 174
D20 0.0113 158 641 303 720
D20 0.0110 344 443 452 496
D20 0.0110 633 0 720 132
D20 0.0110 182 606 366 710
D20 0.0108 0 603 111 720
D20 0.0107 631 570 720 720
D20 0.0106 0 0 105 177
D20 0.0106 579 631 720 720
D20 0.0104 592 0 720 181
D20 0.0104 356 564 478 612
D20 0.0103 244 524 512 710
D20 0.0102 309 0 662 591
D20 0.0101 583 0 720 87
D20 0.0100 342 581 613 695
D40 0.1808 397 391 479 450
D40 0.1443 18 476 425 659
D40 0.1320 94 431 519 624
D40 0.1267 408 393 466 432
D40 0.1250 431 405 476 454
D40 0.1210 110 500 400 627
D40 0.1176 27 528 332 688
D40 0.1100 193 492 493 621
D40 0.0948 168 534 345 644
D40 0.0928 513 511 598 575
D40 0.0923 74 461 363 591
D40 0.0871 24 502 264 635
D40 0.0848 215 523 375 620
D40 0.0834 196 561 317 628
D40 0.0724 241 476 400 616
D40 0.0720 479 463 623 618
D40 0.0648 293 439 553 604
D40 0.0637 480 529 672 642
D40 0.0630 374 393 504 474
D40 0.0615 10 583 251 710
D40 0.0604 91 543 299 650
D40 0.0596 191 502 337 605
D40 0.0591 202 414 478 553
D40 0.0570 6 449 168 558
D40 0.0568 295 473 449 612
D40 0.0563 405 388 461 418
D40 0.0560 521 529 582 563
D40 0.0555 178 585 283 637
D40 0.0550 282 537 409 608
D40 0.0549 13 545 188 656
D40 0.0534 163 572 304 653
D40 0.0529 29 390 425 582
D40 0.0519 251 561 386 619
D40 0.0516 419 401 499 461
D40 0.0514 343 492 409 568
D40 0.0504 345 490 390 530
D40 0.0496 429 467 700 653
D40 0.0493 379 382 467 432
D40 0.0489 504 519 603 616
D40 0.0484 398 415 467 447
D40 0.0479 18 341 720 649
D40 0.0470 305 501 394 601
D40 0.0460 232 420 421 515
D40 0.0457 322 484 406 538
D40 0.0456 337 406 469 466
D40 0.0456 513 559 641 628
D40 0.0451 525 554 704 660
D40 0.0450 445 416 484 463
D40 0.0448 230 418 342 462
D40 0.0448 111 418 399 541
D40 0.0447 251 448 439 576
D40 0.0444 513 479 583 563
D40 0.0428 226 535 535 647
D40 0.0426 353 408 578 558
D40 0.0420 24 443 221 605
D40 0.0419 273 402 488 487
D40 0.0417 352 498 397 546
D40 0.0411 307 527 487 611
D40 0.0410 197 597 267 629
D40 0.0408 8 405 171 514
D40 0.0408 521 508 574 558
D40 0.0404 293 579 370 617
D40 0.0399 486 496 582 600
D40 0.0392 161 536 291 615
D40 0.0390 262 430 392 489
D40 0.0390 208 584 333 641
D40 0.0389 56 556 234 638
D40 0.0388 215 534 296 641
D40 0.0386 20 473 146 540
D40 0.0385 386 403 457 440
D40 0.0384 212 581 292 626
D40 0.0379 353 522 399 566
D40 0.0377 199 454 378 581
D40 0.0375 515 521 563 568
D40 0.0374 130 564 272 632
D40 0.0373 395 391 552 500
D40 0.0369 553 583 682 647
D40 0.0365 209 424 367 492
D40 0.0363 0 505 208 703
D40 0.0362 239 418 314 448
D40 0.0355 509 498 654 602
D40 0.0353 415 399 460 452
D40 0.0348 4 399 290 551
D40 0.0347 36 565 164 628
D40 0.0347 0 600 155 718
D40 0.0344 538 521 593 568
D40 0.0342 451 546 621 626
D40 0.0341 280 482 377 581
D40 0.0339 34 408 162 468
D40 0.0337 243 410 408 476
D40 0.0331 291 429 406 549
D40 0.0330 137 492 307 575
D40 0.0329 109 510 287 596
D40 0.0323 297 561 441 617
D40 0.0322 37 486 187 569
D40 0.0322 322 525 408 587
D40 0.0320 334 534 618 650
D40 0.0320 106 583 370 697
D40 0.0316 236 512 319 624
D40 0.0314 309 427 438 490
D40 0.0311 229 589 277 630
D40 0.0310 41 533 198 618
D40 0.0307 328 486 385 517
D40 0.0303 246 429 329 456
D40 0.0301 33 392 237 477
D40 0.0300 50 583 185 647
D40 0.0292 203 495 329 564
D40 0.0290 331 450 396 526
D40 0.0288 23 426 144 491
D40 0.0288 180 404 346 466
D40 0.0288 345 466 384 515
D40 0.0287 348 389 492 531
D40 0.0286 267 447 388 514
D40 0.0285 366 383 452 416
D40 0.0282 99 586 248 646
D40 0.0278 362 412 451 451
D40 0.0277 275 430 343 459
D40 0.0275 214 441 366 528
D40 0.0273 334 440 393 467
D40 0.0273 400 407 485 503
D40 0.0273 542 537 619 622
D40 0.0272 233 560 297 622
D40 0.0272 272 379 566 515
D40 0.0271 208 409 303 455
D40 0.0268 8 384 118 491
D40 0.0267 197 559 276 663
D40 0.0266 104 402 280 466
D40 0.0264 554 578 638 624
D40 0.0264 274 419 341 448
D40 0.0262 2 651 48 690
D40 0.0261 361 509 406 557
D40 0.0261 410 425 473 452
D40 0.0258 312 551 390 618
D40 0.0257 9 627 122 703
D40 0.0257 373 395 445 424
D40 0.0257 146 415 339 500
D40 0.0256 433 411 517 472
D40 0.0255 519 543 596 587
D40 0.0254 570 589 654 636
D40 0.0254 343 501 439 599
D40 0.0254 195 523 312 689
D40 0.0251 98 456 306 676
D40 0.0248 346 431 408 457
D40 0.0247 209 559 411 644
D40 0.0247 302 437 381 473
D40 0.0246 60 509 226 592
D40 0.0246 312 447 428 513
D40 0.0245 20 572 137 665
D40 0.0245 243 430 347 476
D40 0.0244 267 470 385 538
D40 0.0240 55 468 215 549
D40 0.0238 13 448 124 521
D40 0.0238 447 434 537 497
D40 0.0238 345 532 392 577
D40 0.0236 242 398 346 446
D40 0.0236 7 381 248 686
D40 0.0235 270 423 364 469
D40 0.0232 261 493 344 611
D40 0.0229 221 427 290 455
D40 0.0229 362 421 479 487
D40 0.0227 85 538 484 709
D40 0.0226 1 658 54 720
D40 0.0225 516 496 563 547
D40 0.0225 290 509 364 617
D40 0.0224 166 420 278 461
D40 0.0224 9 493 129 552
D40 0.0224 422 403 706 568
D40 0.0223 168 469 324 556
D40 0.0223 298 431 361 461
D40 0.0223 372 371 652 516
D40 0.0223 174 435 329 625
D40 0.0223 524 509 627 644
D40 0.0221 268 568 351 615
D40 0.0220 156 306 622 554
D40 0.0220 309 393 453 447
D40 0.0219 307 568 356 612
D40 0.0219 33 432 230 532
D40 0.0217 52 419 214 489
D40 0.0217 176 541 261 647
D40 0.0215 532 524 578 585
D40 0.0215 114 520 207 570
D40 0.0214 172 412 425 678
D40 0.0212 319 458 468 552
D40 0.0210 479 577 702 700
D40 0.0210 290 440 352 467
D40 0.0208 468 446 552 513
D40 0.0207 345 443 384 487
D40 0.0207 316 447 385 576
D40 0.0204 250 584 383 637
D40 0.0203 317 431 387 509
D40 0.0203 325 422 433 466
D40 0.0203 19 503 159 592
D40 0.0202 99 541 246 609
D40 0.0201 223 472 351 541
D40 0.0201 138 592 285 679
D40 0.0201 187 607 256 636
D40 0.0200 544 522 606 589
D40 0.0199 173 430 317 478
D40 0.0199 226 572 343 622
D40 0.0197 0 457 625 720
D40 0.0197 557 522 667 626
D40 0.0196 494 460 699 571
D40 0.0196 197 429 272 457
D40 0.0195 191 568 276 616
D40 0.0195 576 604 699 665
D40 0.0195 407 522 720 717
D40 0.0193 321 510 398 558
D40 0.0193 318 585 382 615
D40 0.0192 375 369 498 447
D40 0.0191 104 471 281 551
D40 0.0191 189 586 259 622
D40 0.0191 321 432 384 460
D40 0.0191 251 408 324 438
D40 0.0191 242 206 688 618
D40 0.0188 521 499 596 547
D40 0.0188 437 559 539 616
D40 0.0188 287 408 346 436
D40 0.0188 95 500 240 560
D40 0.0187 354 434 394 473
D40 0.0187 324 449 381 477
D40 0.0187 208 591 298 679
D40 0.0185 93 399 192 471
D40 0.0184 345 426 386 464
D40 0.0184 288 410 349 458
D40 0.0183 365 429 436 453
D40 0.0181 230 414 282 452
D40 0.0180 223 353 531 592
D40 0.0179 500 465 546 515
D40 0.0179 257 505 355 566
D40 0.0179 51 603 180 676
D40 0.0178 594 601 672 646
D40 0.0178 342 561 495 615
D40 0.0177 120 370 318 459
D40 0.0176 223 575 287 609
D40 0.0176 490 454 537 503
D40 0.0176 49 450 173 513
D40 0.0175 308 467 383 514
D40 0.0174 346 434 437 530
D40 0.0174 211 592 272 645
D40 0.0174 237 555 314 657
D40 0.0174 574 554 660 657
D40 0.0174 354 497 410 526
D40 0.0173 2 365 176 468
D40 0.0172 216 483 301 601
D40 0.0172 330 567 377 612
D40 0.0171 556 566 607 615
D40 0.0171 500 522 556 589
D40 0.0170 2 480 32 542
D40 0.0169 319 444 366 487
D40 0.0169 454 429 498 477
D40 0.0168 491 582 627 640
D40 0.0166 338 480 501 581
D40 0.0165 301 595 361 622
D40 0.0164 238 585 307 618
D40 0.0162 237 408 297 442
D40 0.0162 193 583 470 694
D40 0.0161 0 472 143 621
D40 0.0161 450 578 529 619
D40 0.0160 0 459 81 546
D40 0.0160 331 505 390 537
D40 0.0160 69 550 172 690
D40 0.0159 353 463 393 538
D40 0.0159 355 539 414 567
D40 0.0159 337 473 375 528
D40 0.0159 183 590 237 634
D40 0.0158 25 387 139 449
D40 0.0158 333 454 377 503
D40 0.0157 248 440 329 467
D40 0.0153 12 582 98 699
D40 0.0153 117 430 265 479
D40 0.0153 16 373 98 458
D40 0.0152 230 515 335 577
D40 0.0152 532 556 608 604
D40 0.0152 303 437 361 497
D40 0.0152 338 461 389 493
D40 0.0151 84 380 252 455
D40 0.0151 0 639 40 681
D40 0.0150 432 384 470 443
D40 0.0150 293 557 373 604
D40 0.0149 476 443 527 490
D40 0.0149 376 398 427 443
D40 0.0149 18 406 93 514
D40 0.0148 224 434 308 469
D40 0.0147 119 368 456 508
D40 0.0147 26 652 161 715
D40 0.0147 220 606 279 633
D40 0.0146 437 429 479 475
D40 0.0146 337 517 395 616
D40 0.0146 340 415 422 453
D40 0.0146 211 584 251 636
D40 0.0146 337 446 414 485
D40 0.0145 224 566 282 645
D40 0.0145 414 420 499 483
D40 0.0144 0 652 100 716
D40 0.0143 174 429 248 459
D40 0.0143 134 446 302 521
D40 0.0143 101 605 242 671
D40 0.0143 46 502 143 544
D40 0.0143 226 441 332 489
D40 0.0142 336 522 385 568
D40 0.0142 2 602 72 713
D40 0.0141 0 394 79 479
D40 0.0140 281 399 369 447
D40 0.0139 2 686 56 718
D40 0.0139 354 454 392 502
D40 0.0139 103 411 176 455
D40 0.0139 0 519 116 693
D40 0.0138 56 523 142 632
D40 0.0138 202 556 284 602
D40 0.0138 247 451 350 505
D40 0.0137 222 574 263 629
D40 0.0136 346 436 428 472
D40 0.0136 119 414 219 468
D40 0.0136 12 329 368 526
D40 0.0135 270 388 355 436
D40 0.0134 483 476 552 522
D40 0.0134 158 574 245 643
D40 0.0134 395 375 452 406
D40 0.0134 316 495 381 523
D40 0.0133 404 367 460 426
D40 0.0133 288 421 364 517
D40 0.0133 403 419 452 457
D40 0.0132 47 269 431 696
D40 0.0132 289 397 346 426
D40 0.0132 443 438 492 470
D40 0.0132 544 539 604 569
D40 0.0132 499 540 558 570
D40 0.0131 371 375 436 405
D40 0.0131 53 580 142 700
D40 0.0129 245 571 281 626
D40 0.0129 59 470 181 630
D40 0.0129 282 573 455 639
D40 0.0129 69 628 319 720
D40 0.0127 107 434 185 473
D40 0.0127 2 189 31 247
D40 0.0127 38 378 185 579
D40 0.0127 458 438 517 472
D40 0.0127 178 398 283 450
D40 0.0127 313 416 391 476
D40 0.0127 51 627 179 702
D40 0.0126 271 445 349 485
D40 0.0125 55 391 139 486
D40 0.0125 0 508 32 556
D40 0.0125 253 547 321 613
D40 0.0125 519 525 571 611
D40 0.0124 605 612 690 653
D40 0.0124 335 483 385 561
D40 0.0124 1 440 56 467
D40 0.0124 364 529 424 559
D40 0.0123 365 513 423 573
D40 0.0122 609 590 657 638
D40 0.0122 237 459 323 580
D40 0.0121 0 131 561 655
D40 0.0121 13 543 128 608
D40 0.0121 195 526 294 589
D40 0.0121 346 479 421 522
D40 0.0121 509 511 542 577
D40 0.0121 452 450 509 482
D40 0.0120 82 455 160 561
D40 0.0120 456 468 554 534
D40 0.0120 90 530 192 583
D40 0.0120 448 442 488 488
D40 0.0120 359 396 437 486
D40 0.0119 518 448 690 530
D40 0.0119 262 585 335 615
D40 0.0119 262 437 347 549
D40 0.0119 139 521 251 574
D40 0.0118 356 413 397 454
D40 0.0118 316 460 372 495
D40 0.0118 392 387 434 437
D40 0.0118 186 419 259 451
D40 0.0118 299 583 398 628
D40 0.0117 130 425 186 463
D40 0.0117 302 625 359 650
D40 0.0117 299 416 378 454
D40 0.0116 95 530 194 662
D40 0.0116 479 584 539 618
D40 0.0115 14 469 95 574
D40 0.0114 367 491 422 554
D40 0.0114 453 427 513 460
D40 0.0113 145 509 253 639
D40 0.0113 72 342 340 642
D40 0.0112 359 379 438 443
D40 0.0112 345 367 445 411
D40 0.0112 549 510 600 559
D40 0.0111 0 350 91 521
D40 0.0111 302 422 339 470
D40 0.0111 461 514 575 578
D40 0.0111 504 592 665 674
D40 0.0111 108 410 171 435
D40 0.0111 476 565 522 613
D40 0.0111 71 581 156 622
D40 0.0111 194 565 246 635
D40 0.0110 297 552 346 617
D40 0.0110 340 484 448 544
D40 0.0109 326 403 416 533
D40 0.0109 0 473 52 533
D40 0.0109 0 467 34 516
D40 0.0109 166 507 281 562
D40 0.0109 106 535 240 695
D40 0.0109 509 550 568 579
D40 0.0109 572 568 630 615
D40 0.0108 333 570 418 611
D40 0.0108 563 588 620 630
D40 0.0108 224 512 306 560
D40 0.0107 84 591 167 632
D40 0.0107 116 391 279 584
D40 0.0107 287 511 334 557
D40 0.0107 463 461 525 493
D40 0.0107 547 535 589 601
D40 0.0106 0 433 36 474
D40 0.0106 0 494 39 527
D40 0.0106 368 483 402 544
D40 0.0106 0 346 231 504
D40 0.0105 390 361 563 461
D40 0.0105 5 422 47 467
D40 0.0105 169 476 276 610
D40 0.0104 91 441 188 521
D40 0.0104 603 575 665 656
D40 0.0104 131 531 193 561
D40 0.0104 184 440 261 464
D40 0.0104 359 447 476 510
D40 0.0104 337 431 372 483
D40 0.0103 70 378 171 455
D40 0.0103 619 624 702 661
D40 0.0103 343 556 387 603
D40 0.0103 342 382 426 413
D40 0.0103 352 543 397 590
D40 0.0102 437 399 627 505
D40 0.0102 165 607 235 638
D40 0.0102 220 387 377 460
D40 0.0101 367 389 414 429
D40 0.0101 228 464 330 516
D40 0.0101 249 556 301 604
D40 0.0101 239 420 324 512
D40 0.0101 517 533 551 602
D40 0.0101 326 459 361 519
D40 0.0101 52 430 143 535
D40 0.0100 282 502 361 546
D40 0.0100 253 420 508 697
D40 0.0100 341 577 387 617
D40 0.0100 300 454 345 501
D40 0.0100 156 427 214 462
