D00 0.0245 609 631 661 720
D00 0.0228 301 503 342 546
D00 0.0225 192 514 325 675
D00 0.0213 419 562 468 662
D00 0.0194 195 535 277 696
D00 0.0186 135 515 353 714
D00 0.0185 146 562 283 716
D00 0.0182 248 495 352 687
D00 0.0181 289 489 353 558
D00 0.0167 615 680 657 720
D00 0.0163 224 531 292 661
D00 0.0162 307 492 352 532
D00 0.0161 582 653 696 718
D00 0.0159 150 641 223 720
D00 0.0159 430 579 478 679
D00 0.0154 430 589 459 657
D00 0.0151 429 539 478 642
D00 0.0147 182 578 247 703
D00 0.0147 97 592 249 720
D00 0.0147 245 515 315 639
D00 0.0147 170 580 413 713
D00 0.0147 564 606 672 719
D00 0.0146 139 5 339 372
D00 0.0144 156 623 268 720
D00 0.0143 440 589 468 656
D00 0.0143 619 648 652 718
D00 0.0142 399 557 478 713
D00 0.0139 243 522 419 705
D00 0.0136 270 528 333 661
D00 0.0136 363 582 515 720
D00 0.0135 312 506 347 561
D00 0.0135 309 509 366 538
D00 0.0132 605 607 713 720
D00 0.0131 525 471 693 720
D00 0.0130 286 530 363 700
D00 0.0129 420 540 496 695
D00 0.0129 534 654 661 716
D00 0.0129 39 544 278 720
D00 0.0127 440 560 489 660
D00 0.0126 234 553 322 710
D00 0.0126 585 630 642 720
D00 0.0125 623 667 666 718
D00 0.0124 177 629 236 720
D00 0.0124 202 597 266 715
D00 0.0122 408 543 459 638
D00 0.0122 572 683 657 720
D00 0.0120 291 512 334 556
D00 0.0120 261 505 343 600
D00 0.0117 420 516 468 621
D00 0.0116 295 585 451 720
D00 0.0116 271 511 375 637
D00 0.0116 617 681 693 720
D00 0.0116 626 634 686 720
D00 0.0115 192 49 383 414
D00 0.0114 586 495 716 711
D00 0.0114 46 13 263 366
D00 0.0114 517 633 719 720
D00 0.0113 195 502 370 617
D00 0.0111 308 557 387 713
D00 0.0111 375 542 459 696
D00 0.0111 293 498 355 611
D00 0.0110 313 631 369 720
D00 0.0110 605 667 647 717
D00 0.0110 212 578 299 720
D00 0.0110 430 560 458 624
D00 0.0109 322 498 358 550
D00 0.0109 414 590 454 672
D00 0.0109 300 505 341 582
D00 0.0108 542 559 647 720
D00 0.0108 69 643 232 720
D00 0.0108 430 596 491 715
D00 0.0108 402 626 521 720
D00 0.0107 353 626 478 720
D00 0.0106 440 561 522 711
D00 0.0106 159 3 262 191
D00 0.0105 685 86 720 165
D00 0.0105 293 493 336 533
D00 0.0104 495 505 633 709
D00 0.0104 169 547 308 645
D00 0.0104 400 503 476 649
D00 0.0104 137 7 166 68
D00 0.0103 266 645 436 720
D00 0.0103 303 477 371 543
D00 0.0103 118 527 275 675
D00 0.0103 203 572 255 670
D00 0.0103 426 600 463 683
D00 0.0102 150 595 240 690
D00 0.0102 395 566 451 659
D00 0.0102 297 496 398 692
D00 0.0101 440 559 469 625
D00 0.0101 112 87 284 384
D00 0.0101 304 500 373 567
D00 0.0101 348 561 438 712
D00 0.0101 228 534 333 609
D00 0.0100 181 74 310 322
D10 0.0256 633 403 716 436
D10 0.0229 642 398 714 423
D10 0.0208 621 388 720 430
D10 0.0155 587 375 720 444
D10 0.0135 370 576 476 630
D10 0.0133 404 586 462 614
D10 0.0128 598 361 715 419
D10 0.0127 392 577 455 606
D10 0.0108 305 655 437 715
D10 0.0107 570 338 720 432
D10 0.0104 416 576 472 605
D10 0.0101 349 655 481 716
D20 0.0221 55 550 574 720
D20 0.0188 248 488 720 700
D20 0.0171 252 583 508 711
D20 0.0168 0 548 275 720
D20 0.0162 304 571 633 720
D20 0.0160 0 0 489 353
D20 0.0160 344 544 492 696
D20 0.0158 201 0 720 353
D20 0.0152 0 374 489 720
D20 0.0150 445 547 720 720
D20 0.0146 0 142 348 720
D20 0.0144 0 0 175 267
D20 0.0144 0 489 384 702
D20 0.0139 375 142 720 720
D20 0.0135 546 0 720 269
D20 0.0134 144 525 439 707
D20 0.0132 295 522 504 632
D20 0.0131 0 0 720 521
D20 0.0129 390 561 534 713
D20 0.0129 632 0 720 139
D20 0.0127 469 633 684 720
D20 0.0125 544 441 720 720
D20 0.0124 62 284 720 720
D20 0.0121 389 489 486 663
D20 0.0121 0 0 310 216
D20 0.0117 466 0 720 174
D20 0.0115 404 606 623 715
D20 0.0114 0 452 177 720
D20 0.0112 266 632 484 720
D20 0.0109 278 538 429 701
D20 0.0106 195 605 418 715
D20 0.0105 359 543 567 656
D20 0.0104 406 537 509 659
D20 0.0104 375 523 458 671
D20 0.0104 0 0 129 86
D20 0.0100 4 0 265 435
D40 0.0201 304 473 360 501
D40 0.0177 303 484 358 510
D40 0.0118 299 463 376 507
D40 0.0117 328 468 373 504
