D00 0.0565 264 506 334 583
D00 0.0527 225 500 341 607
D00 0.0387 263 534 319 594
D00 0.0380 241 497 357 567
D00 0.0362 207 514 351 660
D00 0.0354 247 513 317 626
D00 0.0334 168 493 357 586
D00 0.0332 274 523 324 570
D00 0.0320 286 505 344 566
D00 0.0307 0 569 139 702
D00 0.0303 260 510 378 625
D00 0.0291 234 525 327 588
D00 0.0275 286 500 355 605
D00 0.0274 0 539 118 652
D00 0.0261 175 517 314 628
D00 0.0259 430 523 481 626
D00 0.0258 425 514 463 596
D00 0.0255 255 496 324 556
D00 0.0249 267 528 332 649
D00 0.0247 270 550 322 583
D00 0.0243 301 494 356 554
D00 0.0243 328 493 359 553
D00 0.0239 238 535 322 684
D00 0.0234 324 482 362 521
D00 0.0233 252 546 310 606
D00 0.0233 205 481 356 551
D00 0.0226 338 485 367 537
D00 0.0224 440 524 470 588
D00 0.0222 414 506 453 585
D00 0.0222 0 629 57 720
D00 0.0219 256 493 336 531
D00 0.0218 314 504 348 564
D00 0.0218 299 515 336 573
D00 0.0218 446 525 486 607
D00 0.0217 226 533 298 649
D00 0.0215 174 501 319 562
D00 0.0212 429 506 459 566
D00 0.0210 316 484 366 577
D00 0.0210 408 523 460 623
D00 0.0210 380 513 418 597
D00 0.0209 396 505 449 604
D00 0.0208 452 526 502 626
D00 0.0205 278 517 333 552
D00 0.0204 16 561 88 667
D00 0.0203 340 502 368 564
D00 0.0202 225 503 315 544
D00 0.0196 0 603 97 714
D00 0.0194 441 546 492 645
D00 0.0193 390 522 429 606
D00 0.0192 196 583 324 692
D00 0.0189 310 491 354 532
D00 0.0188 275 545 333 604
D00 0.0187 406 514 437 577
D00 0.0186 425 544 464 630
D00 0.0185 211 507 303 581
D00 0.0184 369 522 407 606
D00 0.0183 384 506 414 565
D00 0.0183 418 533 449 599
D00 0.0183 328 512 358 573
D00 0.0182 395 514 425 577
D00 0.0181 373 514 403 577
D00 0.0180 296 494 388 574
D00 0.0179 443 482 520 631
D00 0.0179 267 506 328 538
D00 0.0178 0 646 170 720
D00 0.0178 440 505 470 566
D00 0.0177 275 532 348 577
D00 0.0176 309 513 351 589
D00 0.0174 267 487 363 542
D00 0.0173 402 533 442 615
D00 0.0173 451 515 481 577
D00 0.0172 295 524 340 599
D00 0.0172 3 499 153 625
D00 0.0171 325 496 378 524
D00 0.0171 451 555 481 623
D00 0.0170 0 611 69 684
D00 0.0170 350 503 379 564
D00 0.0170 458 516 496 596
D00 0.0169 0 664 95 720
D00 0.0169 441 555 470 623
D00 0.0169 272 515 372 573
D00 0.0168 352 504 401 602
D00 0.0168 366 507 437 585
D00 0.0166 469 536 507 619
D00 0.0166 462 545 493 611
D00 0.0166 374 534 425 634
D00 0.0165 255 488 321 518
D00 0.0164 301 486 358 515
D00 0.0164 383 530 451 646
D00 0.0163 262 561 314 593
D00 0.0163 430 488 478 581
D00 0.0161 255 558 297 638
D00 0.0161 223 560 336 627
D00 0.0160 256 522 308 569
D00 0.0160 269 556 304 617
D00 0.0160 362 513 391 576
D00 0.0159 106 516 296 592
D00 0.0157 246 469 395 580
D00 0.0156 234 497 306 528
D00 0.0156 417 497 448 553
D00 0.0155 329 503 377 600
D00 0.0155 535 610 577 684
D00 0.0154 344 482 383 517
D00 0.0154 404 555 473 659
D00 0.0154 287 496 348 525
D00 0.0153 346 512 383 594
D00 0.0152 148 646 329 720
D00 0.0150 472 537 539 651
D00 0.0149 393 497 425 550
D00 0.0148 313 506 365 538
D00 0.0148 405 497 437 551
D00 0.0148 384 544 413 609
D00 0.0147 0 585 102 647
D00 0.0147 547 617 588 694
D00 0.0145 334 472 371 511
D00 0.0144 349 485 378 535
D00 0.0144 238 478 321 538
D00 0.0144 308 473 372 534
D00 0.0143 16 516 184 589
D00 0.0143 324 523 362 603
D00 0.0142 170 484 315 536
D00 0.0142 340 486 388 580
D00 0.0142 379 503 420 542
D00 0.0142 254 570 341 659
D00 0.0142 496 611 573 681
D00 0.0142 8 512 101 593
D00 0.0142 340 522 368 586
D00 0.0141 304 524 356 620
D00 0.0141 275 488 341 516
D00 0.0140 296 528 353 561
D00 0.0139 277 534 364 679
D00 0.0139 454 483 502 579
D00 0.0138 373 497 404 550
D00 0.0137 249 572 301 667
D00 0.0137 286 484 400 645
D00 0.0135 1 648 34 714
D00 0.0135 101 523 243 627
D00 0.0135 201 514 294 554
D00 0.0135 8 207 49 297
D00 0.0135 17 596 124 676
D00 0.0134 235 610 363 704
D00 0.0134 361 496 392 550
D00 0.0133 470 504 507 583
D00 0.0133 201 538 314 597
D00 0.0132 285 482 332 553
D00 0.0132 475 517 522 615
D00 0.0132 358 534 396 615
D00 0.0132 559 609 598 687
D00 0.0132 245 515 295 592
D00 0.0131 237 629 315 706
D00 0.0131 0 683 71 720
D00 0.0131 149 539 297 608
D00 0.0131 340 524 390 622
D00 0.0130 33 550 109 636
D00 0.0130 427 589 509 653
D00 0.0130 302 487 338 543
D00 0.0130 329 498 414 635
D00 0.0128 188 574 293 657
D00 0.0128 247 517 315 549
D00 0.0127 496 566 563 671
D00 0.0127 311 518 365 550
D00 0.0127 422 471 500 611
D00 0.0127 230 686 317 720
D00 0.0126 315 477 366 506
D00 0.0125 436 571 476 643
D00 0.0125 12 502 141 553
D00 0.0125 0 521 71 635
D00 0.0124 463 503 493 564
D00 0.0124 462 548 515 641
D00 0.0124 570 618 609 698
D00 0.0124 313 527 378 646
D00 0.0123 210 657 348 712
D00 0.0123 354 536 440 669
D00 0.0123 0 575 60 666
D00 0.0123 529 618 563 677
D00 0.0123 424 502 462 544
D00 0.0123 485 547 515 611
D00 0.0123 29 539 169 612
D00 0.0122 418 555 448 621
D00 0.0122 520 590 584 692
D00 0.0122 48 648 244 720
D00 0.0122 190 518 275 591
D00 0.0121 121 504 274 557
D00 0.0119 427 609 508 679
D00 0.0118 451 581 481 639
D00 0.0118 382 487 416 532
D00 0.0118 223 561 287 619
D00 0.0118 335 534 372 614
D00 0.0118 356 491 398 527
D00 0.0118 235 580 293 641
D00 0.0118 121 498 281 670
D00 0.0117 226 610 305 681
D00 0.0117 275 557 317 635
D00 0.0117 452 492 483 553
D00 0.0117 384 482 435 568
D00 0.0117 0 170 77 366
D00 0.0117 383 556 439 620
D00 0.0116 279 490 317 543
D00 0.0116 31 498 209 561
D00 0.0115 165 632 313 697
D00 0.0115 146 562 295 629
D00 0.0115 235 484 301 567
D00 0.0114 15 515 98 552
D00 0.0114 213 642 299 720
D00 0.0112 146 522 228 591
D00 0.0111 336 508 393 536
D00 0.0111 44 612 202 707
D00 0.0111 456 571 497 643
D00 0.0110 552 608 583 668
D00 0.0110 71 523 222 581
D00 0.0109 492 538 530 619
D00 0.0109 261 691 330 716
D00 0.0108 247 570 282 630
D00 0.0107 284 551 343 582
D00 0.0107 460 611 546 680
D00 0.0107 405 519 460 550
D00 0.0106 2 669 50 715
D00 0.0106 169 513 254 578
D00 0.0105 41 582 102 639
D00 0.0105 3 148 64 277
D00 0.0105 373 555 403 620
D00 0.0104 136 539 214 614
D00 0.0104 383 519 441 549
D00 0.0104 543 589 604 697
D00 0.0103 317 545 347 606
D00 0.0103 26 684 116 720
D00 0.0103 289 557 346 617
D00 0.0102 364 481 415 567
D00 0.0102 166 546 268 678
D00 0.0102 405 602 488 664
D00 0.0102 71 541 222 609
D00 0.0102 586 627 616 691
D00 0.0101 245 556 293 600
D00 0.0101 260 573 313 605
D00 0.0100 351 547 403 643
D00 0.0100 244 598 288 671
D00 0.0100 188 679 298 720
D00 0.0100 49 521 114 549
D10 0.0316 0 610 95 661
D10 0.0283 502 611 562 635
D10 0.0236 5 622 76 650
D10 0.0226 467 607 557 640
D10 0.0207 0 599 173 676
D10 0.0206 0 586 125 646
D10 0.0204 0 626 70 665
D10 0.0204 67 605 278 675
D10 0.0185 526 610 578 636
D10 0.0184 504 599 558 629
D10 0.0179 454 611 527 637
D10 0.0178 433 600 551 646
D10 0.0174 423 611 490 638
D10 0.0168 391 600 502 646
D10 0.0167 16 603 102 643
D10 0.0165 1 624 200 704
D10 0.0162 515 620 570 650
D10 0.0160 402 616 489 649
D10 0.0159 480 599 543 629
D10 0.0156 36 612 209 666
D10 0.0154 137 615 260 658
D10 0.0149 412 610 525 656
D10 0.0148 115 589 278 646
D10 0.0144 347 611 501 666
D10 0.0144 481 616 565 653
D10 0.0140 432 620 502 646
D10 0.0134 444 616 537 651
D10 0.0133 492 601 585 650
D10 0.0133 24 615 113 650
D10 0.0131 166 610 312 671
D10 0.0127 1 525 81 561
D10 0.0126 148 624 224 649
D10 0.0126 456 587 565 637
D10 0.0122 12 631 83 657
D10 0.0122 390 611 460 638
D10 0.0122 2 609 64 642
D10 0.0121 427 529 480 560
D10 0.0120 438 540 489 572
D10 0.0119 528 599 577 628
D10 0.0117 457 599 523 629
D10 0.0110 65 634 230 695
D10 0.0110 140 632 296 697
D10 0.0109 389 621 460 646
D10 0.0108 416 519 469 550
D10 0.0107 3 654 113 712
D10 0.0105 439 551 491 583
D10 0.0105 94 615 218 657
D10 0.0104 295 612 453 668
D10 0.0103 437 598 498 630
D10 0.0103 450 530 500 560
D10 0.0102 418 539 472 571
D10 0.0102 415 508 470 537
D10 0.0102 538 619 588 650
D10 0.0101 45 609 117 637
D10 0.0100 29 591 113 635
D10 0.0100 13 620 122 671
D20 0.1674 155 519 610 679
D20 0.1090 0 522 432 692
D20 0.0854 309 546 599 669
D20 0.0703 230 514 523 638
D20 0.0596 0 488 678 720
D20 0.0593 361 518 527 653
D20 0.0592 105 564 488 704
D20 0.0520 221 581 548 693
D20 0.0490 372 589 607 678
D20 0.0486 14 585 321 705
D20 0.0485 98 510 393 635
D20 0.0472 192 520 391 681
D20 0.0445 0 545 220 648
D20 0.0410 371 486 426 512
D20 0.0379 0 500 307 652
D20 0.0376 101 566 333 667
D20 0.0372 225 502 427 605
D20 0.0364 417 612 639 699
D20 0.0352 415 561 550 662
D20 0.0333 312 499 479 623
D20 0.0322 285 470 688 663
D20 0.0288 146 587 363 692
D20 0.0287 216 561 447 668
D20 0.0286 413 546 506 641
D20 0.0283 306 549 499 638
D20 0.0282 143 494 349 583
D20 0.0276 370 575 689 706
D20 0.0272 393 523 484 624
D20 0.0269 392 587 538 648
D20 0.0263 433 610 578 671
D20 0.0255 0 587 198 687
D20 0.0249 279 498 457 570
D20 0.0247 135 457 536 628
D20 0.0243 371 496 428 522
D20 0.0239 443 552 594 681
D20 0.0237 335 571 516 682
D20 0.0236 0 576 145 655
D20 0.0236 388 487 446 512
D20 0.0236 485 631 615 695
D20 0.0235 349 487 409 512
D20 0.0231 40 579 251 652
D20 0.0231 374 506 622 633
D20 0.0227 0 455 405 624
D20 0.0224 372 472 439 506
D20 0.0220 441 499 523 643
D20 0.0220 372 508 462 601
D20 0.0214 371 545 466 639
D20 0.0214 192 614 415 705
D20 0.0210 76 531 268 652
D20 0.0210 155 550 324 639
D20 0.0208 419 506 500 602
D20 0.0207 345 477 430 516
D20 0.0206 126 636 348 720
D20 0.0204 0 637 219 720
D20 0.0198 57 513 293 603
D20 0.0198 339 490 532 589
D20 0.0193 0 198 669 710
D20 0.0193 276 516 411 585
D20 0.0191 389 497 448 523
D20 0.0188 3 188 54 297
D20 0.0187 276 577 479 655
D20 0.0186 281 530 412 646
D20 0.0184 349 523 442 620
D20 0.0182 353 501 479 559
D20 0.0181 489 644 657 713
D20 0.0181 5 530 160 624
D20 0.0180 459 550 546 642
D20 0.0180 0 0 489 353
D20 0.0179 398 500 467 573
D20 0.0179 369 611 524 666
D20 0.0178 356 488 443 531
D20 0.0177 508 600 592 685
D20 0.0177 201 0 720 353
D20 0.0175 332 612 572 693
D20 0.0171 460 589 580 651
D20 0.0170 225 476 419 564
D20 0.0169 200 374 720 720
D20 0.0166 21 18 720 530
D20 0.0164 0 142 348 720
D20 0.0163 630 0 720 147
D20 0.0163 339 518 458 683
D20 0.0162 375 142 720 720
D20 0.0161 0 454 185 720
D20 0.0161 200 573 357 659
D20 0.0159 422 537 530 612
D20 0.0159 593 0 720 211
D20 0.0158 366 500 437 572
D20 0.0157 382 455 561 679
D20 0.0154 369 478 466 519
D20 0.0154 176 527 307 694
D20 0.0152 323 495 413 573
D20 0.0152 339 493 417 526
D20 0.0151 0 0 177 271
D20 0.0150 42 563 200 631
D20 0.0149 412 632 569 688
D20 0.0149 119 591 272 687
D20 0.0147 285 506 387 563
D20 0.0145 374 504 448 541
D20 0.0145 0 508 111 645
D20 0.0145 241 629 527 720
D20 0.0145 553 654 677 713
D20 0.0144 251 602 449 676
D20 0.0141 281 515 482 719
D20 0.0139 498 492 720 720
D20 0.0135 1 561 82 643
D20 0.0134 541 617 607 697
D20 0.0134 133 492 367 720
D20 0.0134 284 480 451 543
D20 0.0133 358 458 424 512
D20 0.0133 0 132 80 316
D20 0.0133 486 575 575 694
D20 0.0132 498 578 637 704
D20 0.0130 63 547 233 716
D20 0.0130 348 571 444 653
D20 0.0130 0 387 580 649
D20 0.0129 307 480 405 524
D20 0.0128 26 472 305 582
D20 0.0127 332 474 408 508
D20 0.0126 385 514 461 555
D20 0.0126 379 489 480 535
D20 0.0125 537 610 648 710
D20 0.0124 112 474 331 551
D20 0.0123 0 141 51 249
D20 0.0123 0 543 138 720
D20 0.0121 213 649 387 715
D20 0.0118 594 0 720 81
D20 0.0118 360 508 419 536
D20 0.0117 511 0 720 323
D20 0.0116 411 459 509 628
D20 0.0116 423 645 607 711
D20 0.0116 395 565 485 684
D20 0.0116 403 508 459 537
D20 0.0115 408 524 481 566
D20 0.0114 81 625 263 720
D20 0.0114 486 522 568 665
D20 0.0114 519 582 569 672
D20 0.0113 588 23 720 413
D20 0.0113 231 634 368 695
D20 0.0113 469 586 544 682
D20 0.0111 411 492 451 529
D20 0.0111 465 0 720 173
D20 0.0111 0 547 69 719
D20 0.0110 305 379 541 687
D20 0.0109 0 0 313 216
D20 0.0107 120 563 275 629
D20 0.0107 162 576 273 656
D20 0.0107 427 571 534 631
D20 0.0106 388 480 429 541
D20 0.0106 351 514 429 553
D20 0.0105 270 537 377 594
D20 0.0105 327 503 405 541
D20 0.0105 325 527 433 587
D20 0.0104 406 496 503 552
D20 0.0103 377 471 421 524
D20 0.0103 271 626 473 692
D20 0.0102 517 624 587 671
D20 0.0101 452 497 584 646
D20 0.0100 117 576 224 653
D20 0.0100 262 546 379 709
D40 0.0404 371 476 423 504
D40 0.0268 385 481 429 515
D40 0.0222 365 463 416 493
D40 0.0221 368 481 414 514
D40 0.0189 349 466 428 508
D40 0.0167 122 625 233 669
D40 0.0161 0 508 89 556
D40 0.0151 6 519 74 549
D40 0.0151 358 472 401 507
D40 0.0151 363 450 416 479
D40 0.0150 71 626 274 702
D40 0.0135 445 484 495 515
D40 0.0130 138 633 214 659
D40 0.0128 237 640 338 698
D40 0.0127 458 489 500 531
D40 0.0124 360 453 434 499
D40 0.0124 362 441 415 469
D40 0.0122 224 621 327 674
D40 0.0119 2 356 33 419
D40 0.0117 383 458 428 496
D40 0.0114 398 470 439 506
D40 0.0113 139 631 252 683
D40 0.0113 444 473 493 505
D40 0.0112 449 473 512 545
D40 0.0109 0 486 86 541
D40 0.0105 0 486 148 577
D40 0.0104 0 335 42 435
D40 0.0104 99 633 212 683
D40 0.0103 15 508 81 541
D40 0.0102 470 498 510 544
D40 0.0102 192 574 298 629
D40 0.0101 158 622 281 670
D40 0.0101 200 629 308 686
D40 0.0101 390 466 425 509
