D00 0.0805 478 520 518 565
D00 0.0752 661 517 715 610
D00 0.0711 467 497 538 567
D00 0.0661 571 519 607 573
D00 0.0653 199 556 306 673
D00 0.0603 213 500 348 647
D00 0.0602 226 559 297 642
D00 0.0582 671 527 708 592
D00 0.0567 550 513 621 574
D00 0.0527 557 538 618 572
D00 0.0517 453 523 531 565
D00 0.0502 475 494 507 561
D00 0.0486 629 516 712 586
D00 0.0475 645 507 720 655
D00 0.0462 242 515 314 636
D00 0.0458 442 487 520 567
D00 0.0450 260 489 338 555
D00 0.0426 210 578 283 655
D00 0.0421 473 523 571 568
D00 0.0396 166 576 301 720
D00 0.0383 257 567 292 633
D00 0.0383 274 499 322 548
D00 0.0378 235 504 330 594
D00 0.0361 489 506 526 564
D00 0.0359 669 552 712 602
D00 0.0354 509 503 605 572
D00 0.0352 563 534 659 576
D00 0.0345 545 522 599 570
D00 0.0344 158 533 343 686
D00 0.0340 652 536 704 578
D00 0.0330 283 485 366 552
D00 0.0326 240 586 286 637
D00 0.0322 664 545 719 642
D00 0.0320 183 602 288 670
D00 0.0319 247 553 302 617
D00 0.0307 478 517 543 556
D00 0.0306 313 419 368 448
D00 0.0299 200 595 273 713
D00 0.0293 610 493 720 617
D00 0.0292 229 598 275 646
D00 0.0291 682 535 716 601
D00 0.0287 470 490 511 535
D00 0.0287 625 540 713 633
D00 0.0285 474 516 524 605
D00 0.0281 585 532 633 575
D00 0.0274 402 432 442 477
D00 0.0273 190 562 382 710
D00 0.0264 251 511 384 624
D00 0.0260 230 559 359 667
D00 0.0258 301 428 359 454
D00 0.0257 261 534 333 648
D00 0.0256 459 465 552 578
D00 0.0255 213 600 336 713
D00 0.0254 590 525 720 682
D00 0.0254 561 486 614 588
D00 0.0251 253 466 351 574
D00 0.0248 604 533 705 578
D00 0.0247 429 502 458 561
D00 0.0245 289 498 346 546
D00 0.0245 190 591 258 653
D00 0.0242 659 516 707 559
D00 0.0240 238 577 310 691
D00 0.0239 435 515 506 564
D00 0.0238 467 468 536 541
D00 0.0238 180 582 260 693
D00 0.0236 639 527 703 566
D00 0.0236 273 516 340 550
D00 0.0233 261 449 382 545
D00 0.0231 215 492 319 566
D00 0.0229 418 503 475 561
D00 0.0229 479 482 566 556
D00 0.0228 289 420 351 448
D00 0.0227 266 512 325 568
D00 0.0226 200 531 279 640
D00 0.0225 212 537 318 612
D00 0.0221 312 616 433 713
D00 0.0219 338 644 408 717
D00 0.0218 572 519 625 595
D00 0.0217 247 582 297 621
D00 0.0214 392 403 450 478
D00 0.0213 279 494 359 597
D00 0.0212 112 595 282 682
D00 0.0211 236 568 330 632
D00 0.0210 267 648 430 720
D00 0.0209 166 564 287 637
D00 0.0207 665 487 719 576
D00 0.0206 444 498 532 623
D00 0.0206 473 506 529 539
D00 0.0205 320 498 364 546
D00 0.0205 0 630 55 720
D00 0.0205 245 503 315 557
D00 0.0204 495 506 546 570
D00 0.0203 563 501 598 561
D00 0.0203 216 568 293 614
D00 0.0201 477 481 521 520
D00 0.0200 222 582 263 646
D00 0.0199 264 559 321 623
D00 0.0198 182 625 287 700
D00 0.0197 300 471 378 538
D00 0.0196 224 593 279 688
D00 0.0195 559 519 612 553
D00 0.0194 408 420 450 470
D00 0.0192 270 577 301 637
D00 0.0192 277 479 343 534
D00 0.0190 312 486 391 552
D00 0.0188 201 610 273 655
D00 0.0188 427 443 551 541
D00 0.0188 600 518 691 607
D00 0.0187 655 575 716 695
D00 0.0186 329 655 456 714
D00 0.0186 680 564 718 613
D00 0.0186 322 429 380 454
D00 0.0186 486 504 582 545
D00 0.0185 240 602 413 719
D00 0.0185 454 510 512 583
D00 0.0184 256 541 310 603
D00 0.0183 676 522 718 571
D00 0.0182 256 572 307 607
D00 0.0180 538 535 605 581
D00 0.0179 371 652 403 711
D00 0.0179 305 491 356 535
D00 0.0178 579 508 672 578
D00 0.0178 460 514 555 657
D00 0.0178 326 410 359 452
D00 0.0178 384 452 440 480
D00 0.0177 473 493 552 532
D00 0.0177 475 462 530 512
D00 0.0177 352 613 478 706
D00 0.0175 637 521 706 549
D00 0.0175 544 646 620 711
D00 0.0174 471 470 513 507
D00 0.0174 452 478 511 529
D00 0.0173 210 637 298 720
D00 0.0173 417 481 501 554
D00 0.0171 409 475 461 567
D00 0.0170 607 519 701 557
D00 0.0170 663 556 702 618
D00 0.0170 394 421 435 468
D00 0.0169 463 486 499 547
D00 0.0169 0 688 58 719
D00 0.0168 402 450 457 479
D00 0.0168 248 563 299 596
D00 0.0167 276 430 344 455
D00 0.0166 315 670 400 716
D00 0.0166 567 505 609 545
D00 0.0166 539 483 612 551
D00 0.0165 551 528 608 613
D00 0.0165 464 539 540 615
D00 0.0165 420 492 450 554
D00 0.0164 506 512 562 559
D00 0.0164 282 458 359 527
D00 0.0163 0 664 96 720
D00 0.0162 427 497 500 583
D00 0.0162 580 682 665 719
D00 0.0162 224 582 283 620
D00 0.0161 530 514 588 559
D00 0.0161 306 508 357 552
D00 0.0161 354 668 401 713
D00 0.0160 273 517 317 595
D00 0.0160 0 625 124 720
D00 0.0159 0 591 42 696
D00 0.0159 346 467 410 493
D00 0.0158 31 609 162 713
D00 0.0158 428 501 514 547
D00 0.0158 523 505 603 544
D00 0.0157 230 492 422 704
D00 0.0157 451 486 511 513
D00 0.0156 219 591 316 648
D00 0.0155 449 504 486 561
D00 0.0155 571 686 637 715
D00 0.0154 361 641 428 715
D00 0.0153 79 619 262 708
D00 0.0153 134 639 286 720
D00 0.0152 235 564 275 629
D00 0.0151 522 469 619 581
D00 0.0151 459 655 520 685
D00 0.0150 569 500 626 558
D00 0.0150 645 441 720 588
D00 0.0149 673 567 710 630
D00 0.0149 233 454 338 534
D00 0.0149 319 482 363 520
D00 0.0148 338 491 368 549
D00 0.0148 299 508 454 688
D00 0.0148 551 666 612 698
D00 0.0147 417 433 462 476
D00 0.0147 269 552 372 634
D00 0.0147 282 479 315 536
D00 0.0147 181 567 243 659
D00 0.0146 2 602 32 668
D00 0.0145 490 530 584 591
D00 0.0145 312 466 370 516
D00 0.0145 480 486 543 511
D00 0.0144 598 525 651 571
D00 0.0144 406 412 525 574
D00 0.0144 234 656 377 716
D00 0.0143 289 441 350 466
D00 0.0143 622 525 678 571
D00 0.0143 251 598 294 642
D00 0.0142 314 637 522 720
D00 0.0141 310 434 353 469
D00 0.0141 193 579 275 627
D00 0.0140 419 521 509 661
D00 0.0140 570 659 633 706
D00 0.0139 449 477 512 502
D00 0.0139 303 452 358 505
D00 0.0139 333 419 393 447
D00 0.0138 201 595 266 633
D00 0.0138 255 596 310 630
D00 0.0138 473 476 572 524
D00 0.0138 294 476 391 584
D00 0.0138 257 634 397 700
D00 0.0137 247 595 348 678
D00 0.0137 451 533 519 647
D00 0.0137 336 417 369 460
D00 0.0136 1 662 34 719
D00 0.0136 547 633 589 703
D00 0.0136 268 470 312 546
D00 0.0136 438 513 468 565
D00 0.0136 196 514 296 592
D00 0.0136 484 533 514 586
D00 0.0135 389 458 435 492
D00 0.0135 586 672 636 708
D00 0.0135 372 485 451 556
D00 0.0135 283 434 355 500
D00 0.0135 585 668 704 716
D00 0.0134 479 535 541 586
D00 0.0134 383 440 504 533
D00 0.0133 279 567 312 629
D00 0.0133 508 532 562 570
D00 0.0133 646 653 715 720
D00 0.0132 522 537 688 714
D00 0.0131 600 503 704 547
D00 0.0131 151 540 304 619
D00 0.0131 286 424 401 569
D00 0.0131 653 544 693 605
D00 0.0131 200 584 239 647
D00 0.0130 270 448 348 483
D00 0.0130 260 569 311 661
D00 0.0130 284 512 351 565
D00 0.0130 303 446 431 532
D00 0.0128 522 507 572 572
D00 0.0128 458 655 601 709
D00 0.0128 516 543 602 606
D00 0.0127 354 507 505 685
D00 0.0127 411 395 467 482
D00 0.0127 462 524 499 568
D00 0.0127 585 527 637 616
D00 0.0127 353 477 426 544
D00 0.0127 482 557 569 623
D00 0.0126 338 568 449 718
D00 0.0126 500 495 591 531
D00 0.0126 355 472 400 504
D00 0.0126 208 642 254 720
D00 0.0126 266 442 333 468
D00 0.0126 443 460 519 521
D00 0.0126 547 509 604 535
D00 0.0125 378 481 415 556
D00 0.0125 368 656 508 709
D00 0.0125 301 505 382 570
D00 0.0125 315 440 347 493
D00 0.0125 522 643 595 712
D00 0.0125 330 472 374 507
D00 0.0124 539 524 577 575
D00 0.0124 315 409 368 439
D00 0.0124 408 456 453 491
D00 0.0123 545 675 646 720
D00 0.0122 681 279 720 385
D00 0.0122 629 606 720 712
D00 0.0122 651 688 709 719
D00 0.0121 47 654 189 715
D00 0.0121 645 570 704 628
D00 0.0121 636 542 691 584
D00 0.0121 325 472 405 531
D00 0.0120 375 491 404 550
D00 0.0120 409 520 489 579
D00 0.0120 395 438 429 485
D00 0.0119 393 470 470 533
D00 0.0119 229 642 276 720
D00 0.0119 344 485 410 511
D00 0.0118 398 456 485 568
D00 0.0118 611 510 691 532
D00 0.0118 510 638 639 718
D00 0.0118 15 589 94 699
D00 0.0117 260 433 356 475
D00 0.0117 556 493 603 530
D00 0.0117 404 479 515 525
D00 0.0117 322 466 385 494
D00 0.0116 71 561 236 719
D00 0.0116 296 422 364 480
D00 0.0115 365 677 407 720
D00 0.0115 245 601 279 659
D00 0.0115 315 447 393 508
D00 0.0114 326 427 358 475
D00 0.0114 235 614 270 672
D00 0.0114 375 428 431 478
D00 0.0114 22 520 78 549
D00 0.0114 301 664 368 718
D00 0.0114 440 522 497 606
D00 0.0114 480 552 520 624
D00 0.0114 256 453 322 478
D00 0.0114 613 683 701 720
D00 0.0114 421 490 463 533
D00 0.0113 401 540 549 715
D00 0.0113 341 423 385 458
D00 0.0113 580 654 663 713
D00 0.0113 263 445 339 513
D00 0.0113 561 653 595 707
D00 0.0113 560 546 617 598
D00 0.0113 458 443 531 506
D00 0.0113 358 592 426 695
D00 0.0113 335 483 404 572
D00 0.0113 97 588 256 649
D00 0.0112 237 654 311 720
D00 0.0112 449 643 506 690
D00 0.0111 405 518 467 553
D00 0.0111 660 668 705 713
D00 0.0111 207 558 256 640
D00 0.0111 635 221 720 407
D00 0.0111 397 503 487 628
D00 0.0111 380 509 467 570
D00 0.0111 268 527 303 586
D00 0.0110 586 516 634 559
D00 0.0110 257 497 298 550
D00 0.0110 689 324 719 386
D00 0.0110 443 532 493 566
D00 0.0110 320 518 386 548
D00 0.0109 514 472 599 528
D00 0.0109 308 412 373 463
D00 0.0109 64 642 141 720
D00 0.0109 311 686 380 717
D00 0.0109 0 578 37 654
D00 0.0109 377 630 416 708
D00 0.0108 567 497 630 520
D00 0.0108 96 653 240 716
D00 0.0108 542 641 574 698
D00 0.0108 2 624 32 693
D00 0.0108 561 502 668 551
D00 0.0107 321 430 361 500
D00 0.0107 296 470 345 511
D00 0.0107 444 491 495 533
D00 0.0107 337 476 368 527
D00 0.0107 562 482 635 545
D00 0.0107 313 637 389 720
D00 0.0107 604 553 686 668
D00 0.0107 483 444 540 526
D00 0.0106 41 516 84 556
D00 0.0106 391 465 451 509
D00 0.0106 319 496 383 527
D00 0.0106 0 587 62 664
D00 0.0106 386 443 455 499
D00 0.0106 301 525 396 654
D00 0.0106 509 531 590 638
D00 0.0106 333 504 396 555
D00 0.0105 358 453 421 481
D00 0.0105 495 437 597 561
D00 0.0105 608 677 683 708
D00 0.0105 526 440 586 493
D00 0.0105 426 517 463 581
D00 0.0105 692 546 720 625
D00 0.0105 568 515 674 646
D00 0.0104 372 529 459 661
D00 0.0104 632 582 720 648
D00 0.0103 277 456 321 531
D00 0.0103 470 644 531 691
D00 0.0103 225 545 290 603
D00 0.0103 157 602 237 711
D00 0.0103 190 615 256 669
D00 0.0102 429 557 509 622
D00 0.0102 244 423 365 519
D00 0.0102 402 493 443 563
D00 0.0102 378 476 441 523
D00 0.0102 687 577 717 641
D00 0.0102 470 559 542 670
D00 0.0102 533 498 599 524
D00 0.0101 640 483 719 543
D00 0.0101 341 678 393 719
D00 0.0101 644 507 700 541
D00 0.0101 13 525 103 663
D00 0.0101 378 425 457 545
D00 0.0101 327 502 416 627
D00 0.0101 148 605 259 660
D00 0.0100 491 475 528 529
D00 0.0100 184 606 248 643
D00 0.0100 129 494 281 669
D00 0.0100 278 575 377 704
D10 0.0396 447 539 517 563
D10 0.0393 570 674 655 708
D10 0.0334 426 527 529 567
D10 0.0280 475 539 547 565
D10 0.0269 556 549 620 574
D10 0.0225 423 541 498 565
D10 0.0221 649 509 712 533
D10 0.0196 296 487 360 514
D10 0.0194 647 499 713 522
D10 0.0193 344 477 412 501
D10 0.0187 617 503 720 551
D10 0.0183 493 540 579 568
D10 0.0179 560 667 624 699
D10 0.0177 542 658 644 707
D10 0.0174 574 550 646 574
D10 0.0172 579 686 646 715
D10 0.0171 319 477 387 502
D10 0.0163 265 528 326 557
D10 0.0161 0 598 58 626
D10 0.0161 285 479 392 527
D10 0.0155 338 469 443 507
D10 0.0155 448 551 513 576
D10 0.0154 489 567 606 614
D10 0.0154 499 546 598 579
D10 0.0151 418 542 528 586
D10 0.0151 318 486 386 511
D10 0.0150 625 490 720 534
D10 0.0150 469 538 583 584
D10 0.0146 184 624 265 661
D10 0.0145 374 531 495 572
D10 0.0144 299 476 360 504
D10 0.0144 258 489 324 515
D10 0.0140 298 469 413 512
D10 0.0139 470 550 532 575
D10 0.0138 401 541 470 565
D10 0.0136 522 578 592 606
D10 0.0136 522 582 611 617
D10 0.0136 463 608 550 641
D10 0.0133 619 498 698 520
D10 0.0133 491 582 582 618
D10 0.0133 547 563 609 590
D10 0.0129 388 531 459 559
D10 0.0128 256 542 313 567
D10 0.0128 7 588 71 618
D10 0.0125 485 551 562 576
D10 0.0122 514 560 602 596
D10 0.0120 211 574 280 604
D10 0.0117 0 588 93 639
D10 0.0117 210 629 270 657
D10 0.0117 425 554 494 578
D10 0.0117 535 572 618 609
D10 0.0116 589 665 679 702
D10 0.0115 508 487 582 510
D10 0.0114 648 561 707 592
D10 0.0113 248 554 302 582
D10 0.0112 489 577 560 606
D10 0.0110 446 562 582 623
D10 0.0110 225 565 289 595
D10 0.0108 557 587 622 615
D10 0.0108 375 543 445 567
D10 0.0108 658 572 711 607
D10 0.0104 273 542 339 567
D10 0.0103 148 618 254 668
D10 0.0102 569 562 630 589
D10 0.0100 179 571 266 612
D10 0.0100 200 584 267 618
D10 0.0100 228 537 306 573
D20 0.1818 444 506 662 584
D20 0.1277 510 519 720 588
D20 0.1089 384 500 702 621
D20 0.0884 188 489 686 644
D20 0.0877 412 496 590 572
D20 0.0793 510 518 620 574
D20 0.0770 462 517 585 569
D20 0.0749 375 479 674 576
D20 0.0709 225 484 419 576
D20 0.0691 344 525 707 674
D20 0.0658 238 468 637 588
D20 0.0641 141 517 578 693
D20 0.0607 265 506 608 619
D20 0.0604 545 528 657 575
D20 0.0572 423 516 531 565
D20 0.0569 488 536 660 590
D20 0.0544 610 526 716 585
D20 0.0544 296 490 560 570
D20 0.0542 240 496 367 558
D20 0.0509 561 507 705 570
D20 0.0487 461 480 626 556
D20 0.0469 582 505 717 621
D20 0.0467 88 538 412 688
D20 0.0465 450 516 619 653
D20 0.0465 12 576 334 715
D20 0.0457 433 526 612 598
D20 0.0453 510 532 720 636
D20 0.0436 205 497 376 610
D20 0.0433 245 473 482 554
D20 0.0413 29 430 720 686
D20 0.0402 185 469 371 561
D20 0.0391 127 567 306 675
D20 0.0387 187 538 372 654
D20 0.0381 375 500 525 561
D20 0.0361 507 475 716 562
D20 0.0359 290 570 671 708
D20 0.0341 149 464 468 602
D20 0.0335 229 518 449 619
D20 0.0328 269 481 410 543
D20 0.0322 155 586 423 704
D20 0.0319 174 487 419 667
D20 0.0309 358 542 582 647
D20 0.0299 427 482 558 547
D20 0.0297 404 564 618 671
D20 0.0293 227 450 421 544
D20 0.0284 433 434 586 561
D20 0.0284 513 622 720 706
D20 0.0279 286 499 443 557
D20 0.0278 488 541 658 683
D20 0.0270 0 610 175 716
D20 0.0270 228 589 536 702
D20 0.0268 456 447 709 601
D20 0.0263 442 594 654 690
D20 0.0260 362 507 535 626
D20 0.0259 208 479 340 543
D20 0.0257 459 485 552 585
D20 0.0252 433 485 549 639
D20 0.0252 251 514 385 579
D20 0.0252 114 599 299 716
D20 0.0250 328 478 519 547
D20 0.0248 85 511 346 634
D20 0.0244 266 523 488 681
D20 0.0241 222 403 709 615
D20 0.0237 467 547 638 628
D20 0.0236 552 650 716 717
D20 0.0230 499 500 606 556
D20 0.0229 478 459 614 595
D20 0.0228 474 501 581 614
D20 0.0223 509 496 637 625
D20 0.0213 51 559 294 646
D20 0.0213 664 504 720 600
D20 0.0211 209 567 425 665
D20 0.0204 541 509 604 583
D20 0.0194 344 443 554 531
D20 0.0192 56 631 273 720
D20 0.0191 220 638 431 720
D20 0.0190 253 420 620 549
D20 0.0189 260 454 380 586
D20 0.0188 1 489 374 664
D20 0.0181 354 499 490 587
D20 0.0179 497 493 720 720
D20 0.0177 558 510 631 589
D20 0.0172 564 538 684 581
D20 0.0171 468 641 686 717
D20 0.0170 654 467 720 630
D20 0.0169 243 457 365 523
D20 0.0169 475 539 599 584
D20 0.0168 0 0 489 353
D20 0.0167 11 651 145 716
D20 0.0167 11 404 525 625
D20 0.0165 394 475 490 550
D20 0.0165 503 657 647 709
D20 0.0165 557 568 718 701
D20 0.0165 201 0 720 353
D20 0.0164 352 429 447 478
D20 0.0161 420 479 512 581
D20 0.0159 325 459 433 499
D20 0.0159 498 442 604 494
D20 0.0158 18 538 218 686
D20 0.0156 401 539 545 596
D20 0.0154 0 142 348 720
D20 0.0153 162 626 360 720
D20 0.0153 280 455 452 522
D20 0.0151 0 551 132 691
D20 0.0151 398 607 706 720
D20 0.0150 332 420 646 697
D20 0.0150 180 514 327 588
D20 0.0149 382 413 459 475
D20 0.0147 271 412 364 452
D20 0.0147 189 500 320 554
D20 0.0146 375 142 720 720
D20 0.0146 0 198 669 710
D20 0.0146 359 495 473 550
D20 0.0144 325 420 429 463
D20 0.0141 509 576 688 657
D20 0.0139 576 515 660 593
D20 0.0137 406 638 614 716
D20 0.0137 0 0 720 521
D20 0.0136 157 444 354 539
D20 0.0135 316 410 414 452
D20 0.0135 291 455 397 504
D20 0.0135 279 467 379 517
D20 0.0134 0 502 127 637
D20 0.0133 479 577 596 623
D20 0.0132 347 474 439 546
D20 0.0131 459 547 558 633
D20 0.0129 362 448 440 483
D20 0.0128 533 454 658 598
D20 0.0127 545 558 698 619
D20 0.0126 478 542 579 681
D20 0.0126 312 433 475 541
D20 0.0125 0 572 53 662
D20 0.0124 287 630 567 720
D20 0.0122 685 526 720 621
D20 0.0121 13 522 189 624
D20 0.0120 294 419 385 458
D20 0.0120 313 443 418 490
D20 0.0120 0 449 180 720
D20 0.0119 309 478 421 522
D20 0.0117 391 470 578 663
D20 0.0116 610 602 720 720
D20 0.0116 0 0 175 268
D20 0.0116 270 443 363 491
D20 0.0116 546 0 720 273
D20 0.0114 374 413 565 507
D20 0.0114 251 421 448 508
D20 0.0114 461 587 569 635
D20 0.0112 396 426 484 480
D20 0.0112 552 675 686 720
D20 0.0112 386 442 503 583
D20 0.0111 424 565 535 617
D20 0.0111 193 423 374 516
D20 0.0110 526 556 609 618
D20 0.0110 0 578 94 630
D20 0.0110 403 530 524 693
D20 0.0109 336 489 530 697
D20 0.0108 299 454 451 618
D20 0.0108 401 406 689 557
D20 0.0108 16 525 102 621
D20 0.0108 89 468 343 587
D20 0.0105 515 507 581 586
D20 0.0105 469 0 720 379
D20 0.0104 607 437 720 597
D20 0.0100 148 419 460 554
D40 0.0457 329 577 423 623
D40 0.0440 659 542 707 591
D40 0.0394 491 443 535 490
D40 0.0394 627 533 715 595
D40 0.0372 594 504 707 568
D40 0.0363 262 488 362 544
D40 0.0348 351 587 417 617
D40 0.0340 542 476 611 500
D40 0.0338 491 461 548 492
D40 0.0335 535 539 608 570
D40 0.0321 483 417 543 493
D40 0.0299 489 622 557 646
D40 0.0294 212 498 329 550
D40 0.0291 671 504 715 543
D40 0.0285 390 445 720 600
D40 0.0281 643 494 720 579
D40 0.0279 525 481 702 549
D40 0.0273 275 493 323 537
D40 0.0271 669 513 712 559
D40 0.0271 663 498 716 524
D40 0.0270 344 577 408 607
D40 0.0268 518 475 594 497
D40 0.0267 253 549 481 642
D40 0.0262 449 453 602 518
D40 0.0262 481 448 563 496
D40 0.0260 682 492 720 531
D40 0.0255 318 558 417 605
D40 0.0253 506 464 576 492
D40 0.0247 402 420 442 470
D40 0.0245 291 574 507 668
D40 0.0242 534 466 600 493
D40 0.0239 402 618 618 700
D40 0.0236 473 613 571 654
D40 0.0235 555 486 618 510
D40 0.0229 335 593 554 689
D40 0.0226 283 496 352 529
D40 0.0223 488 473 554 498
D40 0.0223 665 560 712 595
D40 0.0223 356 477 423 501
D40 0.0219 526 468 620 504
D40 0.0218 482 534 589 571
D40 0.0216 397 643 497 688
D40 0.0215 279 484 359 521
D40 0.0215 483 455 527 495
D40 0.0213 485 631 664 701
D40 0.0211 343 597 409 625
D40 0.0208 597 481 708 536
D40 0.0208 465 447 666 534
D40 0.0206 567 476 628 504
D40 0.0204 190 509 303 554
D40 0.0204 457 636 600 694
D40 0.0203 333 560 511 632
D40 0.0201 577 487 645 512
D40 0.0200 395 451 448 479
D40 0.0198 480 612 548 639
D40 0.0198 496 456 609 496
D40 0.0195 353 627 528 698
D40 0.0194 252 529 428 612
D40 0.0191 415 654 477 683
D40 0.0190 545 451 720 591
D40 0.0187 380 464 442 489
D40 0.0186 415 530 481 560
D40 0.0185 475 475 531 500
D40 0.0184 301 534 490 608
D40 0.0184 238 514 331 568
D40 0.0184 245 506 316 542
D40 0.0182 450 424 601 496
D40 0.0182 269 596 475 695
D40 0.0181 531 451 696 520
D40 0.0179 426 459 553 511
D40 0.0179 12 621 179 709
D40 0.0178 424 521 464 563
D40 0.0176 329 590 462 646
D40 0.0175 357 466 422 492
D40 0.0174 361 583 450 619
D40 0.0173 305 587 412 633
D40 0.0172 256 581 432 652
D40 0.0172 389 476 452 501
D40 0.0172 438 613 577 675
D40 0.0171 537 478 630 517
D40 0.0169 270 489 334 515
D40 0.0169 236 480 343 534
D40 0.0165 232 518 306 549
D40 0.0164 263 521 311 562
D40 0.0164 208 519 279 549
D40 0.0162 493 432 559 481
D40 0.0162 194 503 273 541
D40 0.0162 190 490 300 537
D40 0.0162 491 422 536 468
D40 0.0162 342 581 394 620
D40 0.0158 367 486 433 512
D40 0.0158 480 651 566 689
D40 0.0157 273 567 416 624
D40 0.0157 434 655 497 683
D40 0.0156 482 626 562 662
D40 0.0156 349 469 454 507
D40 0.0155 669 648 713 691
D40 0.0155 641 489 720 536
D40 0.0155 335 566 400 595
D40 0.0154 58 595 113 626
D40 0.0154 305 626 409 671
D40 0.0153 521 551 599 576
D40 0.0152 500 567 612 613
D40 0.0152 372 611 509 675
D40 0.0151 24 565 134 625
D40 0.0151 289 517 443 576
D40 0.0150 394 414 584 509
D40 0.0150 359 478 465 522
D40 0.0149 355 562 433 621
D40 0.0149 360 520 489 565
D40 0.0148 401 463 460 489
D40 0.0147 520 532 574 571
D40 0.0146 398 394 458 477
D40 0.0146 599 497 677 519
D40 0.0146 218 508 293 540
D40 0.0145 262 514 370 565
D40 0.0145 578 626 720 704
D40 0.0145 6 599 151 687
D40 0.0144 473 639 553 681
D40 0.0144 543 624 634 673
D40 0.0143 212 526 302 559
D40 0.0143 332 611 459 675
D40 0.0143 434 624 533 694
D40 0.0142 373 573 419 612
D40 0.0142 10 546 192 642
D40 0.0141 559 632 618 658
D40 0.0141 408 409 451 457
D40 0.0140 486 429 523 485
D40 0.0139 20 588 135 645
D40 0.0139 612 624 712 669
D40 0.0139 512 413 707 514
D40 0.0139 500 603 601 682
D40 0.0139 514 551 620 599
D40 0.0139 512 483 600 513
D40 0.0138 444 440 541 491
D40 0.0138 200 498 264 527
D40 0.0137 630 550 702 580
D40 0.0136 623 634 719 684
D40 0.0136 453 602 562 645
D40 0.0136 373 588 510 650
D40 0.0135 487 447 563 543
D40 0.0134 629 468 702 568
D40 0.0133 21 641 123 702
D40 0.0132 570 478 678 517
D40 0.0131 423 647 595 711
D40 0.0130 480 477 586 522
D40 0.0130 230 498 307 528
D40 0.0129 0 578 107 628
D40 0.0129 511 439 571 493
D40 0.0127 390 425 471 480
D40 0.0126 501 433 633 490
D40 0.0125 509 607 556 642
D40 0.0125 263 535 308 575
D40 0.0125 335 604 413 640
D40 0.0125 324 612 418 658
D40 0.0125 231 529 318 585
D40 0.0125 374 541 521 597
D40 0.0123 373 590 420 628
D40 0.0123 415 450 512 523
D40 0.0123 551 620 628 654
D40 0.0123 360 454 457 494
D40 0.0123 32 597 98 625
D40 0.0123 653 643 710 675
D40 0.0121 611 486 681 516
D40 0.0120 49 567 188 623
D40 0.0120 457 575 557 659
D40 0.0120 347 530 440 608
D40 0.0120 293 545 401 593
D40 0.0119 368 532 431 559
D40 0.0119 400 487 464 512
D40 0.0119 326 565 392 615
D40 0.0119 673 481 715 523
D40 0.0119 39 540 155 609
D40 0.0118 385 581 430 619
D40 0.0118 198 531 267 556
D40 0.0117 524 452 585 487
D40 0.0116 266 485 314 523
D40 0.0116 394 410 435 455
D40 0.0116 577 497 647 519
D40 0.0115 691 500 720 544
D40 0.0115 549 615 690 674
D40 0.0114 469 404 621 521
D40 0.0114 37 580 208 654
D40 0.0114 320 634 392 660
D40 0.0114 326 552 409 587
D40 0.0114 627 633 696 660
D40 0.0113 64 574 122 627
D40 0.0113 410 476 476 501
D40 0.0112 493 624 572 690
D40 0.0112 359 570 484 616
D40 0.0111 514 616 619 661
D40 0.0111 287 636 385 682
D40 0.0111 400 400 444 442
D40 0.0110 377 523 415 563
D40 0.0110 392 467 500 510
D40 0.0110 560 489 667 529
D40 0.0109 18 588 84 619
D40 0.0109 602 453 707 514
D40 0.0109 346 533 460 576
D40 0.0108 255 529 359 580
D40 0.0108 608 583 709 648
D40 0.0107 416 551 512 635
D40 0.0107 446 407 569 477
D40 0.0106 466 451 525 482
D40 0.0106 367 578 406 623
D40 0.0105 491 416 585 473
D40 0.0105 483 588 617 649
D40 0.0105 367 543 431 567
D40 0.0104 3 592 47 634
D40 0.0104 520 618 567 652
D40 0.0104 249 549 316 589
D40 0.0103 310 644 381 668
D40 0.0103 424 643 484 678
D40 0.0103 370 491 454 530
D40 0.0103 677 469 720 557
D40 0.0102 173 521 272 564
D40 0.0102 587 417 719 556
D40 0.0102 538 632 599 658
D40 0.0102 221 485 314 521
D40 0.0101 403 430 528 486
D40 0.0101 501 643 564 675
D40 0.0101 511 631 576 658
D40 0.0101 552 432 679 495
D40 0.0100 425 563 560 624
