D00 0.0535 273 463 386 590
D00 0.0480 56 514 92 598
D00 0.0414 301 471 360 573
D00 0.0402 309 447 428 573
D00 0.0375 430 555 504 632
D00 0.0362 239 489 383 643
D00 0.0352 271 486 340 609
D00 0.0349 67 534 97 597
D00 0.0320 326 455 380 574
D00 0.0307 437 479 529 613
D00 0.0299 303 441 393 541
D00 0.0288 229 530 342 656
D00 0.0286 229 471 356 592
D00 0.0275 5 490 108 610
D00 0.0273 0 517 105 710
D00 0.0263 158 514 348 685
D00 0.0257 289 505 358 624
D00 0.0248 203 558 321 676
D00 0.0246 291 490 408 568
D00 0.0245 250 509 318 636
D00 0.0242 331 439 402 517
D00 0.0238 133 623 297 703
D00 0.0238 39 533 106 611
D00 0.0237 248 442 375 558
D00 0.0235 313 499 370 567
D00 0.0233 21 510 86 622
D00 0.0224 146 664 243 719
D00 0.0224 249 552 302 652
D00 0.0221 298 499 344 583
D00 0.0220 300 465 457 649
D00 0.0219 60 543 89 606
D00 0.0218 425 521 535 685
D00 0.0217 176 585 302 692
D00 0.0214 272 473 349 560
D00 0.0211 255 515 369 582
D00 0.0209 110 644 274 718
D00 0.0205 266 538 308 623
D00 0.0205 447 530 507 607
D00 0.0202 343 445 435 536
D00 0.0202 229 580 298 667
D00 0.0201 354 429 397 506
D00 0.0200 40 497 104 585
D00 0.0197 32 614 268 713
D00 0.0197 396 475 496 612
D00 0.0192 482 686 572 720
D00 0.0190 0 436 121 590
D00 0.0186 347 491 505 673
D00 0.0186 103 560 304 712
D00 0.0182 329 483 401 599
D00 0.0181 276 525 319 608
D00 0.0181 287 511 331 593
D00 0.0178 384 457 436 555
D00 0.0177 15 519 213 693
D00 0.0176 176 688 239 718
D00 0.0176 200 555 386 710
D00 0.0176 326 511 359 572
D00 0.0176 280 452 360 537
D00 0.0174 275 429 420 509
D00 0.0174 22 516 134 591
D00 0.0173 315 466 371 542
D00 0.0172 266 554 336 668
D00 0.0170 358 451 417 508
D00 0.0170 314 510 349 574
D00 0.0169 209 597 281 673
D00 0.0168 343 476 385 566
D00 0.0168 370 420 426 448
D00 0.0168 62 521 100 572
D00 0.0167 22 466 175 599
D00 0.0166 407 596 566 720
D00 0.0166 17 533 133 641
D00 0.0165 0 631 54 720
D00 0.0165 48 524 81 591
D00 0.0164 18 452 89 572
D00 0.0164 424 655 599 720
D00 0.0163 236 581 361 687
D00 0.0163 191 631 321 693
D00 0.0162 452 556 533 634
D00 0.0162 349 455 405 565
D00 0.0162 460 551 510 619
D00 0.0161 169 653 299 713
D00 0.0160 381 455 439 509
D00 0.0159 367 418 406 501
D00 0.0159 181 447 328 641
D00 0.0159 259 567 312 636
D00 0.0159 394 463 426 516
D00 0.0158 337 487 369 560
D00 0.0158 62 509 118 602
D00 0.0158 277 545 370 636
D00 0.0158 213 606 341 705
D00 0.0158 367 453 467 594
D00 0.0158 169 677 266 720
D00 0.0157 446 566 487 627
D00 0.0154 371 434 427 521
D00 0.0153 57 550 107 587
D00 0.0152 395 557 488 624
D00 0.0150 344 455 388 502
D00 0.0150 326 477 360 554
D00 0.0150 303 521 363 582
D00 0.0148 122 473 282 673
D00 0.0148 384 412 413 459
D00 0.0147 218 479 313 626
D00 0.0146 2 471 70 592
D00 0.0146 19 552 84 677
D00 0.0146 330 521 374 567
D00 0.0145 134 683 217 720
D00 0.0145 152 609 285 677
D00 0.0143 437 537 591 716
D00 0.0143 313 479 350 553
D00 0.0143 379 461 421 533
D00 0.0143 3 460 135 674
D00 0.0143 408 518 482 616
D00 0.0143 342 413 409 488
D00 0.0142 30 541 168 602
D00 0.0142 399 462 441 530
D00 0.0141 506 655 686 720
D00 0.0140 367 423 406 464
D00 0.0140 0 590 165 720
D00 0.0140 339 465 394 536
D00 0.0139 472 660 554 720
D00 0.0139 325 516 382 606
D00 0.0139 2 531 68 648
D00 0.0138 232 538 348 604
D00 0.0136 485 483 540 589
D00 0.0136 249 400 426 635
D00 0.0136 348 462 406 496
D00 0.0135 315 449 377 514
D00 0.0134 175 653 240 710
D00 0.0133 246 460 325 573
D00 0.0133 260 560 293 625
D00 0.0133 0 582 74 720
D00 0.0132 198 608 272 704
D00 0.0132 457 502 498 600
D00 0.0131 258 579 291 649
D00 0.0131 270 687 331 719
D00 0.0131 166 675 228 712
D00 0.0131 49 539 96 575
D00 0.0131 317 424 393 500
D00 0.0131 570 688 631 719
D00 0.0130 325 556 407 624
D00 0.0130 565 529 616 626
D00 0.0130 276 494 325 578
D00 0.0129 74 655 229 714
D00 0.0128 147 645 246 699
D00 0.0128 469 688 537 719
D00 0.0128 379 405 417 444
D00 0.0127 46 485 142 578
D00 0.0127 81 453 333 720
D00 0.0127 305 527 456 716
D00 0.0126 354 485 427 600
D00 0.0126 186 677 248 710
D00 0.0126 400 456 463 509
D00 0.0125 360 420 394 478
D00 0.0125 472 506 639 686
D00 0.0124 383 438 414 501
D00 0.0123 6 646 203 720
D00 0.0123 462 471 519 577
D00 0.0123 469 511 531 598
D00 0.0122 332 524 394 579
D00 0.0122 151 544 292 659
D00 0.0122 422 460 500 575
D00 0.0122 368 465 410 553
D00 0.0122 74 527 108 589
D00 0.0121 347 419 405 446
D00 0.0121 579 648 720 720
D00 0.0121 246 591 281 659
D00 0.0121 338 457 372 524
D00 0.0120 1 419 34 473
D00 0.0120 243 435 377 491
D00 0.0120 286 536 329 617
D00 0.0120 159 531 329 614
D00 0.0119 348 513 379 572
D00 0.0119 667 563 717 665
D00 0.0119 48 555 121 599
D00 0.0118 252 662 328 720
D00 0.0118 637 687 720 720
D00 0.0117 234 604 271 665
D00 0.0116 359 410 414 438
D00 0.0116 371 460 404 516
D00 0.0116 359 458 393 517
D00 0.0116 437 676 545 720
D00 0.0115 286 508 357 560
D00 0.0115 14 429 98 468
D00 0.0115 224 452 360 517
D00 0.0115 404 460 460 552
D00 0.0115 435 539 484 602
D00 0.0114 0 626 114 720
D00 0.0114 201 628 262 683
D00 0.0114 471 518 575 641
D00 0.0114 9 463 147 549
D00 0.0114 464 603 634 720
D00 0.0114 259 609 382 710
D00 0.0113 5 442 149 517
D00 0.0113 353 407 421 468
D00 0.0113 204 517 335 582
D00 0.0113 63 545 102 620
D00 0.0113 292 535 350 595
D00 0.0112 344 434 389 481
D00 0.0112 394 412 423 457
D00 0.0110 220 623 266 669
D00 0.0110 632 71 720 250
D00 0.0110 397 661 537 717
D00 0.0110 211 654 343 715
D00 0.0110 266 504 312 589
D00 0.0109 291 492 330 559
D00 0.0109 395 440 425 502
D00 0.0109 564 660 635 720
D00 0.0109 461 530 493 591
D00 0.0109 57 497 89 559
D00 0.0109 269 578 301 646
D00 0.0108 0 410 184 720
D00 0.0108 286 683 370 720
D00 0.0108 333 445 381 492
D00 0.0108 280 557 313 622
D00 0.0108 167 617 260 720
D00 0.0108 591 689 657 719
D00 0.0108 297 488 344 538
D00 0.0106 530 684 621 720
D00 0.0106 299 539 389 671
D00 0.0106 415 578 480 635
D00 0.0106 197 652 259 707
D00 0.0105 43 512 85 559
D00 0.0104 24 543 98 592
D00 0.0104 255 589 315 655
D00 0.0103 1 660 35 720
D00 0.0103 312 535 374 592
D00 0.0103 0 574 55 669
D00 0.0102 333 532 419 598
D00 0.0102 524 543 681 720
D00 0.0102 0 401 63 474
D00 0.0102 581 671 622 718
D00 0.0102 501 487 597 616
D00 0.0102 302 565 386 634
D00 0.0102 49 528 96 561
D00 0.0102 395 410 540 600
D00 0.0102 447 575 516 691
D00 0.0102 234 684 320 720
D00 0.0102 226 543 307 621
D00 0.0102 267 672 310 716
D00 0.0102 348 428 403 456
D00 0.0102 47 518 194 587
D00 0.0101 176 648 255 688
D00 0.0101 242 559 334 624
D00 0.0101 394 425 446 518
D00 0.0101 203 682 254 720
D00 0.0100 394 478 448 584
D00 0.0100 448 456 509 540
D00 0.0100 415 463 448 516
D00 0.0100 423 456 489 508
D00 0.0100 503 662 589 720
D10 0.0521 414 556 513 604
D10 0.0341 416 566 493 592
D10 0.0249 374 546 508 595
D10 0.0235 407 431 479 452
D10 0.0222 347 558 483 602
D10 0.0214 321 540 385 570
D10 0.0212 358 474 422 503
D10 0.0197 331 530 395 561
D10 0.0195 389 430 454 452
D10 0.0191 26 547 274 642
D10 0.0191 384 566 470 590
D10 0.0191 227 637 315 671
D10 0.0190 381 564 502 617
D10 0.0189 341 562 437 596
D10 0.0181 314 529 372 562
D10 0.0179 368 465 429 497
D10 0.0178 399 556 479 584
D10 0.0174 238 626 328 664
D10 0.0169 337 544 465 591
D10 0.0168 329 535 420 574
D10 0.0167 321 552 387 580
D10 0.0166 409 422 477 447
D10 0.0162 388 425 504 460
D10 0.0159 340 553 411 581
D10 0.0158 300 539 410 591
D10 0.0158 0 563 223 670
D10 0.0155 303 539 364 572
D10 0.0154 216 609 341 670
D10 0.0152 310 555 423 604
D10 0.0150 3 561 114 620
D10 0.0149 371 482 432 512
D10 0.0148 301 552 364 581
D10 0.0146 331 566 400 592
D10 0.0145 259 586 389 646
D10 0.0145 42 565 204 618
D10 0.0145 361 555 437 582
D10 0.0145 42 534 250 607
D10 0.0144 0 134 80 162
D10 0.0144 230 630 293 663
D10 0.0143 352 531 419 560
D10 0.0140 266 561 390 629
D10 0.0139 74 580 273 662
D10 0.0139 211 632 341 693
D10 0.0134 291 587 454 640
D10 0.0134 301 559 388 596
D10 0.0133 27 623 230 708
D10 0.0131 219 642 283 670
D10 0.0126 55 601 251 686
D10 0.0126 86 567 258 622
D10 0.0122 255 610 387 666
D10 0.0120 0 571 133 656
D10 0.0120 403 574 479 604
D10 0.0119 331 566 449 616
D10 0.0118 338 518 457 572
D10 0.0118 324 517 380 554
D10 0.0118 261 644 331 667
D10 0.0117 0 574 83 632
D10 0.0117 289 564 352 591
D10 0.0116 442 431 511 453
D10 0.0116 204 629 299 678
D10 0.0115 127 533 313 612
D10 0.0115 145 635 252 688
D10 0.0113 397 414 514 451
D10 0.0113 432 421 500 446
D10 0.0111 263 537 362 597
D10 0.0109 344 519 405 552
D10 0.0108 363 541 434 572
D10 0.0108 466 472 552 510
D10 0.0106 323 571 409 610
D10 0.0106 46 587 206 645
D10 0.0105 304 516 358 554
D10 0.0105 295 528 351 562
D10 0.0104 282 552 339 583
D10 0.0103 197 555 309 608
D10 0.0102 2 595 166 686
D10 0.0101 361 530 491 584
D10 0.0100 0 586 60 616
D20 0.1015 229 470 637 648
D20 0.0780 286 522 548 616
D20 0.0776 20 465 655 697
D20 0.0698 280 468 516 587
D20 0.0574 357 499 632 630
D20 0.0568 382 478 548 614
D20 0.0542 87 449 513 638
D20 0.0517 220 490 487 632
D20 0.0493 183 516 532 677
D20 0.0471 325 538 613 664
D20 0.0465 260 466 403 616
D20 0.0454 331 450 553 546
D20 0.0448 0 507 387 703
D20 0.0445 220 539 720 720
D20 0.0445 315 554 527 627
D20 0.0375 274 503 434 591
D20 0.0356 172 458 431 597
D20 0.0340 435 486 598 615
D20 0.0333 266 516 435 646
D20 0.0316 117 494 392 637
D20 0.0313 334 545 508 603
D20 0.0311 199 417 575 604
D20 0.0306 327 450 455 570
D20 0.0300 16 449 347 608
D20 0.0290 369 484 689 695
D20 0.0288 408 585 678 706
D20 0.0272 398 460 590 573
D20 0.0263 159 383 720 652
D20 0.0263 301 515 408 572
D20 0.0260 364 456 512 515
D20 0.0259 240 439 420 560
D20 0.0259 254 565 506 654
D20 0.0256 128 564 473 711
D20 0.0247 348 465 456 515
D20 0.0245 227 538 379 677
D20 0.0239 28 586 304 709
D20 0.0238 445 540 699 676
D20 0.0234 350 432 574 516
D20 0.0228 314 519 474 582
D20 0.0227 248 585 536 701
D20 0.0227 298 431 501 527
D20 0.0226 14 500 240 601
D20 0.0223 350 453 490 621
D20 0.0219 390 421 452 448
D20 0.0219 370 519 516 589
D20 0.0214 2 466 252 676
D20 0.0207 283 539 417 603
D20 0.0198 292 564 454 624
D20 0.0197 346 469 488 540
D20 0.0196 442 648 656 720
D20 0.0196 160 586 358 689
D20 0.0194 67 419 411 561
D20 0.0191 284 500 377 569
D20 0.0187 454 467 551 602
D20 0.0184 38 526 300 620
D20 0.0184 0 423 84 474
D20 0.0181 365 439 512 494
D20 0.0179 496 493 720 720
D20 0.0177 329 468 528 686
D20 0.0175 0 198 669 710
D20 0.0175 0 0 489 353
D20 0.0173 137 542 342 661
D20 0.0172 386 511 512 650
D20 0.0171 201 0 720 353
D20 0.0171 227 433 461 716
D20 0.0167 381 571 498 630
D20 0.0166 3 422 154 493
D20 0.0165 389 477 495 580
D20 0.0161 370 415 480 453
D20 0.0160 166 446 378 542
D20 0.0160 335 493 414 570
D20 0.0159 0 142 348 720
D20 0.0159 108 483 345 583
D20 0.0158 192 610 394 708
D20 0.0156 375 142 720 720
D20 0.0155 300 398 684 591
D20 0.0155 325 503 380 591
D20 0.0154 295 546 392 632
D20 0.0153 274 524 376 585
D20 0.0151 21 18 720 530
D20 0.0150 317 490 412 625
D20 0.0150 155 632 355 720
D20 0.0148 279 558 412 659
D20 0.0146 229 432 389 504
D20 0.0145 388 416 427 452
D20 0.0142 330 435 454 496
D20 0.0141 423 457 533 508
D20 0.0141 413 429 607 649
D20 0.0139 537 640 720 720
D20 0.0137 484 519 646 647
D20 0.0136 360 644 575 720
D20 0.0135 140 432 377 708
D20 0.0134 380 507 568 720
D20 0.0134 372 426 450 456
D20 0.0134 216 604 311 666
D20 0.0132 0 473 149 595
D20 0.0130 384 435 459 509
D20 0.0128 0 536 201 720
D20 0.0128 10 432 122 477
D20 0.0126 359 566 527 691
D20 0.0125 0 629 249 720
D20 0.0122 253 630 520 720
D20 0.0121 0 403 288 548
D20 0.0120 331 469 430 530
D20 0.0118 412 444 510 567
D20 0.0117 16 461 220 562
D20 0.0117 546 0 720 269
D20 0.0116 347 361 583 656
D20 0.0115 315 410 528 492
D20 0.0114 382 410 436 439
D20 0.0114 454 468 565 517
D20 0.0112 1 436 188 531
D20 0.0108 463 424 702 630
D20 0.0108 0 0 175 267
D20 0.0107 240 648 400 720
D20 0.0106 254 408 434 501
D20 0.0106 527 470 679 666
D20 0.0106 506 499 625 610
D20 0.0105 339 413 434 459
D20 0.0103 0 603 108 720
D20 0.0102 0 386 113 537
D20 0.0102 346 507 403 592
D20 0.0102 234 592 340 655
D20 0.0102 458 0 720 175
D20 0.0101 375 416 445 476
D20 0.0101 265 573 379 630
D20 0.0100 0 514 132 626
D20 0.0100 356 507 439 579
D40 0.0759 443 564 510 592
D40 0.0692 430 555 526 602
D40 0.0665 404 534 569 611
D40 0.0600 418 560 547 621
D40 0.0485 348 553 536 626
D40 0.0449 438 570 500 604
D40 0.0390 436 506 529 600
D40 0.0383 451 550 542 591
D40 0.0358 430 547 607 628
D40 0.0330 300 565 646 709
D40 0.0300 387 473 504 524
D40 0.0288 446 533 515 631
D40 0.0286 468 557 525 594
D40 0.0284 391 453 564 524
D40 0.0279 386 555 584 657
D40 0.0276 379 475 443 506
D40 0.0270 456 554 495 603
D40 0.0256 357 466 468 515
D40 0.0255 4 440 70 472
D40 0.0246 431 574 502 625
D40 0.0236 486 552 551 585
D40 0.0236 444 560 488 613
D40 0.0235 452 518 583 591
D40 0.0227 399 581 527 640
D40 0.0225 411 509 523 651
D40 0.0218 477 532 558 597
D40 0.0217 390 483 454 514
D40 0.0210 432 465 533 555
D40 0.0203 488 681 601 720
D40 0.0203 412 483 525 537
D40 0.0202 393 506 498 596
D40 0.0201 453 482 550 583
D40 0.0201 414 478 514 583
D40 0.0199 459 455 581 509
D40 0.0199 420 431 581 497
D40 0.0194 408 484 480 515
D40 0.0187 2 430 118 486
D40 0.0182 461 546 509 609
D40 0.0181 447 480 532 521
D40 0.0179 0 433 41 476
D40 0.0176 422 470 514 511
D40 0.0175 443 656 619 720
D40 0.0175 435 552 486 592
D40 0.0173 407 469 454 511
D40 0.0173 497 527 600 613
D40 0.0172 331 460 432 517
D40 0.0171 387 439 536 492
D40 0.0171 433 484 503 515
D40 0.0168 0 423 66 481
D40 0.0166 380 429 440 453
D40 0.0164 501 534 545 581
D40 0.0164 419 460 606 569
D40 0.0158 457 571 528 602
D40 0.0158 393 488 476 528
D40 0.0155 386 469 460 545
D40 0.0155 365 467 411 509
D40 0.0155 486 557 573 596
D40 0.0155 6 400 157 477
D40 0.0147 405 617 618 717
D40 0.0141 407 538 483 629
D40 0.0139 458 473 578 535
D40 0.0137 445 439 627 531
D40 0.0136 425 566 477 609
D40 0.0135 311 587 485 639
D40 0.0135 389 462 479 501
D40 0.0135 423 495 490 523
D40 0.0134 341 412 648 564
D40 0.0133 207 616 300 672
D40 0.0130 458 529 520 590
D40 0.0128 495 508 569 586
D40 0.0128 486 432 599 488
D40 0.0127 415 443 713 605
D40 0.0126 528 689 604 719
D40 0.0126 12 432 79 464
D40 0.0124 275 571 370 654
D40 0.0123 478 485 541 515
D40 0.0122 520 685 571 720
D40 0.0121 454 475 522 506
D40 0.0121 223 630 282 664
D40 0.0120 388 424 428 459
D40 0.0120 444 487 490 530
D40 0.0120 360 581 559 685
D40 0.0120 320 531 365 575
D40 0.0117 477 510 640 598
D40 0.0116 453 571 628 648
D40 0.0116 394 492 497 552
D40 0.0115 501 561 632 625
D40 0.0114 485 525 559 569
D40 0.0114 503 445 592 519
D40 0.0113 556 549 622 627
D40 0.0113 447 495 512 524
D40 0.0111 399 485 442 530
D40 0.0109 471 489 548 530
D40 0.0109 443 586 491 632
D40 0.0108 472 557 541 614
D40 0.0107 245 445 352 492
D40 0.0106 468 542 533 577
D40 0.0106 0 408 98 472
D40 0.0104 395 578 484 624
D40 0.0104 0 368 195 459
D40 0.0103 0 631 170 720
D40 0.0102 382 628 547 705
D40 0.0102 493 541 531 593
D40 0.0101 203 636 278 675
D40 0.0101 315 572 419 646
D40 0.0100 470 447 543 545
D40 0.0100 408 395 597 481
