D00 0.1005 188 388 254 430
D00 0.0919 136 370 271 450
D00 0.0726 73 363 268 471
D00 0.0640 43 332 364 630
D00 0.0639 33 348 387 494
D00 0.0637 0 330 232 695
D00 0.0546 142 306 275 443
D00 0.0543 33 389 185 648
D00 0.0538 180 354 255 432
D00 0.0480 289 359 473 680
D00 0.0478 71 355 225 595
D00 0.0478 168 324 418 703
D00 0.0465 164 383 246 456
D00 0.0463 16 344 224 510
D00 0.0455 150 358 297 484
D00 0.0435 128 398 248 468
D00 0.0430 21 372 318 550
D00 0.0422 123 381 269 656
D00 0.0397 126 329 267 532
D00 0.0383 352 389 494 653
D00 0.0377 379 392 560 704
D00 0.0373 268 419 407 689
D00 0.0372 71 430 223 683
D00 0.0369 173 379 320 657
D00 0.0357 114 422 366 691
D00 0.0347 173 382 315 445
D00 0.0345 73 268 327 476
D00 0.0337 4 434 142 678
D00 0.0330 0 518 111 707
D00 0.0324 379 364 484 556
D00 0.0324 235 376 439 555
D00 0.0324 171 314 395 484
D00 0.0315 1 356 150 591
D00 0.0313 231 533 332 720
D00 0.0309 409 408 511 598
D00 0.0307 329 396 456 594
D00 0.0307 102 393 229 508
D00 0.0304 0 381 52 481
D00 0.0297 211 355 371 593
D00 0.0284 147 310 340 563
D00 0.0279 209 380 261 424
D00 0.0277 513 415 697 704
D00 0.0274 433 442 535 644
D00 0.0269 311 299 453 518
D00 0.0267 0 360 90 547
D00 0.0264 214 465 448 710
D00 0.0261 639 486 720 697
D00 0.0260 194 353 296 438
D00 0.0259 187 285 306 450
D00 0.0258 191 390 232 443
D00 0.0257 293 416 424 539
D00 0.0256 365 381 551 568
D00 0.0255 433 351 676 713
D00 0.0251 405 391 453 496
D00 0.0250 443 431 587 688
D00 0.0249 169 335 277 418
D00 0.0247 322 354 424 490
D00 0.0245 172 404 237 435
D00 0.0244 21 534 181 696
D00 0.0243 406 416 470 550
D00 0.0243 376 399 452 521
D00 0.0243 163 369 255 516
D00 0.0240 367 347 457 496
D00 0.0238 0 344 139 489
D00 0.0238 270 384 411 492
D00 0.0238 193 375 256 467
D00 0.0236 269 549 332 685
D00 0.0233 250 569 315 702
D00 0.0230 18 553 88 681
D00 0.0229 0 267 253 545
D00 0.0226 4 393 67 520
D00 0.0224 355 277 398 380
D00 0.0224 265 532 370 720
D00 0.0222 586 441 715 687
D00 0.0222 658 524 714 666
D00 0.0222 399 452 481 632
D00 0.0220 0 233 53 288
D00 0.0219 2 412 34 476
D00 0.0213 411 476 510 700
D00 0.0213 0 316 72 474
D00 0.0212 232 255 428 505
D00 0.0209 430 439 492 574
D00 0.0208 173 376 342 520
D00 0.0207 193 367 245 417
D00 0.0204 364 297 390 365
D00 0.0204 485 404 635 659
D00 0.0204 54 508 144 675
D00 0.0204 76 424 212 488
D00 0.0204 0 604 56 703
D00 0.0202 315 425 391 499
D00 0.0202 248 473 353 676
D00 0.0198 208 219 273 246
D00 0.0198 353 294 430 480
D00 0.0198 399 292 535 524
D00 0.0198 80 415 203 538
D00 0.0198 27 269 193 475
D00 0.0195 6 390 99 483
D00 0.0195 393 430 447 541
D00 0.0194 338 238 509 519
D00 0.0194 420 304 599 592
D00 0.0194 0 239 99 287
D00 0.0193 156 557 311 711
D00 0.0190 0 399 173 519
D00 0.0189 27 490 123 649
D00 0.0185 120 408 204 481
D00 0.0184 401 424 443 504
D00 0.0182 77 445 167 609
D00 0.0182 199 340 342 452
D00 0.0181 6 423 104 586
D00 0.0179 451 461 515 596
D00 0.0179 99 375 216 463
D00 0.0179 544 298 720 671
D00 0.0177 154 386 219 474
D00 0.0173 5 248 69 280
D00 0.0173 648 445 719 614
D00 0.0173 637 505 699 643
D00 0.0172 1 255 80 294
D00 0.0172 324 256 419 462
D00 0.0172 195 294 269 424
D00 0.0169 16 464 142 597
D00 0.0168 521 515 627 720
D00 0.0167 204 374 402 465
D00 0.0165 467 501 659 701
D00 0.0164 428 397 488 528
D00 0.0161 103 584 267 715
D00 0.0161 176 377 233 425
D00 0.0160 353 433 431 570
D00 0.0160 9 400 42 468
D00 0.0157 590 356 715 610
D00 0.0157 304 433 396 610
D00 0.0155 146 409 226 458
D00 0.0155 373 296 399 364
D00 0.0155 623 557 710 711
D00 0.0155 228 553 297 684
D00 0.0154 666 578 715 687
D00 0.0154 1 334 51 440
D00 0.0154 363 259 408 361
D00 0.0153 342 311 403 454
D00 0.0153 15 596 141 709
D00 0.0152 207 482 316 676
D00 0.0151 363 482 469 695
D00 0.0151 381 452 450 594
D00 0.0151 288 569 352 703
D00 0.0150 37 574 109 697
D00 0.0149 128 329 234 426
D00 0.0148 156 350 230 445
D00 0.0147 356 247 426 408
D00 0.0147 463 500 548 684
D00 0.0147 418 366 463 478
D00 0.0146 199 402 263 432
D00 0.0146 452 479 560 619
D00 0.0146 271 279 390 480
D00 0.0145 416 422 446 489
D00 0.0145 2 532 71 658
D00 0.0145 363 298 408 398
D00 0.0145 318 339 387 471
D00 0.0145 446 392 561 585
D00 0.0145 432 496 492 642
D00 0.0144 639 359 720 556
D00 0.0143 211 330 266 439
D00 0.0142 182 405 249 452
D00 0.0142 386 533 488 720
D00 0.0141 350 360 400 469
D00 0.0141 47 407 157 557
D00 0.0141 491 325 633 565
D00 0.0140 667 366 716 474
D00 0.0139 396 375 510 505
D00 0.0139 541 320 677 562
D00 0.0139 25 247 113 283
D00 0.0138 422 425 537 551
D00 0.0138 195 540 285 695
D00 0.0138 0 258 104 451
D00 0.0137 293 549 343 656
D00 0.0137 197 207 262 234
D00 0.0136 287 580 327 662
D00 0.0136 0 252 39 295
D00 0.0135 103 490 292 720
D00 0.0135 365 252 457 464
D00 0.0135 297 408 384 483
D00 0.0134 3 439 68 571
D00 0.0134 665 503 717 614
D00 0.0134 0 421 43 522
D00 0.0133 64 485 136 616
D00 0.0133 5 411 66 475
D00 0.0132 246 352 378 507
D00 0.0132 150 412 196 488
D00 0.0132 667 424 715 532
D00 0.0131 395 264 696 547
D00 0.0131 296 455 447 631
D00 0.0131 243 278 283 319
D00 0.0131 134 276 255 401
D00 0.0131 234 439 383 623
D00 0.0130 672 557 710 646
D00 0.0130 666 339 716 433
D00 0.0130 281 459 368 640
D00 0.0129 249 419 379 537
D00 0.0128 326 434 384 534
D00 0.0128 242 545 321 651
D00 0.0128 664 614 717 719
D00 0.0127 90 294 228 467
D00 0.0126 134 421 190 520
D00 0.0126 81 640 248 717
D00 0.0126 442 522 522 708
D00 0.0126 311 513 446 720
D00 0.0125 0 587 76 667
D00 0.0125 475 359 583 551
D00 0.0124 363 461 563 596
D00 0.0124 13 228 83 275
D00 0.0123 240 196 310 220
D00 0.0123 359 453 508 554
D00 0.0123 108 438 179 566
D00 0.0122 481 306 580 483
D00 0.0122 421 423 462 508
D00 0.0121 343 301 393 396
D00 0.0121 219 207 285 233
D00 0.0121 94 540 197 693
D00 0.0120 16 487 92 615
D00 0.0120 618 320 716 504
D00 0.0120 335 232 409 378
D00 0.0120 1 302 51 402
D00 0.0119 216 371 288 480
D00 0.0119 213 566 343 667
D00 0.0118 7 346 93 447
D00 0.0118 87 528 157 660
D00 0.0118 637 445 697 573
D00 0.0118 384 309 442 454
D00 0.0117 0 258 56 309
D00 0.0117 342 217 409 247
D00 0.0117 484 527 575 707
D00 0.0116 18 601 76 702
D00 0.0116 186 395 232 475
D00 0.0116 153 410 223 533
D00 0.0116 438 455 477 545
D00 0.0116 259 414 363 495
D00 0.0115 335 453 407 594
D00 0.0115 23 261 96 290
D00 0.0115 230 274 303 339
D00 0.0115 141 563 238 705
D00 0.0114 599 513 693 681
D00 0.0114 148 621 274 720
D00 0.0114 184 406 275 497
D00 0.0113 63 575 135 696
D00 0.0113 684 636 720 719
D00 0.0113 75 374 184 501
D00 0.0113 520 352 578 474
D00 0.0112 227 389 332 477
D00 0.0112 9 624 45 690
D00 0.0112 214 288 335 415
D00 0.0112 177 257 296 367
D00 0.0112 225 218 257 259
D00 0.0111 571 246 720 534
D00 0.0111 396 292 469 474
D00 0.0111 330 439 423 515
D00 0.0111 260 607 338 711
D00 0.0110 235 312 367 439
D00 0.0110 29 401 114 516
D00 0.0110 303 436 372 489
D00 0.0110 45 563 98 663
D00 0.0110 299 510 388 674
D00 0.0109 219 195 287 219
D00 0.0109 638 275 720 457
D00 0.0109 187 210 255 250
D00 0.0108 409 521 468 667
D00 0.0108 13 370 57 458
D00 0.0108 503 488 594 655
D00 0.0108 221 210 281 251
D00 0.0108 142 427 203 462
D00 0.0108 92 616 168 700
D00 0.0108 543 572 605 706
D00 0.0108 56 524 111 628
D00 0.0108 557 521 679 717
D00 0.0107 333 206 399 234
D00 0.0107 646 206 720 346
D00 0.0107 161 217 240 244
D00 0.0107 0 492 52 592
D00 0.0107 375 225 448 379
D00 0.0107 361 333 411 445
D00 0.0106 372 278 421 374
D00 0.0106 118 432 184 496
D00 0.0106 250 580 348 652
D00 0.0106 209 232 364 450
D00 0.0106 78 506 204 640
D00 0.0105 498 335 600 456
D00 0.0105 445 467 488 559
D00 0.0105 223 273 290 395
D00 0.0105 124 573 297 665
D00 0.0105 510 367 562 463
D00 0.0105 594 233 720 362
D00 0.0104 0 440 37 488
D00 0.0104 179 575 249 698
D00 0.0104 540 596 657 716
D00 0.0104 203 593 273 713
D00 0.0103 99 230 297 402
D00 0.0103 475 222 651 501
D00 0.0103 323 397 372 479
D00 0.0103 162 399 216 444
D00 0.0102 201 618 316 720
D00 0.0102 234 588 365 688
D00 0.0102 6 272 71 299
D00 0.0101 565 590 616 700
D00 0.0101 359 476 427 614
D00 0.0101 241 184 308 210
D00 0.0101 431 544 489 691
D00 0.0101 330 468 381 577
D00 0.0100 417 317 495 486
D00 0.0100 385 498 448 639
D00 0.0100 468 450 537 574
D00 0.0100 242 339 314 453
D00 0.0100 326 483 416 650
D00 0.0100 323 195 388 220
D10 0.0595 299 413 456 500
D10 0.0392 270 428 415 487
D10 0.0376 202 406 433 506
D10 0.0348 334 427 455 483
D10 0.0335 312 444 440 509
D10 0.0324 175 396 243 426
D10 0.0321 108 395 387 519
D10 0.0318 141 383 250 444
D10 0.0297 329 402 577 534
D10 0.0279 359 440 441 471
D10 0.0276 330 431 479 526
D10 0.0273 80 385 235 454
D10 0.0263 301 438 532 580
D10 0.0248 275 446 374 483
D10 0.0243 215 436 454 582
D10 0.0242 44 438 273 586
D10 0.0237 172 373 371 458
D10 0.0236 373 447 488 513
D10 0.0222 41 490 273 642
D10 0.0221 362 450 440 480
D10 0.0221 117 439 371 584
D10 0.0220 383 444 629 582
D10 0.0215 7 377 211 466
D10 0.0214 233 436 403 517
D10 0.0213 327 446 427 486
D10 0.0211 235 406 390 473
D10 0.0208 110 537 358 683
D10 0.0205 393 428 514 490
D10 0.0199 167 487 404 640
D10 0.0196 264 483 492 640
D10 0.0195 369 403 484 475
D10 0.0188 425 443 586 525
D10 0.0188 345 428 427 459
D10 0.0187 211 535 449 684
D10 0.0187 179 401 322 466
D10 0.0187 353 483 589 640
D10 0.0185 371 363 625 496
D10 0.0185 336 439 413 469
D10 0.0179 213 427 362 486
D10 0.0174 305 533 550 686
D10 0.0173 195 364 344 427
D10 0.0171 85 361 236 432
D10 0.0170 419 404 664 537
D10 0.0166 436 484 668 644
D10 0.0166 399 531 644 688
D10 0.0161 157 405 226 436
D10 0.0161 368 435 463 497
D10 0.0159 476 447 700 585
D10 0.0158 448 465 608 552
D10 0.0157 1 593 80 634
D10 0.0154 7 424 127 489
D10 0.0154 181 370 242 407
D10 0.0152 339 455 438 497
D10 0.0152 297 382 423 461
D10 0.0151 120 336 245 412
D10 0.0149 486 454 613 511
D10 0.0148 333 319 575 462
D10 0.0148 351 379 459 459
D10 0.0145 79 415 277 534
D10 0.0144 295 445 388 502
D10 0.0143 251 584 507 707
D10 0.0141 378 428 442 461
D10 0.0139 301 450 450 552
D10 0.0138 160 355 238 398
D10 0.0134 434 455 552 504
D10 0.0134 442 429 567 489
D10 0.0132 144 422 262 489
D10 0.0131 355 466 469 539
D10 0.0130 20 447 151 513
D10 0.0129 508 466 689 547
D10 0.0126 427 470 539 541
D10 0.0126 222 449 357 507
D10 0.0125 264 452 341 479
D10 0.0125 5 689 72 715
D10 0.0124 79 446 200 510
D10 0.0123 452 465 573 516
D10 0.0118 21 560 134 627
D10 0.0117 83 550 249 644
D10 0.0117 14 686 105 717
D10 0.0116 7 678 70 708
D10 0.0116 530 489 720 640
D10 0.0115 121 447 241 510
D10 0.0115 147 436 317 520
D10 0.0115 1 431 79 476
D10 0.0115 22 493 140 562
D10 0.0115 7 536 115 608
D10 0.0114 0 666 105 713
D10 0.0114 304 440 372 475
D10 0.0113 160 383 232 416
D10 0.0111 0 458 140 553
D10 0.0111 267 455 360 494
D10 0.0111 83 457 236 546
D10 0.0110 126 307 223 358
D10 0.0109 0 500 134 599
D10 0.0108 194 382 307 434
D10 0.0106 349 416 421 451
D10 0.0106 6 588 74 618
D10 0.0106 63 481 213 572
D10 0.0106 476 359 705 491
D10 0.0105 381 460 441 490
D10 0.0105 39 470 161 538
D10 0.0105 529 453 664 512
D10 0.0105 61 561 185 628
D10 0.0104 471 416 631 500
D10 0.0104 402 449 455 482
D10 0.0103 2 607 61 639
D10 0.0102 204 339 338 407
D10 0.0102 447 469 534 506
D10 0.0102 331 461 396 490
D10 0.0101 158 310 265 386
D10 0.0101 121 586 256 651
D20 0.1389 26 320 599 692
D20 0.0932 106 335 516 541
D20 0.0768 197 303 673 575
D20 0.0730 0 295 421 568
D20 0.0642 226 356 519 684
D20 0.0636 285 383 470 500
D20 0.0635 211 430 688 699
D20 0.0630 183 365 461 488
D20 0.0553 20 316 335 482
D20 0.0527 10 390 306 704
D20 0.0509 35 366 266 476
D20 0.0486 128 383 438 711
D20 0.0483 251 381 556 557
D20 0.0454 371 323 720 682
D20 0.0432 297 341 604 637
D20 0.0431 312 403 441 479
D20 0.0419 349 368 470 547
D20 0.0417 79 261 457 486
D20 0.0413 240 296 487 518
D20 0.0409 137 323 416 467
D20 0.0384 306 386 441 568
D20 0.0361 0 385 207 495
D20 0.0323 0 530 359 719
D20 0.0313 0 326 235 620
D20 0.0305 20 506 203 693
D20 0.0305 3 203 716 593
D20 0.0288 143 534 632 720
D20 0.0285 29 581 287 705
D20 0.0284 330 310 509 582
D20 0.0282 194 0 709 720
D20 0.0282 364 391 457 490
D20 0.0280 83 319 271 444
D20 0.0279 14 0 529 720
D20 0.0276 178 410 483 612
D20 0.0275 450 446 720 715
D20 0.0271 340 352 442 493
D20 0.0267 317 403 530 524
D20 0.0263 325 364 575 498
D20 0.0229 353 464 597 710
D20 0.0216 0 600 194 710
D20 0.0215 0 304 180 483
D20 0.0212 97 507 293 693
D20 0.0210 75 461 394 667
D20 0.0207 0 0 489 353
D20 0.0205 348 422 661 612
D20 0.0203 215 230 678 467
D20 0.0202 358 557 688 719
D20 0.0201 201 0 720 353
D20 0.0200 285 319 523 467
D20 0.0196 8 223 386 441
D20 0.0190 314 435 506 574
D20 0.0188 422 286 720 549
D20 0.0187 261 203 436 264
D20 0.0184 481 580 713 709
D20 0.0184 543 274 720 707
D20 0.0181 0 446 137 611
D20 0.0179 166 517 401 720
D20 0.0176 199 216 282 249
D20 0.0171 314 209 421 252
D20 0.0166 0 116 292 720
D20 0.0163 235 185 418 243
D20 0.0163 337 179 626 590
D20 0.0161 142 290 318 426
D20 0.0158 0 557 109 706
D20 0.0157 453 0 720 174
D20 0.0156 141 211 284 258
D20 0.0156 14 273 252 428
D20 0.0151 205 583 455 707
D20 0.0150 0 365 139 715
D20 0.0150 0 180 235 504
D20 0.0150 38 627 246 719
D20 0.0149 208 220 321 258
D20 0.0149 257 516 500 720
D20 0.0148 382 418 446 508
D20 0.0147 535 520 678 720
D20 0.0143 0 337 119 514
D20 0.0142 200 259 412 355
D20 0.0142 297 584 559 707
D20 0.0141 139 259 334 364
D20 0.0135 173 205 342 264
D20 0.0133 0 507 152 639
D20 0.0133 228 210 381 259
D20 0.0132 19 465 210 595
D20 0.0131 109 199 308 268
D20 0.0128 342 304 661 483
D20 0.0128 116 237 315 333
D20 0.0126 0 403 150 534
D20 0.0126 0 238 206 317
D20 0.0125 218 216 433 300
D20 0.0124 332 217 401 246
D20 0.0123 0 0 88 139
D20 0.0123 290 198 402 241
D20 0.0123 221 199 329 237
D20 0.0122 324 189 451 243
D20 0.0121 340 403 405 495
D20 0.0120 578 0 720 87
D20 0.0120 165 191 300 238
D20 0.0120 0 254 145 591
D20 0.0120 89 217 296 297
D20 0.0119 392 73 720 630
D20 0.0118 242 193 329 223
D20 0.0118 0 631 142 720
D20 0.0118 634 0 720 132
D20 0.0117 256 457 454 598
D20 0.0114 634 480 720 712
D20 0.0114 113 628 363 720
D20 0.0113 330 219 440 262
D20 0.0112 346 383 427 464
D20 0.0112 466 0 720 352
D20 0.0112 240 206 309 232
D20 0.0111 0 0 175 264
D20 0.0111 190 267 435 431
D20 0.0110 577 631 720 720
D20 0.0108 353 369 506 470
D20 0.0107 0 570 61 661
D20 0.0106 591 0 720 182
D20 0.0105 4 219 230 291
D20 0.0105 339 0 646 155
D20 0.0105 331 201 489 268
D20 0.0104 0 503 54 601
D20 0.0103 80 470 243 634
D20 0.0103 273 196 344 220
D20 0.0103 335 203 416 237
D20 0.0102 6 258 235 347
D20 0.0101 325 183 387 207
D40 0.0408 0 404 211 514
D40 0.0407 68 430 174 483
D40 0.0397 316 413 430 500
D40 0.0351 326 404 402 479
D40 0.0299 363 412 460 505
D40 0.0291 331 421 420 465
D40 0.0268 22 408 190 471
D40 0.0265 208 228 272 254
D40 0.0253 0 223 51 278
D40 0.0250 16 581 235 699
D40 0.0247 402 432 443 480
D40 0.0244 341 410 388 458
D40 0.0226 338 430 446 526
D40 0.0223 184 381 286 432
D40 0.0215 0 228 95 275
D40 0.0215 178 220 280 258
D40 0.0213 47 438 152 494
D40 0.0213 197 219 263 246
D40 0.0207 87 440 155 472
D40 0.0204 307 435 398 493
D40 0.0203 10 568 98 666
D40 0.0201 329 431 380 478
D40 0.0196 156 210 264 249
D40 0.0194 0 235 40 268
D40 0.0194 389 443 440 487
D40 0.0192 5 227 67 257
D40 0.0185 0 555 154 682
D40 0.0183 16 223 100 258
D40 0.0183 89 419 201 476
D40 0.0179 59 554 190 681
D40 0.0179 15 394 130 482
D40 0.0175 4 237 68 267
D40 0.0175 21 209 121 252
D40 0.0173 20 532 228 661
D40 0.0172 7 410 102 503
D40 0.0171 6 614 166 707
D40 0.0169 13 434 166 526
D40 0.0165 84 574 248 664
D40 0.0162 228 228 296 254
D40 0.0159 15 242 122 287
D40 0.0154 143 198 254 238
D40 0.0154 36 218 106 245
D40 0.0152 26 589 120 689
D40 0.0151 82 615 245 707
D40 0.0148 331 228 403 255
D40 0.0147 18 441 207 570
D40 0.0147 206 393 274 424
D40 0.0146 360 426 443 482
D40 0.0146 51 569 146 665
D40 0.0146 55 628 195 699
D40 0.0144 323 450 383 481
D40 0.0142 2 224 158 288
D40 0.0141 340 383 411 464
D40 0.0141 235 284 296 314
D40 0.0140 28 545 120 643
D40 0.0140 313 421 389 471
D40 0.0139 111 599 218 653
D40 0.0139 56 446 185 511
D40 0.0139 346 431 398 475
D40 0.0139 144 357 245 422
D40 0.0138 94 593 200 687
D40 0.0137 25 235 113 269
D40 0.0137 228 218 297 245
D40 0.0135 0 246 41 280
D40 0.0134 75 449 144 480
D40 0.0131 217 220 334 258
D40 0.0129 226 277 334 324
D40 0.0129 174 228 250 254
D40 0.0128 264 587 328 672
D40 0.0128 10 522 102 622
D40 0.0124 0 547 82 642
D40 0.0124 250 196 320 221
D40 0.0122 16 218 80 246
D40 0.0121 14 652 149 710
D40 0.0120 0 210 35 254
D40 0.0119 213 553 393 685
D40 0.0119 411 419 448 470
D40 0.0118 75 546 169 643
D40 0.0118 42 435 134 474
D40 0.0118 43 227 119 254
D40 0.0117 390 422 441 468
D40 0.0116 130 188 242 228
D40 0.0116 0 610 78 705
D40 0.0116 353 398 393 448
D40 0.0115 1 244 162 311
D40 0.0115 8 635 100 716
D40 0.0115 287 608 325 658
D40 0.0114 0 527 67 606
D40 0.0114 75 652 216 710
D40 0.0113 89 413 153 494
D40 0.0112 43 488 241 617
D40 0.0112 250 206 320 232
D40 0.0112 83 616 157 699
D40 0.0111 34 220 144 260
D40 0.0111 343 223 428 259
D40 0.0110 23 522 172 621
D40 0.0108 100 184 275 241
D40 0.0108 112 432 168 477
D40 0.0108 111 617 216 676
D40 0.0107 159 206 238 232
D40 0.0106 13 202 182 264
D40 0.0106 100 197 207 237
D40 0.0106 40 561 159 627
D40 0.0106 40 376 160 464
D40 0.0104 33 253 156 296
D40 0.0104 241 213 330 246
D40 0.0104 38 463 132 519
D40 0.0104 90 210 249 257
D40 0.0104 244 292 307 322
D40 0.0102 3 544 48 590
D40 0.0102 171 355 224 400
D40 0.0101 328 170 387 198
D40 0.0101 253 284 318 316
D40 0.0101 57 404 143 514
D40 0.0101 358 408 408 457
D40 0.0101 199 236 262 262
D40 0.0100 251 228 321 254
D40 0.0100 203 282 307 333
D40 0.0100 76 454 161 497
D40 0.0100 9 196 97 271
D40 0.0100 141 338 237 399
