D00 0.1332 336 467 447 695
D00 0.1053 317 551 435 684
D00 0.0948 370 577 421 675
D00 0.0849 361 529 428 670
D00 0.0766 509 566 566 678
D00 0.0743 240 578 442 701
D00 0.0740 256 492 419 695
D00 0.0719 483 513 603 681
D00 0.0706 380 599 414 668
D00 0.0704 351 489 511 667
D00 0.0670 335 600 431 679
D00 0.0590 506 549 586 637
D00 0.0564 216 537 367 707
D00 0.0505 399 501 583 653
D00 0.0485 492 537 567 622
D00 0.0477 354 578 453 663
D00 0.0458 227 474 345 674
D00 0.0427 189 603 401 713
D00 0.0407 0 627 54 720
D00 0.0402 571 541 692 706
D00 0.0391 524 541 610 621
D00 0.0379 343 544 473 649
D00 0.0375 292 580 422 662
D00 0.0373 2 506 260 712
D00 0.0371 0 561 76 713
D00 0.0368 616 565 707 703
D00 0.0368 264 626 407 697
D00 0.0367 503 559 549 645
D00 0.0359 94 535 195 720
D00 0.0357 336 506 417 654
D00 0.0334 373 547 441 642
D00 0.0330 517 577 552 650
D00 0.0329 381 492 535 609
D00 0.0327 355 607 416 664
D00 0.0319 533 560 621 642
D00 0.0317 388 589 423 661
D00 0.0313 0 559 153 716
D00 0.0312 348 590 512 681
D00 0.0311 377 589 419 641
D00 0.0309 478 521 562 595
D00 0.0307 390 550 464 674
D00 0.0305 249 529 316 670
D00 0.0301 154 483 331 623
D00 0.0300 159 562 332 715
D00 0.0293 361 609 449 695
D00 0.0291 505 591 550 672
D00 0.0291 254 590 358 691
D00 0.0288 519 476 680 683
D00 0.0288 482 549 555 673
D00 0.0288 190 508 389 645
D00 0.0285 256 546 420 647
D00 0.0283 2 636 36 703
D00 0.0280 227 627 357 702
D00 0.0279 208 479 302 512
D00 0.0271 465 491 569 625
D00 0.0262 405 688 465 715
D00 0.0262 367 546 551 646
D00 0.0260 380 488 451 573
D00 0.0259 320 520 447 621
D00 0.0258 351 554 458 716
D00 0.0256 521 579 589 648
D00 0.0253 446 517 546 574
D00 0.0251 66 505 221 643
D00 0.0251 0 621 114 720
D00 0.0249 456 411 656 686
D00 0.0248 591 596 652 702
D00 0.0240 264 505 339 647
D00 0.0239 32 486 183 691
D00 0.0236 123 505 294 705
D00 0.0233 247 497 334 572
D00 0.0225 376 523 477 622
D00 0.0224 282 558 369 685
D00 0.0223 116 569 177 708
D00 0.0223 447 516 546 667
D00 0.0222 663 607 716 715
D00 0.0218 227 555 300 689
D00 0.0216 173 532 313 663
D00 0.0215 214 485 328 534
D00 0.0215 524 570 562 637
D00 0.0214 0 588 44 692
D00 0.0211 62 598 181 716
D00 0.0209 253 562 324 639
D00 0.0208 489 528 539 610
D00 0.0201 124 495 258 609
D00 0.0201 412 675 453 713
D00 0.0201 111 588 285 719
D00 0.0200 0 666 40 715
D00 0.0199 246 599 320 710
D00 0.0199 0 659 89 719
D00 0.0198 516 555 597 602
D00 0.0197 386 578 443 651
D00 0.0196 415 686 493 718
D00 0.0195 423 573 564 684
D00 0.0193 580 571 642 677
D00 0.0192 127 633 179 720
D00 0.0192 82 483 215 580
D00 0.0192 603 615 686 702
D00 0.0192 306 596 397 697
D00 0.0190 226 509 301 641
D00 0.0189 3 523 97 683
D00 0.0189 79 472 369 720
D00 0.0188 420 539 565 603
D00 0.0185 200 466 284 519
D00 0.0184 385 610 428 686
D00 0.0184 194 483 270 508
D00 0.0182 86 488 192 536
D00 0.0180 237 516 315 593
D00 0.0179 120 518 208 674
D00 0.0175 513 548 554 615
D00 0.0173 408 533 509 677
D00 0.0173 112 534 179 658
D00 0.0171 30 504 175 605
D00 0.0171 354 536 459 602
D00 0.0170 281 515 360 593
D00 0.0169 496 558 533 621
D00 0.0167 232 583 349 653
D00 0.0167 387 514 432 599
D00 0.0166 174 629 315 704
D00 0.0164 93 552 161 686
D00 0.0163 543 515 607 602
D00 0.0163 10 520 147 633
D00 0.0162 429 496 515 568
D00 0.0159 554 552 608 631
D00 0.0159 382 581 531 657
D00 0.0158 208 604 330 682
D00 0.0158 423 558 562 633
D00 0.0158 472 503 537 586
D00 0.0158 335 572 427 642
D00 0.0157 1 605 34 675
D00 0.0156 683 626 720 708
D00 0.0155 464 562 579 718
D00 0.0152 401 492 483 570
D00 0.0152 73 556 278 685
D00 0.0150 524 691 589 719
D00 0.0150 636 608 703 710
D00 0.0150 401 503 460 603
D00 0.0149 377 616 426 656
D00 0.0149 536 501 639 639
D00 0.0149 264 537 310 627
D00 0.0148 212 498 299 572
D00 0.0148 133 599 196 715
D00 0.0147 108 499 213 547
D00 0.0147 137 558 236 714
D00 0.0147 501 467 623 626
D00 0.0146 386 673 485 715
D00 0.0146 637 242 720 440
D00 0.0142 194 586 295 716
D00 0.0142 137 531 213 604
D00 0.0142 395 595 465 698
D00 0.0141 98 508 197 596
D00 0.0140 385 578 428 628
D00 0.0139 322 493 386 586
D00 0.0138 272 549 341 629
D00 0.0137 0 687 55 719
D00 0.0137 288 639 373 710
D00 0.0136 528 567 583 615
D00 0.0135 126 487 239 535
D00 0.0134 25 578 114 704
D00 0.0132 0 603 89 681
D00 0.0132 439 691 510 717
D00 0.0132 331 616 411 713
D00 0.0131 76 529 177 619
D00 0.0130 365 541 417 624
D00 0.0130 102 572 170 648
D00 0.0128 255 573 299 648
D00 0.0127 503 692 569 718
D00 0.0127 535 687 623 720
D00 0.0126 188 525 296 619
D00 0.0126 462 529 529 562
D00 0.0125 457 571 527 684
D00 0.0125 84 508 191 558
D00 0.0124 0 437 203 638
D00 0.0123 395 599 440 675
D00 0.0123 380 689 445 715
D00 0.0122 119 581 162 663
D00 0.0122 5 491 101 618
D00 0.0122 224 640 313 719
D00 0.0121 416 528 530 584
D00 0.0121 603 573 663 680
D00 0.0121 309 504 356 580
D00 0.0119 642 527 720 694
D00 0.0117 189 475 274 538
D00 0.0117 0 554 55 652
D00 0.0116 456 547 537 626
D00 0.0116 495 683 597 720
D00 0.0116 252 526 300 608
D00 0.0116 2 517 68 634
D00 0.0115 368 627 493 720
D00 0.0114 290 628 356 691
D00 0.0114 634 178 720 369
D00 0.0114 157 520 233 597
D00 0.0113 274 526 321 611
D00 0.0112 190 475 291 596
D00 0.0112 123 552 201 625
D00 0.0112 0 635 70 683
D00 0.0112 199 490 285 526
D00 0.0112 586 652 666 712
D00 0.0112 545 386 720 682
D00 0.0111 89 654 175 720
D00 0.0110 270 572 305 633
D00 0.0109 312 685 394 719
D00 0.0109 106 499 178 526
D00 0.0109 238 513 321 556
D00 0.0108 655 278 715 415
D00 0.0108 62 555 142 686
D00 0.0108 464 534 528 596
D00 0.0108 0 650 44 686
D00 0.0108 136 548 237 637
D00 0.0107 301 665 402 713
D00 0.0107 103 509 177 536
D00 0.0104 377 570 477 635
D00 0.0104 660 658 717 713
D00 0.0104 83 454 157 482
D00 0.0103 110 472 178 524
D00 0.0103 509 657 585 720
D00 0.0103 280 611 344 705
D00 0.0103 248 537 343 601
D00 0.0103 278 573 338 674
D00 0.0102 312 509 536 720
D00 0.0102 228 496 307 522
D00 0.0102 189 640 278 720
D00 0.0102 428 678 478 714
D00 0.0102 482 518 520 573
D00 0.0101 430 684 544 720
D00 0.0101 518 668 621 715
D00 0.0101 384 647 455 712
D00 0.0101 377 566 424 615
D00 0.0101 547 549 588 612
D00 0.0100 664 573 715 679
D00 0.0100 178 583 310 649
D00 0.0100 304 624 397 672
D00 0.0100 144 562 290 622
D10 0.0175 516 584 576 617
D10 0.0136 524 595 589 629
D10 0.0133 371 549 469 611
D10 0.0129 523 561 590 594
D10 0.0119 523 574 590 606
D10 0.0116 0 574 85 632
D10 0.0112 0 568 65 609
D10 0.0112 141 667 269 718
D10 0.0112 299 587 421 649
D10 0.0109 532 585 602 618
D10 0.0107 2 640 51 676
D10 0.0101 384 540 492 596
D20 0.2236 107 481 641 684
D20 0.1261 0 507 474 714
D20 0.0750 190 532 708 720
D20 0.0616 31 359 707 697
D20 0.0596 411 551 616 678
D20 0.0555 369 468 718 689
D20 0.0488 338 553 542 678
D20 0.0437 493 534 720 687
D20 0.0380 288 382 720 646
D20 0.0340 125 86 720 720
D20 0.0322 63 403 482 670
D20 0.0302 514 570 618 636
D20 0.0277 106 516 329 633
D20 0.0271 361 599 447 669
D20 0.0271 226 369 550 698
D20 0.0269 418 299 700 697
D20 0.0264 0 0 588 611
D20 0.0261 107 607 338 717
D20 0.0231 0 494 247 720
D20 0.0216 0 196 488 711
D20 0.0216 0 0 489 353
D20 0.0212 201 0 720 353
D20 0.0202 539 435 720 720
D20 0.0202 553 582 720 708
D20 0.0173 0 391 340 634
D20 0.0167 0 602 135 717
D20 0.0157 602 514 720 695
D20 0.0151 0 544 66 720
D20 0.0138 0 600 47 715
D20 0.0138 541 92 720 449
D20 0.0133 0 515 112 699
D20 0.0132 0 0 176 269
D20 0.0132 546 0 720 273
D20 0.0132 0 0 262 176
D20 0.0124 353 0 720 573
D20 0.0121 466 0 720 378
D20 0.0119 486 173 707 563
D20 0.0115 140 517 378 720
D20 0.0114 514 484 573 576
D20 0.0113 453 0 720 174
D20 0.0110 632 0 720 139
D20 0.0108 583 119 709 370
D20 0.0105 556 497 720 636
D20 0.0104 0 531 56 618
D20 0.0103 0 0 86 136
D20 0.0102 328 191 622 652
D20 0.0101 0 651 67 716
D20 0.0100 0 0 124 190
D40 0.2673 238 476 458 560
D40 0.2038 187 476 586 694
D40 0.1913 294 478 448 537
D40 0.1795 224 465 437 524
D40 0.1789 495 538 644 686
D40 0.1773 261 479 374 525
D40 0.1704 309 469 462 605
D40 0.1615 319 467 530 559
D40 0.1613 183 470 505 616
D40 0.1488 320 516 659 693
D40 0.1428 117 457 219 498
D40 0.1412 195 478 392 540
D40 0.1292 497 596 684 700
D40 0.1249 505 585 606 683
D40 0.1204 268 475 479 678
D40 0.1157 318 483 433 571
D40 0.1132 284 470 406 513
D40 0.1123 511 627 646 691
D40 0.1083 350 472 467 548
D40 0.1074 165 462 366 517
D40 0.1013 21 487 467 696
D40 0.0996 496 531 602 624
D40 0.0920 238 471 362 514
D40 0.0908 119 474 432 580
D40 0.0901 267 486 391 571
D40 0.0898 470 509 611 660
D40 0.0875 278 486 365 514
D40 0.0872 354 481 581 580
D40 0.0864 179 552 497 702
D40 0.0838 337 467 441 521
D40 0.0831 144 459 269 502
D40 0.0812 120 464 191 492
D40 0.0811 231 479 397 634
D40 0.0800 457 512 599 594
D40 0.0798 363 488 444 533
D40 0.0790 424 553 701 702
D40 0.0773 269 440 659 654
D40 0.0765 501 627 595 678
D40 0.0750 296 490 385 533
D40 0.0740 277 577 573 693
D40 0.0710 427 475 525 529
D40 0.0710 481 521 583 574
D40 0.0709 289 477 376 503
D40 0.0706 515 556 637 632
D40 0.0694 92 453 301 517
D40 0.0693 374 488 501 534
D40 0.0664 259 459 380 501
D40 0.0656 559 612 673 696
D40 0.0647 352 596 417 678
D40 0.0643 219 493 367 557
D40 0.0625 370 494 537 555
D40 0.0624 198 458 309 505
D40 0.0618 350 458 501 526
D40 0.0603 5 563 380 715
D40 0.0600 498 550 574 675
D40 0.0598 249 596 435 702
D40 0.0592 555 566 666 677
D40 0.0592 280 495 362 527
D40 0.0589 507 641 568 672
D40 0.0589 434 498 572 562
D40 0.0588 345 496 439 601
D40 0.0581 157 479 328 527
D40 0.0579 454 485 520 515
D40 0.0571 511 537 590 576
D40 0.0565 285 500 373 544
D40 0.0562 186 469 274 506
D40 0.0556 510 530 576 564
D40 0.0550 205 435 441 512
D40 0.0550 324 621 417 683
D40 0.0535 306 463 407 498
D40 0.0522 105 473 287 532
D40 0.0521 366 618 411 670
D40 0.0515 207 434 534 562
D40 0.0511 234 487 349 536
D40 0.0508 446 486 549 541
D40 0.0505 513 624 559 669
D40 0.0499 294 499 414 598
D40 0.0498 522 650 669 705
D40 0.0484 399 456 613 620
D40 0.0479 388 496 462 527
D40 0.0478 255 478 346 505
D40 0.0468 217 442 392 493
D40 0.0460 326 475 411 502
D40 0.0455 515 600 576 669
D40 0.0454 95 462 193 508
D40 0.0446 440 470 515 510
D40 0.0437 72 468 384 646
D40 0.0437 313 481 372 520
D40 0.0434 490 485 689 667
D40 0.0433 443 496 513 528
D40 0.0421 160 493 367 616
D40 0.0419 444 564 598 670
D40 0.0418 233 461 338 498
D40 0.0417 47 468 249 545
D40 0.0417 144 437 333 499
D40 0.0414 526 634 581 676
D40 0.0414 353 483 432 518
D40 0.0412 336 499 426 543
D40 0.0407 246 487 336 512
D40 0.0405 433 486 502 518
D40 0.0400 152 488 336 566
D40 0.0400 124 472 204 500
D40 0.0393 18 449 233 522
D40 0.0393 252 499 358 598
D40 0.0389 519 523 600 594
D40 0.0385 98 514 337 702
D40 0.0376 214 474 291 505
D40 0.0372 94 449 192 492
D40 0.0371 402 605 622 697
D40 0.0369 382 497 436 539
D40 0.0369 615 612 705 704
D40 0.0363 290 466 377 492
D40 0.0356 559 569 629 609
D40 0.0352 287 438 485 525
D40 0.0352 461 605 585 673
D40 0.0351 286 449 403 492
D40 0.0351 414 497 566 607
D40 0.0348 86 430 445 545
D40 0.0343 486 559 575 624
D40 0.0342 491 540 567 567
D40 0.0342 547 558 619 601
D40 0.0341 74 427 274 503
D40 0.0341 521 646 614 683
D40 0.0338 532 547 609 589
D40 0.0336 574 579 712 708
D40 0.0336 358 632 426 677
D40 0.0336 540 592 632 679
D40 0.0333 225 451 324 484
D40 0.0331 13 517 212 705
D40 0.0330 463 475 527 505
D40 0.0329 527 623 623 671
D40 0.0329 143 454 247 488
D40 0.0329 382 464 447 525
D40 0.0325 512 577 557 625
D40 0.0324 0 600 175 719
D40 0.0323 327 528 434 587
D40 0.0322 0 486 207 578
D40 0.0320 405 477 476 529
D40 0.0316 437 502 522 542
D40 0.0312 72 483 272 579
D40 0.0310 472 491 525 532
D40 0.0310 557 646 645 689
D40 0.0309 297 471 369 550
D40 0.0309 0 612 96 711
D40 0.0306 498 544 577 587
D40 0.0305 374 467 485 595
D40 0.0304 14 498 275 643
D40 0.0303 215 461 269 501
D40 0.0302 270 490 329 530
D40 0.0301 228 638 397 714
D40 0.0300 505 636 603 711
D40 0.0299 133 601 450 720
D40 0.0299 0 460 314 597
D40 0.0298 112 455 176 485
D40 0.0296 217 481 319 513
D40 0.0295 453 631 586 689
D40 0.0294 501 519 567 555
D40 0.0293 228 436 340 478
D40 0.0293 350 460 433 503
D40 0.0291 319 400 585 613
D40 0.0291 299 511 384 554
D40 0.0287 521 611 609 658
D40 0.0287 514 651 578 678
D40 0.0285 502 567 550 615
D40 0.0284 592 649 709 707
D40 0.0283 370 529 445 611
D40 0.0282 199 453 283 488
D40 0.0281 381 450 548 536
D40 0.0281 369 472 436 509
D40 0.0280 152 474 244 501
D40 0.0279 476 536 567 601
D40 0.0277 366 498 433 562
D40 0.0274 105 633 334 720
D40 0.0272 431 491 482 531
D40 0.0269 193 462 251 500
D40 0.0269 351 547 431 590
D40 0.0268 481 531 555 562
D40 0.0268 124 667 229 718
D40 0.0266 448 463 506 493
D40 0.0266 257 451 357 483
D40 0.0263 483 481 536 519
D40 0.0261 540 542 601 574
D40 0.0260 465 497 536 556
D40 0.0258 569 562 641 643
D40 0.0258 487 488 570 591
D40 0.0258 115 473 214 523
D40 0.0257 345 627 458 691
D40 0.0255 263 494 339 551
D40 0.0254 380 515 537 578
D40 0.0254 425 624 678 720
D40 0.0253 383 619 425 669
D40 0.0253 424 488 515 553
D40 0.0249 280 648 415 707
D40 0.0249 168 461 230 497
D40 0.0248 368 610 437 686
D40 0.0247 547 577 624 624
D40 0.0246 248 626 511 720
D40 0.0242 332 453 418 491
D40 0.0240 4 653 145 715
D40 0.0240 0 521 186 632
D40 0.0238 455 457 533 521
D40 0.0238 272 506 352 538
D40 0.0236 319 441 459 500
D40 0.0235 291 505 373 580
D40 0.0233 538 527 663 651
D40 0.0233 478 503 562 547
D40 0.0232 65 456 177 499
D40 0.0230 524 522 567 574
D40 0.0229 28 478 183 534
D40 0.0229 340 479 398 520
D40 0.0229 501 596 558 681
D40 0.0229 535 516 637 603
D40 0.0228 168 509 275 557
D40 0.0226 345 644 421 686
D40 0.0226 317 507 390 538
D40 0.0226 6 637 44 703
D40 0.0226 330 495 407 528
D40 0.0225 534 532 576 586
D40 0.0222 568 584 626 616
D40 0.0222 241 484 323 586
D40 0.0221 130 506 307 597
D40 0.0221 516 597 558 650
D40 0.0221 493 636 539 673
D40 0.0220 139 656 297 713
D40 0.0219 61 649 235 719
D40 0.0218 0 512 145 590
D40 0.0218 520 587 568 638
D40 0.0218 529 580 603 646
D40 0.0218 487 534 540 575
D40 0.0217 404 458 514 569
D40 0.0212 194 652 335 712
D40 0.0212 549 635 608 678
D40 0.0210 399 483 439 534
D40 0.0209 12 500 157 558
D40 0.0209 346 511 411 576
D40 0.0207 518 618 575 654
D40 0.0207 232 444 382 569
D40 0.0205 468 475 508 528
D40 0.0205 425 465 488 522
D40 0.0204 244 375 508 707
D40 0.0204 402 505 479 532
D40 0.0203 486 496 552 524
D40 0.0203 578 634 632 682
D40 0.0203 358 593 553 679
D40 0.0202 107 529 282 616
D40 0.0201 481 476 625 613
D40 0.0201 508 554 585 604
D40 0.0200 529 514 578 560
D40 0.0199 4 425 209 505
D40 0.0198 457 461 582 574
D40 0.0197 236 458 321 531
D40 0.0196 400 455 506 508
D40 0.0195 122 495 266 556
D40 0.0194 64 509 224 596
D40 0.0194 347 471 415 561
D40 0.0194 311 484 354 538
D40 0.0193 542 600 627 646
D40 0.0193 463 639 554 673
D40 0.0193 184 456 257 484
D40 0.0193 270 522 385 623
D40 0.0191 585 578 634 624
D40 0.0190 259 650 356 707
D40 0.0190 581 563 620 620
D40 0.0189 244 472 308 508
D40 0.0189 446 480 529 580
D40 0.0188 311 645 402 688
D40 0.0187 503 643 547 680
D40 0.0187 118 466 171 504
D40 0.0187 375 641 431 672
D40 0.0187 428 646 599 713
D40 0.0187 1 666 47 714
D40 0.0187 537 605 593 678
D40 0.0186 365 420 613 540
D40 0.0186 320 474 387 562
D40 0.0185 558 537 621 622
D40 0.0184 379 320 628 684
D40 0.0184 507 611 550 661
D40 0.0184 79 497 216 556
D40 0.0184 305 454 385 483
D40 0.0183 201 512 334 583
D40 0.0183 341 540 426 620
D40 0.0182 333 639 406 674
D40 0.0182 498 498 613 567
D40 0.0182 273 436 386 478
D40 0.0181 438 460 501 540
D40 0.0181 311 522 397 565
D40 0.0181 437 452 496 480
D40 0.0179 590 624 652 691
D40 0.0179 0 468 149 547
D40 0.0179 453 458 682 588
D40 0.0178 300 628 390 699
D40 0.0178 362 508 418 552
D40 0.0178 363 535 415 580
D40 0.0178 299 479 343 525
D40 0.0177 0 520 95 573
D40 0.0175 65 550 219 635
D40 0.0175 379 501 477 561
D40 0.0175 313 438 414 483
D40 0.0175 571 553 610 608
D40 0.0174 373 475 423 529
D40 0.0174 577 588 627 638
D40 0.0173 492 554 540 605
D40 0.0173 587 551 682 651
D40 0.0173 163 479 259 512
D40 0.0172 104 643 188 719
D40 0.0171 513 498 571 560
D40 0.0171 116 437 214 480
D40 0.0169 342 509 392 553
D40 0.0168 484 515 540 559
D40 0.0166 285 518 358 548
D40 0.0165 192 436 292 482
D40 0.0165 513 531 557 586
D40 0.0165 500 561 558 598
D40 0.0163 65 499 173 545
D40 0.0162 518 605 625 720
D40 0.0162 580 601 640 674
D40 0.0161 556 611 635 657
D40 0.0161 337 537 404 595
D40 0.0161 259 583 354 641
D40 0.0160 458 485 499 539
D40 0.0160 277 523 363 565
D40 0.0159 393 474 458 508
D40 0.0159 4 568 96 670
D40 0.0159 477 524 529 567
D40 0.0158 5 528 101 617
D40 0.0158 108 459 161 494
D40 0.0158 458 465 496 518
D40 0.0158 137 457 181 498
D40 0.0156 546 521 586 577
D40 0.0156 235 444 315 469
D40 0.0156 514 620 575 698
D40 0.0155 581 663 648 692
D40 0.0155 219 473 300 552
D40 0.0155 52 598 256 720
D40 0.0155 387 534 432 581
D40 0.0154 471 578 566 647
D40 0.0152 308 456 380 531
D40 0.0151 419 444 511 491
D40 0.0151 11 568 171 662
D40 0.0150 137 687 210 717
D40 0.0150 337 491 398 589
D40 0.0150 381 540 419 602
D40 0.0149 489 550 550 581
D40 0.0149 513 508 568 539
D40 0.0148 0 401 347 566
D40 0.0148 450 475 486 529
D40 0.0147 558 542 599 597
D40 0.0147 34 438 178 492
D40 0.0147 444 589 545 677
D40 0.0147 397 451 458 537
D40 0.0147 329 640 480 713
D40 0.0146 14 539 150 604
D40 0.0145 379 552 437 584
D40 0.0145 380 446 485 494
D40 0.0145 365 450 441 486
D40 0.0145 153 434 254 479
D40 0.0144 637 634 720 714
D40 0.0144 367 442 442 513
D40 0.0144 0 530 66 602
D40 0.0143 575 564 632 595
D40 0.0142 138 670 185 715
D40 0.0142 65 520 170 570
D40 0.0142 24 628 160 705
D40 0.0142 524 606 588 639
D40 0.0142 82 539 207 607
D40 0.0141 524 539 567 601
D40 0.0140 42 466 152 513
D40 0.0140 566 552 620 587
D40 0.0138 155 486 263 534
D40 0.0138 299 550 420 605
D40 0.0138 115 681 195 720
D40 0.0138 352 463 406 524
D40 0.0138 347 636 574 719
D40 0.0137 565 605 621 683
D40 0.0137 378 515 435 544
D40 0.0137 312 470 353 514
D40 0.0137 496 514 552 579
D40 0.0137 322 493 362 550
D40 0.0135 185 497 297 549
D40 0.0135 0 644 71 694
D40 0.0135 88 480 174 520
D40 0.0133 425 463 488 491
D40 0.0133 229 536 348 604
D40 0.0133 0 454 132 514
D40 0.0133 380 632 534 689
D40 0.0133 136 541 232 598
D40 0.0133 194 439 331 561
D40 0.0132 239 496 321 523
D40 0.0132 344 533 392 579
D40 0.0132 272 458 349 530
D40 0.0132 110 631 233 705
D40 0.0132 268 443 346 469
D40 0.0132 278 478 318 524
D40 0.0131 375 521 425 567
D40 0.0131 459 519 528 551
D40 0.0130 510 492 558 534
D40 0.0130 232 422 337 463
D40 0.0130 412 683 514 720
D40 0.0129 550 589 607 636
D40 0.0128 385 462 444 492
D40 0.0128 365 430 528 511
D40 0.0128 370 633 406 689
D40 0.0127 0 498 95 551
D40 0.0127 104 561 231 621
D40 0.0127 247 523 330 567
D40 0.0126 395 507 441 552
D40 0.0126 173 453 251 522
D40 0.0126 571 571 612 633
D40 0.0125 424 443 487 468
D40 0.0125 10 602 137 681
D40 0.0125 588 599 636 648
D40 0.0125 378 527 482 590
D40 0.0124 346 528 411 559
D40 0.0124 0 530 61 559
D40 0.0123 387 453 448 477
D40 0.0123 440 560 557 619
D40 0.0123 331 651 436 701
D40 0.0123 237 502 325 543
D40 0.0122 121 451 186 521
D40 0.0121 389 443 450 466
D40 0.0121 199 449 266 512
D40 0.0121 76 565 178 622
D40 0.0121 33 433 133 474
D40 0.0121 419 470 466 515
D40 0.0120 1 535 50 579
D40 0.0120 143 452 200 504
D40 0.0120 479 464 517 516
D40 0.0120 1 556 50 600
D40 0.0119 535 659 628 693
D40 0.0119 51 448 140 483
D40 0.0119 0 515 71 554
D40 0.0119 301 533 388 577
D40 0.0118 627 669 711 708
D40 0.0118 300 493 343 550
D40 0.0118 131 450 169 492
D40 0.0118 0 547 76 644
D40 0.0118 25 522 136 571
D40 0.0117 0 676 105 720
D40 0.0116 409 452 477 476
D40 0.0116 184 519 255 547
D40 0.0114 270 512 325 555
D40 0.0114 499 486 556 513
D40 0.0114 278 571 334 631
D40 0.0113 491 607 578 720
D40 0.0113 426 485 461 534
D40 0.0112 318 444 390 470
D40 0.0112 18 549 127 641
D40 0.0112 288 657 372 700
D40 0.0112 334 468 375 514
D40 0.0112 92 569 249 659
D40 0.0112 313 503 351 561
D40 0.0112 325 425 428 464
D40 0.0111 405 484 454 549
D40 0.0111 189 447 286 537
D40 0.0111 486 475 545 506
D40 0.0111 435 436 534 558
D40 0.0111 501 663 655 720
D40 0.0111 385 658 533 709
D40 0.0111 390 436 498 476
D40 0.0111 249 667 328 713
D40 0.0111 136 441 233 472
D40 0.0110 274 588 320 634
D40 0.0109 0 567 40 610
D40 0.0109 16 489 130 539
D40 0.0109 288 471 330 515
D40 0.0109 387 625 444 681
D40 0.0108 369 602 478 665
D40 0.0108 655 257 715 393
D40 0.0108 343 441 427 473
D40 0.0108 119 485 189 514
D40 0.0107 70 583 172 640
D40 0.0107 491 486 530 543
D40 0.0107 396 546 441 592
D40 0.0107 154 529 261 587
D40 0.0107 127 444 197 470
D40 0.0107 357 436 451 480
D40 0.0107 476 475 567 530
D40 0.0107 334 482 373 540
D40 0.0106 0 524 40 566
D40 0.0106 145 678 220 711
D40 0.0106 550 674 683 720
D40 0.0106 0 477 104 527
D40 0.0106 220 453 283 520
D40 0.0105 0 477 100 581
D40 0.0104 346 460 387 506
D40 0.0104 48 442 122 468
D40 0.0104 371 561 429 591
D40 0.0104 208 444 275 468
D40 0.0103 478 567 537 631
D40 0.0103 359 489 398 549
D40 0.0103 544 591 586 657
D40 0.0103 560 561 601 623
D40 0.0102 189 490 273 527
D40 0.0102 575 662 677 708
D40 0.0102 286 434 367 515
D40 0.0101 581 629 638 663
D40 0.0101 283 417 423 550
D40 0.0101 355 555 407 599
D40 0.0100 262 560 354 623
D40 0.0100 545 620 614 700
D40 0.0100 376 653 434 681
D40 0.0100 52 493 143 530
D40 0.0100 128 660 201 706
