D00 0.0568 422 342 593 600
D00 0.0403 485 406 594 596
D00 0.0337 266 286 303 376
D00 0.0317 274 303 297 362
D00 0.0310 256 306 295 396
D00 0.0303 282 295 305 350
D00 0.0291 412 408 536 595
D00 0.0284 480 552 524 599
D00 0.0279 437 462 581 600
D00 0.0271 395 299 420 348
D00 0.0262 447 535 590 598
D00 0.0258 501 500 598 597
D00 0.0246 352 333 531 600
D00 0.0232 264 331 288 387
D00 0.0231 274 280 311 354
D00 0.0226 0 363 62 394
D00 0.0223 467 571 518 598
D00 0.0219 0 528 45 600
D00 0.0214 394 292 435 365
D00 0.0211 485 570 533 598
D00 0.0204 270 295 302 334
D00 0.0199 456 370 543 537
D00 0.0196 1 549 28 599
D00 0.0193 254 343 281 391
D00 0.0192 154 469 277 597
D00 0.0188 387 294 428 340
D00 0.0187 184 416 294 597
D00 0.0186 395 285 419 331
D00 0.0185 553 528 600 600
D00 0.0184 402 306 428 357
D00 0.0183 429 545 540 596
D00 0.0182 374 256 422 277
D00 0.0182 238 286 303 397
D00 0.0181 487 520 534 600
D00 0.0181 121 348 291 600
D00 0.0181 10 359 67 385
D00 0.0179 273 320 296 382
D00 0.0176 386 302 429 326
D00 0.0175 236 326 291 391
D00 0.0173 459 561 540 600
D00 0.0172 124 451 240 585
D00 0.0169 525 370 600 576
D00 0.0166 227 435 306 595
D00 0.0166 435 341 522 492
D00 0.0165 277 289 308 324
D00 0.0165 180 535 244 600
D00 0.0165 379 345 491 558
D00 0.0164 0 551 74 600
D00 0.0164 0 336 186 600
D00 0.0162 475 514 562 594
D00 0.0160 350 500 386 594
D00 0.0160 371 252 405 280
D00 0.0159 366 248 413 269
D00 0.0158 482 407 553 557
D00 0.0158 362 433 440 600
D00 0.0157 541 482 597 589
D00 0.0157 473 355 600 523
D00 0.0155 362 242 394 272
D00 0.0155 469 522 519 600
D00 0.0154 0 363 32 397
D00 0.0154 358 237 380 275
D00 0.0153 242 525 288 600
D00 0.0152 239 351 277 388
D00 0.0150 0 343 77 386
D00 0.0149 397 456 484 600
D00 0.0148 521 465 584 582
D00 0.0148 83 470 208 599
D00 0.0148 395 315 419 363
D00 0.0146 74 419 262 596
D00 0.0146 273 301 310 392
D00 0.0146 282 310 304 372
D00 0.0145 394 309 437 335
D00 0.0144 0 374 46 400
D00 0.0142 203 544 271 600
D00 0.0142 0 535 129 600
D00 0.0141 396 289 481 438
D00 0.0140 1 566 40 600
D00 0.0139 290 289 314 340
D00 0.0139 187 336 355 600
D00 0.0139 188 558 254 597
D00 0.0136 478 403 523 487
D00 0.0134 138 534 266 600
D00 0.0133 405 494 529 600
D00 0.0132 380 260 414 292
D00 0.0132 572 550 598 599
D00 0.0131 255 298 299 351
D00 0.0131 159 419 268 556
D00 0.0130 329 434 402 600
D00 0.0130 197 500 293 597
D00 0.0129 440 573 495 598
D00 0.0129 205 347 292 390
D00 0.0128 220 378 329 581
D00 0.0128 346 398 421 561
D00 0.0127 282 284 319 372
D00 0.0127 431 530 479 600
D00 0.0127 244 480 296 588
D00 0.0127 0 477 106 599
D00 0.0126 34 492 166 600
D00 0.0125 158 546 224 600
D00 0.0125 464 425 538 583
D00 0.0125 231 365 280 389
D00 0.0124 342 486 378 573
D00 0.0124 358 528 380 588
D00 0.0124 158 515 238 591
D00 0.0124 492 562 545 593
D00 0.0124 382 289 416 323
D00 0.0124 185 573 238 599
D00 0.0123 386 300 413 346
D00 0.0123 265 476 302 559
D00 0.0123 366 246 392 285
D00 0.0123 1 356 43 390
D00 0.0122 204 386 291 545
D00 0.0122 23 347 89 379
D00 0.0121 174 495 256 577
D00 0.0121 516 543 600 596
D00 0.0120 291 407 600 600
D00 0.0120 379 294 421 363
D00 0.0119 375 255 402 297
D00 0.0119 476 581 525 600
D00 0.0118 378 271 420 341
D00 0.0118 331 309 351 358
D00 0.0118 261 321 292 362
D00 0.0117 29 381 149 574
D00 0.0117 61 319 133 348
D00 0.0117 352 465 413 600
D00 0.0117 384 264 411 310
D00 0.0116 387 318 428 348
D00 0.0116 504 445 566 565
D00 0.0116 382 264 430 286
D00 0.0116 269 356 445 600
D00 0.0115 350 509 372 569
D00 0.0115 350 236 371 274
D00 0.0115 488 462 550 584
D00 0.0114 67 387 193 577
D00 0.0114 223 463 282 575
D00 0.0114 413 369 507 532
D00 0.0114 422 322 494 446
D00 0.0114 378 309 422 335
D00 0.0113 0 333 105 396
D00 0.0113 255 464 317 598
D00 0.0112 400 300 447 349
D00 0.0111 445 553 505 599
D00 0.0111 243 384 381 600
D00 0.0111 488 422 533 501
D00 0.0110 388 286 453 406
D00 0.0110 424 369 586 484
D00 0.0110 211 315 297 405
D00 0.0110 222 338 276 385
D00 0.0109 450 367 506 473
D00 0.0108 469 388 514 468
D00 0.0108 0 378 31 414
D00 0.0107 103 426 223 549
D00 0.0107 258 358 290 394
D00 0.0107 166 465 226 574
D00 0.0106 380 296 460 339
D00 0.0106 6 349 59 377
D00 0.0105 3 514 83 594
D00 0.0104 390 278 422 315
D00 0.0104 558 566 596 600
D00 0.0104 349 238 392 262
D00 0.0103 342 343 452 548
D00 0.0103 280 286 323 331
D00 0.0103 52 327 124 355
D00 0.0102 134 548 194 600
D00 0.0102 143 494 218 575
D00 0.0102 174 360 305 515
D00 0.0101 11 573 69 599
D00 0.0101 382 255 555 530
D00 0.0101 324 293 359 371
D00 0.0101 441 358 488 436
D00 0.0100 490 545 565 600
D00 0.0100 488 554 534 583
D00 0.0100 256 268 319 375
D10 0.0180 221 545 273 568
D10 0.0176 271 293 316 316
D10 0.0170 286 285 340 307
D10 0.0166 180 524 277 586
D10 0.0163 271 284 318 307
D10 0.0159 305 284 358 305
D10 0.0151 286 293 339 315
D10 0.0146 253 294 302 317
D10 0.0145 491 542 585 593
D10 0.0145 211 553 265 579
D10 0.0145 380 257 431 277
D10 0.0142 213 533 290 584
D10 0.0142 264 299 304 327
D10 0.0137 279 275 330 297
D10 0.0136 231 535 280 561
D10 0.0135 295 275 351 297
D10 0.0128 252 356 295 385
D10 0.0127 195 540 263 575
D10 0.0126 241 365 287 390
D10 0.0124 521 470 600 518
D10 0.0122 168 505 263 567
D10 0.0122 515 531 599 587
D10 0.0121 399 303 451 326
D10 0.0118 367 293 415 317
D10 0.0117 401 461 489 508
D10 0.0114 194 554 247 580
D10 0.0113 324 284 379 304
D10 0.0112 315 276 367 298
D10 0.0112 488 550 555 588
D10 0.0112 280 266 330 288
D10 0.0111 386 329 429 355
D10 0.0110 202 562 256 593
D10 0.0108 421 442 580 561
D10 0.0107 214 357 269 384
D10 0.0107 307 292 357 313
D10 0.0105 367 302 417 325
D10 0.0105 222 347 276 377
D10 0.0104 503 453 594 500
D10 0.0104 507 554 571 580
D10 0.0104 244 301 296 326
D10 0.0103 222 366 275 389
D10 0.0102 204 531 271 568
D10 0.0101 393 338 439 361
D10 0.0101 251 534 293 561
D10 0.0100 259 365 306 391
D20 0.0232 447 522 600 600
D20 0.0210 222 383 600 600
D20 0.0166 378 453 600 600
D20 0.0162 385 0 600 147
D20 0.0162 52 388 478 596
D20 0.0159 153 533 279 600
D20 0.0155 453 366 600 600
D20 0.0151 0 0 408 294
D20 0.0149 0 354 54 403
D20 0.0147 167 0 600 294
D20 0.0142 508 462 600 600
D20 0.0139 0 454 219 600
D20 0.0138 319 320 600 548
D20 0.0136 0 118 290 600
D20 0.0129 312 118 600 600
D20 0.0126 511 550 600 600
D20 0.0122 0 0 600 434
D20 0.0121 0 236 516 600
D20 0.0120 391 0 600 293
D20 0.0120 481 0 600 73
D20 0.0117 0 0 144 218
D20 0.0117 0 368 147 600
D20 0.0110 140 329 541 550
D20 0.0109 254 0 325 115
D20 0.0108 526 0 600 109
D20 0.0105 307 0 526 212
D20 0.0103 182 505 300 600
D20 0.0100 0 0 265 178
