D00 0.0635 127 474 164 540
D00 0.0620 119 439 193 600
D00 0.0563 160 526 199 600
D00 0.0491 314 363 336 416
D00 0.0479 128 426 192 533
D00 0.0461 350 528 391 600
D00 0.0422 361 559 394 598
D00 0.0399 111 406 227 578
D00 0.0398 149 572 193 597
D00 0.0396 320 369 342 424
D00 0.0384 142 414 208 516
D00 0.0383 528 393 600 440
D00 0.0380 112 474 173 590
D00 0.0379 168 552 193 598
D00 0.0373 71 421 197 589
D00 0.0355 166 431 214 479
D00 0.0352 357 544 383 597
D00 0.0347 133 460 183 545
D00 0.0340 135 477 210 597
D00 0.0339 306 340 341 424
D00 0.0336 333 446 369 536
D00 0.0331 360 573 409 598
D00 0.0329 491 386 600 448
D00 0.0324 183 436 216 473
D00 0.0319 142 512 188 600
D00 0.0317 139 489 166 546
D00 0.0314 340 474 376 558
D00 0.0313 552 402 598 433
D00 0.0292 339 508 378 593
D00 0.0289 312 360 347 446
D00 0.0288 154 431 192 497
D00 0.0279 563 383 600 434
D00 0.0278 136 434 260 600
D00 0.0276 158 563 201 594
D00 0.0271 320 318 344 365
D00 0.0271 341 464 363 523
D00 0.0269 349 473 370 532
D00 0.0266 138 468 167 524
D00 0.0265 329 318 354 364
D00 0.0263 469 526 512 600
D00 0.0260 162 442 201 482
D00 0.0254 312 317 334 366
D00 0.0254 140 482 185 573
D00 0.0251 348 531 374 589
D00 0.0250 325 453 399 600
D00 0.0250 312 318 350 407
D00 0.0248 159 399 206 485
D00 0.0247 178 423 220 496
D00 0.0240 177 424 206 473
D00 0.0230 357 551 413 600
D00 0.0229 313 334 334 390
D00 0.0229 134 554 207 599
D00 0.0228 157 547 222 600
D00 0.0222 543 375 600 456
D00 0.0221 123 489 153 545
D00 0.0217 142 447 182 516
D00 0.0215 436 366 600 439
D00 0.0214 320 345 342 401
D00 0.0210 516 377 600 486
D00 0.0209 305 310 341 391
D00 0.0203 196 430 221 475
D00 0.0198 340 573 390 599
D00 0.0198 321 313 363 357
D00 0.0196 132 497 159 555
D00 0.0195 159 397 300 569
D00 0.0194 303 317 325 366
D00 0.0189 215 494 265 585
D00 0.0189 96 450 162 554
D00 0.0189 348 513 372 567
D00 0.0185 158 547 189 591
D00 0.0185 503 346 600 433
D00 0.0182 349 554 377 599
D00 0.0181 177 442 206 495
D00 0.0181 109 480 166 523
D00 0.0180 150 554 182 597
D00 0.0180 570 398 599 444
D00 0.0179 154 376 228 498
D00 0.0178 507 409 600 461
D00 0.0176 309 417 383 568
D00 0.0176 324 430 360 523
D00 0.0175 159 422 189 477
D00 0.0175 5 468 80 598
D00 0.0174 146 482 176 538
D00 0.0172 185 423 230 470
D00 0.0172 171 406 228 477
D00 0.0172 321 387 342 443
D00 0.0172 124 461 173 515
D00 0.0171 164 412 255 535
D00 0.0170 347 486 410 600
D00 0.0168 160 496 225 595
D00 0.0166 7 573 63 599
D00 0.0166 340 445 361 506
D00 0.0166 328 320 373 347
D00 0.0165 0 538 68 600
D00 0.0164 176 542 200 596
D00 0.0163 489 376 597 560
D00 0.0163 340 493 366 545
D00 0.0163 322 555 403 600
D00 0.0162 302 379 342 431
D00 0.0162 188 442 214 496
D00 0.0161 1 467 27 516
D00 0.0159 155 442 226 550
D00 0.0158 357 522 381 581
D00 0.0158 206 487 271 538
D00 0.0158 544 404 599 503
D00 0.0157 347 486 386 571
D00 0.0153 296 326 357 437
D00 0.0152 280 358 341 419
D00 0.0152 320 326 363 373
D00 0.0151 325 485 375 585
D00 0.0150 338 522 367 574
D00 0.0150 313 302 353 369
D00 0.0149 450 414 565 589
D00 0.0149 188 412 213 469
D00 0.0148 311 328 356 355
D00 0.0148 27 530 77 600
D00 0.0148 93 494 159 595
D00 0.0147 304 501 389 599
D00 0.0146 478 533 504 583
D00 0.0146 204 414 341 584
D00 0.0146 156 501 190 582
D00 0.0145 325 309 358 343
D00 0.0145 289 376 367 552
D00 0.0143 115 491 191 546
D00 0.0143 385 363 600 578
D00 0.0143 207 369 469 588
D00 0.0142 372 548 400 597
D00 0.0141 194 499 301 593
D00 0.0141 331 438 353 491
D00 0.0141 168 412 197 470
D00 0.0140 469 503 513 574
D00 0.0139 147 443 186 486
D00 0.0138 157 453 186 507
D00 0.0138 438 397 600 477
D00 0.0138 108 482 149 551
D00 0.0137 137 568 181 598
D00 0.0137 302 375 340 404
D00 0.0135 367 564 419 594
D00 0.0135 317 343 359 422
D00 0.0135 0 431 33 516
D00 0.0134 169 518 193 586
D00 0.0134 131 391 195 488
D00 0.0133 446 490 512 600
D00 0.0132 328 505 371 553
D00 0.0131 350 554 389 583
D00 0.0130 304 356 330 408
D00 0.0130 460 525 508 569
D00 0.0129 559 406 600 456
D00 0.0129 577 387 600 429
D00 0.0129 259 414 378 587
D00 0.0128 321 406 359 484
D00 0.0128 327 324 390 359
D00 0.0127 301 328 330 397
D00 0.0127 342 490 469 600
D00 0.0127 83 322 262 584
D00 0.0127 144 353 262 522
D00 0.0126 224 503 285 574
D00 0.0126 555 324 600 441
D00 0.0126 332 453 355 515
D00 0.0125 478 518 505 563
D00 0.0125 288 394 428 599
D00 0.0124 311 384 350 412
D00 0.0123 155 580 204 600
D00 0.0123 473 568 509 600
D00 0.0123 346 451 387 533
D00 0.0123 420 474 533 590
D00 0.0123 321 410 344 461
D00 0.0123 480 478 521 561
D00 0.0123 338 385 449 572
D00 0.0122 448 359 569 522
D00 0.0121 457 360 583 412
D00 0.0120 295 304 332 376
D00 0.0120 152 466 189 538
D00 0.0120 325 364 351 416
D00 0.0120 30 466 150 572
D00 0.0120 240 336 274 367
D00 0.0120 326 338 375 364
D00 0.0119 112 407 182 504
D00 0.0119 313 393 351 473
D00 0.0118 191 434 226 505
D00 0.0118 1 463 55 569
D00 0.0118 107 498 167 539
D00 0.0118 475 552 522 600
D00 0.0117 128 509 163 588
D00 0.0117 328 337 352 384
D00 0.0117 166 573 229 597
D00 0.0116 316 342 345 378
D00 0.0116 329 420 352 471
D00 0.0115 407 388 533 566
D00 0.0115 192 435 275 558
D00 0.0115 314 374 373 510
D00 0.0115 1 447 26 503
D00 0.0114 146 428 207 467
D00 0.0113 149 500 176 557
D00 0.0113 119 499 156 573
D00 0.0113 574 365 598 424
D00 0.0112 518 413 593 530
D00 0.0112 320 386 404 545
D00 0.0111 355 368 507 587
D00 0.0111 466 539 502 574
D00 0.0110 21 568 89 600
D00 0.0110 336 307 364 348
D00 0.0110 144 457 213 525
D00 0.0110 421 463 466 536
D00 0.0110 137 424 178 496
D00 0.0109 229 494 381 597
D00 0.0109 339 541 368 594
D00 0.0109 30 379 163 550
D00 0.0108 294 318 316 364
D00 0.0108 574 496 599 543
D00 0.0108 334 423 364 487
D00 0.0108 233 368 390 514
D00 0.0107 469 543 498 593
D00 0.0107 118 553 179 598
D00 0.0107 302 304 324 348
D00 0.0107 306 404 353 521
D00 0.0107 0 489 30 527
D00 0.0106 443 547 509 600
D00 0.0106 167 444 232 512
D00 0.0106 566 489 600 564
D00 0.0106 74 481 142 587
D00 0.0105 167 451 196 506
D00 0.0105 301 320 347 347
D00 0.0105 323 522 402 588
D00 0.0104 312 341 373 454
D00 0.0104 343 439 373 515
D00 0.0104 554 531 600 600
D00 0.0104 278 472 376 560
D00 0.0104 3 559 45 596
D00 0.0103 253 321 278 364
D00 0.0103 305 489 372 546
D00 0.0103 149 369 207 467
D00 0.0103 281 371 366 461
D00 0.0102 377 458 508 572
D00 0.0102 328 313 372 382
D00 0.0102 307 508 375 564
D00 0.0102 235 331 279 357
D00 0.0102 46 517 91 600
D00 0.0102 442 378 564 427
D00 0.0101 355 482 379 538
D00 0.0101 373 575 433 598
D00 0.0101 241 515 290 596
D00 0.0100 337 463 426 572
D00 0.0100 114 439 166 520
D00 0.0100 141 508 168 568
D00 0.0100 349 547 456 597
D00 0.0100 335 312 382 337
D00 0.0100 308 328 374 400
D00 0.0100 313 399 337 450
D00 0.0100 453 496 577 600
D10 0.0520 187 487 351 546
D10 0.0465 291 513 375 542
D10 0.0440 136 479 281 550
D10 0.0405 170 491 289 539
D10 0.0401 189 386 346 444
D10 0.0395 133 467 245 520
D10 0.0358 241 493 368 538
D10 0.0352 166 485 270 523
D10 0.0339 222 499 377 562
D10 0.0335 166 441 213 470
D10 0.0328 234 401 320 429
D10 0.0321 129 478 173 503
D10 0.0321 550 411 599 437
D10 0.0307 170 466 323 535
D10 0.0305 210 500 298 541
D10 0.0304 106 465 194 521
D10 0.0300 176 496 316 569
D10 0.0296 125 485 225 536
D10 0.0284 251 393 341 425
D10 0.0282 274 506 363 534
D10 0.0277 157 448 205 477
D10 0.0275 192 492 255 514
D10 0.0251 480 378 599 431
D10 0.0249 142 479 194 501
D10 0.0249 206 495 271 530
D10 0.0247 182 441 231 468
D10 0.0241 326 517 369 541
D10 0.0238 138 469 184 496
D10 0.0234 125 484 165 516
D10 0.0233 208 388 316 426
D10 0.0231 110 476 169 512
D10 0.0226 527 400 600 436
D10 0.0225 315 525 370 549
D10 0.0222 174 479 253 510
D10 0.0216 37 460 183 534
D10 0.0216 104 482 188 539
D10 0.0211 83 448 189 509
D10 0.0209 242 385 332 416
D10 0.0207 222 508 283 534
D10 0.0206 239 506 331 535
D10 0.0201 148 445 258 509
D10 0.0199 152 476 230 507
D10 0.0198 172 491 238 511
D10 0.0195 541 394 597 425
D10 0.0192 108 571 192 600
D10 0.0191 139 502 250 566
D10 0.0187 0 474 67 509
D10 0.0187 223 474 351 529
D10 0.0181 134 486 181 513
D10 0.0179 149 457 195 488
D10 0.0176 537 415 599 449
D10 0.0171 114 519 202 590
D10 0.0170 0 488 58 513
D10 0.0168 168 403 325 470
D10 0.0168 159 396 266 449
D10 0.0168 7 445 172 515
D10 0.0167 153 468 203 496
D10 0.0166 225 396 295 421
D10 0.0165 158 546 261 592
D10 0.0164 481 375 564 402
D10 0.0163 519 383 600 418
D10 0.0161 164 457 211 485
D10 0.0161 146 396 200 419
D10 0.0160 177 432 221 463
D10 0.0160 130 564 185 594
D10 0.0159 203 546 291 588
D10 0.0159 2 560 69 598
D10 0.0157 96 575 162 598
D10 0.0157 160 432 206 462
D10 0.0156 240 341 292 363
D10 0.0155 285 394 336 419
D10 0.0154 116 471 166 497
D10 0.0153 271 404 334 429
D10 0.0152 331 350 388 372
D10 0.0151 133 454 221 506
D10 0.0151 102 411 206 471
D10 0.0150 194 512 339 589
D10 0.0149 287 384 336 412
D10 0.0148 120 395 213 450
D10 0.0148 108 414 166 437
D10 0.0147 0 503 66 536
D10 0.0146 124 505 166 534
D10 0.0146 102 498 185 568
D10 0.0145 57 485 168 541
D10 0.0144 197 391 272 422
D10 0.0144 330 359 390 379
D10 0.0144 130 494 171 528
D10 0.0143 246 407 326 438
D10 0.0143 147 404 198 427
D10 0.0143 144 441 194 468
D10 0.0142 143 484 217 516
D10 0.0141 1 497 58 522
D10 0.0141 299 506 385 559
D10 0.0141 219 556 276 580
D10 0.0141 458 527 508 552
D10 0.0140 231 512 315 543
D10 0.0140 256 341 317 362
D10 0.0140 467 535 512 560
D10 0.0139 131 503 210 556
D10 0.0139 201 454 385 545
D10 0.0139 119 406 176 429
D10 0.0138 58 556 165 598
D10 0.0137 211 383 292 416
D10 0.0137 7 469 127 520
D10 0.0136 207 482 299 528
D10 0.0136 203 400 282 429
D10 0.0135 149 511 213 544
D10 0.0135 246 349 306 370
D10 0.0134 328 506 368 534
D10 0.0134 167 564 230 592
D10 0.0134 146 387 202 411
D10 0.0134 203 483 257 507
D10 0.0133 300 490 386 539
D10 0.0132 228 410 342 456
D10 0.0132 155 391 221 422
D10 0.0132 490 382 575 412
D10 0.0131 190 555 251 580
D10 0.0131 235 375 319 405
D10 0.0131 322 351 418 384
D10 0.0129 4 517 60 541
D10 0.0129 559 421 600 446
D10 0.0129 89 484 159 521
D10 0.0129 218 512 294 564
D10 0.0129 274 516 338 538
D10 0.0129 51 521 166 587
D10 0.0129 217 490 272 516
D10 0.0129 148 515 194 539
D10 0.0129 0 451 99 505
D10 0.0128 268 515 372 555
D10 0.0128 0 508 83 553
D10 0.0128 163 377 271 428
D10 0.0128 175 395 226 418
D10 0.0127 319 349 365 371
D10 0.0126 165 403 213 425
D10 0.0126 229 501 296 525
D10 0.0124 170 555 231 582
D10 0.0124 274 376 334 402
D10 0.0124 129 453 187 495
D10 0.0124 138 506 183 534
D10 0.0123 68 399 195 444
D10 0.0123 15 523 123 587
D10 0.0123 211 403 309 443
D10 0.0122 182 498 250 523
D10 0.0122 274 376 368 428
D10 0.0121 59 572 143 600
D10 0.0121 90 565 150 592
D10 0.0121 430 518 517 560
D10 0.0120 32 563 81 593
D10 0.0120 221 559 290 592
D10 0.0120 188 449 242 472
D10 0.0120 531 495 600 526
D10 0.0119 245 521 368 582
D10 0.0119 506 375 589 406
D10 0.0119 552 545 600 567
D10 0.0119 126 413 184 436
D10 0.0118 131 515 175 540
D10 0.0118 333 412 411 439
D10 0.0117 460 544 506 568
D10 0.0117 160 553 200 583
D10 0.0117 251 501 320 525
D10 0.0116 172 439 259 482
D10 0.0116 0 554 51 582
D10 0.0116 284 500 348 527
D10 0.0115 3 477 142 552
D10 0.0115 176 513 266 565
D10 0.0115 114 515 161 540
D10 0.0114 232 348 284 370
D10 0.0114 191 433 243 461
D10 0.0113 8 544 87 596
D10 0.0113 27 554 127 599
D10 0.0112 239 556 289 581
D10 0.0112 436 480 525 523
D10 0.0112 0 544 50 570
D10 0.0111 0 531 57 566
D10 0.0111 105 494 156 526
D10 0.0110 279 339 330 361
D10 0.0110 117 378 213 427
D10 0.0110 165 516 218 538
D10 0.0110 360 463 455 504
D10 0.0109 51 377 203 433
D10 0.0109 0 470 46 498
D10 0.0109 4 526 60 550
D10 0.0109 186 510 262 543
D10 0.0109 552 507 600 531
D10 0.0109 502 391 587 424
D10 0.0108 124 394 194 425
D10 0.0108 14 389 207 465
D10 0.0108 136 449 185 477
D10 0.0108 552 536 600 560
D10 0.0108 110 548 183 588
D10 0.0108 319 358 365 380
D10 0.0108 511 500 600 538
D10 0.0107 459 527 542 569
D10 0.0106 1 485 97 539
D10 0.0106 91 404 165 433
D10 0.0105 328 533 371 561
D10 0.0105 36 549 99 587
D10 0.0105 102 539 171 576
D10 0.0105 553 385 596 414
D10 0.0105 84 549 158 586
D10 0.0104 174 469 225 496
D10 0.0104 230 547 315 593
D10 0.0104 312 341 398 379
D10 0.0104 191 559 267 591
D10 0.0103 466 361 561 399
D10 0.0103 311 338 355 362
D10 0.0103 197 441 254 465
D10 0.0103 526 537 600 581
D10 0.0102 234 452 447 570
D10 0.0102 8 484 85 516
D10 0.0102 167 400 233 429
D10 0.0102 156 507 205 533
D10 0.0101 186 403 237 424
D10 0.0101 460 554 506 578
D10 0.0101 97 499 162 539
D10 0.0101 81 413 159 441
D10 0.0101 69 565 130 591
D10 0.0100 94 480 152 505
D10 0.0100 524 414 588 439
D10 0.0100 228 378 290 401
D10 0.0100 204 386 260 412
D10 0.0100 310 393 351 418
D10 0.0100 434 535 512 580
D20 0.0892 112 411 206 584
D20 0.0738 122 402 231 525
D20 0.0647 79 412 259 591
D20 0.0607 40 402 466 587
D20 0.0520 125 434 201 522
D20 0.0503 82 475 200 599
D20 0.0487 14 440 328 600
D20 0.0464 113 441 270 551
D20 0.0430 151 430 211 494
D20 0.0412 180 363 358 438
D20 0.0411 104 396 349 556
D20 0.0386 49 431 209 536
D20 0.0378 130 398 294 497
D20 0.0367 110 455 185 537
D20 0.0363 113 497 284 600
D20 0.0333 155 433 240 477
D20 0.0307 10 345 391 544
D20 0.0305 0 502 188 598
D20 0.0302 21 465 189 574
D20 0.0300 226 376 343 429
D20 0.0292 143 383 335 467
D20 0.0289 113 466 392 598
D20 0.0267 127 406 207 490
D20 0.0264 56 383 290 521
D20 0.0247 51 531 193 600
D20 0.0244 154 460 302 578
D20 0.0237 193 330 358 414
D20 0.0236 98 482 172 539
D20 0.0235 108 486 180 580
D20 0.0232 110 554 199 600
D20 0.0230 177 450 600 600
D20 0.0224 105 471 216 552
D20 0.0207 0 307 575 589
D20 0.0206 44 403 217 500
D20 0.0205 214 357 333 417
D20 0.0203 0 556 77 600
D20 0.0201 0 454 42 525
D20 0.0201 175 339 582 536
D20 0.0200 147 382 238 486
D20 0.0197 140 444 189 502
D20 0.0196 0 454 91 600
D20 0.0193 125 543 226 596
D20 0.0192 0 361 236 575
D20 0.0189 3 535 142 600
D20 0.0183 142 456 236 533
D20 0.0174 0 0 408 294
D20 0.0172 258 340 352 429
D20 0.0171 170 413 318 540
D20 0.0169 167 0 600 294
D20 0.0169 129 481 220 600
D20 0.0169 201 379 304 419
D20 0.0168 154 412 260 469
D20 0.0167 87 507 171 593
D20 0.0167 243 370 355 412
D20 0.0165 252 394 347 437
D20 0.0165 192 482 341 582
D20 0.0160 313 320 392 363
D20 0.0158 312 118 600 600
D20 0.0156 191 415 409 587
D20 0.0156 71 305 303 592
D20 0.0154 0 118 290 600
D20 0.0154 0 469 78 514
D20 0.0153 0 442 140 561
D20 0.0149 157 368 427 510
D20 0.0148 108 390 222 464
D20 0.0147 0 480 30 519
D20 0.0143 0 531 50 600
D20 0.0143 0 15 557 441
D20 0.0142 162 435 254 518
D20 0.0140 214 378 352 499
D20 0.0139 154 542 267 595
D20 0.0138 150 391 200 476
D20 0.0138 208 504 392 595
D20 0.0137 206 443 366 549
D20 0.0136 572 382 600 457
D20 0.0136 258 303 310 322
D20 0.0136 0 478 45 555
D20 0.0135 277 355 528 600
D20 0.0135 421 410 600 600
D20 0.0134 125 389 208 430
D20 0.0134 231 334 330 369
D20 0.0133 372 0 600 146
D20 0.0132 120 525 173 600
D20 0.0131 297 308 353 363
D20 0.0128 156 521 328 600
D20 0.0127 247 323 347 363
D20 0.0127 153 371 289 439
D20 0.0126 256 372 353 456
D20 0.0126 454 0 600 216
D20 0.0125 89 349 322 480
D20 0.0124 304 317 365 352
D20 0.0122 226 315 387 394
D20 0.0121 234 351 344 391
D20 0.0121 0 435 62 558
D20 0.0120 101 524 154 600
D20 0.0120 102 400 198 437
D20 0.0117 65 483 151 597
D20 0.0117 0 0 146 220
D20 0.0117 226 338 291 366
D20 0.0116 0 421 169 510
D20 0.0115 0 0 223 146
D20 0.0115 196 358 310 487
D20 0.0115 44 526 91 600
D20 0.0114 138 378 220 421
D20 0.0113 209 320 341 380
D20 0.0111 216 341 304 379
D20 0.0109 165 346 259 485
D20 0.0109 117 357 214 497
D20 0.0108 204 387 300 449
D20 0.0108 338 455 512 542
D20 0.0108 66 562 180 600
D20 0.0108 278 304 329 322
D20 0.0107 276 371 333 439
D20 0.0107 300 312 473 382
D20 0.0106 243 389 311 427
D20 0.0105 15 521 72 600
D20 0.0105 168 381 212 465
D20 0.0105 85 494 153 563
D20 0.0104 20 511 102 593
D20 0.0103 386 0 600 297
D20 0.0103 224 351 294 410
D20 0.0103 190 367 280 413
D20 0.0102 350 505 527 596
D20 0.0101 283 491 493 592
D20 0.0101 0 255 153 587
D40 0.0319 138 486 309 583
D40 0.0261 202 497 278 541
D40 0.0258 128 475 164 513
D40 0.0251 174 503 286 564
D40 0.0236 215 506 266 534
D40 0.0225 130 472 211 555
D40 0.0211 166 480 263 551
D40 0.0198 190 476 306 561
D40 0.0181 14 573 68 598
D40 0.0177 146 490 238 577
D40 0.0173 195 387 296 426
D40 0.0165 156 520 268 588
D40 0.0162 0 564 79 600
D40 0.0160 135 465 174 504
D40 0.0159 0 473 29 511
D40 0.0149 81 480 169 529
D40 0.0146 220 492 272 564
D40 0.0142 188 462 276 534
D40 0.0130 209 509 291 589
D40 0.0124 143 499 179 540
D40 0.0123 223 503 256 551
D40 0.0123 273 392 317 424
D40 0.0121 232 510 275 543
D40 0.0120 142 493 199 566
D40 0.0116 263 399 309 430
D40 0.0116 136 507 170 547
D40 0.0116 31 559 71 596
D40 0.0115 212 494 254 529
D40 0.0114 155 509 189 547
D40 0.0113 152 392 195 424
D40 0.0111 297 388 335 424
D40 0.0110 198 382 271 416
D40 0.0110 109 482 153 523
D40 0.0103 163 400 201 434
D40 0.0101 111 440 192 496
D40 0.0100 261 392 346 439
