D00 0.3070 411 175 537 476
D00 0.2958 374 49 506 338
D00 0.2897 428 206 508 392
D00 0.2680 406 127 490 305
D00 0.2573 390 87 471 276
D00 0.2434 446 235 557 465
D00 0.2420 440 258 513 485
D00 0.2289 370 39 455 210
D00 0.2082 389 170 498 413
D00 0.1965 320 72 534 463
D00 0.1952 454 314 528 471
D00 0.1884 437 244 491 380
D00 0.1755 456 355 504 467
D00 0.1740 436 231 483 331
D00 0.1698 397 100 453 225
D00 0.1690 417 162 459 261
D00 0.1658 351 8 430 180
D00 0.1613 376 16 580 421
D00 0.1565 340 9 477 270
D00 0.1562 427 189 469 289
D00 0.1496 473 381 510 472
D00 0.1484 430 252 471 357
D00 0.1462 409 142 451 246
D00 0.1450 427 137 552 382
D00 0.1448 379 64 437 189
D00 0.1437 444 289 481 393
D00 0.1393 426 300 573 507
D00 0.1324 432 207 498 299
D00 0.1272 370 31 410 125
D00 0.1221 451 262 504 396
D00 0.1190 414 193 535 329
D00 0.1177 403 124 441 201
D00 0.1100 341 229 554 495
D00 0.1077 362 11 396 110
D00 0.1072 459 355 566 488
D00 0.1066 394 21 524 245
D00 0.1062 417 261 489 417
D00 0.1061 350 139 474 363
D00 0.1059 454 333 494 435
D00 0.1039 389 270 503 481
D00 0.1032 413 339 519 468
D00 0.1026 413 72 556 305
D00 0.0975 379 51 422 146
D00 0.0967 395 104 432 192
D00 0.0934 368 21 389 84
D00 0.0874 391 89 445 170
D00 0.0867 439 300 489 435
D00 0.0852 421 218 473 319
D00 0.0851 379 77 501 216
D00 0.0831 363 6 477 157
D00 0.0796 393 227 494 354
D00 0.0788 402 173 465 294
D00 0.0788 469 372 541 465
D00 0.0766 357 3 384 84
D00 0.0765 425 188 451 255
D00 0.0759 413 187 505 279
D00 0.0705 280 104 600 567
D00 0.0699 443 263 480 352
D00 0.0690 480 401 504 463
D00 0.0677 365 192 503 317
D00 0.0664 289 99 490 323
D00 0.0657 442 358 522 509
D00 0.0656 382 96 479 183
D00 0.0654 339 5 403 140
D00 0.0647 345 97 462 245
D00 0.0647 382 135 444 258
D00 0.0639 444 279 467 349
D00 0.0620 311 52 435 256
D00 0.0611 423 240 516 333
D00 0.0609 415 168 442 235
D00 0.0600 449 180 590 409
D00 0.0596 427 221 525 280
D00 0.0596 472 384 498 450
D00 0.0578 452 328 591 452
D00 0.0570 361 0 443 118
D00 0.0553 344 239 475 453
D00 0.0542 435 254 463 322
D00 0.0525 431 198 458 267
D00 0.0521 376 39 400 106
D00 0.0520 398 116 460 180
D00 0.0506 407 151 435 212
D00 0.0503 442 266 575 393
D00 0.0503 408 7 544 130
D00 0.0492 429 13 562 77
D00 0.0485 401 134 486 223
D00 0.0481 308 193 521 367
D00 0.0480 394 97 424 160
D00 0.0470 491 362 598 471
D00 0.0461 315 20 511 186
D00 0.0460 431 229 553 313
D00 0.0457 363 100 426 210
D00 0.0455 370 7 402 85
D00 0.0445 231 177 488 507
D00 0.0443 384 60 412 120
D00 0.0443 360 57 406 156
D00 0.0442 410 282 535 432
D00 0.0437 376 40 452 132
D00 0.0433 479 345 591 536
D00 0.0431 459 18 538 64
D00 0.0429 387 76 414 143
D00 0.0426 459 409 532 467
D00 0.0423 229 0 482 367
D00 0.0421 452 308 475 377
D00 0.0420 486 411 512 468
D00 0.0412 389 49 504 166
D00 0.0411 436 377 496 471
D00 0.0408 441 246 471 314
D00 0.0400 119 57 434 406
D00 0.0392 450 16 579 142
D00 0.0387 365 84 428 164
D00 0.0385 465 363 499 439
D00 0.0380 441 25 600 286
D00 0.0378 392 379 594 524
D00 0.0374 369 47 392 110
D00 0.0371 404 157 600 325
D00 0.0369 461 342 546 429
D00 0.0367 423 243 587 348
D00 0.0363 433 160 533 289
D00 0.0361 422 287 476 373
D00 0.0354 349 263 502 386
D00 0.0352 411 162 474 226
D00 0.0349 415 179 490 245
D00 0.0348 378 17 591 178
D00 0.0345 353 30 391 90
D00 0.0344 354 369 532 483
D00 0.0342 400 264 464 381
D00 0.0340 501 263 600 416
D00 0.0337 402 222 488 279
D00 0.0335 481 395 570 472
D00 0.0335 406 151 515 240
D00 0.0333 348 38 403 115
D00 0.0327 383 4 497 105
D00 0.0322 435 226 463 293
D00 0.0322 369 18 425 92
D00 0.0320 264 157 306 237
D00 0.0318 371 135 443 201
D00 0.0317 453 384 562 570
D00 0.0316 397 143 463 202
D00 0.0314 238 76 450 279
D00 0.0314 418 178 452 224
D00 0.0311 540 351 600 476
D00 0.0311 429 319 487 395
D00 0.0310 472 366 577 440
D00 0.0306 418 326 480 442
D00 0.0301 237 140 348 250
D00 0.0300 18 151 156 410
D00 0.0299 398 114 438 158
D00 0.0295 435 273 505 340
D00 0.0293 344 246 483 332
D00 0.0293 414 197 453 274
D00 0.0286 339 65 415 199
D00 0.0285 509 60 599 211
D00 0.0284 354 137 433 281
D00 0.0278 367 0 389 59
D00 0.0274 421 409 510 465
D00 0.0273 390 291 474 432
D00 0.0270 289 307 534 471
D00 0.0269 447 393 514 457
D00 0.0268 472 28 528 56
D00 0.0266 404 177 442 256
D00 0.0264 396 255 487 319
D00 0.0261 515 105 597 271
D00 0.0261 19 50 156 294
D00 0.0261 449 201 510 276
D00 0.0259 145 124 204 185
D00 0.0259 398 142 428 199
D00 0.0258 476 411 544 488
D00 0.0256 391 66 432 142
D00 0.0253 231 144 314 304
D00 0.0252 470 4 582 91
D00 0.0251 359 38 383 100
D00 0.0250 0 321 111 443
D00 0.0250 387 160 456 223
D00 0.0249 422 399 575 494
D00 0.0249 466 290 542 409
D00 0.0248 445 339 487 402
D00 0.0247 348 309 508 419
D00 0.0247 247 115 411 366
D00 0.0246 36 86 336 439
D00 0.0244 370 149 470 236
D00 0.0244 57 117 195 382
D00 0.0243 488 37 600 159
D00 0.0243 556 385 600 470
D00 0.0242 444 33 549 89
D00 0.0242 458 314 498 391
D00 0.0241 367 221 456 353
D00 0.0241 427 279 518 369
D00 0.0241 385 38 423 112
D00 0.0239 573 419 598 470
D00 0.0239 449 2 530 50
D00 0.0239 177 119 312 371
D00 0.0238 286 232 465 394
D00 0.0238 478 222 600 511
D00 0.0237 365 322 519 538
D00 0.0237 312 16 400 183
D00 0.0237 398 131 432 177
D00 0.0235 262 358 575 528
D00 0.0235 435 34 519 167
D00 0.0235 426 216 455 280
D00 0.0234 389 113 418 178
D00 0.0234 462 348 487 416
D00 0.0234 161 130 186 181
D00 0.0233 62 48 177 117
D00 0.0233 249 91 329 234
D00 0.0231 0 262 88 426
D00 0.0231 482 391 526 463
D00 0.0229 381 34 410 94
D00 0.0228 357 49 428 111
D00 0.0227 336 408 533 512
D00 0.0225 255 145 321 217
D00 0.0223 349 65 391 166
D00 0.0223 246 167 337 223
D00 0.0222 374 213 460 292
D00 0.0222 438 244 490 286
D00 0.0221 478 213 600 340
D00 0.0221 425 199 483 240
D00 0.0221 462 257 544 369
D00 0.0220 455 326 520 403
D00 0.0220 408 109 488 168
D00 0.0220 376 95 414 171
D00 0.0219 464 351 510 417
D00 0.0219 97 154 237 404
D00 0.0219 18 308 156 425
D00 0.0218 1 176 107 387
D00 0.0218 540 300 600 431
D00 0.0218 457 150 589 283
D00 0.0218 517 317 600 510
D00 0.0217 251 164 371 291
D00 0.0217 436 289 462 354
D00 0.0217 335 168 441 331
D00 0.0217 374 32 466 89
D00 0.0217 72 76 181 272
D00 0.0216 367 114 444 178
D00 0.0215 459 330 484 394
D00 0.0214 78 41 192 155
D00 0.0214 456 0 537 100
D00 0.0213 464 397 529 522
D00 0.0213 0 126 101 259
D00 0.0212 194 129 321 233
D00 0.0211 436 111 575 253
D00 0.0211 293 230 411 350
D00 0.0211 401 419 545 557
D00 0.0209 153 145 259 354
D00 0.0208 546 119 596 229
D00 0.0208 241 127 305 237
D00 0.0208 15 83 237 344
D00 0.0207 350 14 375 73
D00 0.0207 519 382 585 480
D00 0.0207 214 148 354 396
D00 0.0205 462 180 553 302
D00 0.0205 410 169 460 210
D00 0.0204 441 76 581 197
D00 0.0204 306 179 484 289
D00 0.0204 389 86 424 129
D00 0.0202 472 411 499 467
D00 0.0201 465 19 521 49
D00 0.0201 356 2 383 45
D00 0.0200 308 45 451 165
D00 0.0200 521 232 591 360
D00 0.0200 400 19 469 130
D00 0.0200 74 308 204 417
D00 0.0199 395 76 464 152
D00 0.0197 494 17 597 113
D00 0.0197 212 149 340 214
D00 0.0196 443 308 470 354
D00 0.0196 99 81 217 195
D00 0.0195 336 318 466 501
D00 0.0195 509 348 596 422
D00 0.0195 255 167 302 217
D00 0.0194 267 50 391 245
D00 0.0193 342 0 392 92
D00 0.0193 435 227 493 269
D00 0.0192 83 62 145 98
D00 0.0192 72 218 182 413
D00 0.0191 114 110 221 316
D00 0.0191 120 67 292 365
D00 0.0191 406 249 461 337
D00 0.0190 420 189 471 231
D00 0.0189 11 194 250 428
D00 0.0189 453 226 516 308
D00 0.0188 445 281 480 326
D00 0.0188 324 29 378 138
D00 0.0188 251 248 376 367
D00 0.0187 22 23 160 163
D00 0.0186 472 403 521 448
D00 0.0186 247 160 299 260
D00 0.0186 527 103 583 210
D00 0.0186 443 18 515 81
D00 0.0185 332 251 441 359
D00 0.0185 313 242 379 365
D00 0.0184 401 389 502 454
D00 0.0184 549 272 599 383
D00 0.0183 499 401 598 495
D00 0.0183 564 351 600 442
D00 0.0183 478 430 507 472
D00 0.0183 346 87 372 160
D00 0.0183 418 124 478 197
D00 0.0182 542 139 600 279
D00 0.0182 409 97 454 163
D00 0.0182 432 192 486 266
D00 0.0182 39 42 208 228
D00 0.0181 321 124 416 289
D00 0.0181 0 169 126 291
D00 0.0181 419 63 561 142
D00 0.0180 304 175 390 333
D00 0.0180 321 24 427 106
D00 0.0180 353 0 414 76
D00 0.0180 386 151 446 194
D00 0.0179 239 12 436 216
D00 0.0179 447 299 476 345
D00 0.0178 134 112 220 201
D00 0.0178 136 138 196 203
D00 0.0176 406 167 445 194
D00 0.0176 0 100 35 183
D00 0.0176 215 285 337 399
D00 0.0175 376 345 489 451
D00 0.0174 342 102 377 195
D00 0.0174 502 114 600 376
D00 0.0173 461 394 493 453
D00 0.0173 412 128 450 187
D00 0.0173 151 150 197 178
D00 0.0172 422 32 491 147
D00 0.0172 159 116 226 178
D00 0.0172 543 87 597 190
D00 0.0172 481 269 575 350
D00 0.0171 438 428 521 480
D00 0.0170 525 293 586 400
D00 0.0169 526 166 589 301
D00 0.0169 379 84 406 150
D00 0.0169 440 262 495 306
D00 0.0169 430 216 473 262
D00 0.0169 212 165 296 332
D00 0.0168 336 248 382 335
D00 0.0167 492 318 567 425
D00 0.0166 459 40 538 123
D00 0.0165 91 56 171 103
D00 0.0165 118 101 201 243
D00 0.0165 395 322 503 402
D00 0.0164 532 138 582 249
D00 0.0164 113 246 201 400
D00 0.0164 277 148 333 243
D00 0.0164 212 56 358 297
D00 0.0163 151 80 256 272
D00 0.0163 74 72 166 127
D00 0.0163 451 293 506 356
D00 0.0163 191 215 296 407
D00 0.0163 233 206 358 342
D00 0.0163 396 197 469 261
D00 0.0162 334 68 370 166
D00 0.0162 418 280 467 345
D00 0.0162 317 0 385 111
D00 0.0162 22 242 149 379
D00 0.0162 135 191 275 421
D00 0.0161 425 9 515 58
D00 0.0161 0 108 88 211
D00 0.0160 13 354 188 441
D00 0.0160 295 281 424 478
D00 0.0160 7 345 80 423
D00 0.0159 15 357 120 413
D00 0.0159 226 245 440 443
D00 0.0158 317 205 417 304
D00 0.0158 262 176 308 205
D00 0.0157 448 314 530 369
D00 0.0157 0 240 34 327
D00 0.0157 480 17 547 110
D00 0.0157 2 39 112 225
D00 0.0156 363 40 414 79
D00 0.0156 39 151 164 274
D00 0.0156 178 150 301 273
D00 0.0156 431 112 505 218
D00 0.0156 241 80 301 210
D00 0.0155 317 271 412 373
D00 0.0155 6 73 172 182
D00 0.0155 480 305 578 388
D00 0.0155 469 284 598 370
D00 0.0154 41 209 166 333
D00 0.0154 323 97 441 183
D00 0.0153 209 168 308 221
D00 0.0153 277 120 369 265
D00 0.0153 522 71 583 169
D00 0.0153 460 55 537 179
D00 0.0153 544 206 600 340
D00 0.0152 425 264 456 328
D00 0.0151 272 171 299 227
D00 0.0151 371 50 423 89
D00 0.0151 497 174 573 301
D00 0.0151 362 45 398 72
D00 0.0151 155 122 283 229
D00 0.0151 120 61 195 178
D00 0.0151 485 422 528 474
D00 0.0150 479 6 523 61
D00 0.0150 353 58 388 128
D00 0.0149 0 354 44 438
D00 0.0149 301 263 388 407
D00 0.0149 228 232 316 380
D00 0.0148 251 298 368 412
D00 0.0148 222 139 292 251
D00 0.0148 366 270 448 403
D00 0.0147 450 339 480 382
D00 0.0147 1 364 92 462
D00 0.0147 19 114 144 238
D00 0.0146 479 419 515 451
D00 0.0146 565 147 600 232
D00 0.0146 0 223 68 388
D00 0.0145 391 294 482 358
D00 0.0145 464 10 519 37
D00 0.0144 557 426 600 476
D00 0.0144 412 175 448 202
D00 0.0144 173 167 447 322
D00 0.0144 145 127 207 254
D00 0.0143 152 136 216 175
D00 0.0143 350 113 368 171
D00 0.0143 197 149 409 257
D00 0.0143 282 112 422 239
D00 0.0142 380 181 464 245
D00 0.0142 378 60 432 99
D00 0.0142 0 150 70 304
D00 0.0142 529 343 600 397
D00 0.0142 321 223 371 324
D00 0.0142 429 365 500 433
D00 0.0141 272 293 488 412
D00 0.0141 465 356 496 402
D00 0.0141 566 431 600 459
D00 0.0141 488 121 582 232
D00 0.0140 518 411 600 467
D00 0.0140 409 353 496 411
D00 0.0140 263 176 315 281
D00 0.0139 130 281 261 404
D00 0.0139 426 236 457 302
D00 0.0139 323 450 533 548
D00 0.0139 566 278 600 362
D00 0.0139 358 277 469 337
D00 0.0138 485 235 573 312
D00 0.0138 283 205 379 304
D00 0.0138 478 15 550 53
D00 0.0137 327 233 397 310
D00 0.0137 0 218 90 321
D00 0.0137 555 257 600 335
D00 0.0136 466 422 514 465
D00 0.0136 368 36 407 64
D00 0.0136 95 196 184 349
D00 0.0136 482 428 578 482
D00 0.0135 152 51 237 191
D00 0.0135 473 409 505 441
D00 0.0135 452 97 536 228
D00 0.0134 115 48 195 116
D00 0.0134 343 119 400 227
D00 0.0134 1 109 27 163
D00 0.0134 166 137 194 186
D00 0.0134 390 95 442 138
D00 0.0133 193 85 310 205
D00 0.0133 73 90 170 186
D00 0.0133 81 348 162 417
D00 0.0133 529 64 597 128
D00 0.0133 241 296 306 413
D00 0.0132 566 314 600 414
D00 0.0132 232 182 321 242
D00 0.0132 273 185 346 318
D00 0.0131 431 253 480 297
D00 0.0131 230 293 363 363
D00 0.0131 380 73 417 104
D00 0.0131 341 69 421 131
D00 0.0131 143 147 186 230
D00 0.0131 263 114 353 213
D00 0.0131 0 216 43 298
D00 0.0131 157 145 204 194
D00 0.0130 30 372 138 429
D00 0.0130 56 70 151 164
D00 0.0129 311 144 379 275
D00 0.0129 393 168 431 243
D00 0.0129 109 326 240 428
D00 0.0129 450 447 600 554
D00 0.0128 375 46 417 72
D00 0.0128 256 265 324 383
D00 0.0128 1 123 54 229
D00 0.0128 122 117 190 179
D00 0.0127 494 100 600 176
D00 0.0127 100 82 177 158
D00 0.0127 342 107 361 162
D00 0.0127 534 21 600 141
D00 0.0127 80 170 197 295
D00 0.0127 62 66 140 109
D00 0.0127 150 75 205 171
D00 0.0126 168 302 301 414
D00 0.0125 472 32 530 84
D00 0.0125 494 62 577 139
D00 0.0125 80 75 135 101
D00 0.0125 332 170 459 257
D00 0.0125 259 53 315 200
D00 0.0125 118 231 375 446
D00 0.0124 367 75 394 137
D00 0.0124 375 0 427 70
D00 0.0124 300 259 357 357
D00 0.0124 142 141 190 171
D00 0.0124 426 204 466 231
D00 0.0124 152 138 179 187
D00 0.0124 157 106 189 177
D00 0.0123 345 51 379 117
D00 0.0123 465 393 510 437
D00 0.0123 487 48 547 150
D00 0.0123 1 312 53 419
D00 0.0123 443 331 472 388
D00 0.0123 381 17 410 74
D00 0.0123 70 9 246 184
D00 0.0122 95 126 188 224
D00 0.0122 485 26 547 73
D00 0.0122 471 375 504 421
D00 0.0122 271 282 343 395
D00 0.0122 100 331 179 401
D00 0.0122 319 260 422 319
D00 0.0122 416 7 479 74
D00 0.0122 353 36 390 66
D00 0.0121 84 283 161 406
D00 0.0121 551 74 600 156
D00 0.0121 0 382 44 464
D00 0.0121 14 237 111 342
D00 0.0121 232 22 306 187
D00 0.0120 109 46 292 230
D00 0.0120 45 326 123 437
D00 0.0120 453 318 485 364
D00 0.0120 35 203 133 298
D00 0.0120 352 236 411 341
D00 0.0120 383 145 424 208
D00 0.0120 370 54 407 80
D00 0.0120 167 97 259 187
D00 0.0120 117 231 239 354
D00 0.0119 323 301 406 451
D00 0.0119 99 57 149 85
D00 0.0119 262 184 354 243
D00 0.0119 329 0 545 83
D00 0.0119 5 154 79 236
D00 0.0118 126 146 191 278
D00 0.0118 573 287 598 339
D00 0.0118 74 113 254 219
D00 0.0118 89 40 153 124
D00 0.0118 0 179 45 261
D00 0.0118 0 269 214 465
D00 0.0117 519 48 592 110
D00 0.0117 390 20 438 103
D00 0.0117 356 96 405 187
D00 0.0117 221 59 282 191
D00 0.0116 508 88 567 187
D00 0.0116 278 351 446 494
D00 0.0115 406 147 444 179
D00 0.0115 206 260 302 359
D00 0.0115 67 373 174 427
D00 0.0115 92 33 211 99
D00 0.0114 159 137 225 210
D00 0.0114 214 259 352 487
D00 0.0114 0 306 34 393
D00 0.0114 169 76 222 172
D00 0.0114 252 418 480 516
D00 0.0114 417 263 472 307
D00 0.0114 76 255 172 366
D00 0.0114 163 127 198 167
D00 0.0114 491 37 569 99
D00 0.0114 16 292 70 404
D00 0.0113 263 310 315 405
D00 0.0113 118 347 196 415
D00 0.0113 32 337 92 432
D00 0.0113 317 67 385 200
D00 0.0113 44 276 204 384
D00 0.0113 105 66 159 93
D00 0.0112 150 248 282 368
D00 0.0112 152 143 240 243
D00 0.0112 482 415 548 456
D00 0.0112 24 65 146 134
D00 0.0112 564 412 592 463
D00 0.0112 158 185 354 300
D00 0.0112 0 76 87 324
D00 0.0112 290 1 373 158
D00 0.0112 125 103 397 239
D00 0.0112 297 161 353 262
D00 0.0111 219 126 289 199
D00 0.0111 64 331 145 403
D00 0.0111 245 317 341 372
D00 0.0111 557 130 596 201
D00 0.0111 105 73 200 128
D00 0.0111 278 0 452 141
D00 0.0110 270 16 345 190
D00 0.0110 466 420 503 451
D00 0.0110 279 300 376 355
D00 0.0110 235 194 358 267
D00 0.0110 339 178 390 286
D00 0.0110 60 50 142 96
D00 0.0110 0 111 61 177
D00 0.0110 171 123 209 183
D00 0.0109 336 313 437 412
D00 0.0109 371 396 495 558
D00 0.0109 408 197 460 240
D00 0.0109 46 130 121 255
D00 0.0109 352 96 382 168
D00 0.0108 555 224 599 306
D00 0.0108 395 65 448 118
D00 0.0108 50 118 385 311
D00 0.0108 462 4 507 61
D00 0.0108 486 360 528 442
D00 0.0108 294 490 390 538
D00 0.0108 374 0 400 57
D00 0.0108 50 223 119 356
D00 0.0107 68 209 130 272
D00 0.0107 110 29 229 139
D00 0.0107 361 27 397 54
D00 0.0107 123 146 192 181
D00 0.0107 3 193 79 272
D00 0.0107 343 0 381 54
D00 0.0107 70 170 138 291
D00 0.0107 74 328 168 456
D00 0.0106 371 64 408 93
D00 0.0106 86 130 158 255
D00 0.0106 418 206 467 249
D00 0.0106 453 417 508 511
D00 0.0106 327 489 372 533
D00 0.0106 380 0 509 44
D00 0.0106 0 248 27 303
D00 0.0105 435 350 480 426
D00 0.0105 363 22 417 62
D00 0.0105 199 105 268 214
D00 0.0105 442 163 497 251
D00 0.0105 301 280 396 337
D00 0.0105 228 177 280 283
D00 0.0105 552 38 598 115
D00 0.0105 13 93 111 188
D00 0.0104 434 309 464 372
D00 0.0104 511 141 566 252
D00 0.0104 201 164 270 295
D00 0.0104 552 361 600 413
D00 0.0104 55 339 276 438
D00 0.0103 349 40 376 96
D00 0.0103 465 224 521 272
D00 0.0103 140 302 211 417
D00 0.0103 247 328 334 421
D00 0.0103 15 178 147 252
D00 0.0103 246 279 298 375
D00 0.0103 113 223 202 324
D00 0.0103 383 407 600 600
D00 0.0103 472 400 504 429
D00 0.0103 495 400 537 466
D00 0.0102 555 174 599 260
D00 0.0102 461 423 600 514
D00 0.0102 235 147 303 207
D00 0.0102 396 0 458 66
D00 0.0102 281 261 337 358
D00 0.0102 76 148 258 257
D00 0.0101 0 269 43 352
D00 0.0101 85 190 156 311
D00 0.0101 444 334 510 384
D00 0.0101 329 272 375 349
D00 0.0101 319 0 487 56
D00 0.0101 130 295 185 396
D00 0.0101 451 366 483 432
D00 0.0101 438 0 495 47
D00 0.0101 136 141 267 207
D00 0.0101 336 245 387 291
D00 0.0100 319 291 371 388
D00 0.0100 245 311 399 460
D00 0.0100 541 372 600 431
D00 0.0100 268 147 301 210
D00 0.0100 28 31 151 105
D00 0.0100 132 256 184 365
D00 0.0100 280 468 401 532
D00 0.0100 338 112 364 187
D10 0.1275 436 231 507 287
D10 0.0730 438 244 504 270
D10 0.0725 396 121 478 174
D10 0.0557 398 117 463 156
D10 0.0543 443 315 598 426
D10 0.0519 387 99 499 180
D10 0.0506 408 131 468 155
D10 0.0477 524 357 600 400
D10 0.0449 466 339 582 389
D10 0.0421 405 345 494 394
D10 0.0414 468 355 581 409
D10 0.0412 346 231 484 311
D10 0.0396 405 116 507 160
D10 0.0381 366 225 472 280
D10 0.0380 423 19 536 69
D10 0.0380 457 348 541 401
D10 0.0364 417 124 481 149
D10 0.0357 438 234 497 263
D10 0.0352 359 155 450 204
D10 0.0349 460 23 528 60
D10 0.0336 549 366 600 390
D10 0.0336 440 239 548 300
D10 0.0304 444 224 530 273
D10 0.0300 442 250 494 277
D10 0.0300 402 124 446 166
D10 0.0296 422 357 480 383
D10 0.0294 459 351 519 388
D10 0.0290 426 132 491 155
D10 0.0281 442 252 577 330
D10 0.0268 515 341 600 389
D10 0.0267 385 74 579 170
D10 0.0266 470 19 579 72
D10 0.0263 259 164 349 208
D10 0.0262 333 244 451 297
D10 0.0261 407 94 522 149
D10 0.0254 410 139 465 167
D10 0.0253 469 358 526 381
D10 0.0248 292 219 377 259
D10 0.0245 541 119 600 153
D10 0.0245 386 111 567 212
D10 0.0242 385 19 499 70
D10 0.0237 408 158 492 205
D10 0.0236 407 226 481 291
D10 0.0235 472 31 542 66
D10 0.0234 443 6 550 56
D10 0.0234 400 120 441 148
D10 0.0231 383 69 476 132
D10 0.0227 437 341 506 403
D10 0.0227 466 316 578 375
D10 0.0226 441 207 552 263
D10 0.0225 284 210 481 302
D10 0.0221 343 251 412 283
D10 0.0221 36 324 209 411
D10 0.0217 377 168 435 193
D10 0.0215 319 246 406 291
D10 0.0215 316 229 426 277
D10 0.0214 227 163 312 208
D10 0.0213 403 112 458 142
D10 0.0211 424 200 490 241
D10 0.0209 440 252 501 297
D10 0.0209 504 64 594 112
D10 0.0208 415 0 578 73
D10 0.0208 392 355 474 387
D10 0.0206 325 315 508 413
D10 0.0206 450 293 553 356
D10 0.0203 383 33 491 88
D10 0.0202 410 109 487 147
D10 0.0201 351 244 427 274
D10 0.0201 462 348 513 373
D10 0.0197 400 236 468 276
D10 0.0196 418 135 492 172
D10 0.0195 505 84 591 132
D10 0.0194 437 349 490 389
D10 0.0193 304 351 398 391
D10 0.0192 440 128 515 159
D10 0.0192 460 355 500 380
D10 0.0190 305 227 362 249
D10 0.0189 445 355 485 382
D10 0.0189 439 124 500 149
D10 0.0188 485 56 580 102
D10 0.0187 87 341 191 394
D10 0.0186 382 51 482 110
D10 0.0186 516 104 600 153
D10 0.0185 527 121 600 171
D10 0.0185 410 366 472 389
D10 0.0183 366 160 427 187
D10 0.0183 66 357 177 410
D10 0.0183 443 33 515 68
D10 0.0182 374 203 467 265
D10 0.0182 444 217 580 290
D10 0.0181 434 222 493 253
D10 0.0180 368 343 499 422
D10 0.0180 331 129 429 187
D10 0.0180 469 344 547 379
D10 0.0179 307 137 444 211
D10 0.0179 478 354 559 388
D10 0.0178 333 293 424 335
D10 0.0177 272 171 331 197
D10 0.0177 392 415 490 458
D10 0.0174 123 350 223 393
D10 0.0174 253 169 319 202
D10 0.0173 550 131 598 155
D10 0.0172 343 247 395 273
D10 0.0171 425 130 543 180
D10 0.0170 549 114 598 141
D10 0.0170 87 349 223 415
D10 0.0169 335 254 388 280
D10 0.0168 461 273 560 319
D10 0.0167 436 103 580 173
D10 0.0166 30 357 141 412
D10 0.0163 484 25 562 59
D10 0.0162 424 196 476 223
D10 0.0162 451 324 526 383
D10 0.0161 457 19 516 48
D10 0.0160 424 407 512 460
D10 0.0160 470 364 524 390
D10 0.0160 471 63 593 139
D10 0.0159 350 165 427 196
D10 0.0157 528 78 595 115
D10 0.0157 355 339 469 388
D10 0.0156 253 304 343 350
D10 0.0156 415 176 464 201
D10 0.0156 418 35 600 144
D10 0.0156 326 193 464 274
D10 0.0156 232 138 403 226
D10 0.0155 413 73 524 132
D10 0.0154 424 169 484 192
D10 0.0153 372 232 456 265
D10 0.0152 449 29 509 55
D10 0.0152 430 236 484 277
D10 0.0152 106 332 245 401
D10 0.0151 408 424 467 448
D10 0.0151 410 233 460 261
D10 0.0151 461 94 568 148
D10 0.0151 352 302 404 326
D10 0.0151 395 158 440 188
D10 0.0150 425 347 477 376
D10 0.0150 455 10 514 36
D10 0.0149 461 243 519 268
D10 0.0148 3 331 137 406
D10 0.0147 391 266 472 325
D10 0.0145 351 115 438 175
D10 0.0145 492 36 593 93
D10 0.0145 530 99 596 136
D10 0.0144 392 244 455 268
D10 0.0144 269 209 368 252
D10 0.0144 242 171 298 196
D10 0.0144 499 338 600 432
D10 0.0143 275 152 383 203
D10 0.0143 385 78 441 117
D10 0.0143 346 78 427 135
D10 0.0142 333 260 449 318
D10 0.0141 382 422 456 452
D10 0.0141 101 256 194 302
D10 0.0140 183 152 292 202
D10 0.0140 216 236 298 281
D10 0.0140 446 346 482 374
D10 0.0140 268 159 340 193
D10 0.0139 393 97 452 138
D10 0.0139 426 155 500 189
D10 0.0138 454 245 521 282
D10 0.0138 297 356 373 385
D10 0.0137 425 242 470 268
D10 0.0137 381 47 429 72
D10 0.0135 492 263 592 317
D10 0.0135 269 218 395 286
D10 0.0135 0 224 76 275
D10 0.0134 468 44 556 94
D10 0.0134 398 129 437 156
D10 0.0134 306 290 394 337
D10 0.0134 380 53 446 88
D10 0.0134 386 83 426 109
D10 0.0133 0 355 77 408
D10 0.0133 419 52 527 111
D10 0.0133 496 81 569 115
D10 0.0133 446 340 497 380
D10 0.0133 383 363 460 394
D10 0.0132 266 349 365 391
D10 0.0132 420 183 488 220
D10 0.0132 561 355 600 401
D10 0.0131 0 203 128 301
D10 0.0131 430 196 514 255
D10 0.0130 472 66 557 113
D10 0.0130 107 356 198 404
D10 0.0130 391 92 435 117
D10 0.0130 248 185 414 281
D10 0.0130 387 315 482 375
D10 0.0130 432 6 505 39
D10 0.0130 425 148 538 199
D10 0.0130 536 75 590 102
D10 0.0129 491 361 568 396
D10 0.0128 316 231 384 266
D10 0.0128 342 351 437 393
D10 0.0128 388 74 436 101
D10 0.0128 446 187 555 246
D10 0.0127 426 166 533 222
D10 0.0127 381 38 430 64
D10 0.0126 317 208 424 261
D10 0.0126 407 361 495 415
D10 0.0126 0 242 76 294
D10 0.0126 366 28 448 80
D10 0.0126 348 162 402 185
D10 0.0126 323 359 379 381
D10 0.0124 462 40 527 77
D10 0.0124 486 111 582 165
D10 0.0123 460 148 600 261
D10 0.0123 333 356 407 386
D10 0.0123 356 357 469 409
D10 0.0123 0 205 92 261
D10 0.0123 48 208 132 255
D10 0.0123 313 152 426 196
D10 0.0123 450 122 547 165
D10 0.0123 315 219 366 244
D10 0.0122 375 142 439 186
D10 0.0121 335 301 385 326
D10 0.0121 182 135 287 187
D10 0.0120 386 62 456 97
D10 0.0120 290 236 420 308
D10 0.0120 419 186 464 212
D10 0.0119 430 423 489 448
D10 0.0119 525 288 600 341
D10 0.0118 519 95 579 119
D10 0.0118 477 411 572 462
D10 0.0118 286 340 382 383
D10 0.0118 153 132 245 177
D10 0.0118 553 273 598 297
D10 0.0117 570 358 600 384
D10 0.0117 359 403 510 465
D10 0.0116 325 358 418 402
D10 0.0116 267 335 486 449
D10 0.0116 394 71 467 105
D10 0.0116 547 84 596 109
D10 0.0116 519 317 600 377
D10 0.0116 154 355 227 386
D10 0.0115 258 318 436 405
D10 0.0115 519 85 580 110
D10 0.0115 388 43 459 77
D10 0.0115 274 168 378 223
D10 0.0114 383 65 426 92
D10 0.0114 369 424 469 464
D10 0.0114 368 249 454 282
D10 0.0114 304 252 386 302
D10 0.0114 549 348 597 377
D10 0.0113 517 156 600 210
D10 0.0113 471 389 555 449
D10 0.0113 103 141 197 187
D10 0.0113 368 254 429 277
D10 0.0113 235 310 323 360
D10 0.0113 418 245 476 286
D10 0.0113 59 310 188 386
D10 0.0112 417 226 473 268
D10 0.0112 394 84 447 108
D10 0.0112 398 291 476 353
D10 0.0112 0 260 75 313
D10 0.0111 277 317 375 372
D10 0.0111 227 135 319 191
D10 0.0111 0 256 51 294
D10 0.0111 437 205 495 231
D10 0.0110 510 76 573 100
D10 0.0110 542 373 595 398
D10 0.0110 390 218 460 258
D10 0.0110 344 261 393 286
D10 0.0109 534 268 598 303
D10 0.0109 438 213 496 242
D10 0.0109 520 104 578 129
D10 0.0109 174 125 267 167
D10 0.0108 124 263 205 311
D10 0.0108 292 167 369 198
D10 0.0108 185 133 237 158
D10 0.0108 0 298 72 350
D10 0.0108 321 166 426 220
D10 0.0108 0 229 53 266
D10 0.0108 276 312 332 337
D10 0.0107 371 237 430 261
D10 0.0107 113 247 292 338
D10 0.0107 554 299 598 326
D10 0.0106 395 110 433 140
D10 0.0106 374 250 473 304
D10 0.0106 403 410 477 445
D10 0.0106 522 366 581 390
D10 0.0106 495 244 592 299
D10 0.0106 345 234 414 267
D10 0.0106 54 349 149 397
D10 0.0106 263 134 359 189
D10 0.0105 139 358 250 409
D10 0.0105 463 234 561 281
D10 0.0105 462 336 513 365
D10 0.0105 434 233 473 260
D10 0.0105 199 243 285 292
D10 0.0105 66 216 149 264
D10 0.0104 287 300 378 346
D10 0.0104 0 186 91 243
D10 0.0104 99 353 172 389
D10 0.0104 427 150 484 179
D10 0.0104 392 176 440 203
D10 0.0104 131 150 185 177
D10 0.0104 428 174 499 207
D10 0.0104 372 405 470 451
D10 0.0103 371 121 421 149
D10 0.0103 0 304 51 340
D10 0.0103 148 148 231 194
D10 0.0103 355 86 417 122
D10 0.0103 354 300 447 344
D10 0.0103 343 309 394 333
D10 0.0102 186 168 292 220
D10 0.0102 108 319 205 377
D10 0.0102 261 163 310 188
D10 0.0102 175 291 271 335
D10 0.0102 323 223 391 255
D10 0.0101 361 92 409 115
D10 0.0101 326 245 379 272
D10 0.0100 265 125 409 196
D10 0.0100 510 67 572 92
D10 0.0100 409 252 463 278
D10 0.0100 462 124 517 149
D10 0.0100 268 319 322 345
D10 0.0100 425 34 509 86
D10 0.0100 439 140 497 167
D20 0.1996 301 36 557 483
D20 0.0897 0 165 557 591
D20 0.0878 53 34 600 430
D20 0.0788 413 2 600 488
D20 0.0731 356 224 592 530
D20 0.0616 195 125 543 408
D20 0.0568 346 0 594 309
D20 0.0518 254 283 569 501
D20 0.0470 387 138 600 389
D20 0.0469 82 209 539 444
D20 0.0430 425 257 586 369
D20 0.0389 0 143 475 392
D20 0.0380 212 5 518 312
D20 0.0359 0 311 408 600
D20 0.0336 167 311 600 600
D20 0.0336 0 118 290 600
D20 0.0336 0 0 408 294
D20 0.0305 284 0 545 198
D20 0.0300 450 0 600 245
D20 0.0272 301 83 458 195
D20 0.0264 306 240 497 341
D20 0.0237 415 250 600 458
D20 0.0228 284 123 462 227
D20 0.0222 381 0 600 142
D20 0.0213 0 222 361 440
D20 0.0211 309 365 600 566
D20 0.0188 375 0 548 78
D20 0.0188 132 86 498 271
D20 0.0177 65 368 511 552
D20 0.0176 347 368 527 461
D20 0.0176 453 344 600 600
D20 0.0168 205 239 492 391
D20 0.0166 480 49 600 356
D20 0.0163 378 454 600 600
D20 0.0159 165 0 522 143
D20 0.0152 300 274 495 375
D20 0.0149 0 0 144 228
D20 0.0148 419 128 600 283
D20 0.0144 0 0 221 145
D20 0.0138 0 153 241 376
D20 0.0136 415 0 542 45
D20 0.0135 230 400 510 525
D20 0.0135 0 299 267 456
D20 0.0133 147 449 534 600
D20 0.0132 277 162 469 268
D20 0.0126 281 49 445 159
D20 0.0124 0 65 145 441
D20 0.0123 480 0 600 69
D20 0.0122 0 455 229 600
D20 0.0119 462 0 561 37
D20 0.0116 529 0 600 117
D20 0.0111 201 307 469 520
D20 0.0109 279 17 436 117
D20 0.0109 492 0 600 166
D20 0.0108 551 99 600 173
D20 0.0107 213 459 435 548
D20 0.0101 0 356 146 600
D20 0.0100 68 283 338 421
D40 0.1741 438 270 513 323
D40 0.1212 404 135 462 211
D40 0.1050 456 289 513 316
D40 0.0778 447 285 518 338
D40 0.0747 408 153 467 192
D40 0.0716 431 236 565 352
D40 0.0558 411 144 442 203
D40 0.0557 463 280 523 324
D40 0.0537 432 237 509 317
D40 0.0406 442 258 549 318
D40 0.0396 447 283 495 324
D40 0.0350 412 167 455 193
D40 0.0321 451 267 508 306
D40 0.0315 454 297 506 324
D40 0.0300 409 148 455 179
D40 0.0294 384 76 416 120
D40 0.0266 420 157 459 211
D40 0.0219 437 253 504 297
D40 0.0218 463 253 514 317
D40 0.0217 424 164 473 199
D40 0.0194 345 69 428 124
D40 0.0169 366 65 398 110
D40 0.0167 446 258 491 317
D40 0.0162 481 274 516 318
D40 0.0157 374 67 423 111
D40 0.0155 416 140 489 200
D40 0.0147 354 75 388 116
D40 0.0143 472 283 533 309
D40 0.0138 339 51 397 117
D40 0.0138 425 145 473 184
D40 0.0132 464 274 520 301
D40 0.0125 362 83 408 110
D40 0.0116 346 67 379 109
D40 0.0115 478 267 533 334
D40 0.0101 466 287 512 361
