D00 0.0430 1 549 28 599
D00 0.0347 0 520 42 600
D00 0.0325 428 447 532 544
D00 0.0315 445 459 504 530
D00 0.0271 0 477 116 597
D00 0.0251 553 532 600 600
D00 0.0246 441 458 487 511
D00 0.0234 0 489 63 600
D00 0.0222 200 442 255 465
D00 0.0222 458 469 523 539
D00 0.0207 416 448 515 508
D00 0.0207 429 459 480 484
D00 0.0196 0 540 69 598
D00 0.0190 433 447 479 534
D00 0.0190 434 472 493 550
D00 0.0190 458 467 486 521
D00 0.0186 81 501 138 537
D00 0.0185 572 552 598 599
D00 0.0184 3 468 139 532
D00 0.0173 45 490 137 535
D00 0.0172 194 435 246 459
D00 0.0169 0 538 31 579
D00 0.0168 398 436 501 532
D00 0.0168 552 573 599 599
D00 0.0166 403 452 486 493
D00 0.0163 467 475 496 532
D00 0.0159 450 466 517 502
D00 0.0159 1 521 98 589
D00 0.0154 330 368 353 413
D00 0.0154 2 378 46 459
D00 0.0152 202 433 272 460
D00 0.0152 535 558 600 598
D00 0.0152 2 488 106 540
D00 0.0151 0 489 36 573
D00 0.0148 3 503 103 564
D00 0.0143 166 545 231 600
D00 0.0140 425 450 467 478
D00 0.0138 3 568 50 600
D00 0.0136 339 367 360 413
D00 0.0134 401 533 470 600
D00 0.0132 417 465 495 520
D00 0.0132 448 453 477 499
D00 0.0132 439 436 567 571
D00 0.0130 451 472 478 533
D00 0.0128 90 479 141 541
D00 0.0128 0 455 54 514
D00 0.0127 193 450 246 473
D00 0.0127 1 514 28 569
D00 0.0125 94 500 138 561
D00 0.0124 451 478 497 504
D00 0.0124 423 455 472 508
D00 0.0123 436 449 489 487
D00 0.0123 406 434 480 481
D00 0.0123 181 437 258 471
D00 0.0123 453 481 513 520
D00 0.0121 9 476 74 569
D00 0.0119 441 464 469 520
D00 0.0119 331 381 354 430
D00 0.0116 433 467 479 496
D00 0.0115 503 545 600 594
D00 0.0115 537 497 600 600
D00 0.0114 0 443 92 559
D00 0.0114 11 391 54 446
D00 0.0112 0 479 52 545
D00 0.0112 23 482 119 525
D00 0.0111 0 462 32 521
D00 0.0109 456 494 507 542
D00 0.0108 92 492 125 535
D00 0.0107 413 442 457 471
D00 0.0107 146 570 220 600
D00 0.0107 4 467 76 500
D00 0.0107 182 549 221 584
D00 0.0106 0 480 80 523
D00 0.0106 5 456 124 503
D00 0.0106 465 492 543 544
D00 0.0105 62 498 124 527
D00 0.0104 190 538 227 594
D00 0.0103 202 447 272 477
D00 0.0103 339 381 361 430
D00 0.0102 64 472 174 528
D00 0.0102 542 476 600 543
D00 0.0100 463 474 534 509
D00 0.0100 482 471 557 538
D00 0.0100 320 369 346 413
D00 0.0100 21 447 151 588
D10 0.0822 400 526 494 547
D10 0.0637 371 506 522 554
D10 0.0557 417 510 545 548
D10 0.0539 522 525 600 547
D10 0.0534 433 501 600 552
D10 0.0531 364 525 483 554
D10 0.0502 518 450 600 473
D10 0.0502 87 515 141 536
D10 0.0470 496 512 600 545
D10 0.0465 478 451 561 474
D10 0.0457 389 449 471 473
D10 0.0457 481 516 567 543
D10 0.0441 545 520 600 541
D10 0.0430 504 453 574 471
D10 0.0429 433 527 505 545
D10 0.0427 290 415 357 433
D10 0.0418 347 525 506 577
D10 0.0409 75 506 148 537
D10 0.0406 467 454 535 472
D10 0.0404 383 530 460 549
D10 0.0383 448 448 550 480
D10 0.0383 435 488 565 540
D10 0.0371 507 519 584 541
D10 0.0351 433 434 587 488
D10 0.0339 439 516 522 544
D10 0.0338 287 406 346 430
D10 0.0335 528 444 590 467
D10 0.0331 407 437 517 478
D10 0.0324 499 442 579 469
D10 0.0324 401 479 535 548
D10 0.0308 435 452 515 478
D10 0.0304 483 489 598 539
D10 0.0298 321 416 382 433
D10 0.0298 489 445 550 467
D10 0.0295 265 415 327 433
D10 0.0292 558 527 600 546
D10 0.0289 373 441 457 469
D10 0.0286 425 454 482 474
D10 0.0285 313 407 370 430
D10 0.0281 277 407 375 437
D10 0.0279 402 534 474 553
D10 0.0279 469 520 539 541
D10 0.0278 459 437 561 472
D10 0.0267 313 510 480 564
D10 0.0261 404 520 556 577
D10 0.0260 366 421 488 464
D10 0.0251 350 530 457 562
D10 0.0239 0 573 59 599
D10 0.0239 101 510 158 534
D10 0.0237 451 459 530 488
D10 0.0235 419 529 498 555
D10 0.0225 421 419 531 466
D10 0.0224 401 429 563 510
D10 0.0224 478 526 550 544
D10 0.0221 5 498 154 565
D10 0.0215 295 528 456 584
D10 0.0214 451 419 573 463
D10 0.0213 457 519 600 585
D10 0.0212 458 445 524 467
D10 0.0211 425 446 481 469
D10 0.0210 183 546 235 569
D10 0.0208 345 427 520 497
D10 0.0204 40 492 160 540
D10 0.0195 374 536 447 555
D10 0.0192 348 436 478 475
D10 0.0192 444 461 502 484
D10 0.0192 342 528 425 554
D10 0.0188 477 461 541 483
D10 0.0186 520 529 600 569
D10 0.0186 531 457 600 486
D10 0.0184 332 408 389 430
D10 0.0184 0 559 76 597
D10 0.0183 560 451 600 473
D10 0.0182 549 535 599 556
D10 0.0182 169 539 253 579
D10 0.0182 312 410 418 438
D10 0.0180 488 510 556 536
D10 0.0176 410 496 500 546
D10 0.0176 175 553 227 579
D10 0.0172 316 530 412 567
D10 0.0170 470 455 568 490
D10 0.0170 339 483 493 553
D10 0.0170 90 498 137 531
D10 0.0167 260 399 360 432
D10 0.0165 61 516 129 539
D10 0.0163 34 506 136 547
D10 0.0163 396 434 456 461
D10 0.0160 62 506 177 555
D10 0.0159 394 451 482 490
D10 0.0158 0 523 66 577
D10 0.0156 91 522 138 546
D10 0.0154 325 419 456 461
D10 0.0154 0 442 47 463
D10 0.0152 517 460 580 482
D10 0.0149 6 520 122 587
D10 0.0149 150 547 235 591
D10 0.0148 548 508 599 536
D10 0.0147 498 417 597 462
D10 0.0147 89 500 189 537
D10 0.0146 464 505 546 539
D10 0.0146 16 572 98 600
D10 0.0145 513 509 578 536
D10 0.0142 431 527 525 562
D10 0.0142 293 423 353 443
D10 0.0141 532 433 600 472
D10 0.0141 297 394 351 424
D10 0.0140 408 458 468 481
D10 0.0139 0 546 59 589
D10 0.0138 438 405 600 477
D10 0.0134 0 534 42 559
D10 0.0134 429 507 482 538
D10 0.0132 266 424 325 443
D10 0.0132 280 545 429 599
D10 0.0132 248 414 303 434
D10 0.0131 5 433 54 457
D10 0.0131 258 405 314 430
D10 0.0130 377 521 445 546
D10 0.0130 371 452 436 472
D10 0.0129 137 459 211 488
D10 0.0129 340 536 404 555
D10 0.0126 0 542 41 569
D10 0.0125 316 394 365 423
D10 0.0125 0 515 94 561
D10 0.0124 394 533 479 581
D10 0.0123 347 416 413 435
D10 0.0123 461 470 520 496
D10 0.0123 485 526 576 563
D10 0.0121 341 515 451 552
D10 0.0121 415 513 480 547
D10 0.0121 240 407 336 436
D10 0.0121 561 460 600 484
D10 0.0119 122 528 230 584
D10 0.0119 561 442 600 467
D10 0.0117 248 424 303 443
D10 0.0116 539 516 600 561
D10 0.0116 455 507 508 537
D10 0.0115 208 440 282 469
D10 0.0115 178 531 277 571
D10 0.0115 192 539 244 564
D10 0.0113 278 415 372 450
D10 0.0113 278 532 391 582
D10 0.0113 159 450 231 478
D10 0.0111 342 545 470 595
D10 0.0111 164 562 220 592
D10 0.0108 145 524 281 588
D10 0.0107 323 423 380 443
D10 0.0106 332 530 395 552
D10 0.0105 323 400 450 445
D10 0.0105 501 428 600 485
D10 0.0104 257 551 375 596
D10 0.0103 463 478 518 504
D10 0.0102 6 545 104 595
D10 0.0102 276 573 360 600
D10 0.0102 4 525 54 551
D10 0.0101 553 553 597 583
D10 0.0100 0 432 60 471
D10 0.0100 264 498 457 578
D20 0.0769 423 454 600 545
D20 0.0468 0 528 42 600
D20 0.0339 0 492 202 596
D20 0.0316 369 448 534 549
D20 0.0313 0 551 73 600
D20 0.0294 115 457 552 600
D20 0.0267 398 486 598 584
D20 0.0265 0 478 155 563
D20 0.0262 420 443 547 521
D20 0.0231 0 532 130 600
D20 0.0229 487 471 600 552
D20 0.0227 446 528 600 600
D20 0.0226 0 417 427 577
D20 0.0222 271 439 600 572
D20 0.0221 282 386 372 430
D20 0.0219 473 503 573 542
D20 0.0218 0 572 46 599
D20 0.0202 0 479 93 600
D20 0.0197 464 451 588 509
D20 0.0194 55 491 142 536
D20 0.0193 71 508 246 596
D20 0.0185 318 377 365 400
D20 0.0182 17 463 230 570
D20 0.0181 525 553 600 600
D20 0.0173 316 410 512 472
D20 0.0170 372 427 470 467
D20 0.0170 0 542 24 600
D20 0.0169 448 463 533 509
D20 0.0168 494 439 600 528
D20 0.0166 313 534 500 600
D20 0.0165 328 437 509 524
D20 0.0163 524 463 600 600
D20 0.0161 0 560 34 595
D20 0.0160 297 376 386 421
D20 0.0158 286 493 533 586
D20 0.0158 47 481 333 600
D20 0.0157 0 0 408 294
D20 0.0155 108 539 245 599
D20 0.0154 446 477 540 542
D20 0.0154 167 0 600 294
D20 0.0153 9 370 600 600
D20 0.0151 248 398 347 432
D20 0.0151 320 368 362 412
D20 0.0148 419 413 600 600
D20 0.0148 425 412 526 552
D20 0.0145 225 376 359 432
D20 0.0144 290 389 493 453
D20 0.0144 0 118 290 600
D20 0.0142 139 556 230 599
D20 0.0139 316 373 350 406
D20 0.0139 139 440 255 480
D20 0.0138 24 470 167 534
D20 0.0137 261 371 448 433
D20 0.0136 447 491 585 559
D20 0.0136 308 384 357 410
D20 0.0135 507 501 600 559
D20 0.0135 0 442 147 520
D20 0.0134 312 118 600 600
D20 0.0133 109 450 244 505
D20 0.0132 394 402 525 500
D20 0.0131 0 394 45 465
D20 0.0130 259 391 403 438
D20 0.0130 188 405 556 553
D20 0.0128 0 0 600 434
D20 0.0127 66 482 207 547
D20 0.0126 0 373 88 466
D20 0.0125 533 478 600 547
D20 0.0123 88 454 251 541
D20 0.0121 249 404 301 430
D20 0.0121 0 145 600 600
D20 0.0120 427 465 528 586
D20 0.0119 511 519 598 586
D20 0.0119 471 462 545 527
D20 0.0115 181 511 464 600
D20 0.0115 454 0 600 228
D20 0.0115 446 434 537 493
D20 0.0114 0 507 27 591
D20 0.0113 165 432 295 483
D20 0.0113 311 363 356 436
D20 0.0113 130 469 253 593
D20 0.0112 286 382 352 416
D20 0.0112 440 398 584 493
D20 0.0112 201 393 342 441
D20 0.0111 319 382 364 430
D20 0.0110 325 364 356 398
D20 0.0110 0 581 27 600
D20 0.0110 6 562 116 600
D20 0.0110 573 527 600 600
D20 0.0110 300 356 530 600
D20 0.0109 295 396 351 433
D20 0.0109 295 390 332 427
D20 0.0109 557 470 600 590
D20 0.0108 131 441 294 513
D20 0.0107 544 460 600 524
D20 0.0107 0 0 145 218
D20 0.0106 129 526 349 600
D20 0.0106 372 506 515 587
D20 0.0105 0 379 147 600
D20 0.0104 334 378 363 415
D20 0.0103 287 401 323 431
D20 0.0103 277 371 338 431
D20 0.0103 409 517 547 600
D20 0.0103 0 568 19 600
D20 0.0102 515 471 582 539
D20 0.0102 177 420 287 461
D20 0.0102 312 366 374 397
D20 0.0102 373 427 487 499
D20 0.0100 161 451 266 497
D40 0.0424 94 515 147 536
D40 0.0220 88 506 131 536
D40 0.0218 0 566 38 600
D40 0.0211 305 558 395 597
D40 0.0192 186 443 239 465
D40 0.0165 322 565 379 592
D40 0.0150 112 505 151 536
D40 0.0144 173 437 250 471
D40 0.0140 135 339 190 363
D40 0.0133 89 496 152 540
D40 0.0132 296 571 375 599
D40 0.0130 328 573 388 597
D40 0.0127 503 515 555 542
D40 0.0127 98 516 135 548
D40 0.0117 0 439 133 520
D40 0.0114 0 455 101 502
D40 0.0111 120 331 195 367
D40 0.0106 0 434 96 483
D40 0.0105 176 452 231 474
D40 0.0104 177 435 232 458
D40 0.0104 3 427 40 460
D40 0.0102 0 469 62 516
D40 0.0102 93 491 192 533
D40 0.0101 0 473 32 512
D40 0.0101 183 542 221 575
D40 0.0100 0 412 92 466
