D00 0.0793 363 575 414 598
D00 0.0519 49 427 89 508
D00 0.0467 58 443 81 503
D00 0.0438 357 569 443 599
D00 0.0434 350 553 413 600
D00 0.0394 66 518 110 595
D00 0.0337 50 438 75 496
D00 0.0331 335 549 466 595
D00 0.0319 30 422 149 590
D00 0.0315 44 542 106 600
D00 0.0310 74 502 117 581
D00 0.0304 363 538 430 600
D00 0.0282 259 575 313 599
D00 0.0279 11 417 127 539
D00 0.0278 44 469 122 595
D00 0.0269 373 568 401 599
D00 0.0269 292 538 436 600
D00 0.0264 38 451 80 507
D00 0.0262 74 532 103 584
D00 0.0258 0 376 213 593
D00 0.0257 353 571 398 599
D00 0.0233 50 430 115 530
D00 0.0228 63 430 136 566
D00 0.0219 19 432 84 501
D00 0.0217 61 400 184 575
D00 0.0215 82 523 110 577
D00 0.0209 322 511 472 600
D00 0.0208 147 577 210 599
D00 0.0203 506 425 596 520
D00 0.0202 544 441 596 537
D00 0.0202 254 550 316 600
D00 0.0197 62 542 131 599
D00 0.0196 371 581 438 599
D00 0.0196 531 429 600 586
D00 0.0196 53 436 87 477
D00 0.0195 87 450 130 527
D00 0.0194 19 555 88 599
D00 0.0192 119 559 216 600
D00 0.0190 247 439 456 592
D00 0.0189 303 488 368 548
D00 0.0188 32 443 98 551
D00 0.0186 65 542 96 593
D00 0.0184 266 385 528 597
D00 0.0181 85 482 127 567
D00 0.0178 41 423 106 487
D00 0.0174 485 385 597 558
D00 0.0173 0 401 107 494
D00 0.0173 29 446 116 502
D00 0.0172 435 569 505 600
D00 0.0171 336 520 424 594
D00 0.0167 28 486 98 586
D00 0.0166 290 488 404 600
D00 0.0165 450 417 572 585
D00 0.0163 54 384 308 600
D00 0.0163 33 414 230 537
D00 0.0161 75 471 159 596
D00 0.0160 44 403 148 498
D00 0.0158 16 371 164 518
D00 0.0158 368 391 575 570
D00 0.0158 461 421 590 495
D00 0.0156 100 427 223 586
D00 0.0156 84 506 112 561
D00 0.0155 69 419 131 514
D00 0.0155 61 440 92 494
D00 0.0152 95 465 122 518
D00 0.0152 379 558 410 599
D00 0.0150 409 381 590 487
D00 0.0150 314 454 541 578
D00 0.0150 267 561 304 598
D00 0.0149 57 567 97 600
D00 0.0148 162 451 229 510
D00 0.0148 299 401 413 579
D00 0.0145 256 568 347 600
D00 0.0145 93 553 179 599
D00 0.0144 547 478 596 583
D00 0.0142 279 526 325 600
D00 0.0141 129 570 196 600
D00 0.0141 72 520 108 562
D00 0.0140 53 553 87 598
D00 0.0140 526 461 584 558
D00 0.0136 103 458 130 512
D00 0.0135 3 572 69 598
D00 0.0135 365 430 492 591
D00 0.0135 48 458 91 488
D00 0.0135 94 470 137 546
D00 0.0134 383 555 448 599
D00 0.0134 259 406 377 576
D00 0.0133 91 513 119 569
D00 0.0132 220 373 411 600
D00 0.0131 0 341 130 568
D00 0.0131 49 460 73 512
D00 0.0130 280 570 321 600
D00 0.0129 533 571 600 600
D00 0.0128 415 552 497 600
D00 0.0128 420 406 556 471
D00 0.0128 452 560 493 594
D00 0.0127 270 495 353 597
D00 0.0126 218 437 344 586
D00 0.0126 553 530 600 600
D00 0.0125 31 444 90 485
D00 0.0125 235 330 261 375
D00 0.0123 143 408 265 569
D00 0.0123 573 503 599 550
D00 0.0123 372 524 464 594
D00 0.0123 121 573 169 597
D00 0.0120 365 545 395 599
D00 0.0119 93 424 138 509
D00 0.0118 202 344 241 378
D00 0.0117 43 527 104 576
D00 0.0116 412 575 482 598
D00 0.0114 514 408 594 484
D00 0.0114 244 338 269 381
D00 0.0114 401 389 530 456
D00 0.0114 318 547 398 600
D00 0.0114 152 395 278 501
D00 0.0114 160 445 213 490
D00 0.0114 328 578 404 600
D00 0.0113 95 486 120 534
D00 0.0113 475 447 578 502
D00 0.0112 170 451 198 498
D00 0.0112 0 546 35 600
D00 0.0112 442 558 538 598
D00 0.0112 243 566 300 600
D00 0.0111 535 390 600 506
D00 0.0111 137 533 190 600
D00 0.0111 229 546 297 600
D00 0.0111 83 380 241 518
D00 0.0111 459 574 520 600
D00 0.0110 12 465 82 570
D00 0.0110 130 330 378 600
D00 0.0110 361 490 439 600
D00 0.0109 194 357 251 380
D00 0.0108 57 493 120 559
D00 0.0108 493 466 586 518
D00 0.0108 46 467 91 498
D00 0.0107 272 581 330 600
D00 0.0107 70 449 125 503
D00 0.0107 567 504 600 588
D00 0.0107 569 468 600 530
D00 0.0106 76 556 116 593
D00 0.0105 502 444 570 533
D00 0.0105 315 373 570 502
D00 0.0105 17 392 112 461
D00 0.0105 220 335 258 371
D00 0.0104 55 448 103 478
D00 0.0104 137 321 192 344
D00 0.0103 181 454 307 599
D00 0.0103 103 446 146 525
D00 0.0102 488 455 588 600
D00 0.0102 79 409 155 480
D00 0.0100 523 491 592 600
D00 0.0100 35 465 106 525
D00 0.0100 45 430 81 464
D00 0.0100 525 450 590 513
D10 0.0723 0 545 90 574
D10 0.0588 316 479 406 502
D10 0.0584 92 574 183 598
D10 0.0559 0 551 77 584
D10 0.0469 71 558 181 596
D10 0.0441 26 547 98 569
D10 0.0432 54 540 209 597
D10 0.0416 126 577 198 598
D10 0.0399 9 546 102 594
D10 0.0395 91 566 163 591
D10 0.0373 295 478 398 513
D10 0.0372 0 547 56 570
D10 0.0355 28 554 94 580
D10 0.0344 230 546 289 563
D10 0.0335 350 543 513 597
D10 0.0332 279 473 411 530
D10 0.0298 216 539 309 573
D10 0.0294 328 474 394 497
D10 0.0290 322 468 434 502
D10 0.0284 0 533 74 568
D10 0.0284 311 522 415 558
D10 0.0272 98 503 175 530
D10 0.0271 120 566 187 594
D10 0.0259 5 528 112 576
D10 0.0259 109 559 209 600
D10 0.0259 352 481 419 501
D10 0.0254 106 499 165 522
D10 0.0253 112 582 180 600
D10 0.0251 204 542 281 567
D10 0.0244 304 488 377 517
D10 0.0244 0 420 72 451
D10 0.0241 62 499 118 520
D10 0.0232 16 416 120 468
D10 0.0230 93 491 204 527
D10 0.0228 70 571 151 599
D10 0.0226 56 544 103 571
D10 0.0225 34 489 124 531
D10 0.0222 355 568 469 600
D10 0.0222 92 499 141 522
D10 0.0221 325 530 424 569
D10 0.0220 7 563 79 593
D10 0.0220 426 554 498 584
D10 0.0209 27 537 98 563
D10 0.0202 325 482 427 518
D10 0.0202 292 459 399 505
D10 0.0201 303 483 365 502
D10 0.0200 283 487 364 531
D10 0.0198 406 557 503 597
D10 0.0197 264 445 434 526
D10 0.0197 51 422 126 454
D10 0.0197 0 424 86 467
D10 0.0196 336 528 459 590
D10 0.0195 64 508 115 529
D10 0.0191 331 529 401 551
D10 0.0190 324 489 393 509
D10 0.0188 32 506 111 535
D10 0.0186 84 507 130 528
D10 0.0186 549 405 599 428
D10 0.0186 74 549 154 586
D10 0.0180 78 498 160 542
D10 0.0178 5 390 133 460
D10 0.0176 433 564 493 591
D10 0.0175 0 515 84 546
D10 0.0174 8 433 75 454
D10 0.0174 120 508 189 527
D10 0.0171 20 476 124 519
D10 0.0162 171 430 315 496
D10 0.0160 47 531 108 569
D10 0.0159 52 433 110 456
D10 0.0159 43 426 102 447
D10 0.0159 47 500 124 547
D10 0.0156 81 469 197 517
D10 0.0156 110 544 273 600
D10 0.0154 19 425 82 447
D10 0.0152 343 536 409 555
D10 0.0152 397 526 549 591
D10 0.0152 550 414 598 436
D10 0.0151 227 548 296 580
D10 0.0151 59 414 134 444
D10 0.0151 62 558 133 594
D10 0.0151 435 550 525 590
D10 0.0150 239 450 378 516
D10 0.0149 452 557 506 579
D10 0.0148 7 522 96 559
D10 0.0148 111 499 214 536
D10 0.0145 52 466 146 518
D10 0.0145 76 543 129 572
D10 0.0145 74 488 123 514
D10 0.0144 132 499 198 521
D10 0.0144 301 484 437 553
D10 0.0144 47 429 144 491
D10 0.0143 389 576 462 598
D10 0.0143 36 433 89 455
D10 0.0143 70 552 120 581
D10 0.0142 103 555 166 583
D10 0.0142 50 488 110 512
D10 0.0142 393 540 499 583
D10 0.0140 288 491 346 517
D10 0.0139 22 494 100 524
D10 0.0139 357 533 433 563
D10 0.0138 3 505 81 536
D10 0.0137 78 535 127 562
D10 0.0137 87 582 150 600
D10 0.0136 49 504 146 568
D10 0.0135 522 397 600 438
D10 0.0135 1 526 64 553
D10 0.0134 63 416 166 467
D10 0.0133 137 570 235 600
D10 0.0133 103 436 221 490
D10 0.0132 297 470 377 501
D10 0.0131 43 396 145 449
D10 0.0130 94 519 242 594
D10 0.0129 29 518 96 540
D10 0.0128 0 423 41 448
D10 0.0126 381 565 449 594
D10 0.0126 140 457 213 490
D10 0.0126 0 519 52 542
D10 0.0125 241 533 308 565
D10 0.0124 184 530 286 568
D10 0.0123 8 486 104 542
D10 0.0123 219 367 275 388
D10 0.0123 549 394 599 421
D10 0.0122 83 540 161 576
D10 0.0121 369 530 465 574
D10 0.0119 115 551 190 588
D10 0.0119 196 545 288 587
D10 0.0119 0 414 49 441
D10 0.0119 368 473 423 496
D10 0.0119 0 535 43 562
D10 0.0118 112 572 160 597
D10 0.0117 307 368 358 389
D10 0.0117 66 515 111 542
D10 0.0116 235 544 313 594
D10 0.0116 98 511 172 543
D10 0.0116 88 416 141 439
D10 0.0115 66 524 108 554
D10 0.0114 253 564 303 595
D10 0.0114 198 445 291 485
D10 0.0114 355 488 417 510
D10 0.0113 437 544 594 600
D10 0.0113 153 412 277 483
D10 0.0112 281 480 353 512
D10 0.0111 357 473 449 508
D10 0.0111 67 428 135 462
D10 0.0110 245 357 325 383
D10 0.0109 147 504 220 531
D10 0.0109 80 503 188 566
D10 0.0108 544 507 599 530
D10 0.0108 236 367 296 388
D10 0.0107 153 500 248 535
D10 0.0107 258 544 308 564
D10 0.0106 335 516 416 549
D10 0.0106 436 547 491 572
D10 0.0105 115 489 177 516
D10 0.0105 213 520 353 592
D10 0.0105 83 515 127 541
D10 0.0104 58 436 127 471
D10 0.0104 151 566 207 594
D10 0.0103 200 442 268 474
D10 0.0102 22 413 98 445
D10 0.0102 88 423 140 449
D10 0.0101 403 565 473 592
D10 0.0101 310 497 362 525
D10 0.0101 251 535 337 584
D10 0.0100 275 366 350 391
D10 0.0100 0 431 41 456
D10 0.0100 81 524 126 554
D20 0.0547 0 506 143 596
D20 0.0493 0 555 95 600
D20 0.0480 33 415 491 591
D20 0.0396 41 506 216 599
D20 0.0384 21 536 175 597
D20 0.0360 9 474 279 596
D20 0.0343 336 543 499 598
D20 0.0339 35 431 131 600
D20 0.0324 276 511 441 598
D20 0.0312 89 441 274 513
D20 0.0284 244 487 536 595
D20 0.0264 54 451 181 590
D20 0.0260 4 394 133 511
D20 0.0251 33 530 108 593
D20 0.0245 38 420 156 539
D20 0.0245 281 423 600 594
D20 0.0244 0 534 76 590
D20 0.0231 19 473 109 593
D20 0.0229 0 398 303 576
D20 0.0226 71 514 133 583
D20 0.0211 3 461 154 575
D20 0.0210 67 468 240 561
D20 0.0198 197 340 275 381
D20 0.0197 62 541 152 591
D20 0.0196 68 461 212 526
D20 0.0193 439 401 600 489
D20 0.0189 24 561 139 600
D20 0.0185 101 452 224 506
D20 0.0184 47 511 112 576
D20 0.0177 213 348 261 376
D20 0.0171 372 562 500 600
D20 0.0170 238 497 370 599
D20 0.0169 95 480 205 522
D20 0.0167 467 426 600 518
D20 0.0167 0 515 50 583
D20 0.0166 220 358 273 381
D20 0.0165 164 524 400 600
D20 0.0163 63 489 418 600
D20 0.0163 303 524 540 600
D20 0.0163 0 546 51 600
D20 0.0157 0 518 96 565
D20 0.0156 89 538 187 595
D20 0.0155 90 535 294 600
D20 0.0152 88 459 144 524
D20 0.0150 0 0 408 294
D20 0.0147 167 0 600 294
D20 0.0146 0 376 150 600
D20 0.0146 386 489 590 592
D20 0.0145 50 426 183 500
D20 0.0145 128 451 260 567
D20 0.0144 324 368 600 531
D20 0.0142 1 354 136 465
D20 0.0141 451 375 600 600
D20 0.0140 51 445 145 510
D20 0.0139 353 448 564 576
D20 0.0138 0 311 408 600
D20 0.0138 180 455 327 569
D20 0.0136 47 423 117 483
D20 0.0135 167 311 600 600
D20 0.0135 73 526 171 575
D20 0.0135 209 351 305 386
D20 0.0133 74 492 161 596
D20 0.0133 223 345 289 378
D20 0.0133 0 118 290 600
D20 0.0133 38 476 160 550
D20 0.0131 290 473 395 592
D20 0.0131 102 458 210 600
D20 0.0131 128 408 347 567
D20 0.0131 312 118 600 600
D20 0.0128 48 362 151 503
D20 0.0126 277 553 420 600
D20 0.0126 0 429 103 559
D20 0.0126 396 538 597 600
D20 0.0125 147 332 242 370
D20 0.0125 148 335 283 388
D20 0.0125 118 313 281 377
D20 0.0124 173 412 314 510
D20 0.0122 66 457 129 521
D20 0.0122 0 0 600 434
D20 0.0122 0 0 145 217
D20 0.0122 103 462 168 523
D20 0.0121 0 405 78 449
D20 0.0121 378 0 600 146
D20 0.0121 128 426 240 504
D20 0.0120 118 496 264 600
D20 0.0120 0 478 63 600
D20 0.0120 94 480 159 534
D20 0.0117 71 376 394 539
D20 0.0117 0 324 232 531
D20 0.0117 133 322 217 358
D20 0.0116 239 343 272 379
D20 0.0116 119 406 280 494
D20 0.0114 216 335 274 369
D20 0.0114 427 370 600 451
D20 0.0113 544 416 600 480
D20 0.0111 525 566 600 600
D20 0.0111 0 145 600 600
D20 0.0111 414 542 503 596
D20 0.0110 146 329 202 353
D20 0.0109 176 346 251 377
D20 0.0109 0 417 73 472
D20 0.0108 244 547 355 597
D20 0.0107 0 399 47 468
D20 0.0107 567 487 600 561
D20 0.0106 114 552 201 600
D20 0.0106 508 389 600 507
D20 0.0106 20 514 85 585
D20 0.0105 120 447 219 488
D20 0.0104 131 319 197 347
D20 0.0103 0 0 271 179
D20 0.0102 58 414 133 464
D20 0.0102 528 478 600 600
D20 0.0101 183 543 335 600
D20 0.0101 264 442 367 571
D20 0.0100 0 421 102 498
D20 0.0100 388 0 600 295
D40 0.0720 295 504 368 550
D40 0.0612 306 521 376 553
D40 0.0578 310 509 353 547
D40 0.0533 261 492 412 583
D40 0.0509 2 543 109 595
D40 0.0457 148 445 279 508
D40 0.0424 281 490 384 544
D40 0.0413 169 452 261 497
D40 0.0395 0 467 81 511
D40 0.0376 313 531 389 559
D40 0.0374 125 478 427 595
D40 0.0338 49 442 356 581
D40 0.0326 210 477 382 563
D40 0.0321 279 522 391 586
D40 0.0317 71 538 106 578
D40 0.0304 293 495 353 533
D40 0.0296 273 497 358 573
D40 0.0291 156 453 342 533
D40 0.0286 13 478 72 505
D40 0.0285 32 572 87 599
D40 0.0280 41 513 121 591
D40 0.0265 141 466 254 515
D40 0.0261 23 558 93 598
D40 0.0247 186 449 258 481
D40 0.0241 0 546 55 591
D40 0.0234 59 532 134 584
D40 0.0230 210 452 491 588
D40 0.0230 0 518 81 588
D40 0.0228 77 529 112 570
D40 0.0227 311 534 397 579
D40 0.0217 26 453 89 515
D40 0.0215 259 476 370 524
D40 0.0211 184 469 273 512
D40 0.0205 61 547 100 587
D40 0.0202 0 543 45 575
D40 0.0196 195 459 256 486
D40 0.0196 112 433 256 498
D40 0.0195 288 544 412 596
D40 0.0191 21 496 108 578
D40 0.0190 88 422 314 533
D40 0.0187 50 357 472 549
D40 0.0184 323 514 357 555
D40 0.0183 115 468 292 592
D40 0.0180 153 423 332 503
D40 0.0178 294 528 365 560
D40 0.0177 0 421 117 502
D40 0.0177 171 441 252 473
D40 0.0177 254 483 342 551
D40 0.0174 43 469 76 509
D40 0.0174 99 469 221 516
D40 0.0172 133 415 402 552
D40 0.0170 206 471 335 520
D40 0.0168 194 469 257 497
D40 0.0166 49 426 129 471
D40 0.0165 32 462 73 501
D40 0.0163 570 491 600 528
D40 0.0162 423 412 471 439
D40 0.0161 315 510 371 577
D40 0.0161 172 460 238 487
D40 0.0161 410 402 482 445
D40 0.0159 51 562 100 592
D40 0.0156 125 450 236 529
D40 0.0155 194 479 259 504
D40 0.0155 9 475 109 518
D40 0.0155 507 445 592 508
D40 0.0151 431 412 593 495
D40 0.0150 207 459 264 504
D40 0.0150 201 348 587 543
D40 0.0150 136 489 232 526
D40 0.0149 0 557 36 595
D40 0.0146 230 528 317 571
D40 0.0146 152 456 222 490
D40 0.0146 21 487 77 511
D40 0.0144 178 478 329 545
D40 0.0143 0 454 115 531
D40 0.0143 98 481 132 521
D40 0.0142 152 458 216 519
D40 0.0141 161 464 231 499
D40 0.0140 6 409 93 479
D40 0.0139 11 467 58 500
D40 0.0139 155 499 211 521
D40 0.0139 477 426 600 521
D40 0.0138 237 359 294 382
D40 0.0138 85 478 172 524
D40 0.0134 41 549 122 600
D40 0.0134 168 452 225 480
D40 0.0133 167 473 241 509
D40 0.0132 292 524 349 550
D40 0.0132 314 502 395 555
D40 0.0131 203 453 328 504
D40 0.0131 255 515 337 591
D40 0.0130 91 493 123 527
D40 0.0130 101 488 150 517
D40 0.0129 236 459 354 542
D40 0.0129 82 537 123 577
D40 0.0128 314 494 347 540
D40 0.0127 263 495 343 527
D40 0.0127 300 473 385 532
D40 0.0126 157 489 209 515
D40 0.0126 414 403 462 432
D40 0.0125 8 475 95 555
D40 0.0125 200 440 266 492
D40 0.0124 0 572 56 598
D40 0.0122 553 475 599 524
D40 0.0121 91 471 125 513
D40 0.0121 249 537 301 561
D40 0.0120 118 444 204 511
D40 0.0117 238 541 275 568
D40 0.0117 425 416 485 450
D40 0.0116 11 481 56 515
D40 0.0116 44 555 80 599
D40 0.0116 564 506 600 532
D40 0.0116 4 475 45 507
D40 0.0116 534 458 597 520
D40 0.0115 103 477 245 540
D40 0.0115 166 462 202 500
D40 0.0114 170 488 269 528
D40 0.0113 124 484 205 519
D40 0.0111 389 393 469 437
D40 0.0111 323 518 388 545
D40 0.0111 75 288 578 600
D40 0.0110 139 474 209 511
D40 0.0110 107 472 142 513
D40 0.0110 387 381 549 460
D40 0.0110 99 464 133 504
D40 0.0109 114 493 153 525
D40 0.0109 279 491 340 516
D40 0.0107 0 418 42 451
D40 0.0107 322 544 384 566
D40 0.0107 302 538 374 571
D40 0.0106 165 439 230 511
D40 0.0105 335 529 399 568
D40 0.0105 227 475 266 508
D40 0.0104 0 485 85 530
D40 0.0104 8 455 78 494
D40 0.0104 0 531 35 566
D40 0.0103 55 431 101 464
D40 0.0103 159 462 267 553
D40 0.0103 286 501 332 536
D40 0.0103 195 487 260 512
D40 0.0102 345 525 392 554
D40 0.0102 215 460 271 485
D40 0.0102 86 461 168 511
D40 0.0102 236 353 335 385
D40 0.0101 316 521 350 565
D40 0.0101 225 487 336 583
D40 0.0100 543 497 597 523
D40 0.0100 569 472 599 512
