D00 0.1125 350 351 371 412
D00 0.1015 343 341 378 426
D00 0.0935 457 547 563 600
D00 0.0862 373 407 519 593
D00 0.0862 431 510 582 600
D00 0.0745 492 553 595 600
D00 0.0734 440 531 524 600
D00 0.0709 435 525 482 600
D00 0.0668 335 327 397 441
D00 0.0643 343 324 426 471
D00 0.0590 496 462 600 600
D00 0.0581 443 547 469 600
D00 0.0561 356 358 379 418
D00 0.0559 348 322 390 408
D00 0.0534 355 349 409 452
D00 0.0524 349 358 388 443
D00 0.0524 400 458 492 599
D00 0.0518 363 355 455 520
D00 0.0494 341 352 365 409
D00 0.0461 473 531 589 592
D00 0.0440 386 410 467 550
D00 0.0430 442 554 491 600
D00 0.0421 334 325 373 409
D00 0.0416 354 320 412 387
D00 0.0412 348 328 446 418
D00 0.0404 420 499 470 599
D00 0.0402 351 351 382 392
D00 0.0398 454 402 596 596
D00 0.0393 320 335 376 456
D00 0.0379 539 530 600 600
D00 0.0375 354 363 419 504
D00 0.0374 378 415 419 513
D00 0.0371 349 319 396 345
D00 0.0350 372 368 431 474
D00 0.0349 330 343 406 511
D00 0.0348 264 365 514 598
D00 0.0345 353 345 401 400
D00 0.0345 367 439 454 600
D00 0.0343 357 326 418 359
D00 0.0337 347 343 375 384
D00 0.0328 367 352 498 469
D00 0.0319 347 376 374 418
D00 0.0316 394 463 442 553
D00 0.0307 358 330 434 375
D00 0.0303 427 499 509 585
D00 0.0300 435 567 479 600
D00 0.0296 333 360 375 441
D00 0.0295 389 390 452 499
D00 0.0288 333 337 415 397
D00 0.0288 353 371 399 424
D00 0.0281 498 569 560 598
D00 0.0279 393 406 458 467
D00 0.0272 333 326 476 556
D00 0.0271 434 540 460 599
D00 0.0270 521 505 590 596
D00 0.0268 470 450 583 565
D00 0.0267 351 362 465 442
D00 0.0267 371 399 411 486
D00 0.0263 570 523 600 598
D00 0.0256 548 479 597 595
D00 0.0253 378 395 442 460
D00 0.0253 371 337 423 365
D00 0.0251 440 580 492 600
D00 0.0251 13 363 162 588
D00 0.0248 360 386 402 476
D00 0.0246 310 384 433 580
D00 0.0245 402 500 449 590
D00 0.0244 409 482 462 566
D00 0.0242 341 312 394 378
D00 0.0241 384 438 431 525
D00 0.0240 0 411 105 540
D00 0.0239 341 312 387 338
D00 0.0238 356 326 384 383
D00 0.0236 365 337 431 400
D00 0.0235 499 432 591 536
D00 0.0234 404 420 470 485
D00 0.0233 421 529 456 600
D00 0.0233 250 460 325 600
D00 0.0232 316 348 376 411
D00 0.0232 375 339 454 383
D00 0.0231 353 385 383 425
D00 0.0231 286 444 491 578
D00 0.0230 305 325 415 423
D00 0.0228 400 375 538 487
D00 0.0225 409 451 465 539
D00 0.0225 0 465 104 596
D00 0.0225 409 389 499 514
D00 0.0222 343 377 387 489
D00 0.0221 256 528 299 600
D00 0.0218 517 572 589 598
D00 0.0215 359 332 399 370
D00 0.0214 466 483 559 594
D00 0.0210 66 384 186 573
D00 0.0210 361 353 390 409
D00 0.0209 343 362 420 417
D00 0.0209 455 418 568 520
D00 0.0209 335 358 389 399
D00 0.0208 92 363 236 591
D00 0.0205 498 462 558 522
D00 0.0203 382 345 451 437
D00 0.0203 363 379 390 432
D00 0.0202 410 542 496 598
D00 0.0200 439 569 518 600
D00 0.0199 412 322 573 589
D00 0.0197 328 341 360 406
D00 0.0197 333 357 375 384
D00 0.0196 114 494 245 600
D00 0.0196 0 522 47 600
D00 0.0195 380 347 433 374
D00 0.0194 348 318 376 368
D00 0.0192 516 450 584 515
D00 0.0192 357 418 419 557
D00 0.0190 149 380 257 575
D00 0.0190 294 336 366 487
D00 0.0190 272 534 297 583
D00 0.0190 363 337 393 389
D00 0.0187 355 384 385 461
D00 0.0186 399 386 436 454
D00 0.0186 287 431 359 597
D00 0.0186 355 356 402 383
D00 0.0185 278 447 333 585
D00 0.0185 341 327 364 384
D00 0.0184 0 20 29 108
D00 0.0184 267 486 312 588
D00 0.0183 263 541 291 591
D00 0.0183 536 432 600 574
D00 0.0183 384 512 482 600
D00 0.0181 395 349 461 408
D00 0.0181 474 470 543 531
D00 0.0181 227 506 314 597
D00 0.0181 420 401 585 495
D00 0.0180 325 378 365 487
D00 0.0179 388 410 428 477
D00 0.0178 0 395 138 488
D00 0.0177 402 411 432 461
D00 0.0176 381 375 487 431
D00 0.0176 155 477 277 594
D00 0.0176 376 331 430 356
D00 0.0176 363 320 408 351
D00 0.0176 484 386 600 508
D00 0.0175 226 409 437 596
D00 0.0175 71 538 214 600
D00 0.0175 309 364 380 532
D00 0.0174 368 342 410 380
D00 0.0173 422 581 473 600
D00 0.0172 428 423 493 482
D00 0.0172 404 362 470 457
D00 0.0171 381 472 430 586
D00 0.0171 170 356 302 594
D00 0.0170 14 492 151 600
D00 0.0168 109 332 234 396
D00 0.0166 327 425 403 593
D00 0.0164 490 440 551 511
D00 0.0162 405 366 484 412
D00 0.0162 398 417 438 489
D00 0.0162 486 562 540 598
D00 0.0162 359 398 474 477
D00 0.0162 360 336 492 400
D00 0.0161 418 390 555 459
D00 0.0161 557 556 597 596
D00 0.0160 544 453 600 514
D00 0.0159 386 443 410 505
D00 0.0159 393 561 484 600
D00 0.0159 17 431 139 559
D00 0.0159 360 382 413 432
D00 0.0158 206 465 295 600
D00 0.0158 417 409 486 469
D00 0.0157 351 348 393 374
D00 0.0157 51 467 202 600
D00 0.0157 353 364 400 391
D00 0.0157 118 395 361 600
D00 0.0156 248 487 296 587
D00 0.0155 349 373 388 404
D00 0.0155 468 452 533 519
D00 0.0155 307 350 352 445
D00 0.0154 401 491 435 557
D00 0.0154 378 424 401 484
D00 0.0154 408 428 448 499
D00 0.0154 180 434 245 559
D00 0.0152 513 473 590 561
D00 0.0152 367 355 406 422
D00 0.0152 404 362 468 397
D00 0.0152 350 320 473 381
D00 0.0151 120 570 191 600
D00 0.0150 261 430 318 566
D00 0.0150 344 464 426 600
D00 0.0148 440 406 505 466
D00 0.0148 378 331 419 388
D00 0.0148 410 418 441 471
D00 0.0148 386 409 448 447
D00 0.0148 555 467 600 546
D00 0.0147 272 396 340 555
D00 0.0147 262 508 349 597
D00 0.0146 311 371 396 421
D00 0.0146 141 323 242 374
D00 0.0146 380 353 513 420
D00 0.0145 164 457 231 580
D00 0.0145 268 377 378 577
D00 0.0145 461 405 527 463
D00 0.0145 507 580 568 600
D00 0.0144 13 381 177 465
D00 0.0144 508 433 573 496
D00 0.0143 345 327 389 349
D00 0.0143 231 420 310 578
D00 0.0143 337 315 373 346
D00 0.0143 5 510 81 592
D00 0.0142 1 24 25 78
D00 0.0142 113 547 180 600
D00 0.0142 298 384 349 518
D00 0.0142 164 414 230 541
D00 0.0141 349 385 373 440
D00 0.0141 417 439 457 511
D00 0.0139 0 534 115 600
D00 0.0139 480 414 544 471
D00 0.0139 462 575 541 600
D00 0.0138 46 546 163 596
D00 0.0138 337 398 393 538
D00 0.0138 512 469 547 528
D00 0.0138 391 356 444 382
D00 0.0138 361 417 402 506
D00 0.0138 394 336 437 370
D00 0.0137 398 345 465 378
D00 0.0137 333 373 374 404
D00 0.0137 131 325 248 432
D00 0.0137 496 472 544 561
D00 0.0136 298 368 473 467
D00 0.0136 188 401 272 553
D00 0.0136 424 431 466 493
D00 0.0134 12 463 74 569
D00 0.0134 0 480 56 585
D00 0.0134 1 429 95 485
D00 0.0134 120 437 242 558
D00 0.0133 241 545 339 597
D00 0.0133 315 443 368 581
D00 0.0132 377 407 401 464
D00 0.0132 127 524 308 600
D00 0.0132 263 528 323 588
D00 0.0131 384 417 411 472
D00 0.0131 0 564 77 600
D00 0.0130 176 329 250 398
D00 0.0130 172 490 238 549
D00 0.0130 263 544 306 572
D00 0.0130 378 384 418 451
D00 0.0130 288 474 411 596
D00 0.0130 487 475 550 512
D00 0.0130 78 365 200 473
D00 0.0130 470 418 534 453
D00 0.0129 411 517 459 579
D00 0.0129 422 376 504 421
D00 0.0129 95 348 218 413
D00 0.0129 442 388 508 445
D00 0.0129 11 411 115 468
D00 0.0129 50 409 149 504
D00 0.0129 505 476 569 536
D00 0.0128 326 361 362 424
D00 0.0127 9 432 247 589
D00 0.0127 440 418 511 523
D00 0.0127 492 539 549 600
D00 0.0127 393 403 424 454
D00 0.0127 45 469 121 595
D00 0.0126 467 432 532 495
D00 0.0126 144 477 217 596
D00 0.0126 340 378 365 429
D00 0.0125 530 435 594 500
D00 0.0125 342 309 412 347
D00 0.0125 171 408 237 464
D00 0.0124 304 461 345 570
D00 0.0123 235 528 286 600
D00 0.0123 389 376 428 444
D00 0.0123 195 457 266 579
D00 0.0123 138 533 217 600
D00 0.0123 582 538 600 593
D00 0.0122 392 364 443 414
D00 0.0122 2 447 93 504
D00 0.0122 445 434 513 491
D00 0.0122 393 395 477 444
D00 0.0121 71 393 169 485
D00 0.0121 566 484 600 578
D00 0.0121 181 511 361 597
D00 0.0121 509 326 600 585
D00 0.0121 371 444 413 527
D00 0.0120 287 423 328 529
D00 0.0120 394 446 446 505
D00 0.0120 451 400 516 435
D00 0.0120 402 343 535 445
D00 0.0119 26 396 137 447
D00 0.0119 322 365 369 393
D00 0.0119 407 376 444 444
D00 0.0119 420 565 457 600
D00 0.0119 407 357 461 383
D00 0.0119 186 487 241 584
D00 0.0119 372 356 424 381
D00 0.0118 362 475 407 585
D00 0.0117 492 463 531 522
D00 0.0117 79 565 177 600
D00 0.0117 256 551 298 579
D00 0.0117 281 371 335 498
D00 0.0117 134 361 254 473
D00 0.0116 410 373 463 422
D00 0.0116 367 395 391 454
D00 0.0116 312 325 404 374
D00 0.0116 160 511 234 593
D00 0.0115 0 397 67 518
D00 0.0115 157 344 233 417
D00 0.0115 225 489 280 585
D00 0.0115 567 461 600 520
D00 0.0114 419 376 472 402
D00 0.0114 383 316 485 441
D00 0.0114 67 450 137 584
D00 0.0114 444 358 574 464
D00 0.0113 118 398 237 519
D00 0.0113 202 543 304 597
D00 0.0113 334 485 392 600
D00 0.0113 0 573 49 600
D00 0.0113 177 326 240 360
D00 0.0112 293 505 504 597
D00 0.0112 167 333 228 368
D00 0.0112 34 372 169 434
D00 0.0112 396 340 437 398
D00 0.0112 0 442 58 549
D00 0.0112 187 399 254 453
D00 0.0111 540 0 600 46
D00 0.0111 495 429 547 477
D00 0.0111 385 521 430 600
D00 0.0111 342 390 427 441
D00 0.0111 331 307 388 357
D00 0.0111 76 533 140 600
D00 0.0110 380 346 418 412
D00 0.0110 1 50 24 105
D00 0.0110 85 472 157 598
D00 0.0109 383 463 417 532
D00 0.0109 21 456 102 534
D00 0.0109 492 407 573 481
D00 0.0109 306 331 357 412
D00 0.0109 333 349 376 375
D00 0.0109 217 434 284 562
D00 0.0109 0 498 37 577
D00 0.0108 195 512 271 591
D00 0.0108 226 530 399 600
D00 0.0108 21 493 101 574
D00 0.0108 517 446 579 483
D00 0.0108 34 409 210 532
D00 0.0108 520 538 575 600
D00 0.0107 509 464 572 502
D00 0.0107 42 438 122 513
D00 0.0107 375 426 454 483
D00 0.0107 445 415 482 477
D00 0.0107 51 283 314 596
D00 0.0107 502 481 540 519
D00 0.0107 161 338 410 563
D00 0.0106 374 361 440 396
D00 0.0106 138 364 215 436
D00 0.0106 172 322 279 435
D00 0.0105 333 388 393 423
D00 0.0105 141 336 216 381
D00 0.0105 1 6 25 59
D00 0.0105 197 320 257 380
D00 0.0104 89 376 191 426
D00 0.0104 477 406 557 453
D00 0.0104 1 485 91 542
D00 0.0104 120 514 200 594
D00 0.0104 176 531 254 600
D00 0.0103 392 454 421 513
D00 0.0103 88 332 235 459
D00 0.0102 45 571 116 600
D00 0.0102 0 395 99 451
D00 0.0102 151 397 219 455
D00 0.0102 343 457 385 566
D00 0.0102 205 391 345 553
D00 0.0102 29 525 137 586
D00 0.0101 369 0 600 207
D00 0.0101 204 319 253 343
D00 0.0101 0 50 29 141
D00 0.0101 315 294 490 459
D00 0.0101 467 413 520 440
D00 0.0101 417 414 450 462
D00 0.0101 162 423 225 484
D00 0.0101 512 556 549 598
D00 0.0101 474 460 511 527
D00 0.0101 199 339 266 454
D00 0.0101 373 389 401 443
D00 0.0101 380 325 414 366
D00 0.0100 188 409 240 511
D00 0.0100 409 350 491 393
D00 0.0100 109 392 208 484
D00 0.0100 141 452 336 573
D00 0.0100 217 330 276 389
D10 0.0585 528 17 600 43
D10 0.0348 410 501 504 557
D10 0.0341 445 7 520 31
D10 0.0339 503 5 600 41
D10 0.0338 428 456 496 486
D10 0.0332 463 534 560 594
D10 0.0317 490 10 571 37
D10 0.0288 455 4 548 35
D10 0.0279 400 430 515 483
D10 0.0279 469 12 533 31
D10 0.0275 427 497 552 571
D10 0.0269 421 3 509 35
D10 0.0265 406 449 485 498
D10 0.0261 390 411 493 466
D10 0.0255 509 20 574 40
D10 0.0254 420 460 472 481
D10 0.0246 434 10 494 29
D10 0.0233 411 519 510 588
D10 0.0228 508 486 599 530
D10 0.0228 427 451 480 477
D10 0.0224 495 533 595 593
D10 0.0222 436 508 513 548
D10 0.0220 445 0 592 48
D10 0.0220 417 479 549 544
D10 0.0219 375 392 473 449
D10 0.0217 456 518 536 559
D10 0.0213 398 510 477 566
D10 0.0212 481 540 568 578
D10 0.0205 427 450 553 502
D10 0.0203 449 458 579 536
D10 0.0199 399 422 452 450
D10 0.0198 541 23 600 53
D10 0.0193 446 537 521 579
D10 0.0188 439 553 485 581
D10 0.0187 424 514 488 540
D10 0.0184 444 447 513 480
D10 0.0179 377 503 465 553
D10 0.0176 451 460 508 482
D10 0.0175 402 426 469 463
D10 0.0173 486 477 569 524
D10 0.0172 473 529 553 567
D10 0.0172 385 371 552 491
D10 0.0168 347 383 434 432
D10 0.0162 528 497 585 520
D10 0.0162 429 467 479 490
D10 0.0160 488 499 582 570
D10 0.0155 425 3 484 25
D10 0.0154 396 455 463 490
D10 0.0154 393 413 441 442
D10 0.0153 485 13 600 74
D10 0.0151 360 394 415 419
D10 0.0150 381 417 444 455
D10 0.0150 394 430 445 456
D10 0.0150 193 415 247 439
D10 0.0148 399 410 468 446
D10 0.0148 173 506 253 549
D10 0.0148 435 526 508 568
D10 0.0148 374 428 461 485
D10 0.0147 429 539 495 577
D10 0.0147 518 488 575 515
D10 0.0146 412 434 477 474
D10 0.0145 433 414 547 465
D10 0.0145 411 515 463 542
D10 0.0144 533 482 596 519
D10 0.0141 397 518 456 553
D10 0.0141 418 524 474 546
D10 0.0140 168 407 257 448
D10 0.0139 454 432 564 485
D10 0.0139 559 11 600 39
D10 0.0139 312 381 396 428
D10 0.0137 185 423 239 446
D10 0.0136 0 513 71 566
D10 0.0135 504 487 552 514
D10 0.0134 489 20 552 41
D10 0.0134 436 463 504 498
D10 0.0133 368 386 423 411
D10 0.0132 398 0 491 28
D10 0.0128 405 450 456 476
D10 0.0128 391 0 534 49
D10 0.0128 436 523 501 547
D10 0.0128 510 496 563 521
D10 0.0127 354 515 446 559
D10 0.0127 415 420 485 454
D10 0.0126 456 515 525 540
D10 0.0126 404 440 455 467
D10 0.0125 376 446 464 507
D10 0.0125 379 394 432 419
D10 0.0122 471 551 549 584
D10 0.0122 361 365 412 391
D10 0.0120 474 482 543 519
D10 0.0120 478 510 549 547
D10 0.0120 467 11 557 46
D10 0.0119 151 491 247 540
D10 0.0119 528 536 596 578
D10 0.0118 392 404 440 430
D10 0.0117 395 524 443 548
D10 0.0117 331 393 377 418
D10 0.0117 436 436 503 473
D10 0.0116 507 530 588 567
D10 0.0116 0 524 46 552
D10 0.0116 374 399 438 436
D10 0.0116 186 516 237 542
D10 0.0115 521 500 590 533
D10 0.0115 425 432 478 457
D10 0.0114 360 375 412 402
D10 0.0112 351 410 439 465
D10 0.0112 499 553 572 583
D10 0.0110 117 474 285 565
D10 0.0110 569 20 600 44
D10 0.0109 405 3 468 23
D10 0.0109 473 524 537 549
D10 0.0108 377 520 460 573
D10 0.0106 322 385 370 411
D10 0.0106 411 468 463 492
D10 0.0105 553 496 596 521
D10 0.0105 474 451 526 475
D10 0.0104 166 415 222 439
D10 0.0104 364 402 416 428
D10 0.0104 376 413 427 440
D10 0.0104 151 415 242 458
D10 0.0103 356 344 524 442
D10 0.0103 512 479 563 507
D10 0.0102 542 0 600 36
D10 0.0102 382 381 449 415
D10 0.0101 0 532 83 585
D10 0.0101 194 418 262 450
D10 0.0101 191 503 260 538
D10 0.0101 508 19 595 58
D10 0.0101 408 548 472 587
D10 0.0100 431 517 478 556
D10 0.0100 487 519 565 556
D10 0.0100 500 544 574 569
D20 0.3441 397 473 590 592
D20 0.2727 249 407 600 600
D20 0.1450 428 511 574 598
D20 0.1213 391 429 523 576
D20 0.1034 412 359 600 600
D20 0.0986 0 367 600 600
D20 0.0679 380 397 481 559
D20 0.0662 435 547 583 592
D20 0.0625 460 445 600 580
D20 0.0623 343 383 533 591
D20 0.0576 410 467 543 562
D20 0.0554 325 203 600 600
D20 0.0488 384 416 554 523
D20 0.0470 364 359 485 490
D20 0.0424 497 499 600 600
D20 0.0416 0 165 557 591
D20 0.0402 293 501 544 600
D20 0.0380 0 452 457 600
D20 0.0341 17 15 600 441
D20 0.0331 518 418 600 596
D20 0.0328 396 397 512 500
D20 0.0290 447 487 517 581
D20 0.0286 398 537 548 600
D20 0.0274 428 451 479 542
D20 0.0261 375 385 501 461
D20 0.0229 386 413 469 462
D20 0.0229 421 432 471 519
D20 0.0222 0 118 290 600
D20 0.0220 0 0 408 294
D20 0.0219 432 443 573 518
D20 0.0219 167 0 600 294
D20 0.0218 124 388 410 600
D20 0.0216 417 560 527 600
D20 0.0197 429 409 522 541
D20 0.0178 441 463 504 543
D20 0.0175 373 0 600 148
D20 0.0172 222 358 534 548
D20 0.0169 398 428 478 481
D20 0.0168 436 435 488 515
D20 0.0162 451 0 600 222
D20 0.0160 0 359 270 600
D20 0.0159 183 474 489 600
D20 0.0158 344 329 590 535
D20 0.0153 15 310 380 565
D20 0.0153 479 484 541 579
D20 0.0148 5 472 258 600
D20 0.0142 445 469 537 521
D20 0.0139 363 0 583 361
D20 0.0137 336 456 495 600
D20 0.0134 314 424 494 529
D20 0.0125 0 0 145 223
D20 0.0124 301 0 526 229
D20 0.0118 0 0 217 146
D20 0.0115 105 478 379 600
D20 0.0109 448 131 600 552
D20 0.0108 0 526 111 600
D20 0.0106 382 551 480 600
D20 0.0103 0 308 145 600
D20 0.0103 527 0 600 114
D20 0.0101 61 525 268 600
D20 0.0100 0 477 72 600
D20 0.0100 167 0 532 152
D40 0.0950 439 545 536 600
D40 0.0596 425 486 517 541
D40 0.0509 388 436 486 557
D40 0.0505 425 506 541 593
D40 0.0456 411 476 483 546
D40 0.0434 401 468 525 559
D40 0.0405 444 552 484 599
D40 0.0340 393 465 464 541
D40 0.0337 437 501 526 564
D40 0.0328 394 420 483 502
D40 0.0313 417 476 501 591
D40 0.0310 447 559 511 595
D40 0.0293 451 491 526 528
D40 0.0285 403 447 520 505
D40 0.0284 440 497 505 524
D40 0.0278 432 491 476 532
D40 0.0262 447 500 500 540
D40 0.0258 428 458 496 535
D40 0.0256 414 448 476 526
D40 0.0250 421 482 488 523
D40 0.0248 461 477 535 546
D40 0.0237 428 449 480 498
D40 0.0234 412 464 544 524
D40 0.0233 433 548 495 588
D40 0.0221 425 505 487 535
D40 0.0218 425 467 467 540
D40 0.0217 426 455 466 489
D40 0.0216 465 492 543 573
D40 0.0210 457 487 507 560
D40 0.0207 417 499 474 556
D40 0.0205 422 532 506 592
D40 0.0204 330 479 515 585
D40 0.0202 393 486 467 575
D40 0.0199 402 490 454 547
D40 0.0195 380 482 443 550
D40 0.0192 466 500 515 539
D40 0.0189 440 486 488 553
D40 0.0188 456 570 529 598
D40 0.0177 434 472 473 514
D40 0.0177 546 459 600 519
D40 0.0176 441 455 483 488
D40 0.0176 377 432 446 520
D40 0.0174 386 472 434 529
D40 0.0165 389 481 455 520
D40 0.0159 568 480 600 519
D40 0.0158 558 472 596 511
D40 0.0157 411 437 464 490
D40 0.0151 364 505 459 552
D40 0.0151 399 488 436 530
D40 0.0151 461 484 506 522
D40 0.0149 406 424 446 463
D40 0.0148 310 444 499 545
D40 0.0147 410 508 460 567
D40 0.0146 337 308 403 346
D40 0.0140 402 471 468 513
D40 0.0139 411 495 466 525
D40 0.0136 407 508 446 548
D40 0.0135 451 580 515 600
D40 0.0131 403 447 456 504
D40 0.0131 520 516 598 591
D40 0.0130 345 486 441 533
D40 0.0130 431 456 461 514
D40 0.0128 437 539 476 579
D40 0.0125 410 487 464 515
D40 0.0123 428 491 460 545
D40 0.0121 419 475 453 533
D40 0.0120 443 450 498 496
D40 0.0119 477 484 524 559
D40 0.0115 401 517 435 554
D40 0.0115 437 472 505 512
D40 0.0113 491 501 544 560
D40 0.0107 421 477 470 504
D40 0.0106 470 546 517 600
D40 0.0104 330 477 468 549
D40 0.0102 480 482 521 520
D40 0.0101 387 487 435 514
D40 0.0101 441 450 482 523
D40 0.0100 501 544 560 600
D40 0.0100 473 511 528 549
