D00 0.1678 373 123 405 168
D00 0.1506 23 308 172 454
D00 0.1481 367 113 416 176
D00 0.1310 65 347 170 443
D00 0.1152 107 362 167 426
D00 0.1143 3 242 214 455
D00 0.1120 5 296 105 468
D00 0.1050 20 323 317 449
D00 0.1003 237 397 345 448
D00 0.0964 418 63 585 258
D00 0.0916 83 297 178 435
D00 0.0894 5 345 226 477
D00 0.0877 453 73 546 175
D00 0.0852 469 84 580 214
D00 0.0842 54 114 302 475
D00 0.0834 346 95 426 181
D00 0.0820 355 131 408 174
D00 0.0784 80 366 210 431
D00 0.0776 0 257 90 411
D00 0.0768 486 93 593 296
D00 0.0733 383 131 409 183
D00 0.0730 241 312 334 458
D00 0.0729 222 386 385 453
D00 0.0715 36 376 163 456
D00 0.0713 416 51 534 164
D00 0.0711 0 69 426 505
D00 0.0710 351 63 456 177
D00 0.0699 473 100 529 169
D00 0.0698 21 322 147 408
D00 0.0679 84 360 380 469
D00 0.0673 239 126 297 166
D00 0.0662 373 74 425 170
D00 0.0661 107 177 373 509
D00 0.0650 27 194 155 415
D00 0.0637 268 408 336 447
D00 0.0637 499 119 595 228
D00 0.0623 512 324 591 432
D00 0.0608 383 71 562 190
D00 0.0606 60 287 243 437
D00 0.0604 155 201 233 239
D00 0.0588 348 197 385 271
D00 0.0585 186 104 460 463
D00 0.0580 115 35 374 405
D00 0.0572 251 362 353 450
D00 0.0569 13 320 88 408
D00 0.0569 4 294 59 403
D00 0.0558 198 192 239 231
D00 0.0555 281 89 531 456
D00 0.0554 326 122 407 282
D00 0.0553 337 121 418 163
D00 0.0550 259 387 316 448
D00 0.0540 113 216 285 445
D00 0.0524 456 65 600 387
D00 0.0523 435 89 528 153
D00 0.0522 100 337 155 417
D00 0.0516 203 211 358 456
D00 0.0515 543 333 589 420
D00 0.0505 479 112 561 198
D00 0.0502 310 75 432 174
D00 0.0500 374 47 503 156
D00 0.0500 117 38 231 173
D00 0.0495 343 102 422 248
D00 0.0491 191 349 420 448
D00 0.0490 151 217 226 241
D00 0.0489 199 366 333 459
D00 0.0479 113 369 157 412
D00 0.0479 382 123 420 167
D00 0.0477 6 29 235 406
D00 0.0476 182 110 311 175
D00 0.0473 361 60 412 154
D00 0.0472 362 70 396 104
D00 0.0472 359 9 582 210
D00 0.0470 152 330 336 450
D00 0.0464 250 115 309 174
D00 0.0461 256 120 294 158
D00 0.0460 149 0 600 424
D00 0.0458 450 135 567 333
D00 0.0453 168 181 242 236
D00 0.0445 112 376 160 460
D00 0.0442 383 109 410 160
D00 0.0440 119 339 183 428
D00 0.0440 0 78 150 171
D00 0.0439 524 330 600 490
D00 0.0439 209 292 302 455
D00 0.0435 351 126 404 153
D00 0.0432 5 304 115 391
D00 0.0426 9 365 139 481
D00 0.0420 406 73 507 134
D00 0.0418 225 133 285 158
D00 0.0418 361 42 449 135
D00 0.0417 461 29 600 181
D00 0.0416 16 342 80 459
D00 0.0413 464 98 513 154
D00 0.0411 274 400 310 440
D00 0.0408 376 3 591 380
D00 0.0408 507 260 598 420
D00 0.0406 514 141 591 271
D00 0.0406 93 97 243 238
D00 0.0402 390 69 425 106
D00 0.0400 216 385 307 450
D00 0.0397 397 124 554 273
D00 0.0395 373 114 406 150
D00 0.0394 354 97 600 294
D00 0.0393 0 322 41 408
D00 0.0393 259 336 318 444
D00 0.0389 225 482 257 518
D00 0.0388 83 378 162 435
D00 0.0388 323 130 417 181
D00 0.0388 146 63 288 184
D00 0.0386 372 117 429 156
D00 0.0386 147 392 409 515
D00 0.0385 0 90 96 188
D00 0.0383 62 259 309 575
D00 0.0381 377 125 416 201
D00 0.0380 453 142 600 258
D00 0.0378 48 343 93 430
D00 0.0377 8 76 205 267
D00 0.0377 51 133 209 416
D00 0.0374 490 171 592 383
D00 0.0374 218 372 243 419
D00 0.0373 357 217 381 269
D00 0.0373 250 105 433 178
D00 0.0372 357 126 409 220
D00 0.0369 361 89 516 231
D00 0.0369 373 132 429 174
D00 0.0369 377 50 435 108
D00 0.0368 85 380 183 468
D00 0.0368 23 356 117 446
D00 0.0364 75 57 205 184
D00 0.0363 316 162 383 275
D00 0.0362 352 72 418 104
D00 0.0361 262 228 374 440
D00 0.0360 209 185 243 224
D00 0.0354 361 92 444 154
D00 0.0354 129 117 329 223
D00 0.0354 116 381 179 437
D00 0.0354 522 65 600 260
D00 0.0350 480 113 521 158
D00 0.0348 104 380 323 452
D00 0.0347 3 143 118 375
D00 0.0345 332 182 391 301
D00 0.0345 30 113 157 317
D00 0.0345 493 145 581 207
D00 0.0342 121 288 394 450
D00 0.0342 212 363 250 437
D00 0.0342 232 391 352 495
D00 0.0341 312 113 455 193
D00 0.0341 216 130 316 181
D00 0.0340 129 87 226 199
D00 0.0337 340 149 392 251
D00 0.0336 208 76 324 177
D00 0.0336 65 22 254 205
D00 0.0333 387 57 487 115
D00 0.0333 149 132 262 231
D00 0.0332 365 151 590 506
D00 0.0332 15 259 71 378
D00 0.0327 59 352 157 406
D00 0.0324 342 114 401 194
D00 0.0324 524 365 584 462
D00 0.0322 262 134 300 172
D00 0.0321 369 148 408 177
D00 0.0321 373 73 471 130
D00 0.0320 132 18 251 130
D00 0.0319 366 132 396 181
D00 0.0318 306 52 501 207
D00 0.0318 207 121 304 163
D00 0.0313 178 188 235 219
D00 0.0312 96 47 215 121
D00 0.0310 453 89 504 144
D00 0.0310 367 111 466 168
D00 0.0309 288 164 422 439
D00 0.0309 465 295 518 317
D00 0.0308 382 84 491 178
D00 0.0307 369 64 407 100
D00 0.0307 13 364 351 521
D00 0.0304 55 338 116 401
D00 0.0304 223 469 261 539
D00 0.0304 120 383 169 417
D00 0.0304 119 379 259 427
D00 0.0302 475 317 600 462
D00 0.0301 0 106 54 170
D00 0.0299 115 33 234 103
D00 0.0297 186 377 298 434
D00 0.0294 239 270 453 454
D00 0.0294 169 403 317 463
D00 0.0292 307 112 492 288
D00 0.0292 5 53 196 130
D00 0.0290 8 295 186 563
D00 0.0290 354 51 421 119
D00 0.0289 337 168 422 268
D00 0.0289 147 68 206 178
D00 0.0286 322 203 381 266
D00 0.0284 4 363 62 471
D00 0.0284 429 60 493 150
D00 0.0283 151 395 287 442
D00 0.0280 475 91 576 155
D00 0.0280 537 338 583 392
D00 0.0279 437 51 514 130
D00 0.0279 294 0 528 320
D00 0.0276 0 104 63 236
D00 0.0275 63 0 297 336
D00 0.0274 188 272 458 571
D00 0.0273 234 91 307 163
D00 0.0272 416 271 596 450
D00 0.0271 473 110 516 142
D00 0.0270 108 158 226 358
D00 0.0269 110 317 218 422
D00 0.0269 454 228 570 419
D00 0.0268 347 208 376 254
D00 0.0267 283 322 363 451
D00 0.0266 439 87 535 245
D00 0.0266 396 60 433 101
D00 0.0264 187 209 233 242
D00 0.0263 506 164 589 223
D00 0.0263 14 406 198 507
D00 0.0262 164 27 293 148
D00 0.0262 80 346 283 431
D00 0.0262 121 61 201 145
D00 0.0261 92 407 328 506
D00 0.0260 0 314 77 378
D00 0.0260 145 225 219 246
D00 0.0259 175 193 302 413
D00 0.0259 307 151 408 345
D00 0.0258 58 274 153 411
D00 0.0258 234 85 575 240
D00 0.0258 204 0 457 326
D00 0.0256 518 181 589 317
D00 0.0256 109 68 355 211
D00 0.0255 492 106 588 175
D00 0.0254 174 130 287 182
D00 0.0254 417 184 580 290
D00 0.0254 155 44 231 125
D00 0.0253 223 341 286 440
D00 0.0253 286 98 429 227
D00 0.0252 150 100 194 190
D00 0.0252 198 118 413 214
D00 0.0251 248 131 387 382
D00 0.0250 60 351 131 385
D00 0.0249 544 384 596 486
D00 0.0249 352 184 404 278
D00 0.0249 359 61 383 103
D00 0.0247 10 315 49 387
D00 0.0246 365 0 477 116
D00 0.0246 231 251 313 423
D00 0.0245 48 381 116 455
D00 0.0244 391 106 418 157
D00 0.0244 244 118 369 169
D00 0.0244 0 107 172 203
D00 0.0243 183 162 269 232
D00 0.0243 63 400 155 452
D00 0.0243 524 287 583 388
D00 0.0242 461 75 561 136
D00 0.0241 6 110 119 168
D00 0.0241 483 122 539 168
D00 0.0240 0 39 225 170
D00 0.0240 312 111 401 172
D00 0.0240 383 59 414 104
D00 0.0239 0 120 33 186
D00 0.0237 341 148 538 329
D00 0.0236 173 292 264 440
D00 0.0235 206 326 358 496
D00 0.0234 390 98 435 174
D00 0.0233 24 299 60 369
D00 0.0233 173 88 295 241
D00 0.0233 269 71 300 107
D00 0.0233 500 314 571 407
D00 0.0232 404 58 472 148
D00 0.0231 376 94 417 150
D00 0.0230 346 75 432 130
D00 0.0230 49 81 188 163
D00 0.0229 442 79 493 132
D00 0.0228 552 350 581 409
D00 0.0228 0 120 102 257
D00 0.0228 375 90 448 201
D00 0.0227 405 28 503 125
D00 0.0226 199 410 316 530
D00 0.0226 243 128 276 172
D00 0.0226 210 472 254 515
D00 0.0225 133 103 265 177
D00 0.0224 433 430 495 492
D00 0.0224 273 412 377 454
D00 0.0224 379 77 417 110
D00 0.0223 224 104 288 183
D00 0.0223 408 108 515 165
D00 0.0222 394 40 455 108
D00 0.0221 211 383 252 414
D00 0.0221 0 348 29 421
D00 0.0220 144 111 209 219
D00 0.0218 178 97 291 153
D00 0.0217 421 116 547 191
D00 0.0217 162 0 306 217
D00 0.0216 38 361 86 451
D00 0.0215 162 8 260 99
D00 0.0214 197 127 297 217
D00 0.0214 6 76 128 132
D00 0.0213 110 391 159 422
D00 0.0213 63 59 186 109
D00 0.0212 168 73 210 159
D00 0.0211 324 170 465 309
D00 0.0211 390 73 423 139
D00 0.0210 60 353 183 522
D00 0.0210 131 187 245 293
D00 0.0209 166 154 364 345
D00 0.0209 438 355 591 488
D00 0.0209 9 296 93 360
D00 0.0208 253 152 451 252
D00 0.0208 427 262 503 293
D00 0.0208 374 6 430 102
D00 0.0208 146 209 228 255
D00 0.0208 208 134 280 169
D00 0.0208 135 190 190 238
D00 0.0207 110 277 169 402
D00 0.0207 328 139 437 203
D00 0.0206 385 64 444 119
D00 0.0206 377 143 402 190
D00 0.0206 352 149 443 245
D00 0.0206 170 75 447 195
D00 0.0206 450 136 568 212
D00 0.0206 88 43 201 93
D00 0.0205 192 450 284 532
D00 0.0205 248 141 290 177
D00 0.0204 43 317 154 378
D00 0.0203 159 427 407 561
D00 0.0203 308 37 434 141
D00 0.0203 339 182 418 334
D00 0.0203 396 77 432 111
D00 0.0202 119 345 151 406
D00 0.0202 460 446 486 491
D00 0.0201 456 98 513 199
D00 0.0201 20 202 239 371
D00 0.0201 188 136 351 261
D00 0.0200 529 342 574 418
D00 0.0200 20 228 99 377
D00 0.0199 302 190 494 388
D00 0.0199 57 93 200 218
D00 0.0199 463 102 509 132
D00 0.0198 536 240 600 378
D00 0.0198 475 301 528 323
D00 0.0198 471 119 532 223
D00 0.0197 267 102 300 165
D00 0.0197 399 203 532 271
D00 0.0197 262 119 375 287
D00 0.0197 203 177 247 238
D00 0.0197 370 124 464 270
D00 0.0197 144 23 242 75
D00 0.0196 97 396 171 450
D00 0.0195 170 148 275 208
D00 0.0195 204 353 258 419
D00 0.0195 1 333 29 390
D00 0.0195 0 55 121 228
D00 0.0194 89 71 193 130
D00 0.0194 245 293 298 417
D00 0.0194 358 83 407 106
D00 0.0193 272 366 303 447
D00 0.0193 431 72 484 120
D00 0.0193 193 186 241 256
D00 0.0193 119 315 296 488
D00 0.0192 78 245 191 396
D00 0.0192 348 159 412 233
D00 0.0191 302 133 403 219
D00 0.0190 238 78 379 175
D00 0.0190 182 160 523 337
D00 0.0190 219 476 244 520
D00 0.0190 541 175 596 283
D00 0.0189 536 110 599 212
D00 0.0189 261 21 462 178
D00 0.0189 390 52 426 91
D00 0.0189 104 357 202 486
D00 0.0188 379 150 425 176
D00 0.0188 332 194 517 277
D00 0.0188 316 200 381 326
D00 0.0188 211 317 264 428
D00 0.0187 474 280 510 313
D00 0.0187 367 112 396 159
D00 0.0186 363 428 507 491
D00 0.0186 25 382 97 475
D00 0.0185 292 98 412 151
D00 0.0185 271 403 413 484
D00 0.0185 276 180 391 281
D00 0.0185 178 55 220 131
D00 0.0185 5 62 132 109
D00 0.0185 37 253 127 395
D00 0.0185 310 274 556 450
D00 0.0185 126 124 460 283
D00 0.0184 430 221 496 256
D00 0.0184 399 70 471 109
D00 0.0184 223 107 349 195
D00 0.0184 6 206 80 352
D00 0.0184 552 157 599 235
D00 0.0184 127 102 273 308
D00 0.0182 145 270 241 437
D00 0.0181 333 229 448 429
D00 0.0181 104 100 189 180
D00 0.0181 92 139 218 218
D00 0.0181 356 124 390 166
D00 0.0181 271 378 441 463
D00 0.0181 483 200 580 301
D00 0.0180 435 286 523 322
D00 0.0180 207 479 279 521
D00 0.0178 2 106 89 151
D00 0.0178 413 224 517 281
D00 0.0177 0 126 72 185
D00 0.0177 194 247 280 426
D00 0.0177 233 355 389 539
D00 0.0177 210 375 270 454
D00 0.0176 477 151 562 271
D00 0.0176 488 366 598 537
D00 0.0176 263 134 396 180
D00 0.0175 220 129 261 161
D00 0.0175 169 347 330 535
D00 0.0175 126 392 195 451
D00 0.0175 146 93 247 151
D00 0.0174 249 105 289 164
D00 0.0174 142 170 196 248
D00 0.0173 480 285 506 324
D00 0.0172 498 173 577 251
D00 0.0171 531 384 595 443
D00 0.0171 170 64 254 143
D00 0.0171 373 71 402 114
D00 0.0170 506 407 599 497
D00 0.0170 287 386 356 454
D00 0.0170 355 77 389 109
D00 0.0170 141 116 187 176
D00 0.0169 381 114 424 140
D00 0.0168 63 343 102 382
D00 0.0168 103 363 152 394
D00 0.0168 112 55 192 104
D00 0.0168 462 48 526 148
D00 0.0167 394 162 556 401
D00 0.0167 451 272 507 297
D00 0.0167 456 332 567 429
D00 0.0167 283 406 320 459
D00 0.0167 57 351 87 408
D00 0.0167 323 222 405 275
D00 0.0166 161 54 262 110
D00 0.0166 359 50 404 97
D00 0.0166 201 22 297 114
D00 0.0166 0 135 33 226
D00 0.0165 294 319 424 449
D00 0.0165 255 403 322 487
D00 0.0165 150 172 312 302
D00 0.0164 82 333 248 535
D00 0.0164 270 283 341 433
D00 0.0164 136 358 205 433
D00 0.0164 496 252 578 375
D00 0.0163 407 449 501 493
D00 0.0162 343 41 434 94
D00 0.0162 25 43 184 99
D00 0.0162 255 73 319 107
D00 0.0161 526 237 582 344
D00 0.0161 271 126 310 166
D00 0.0161 247 112 301 148
D00 0.0160 325 187 404 248
D00 0.0160 135 366 167 417
D00 0.0160 121 395 151 449
D00 0.0159 0 340 72 399
D00 0.0159 213 366 280 425
D00 0.0159 45 314 101 392
D00 0.0159 117 407 167 457
D00 0.0159 229 494 270 521
D00 0.0158 229 354 318 422
D00 0.0158 527 319 592 377
D00 0.0158 179 243 430 410
D00 0.0158 0 63 83 154
D00 0.0157 429 18 558 142
D00 0.0157 449 459 496 488
D00 0.0157 151 352 238 423
D00 0.0156 167 220 236 251
D00 0.0156 183 69 308 141
D00 0.0156 202 101 270 187
D00 0.0155 551 342 592 381
D00 0.0155 70 366 134 453
D00 0.0154 191 182 239 206
D00 0.0154 228 488 252 541
D00 0.0154 131 131 229 183
D00 0.0154 441 208 553 263
D00 0.0154 561 346 600 448
D00 0.0154 463 288 599 385
D00 0.0154 227 18 313 163
D00 0.0154 143 36 405 171
D00 0.0154 366 119 506 187
D00 0.0153 275 361 324 455
D00 0.0153 342 46 398 130
D00 0.0153 224 426 284 522
D00 0.0153 391 179 495 262
D00 0.0153 409 372 559 467
D00 0.0152 390 398 528 485
D00 0.0152 428 84 502 204
D00 0.0152 262 84 309 107
D00 0.0152 141 362 276 519
D00 0.0152 441 83 489 112
D00 0.0152 202 186 267 221
D00 0.0152 1 144 27 200
D00 0.0152 46 359 123 418
D00 0.0151 553 422 600 502
D00 0.0151 158 109 187 165
D00 0.0151 435 279 510 310
D00 0.0151 391 413 591 512
D00 0.0151 167 185 269 266
D00 0.0150 240 63 331 152
D00 0.0150 202 394 278 508
D00 0.0150 350 77 397 168
D00 0.0150 368 81 411 133
D00 0.0149 158 98 201 155
D00 0.0149 296 371 385 444
D00 0.0149 418 434 537 485
D00 0.0149 136 45 203 112
D00 0.0149 43 398 155 485
D00 0.0148 1 117 42 156
D00 0.0148 395 124 431 164
D00 0.0148 349 232 385 265
D00 0.0148 478 320 578 376
D00 0.0148 41 111 164 168
D00 0.0148 89 195 215 302
D00 0.0148 182 24 244 117
D00 0.0148 556 364 593 426
D00 0.0147 352 11 420 88
D00 0.0147 350 201 451 289
D00 0.0147 135 392 257 470
D00 0.0147 0 282 61 358
D00 0.0147 0 345 40 455
D00 0.0146 178 114 247 214
D00 0.0146 68 157 208 262
D00 0.0146 452 92 498 122
D00 0.0146 247 278 333 386
D00 0.0146 89 349 151 391
D00 0.0146 218 8 275 72
D00 0.0146 436 239 505 295
D00 0.0146 5 330 41 373
D00 0.0145 563 397 600 474
D00 0.0145 302 191 363 276
D00 0.0145 266 287 309 358
D00 0.0145 342 138 398 166
D00 0.0144 333 214 395 346
D00 0.0144 0 168 104 300
D00 0.0144 34 282 67 359
D00 0.0144 365 349 600 541
D00 0.0144 235 125 265 167
D00 0.0144 224 428 346 552
D00 0.0143 319 61 423 106
D00 0.0143 178 37 278 93
D00 0.0142 265 123 332 179
D00 0.0141 454 223 600 330
D00 0.0141 173 421 308 489
D00 0.0141 3 135 130 214
D00 0.0141 268 405 346 528
D00 0.0140 275 73 422 135
D00 0.0140 0 393 37 482
D00 0.0140 367 207 481 264
D00 0.0140 387 127 444 216
D00 0.0140 62 17 224 92
D00 0.0140 248 99 367 152
D00 0.0139 426 272 489 296
D00 0.0139 193 318 245 424
D00 0.0138 456 438 502 488
D00 0.0138 448 51 573 125
D00 0.0138 191 381 252 444
D00 0.0138 543 215 595 326
D00 0.0138 473 268 509 302
D00 0.0138 149 139 196 184
D00 0.0138 418 84 475 110
D00 0.0138 217 375 259 406
D00 0.0138 282 420 354 448
D00 0.0136 3 390 84 455
D00 0.0136 350 219 389 294
D00 0.0136 409 55 440 106
D00 0.0136 415 157 509 288
D00 0.0136 572 419 598 470
D00 0.0135 360 94 404 150
D00 0.0135 0 268 105 351
D00 0.0135 340 68 390 106
D00 0.0135 82 287 163 376
D00 0.0135 371 232 495 422
D00 0.0135 254 127 299 198
D00 0.0135 130 51 194 89
D00 0.0134 376 37 422 89
D00 0.0134 223 61 286 154
D00 0.0134 469 282 533 328
D00 0.0134 474 298 536 368
D00 0.0134 410 194 517 243
D00 0.0134 397 84 431 149
D00 0.0134 168 431 270 516
D00 0.0133 57 69 154 140
D00 0.0133 201 380 247 424
D00 0.0133 187 61 232 116
D00 0.0133 389 88 423 121
D00 0.0133 232 481 277 509
D00 0.0132 101 63 171 99
D00 0.0132 204 202 235 246
D00 0.0132 178 81 205 134
D00 0.0132 223 181 250 225
D00 0.0132 3 370 83 432
D00 0.0131 24 97 110 141
D00 0.0131 105 448 319 551
D00 0.0131 67 397 279 567
D00 0.0131 186 190 275 333
D00 0.0131 16 261 175 376
D00 0.0131 237 1 291 63
D00 0.0130 339 188 380 245
D00 0.0130 541 420 597 470
D00 0.0130 272 143 311 177
D00 0.0130 187 71 213 123
D00 0.0130 201 39 265 135
D00 0.0130 210 465 300 549
D00 0.0130 143 295 204 413
D00 0.0129 228 275 281 389
D00 0.0129 266 47 305 116
D00 0.0129 0 134 48 173
D00 0.0129 294 143 371 256
D00 0.0129 283 210 376 360
D00 0.0129 64 408 116 456
D00 0.0129 62 215 190 332
D00 0.0129 431 196 490 278
D00 0.0129 99 204 341 357
D00 0.0128 164 116 198 183
D00 0.0128 407 10 469 106
D00 0.0128 386 122 435 148
D00 0.0128 263 395 298 443
D00 0.0128 161 110 224 180
D00 0.0128 378 235 518 298
D00 0.0128 139 38 217 87
D00 0.0128 38 131 184 248
D00 0.0128 515 183 561 271
D00 0.0127 236 448 464 552
D00 0.0127 462 265 514 288
D00 0.0127 358 0 402 71
D00 0.0127 388 100 421 135
D00 0.0127 245 261 296 361
D00 0.0127 55 368 83 429
D00 0.0127 127 216 225 317
D00 0.0127 355 209 515 347
D00 0.0127 245 42 298 134
D00 0.0127 21 129 143 183
D00 0.0126 553 284 600 412
D00 0.0126 214 148 317 199
D00 0.0126 427 296 556 413
D00 0.0126 505 204 587 260
D00 0.0126 344 379 499 467
D00 0.0126 438 222 551 309
D00 0.0126 522 183 600 242
D00 0.0125 273 305 313 385
D00 0.0125 166 51 215 109
D00 0.0125 276 77 330 103
D00 0.0125 139 338 249 454
D00 0.0125 5 153 79 234
D00 0.0125 218 386 242 439
D00 0.0125 420 43 473 115
D00 0.0125 358 147 437 190
D00 0.0125 104 229 178 362
D00 0.0125 72 131 185 183
D00 0.0125 398 470 454 496
D00 0.0124 1 403 61 492
D00 0.0124 227 252 268 321
D00 0.0124 0 77 47 197
D00 0.0124 122 372 189 412
D00 0.0124 324 170 407 219
D00 0.0123 569 464 600 501
D00 0.0123 0 230 55 388
D00 0.0123 410 127 514 218
D00 0.0123 450 438 481 489
D00 0.0122 265 69 304 149
D00 0.0122 119 22 204 84
D00 0.0122 351 159 529 240
D00 0.0122 457 224 565 279
D00 0.0122 304 128 326 176
D00 0.0122 234 272 259 316
D00 0.0122 216 392 262 418
D00 0.0122 377 20 465 79
D00 0.0122 159 71 207 126
D00 0.0122 276 65 308 99
D00 0.0121 245 40 390 228
D00 0.0121 369 187 427 277
D00 0.0121 220 77 314 130
D00 0.0121 173 215 239 273
D00 0.0121 149 183 181 233
D00 0.0121 490 132 551 175
D00 0.0120 211 216 294 359
D00 0.0120 493 242 600 516
D00 0.0120 445 233 496 257
D00 0.0120 0 363 130 590
D00 0.0120 517 228 561 316
D00 0.0119 223 468 257 505
D00 0.0119 176 375 266 418
D00 0.0119 1 160 55 264
D00 0.0119 89 353 140 423
D00 0.0119 403 141 476 255
D00 0.0119 224 359 250 411
D00 0.0119 322 0 555 141
D00 0.0119 463 160 543 231
D00 0.0119 456 250 520 305
D00 0.0119 57 419 147 460
D00 0.0118 339 307 383 384
D00 0.0118 266 74 337 175
D00 0.0118 222 148 281 235
D00 0.0118 111 129 180 226
D00 0.0117 258 226 451 321
D00 0.0117 386 140 435 169
D00 0.0117 573 437 598 490
D00 0.0117 4 130 55 160
D00 0.0117 489 343 560 416
D00 0.0117 418 411 497 470
D00 0.0117 375 160 418 184
D00 0.0117 513 431 600 476
D00 0.0117 0 358 80 541
D00 0.0117 392 443 463 500
D00 0.0117 518 354 562 420
D00 0.0116 28 296 140 360
D00 0.0116 402 81 428 126
D00 0.0116 373 101 406 137
D00 0.0116 0 145 69 205
D00 0.0116 379 11 417 74
D00 0.0116 46 358 102 399
D00 0.0115 503 301 572 366
D00 0.0115 219 118 263 194
D00 0.0115 182 461 255 524
D00 0.0115 124 228 219 396
D00 0.0115 233 141 269 179
D00 0.0115 130 138 183 183
D00 0.0114 330 222 375 256
D00 0.0114 393 15 440 93
D00 0.0114 223 2 313 92
D00 0.0114 371 19 407 83
D00 0.0113 283 289 403 417
D00 0.0113 5 321 59 363
D00 0.0113 456 182 542 251
D00 0.0113 285 135 322 172
D00 0.0113 242 424 405 512
D00 0.0113 352 202 382 242
D00 0.0113 417 188 478 256
D00 0.0113 552 479 599 503
D00 0.0113 52 245 159 349
D00 0.0113 161 216 257 315
D00 0.0113 391 146 418 191
D00 0.0112 486 292 514 332
D00 0.0112 274 308 300 355
D00 0.0112 537 162 594 202
D00 0.0112 565 278 600 358
D00 0.0112 429 356 540 442
D00 0.0112 231 136 292 196
D00 0.0112 209 438 251 521
D00 0.0112 1 429 29 478
D00 0.0112 290 406 357 479
D00 0.0111 0 300 34 371
D00 0.0111 407 102 467 194
D00 0.0111 314 333 374 441
D00 0.0111 188 119 262 169
D00 0.0111 414 60 457 101
D00 0.0111 81 168 192 227
D00 0.0111 63 337 138 375
D00 0.0111 316 346 450 487
D00 0.0111 195 11 258 74
D00 0.0111 460 97 491 151
D00 0.0111 166 29 231 94
D00 0.0111 487 122 517 174
D00 0.0110 440 268 593 355
D00 0.0110 0 168 36 248
D00 0.0110 545 299 600 364
D00 0.0110 305 246 419 364
D00 0.0110 231 235 353 352
D00 0.0110 313 427 394 478
D00 0.0110 265 122 312 149
D00 0.0109 92 416 155 454
D00 0.0109 0 94 49 146
D00 0.0109 198 463 241 507
D00 0.0109 183 45 349 131
D00 0.0109 235 30 304 101
D00 0.0108 157 201 228 285
D00 0.0108 20 361 97 418
D00 0.0108 223 433 279 456
D00 0.0108 313 57 394 155
D00 0.0108 106 182 178 239
D00 0.0108 456 111 504 140
D00 0.0107 31 324 91 381
D00 0.0107 63 76 150 193
D00 0.0107 39 177 179 291
D00 0.0106 215 161 257 233
D00 0.0106 504 224 587 277
D00 0.0106 367 192 475 245
D00 0.0106 81 73 153 105
D00 0.0106 329 301 399 439
D00 0.0106 446 216 510 272
D00 0.0106 439 450 529 491
D00 0.0106 424 39 522 93
D00 0.0106 398 43 434 80
D00 0.0106 308 0 428 101
D00 0.0106 539 453 600 507
D00 0.0105 373 351 513 452
D00 0.0105 173 52 365 281
D00 0.0105 505 391 573 478
D00 0.0105 468 257 498 298
D00 0.0105 286 223 379 276
D00 0.0105 217 480 248 546
D00 0.0105 457 292 512 329
D00 0.0104 288 426 373 458
D00 0.0104 262 62 295 112
D00 0.0104 163 375 228 449
D00 0.0104 468 321 534 417
D00 0.0104 61 364 122 391
D00 0.0104 117 360 173 400
D00 0.0104 286 190 380 245
D00 0.0103 447 178 507 264
D00 0.0103 367 59 414 84
D00 0.0103 355 55 388 89
D00 0.0103 211 450 303 507
D00 0.0103 506 385 581 433
D00 0.0103 0 410 114 514
D00 0.0103 196 53 242 107
D00 0.0103 1 163 27 221
D00 0.0103 236 143 384 202
D00 0.0103 210 367 237 415
D00 0.0103 5 46 131 90
D00 0.0103 0 426 223 561
D00 0.0102 395 16 515 85
D00 0.0102 65 359 110 440
D00 0.0102 207 179 285 243
D00 0.0102 558 435 597 472
D00 0.0102 282 409 372 566
D00 0.0102 336 322 466 443
D00 0.0102 371 265 567 377
D00 0.0102 219 60 316 107
D00 0.0101 270 251 342 369
D00 0.0101 288 93 368 187
D00 0.0101 270 144 297 188
D00 0.0101 448 87 484 155
D00 0.0101 224 470 317 525
D00 0.0100 220 268 260 344
D00 0.0100 159 159 236 217
D00 0.0100 126 65 181 93
D00 0.0100 39 92 126 211
D00 0.0100 226 282 271 310
D00 0.0100 0 223 150 331
D10 0.0651 232 387 402 454
D10 0.0575 251 405 462 465
D10 0.0504 506 334 592 376
D10 0.0476 535 341 584 363
D10 0.0454 325 125 421 165
D10 0.0400 196 127 297 165
D10 0.0397 139 215 221 250
D10 0.0364 410 380 600 454
D10 0.0361 292 390 505 457
D10 0.0341 284 402 429 447
D10 0.0340 213 133 275 158
D10 0.0340 338 413 498 469
D10 0.0322 79 190 232 264
D10 0.0319 511 340 575 361
D10 0.0318 463 395 584 442
D10 0.0316 385 396 539 449
D10 0.0312 528 325 600 369
D10 0.0311 340 132 401 158
D10 0.0291 308 426 401 463
D10 0.0282 141 157 204 185
D10 0.0280 407 421 498 457
D10 0.0275 542 344 586 373
D10 0.0271 356 402 487 444
D10 0.0271 541 333 590 356
D10 0.0266 386 406 587 475
D10 0.0254 62 351 152 385
D10 0.0249 379 427 479 463
D10 0.0242 296 427 473 484
D10 0.0241 265 399 365 445
D10 0.0238 0 111 67 146
D10 0.0233 139 225 204 246
D10 0.0231 225 126 284 153
D10 0.0230 516 392 596 434
D10 0.0227 480 321 581 367
D10 0.0224 417 418 542 464
D10 0.0218 254 364 457 450
D10 0.0216 549 376 592 402
D10 0.0209 176 129 253 161
D10 0.0206 538 404 589 427
D10 0.0202 456 415 584 465
D10 0.0202 108 208 201 244
D10 0.0201 492 399 576 427
D10 0.0195 449 376 569 428
D10 0.0188 422 427 485 446
D10 0.0185 485 384 588 425
D10 0.0184 116 150 203 189
D10 0.0183 331 428 441 463
D10 0.0181 547 384 592 412
D10 0.0180 0 62 90 98
D10 0.0180 279 380 395 439
D10 0.0177 130 160 188 181
D10 0.0176 527 402 600 450
D10 0.0176 506 302 590 352
D10 0.0174 533 363 600 415
D10 0.0173 11 209 106 254
D10 0.0172 160 162 217 182
D10 0.0172 114 379 218 419
D10 0.0170 504 228 579 269
D10 0.0170 17 219 186 344
D10 0.0169 79 190 194 238
D10 0.0168 415 433 479 453
D10 0.0168 262 141 316 169
D10 0.0165 476 337 571 387
D10 0.0165 0 101 58 136
D10 0.0163 1 122 48 150
D10 0.0162 14 171 206 257
D10 0.0160 476 168 572 222
D10 0.0160 348 365 540 445
D10 0.0159 551 365 592 394
D10 0.0159 338 306 424 343
D10 0.0157 434 422 504 448
D10 0.0157 399 155 572 242
D10 0.0155 479 295 538 316
D10 0.0155 540 413 593 435
D10 0.0153 326 442 393 464
D10 0.0151 546 394 592 421
D10 0.0151 0 114 40 139
D10 0.0151 204 126 263 153
D10 0.0150 322 434 394 456
D10 0.0150 443 294 507 316
D10 0.0148 545 352 585 384
D10 0.0148 147 153 235 193
D10 0.0146 1 212 78 247
D10 0.0146 277 288 444 370
D10 0.0144 0 243 73 293
D10 0.0143 123 217 185 239
D10 0.0142 276 406 342 434
D10 0.0142 88 215 214 285
D10 0.0140 514 345 574 370
D10 0.0139 508 184 590 234
D10 0.0138 4 68 64 90
D10 0.0138 520 237 571 262
D10 0.0138 34 256 170 322
D10 0.0138 363 431 454 457
D10 0.0137 468 188 570 242
D10 0.0137 467 288 556 323
D10 0.0136 204 139 261 165
D10 0.0135 1 188 92 241
D10 0.0135 479 410 564 435
D10 0.0134 536 158 600 211
D10 0.0134 499 331 564 357
D10 0.0134 120 257 327 394
D10 0.0133 479 335 553 368
D10 0.0132 0 164 126 265
D10 0.0132 462 298 585 363
D10 0.0132 285 432 383 470
D10 0.0131 415 409 505 447
D10 0.0130 132 223 212 265
D10 0.0130 0 263 50 288
D10 0.0129 116 222 191 248
D10 0.0129 390 94 439 115
D10 0.0129 44 214 111 246
D10 0.0128 35 201 182 264
D10 0.0128 324 311 402 353
D10 0.0128 488 401 598 476
D10 0.0127 410 265 521 310
D10 0.0126 352 417 464 453
D10 0.0124 300 266 471 351
D10 0.0124 222 399 306 434
D10 0.0124 0 361 80 416
D10 0.0124 443 409 548 442
D10 0.0123 516 290 600 338
D10 0.0123 367 159 411 184
D10 0.0122 93 264 180 308
D10 0.0122 345 319 395 341
D10 0.0122 422 285 519 321
D10 0.0122 0 105 40 130
D10 0.0121 5 254 59 280
D10 0.0119 554 340 600 363
D10 0.0119 328 126 390 150
D10 0.0119 405 380 522 430
D10 0.0119 402 431 492 480
D10 0.0118 31 218 90 241
D10 0.0118 63 379 146 416
D10 0.0117 212 78 312 115
D10 0.0117 487 233 559 264
D10 0.0117 0 220 57 256
D10 0.0117 213 259 402 386
D10 0.0117 320 439 401 486
D10 0.0116 0 216 48 242
D10 0.0116 432 174 538 221
D10 0.0115 19 114 79 140
D10 0.0115 444 257 498 281
D10 0.0115 515 233 600 278
D10 0.0115 76 364 148 392
D10 0.0114 82 348 147 375
D10 0.0114 184 125 241 151
D10 0.0114 18 270 150 350
D10 0.0114 537 315 598 353
D10 0.0113 452 433 585 484
D10 0.0113 149 120 243 170
D10 0.0113 320 381 441 434
D10 0.0113 389 83 481 122
D10 0.0113 341 147 421 190
D10 0.0112 482 193 555 222
D10 0.0111 196 86 290 124
D10 0.0111 86 384 149 410
D10 0.0111 351 117 401 143
D10 0.0111 360 247 535 318
D10 0.0111 394 426 463 447
D10 0.0111 241 86 296 108
D10 0.0111 0 202 65 238
D10 0.0110 558 404 600 427
D10 0.0110 164 152 216 178
D10 0.0110 0 223 77 274
D10 0.0110 33 199 123 245
D10 0.0110 2 167 90 224
D10 0.0109 485 284 581 334
D10 0.0109 550 169 595 196
D10 0.0109 60 237 191 307
D10 0.0108 364 381 480 432
D10 0.0108 330 163 417 201
D10 0.0108 36 159 185 232
D10 0.0107 369 434 469 477
D10 0.0107 317 286 407 337
D10 0.0107 216 428 286 458
D10 0.0106 438 298 514 326
D10 0.0106 500 294 556 315
D10 0.0105 345 172 398 193
D10 0.0105 16 261 114 312
D10 0.0104 221 95 281 113
D10 0.0104 514 289 587 319
D10 0.0104 0 213 106 289
D10 0.0104 82 375 149 401
D10 0.0103 276 302 378 350
D10 0.0103 28 65 111 93
D10 0.0102 0 71 59 105
D10 0.0102 348 161 399 184
D10 0.0102 0 266 62 303
D10 0.0102 251 299 405 401
D10 0.0101 0 224 112 341
D10 0.0101 168 223 361 323
D10 0.0101 96 252 216 322
D10 0.0100 419 278 553 334
D10 0.0100 184 140 241 166
D10 0.0100 35 222 102 256
D10 0.0100 159 169 235 198
D20 0.0948 2 306 352 453
D20 0.0934 17 260 513 520
D20 0.0795 32 199 340 490
D20 0.0690 506 317 596 460
D20 0.0592 183 320 600 468
D20 0.0583 47 57 552 495
D20 0.0500 455 331 600 431
D20 0.0484 121 119 244 242
D20 0.0479 228 200 556 480
D20 0.0460 100 361 529 554
D20 0.0444 238 128 309 175
D20 0.0395 219 348 471 449
D20 0.0387 542 343 589 426
D20 0.0344 226 107 436 178
D20 0.0324 0 188 196 484
D20 0.0315 0 52 275 233
D20 0.0304 271 382 573 474
D20 0.0301 173 277 586 578
D20 0.0299 308 0 600 459
D20 0.0298 210 385 600 523
D20 0.0295 92 221 408 600
D20 0.0284 299 422 504 489
D20 0.0265 420 258 510 296
D20 0.0265 0 306 283 576
D20 0.0260 0 0 408 294
D20 0.0253 167 0 600 294
D20 0.0253 406 209 565 292
D20 0.0250 117 396 316 471
D20 0.0240 422 417 600 493
D20 0.0239 47 148 222 241
D20 0.0232 0 47 235 580
D20 0.0230 467 376 600 485
D20 0.0224 158 172 240 231
D20 0.0221 135 230 472 442
D20 0.0219 326 254 599 463
D20 0.0211 78 57 395 222
D20 0.0211 67 108 222 212
D20 0.0209 454 0 600 226
D20 0.0194 122 447 526 600
D20 0.0188 380 0 600 146
D20 0.0185 246 138 336 180
D20 0.0182 552 331 600 458
D20 0.0181 353 196 533 277
D20 0.0176 389 0 600 313
D20 0.0173 45 394 339 600
D20 0.0172 347 344 589 491
D20 0.0168 122 140 203 185
D20 0.0168 0 347 152 600
D20 0.0168 300 0 524 235
D20 0.0168 400 235 531 299
D20 0.0166 343 443 497 501
D20 0.0166 0 286 49 371
D20 0.0163 0 44 187 348
D20 0.0162 436 307 593 402
D20 0.0160 0 0 148 230
D20 0.0160 0 452 230 600
D20 0.0160 181 26 540 178
D20 0.0159 359 453 600 600
D20 0.0155 206 347 451 600
D20 0.0154 0 0 214 145
D20 0.0153 423 81 600 544
D20 0.0146 257 50 438 123
D20 0.0139 178 130 347 210
D20 0.0139 561 316 600 416
D20 0.0136 41 0 326 188
D20 0.0134 453 354 600 600
D20 0.0134 405 247 565 321
D20 0.0132 544 270 600 425
D20 0.0131 539 335 600 396
D20 0.0126 150 145 212 199
D20 0.0124 90 410 266 492
D20 0.0118 0 253 47 340
D20 0.0117 155 158 226 214
D20 0.0117 238 433 536 558
D20 0.0112 208 414 303 456
D20 0.0111 0 373 81 509
D20 0.0109 0 112 28 190
D20 0.0102 363 282 600 600
D20 0.0100 424 269 585 348
D20 0.0100 0 226 48 305
D40 0.1643 135 189 238 240
D40 0.0927 121 153 248 244
D40 0.0913 257 407 329 449
D40 0.0867 230 401 358 455
D40 0.0863 515 338 588 427
D40 0.0835 34 364 180 454
D40 0.0793 18 230 388 467
D40 0.0744 81 390 179 443
D40 0.0722 275 412 314 448
D40 0.0652 139 207 225 245
D40 0.0602 69 371 232 447
D40 0.0570 165 367 452 472
D40 0.0552 167 233 564 458
D40 0.0548 470 330 600 433
D40 0.0547 51 153 446 405
D40 0.0547 0 102 566 481
D40 0.0545 4 382 161 474
D40 0.0508 155 187 235 222
D40 0.0505 141 217 205 241
D40 0.0480 108 381 181 425
D40 0.0478 266 415 408 458
D40 0.0459 46 139 283 253
D40 0.0432 56 80 448 312
D40 0.0427 149 197 210 228
D40 0.0427 101 116 289 226
D40 0.0408 187 148 560 392
D40 0.0400 270 389 316 451
D40 0.0396 103 393 234 440
D40 0.0396 143 202 191 239
D40 0.0375 515 314 589 391
D40 0.0366 174 193 231 232
D40 0.0366 201 76 567 304
D40 0.0355 148 161 199 182
D40 0.0340 116 391 165 421
D40 0.0339 518 379 590 452
D40 0.0339 40 88 347 244
D40 0.0339 68 397 195 464
D40 0.0338 531 372 584 421
D40 0.0330 185 381 529 522
D40 0.0328 135 142 225 222
D40 0.0327 28 409 142 464
D40 0.0318 55 346 157 393
D40 0.0313 117 378 154 428
D40 0.0309 472 373 583 427
D40 0.0307 10 397 90 474
D40 0.0305 265 422 324 454
D40 0.0303 256 141 295 177
D40 0.0294 169 174 245 244
D40 0.0292 18 158 305 348
D40 0.0286 138 416 228 455
D40 0.0284 242 415 369 476
D40 0.0284 152 167 220 230
D40 0.0283 291 363 594 486
D40 0.0283 267 417 464 481
D40 0.0274 87 391 262 469
D40 0.0273 403 338 588 450
D40 0.0272 110 181 200 242
D40 0.0272 223 394 318 444
D40 0.0267 152 190 208 215
D40 0.0258 149 137 311 257
D40 0.0258 548 369 584 409
D40 0.0255 73 172 310 290
D40 0.0248 157 180 213 204
D40 0.0239 0 0 571 331
D40 0.0239 546 342 584 381
D40 0.0237 207 404 347 493
D40 0.0235 539 384 584 413
D40 0.0234 238 416 313 451
D40 0.0234 150 169 202 190
D40 0.0233 0 416 113 486
D40 0.0232 290 394 388 451
D40 0.0228 128 18 517 232
D40 0.0220 278 429 406 475
D40 0.0219 521 394 579 420
D40 0.0219 137 173 243 278
D40 0.0217 309 219 388 270
D40 0.0208 99 395 161 434
D40 0.0207 126 394 185 418
D40 0.0207 231 488 278 516
D40 0.0205 225 480 289 522
D40 0.0205 471 366 600 462
D40 0.0200 139 161 212 202
D40 0.0200 278 417 563 507
D40 0.0198 42 185 228 277
D40 0.0197 161 424 221 449
D40 0.0195 131 220 228 273
D40 0.0195 279 399 324 464
D40 0.0191 161 191 201 238
D40 0.0190 516 237 563 261
D40 0.0189 256 404 308 434
D40 0.0186 250 393 434 514
D40 0.0185 329 274 600 451
D40 0.0185 125 404 219 447
D40 0.0182 150 195 272 256
D40 0.0181 63 356 137 380
D40 0.0173 544 350 575 411
D40 0.0170 354 234 384 272
D40 0.0167 298 12 600 229
D40 0.0159 172 197 212 241
D40 0.0159 147 187 189 223
D40 0.0155 156 152 205 192
D40 0.0154 555 378 591 417
D40 0.0154 0 436 49 483
D40 0.0153 67 159 206 235
D40 0.0153 341 232 379 264
D40 0.0153 0 373 97 505
D40 0.0153 0 81 221 306
D40 0.0153 449 353 567 439
D40 0.0152 529 358 585 401
D40 0.0149 121 401 175 425
D40 0.0148 189 188 276 230
D40 0.0148 0 16 301 228
D40 0.0148 161 187 363 276
D40 0.0146 512 361 572 417
D40 0.0146 133 381 169 424
D40 0.0146 155 146 191 182
D40 0.0146 313 405 451 469
D40 0.0144 117 202 219 290
D40 0.0144 118 404 155 443
D40 0.0143 555 358 591 400
D40 0.0143 530 391 586 434
D40 0.0143 71 0 446 146
D40 0.0143 552 359 600 438
D40 0.0142 373 76 600 298
D40 0.0142 367 151 600 377
D40 0.0138 155 168 227 196
D40 0.0138 118 194 188 233
D40 0.0136 104 148 207 208
D40 0.0133 551 338 593 370
D40 0.0133 140 176 202 210
D40 0.0133 64 219 251 337
D40 0.0133 134 144 200 195
D40 0.0131 253 429 309 453
D40 0.0130 524 375 577 405
D40 0.0125 49 405 221 489
D40 0.0124 251 205 402 290
D40 0.0123 37 260 189 375
D40 0.0122 3 449 58 476
D40 0.0121 339 224 522 302
D40 0.0120 164 174 198 221
D40 0.0120 282 209 383 252
D40 0.0120 488 343 578 402
D40 0.0119 179 204 264 247
D40 0.0119 155 431 214 456
D40 0.0118 510 226 558 268
D40 0.0118 174 180 227 212
D40 0.0116 150 401 242 463
D40 0.0116 455 387 545 447
D40 0.0115 41 428 152 479
D40 0.0113 334 424 432 482
D40 0.0113 218 421 304 460
D40 0.0112 330 229 406 274
D40 0.0112 253 158 300 183
D40 0.0111 338 394 429 451
D40 0.0111 497 403 585 472
D40 0.0110 136 154 177 185
D40 0.0110 555 399 594 433
D40 0.0109 239 146 315 188
D40 0.0109 5 433 84 502
D40 0.0107 128 398 207 427
D40 0.0107 102 232 220 308
D40 0.0104 532 382 566 424
D40 0.0104 94 351 148 389
D40 0.0104 377 412 473 468
D40 0.0103 553 309 600 387
D40 0.0102 171 421 246 452
D40 0.0102 130 202 172 237
D40 0.0102 227 175 396 259
D40 0.0101 418 392 498 450
