D00 0.1274 327 304 359 339
D00 0.0687 302 306 366 338
D00 0.0661 322 303 381 336
D00 0.0592 574 327 599 374
D00 0.0524 319 476 362 563
D00 0.0462 196 477 224 527
D00 0.0435 334 494 366 561
D00 0.0427 310 464 353 538
D00 0.0426 553 439 598 485
D00 0.0417 199 459 272 576
D00 0.0404 228 318 404 404
D00 0.0401 319 476 346 527
D00 0.0397 324 293 363 357
D00 0.0394 547 327 600 385
D00 0.0384 191 472 253 532
D00 0.0369 326 316 373 342
D00 0.0364 276 300 410 362
D00 0.0355 329 492 355 549
D00 0.0350 484 324 519 356
D00 0.0347 301 470 347 517
D00 0.0343 303 467 398 567
D00 0.0339 555 337 599 366
D00 0.0337 528 428 600 482
D00 0.0335 571 445 597 492
D00 0.0334 508 341 596 463
D00 0.0332 197 335 446 565
D00 0.0329 230 511 269 570
D00 0.0321 317 470 363 519
D00 0.0321 323 308 402 348
D00 0.0311 484 322 537 348
D00 0.0304 309 479 354 505
D00 0.0303 198 476 238 511
D00 0.0288 189 485 216 532
D00 0.0286 295 304 456 389
D00 0.0284 486 381 555 433
D00 0.0282 218 451 427 571
D00 0.0282 1 553 32 599
D00 0.0281 184 466 225 536
D00 0.0281 238 403 394 553
D00 0.0278 268 313 382 380
D00 0.0277 215 481 264 563
D00 0.0277 3 485 40 562
D00 0.0276 271 340 441 419
D00 0.0276 342 504 375 567
D00 0.0275 331 491 393 557
D00 0.0274 565 345 600 372
D00 0.0272 327 486 372 542
D00 0.0270 532 379 600 495
D00 0.0269 519 318 600 415
D00 0.0264 480 374 595 548
D00 0.0264 245 509 283 574
D00 0.0262 312 463 338 511
D00 0.0260 207 373 359 587
D00 0.0258 354 567 407 590
D00 0.0258 500 400 539 431
D00 0.0257 187 475 221 511
D00 0.0256 441 350 578 515
D00 0.0253 19 544 61 600
D00 0.0253 286 329 542 598
D00 0.0249 294 293 399 338
D00 0.0249 242 529 273 579
D00 0.0249 242 359 406 436
D00 0.0247 12 552 47 598
D00 0.0242 235 480 294 580
D00 0.0242 252 420 473 532
D00 0.0241 290 477 367 527
D00 0.0239 293 385 375 432
D00 0.0239 285 443 380 534
D00 0.0238 174 433 325 579
D00 0.0237 226 516 255 564
D00 0.0231 339 519 365 568
D00 0.0229 248 316 461 494
D00 0.0228 259 367 565 508
D00 0.0228 461 319 527 351
D00 0.0228 194 468 231 501
D00 0.0226 564 408 600 492
D00 0.0225 202 442 262 535
D00 0.0223 98 506 160 572
D00 0.0222 330 512 387 576
D00 0.0220 291 350 410 539
D00 0.0217 224 301 502 417
D00 0.0217 285 336 395 394
D00 0.0216 1 532 31 585
D00 0.0215 202 484 233 534
D00 0.0211 258 466 364 565
D00 0.0211 188 464 266 508
D00 0.0210 293 291 397 418
D00 0.0209 191 496 235 526
D00 0.0209 562 457 600 484
D00 0.0209 283 360 400 408
D00 0.0208 277 308 368 350
D00 0.0208 318 323 520 404
D00 0.0205 489 452 600 570
D00 0.0205 534 430 600 549
D00 0.0204 479 317 543 364
D00 0.0202 307 436 478 572
D00 0.0202 318 307 404 382
D00 0.0202 305 447 364 511
D00 0.0202 141 417 349 534
D00 0.0200 309 501 358 554
D00 0.0199 157 367 406 511
D00 0.0199 271 384 390 507
D00 0.0198 67 495 109 581
D00 0.0198 325 517 360 558
D00 0.0197 91 373 124 405
D00 0.0196 570 559 600 597
D00 0.0196 551 574 599 599
D00 0.0195 202 497 256 545
D00 0.0193 309 339 570 450
D00 0.0193 319 296 364 321
D00 0.0192 187 363 311 542
D00 0.0191 304 379 394 419
D00 0.0191 361 572 417 596
D00 0.0190 531 562 600 597
D00 0.0190 291 370 430 427
D00 0.0190 65 451 140 578
D00 0.0189 151 470 258 558
D00 0.0189 486 329 551 353
D00 0.0189 308 496 352 523
D00 0.0187 362 564 438 593
D00 0.0186 567 301 600 378
D00 0.0185 74 443 118 517
D00 0.0185 425 457 491 494
D00 0.0184 327 463 355 510
D00 0.0183 319 471 367 497
D00 0.0182 62 449 111 497
D00 0.0181 2 485 30 539
D00 0.0181 309 484 340 533
D00 0.0180 532 361 599 442
D00 0.0180 571 315 600 356
D00 0.0180 178 482 234 521
D00 0.0179 298 422 397 516
D00 0.0178 225 377 386 465
D00 0.0176 178 458 237 516
D00 0.0176 346 558 396 596
D00 0.0175 226 497 253 548
D00 0.0175 85 496 131 579
D00 0.0175 205 482 250 520
D00 0.0175 555 332 600 466
D00 0.0174 563 425 592 477
D00 0.0173 18 508 64 572
D00 0.0173 276 394 356 441
D00 0.0172 263 505 302 589
D00 0.0171 0 384 26 429
D00 0.0169 255 522 292 585
D00 0.0168 242 333 314 388
D00 0.0168 494 502 590 543
D00 0.0167 501 371 537 434
D00 0.0167 77 482 119 562
D00 0.0167 323 351 474 413
D00 0.0166 331 484 367 521
D00 0.0164 412 471 591 559
D00 0.0164 511 342 592 397
D00 0.0163 329 305 459 353
D00 0.0163 263 421 363 515
D00 0.0162 235 497 264 550
D00 0.0161 309 293 359 333
D00 0.0160 439 414 575 571
D00 0.0160 396 390 548 547
D00 0.0160 484 311 519 344
D00 0.0160 47 466 113 571
D00 0.0160 43 514 104 583
D00 0.0158 3 443 46 522
D00 0.0158 84 448 126 537
D00 0.0158 560 348 598 387
D00 0.0158 370 458 498 576
D00 0.0157 248 280 468 369
D00 0.0156 211 509 249 566
D00 0.0156 198 502 239 537
D00 0.0156 291 449 341 520
D00 0.0156 323 369 411 410
D00 0.0155 582 340 600 392
D00 0.0155 321 510 380 550
D00 0.0155 424 469 473 495
D00 0.0155 196 452 250 498
D00 0.0155 479 316 508 354
D00 0.0154 38 537 82 596
D00 0.0153 446 298 576 457
D00 0.0153 497 386 527 430
D00 0.0153 348 528 393 600
D00 0.0152 405 453 529 500
D00 0.0152 151 399 274 569
D00 0.0152 221 522 262 583
D00 0.0151 84 386 131 409
D00 0.0151 548 536 600 600
D00 0.0150 245 467 324 583
D00 0.0150 380 455 552 533
D00 0.0149 337 525 382 553
D00 0.0149 489 331 526 365
D00 0.0149 35 309 87 355
D00 0.0149 520 468 587 560
D00 0.0149 276 301 362 330
D00 0.0149 287 379 444 458
D00 0.0147 221 326 347 494
D00 0.0147 103 368 127 408
D00 0.0147 75 456 104 505
D00 0.0147 319 453 347 504
D00 0.0146 219 472 261 532
D00 0.0146 29 514 86 568
D00 0.0146 33 543 67 591
D00 0.0145 469 326 519 370
D00 0.0145 386 316 540 381
D00 0.0145 581 438 600 487
D00 0.0145 330 311 356 362
D00 0.0145 254 353 297 386
D00 0.0144 571 340 600 405
D00 0.0144 85 470 159 585
D00 0.0144 236 441 345 533
D00 0.0144 497 378 575 464
D00 0.0144 348 515 415 579
D00 0.0144 283 494 362 544
D00 0.0143 257 496 289 568
D00 0.0143 327 294 394 324
D00 0.0143 335 293 363 335
D00 0.0142 4 361 112 549
D00 0.0142 307 404 360 430
D00 0.0141 86 523 152 587
D00 0.0141 301 402 383 444
D00 0.0141 191 499 252 587
D00 0.0141 492 329 576 415
D00 0.0141 539 285 600 394
D00 0.0140 49 407 185 576
D00 0.0140 542 485 598 579
D00 0.0140 361 353 503 525
D00 0.0139 200 398 368 491
D00 0.0139 55 305 313 579
D00 0.0139 355 520 382 572
D00 0.0138 318 506 361 532
D00 0.0138 298 300 362 377
D00 0.0138 488 511 559 545
D00 0.0138 281 503 383 564
D00 0.0138 181 478 208 527
D00 0.0138 75 512 119 597
D00 0.0137 11 515 46 567
D00 0.0137 260 349 362 406
D00 0.0136 50 324 88 357
D00 0.0136 502 507 600 593
D00 0.0135 8 473 49 533
D00 0.0135 429 452 460 495
D00 0.0135 344 357 428 405
D00 0.0135 339 386 399 409
D00 0.0134 61 525 98 590
D00 0.0134 339 512 408 548
D00 0.0134 343 475 416 565
D00 0.0134 108 523 175 585
D00 0.0134 334 326 424 399
D00 0.0133 399 325 552 486
D00 0.0133 64 445 94 489
D00 0.0133 365 564 394 600
D00 0.0131 115 514 170 562
D00 0.0130 79 335 118 361
D00 0.0130 296 467 336 504
D00 0.0130 227 430 305 549
D00 0.0130 72 468 106 532
D00 0.0130 351 500 388 560
D00 0.0129 318 528 379 564
D00 0.0129 281 479 341 577
D00 0.0129 411 446 470 498
D00 0.0129 256 296 378 444
D00 0.0129 70 326 108 359
D00 0.0129 0 463 32 526
D00 0.0129 508 516 573 541
D00 0.0129 333 573 390 597
D00 0.0129 277 371 355 425
D00 0.0128 250 540 281 586
D00 0.0128 347 448 495 509
D00 0.0128 273 520 297 576
D00 0.0127 392 424 500 504
D00 0.0127 0 395 36 418
D00 0.0126 235 478 265 527
D00 0.0126 10 425 56 510
D00 0.0125 0 378 34 453
D00 0.0125 479 317 525 392
D00 0.0124 310 277 382 372
D00 0.0124 166 434 244 539
D00 0.0124 542 317 600 354
D00 0.0124 98 426 232 584
D00 0.0124 52 310 104 356
D00 0.0123 313 394 371 422
D00 0.0123 95 473 138 548
D00 0.0123 187 425 249 514
D00 0.0123 353 319 482 373
D00 0.0123 496 515 587 556
D00 0.0123 0 415 44 500
D00 0.0122 207 411 286 528
D00 0.0122 347 529 373 579
D00 0.0122 480 498 549 553
D00 0.0122 334 480 385 529
D00 0.0121 249 344 288 381
D00 0.0121 351 341 443 385
D00 0.0121 464 563 538 595
D00 0.0120 84 465 111 518
D00 0.0120 300 413 349 439
D00 0.0120 357 540 425 596
D00 0.0120 465 488 579 577
D00 0.0119 285 436 378 489
D00 0.0119 359 303 515 362
D00 0.0119 567 456 599 522
D00 0.0119 350 376 405 405
D00 0.0118 49 445 91 499
D00 0.0118 331 458 370 512
D00 0.0118 275 497 315 578
D00 0.0118 1 368 27 412
D00 0.0118 327 445 393 533
D00 0.0118 27 289 94 343
D00 0.0117 82 445 113 488
D00 0.0117 219 345 300 381
D00 0.0117 520 305 600 359
D00 0.0117 571 441 600 470
D00 0.0117 311 386 374 411
D00 0.0116 357 545 383 591
D00 0.0116 0 386 37 411
D00 0.0116 90 480 123 542
D00 0.0115 324 351 410 395
D00 0.0115 330 314 385 361
D00 0.0114 72 408 131 494
D00 0.0114 88 443 123 502
D00 0.0114 293 406 368 478
D00 0.0114 485 312 559 341
D00 0.0114 293 335 398 461
D00 0.0113 62 458 100 518
D00 0.0113 249 462 280 525
D00 0.0113 172 483 233 572
D00 0.0113 495 507 550 536
D00 0.0113 330 378 390 403
D00 0.0113 85 496 110 547
D00 0.0113 418 469 547 516
D00 0.0113 299 378 351 450
D00 0.0112 112 521 142 574
D00 0.0112 472 376 535 424
D00 0.0112 373 559 402 596
D00 0.0112 257 321 295 386
D00 0.0112 307 456 341 495
D00 0.0112 481 400 530 429
D00 0.0112 323 290 448 450
D00 0.0112 297 483 372 592
D00 0.0111 549 412 596 468
D00 0.0111 34 528 67 574
D00 0.0111 91 433 147 531
D00 0.0110 320 461 368 488
D00 0.0110 379 480 463 554
D00 0.0110 360 553 397 585
D00 0.0110 386 469 496 517
D00 0.0110 7 500 49 539
D00 0.0110 210 463 245 508
D00 0.0110 389 479 524 549
D00 0.0110 262 331 344 392
D00 0.0110 381 340 506 416
D00 0.0109 497 391 546 451
D00 0.0109 77 496 102 547
D00 0.0109 510 548 600 593
D00 0.0109 139 342 365 442
D00 0.0109 337 507 386 533
D00 0.0109 100 457 131 531
D00 0.0108 62 490 99 554
D00 0.0108 405 497 545 598
D00 0.0108 234 540 265 585
D00 0.0108 399 312 490 355
D00 0.0108 85 368 129 394
D00 0.0108 491 573 552 598
D00 0.0108 318 511 349 560
D00 0.0108 158 290 420 463
D00 0.0108 94 360 137 401
D00 0.0107 338 529 403 565
D00 0.0107 138 479 224 548
D00 0.0106 54 535 86 583
D00 0.0106 309 398 418 489
D00 0.0106 418 461 478 514
D00 0.0106 273 365 353 478
D00 0.0105 49 306 88 340
D00 0.0105 553 473 600 544
D00 0.0105 76 520 101 577
D00 0.0105 50 498 91 567
D00 0.0105 423 309 543 355
D00 0.0104 511 385 543 432
D00 0.0104 465 325 507 356
D00 0.0104 296 317 357 343
D00 0.0104 448 310 520 342
D00 0.0103 489 405 560 459
D00 0.0103 538 354 600 409
D00 0.0103 173 497 219 526
D00 0.0103 331 287 424 344
D00 0.0103 420 505 466 589
D00 0.0102 485 334 535 382
D00 0.0102 258 478 289 542
D00 0.0102 507 374 570 426
D00 0.0101 312 321 372 356
D00 0.0101 291 403 342 447
D00 0.0101 500 559 561 597
D00 0.0101 192 498 229 553
D00 0.0101 314 337 378 418
D00 0.0101 488 334 572 365
D00 0.0101 438 330 529 402
D00 0.0101 0 398 39 433
D00 0.0101 360 294 498 452
D00 0.0101 283 311 354 334
D00 0.0100 345 402 520 586
D00 0.0100 94 465 119 521
D00 0.0100 424 445 531 586
D00 0.0100 312 393 398 435
D00 0.0100 496 496 566 532
D00 0.0100 423 452 472 480
D00 0.0100 561 549 598 588
D10 0.1087 9 545 68 569
D10 0.0928 497 409 581 435
D10 0.0886 0 536 79 582
D10 0.0740 4 536 61 563
D10 0.0692 248 363 361 397
D10 0.0624 7 552 59 579
D10 0.0561 484 402 563 432
D10 0.0539 220 351 374 404
D10 0.0528 256 370 336 391
D10 0.0478 528 371 596 400
D10 0.0472 266 377 347 395
D10 0.0456 502 397 596 441
D10 0.0441 271 371 369 407
D10 0.0440 59 444 117 467
D10 0.0426 203 333 369 390
D10 0.0421 107 510 165 533
D10 0.0417 7 486 92 517
D10 0.0412 103 512 171 545
D10 0.0408 27 536 83 563
D10 0.0406 443 388 598 450
D10 0.0384 500 367 591 408
D10 0.0379 532 414 589 436
D10 0.0374 16 495 97 525
D10 0.0373 59 452 114 476
D10 0.0363 491 365 575 394
D10 0.0362 517 376 580 396
D10 0.0361 440 397 552 430
D10 0.0359 470 405 540 428
D10 0.0354 501 412 590 456
D10 0.0352 228 363 315 387
D10 0.0346 7 562 56 594
D10 0.0341 481 370 543 389
D10 0.0335 10 475 93 507
D10 0.0332 457 377 588 428
D10 0.0324 78 340 137 361
D10 0.0321 36 490 98 513
D10 0.0318 7 488 58 514
D10 0.0315 2 539 46 575
D10 0.0314 194 360 334 398
D10 0.0314 85 506 156 537
D10 0.0310 491 377 552 396
D10 0.0308 463 363 563 401
D10 0.0305 37 442 109 472
D10 0.0301 194 518 249 541
D10 0.0299 9 498 71 522
D10 0.0296 8 480 60 504
D10 0.0295 285 370 359 392
D10 0.0288 120 517 182 541
D10 0.0287 5 525 58 556
D10 0.0282 94 515 146 539
D10 0.0282 453 366 534 393
D10 0.0282 194 508 247 533
D10 0.0280 112 507 191 537
D10 0.0277 205 351 316 385
D10 0.0276 27 553 83 579
D10 0.0274 13 465 109 521
D10 0.0273 37 479 98 503
D10 0.0271 79 507 166 555
D10 0.0270 9 448 101 503
D10 0.0270 548 366 596 393
D10 0.0268 2 339 66 358
D10 0.0262 0 326 75 356
D10 0.0260 10 502 87 535
D10 0.0259 289 487 344 514
D10 0.0258 11 483 106 547
D10 0.0258 523 422 587 446
D10 0.0253 540 338 600 364
D10 0.0250 37 545 91 571
D10 0.0243 213 518 264 543
D10 0.0241 383 372 556 426
D10 0.0241 493 395 548 426
D10 0.0238 537 442 594 472
D10 0.0238 17 504 126 568
D10 0.0237 11 520 81 561
D10 0.0236 536 384 590 406
D10 0.0234 201 480 259 505
D10 0.0232 60 434 117 459
D10 0.0232 507 389 578 430
D10 0.0231 183 508 264 550
D10 0.0229 290 497 345 522
D10 0.0227 365 393 448 418
D10 0.0225 147 348 345 409
D10 0.0225 87 349 145 367
D10 0.0224 471 377 534 398
D10 0.0223 197 472 250 495
D10 0.0223 50 499 103 522
D10 0.0219 223 554 276 580
D10 0.0218 215 525 266 553
D10 0.0215 118 462 173 482
D10 0.0215 521 374 600 420
D10 0.0215 347 378 445 415
D10 0.0210 209 360 377 437
D10 0.0210 451 410 542 435
D10 0.0210 274 478 356 522
D10 0.0209 53 337 128 361
D10 0.0209 455 370 546 413
D10 0.0209 559 376 600 399
D10 0.0208 30 448 99 482
D10 0.0208 85 337 164 365
D10 0.0208 0 432 47 456
D10 0.0207 102 351 168 369
D10 0.0206 212 508 265 532
D10 0.0206 324 479 376 502
D10 0.0205 34 524 150 582
D10 0.0205 51 436 132 478
D10 0.0204 39 507 96 530
D10 0.0203 214 360 289 382
D10 0.0202 51 458 103 488
D10 0.0201 12 335 91 359
D10 0.0201 135 397 193 419
D10 0.0199 297 378 367 398
D10 0.0197 220 565 278 588
D10 0.0196 387 391 554 445
D10 0.0196 532 350 599 389
D10 0.0196 97 561 171 592
D10 0.0194 74 508 122 531
D10 0.0194 40 339 102 359
D10 0.0194 259 359 330 386
D10 0.0192 89 452 138 475
D10 0.0192 84 498 235 564
D10 0.0192 517 429 595 465
D10 0.0191 39 468 97 496
D10 0.0189 493 563 570 595
D10 0.0188 226 543 274 571
D10 0.0187 516 319 600 349
D10 0.0186 508 509 600 547
D10 0.0185 253 293 374 336
D10 0.0184 325 471 378 495
D10 0.0184 82 489 195 543
D10 0.0183 496 307 597 359
D10 0.0183 500 422 566 443
D10 0.0183 61 479 108 502
D10 0.0182 245 376 316 395
D10 0.0181 317 534 366 560
D10 0.0181 0 472 68 518
D10 0.0180 42 487 146 544
D10 0.0180 92 344 196 375
D10 0.0180 6 506 57 530
D10 0.0180 397 351 499 386
D10 0.0179 196 525 251 550
D10 0.0178 71 459 117 487
D10 0.0178 210 487 266 514
D10 0.0178 422 402 510 427
D10 0.0178 493 380 567 418
D10 0.0178 182 472 230 494
D10 0.0177 233 517 276 542
D10 0.0176 393 397 460 418
D10 0.0176 62 489 108 513
D10 0.0176 44 497 184 570
D10 0.0176 475 355 551 387
D10 0.0174 279 480 338 506
D10 0.0174 552 355 596 383
D10 0.0173 109 453 160 476
D10 0.0173 196 496 245 525
D10 0.0172 101 499 153 526
D10 0.0172 318 292 435 337
D10 0.0171 42 466 143 524
D10 0.0171 99 461 151 483
D10 0.0171 33 302 88 324
D10 0.0169 299 506 350 531
D10 0.0168 211 497 266 522
D10 0.0168 232 376 356 422
D10 0.0168 107 516 192 560
D10 0.0167 384 390 490 422
D10 0.0167 135 405 191 425
D10 0.0166 418 417 560 469
D10 0.0166 3 510 73 549
D10 0.0166 304 567 364 589
D10 0.0165 442 369 507 389
D10 0.0165 201 452 297 504
D10 0.0164 333 567 389 589
D10 0.0164 119 489 243 541
D10 0.0163 86 331 145 358
D10 0.0163 31 293 90 316
D10 0.0163 546 405 596 430
D10 0.0162 270 489 328 513
D10 0.0162 91 544 177 588
D10 0.0161 111 523 161 553
D10 0.0160 106 555 161 580
D10 0.0160 549 433 593 460
D10 0.0160 28 443 82 466
D10 0.0159 16 470 73 497
D10 0.0159 135 335 314 386
D10 0.0158 20 515 78 541
D10 0.0158 419 388 536 424
D10 0.0158 484 384 538 413
D10 0.0158 464 359 522 383
D10 0.0157 327 309 418 338
D10 0.0157 363 387 429 410
D10 0.0156 233 507 276 531
D10 0.0156 492 322 566 345
D10 0.0156 524 402 573 434
D10 0.0156 0 423 45 449
D10 0.0156 178 362 287 392
D10 0.0155 502 554 577 585
D10 0.0155 166 353 279 384
D10 0.0153 305 556 363 579
D10 0.0153 307 363 490 431
D10 0.0153 445 349 540 391
D10 0.0153 536 394 587 422
D10 0.0153 415 361 515 399
D10 0.0152 270 498 326 522
D10 0.0152 280 355 363 390
D10 0.0152 537 418 598 454
D10 0.0151 1 396 56 417
D10 0.0151 120 390 210 422
D10 0.0151 205 368 277 385
D10 0.0151 262 329 362 375
D10 0.0150 525 517 592 540
D10 0.0150 354 558 406 581
D10 0.0150 74 499 119 525
D10 0.0149 519 358 583 386
D10 0.0148 459 396 532 422
D10 0.0148 55 503 118 536
D10 0.0147 2 298 82 328
D10 0.0147 289 363 390 402
D10 0.0146 218 471 267 495
D10 0.0146 286 380 361 414
D10 0.0146 278 496 360 543
D10 0.0146 457 330 517 352
D10 0.0145 3 515 46 542
D10 0.0145 435 355 515 385
D10 0.0145 122 566 181 589
D10 0.0145 348 513 421 546
D10 0.0144 90 442 136 468
D10 0.0144 251 489 350 532
D10 0.0144 134 462 192 483
D10 0.0144 65 515 205 585
D10 0.0143 71 348 126 366
D10 0.0143 0 330 42 354
D10 0.0143 0 424 77 469
D10 0.0142 500 406 541 433
D10 0.0141 146 505 259 560
D10 0.0141 112 358 194 381
D10 0.0141 42 311 95 334
D10 0.0141 106 276 165 297
D10 0.0140 306 545 363 568
D10 0.0140 421 359 489 379
D10 0.0140 368 350 461 389
D10 0.0139 527 566 592 592
D10 0.0139 559 385 600 407
D10 0.0138 69 444 158 485
D10 0.0138 38 285 99 308
D10 0.0138 308 524 359 554
D10 0.0137 201 565 260 589
D10 0.0137 206 534 261 560
D10 0.0136 4 471 49 497
D10 0.0136 118 510 222 546
D10 0.0135 100 454 197 491
D10 0.0134 167 375 317 429
D10 0.0134 0 288 73 320
D10 0.0133 395 402 477 427
D10 0.0133 192 461 242 486
D10 0.0133 68 510 130 546
D10 0.0133 259 380 339 410
D10 0.0133 40 525 91 553
D10 0.0133 204 556 261 581
D10 0.0133 335 556 386 580
D10 0.0133 336 534 381 560
D10 0.0133 0 440 47 464
D10 0.0132 142 517 201 539
D10 0.0131 38 434 90 459
D10 0.0130 127 453 181 477
D10 0.0130 41 515 93 541
D10 0.0130 482 566 541 592
D10 0.0130 14 286 105 324
D10 0.0130 296 334 368 367
D10 0.0130 355 394 422 414
D10 0.0130 0 301 51 324
D10 0.0129 283 339 379 384
D10 0.0129 76 495 140 531
D10 0.0128 539 508 593 534
D10 0.0128 0 320 52 348
D10 0.0128 552 320 597 348
D10 0.0128 422 470 506 506
D10 0.0127 16 433 69 457
D10 0.0127 10 281 90 312
D10 0.0125 511 344 594 379
D10 0.0125 323 341 412 385
D10 0.0125 125 275 202 300
D10 0.0124 379 340 473 380
D10 0.0124 507 312 593 339
D10 0.0124 469 413 558 452
D10 0.0124 121 355 230 385
D10 0.0124 250 497 296 522
D10 0.0123 41 299 115 328
D10 0.0123 492 558 551 581
D10 0.0123 309 515 356 544
D10 0.0123 468 337 520 361
D10 0.0122 233 469 344 524
D10 0.0122 370 398 465 432
D10 0.0122 403 547 504 591
D10 0.0122 99 470 222 527
D10 0.0121 289 471 341 499
D10 0.0121 434 373 517 405
D10 0.0120 80 565 136 590
D10 0.0120 250 507 294 531
D10 0.0120 143 509 203 533
D10 0.0120 271 507 323 531
D10 0.0120 339 470 457 523
D10 0.0120 24 319 80 349
D10 0.0120 126 470 183 491
D10 0.0119 153 305 254 340
D10 0.0119 130 364 271 402
D10 0.0119 313 346 389 376
D10 0.0119 338 549 426 590
D10 0.0119 264 326 346 358
D10 0.0119 3 307 81 341
D10 0.0119 145 524 260 579
D10 0.0118 508 434 576 458
D10 0.0118 51 320 106 348
D10 0.0118 361 487 467 543
D10 0.0118 387 405 448 426
D10 0.0118 131 344 240 377
D10 0.0118 283 303 353 326
D10 0.0117 123 500 182 526
D10 0.0117 51 535 98 562
D10 0.0117 95 539 159 575
D10 0.0117 65 515 110 540
D10 0.0117 454 562 525 595
D10 0.0116 308 327 397 373
D10 0.0116 421 396 489 419
D10 0.0116 487 431 561 463
D10 0.0115 213 368 312 404
D10 0.0114 333 476 404 504
D10 0.0114 247 554 293 581
D10 0.0114 250 489 297 514
D10 0.0114 71 429 132 463
D10 0.0114 427 479 483 500
D10 0.0114 82 271 172 301
D10 0.0114 417 408 519 440
D10 0.0114 131 525 188 549
D10 0.0114 250 516 293 540
D10 0.0112 58 312 117 333
D10 0.0112 95 574 155 596
D10 0.0112 503 330 578 352
D10 0.0112 115 284 175 305
D10 0.0111 70 321 126 348
D10 0.0111 255 343 333 380
D10 0.0110 30 280 127 315
D10 0.0110 168 517 221 539
D10 0.0110 77 276 141 296
D10 0.0110 331 314 435 351
D10 0.0110 401 519 548 590
D10 0.0110 81 468 126 494
D10 0.0110 328 385 519 456
D10 0.0109 117 309 195 337
D10 0.0109 532 523 600 554
D10 0.0109 67 341 151 372
D10 0.0109 110 469 161 492
D10 0.0109 294 534 378 575
D10 0.0109 115 314 218 350
D10 0.0109 0 310 51 337
D10 0.0109 322 385 412 422
D10 0.0109 467 550 559 592
D10 0.0109 0 403 44 428
D10 0.0108 365 554 436 585
D10 0.0108 206 544 261 570
D10 0.0108 173 316 251 343
D10 0.0108 189 291 323 333
D10 0.0108 170 463 222 485
D10 0.0108 133 281 212 308
D10 0.0107 64 463 120 500
D10 0.0107 158 471 212 492
D10 0.0106 90 281 165 307
D10 0.0106 81 554 135 580
D10 0.0106 130 352 196 371
D10 0.0106 320 327 365 353
D10 0.0105 335 544 382 569
D10 0.0105 302 351 398 393
D10 0.0105 295 295 353 319
D10 0.0105 460 516 551 559
D10 0.0105 249 524 291 552
D10 0.0105 396 358 457 379
D10 0.0104 497 335 584 366
D10 0.0104 346 507 400 534
D10 0.0104 186 360 256 380
D10 0.0104 536 362 580 395
D10 0.0102 303 546 394 587
D10 0.0102 394 388 457 412
D10 0.0102 247 543 291 573
D10 0.0102 398 363 475 392
D10 0.0102 414 340 516 381
D10 0.0102 280 339 346 361
D10 0.0102 65 484 124 519
D10 0.0101 106 318 182 347
D10 0.0101 73 323 201 366
D10 0.0101 334 489 386 512
D10 0.0101 171 312 235 335
D10 0.0101 239 498 334 544
D10 0.0101 4 349 63 368
D10 0.0100 254 362 299 389
D10 0.0100 213 435 322 486
D10 0.0100 354 525 411 551
D10 0.0100 83 352 286 413
D10 0.0100 99 504 134 538
D10 0.0100 248 533 290 563
D10 0.0100 299 322 365 357
D10 0.0100 559 413 600 436
D10 0.0100 329 293 405 322
D20 0.1248 0 501 94 594
D20 0.1044 1 535 66 600
D20 0.0850 418 420 600 500
D20 0.0815 0 452 118 588
D20 0.0779 0 428 316 593
D20 0.0747 454 322 600 419
D20 0.0733 3 483 195 595
D20 0.0687 207 308 390 391
D20 0.0651 0 509 51 586
D20 0.0642 0 526 75 575
D20 0.0639 37 386 512 579
D20 0.0604 431 359 600 444
D20 0.0591 0 522 152 599
D20 0.0573 506 441 600 483
D20 0.0566 116 328 551 538
D20 0.0529 5 412 126 522
D20 0.0512 496 326 600 474
D20 0.0510 293 348 600 522
D20 0.0491 208 478 291 583
D20 0.0477 219 515 278 576
D20 0.0459 2 568 61 600
D20 0.0456 523 330 600 375
D20 0.0448 460 406 595 478
D20 0.0428 259 424 600 578
D20 0.0424 17 530 90 588
D20 0.0417 279 293 599 455
D20 0.0400 316 305 412 341
D20 0.0392 8 469 79 576
D20 0.0381 310 472 461 568
D20 0.0374 474 321 595 377
D20 0.0365 365 343 571 419
D20 0.0360 28 445 116 488
D20 0.0359 240 502 285 580
D20 0.0355 394 372 583 490
D20 0.0350 257 300 395 365
D20 0.0349 202 483 377 581
D20 0.0347 225 481 273 566
D20 0.0347 2 371 356 541
D20 0.0345 0 288 152 362
D20 0.0341 27 437 154 563
D20 0.0337 190 439 278 576
D20 0.0327 223 471 502 594
D20 0.0327 426 451 600 535
D20 0.0326 1 473 45 553
D20 0.0324 225 532 287 589
D20 0.0321 13 458 104 505
D20 0.0311 474 388 572 432
D20 0.0311 318 506 479 590
D20 0.0309 157 437 413 583
D20 0.0308 462 443 566 481
D20 0.0307 238 527 275 569
D20 0.0305 209 512 329 587
D20 0.0302 81 474 277 556
D20 0.0298 476 318 574 353
D20 0.0298 499 393 600 518
D20 0.0295 0 377 176 600
D20 0.0295 0 545 38 600
D20 0.0294 193 510 281 556
D20 0.0294 23 418 247 537
D20 0.0294 163 499 306 590
D20 0.0293 30 514 123 587
D20 0.0290 0 385 134 477
D20 0.0289 202 472 273 533
D20 0.0288 45 421 143 512
D20 0.0287 11 551 94 598
D20 0.0286 449 451 592 499
D20 0.0285 0 502 73 562
D20 0.0280 437 336 600 518
D20 0.0278 303 442 467 529
D20 0.0276 138 298 343 369
D20 0.0275 297 295 457 369
D20 0.0274 508 328 598 405
D20 0.0273 419 447 528 487
D20 0.0271 0 364 82 399
D20 0.0268 243 468 412 566
D20 0.0268 205 446 331 568
D20 0.0268 394 315 580 392
D20 0.0263 385 440 564 512
D20 0.0260 86 443 274 527
D20 0.0260 321 456 405 495
D20 0.0255 31 501 86 578
D20 0.0254 7 425 93 500
D20 0.0248 461 322 545 359
D20 0.0248 188 488 253 547
D20 0.0243 235 465 278 538
D20 0.0243 506 559 600 598
D20 0.0243 289 485 418 593
D20 0.0239 31 322 133 359
D20 0.0238 345 485 573 589
D20 0.0236 15 414 115 473
D20 0.0231 581 325 600 374
D20 0.0228 0 311 93 354
D20 0.0228 8 484 90 542
D20 0.0226 266 304 373 342
D20 0.0225 42 293 239 361
D20 0.0223 63 434 113 502
D20 0.0222 6 463 80 520
D20 0.0222 508 385 593 459
D20 0.0221 32 544 152 593
D20 0.0221 332 524 441 582
D20 0.0220 42 483 150 582
D20 0.0220 508 317 600 355
D20 0.0220 2 374 125 435
D20 0.0220 6 283 124 338
D20 0.0217 130 272 542 459
D20 0.0217 196 446 269 519
D20 0.0216 349 517 437 561
D20 0.0216 177 412 291 527
D20 0.0216 271 471 356 516
D20 0.0213 552 400 598 485
D20 0.0212 371 270 591 571
D20 0.0211 143 326 352 389
D20 0.0211 0 421 73 549
D20 0.0210 23 437 98 532
D20 0.0209 305 464 384 509
D20 0.0209 0 539 51 574
D20 0.0208 195 460 308 537
D20 0.0206 69 459 208 570
D20 0.0206 354 560 448 595
D20 0.0206 552 335 600 408
D20 0.0205 220 331 376 416
D20 0.0205 446 429 555 492
D20 0.0204 69 324 166 362
D20 0.0204 573 317 600 393
D20 0.0201 245 536 283 577
D20 0.0201 1 356 128 413
D20 0.0200 52 438 108 479
D20 0.0199 450 531 600 600
D20 0.0199 193 516 284 600
D20 0.0198 0 263 152 330
D20 0.0198 225 525 271 554
D20 0.0197 52 449 105 496
D20 0.0197 301 503 366 563
D20 0.0196 443 377 545 422
D20 0.0195 44 426 135 469
D20 0.0194 490 350 592 393
D20 0.0194 212 524 402 600
D20 0.0194 241 338 333 386
D20 0.0192 295 559 390 594
D20 0.0192 327 486 437 547
D20 0.0192 44 523 275 600
D20 0.0191 202 555 291 592
D20 0.0189 116 345 392 600
D20 0.0188 205 515 258 561
D20 0.0188 222 443 391 532
D20 0.0188 77 300 420 435
D20 0.0188 10 369 69 394
D20 0.0187 29 331 392 491
D20 0.0186 320 503 420 565
D20 0.0185 291 449 411 518
D20 0.0185 317 545 425 593
D20 0.0185 555 439 600 512
D20 0.0185 545 337 600 493
D20 0.0184 234 495 278 550
D20 0.0184 220 290 373 344
D20 0.0181 128 496 272 566
D20 0.0180 195 319 332 378
D20 0.0180 64 433 164 531
D20 0.0179 421 358 556 412
D20 0.0175 418 405 600 600
D20 0.0175 0 581 49 600
D20 0.0174 445 336 571 396
D20 0.0172 219 483 314 547
D20 0.0172 327 426 518 505
D20 0.0172 430 308 582 363
D20 0.0171 68 449 109 481
D20 0.0171 439 315 532 353
D20 0.0170 0 0 408 294
D20 0.0170 3 376 59 402
D20 0.0168 29 407 201 491
D20 0.0168 278 270 573 386
D20 0.0168 0 326 144 395
D20 0.0167 167 0 600 294
D20 0.0166 416 382 558 457
D20 0.0164 35 476 120 558
D20 0.0164 1 386 58 409
D20 0.0163 43 317 194 368
D20 0.0163 323 470 439 526
D20 0.0163 82 281 277 343
D20 0.0162 495 417 573 477
D20 0.0162 27 232 600 521
D20 0.0161 394 412 551 477
D20 0.0161 13 395 115 451
D20 0.0161 66 460 110 539
D20 0.0160 556 305 600 375
D20 0.0159 45 423 97 496
D20 0.0159 206 372 465 600
D20 0.0158 229 544 343 591
D20 0.0158 20 561 132 600
D20 0.0157 0 270 104 317
D20 0.0157 0 497 29 574
D20 0.0156 531 367 581 442
D20 0.0156 118 406 285 493
D20 0.0156 327 565 413 600
D20 0.0156 0 118 290 600
D20 0.0155 473 368 570 470
D20 0.0155 234 520 286 560
D20 0.0155 153 278 426 382
D20 0.0155 42 535 104 597
D20 0.0154 485 365 558 427
D20 0.0154 243 491 325 573
D20 0.0153 250 524 296 596
D20 0.0153 42 282 193 343
D20 0.0152 150 469 255 527
D20 0.0152 314 511 391 584
D20 0.0151 186 524 269 571
D20 0.0151 0 572 32 599
D20 0.0151 36 304 102 358
D20 0.0150 56 483 103 562
D20 0.0149 312 118 600 600
D20 0.0149 161 429 277 499
D20 0.0148 74 309 287 373
D20 0.0147 20 363 114 395
D20 0.0147 493 570 569 600
D20 0.0147 538 352 592 423
D20 0.0146 248 524 367 579
D20 0.0146 511 361 586 418
D20 0.0145 507 371 569 437
D20 0.0145 95 495 163 553
D20 0.0145 0 292 58 353
D20 0.0144 546 292 600 434
D20 0.0144 0 557 25 595
D20 0.0144 125 456 241 542
D20 0.0142 48 448 91 482
D20 0.0141 82 430 128 501
D20 0.0140 527 402 587 474
D20 0.0140 0 519 46 560
D20 0.0140 349 447 486 554
D20 0.0140 304 430 433 498
D20 0.0139 472 467 600 561
D20 0.0139 0 0 600 434
D20 0.0139 254 322 357 365
D20 0.0139 72 555 164 595
D20 0.0138 176 383 341 471
D20 0.0137 526 574 593 598
D20 0.0137 308 425 415 559
D20 0.0137 0 523 25 590
D20 0.0136 0 284 83 326
D20 0.0136 10 434 57 512
D20 0.0136 195 502 247 571
D20 0.0136 305 571 380 599
D20 0.0135 213 542 270 586
D20 0.0135 439 329 529 371
D20 0.0134 87 336 126 362
D20 0.0134 464 560 562 598
D20 0.0134 187 438 249 494
D20 0.0133 0 374 81 515
D20 0.0132 38 467 100 511
D20 0.0132 156 423 256 551
D20 0.0132 108 505 373 600
D20 0.0131 0 392 61 420
D20 0.0131 207 463 265 508
D20 0.0130 170 543 273 592
D20 0.0129 0 0 210 147
D20 0.0129 326 452 376 519
D20 0.0128 404 379 509 418
D20 0.0128 72 413 124 480
D20 0.0127 214 492 275 528
D20 0.0127 0 377 46 417
D20 0.0126 0 407 44 485
D20 0.0126 300 401 465 486
D20 0.0126 455 0 600 222
D20 0.0126 26 480 94 521
D20 0.0126 77 440 119 472
D20 0.0125 165 448 245 517
D20 0.0125 369 301 550 372
D20 0.0125 87 492 227 593
D20 0.0124 75 379 259 514
D20 0.0123 280 453 366 503
D20 0.0123 295 226 532 526
D20 0.0123 197 342 306 382
D20 0.0123 58 295 144 359
D20 0.0122 502 460 600 497
D20 0.0121 307 446 383 490
D20 0.0121 253 471 293 549
D20 0.0120 485 329 558 388
D20 0.0120 326 451 396 482
D20 0.0118 85 430 238 495
D20 0.0118 4 354 92 389
D20 0.0117 486 309 592 343
D20 0.0117 22 341 139 383
D20 0.0116 488 310 600 593
D20 0.0116 551 368 598 445
D20 0.0115 205 527 256 598
D20 0.0115 427 317 545 436
D20 0.0115 154 288 316 340
D20 0.0115 322 290 413 327
D20 0.0114 129 372 315 442
D20 0.0114 92 390 279 464
D20 0.0113 39 490 99 533
D20 0.0113 228 300 321 369
D20 0.0113 74 395 125 417
D20 0.0112 239 544 277 596
D20 0.0111 64 546 130 600
D20 0.0111 75 303 201 355
D20 0.0110 87 415 185 553
D20 0.0109 229 574 285 595
D20 0.0109 64 536 205 598
D20 0.0109 55 403 104 474
D20 0.0108 103 474 148 548
D20 0.0108 171 303 306 357
D20 0.0108 419 203 600 486
D20 0.0108 573 406 600 487
D20 0.0108 69 383 129 411
D20 0.0107 43 269 192 317
D20 0.0107 51 407 132 449
D20 0.0106 107 279 206 311
D20 0.0106 502 392 556 453
D20 0.0106 243 313 335 356
D20 0.0105 300 540 370 591
D20 0.0105 63 508 142 600
D20 0.0104 578 341 600 406
D20 0.0104 238 560 301 591
D20 0.0104 202 570 275 597
D20 0.0103 297 574 354 596
D20 0.0103 154 474 254 600
D20 0.0103 509 502 600 600
D20 0.0103 24 318 81 357
D20 0.0103 170 305 272 341
D20 0.0102 142 423 287 600
D20 0.0102 108 485 181 542
D20 0.0102 54 457 128 507
D20 0.0102 87 566 180 600
D20 0.0102 60 402 124 430
D20 0.0101 332 0 600 178
D20 0.0101 167 338 324 421
D20 0.0100 59 430 99 464
D20 0.0100 41 440 82 473
D20 0.0100 34 360 157 463
D20 0.0100 340 454 461 503
D40 0.0437 365 517 448 560
D40 0.0436 323 402 591 537
D40 0.0374 517 446 600 481
D40 0.0336 510 424 596 492
D40 0.0328 345 449 577 561
D40 0.0321 560 451 597 486
D40 0.0306 353 502 443 543
D40 0.0299 379 525 436 552
D40 0.0296 1 530 44 568
D40 0.0290 472 449 593 500
D40 0.0284 368 518 431 541
D40 0.0280 5 483 41 520
D40 0.0278 10 573 65 599
D40 0.0269 430 412 600 519
D40 0.0268 238 520 275 561
D40 0.0257 4 554 40 598
D40 0.0254 359 546 477 593
D40 0.0251 492 440 575 474
D40 0.0243 22 551 103 598
D40 0.0243 345 516 480 588
D40 0.0239 4 460 94 507
D40 0.0235 240 483 274 521
D40 0.0233 193 442 264 489
D40 0.0230 18 557 61 595
D40 0.0230 0 519 34 560
D40 0.0224 0 472 54 535
D40 0.0215 414 557 513 594
D40 0.0214 202 450 255 478
D40 0.0213 202 442 255 468
D40 0.0211 27 454 97 494
D40 0.0207 366 509 431 533
D40 0.0202 182 507 230 532
D40 0.0202 380 541 527 598
D40 0.0199 248 491 280 529
D40 0.0198 472 447 557 479
D40 0.0197 398 563 475 592
D40 0.0197 546 439 594 475
D40 0.0191 4 500 40 540
D40 0.0191 238 547 277 582
D40 0.0190 10 476 50 510
D40 0.0190 177 507 258 547
D40 0.0189 388 534 442 560
D40 0.0189 18 370 78 393
D40 0.0188 239 502 275 539
D40 0.0187 41 572 93 598
D40 0.0185 385 484 588 590
D40 0.0185 247 512 281 550
D40 0.0184 231 536 271 575
D40 0.0182 499 455 588 485
D40 0.0181 202 460 256 486
D40 0.0180 30 562 84 592
D40 0.0178 564 536 600 559
D40 0.0178 443 565 501 591
D40 0.0178 386 508 443 552
D40 0.0178 22 469 83 497
D40 0.0177 191 511 231 543
D40 0.0176 1 490 34 531
D40 0.0171 499 502 599 542
D40 0.0170 11 470 71 514
D40 0.0170 331 470 389 494
D40 0.0168 377 533 457 580
D40 0.0168 389 567 448 590
D40 0.0165 337 462 399 488
D40 0.0165 11 535 48 583
D40 0.0164 190 427 266 469
D40 0.0162 38 553 91 580
D40 0.0162 313 378 400 416
D40 0.0161 568 461 598 498
D40 0.0160 432 573 497 595
D40 0.0158 397 573 456 595
D40 0.0157 50 563 100 591
D40 0.0156 360 510 423 551
D40 0.0153 512 456 595 531
D40 0.0153 329 462 417 499
D40 0.0152 237 564 290 588
D40 0.0147 196 434 250 457
D40 0.0145 60 462 100 500
D40 0.0144 559 474 596 508
D40 0.0140 229 476 269 512
D40 0.0139 374 523 429 570
D40 0.0138 354 497 427 530
D40 0.0138 395 521 451 571
D40 0.0137 481 444 548 469
D40 0.0136 404 383 600 586
D40 0.0136 231 492 269 529
D40 0.0136 225 479 303 527
D40 0.0134 372 566 461 600
D40 0.0134 562 527 600 551
D40 0.0134 436 450 528 481
D40 0.0134 15 484 61 518
D40 0.0134 554 468 596 493
D40 0.0132 527 457 600 500
D40 0.0132 41 564 130 600
D40 0.0132 330 447 418 486
D40 0.0129 570 538 600 576
D40 0.0129 19 448 71 501
D40 0.0128 60 573 113 597
D40 0.0125 40 447 82 482
D40 0.0124 377 496 462 573
D40 0.0124 392 553 461 586
D40 0.0124 195 565 249 590
D40 0.0123 229 559 271 589
D40 0.0123 456 469 585 520
D40 0.0123 226 496 297 547
D40 0.0123 424 561 465 591
D40 0.0122 555 527 600 571
D40 0.0122 467 426 560 469
D40 0.0121 199 520 242 554
D40 0.0118 0 475 33 511
D40 0.0118 47 540 90 576
D40 0.0117 207 427 286 500
D40 0.0116 58 548 97 586
D40 0.0114 48 474 94 506
D40 0.0114 397 526 508 584
D40 0.0114 499 433 577 514
D40 0.0113 61 552 111 597
D40 0.0113 395 516 447 543
D40 0.0113 70 473 106 508
D40 0.0112 149 498 239 538
D40 0.0112 462 573 517 596
D40 0.0111 330 458 371 493
D40 0.0111 26 377 88 397
D40 0.0110 214 468 261 500
D40 0.0110 390 516 424 560
D40 0.0109 248 474 280 513
D40 0.0109 337 482 422 525
D40 0.0107 257 501 288 538
D40 0.0107 203 444 237 488
D40 0.0106 255 547 292 584
D40 0.0105 482 419 556 499
D40 0.0105 443 565 535 600
D40 0.0105 0 528 25 567
D40 0.0105 209 453 246 498
D40 0.0104 358 505 402 539
D40 0.0104 326 453 379 477
D40 0.0103 237 574 292 595
D40 0.0103 431 428 537 465
D40 0.0103 177 501 212 535
D40 0.0103 547 469 600 531
D40 0.0102 522 518 600 559
D40 0.0102 44 551 77 597
D40 0.0101 417 438 503 482
D40 0.0101 532 418 582 452
D40 0.0100 489 459 556 483
D40 0.0100 251 486 294 535
D40 0.0100 21 582 76 600
D40 0.0100 36 560 66 600
