D00 0.0562 219 488 261 578
D00 0.0509 334 352 368 391
D00 0.0496 264 318 286 368
D00 0.0483 228 370 252 428
D00 0.0481 236 361 260 418
D00 0.0399 341 360 379 400
D00 0.0393 220 355 260 440
D00 0.0375 255 328 280 375
D00 0.0366 320 344 378 400
D00 0.0354 197 483 277 600
D00 0.0342 229 341 269 423
D00 0.0339 509 463 598 600
D00 0.0330 244 353 269 407
D00 0.0312 553 529 600 600
D00 0.0296 263 334 286 383
D00 0.0296 285 575 343 598
D00 0.0291 218 527 258 600
D00 0.0288 336 353 397 408
D00 0.0287 389 415 443 439
D00 0.0286 543 481 596 591
D00 0.0280 330 343 357 388
D00 0.0278 429 419 464 484
D00 0.0275 253 344 278 395
D00 0.0273 524 500 584 598
D00 0.0271 403 412 465 478
D00 0.0270 247 322 286 398
D00 0.0270 445 405 497 430
D00 0.0268 330 313 371 398
D00 0.0265 212 575 263 598
D00 0.0264 236 347 263 400
D00 0.0264 14 554 103 600
D00 0.0255 245 337 273 387
D00 0.0255 541 551 592 600
D00 0.0254 257 305 292 379
D00 0.0243 365 374 407 408
D00 0.0236 339 330 362 381
D00 0.0235 227 518 251 580
D00 0.0233 382 418 450 451
D00 0.0232 0 527 47 600
D00 0.0232 327 351 372 375
D00 0.0231 34 570 106 600
D00 0.0223 441 437 467 485
D00 0.0221 318 364 372 393
D00 0.0220 455 396 503 439
D00 0.0217 236 394 260 440
D00 0.0216 312 353 355 388
D00 0.0214 382 396 491 445
D00 0.0213 334 306 367 341
D00 0.0212 226 498 282 573
D00 0.0211 353 381 426 413
D00 0.0210 247 338 288 364
D00 0.0209 271 311 294 360
D00 0.0208 406 380 507 461
D00 0.0208 255 312 282 361
D00 0.0204 330 301 355 344
D00 0.0202 217 372 246 426
D00 0.0195 238 362 272 434
D00 0.0195 573 550 599 600
D00 0.0194 1 569 81 600
D00 0.0192 390 407 441 431
D00 0.0191 355 393 414 418
D00 0.0191 210 325 298 421
D00 0.0189 422 419 451 472
D00 0.0187 224 361 258 401
D00 0.0185 270 327 295 374
D00 0.0184 0 518 67 581
D00 0.0184 530 573 585 598
D00 0.0183 212 385 273 442
D00 0.0183 450 415 568 591
D00 0.0181 347 354 387 390
D00 0.0181 356 364 398 401
D00 0.0180 407 415 463 437
D00 0.0178 558 567 595 600
D00 0.0178 468 387 496 433
D00 0.0177 216 498 309 600
D00 0.0176 256 329 295 356
D00 0.0176 133 357 382 600
D00 0.0175 221 560 254 598
D00 0.0174 422 394 527 448
D00 0.0173 189 420 298 592
D00 0.0172 302 313 395 398
D00 0.0172 351 396 441 437
D00 0.0172 516 476 590 557
D00 0.0171 223 332 280 396
D00 0.0171 286 346 530 600
D00 0.0171 307 352 339 418
D00 0.0170 44 539 110 600
D00 0.0170 565 487 600 570
D00 0.0169 80 329 250 405
D00 0.0169 246 347 288 372
D00 0.0168 265 569 353 600
D00 0.0167 303 353 326 401
D00 0.0166 409 421 459 448
D00 0.0166 236 321 283 368
D00 0.0165 209 364 255 420
D00 0.0164 224 409 259 440
D00 0.0163 351 312 400 337
D00 0.0163 485 381 595 566
D00 0.0162 123 576 182 598
D00 0.0162 327 309 359 376
D00 0.0162 368 370 436 427
D00 0.0162 406 408 446 464
D00 0.0161 429 391 486 478
D00 0.0160 308 330 360 399
D00 0.0160 534 438 600 567
D00 0.0159 428 393 497 427
D00 0.0158 1 541 27 595
D00 0.0158 425 371 561 475
D00 0.0156 448 369 510 433
D00 0.0154 503 487 570 590
D00 0.0154 317 306 351 341
D00 0.0154 401 399 449 441
D00 0.0154 111 325 244 371
D00 0.0154 13 520 108 591
D00 0.0151 335 330 382 378
D00 0.0151 384 380 446 437
D00 0.0151 87 339 200 390
D00 0.0151 201 492 249 575
D00 0.0150 396 374 486 437
D00 0.0149 376 394 540 478
D00 0.0149 393 424 458 463
D00 0.0149 389 391 600 600
D00 0.0149 574 494 598 547
D00 0.0149 8 483 147 597
D00 0.0148 402 407 432 448
D00 0.0148 363 356 427 410
D00 0.0147 425 410 529 468
D00 0.0146 248 334 308 369
D00 0.0146 189 567 271 600
D00 0.0145 281 559 331 599
D00 0.0144 208 293 458 583
D00 0.0144 56 570 136 600
D00 0.0144 146 321 281 427
D00 0.0143 152 382 266 575
D00 0.0143 198 529 246 600
D00 0.0143 383 369 413 413
D00 0.0142 0 338 191 600
D00 0.0142 234 512 277 600
D00 0.0142 100 352 169 387
D00 0.0141 445 420 479 485
D00 0.0140 257 350 290 386
D00 0.0138 339 313 378 346
D00 0.0138 261 307 290 346
D00 0.0138 222 381 335 572
D00 0.0138 507 534 576 600
D00 0.0138 72 295 307 588
D00 0.0137 248 354 282 417
D00 0.0137 49 558 92 598
D00 0.0137 436 425 471 466
D00 0.0136 308 362 363 411
D00 0.0136 400 391 435 426
D00 0.0135 264 342 300 376
D00 0.0135 322 294 363 338
D00 0.0135 374 389 419 423
D00 0.0135 323 335 404 427
D00 0.0135 412 404 504 494
D00 0.0134 171 319 248 347
D00 0.0134 214 398 251 434
D00 0.0133 512 423 592 538
D00 0.0132 376 385 430 410
D00 0.0132 328 344 410 386
D00 0.0132 359 405 419 429
D00 0.0132 229 365 270 393
D00 0.0132 253 413 370 592
D00 0.0132 311 370 334 422
D00 0.0131 218 519 244 579
D00 0.0131 236 457 278 541
D00 0.0130 180 322 284 371
D00 0.0130 530 545 570 600
D00 0.0130 278 571 318 600
D00 0.0129 226 315 318 399
D00 0.0129 331 310 389 371
D00 0.0128 464 382 512 452
D00 0.0127 365 310 393 351
D00 0.0127 289 531 336 600
D00 0.0127 221 411 287 538
D00 0.0127 228 373 268 402
D00 0.0126 274 530 317 600
D00 0.0126 134 338 258 392
D00 0.0126 375 360 491 416
D00 0.0126 574 511 598 567
D00 0.0126 539 496 594 547
D00 0.0126 0 522 28 574
D00 0.0125 238 356 279 383
D00 0.0124 559 547 595 589
D00 0.0123 86 572 170 600
D00 0.0123 31 380 150 576
D00 0.0123 216 572 298 600
D00 0.0123 356 377 398 425
D00 0.0123 0 420 90 580
D00 0.0123 414 434 472 475
D00 0.0122 340 384 405 438
D00 0.0122 435 378 548 431
D00 0.0121 163 327 237 355
D00 0.0121 203 571 243 600
D00 0.0121 405 357 589 525
D00 0.0121 412 404 482 458
D00 0.0121 431 450 475 479
D00 0.0120 370 406 431 443
D00 0.0120 542 561 572 600
D00 0.0120 360 319 411 345
D00 0.0120 433 421 572 491
D00 0.0120 391 368 441 413
D00 0.0120 1 558 42 596
D00 0.0120 350 336 441 404
D00 0.0120 458 403 488 444
D00 0.0118 409 387 535 563
D00 0.0118 74 343 163 384
D00 0.0118 434 431 491 489
D00 0.0118 191 352 282 418
D00 0.0117 232 335 271 369
D00 0.0117 263 320 308 345
D00 0.0117 352 328 403 353
D00 0.0116 334 322 366 358
D00 0.0115 336 304 382 329
D00 0.0115 109 424 233 591
D00 0.0115 422 430 466 459
D00 0.0114 311 301 336 344
D00 0.0113 379 575 434 598
D00 0.0113 118 551 185 600
D00 0.0112 493 445 580 561
D00 0.0112 230 361 286 399
D00 0.0111 219 394 261 422
D00 0.0111 425 352 599 429
D00 0.0111 219 383 259 412
D00 0.0111 109 352 231 542
D00 0.0111 180 310 258 337
D00 0.0111 149 501 262 599
D00 0.0110 292 552 368 600
D00 0.0110 309 340 474 449
D00 0.0110 469 408 508 443
D00 0.0110 188 352 299 534
D00 0.0110 449 397 496 471
D00 0.0110 239 498 371 600
D00 0.0110 242 398 271 440
D00 0.0109 393 376 423 421
D00 0.0109 299 368 330 406
D00 0.0109 260 322 305 393
D00 0.0109 275 387 427 598
D00 0.0108 0 473 44 554
D00 0.0108 233 554 258 599
D00 0.0108 475 395 589 489
D00 0.0108 241 507 268 565
D00 0.0108 265 293 302 364
D00 0.0107 74 462 165 600
D00 0.0107 420 360 524 415
D00 0.0107 319 331 348 379
D00 0.0107 103 336 214 426
D00 0.0107 546 505 589 572
D00 0.0106 113 344 190 378
D00 0.0106 246 319 286 349
D00 0.0106 269 581 327 600
D00 0.0106 414 404 454 434
D00 0.0106 421 408 449 452
D00 0.0106 425 411 465 442
D00 0.0106 570 471 600 537
D00 0.0105 74 326 184 374
D00 0.0105 242 338 395 451
D00 0.0105 31 581 91 600
D00 0.0105 370 367 421 395
D00 0.0105 330 291 372 353
D00 0.0105 309 342 336 386
D00 0.0104 73 355 161 399
D00 0.0104 313 289 355 353
D00 0.0104 236 442 324 600
D00 0.0104 376 404 471 495
D00 0.0104 6 532 35 587
D00 0.0104 254 551 324 600
D00 0.0104 535 532 586 591
D00 0.0103 29 558 76 597
D00 0.0103 408 346 535 442
D00 0.0103 241 353 296 442
D00 0.0103 271 319 350 385
D00 0.0103 535 398 600 521
D00 0.0103 108 347 178 404
D00 0.0103 236 411 263 448
D00 0.0103 284 365 348 427
D00 0.0102 354 305 384 344
D00 0.0102 79 550 155 600
D00 0.0102 457 409 505 457
D00 0.0101 71 529 122 600
D00 0.0101 235 528 258 592
D00 0.0101 401 377 450 421
D00 0.0101 196 382 251 431
D00 0.0101 238 300 292 361
D00 0.0101 558 501 596 540
D00 0.0100 320 356 373 429
D00 0.0100 376 411 496 590
D00 0.0100 393 397 424 439
D00 0.0100 181 363 263 438
D00 0.0100 438 411 489 460
D00 0.0100 321 285 344 331
D10 0.0681 189 500 267 527
D10 0.0409 158 490 284 543
D10 0.0321 17 539 100 583
D10 0.0311 379 415 438 439
D10 0.0299 22 535 98 564
D10 0.0296 297 358 356 382
D10 0.0291 223 414 322 453
D10 0.0290 0 520 134 594
D10 0.0284 256 413 337 439
D10 0.0278 197 508 260 537
D10 0.0277 172 477 275 527
D10 0.0276 31 545 91 566
D10 0.0273 118 479 289 562
D10 0.0265 307 351 360 376
D10 0.0263 0 528 90 572
D10 0.0260 435 406 493 429
D10 0.0254 0 517 47 544
D10 0.0253 287 352 346 374
D10 0.0245 483 469 565 496
D10 0.0245 363 407 449 445
D10 0.0237 217 415 272 438
D10 0.0234 189 398 293 443
D10 0.0233 42 541 110 572
D10 0.0230 427 414 486 435
D10 0.0227 0 521 67 556
D10 0.0226 412 400 501 436
D10 0.0219 276 358 337 380
D10 0.0212 3 535 61 559
D10 0.0208 261 409 319 432
D10 0.0206 265 350 324 373
D10 0.0204 167 505 254 532
D10 0.0201 492 478 571 504
D10 0.0200 484 452 587 502
D10 0.0199 278 569 368 600
D10 0.0199 8 508 119 566
D10 0.0197 371 423 434 446
D10 0.0187 489 470 587 518
D10 0.0187 55 549 177 596
D10 0.0184 217 547 321 598
D10 0.0181 151 502 263 563
D10 0.0180 402 409 493 448
D10 0.0177 174 406 306 460
D10 0.0177 101 321 255 377
D10 0.0175 0 525 38 552
D10 0.0175 227 406 276 433
D10 0.0173 246 414 362 457
D10 0.0171 49 537 105 560
D10 0.0169 298 320 352 340
D10 0.0168 191 545 282 598
D10 0.0166 483 458 564 488
D10 0.0165 367 405 428 430
D10 0.0165 307 364 365 392
D10 0.0163 4 545 62 568
D10 0.0162 250 549 367 596
D10 0.0159 0 506 65 540
D10 0.0159 123 491 249 534
D10 0.0157 320 319 367 341
D10 0.0155 77 542 244 599
D10 0.0154 283 407 341 429
D10 0.0154 141 546 259 596
D10 0.0153 200 530 379 600
D10 0.0153 516 471 576 494
D10 0.0152 113 575 177 598
D10 0.0152 178 513 267 595
D10 0.0151 276 320 334 341
D10 0.0149 257 399 366 435
D10 0.0149 407 407 465 429
D10 0.0148 257 357 314 380
D10 0.0145 208 418 284 446
D10 0.0144 207 404 259 431
D10 0.0144 5 549 80 587
D10 0.0143 512 574 574 598
D10 0.0142 112 464 264 530
D10 0.0141 543 535 592 559
D10 0.0141 51 536 139 584
D10 0.0140 290 366 345 391
D10 0.0139 544 544 592 568
D10 0.0139 341 351 394 371
D10 0.0138 214 523 254 551
D10 0.0138 483 481 546 501
D10 0.0138 521 524 600 577
D10 0.0137 202 399 352 472
D10 0.0137 42 552 95 581
D10 0.0136 265 422 330 445
D10 0.0136 287 548 407 597
D10 0.0136 36 544 117 597
D10 0.0135 298 341 352 366
D10 0.0133 509 484 591 540
D10 0.0133 531 494 597 530
D10 0.0131 0 489 97 546
D10 0.0131 94 568 192 600
D10 0.0131 462 431 576 486
D10 0.0130 519 476 592 507
D10 0.0129 145 395 262 445
D10 0.0129 475 473 536 494
D10 0.0128 533 562 584 595
D10 0.0127 69 545 122 567
D10 0.0127 430 460 478 485
D10 0.0127 66 482 152 523
D10 0.0126 425 397 489 421
D10 0.0125 0 473 148 574
D10 0.0125 281 411 361 438
D10 0.0124 117 304 271 357
D10 0.0123 518 457 590 492
D10 0.0123 145 413 262 458
D10 0.0123 219 535 258 558
D10 0.0123 0 508 38 534
D10 0.0122 4 563 64 594
D10 0.0122 199 492 255 521
D10 0.0120 320 341 364 365
D10 0.0118 544 552 590 582
D10 0.0118 551 506 596 533
D10 0.0118 207 568 311 600
D10 0.0118 538 489 592 514
D10 0.0117 60 553 114 579
D10 0.0117 266 339 320 366
D10 0.0116 257 535 445 600
D10 0.0116 51 563 105 595
D10 0.0116 116 563 240 600
D10 0.0115 219 496 309 539
D10 0.0115 164 569 267 600
D10 0.0114 455 357 596 414
D10 0.0114 79 551 155 584
D10 0.0114 194 413 254 437
D10 0.0113 213 426 297 479
D10 0.0113 289 527 386 570
D10 0.0112 201 520 275 578
D10 0.0112 58 559 134 598
D10 0.0112 234 520 333 592
D10 0.0110 534 401 600 433
D10 0.0110 18 527 83 553
D10 0.0109 503 486 575 517
D10 0.0109 418 470 474 492
D10 0.0109 406 345 480 374
D10 0.0108 242 375 289 401
D10 0.0108 528 520 593 557
D10 0.0108 501 447 571 483
D10 0.0108 104 565 167 594
D10 0.0108 474 573 556 600
D10 0.0107 496 559 573 598
D10 0.0107 0 554 50 581
D10 0.0107 309 375 366 400
D10 0.0107 320 328 366 351
D10 0.0106 52 320 211 387
D10 0.0105 306 520 401 558
D10 0.0105 305 405 362 428
D10 0.0105 122 423 204 467
D10 0.0105 244 366 289 393
D10 0.0105 304 576 375 598
D10 0.0104 519 433 600 479
D10 0.0104 33 523 104 559
D10 0.0104 298 329 351 351
D10 0.0104 548 479 597 504
D10 0.0103 343 341 394 363
D10 0.0103 0 543 37 568
D10 0.0103 563 544 600 569
D10 0.0102 390 460 486 497
D10 0.0101 90 397 186 440
D10 0.0101 82 526 192 588
D10 0.0101 267 366 324 391
D10 0.0101 547 470 597 495
D10 0.0100 212 529 265 565
D10 0.0100 66 344 162 383
D10 0.0100 562 498 600 525
D10 0.0100 430 421 479 446
D10 0.0100 175 307 285 352
D10 0.0100 134 332 229 369
D20 0.0518 244 343 422 423
D20 0.0414 312 358 416 414
D20 0.0384 292 350 379 392
D20 0.0379 309 349 483 426
D20 0.0355 323 377 440 425
D20 0.0355 116 397 539 585
D20 0.0348 222 400 324 444
D20 0.0337 0 538 137 600
D20 0.0303 214 357 391 441
D20 0.0292 1 480 290 599
D20 0.0272 300 329 399 412
D20 0.0271 498 485 600 600
D20 0.0261 198 484 278 600
D20 0.0261 321 380 486 451
D20 0.0260 212 414 306 447
D20 0.0258 347 375 417 408
D20 0.0257 0 509 45 589
D20 0.0248 235 388 384 447
D20 0.0243 515 553 600 600
D20 0.0238 273 374 392 426
D20 0.0237 0 554 88 600
D20 0.0234 258 355 375 413
D20 0.0229 335 311 383 337
D20 0.0223 193 451 600 600
D20 0.0220 108 339 282 432
D20 0.0217 34 555 122 600
D20 0.0215 37 371 352 599
D20 0.0212 211 421 291 573
D20 0.0212 343 395 462 442
D20 0.0212 248 342 345 380
D20 0.0212 175 390 306 448
D20 0.0211 0 481 114 597
D20 0.0210 231 334 370 402
D20 0.0207 238 375 349 431
D20 0.0206 325 340 429 399
D20 0.0205 410 390 503 428
D20 0.0204 251 316 413 395
D20 0.0203 238 345 295 408
D20 0.0202 154 356 319 444
D20 0.0198 492 441 600 565
D20 0.0198 110 503 284 600
D20 0.0195 438 526 600 600
D20 0.0195 1 519 89 591
D20 0.0193 323 305 397 344
D20 0.0190 233 356 327 400
D20 0.0189 211 374 302 434
D20 0.0189 321 310 366 337
D20 0.0187 206 329 583 536
D20 0.0185 262 343 530 447
D20 0.0184 430 394 599 487
D20 0.0180 266 306 370 343
D20 0.0180 300 354 351 401
D20 0.0177 342 318 393 344
D20 0.0176 116 376 295 459
D20 0.0174 226 335 318 433
D20 0.0172 307 311 455 396
D20 0.0171 366 368 529 447
D20 0.0169 484 566 586 600
D20 0.0166 0 0 408 294
D20 0.0165 338 358 600 600
D20 0.0164 52 567 157 600
D20 0.0164 281 360 418 453
D20 0.0162 357 369 443 413
D20 0.0161 167 0 600 294
D20 0.0160 443 433 600 516
D20 0.0160 357 394 515 477
D20 0.0159 282 323 384 376
D20 0.0159 24 500 165 600
D20 0.0159 299 311 350 337
D20 0.0157 376 419 461 466
D20 0.0156 36 533 239 600
D20 0.0155 185 404 284 443
D20 0.0155 400 370 494 411
D20 0.0153 176 328 338 419
D20 0.0150 109 422 305 592
D20 0.0150 244 415 344 450
D20 0.0150 109 316 421 563
D20 0.0148 0 418 203 593
D20 0.0148 0 118 290 600
D20 0.0147 281 338 354 389
D20 0.0146 201 493 423 593
D20 0.0145 280 392 461 470
D20 0.0145 553 476 600 550
D20 0.0145 312 118 600 600
D20 0.0144 238 330 323 374
D20 0.0143 251 353 324 383
D20 0.0142 292 393 407 440
D20 0.0142 499 533 579 600
D20 0.0142 176 522 339 600
D20 0.0141 0 485 46 561
D20 0.0141 229 368 495 484
D20 0.0141 316 297 372 347
D20 0.0140 157 445 289 554
D20 0.0139 424 367 597 451
D20 0.0139 272 351 341 404
D20 0.0138 414 446 595 600
D20 0.0137 334 319 419 360
D20 0.0136 213 351 299 480
D20 0.0135 0 0 600 434
D20 0.0135 0 165 557 591
D20 0.0134 257 314 344 354
D20 0.0134 259 337 308 381
D20 0.0133 502 390 600 526
D20 0.0132 295 341 336 412
D20 0.0131 179 383 264 432
D20 0.0130 157 398 319 476
D20 0.0129 545 468 600 600
D20 0.0128 278 312 333 337
D20 0.0126 455 0 600 222
D20 0.0126 86 558 185 600
D20 0.0124 334 370 577 492
D20 0.0124 514 490 600 538
D20 0.0124 201 364 276 419
D20 0.0120 320 491 551 593
D20 0.0119 227 387 349 483
D20 0.0119 227 391 309 536
D20 0.0118 248 404 399 463
D20 0.0117 417 384 495 416
D20 0.0117 303 370 376 405
D20 0.0117 293 304 358 358
D20 0.0116 233 413 295 462
D20 0.0115 272 534 459 600
D20 0.0115 245 409 459 593
D20 0.0113 223 338 293 386
D20 0.0113 495 463 581 530
D20 0.0112 382 0 600 146
D20 0.0111 427 362 500 422
D20 0.0110 236 309 494 422
D20 0.0110 242 371 311 404
D20 0.0109 204 496 254 555
D20 0.0109 229 369 287 407
D20 0.0109 454 306 600 600
D20 0.0108 195 329 285 455
D20 0.0108 196 373 288 518
D20 0.0107 355 332 475 413
D20 0.0106 0 317 237 530
D20 0.0105 0 520 33 557
D20 0.0105 0 0 71 106
D20 0.0105 329 331 411 374
D20 0.0105 309 408 477 495
D20 0.0104 122 337 372 453
D20 0.0104 50 581 109 600
D20 0.0103 299 396 562 541
D20 0.0103 0 0 146 216
D20 0.0103 573 526 600 600
D20 0.0103 374 361 459 403
D20 0.0102 384 379 471 421
D20 0.0101 230 391 275 454
D40 0.1933 217 504 266 523
D40 0.1412 344 385 396 409
D40 0.1266 244 418 303 441
D40 0.1183 218 510 262 533
D40 0.0970 326 375 402 413
D40 0.0904 193 495 279 532
D40 0.0780 338 377 388 403
D40 0.0741 231 498 272 528
D40 0.0740 216 487 280 549
D40 0.0633 205 493 271 576
D40 0.0613 220 501 259 544
D40 0.0600 234 412 322 444
D40 0.0450 238 413 281 441
D40 0.0448 338 393 393 417
D40 0.0388 210 476 287 527
D40 0.0370 224 515 256 557
D40 0.0369 247 409 301 434
D40 0.0363 339 383 416 421
D40 0.0356 181 480 313 565
D40 0.0308 255 422 318 445
D40 0.0306 330 363 384 408
D40 0.0304 223 491 259 525
D40 0.0284 239 419 308 457
D40 0.0283 363 381 407 412
D40 0.0280 134 493 341 592
D40 0.0278 219 499 303 565
D40 0.0272 248 429 301 452
D40 0.0250 195 459 283 546
D40 0.0247 65 463 406 600
D40 0.0234 236 501 269 545
D40 0.0226 209 512 287 597
D40 0.0223 232 463 296 536
D40 0.0221 269 413 313 440
D40 0.0211 73 336 471 542
D40 0.0198 354 371 397 418
D40 0.0188 297 353 331 385
D40 0.0185 238 475 292 574
D40 0.0181 206 501 251 528
D40 0.0180 257 413 292 444
D40 0.0180 0 297 588 585
D40 0.0180 105 455 303 575
D40 0.0173 181 451 373 575
D40 0.0167 328 318 376 341
D40 0.0163 238 488 286 520
D40 0.0162 319 385 379 409
D40 0.0152 218 508 247 564
D40 0.0148 244 388 326 447
D40 0.0145 188 506 262 599
D40 0.0139 301 385 399 426
D40 0.0137 220 405 291 463
D40 0.0134 324 369 366 404
D40 0.0132 303 347 343 379
D40 0.0131 339 373 370 415
D40 0.0129 490 483 576 523
D40 0.0128 226 508 290 542
D40 0.0127 516 497 600 547
D40 0.0125 345 382 379 421
D40 0.0125 222 432 284 525
D40 0.0124 232 491 326 535
D40 0.0124 159 487 252 546
D40 0.0122 250 489 280 530
D40 0.0119 287 346 323 377
D40 0.0119 339 370 391 431
D40 0.0118 1 568 42 600
D40 0.0115 339 398 405 430
D40 0.0115 241 423 280 455
D40 0.0113 220 377 427 471
D40 0.0112 164 395 405 549
D40 0.0105 236 516 270 558
D40 0.0103 569 538 600 578
D40 0.0103 561 375 600 399
