D00 0.3360 202 427 319 543
D00 0.3223 242 449 301 539
D00 0.3093 163 426 367 572
D00 0.1946 256 478 293 533
D00 0.1474 224 443 294 504
D00 0.1339 251 475 317 536
D00 0.1291 215 482 305 538
D00 0.1267 133 471 330 586
D00 0.1248 204 433 321 492
D00 0.1235 392 460 444 489
D00 0.1047 210 470 312 571
D00 0.1045 226 439 329 597
D00 0.1001 180 438 285 486
D00 0.0950 243 488 296 547
D00 0.0920 170 432 227 455
D00 0.0903 102 418 323 540
D00 0.0863 226 442 340 515
D00 0.0854 367 454 452 492
D00 0.0851 230 498 290 532
D00 0.0816 174 404 349 515
D00 0.0794 177 517 273 560
D00 0.0740 163 512 294 589
D00 0.0720 169 427 259 459
D00 0.0713 549 417 586 454
D00 0.0677 355 448 491 502
D00 0.0664 211 443 293 476
D00 0.0621 248 469 298 513
D00 0.0599 161 500 398 600
D00 0.0592 307 576 364 599
D00 0.0590 160 426 217 451
D00 0.0585 262 357 287 402
D00 0.0578 140 535 274 600
D00 0.0574 257 486 315 516
D00 0.0562 167 526 248 571
D00 0.0554 545 405 588 478
D00 0.0522 235 456 373 531
D00 0.0510 1 478 64 543
D00 0.0496 179 421 206 458
D00 0.0490 391 457 472 499
D00 0.0488 230 445 280 486
D00 0.0485 163 431 280 518
D00 0.0480 198 438 459 593
D00 0.0462 0 483 86 581
D00 0.0462 364 443 487 546
D00 0.0451 139 421 235 456
D00 0.0447 257 504 300 533
D00 0.0435 253 351 280 397
D00 0.0428 253 458 322 515
D00 0.0405 162 532 226 600
D00 0.0403 255 366 296 395
D00 0.0400 263 497 290 544
D00 0.0398 394 448 443 505
D00 0.0398 163 406 226 459
D00 0.0397 245 464 375 599
D00 0.0390 158 466 278 566
D00 0.0385 259 460 336 558
D00 0.0383 174 413 210 449
D00 0.0380 252 369 283 405
D00 0.0376 213 501 291 559
D00 0.0376 129 505 268 572
D00 0.0371 545 418 574 468
D00 0.0368 258 490 306 568
D00 0.0353 3 446 77 555
D00 0.0352 553 424 580 478
D00 0.0351 260 376 311 402
D00 0.0347 183 526 249 553
D00 0.0347 94 524 252 593
D00 0.0347 287 572 385 600
D00 0.0344 176 438 238 463
D00 0.0343 0 500 56 556
D00 0.0342 557 414 600 442
D00 0.0337 250 501 328 550
D00 0.0335 382 455 464 526
D00 0.0332 155 576 213 600
D00 0.0329 241 452 315 492
D00 0.0329 45 436 253 579
D00 0.0321 160 398 287 478
D00 0.0321 390 435 463 490
D00 0.0318 242 350 292 406
D00 0.0315 6 469 52 520
D00 0.0310 154 434 225 465
D00 0.0301 303 558 367 600
D00 0.0299 208 396 300 507
D00 0.0299 311 529 354 600
D00 0.0298 147 568 243 600
D00 0.0296 176 534 235 561
D00 0.0295 0 520 34 555
D00 0.0292 539 423 592 462
D00 0.0292 158 553 209 600
D00 0.0284 214 442 280 542
D00 0.0284 173 427 241 484
D00 0.0282 205 442 269 497
D00 0.0268 242 353 275 391
D00 0.0267 316 565 350 599
D00 0.0263 518 419 588 453
D00 0.0261 264 368 321 394
D00 0.0260 267 483 308 532
D00 0.0258 398 467 460 493
D00 0.0257 16 462 44 511
D00 0.0253 249 355 303 390
D00 0.0250 539 396 600 514
D00 0.0250 0 437 46 516
D00 0.0249 223 522 460 600
D00 0.0240 19 489 75 534
D00 0.0238 553 415 596 497
D00 0.0238 564 410 600 472
D00 0.0238 170 383 214 468
D00 0.0237 211 508 336 592
D00 0.0237 549 408 588 439
D00 0.0236 259 379 290 409
D00 0.0236 192 453 282 510
D00 0.0233 0 521 46 600
D00 0.0232 536 401 598 452
D00 0.0229 187 485 270 546
D00 0.0228 253 524 360 600
D00 0.0228 404 452 456 482
D00 0.0226 538 415 579 496
D00 0.0226 274 495 337 596
D00 0.0222 77 550 220 597
D00 0.0220 9 492 52 531
D00 0.0219 247 466 294 494
D00 0.0218 371 464 445 508
D00 0.0217 141 441 248 551
D00 0.0217 165 417 211 478
D00 0.0215 392 460 453 568
D00 0.0215 401 462 433 508
D00 0.0210 269 488 344 548
D00 0.0209 332 450 454 534
D00 0.0209 1 496 30 546
D00 0.0208 141 419 252 492
D00 0.0203 249 513 292 539
D00 0.0203 152 525 228 558
D00 0.0199 203 438 260 471
D00 0.0198 170 496 248 557
D00 0.0197 13 464 80 528
D00 0.0195 237 454 282 516
D00 0.0194 179 544 255 600
D00 0.0194 548 559 599 600
D00 0.0193 19 482 59 522
D00 0.0193 147 408 207 449
D00 0.0192 5 504 103 561
D00 0.0192 0 467 40 561
D00 0.0191 394 466 513 521
D00 0.0189 157 539 220 573
D00 0.0189 286 508 397 598
D00 0.0188 1 528 28 584
D00 0.0188 282 581 350 600
D00 0.0187 188 530 278 581
D00 0.0187 151 371 253 461
D00 0.0184 145 522 216 579
D00 0.0181 309 553 343 600
D00 0.0180 277 466 397 565
D00 0.0180 185 573 269 600
D00 0.0180 401 464 479 599
D00 0.0180 114 573 202 600
D00 0.0179 293 572 339 600
D00 0.0178 61 574 140 600
D00 0.0177 144 431 210 485
D00 0.0177 230 361 286 398
D00 0.0177 256 362 316 407
D00 0.0176 493 407 600 534
D00 0.0176 289 479 354 586
D00 0.0175 257 347 291 382
D00 0.0173 243 485 282 531
D00 0.0172 170 427 199 468
D00 0.0172 356 449 463 600
D00 0.0171 8 451 37 502
D00 0.0171 245 363 273 407
D00 0.0170 557 432 591 472
D00 0.0167 236 375 281 403
D00 0.0166 170 397 197 447
D00 0.0165 238 333 278 401
D00 0.0165 546 433 571 486
D00 0.0165 2 530 82 600
D00 0.0165 170 339 323 557
D00 0.0164 283 368 338 393
D00 0.0162 18 510 63 544
D00 0.0162 246 382 310 409
D00 0.0161 268 551 348 600
D00 0.0161 236 348 262 394
D00 0.0160 278 510 342 565
D00 0.0159 198 513 257 595
D00 0.0158 179 423 221 470
D00 0.0158 196 515 248 547
D00 0.0157 134 539 205 600
D00 0.0157 165 532 207 566
D00 0.0157 387 554 475 600
D00 0.0157 265 359 319 384
D00 0.0157 397 444 441 476
D00 0.0157 145 484 231 594
D00 0.0156 558 429 600 456
D00 0.0155 7 445 69 509
D00 0.0155 380 462 429 495
D00 0.0154 224 435 273 468
D00 0.0154 529 414 576 444
D00 0.0154 0 477 31 528
D00 0.0154 208 407 268 484
D00 0.0153 168 541 198 596
D00 0.0153 267 468 406 518
D00 0.0152 523 425 589 554
D00 0.0152 271 478 329 511
D00 0.0152 526 427 576 476
D00 0.0152 549 437 595 548
D00 0.0151 218 521 290 588
D00 0.0150 4 466 137 574
D00 0.0150 272 490 326 526
D00 0.0149 256 469 319 496
D00 0.0148 266 509 312 545
D00 0.0148 260 513 326 575
D00 0.0148 257 359 294 423
D00 0.0147 223 399 318 472
D00 0.0147 192 426 252 508
D00 0.0146 570 401 598 445
D00 0.0146 278 449 353 510
D00 0.0146 165 564 220 594
D00 0.0145 26 462 53 512
D00 0.0145 393 476 440 501
D00 0.0145 555 515 599 600
D00 0.0144 282 496 324 555
D00 0.0144 146 571 190 600
D00 0.0144 361 420 453 481
D00 0.0144 21 506 132 595
D00 0.0143 176 572 224 600
D00 0.0143 161 436 226 499
D00 0.0143 12 456 47 494
D00 0.0143 447 480 500 521
D00 0.0143 169 546 234 585
D00 0.0142 166 566 196 600
D00 0.0141 72 488 227 597
D00 0.0141 294 521 331 554
D00 0.0140 295 521 332 598
D00 0.0140 135 582 198 600
D00 0.0140 35 502 80 535
D00 0.0139 1 420 86 517
D00 0.0139 437 426 573 585
D00 0.0138 420 557 500 600
D00 0.0137 184 413 231 449
D00 0.0136 196 556 296 600
D00 0.0135 0 461 31 508
D00 0.0134 582 410 600 458
D00 0.0133 237 348 277 375
D00 0.0133 23 495 75 571
D00 0.0133 318 542 385 600
D00 0.0132 419 531 470 600
D00 0.0132 1 427 62 487
D00 0.0130 160 418 191 455
D00 0.0130 573 556 599 600
D00 0.0129 325 566 369 598
D00 0.0129 10 506 47 550
D00 0.0128 239 514 305 600
D00 0.0127 27 492 99 545
D00 0.0127 31 572 112 600
D00 0.0126 181 515 225 568
D00 0.0125 101 486 248 551
D00 0.0125 393 471 441 524
D00 0.0125 411 476 497 548
D00 0.0123 152 444 221 477
D00 0.0123 7 415 176 597
D00 0.0122 78 572 118 600
D00 0.0122 142 420 189 449
D00 0.0121 423 455 498 514
D00 0.0121 186 397 212 451
D00 0.0121 293 375 335 401
D00 0.0121 438 473 527 517
D00 0.0120 54 550 123 600
D00 0.0120 537 440 581 467
D00 0.0118 184 411 252 471
D00 0.0117 398 426 455 474
D00 0.0117 1 570 41 600
D00 0.0117 1 551 27 599
D00 0.0117 412 457 449 499
D00 0.0116 550 435 583 500
D00 0.0115 403 473 483 508
D00 0.0115 534 416 567 458
D00 0.0115 531 458 600 600
D00 0.0115 139 441 200 465
D00 0.0115 296 417 344 464
D00 0.0114 221 345 289 464
D00 0.0114 157 423 196 474
D00 0.0114 127 411 165 440
D00 0.0114 150 370 196 450
D00 0.0114 134 443 197 497
D00 0.0114 311 458 419 600
D00 0.0113 159 396 188 444
D00 0.0113 50 582 111 600
D00 0.0113 97 425 160 445
D00 0.0113 34 479 65 528
D00 0.0113 248 509 287 574
D00 0.0113 523 541 595 600
D00 0.0112 119 429 223 520
D00 0.0112 573 435 597 487
D00 0.0112 379 483 475 539
D00 0.0111 228 341 270 386
D00 0.0111 308 432 349 465
D00 0.0111 4 446 40 482
D00 0.0110 276 361 308 399
D00 0.0110 225 418 289 469
D00 0.0110 264 449 302 509
D00 0.0110 179 433 207 480
D00 0.0110 2 554 59 599
D00 0.0110 192 375 278 450
D00 0.0110 206 582 271 600
D00 0.0109 398 417 539 558
D00 0.0109 149 385 176 433
D00 0.0109 376 481 437 589
D00 0.0108 205 463 267 524
D00 0.0108 225 438 259 483
D00 0.0108 136 400 172 434
D00 0.0107 259 350 307 374
D00 0.0107 184 444 242 495
D00 0.0107 406 513 469 566
D00 0.0107 460 472 487 517
D00 0.0107 384 465 433 546
D00 0.0107 180 385 204 440
D00 0.0107 43 533 161 600
D00 0.0106 546 366 596 448
D00 0.0105 266 569 330 600
D00 0.0105 313 482 373 589
D00 0.0104 270 375 296 410
D00 0.0104 358 555 446 600
D00 0.0104 205 457 269 484
D00 0.0104 500 421 582 491
D00 0.0104 18 481 110 525
D00 0.0104 277 355 342 386
D00 0.0103 293 504 363 555
D00 0.0102 301 515 341 546
D00 0.0102 456 457 505 527
D00 0.0102 180 457 250 529
D00 0.0102 128 457 203 582
D00 0.0101 123 427 196 476
D00 0.0101 0 406 129 547
D00 0.0101 439 490 512 542
D00 0.0101 203 528 255 563
D00 0.0100 24 548 99 600
D00 0.0100 310 530 336 591
D00 0.0100 289 513 320 558
D10 0.1915 202 498 303 537
D10 0.1334 214 508 295 532
D10 0.1195 197 513 292 542
D10 0.1073 161 429 275 466
D10 0.0999 179 476 303 554
D10 0.0978 167 420 309 478
D10 0.0914 222 442 323 487
D10 0.0809 357 452 451 480
D10 0.0749 393 452 469 482
D10 0.0747 291 438 477 487
D10 0.0686 226 445 311 467
D10 0.0681 247 479 335 523
D10 0.0670 171 434 253 457
D10 0.0653 0 512 63 546
D10 0.0644 288 441 382 467
D10 0.0599 154 501 286 570
D10 0.0587 234 497 293 528
D10 0.0581 362 439 503 493
D10 0.0568 534 416 590 440
D10 0.0560 238 438 383 484
D10 0.0553 280 388 342 406
D10 0.0549 320 557 487 600
D10 0.0548 115 412 287 468
D10 0.0541 398 443 483 472
D10 0.0538 0 525 47 551
D10 0.0502 323 449 425 472
D10 0.0484 258 488 330 513
D10 0.0484 188 520 275 554
D10 0.0475 370 460 443 486
D10 0.0463 375 569 487 599
D10 0.0446 500 562 600 598
D10 0.0445 188 441 273 467
D10 0.0442 312 574 406 600
D10 0.0432 316 453 466 495
D10 0.0424 231 450 302 478
D10 0.0414 270 378 334 401
D10 0.0410 10 507 67 534
D10 0.0407 166 490 274 545
D10 0.0401 322 445 398 467
D10 0.0400 331 439 454 476
D10 0.0395 448 503 557 536
D10 0.0388 402 575 476 597
D10 0.0378 257 381 346 408
D10 0.0378 146 425 212 449
D10 0.0370 383 549 538 600
D10 0.0367 270 482 342 507
D10 0.0366 543 409 591 433
D10 0.0364 193 509 264 536
D10 0.0360 411 450 502 475
D10 0.0360 225 434 333 466
D10 0.0354 417 573 502 599
D10 0.0354 0 498 88 540
D10 0.0354 528 575 596 598
D10 0.0341 389 446 449 470
D10 0.0334 520 568 586 593
D10 0.0332 475 565 572 594
D10 0.0332 154 403 269 457
D10 0.0329 212 437 285 460
D10 0.0326 236 513 287 537
D10 0.0309 269 548 432 600
D10 0.0307 259 473 362 513
D10 0.0303 361 422 476 476
D10 0.0300 465 510 538 531
D10 0.0299 424 445 496 466
D10 0.0298 7 497 58 525
D10 0.0296 427 546 600 600
D10 0.0293 188 520 303 580
D10 0.0292 431 564 548 598
D10 0.0292 202 500 273 527
D10 0.0291 284 422 443 471
D10 0.0289 159 573 241 600
D10 0.0288 259 386 313 407
D10 0.0288 469 514 556 540
D10 0.0279 353 574 450 599
D10 0.0276 3 486 49 513
D10 0.0272 192 399 312 455
D10 0.0272 265 574 355 600
D10 0.0270 185 519 252 544
D10 0.0267 280 489 353 510
D10 0.0265 413 438 523 472
D10 0.0257 515 406 600 443
D10 0.0257 170 440 271 506
D10 0.0252 187 426 262 452
D10 0.0252 330 565 426 596
D10 0.0250 147 416 207 442
D10 0.0249 296 436 358 463
D10 0.0246 320 568 381 596
D10 0.0243 525 422 583 448
D10 0.0243 261 495 326 522
D10 0.0242 293 385 362 408
D10 0.0239 442 491 542 529
D10 0.0239 130 429 213 457
D10 0.0238 429 486 589 544
D10 0.0238 174 416 229 444
D10 0.0234 171 462 269 532
D10 0.0232 515 515 600 543
D10 0.0230 283 396 341 416
D10 0.0226 26 499 84 525
D10 0.0226 222 480 296 524
D10 0.0226 0 527 59 564
D10 0.0222 16 515 75 540
D10 0.0221 260 510 354 551
D10 0.0220 7 478 52 505
D10 0.0218 250 548 361 598
D10 0.0218 126 425 193 446
D10 0.0216 325 524 486 595
D10 0.0216 429 448 531 482
D10 0.0216 291 520 348 542
D10 0.0215 550 517 600 540
D10 0.0213 0 532 37 559
D10 0.0213 414 494 600 577
D10 0.0213 222 523 285 550
D10 0.0209 0 507 42 536
D10 0.0209 188 532 336 600
D10 0.0208 284 526 337 549
D10 0.0207 0 517 30 543
D10 0.0206 244 386 290 408
D10 0.0206 467 568 536 592
D10 0.0204 454 575 526 597
D10 0.0201 346 460 426 482
D10 0.0201 449 453 514 471
D10 0.0199 236 575 323 600
D10 0.0199 388 530 496 587
D10 0.0195 462 450 541 476
D10 0.0195 444 568 515 593
D10 0.0193 483 575 560 596
D10 0.0192 402 521 558 593
D10 0.0190 386 419 559 474
D10 0.0189 447 509 580 556
D10 0.0189 2 470 45 498
D10 0.0188 457 499 523 524
D10 0.0187 374 567 449 593
D10 0.0185 509 408 578 429
D10 0.0184 302 397 356 417
D10 0.0180 230 395 283 415
D10 0.0178 266 465 343 503
D10 0.0178 77 574 159 600
D10 0.0177 273 371 358 403
D10 0.0177 285 567 347 594
D10 0.0177 507 519 569 541
D10 0.0176 258 519 324 554
D10 0.0176 474 525 590 588
D10 0.0173 240 398 352 455
D10 0.0173 112 432 237 474
D10 0.0173 2 575 62 599
D10 0.0172 265 489 363 530
D10 0.0171 315 434 381 462
D10 0.0171 223 386 276 409
D10 0.0171 205 574 291 600
D10 0.0171 160 516 239 549
D10 0.0170 261 389 346 420
D10 0.0170 302 378 355 399
D10 0.0170 301 525 355 548
D10 0.0169 247 457 311 483
D10 0.0168 453 404 589 445
D10 0.0168 170 505 249 540
D10 0.0167 54 551 197 597
D10 0.0167 179 496 258 530
D10 0.0167 133 520 229 562
D10 0.0166 355 465 441 497
D10 0.0163 261 515 316 542
D10 0.0163 6 545 117 597
D10 0.0162 444 513 525 541
D10 0.0162 186 582 251 600
D10 0.0162 285 518 370 559
D10 0.0161 403 430 482 465
D10 0.0160 259 395 314 414
D10 0.0159 227 510 312 558
D10 0.0158 499 492 595 537
D10 0.0155 158 528 219 553
D10 0.0154 400 452 538 505
D10 0.0153 428 481 520 521
D10 0.0151 20 488 74 517
D10 0.0151 0 513 89 560
D10 0.0151 300 529 431 588
D10 0.0150 470 445 575 481
D10 0.0150 206 527 282 563
D10 0.0149 501 553 580 587
D10 0.0148 446 489 501 514
D10 0.0147 168 406 217 429
D10 0.0147 268 502 343 539
D10 0.0147 460 445 522 466
D10 0.0147 451 437 554 473
D10 0.0147 211 396 269 416
D10 0.0146 210 563 329 600
D10 0.0146 0 561 68 596
D10 0.0146 91 571 208 600
D10 0.0146 411 460 485 483
D10 0.0145 418 535 468 557
D10 0.0145 539 509 593 535
D10 0.0144 16 491 107 532
D10 0.0144 312 451 417 485
D10 0.0143 558 564 600 595
D10 0.0142 34 507 93 532
D10 0.0140 280 448 368 489
D10 0.0140 203 387 292 423
D10 0.0139 215 488 282 516
D10 0.0138 204 423 288 456
D10 0.0137 372 547 471 594
D10 0.0136 285 497 351 520
D10 0.0136 395 581 464 600
D10 0.0136 148 406 202 431
D10 0.0135 108 425 169 445
D10 0.0135 493 413 580 441
D10 0.0133 489 453 553 474
D10 0.0132 2 460 45 487
D10 0.0132 498 511 559 535
D10 0.0129 214 376 296 413
D10 0.0129 5 425 60 446
D10 0.0128 494 521 565 550
D10 0.0128 551 524 599 548
D10 0.0128 403 527 484 569
D10 0.0128 445 507 505 531
D10 0.0127 194 533 262 559
D10 0.0127 327 429 412 466
D10 0.0126 311 518 366 540
D10 0.0125 398 433 456 459
D10 0.0125 545 439 586 467
D10 0.0124 396 560 465 597
D10 0.0124 343 582 414 600
D10 0.0124 10 572 92 600
D10 0.0122 189 485 267 520
D10 0.0122 119 512 221 550
D10 0.0122 249 524 295 550
D10 0.0122 402 486 513 537
D10 0.0121 438 497 496 521
D10 0.0121 289 508 348 534
D10 0.0120 0 542 45 568
D10 0.0120 184 412 265 446
D10 0.0120 0 433 48 457
D10 0.0118 297 482 358 505
D10 0.0118 13 471 62 495
D10 0.0118 359 407 420 426
D10 0.0117 420 524 487 556
D10 0.0117 322 398 378 417
D10 0.0117 286 391 371 423
D10 0.0117 170 564 230 593
D10 0.0117 409 547 493 596
D10 0.0117 111 576 184 599
D10 0.0117 17 524 75 549
D10 0.0117 533 553 597 589
D10 0.0115 450 550 557 592
D10 0.0115 182 448 248 474
D10 0.0115 16 506 108 550
D10 0.0115 1 450 45 475
D10 0.0114 231 378 336 421
D10 0.0114 542 398 591 419
D10 0.0114 39 575 103 599
D10 0.0113 117 433 181 455
D10 0.0113 0 479 32 505
D10 0.0113 0 531 83 583
D10 0.0113 181 406 238 428
D10 0.0112 516 525 578 547
D10 0.0111 0 441 47 466
D10 0.0111 481 444 542 467
D10 0.0110 406 506 513 559
D10 0.0109 250 528 317 562
D10 0.0109 151 536 208 560
D10 0.0109 553 460 597 485
D10 0.0108 449 471 573 525
D10 0.0107 146 519 208 542
D10 0.0107 371 430 447 465
D10 0.0107 197 561 276 596
D10 0.0107 409 555 464 582
D10 0.0106 18 525 134 585
D10 0.0105 341 407 399 427
D10 0.0105 329 459 396 480
D10 0.0105 288 457 345 481
D10 0.0105 375 477 433 501
D10 0.0104 277 533 328 557
D10 0.0104 553 450 595 477
D10 0.0104 568 430 600 457
D10 0.0104 36 516 94 541
D10 0.0103 213 470 285 511
D10 0.0103 492 439 573 471
D10 0.0103 351 413 428 440
D10 0.0103 322 388 379 406
D10 0.0103 431 457 507 487
D10 0.0103 168 377 275 438
D10 0.0102 553 470 598 494
D10 0.0102 0 553 46 580
D10 0.0102 268 523 349 571
D10 0.0102 490 408 557 427
D10 0.0101 371 404 443 428
D10 0.0101 569 405 600 432
D10 0.0100 462 454 559 492
D10 0.0100 190 402 267 431
D10 0.0100 257 566 319 593
D10 0.0100 0 564 38 592
D10 0.0100 394 524 463 557
D10 0.0100 366 450 418 476
D10 0.0100 0 418 75 455
D20 0.2088 66 426 478 573
D20 0.1482 212 437 349 531
D20 0.1331 168 427 450 530
D20 0.1130 0 451 342 600
D20 0.1043 172 422 333 511
D20 0.0967 168 449 535 600
D20 0.0838 30 413 313 552
D20 0.0817 149 437 289 556
D20 0.0758 227 435 390 491
D20 0.0669 245 443 475 506
D20 0.0659 167 422 264 461
D20 0.0622 355 454 455 491
D20 0.0593 153 397 315 479
D20 0.0588 226 418 454 483
D20 0.0555 537 414 596 446
D20 0.0543 225 432 349 472
D20 0.0511 120 420 279 490
D20 0.0508 228 463 382 562
D20 0.0489 366 443 536 516
D20 0.0467 243 412 579 555
D20 0.0445 129 419 227 454
D20 0.0426 214 394 371 483
D20 0.0417 325 451 488 533
D20 0.0416 233 441 331 503
D20 0.0414 377 564 504 600
D20 0.0401 535 574 598 598
D20 0.0391 17 165 600 591
D20 0.0381 0 485 100 598
D20 0.0379 213 429 306 490
D20 0.0372 81 410 272 463
D20 0.0370 281 516 495 599
D20 0.0369 154 516 330 600
D20 0.0364 0 465 49 543
D20 0.0363 112 362 572 543
D20 0.0361 44 539 255 600
D20 0.0349 274 435 486 573
D20 0.0347 0 508 45 581
D20 0.0347 253 361 337 399
D20 0.0346 509 416 594 458
D20 0.0344 322 486 563 595
D20 0.0342 276 430 380 467
D20 0.0340 324 421 476 482
D20 0.0340 202 482 297 539
D20 0.0334 380 448 503 579
D20 0.0331 390 539 600 600
D20 0.0318 0 343 416 572
D20 0.0317 246 419 338 465
D20 0.0310 275 404 541 485
D20 0.0310 263 570 370 600
D20 0.0309 250 460 418 526
D20 0.0300 111 403 231 448
D20 0.0297 550 403 597 462
D20 0.0296 416 411 600 478
D20 0.0287 284 564 412 600
D20 0.0284 380 427 599 500
D20 0.0279 467 401 600 452
D20 0.0278 232 505 410 600
D20 0.0277 0 361 229 598
D20 0.0273 0 15 557 441
D20 0.0272 386 456 590 537
D20 0.0270 255 458 348 509
D20 0.0266 428 564 566 600
D20 0.0257 191 415 279 477
D20 0.0256 132 372 294 461
D20 0.0255 318 581 382 600
D20 0.0253 374 498 510 600
D20 0.0251 205 360 304 506
D20 0.0250 5 466 183 597
D20 0.0248 47 392 247 448
D20 0.0246 0 525 149 600
D20 0.0245 84 432 266 519
D20 0.0233 145 368 369 600
D20 0.0230 130 412 209 443
D20 0.0229 538 554 600 600
D20 0.0228 256 399 421 461
D20 0.0222 162 391 224 460
D20 0.0222 0 441 56 581
D20 0.0219 529 398 600 482
D20 0.0217 0 457 132 546
D20 0.0215 81 476 269 567
D20 0.0215 407 414 600 600
D20 0.0206 166 568 266 600
D20 0.0205 0 490 30 564
D20 0.0204 124 432 217 471
D20 0.0204 42 394 283 486
D20 0.0204 57 402 193 441
D20 0.0203 359 554 450 600
D20 0.0202 400 493 595 576
D20 0.0201 0 0 408 294
D20 0.0198 329 544 482 600
D20 0.0195 315 426 426 469
D20 0.0195 167 0 600 294
D20 0.0192 311 0 600 600
D20 0.0192 0 0 291 600
D20 0.0189 141 390 209 449
D20 0.0189 56 419 196 456
D20 0.0182 341 386 600 493
D20 0.0178 288 411 351 470
D20 0.0175 0 520 24 556
D20 0.0175 260 356 325 388
D20 0.0174 79 563 211 600
D20 0.0173 400 481 552 544
D20 0.0172 301 416 398 462
D20 0.0172 0 461 59 510
D20 0.0172 567 413 600 441
D20 0.0166 336 461 442 500
D20 0.0166 457 504 600 600
D20 0.0165 566 570 600 600
D20 0.0161 284 344 600 600
D20 0.0160 259 476 348 525
D20 0.0159 199 543 372 600
D20 0.0158 501 535 600 600
D20 0.0158 264 369 321 403
D20 0.0158 0 543 96 598
D20 0.0158 227 365 306 407
D20 0.0157 167 399 259 447
D20 0.0156 189 370 343 464
D20 0.0156 120 416 177 438
D20 0.0155 333 396 500 472
D20 0.0154 558 417 600 452
D20 0.0153 111 422 190 447
D20 0.0153 345 433 441 480
D20 0.0152 228 404 286 487
D20 0.0152 391 427 482 472
D20 0.0150 70 428 232 479
D20 0.0150 100 427 203 460
D20 0.0150 0 413 97 530
D20 0.0147 408 480 504 522
D20 0.0146 234 374 402 443
D20 0.0145 0 435 40 513
D20 0.0143 0 536 46 600
D20 0.0142 12 408 205 464
D20 0.0139 491 418 600 489
D20 0.0138 572 397 600 467
D20 0.0138 510 436 598 598
D20 0.0136 465 414 594 531
D20 0.0135 273 582 341 600
D20 0.0135 554 367 600 476
D20 0.0134 279 422 341 457
D20 0.0132 229 406 328 454
D20 0.0132 377 396 581 460
D20 0.0131 48 455 252 541
D20 0.0130 208 357 293 401
D20 0.0129 281 478 441 546
D20 0.0129 7 424 203 492
D20 0.0129 389 417 512 486
D20 0.0129 125 402 193 434
D20 0.0129 467 380 600 432
D20 0.0127 341 417 440 460
D20 0.0125 197 406 293 457
D20 0.0124 288 445 393 505
D20 0.0124 369 406 473 508
D20 0.0121 189 398 248 469
D20 0.0120 0 521 23 589
D20 0.0119 395 535 489 600
D20 0.0119 195 378 293 415
D20 0.0119 218 353 360 423
D20 0.0118 27 557 182 600
D20 0.0117 178 577 222 600
D20 0.0115 25 400 142 440
D20 0.0114 150 402 216 436
D20 0.0112 420 463 528 600
D20 0.0111 183 389 282 428
D20 0.0111 324 410 418 448
D20 0.0110 469 543 567 600
D20 0.0110 0 426 75 467
D20 0.0109 284 371 340 403
D20 0.0109 112 442 204 482
D20 0.0109 0 0 146 226
D20 0.0108 211 393 265 477
D20 0.0108 10 567 114 600
D20 0.0108 437 581 503 600
D20 0.0108 329 485 444 600
D20 0.0107 249 359 389 405
D20 0.0107 244 514 341 600
D20 0.0107 235 417 300 467
D20 0.0107 71 428 166 461
D20 0.0106 280 500 373 541
D20 0.0106 88 435 189 471
D20 0.0105 24 417 141 458
D20 0.0105 269 406 326 476
D20 0.0104 0 469 25 533
D20 0.0104 384 520 473 562
D20 0.0102 35 338 332 505
D20 0.0102 555 492 600 562
D20 0.0102 454 0 600 219
D20 0.0102 250 551 333 600
D20 0.0101 382 412 453 471
D20 0.0100 292 384 335 407
D20 0.0100 182 466 275 521
D20 0.0100 90 413 165 439
D20 0.0100 260 405 377 514
D20 0.0100 427 531 524 600
D40 0.1814 266 444 335 466
D40 0.1256 237 439 342 475
D40 0.0482 418 575 486 597
D40 0.0471 291 436 333 466
D40 0.0449 284 448 348 468
D40 0.0404 250 445 333 501
D40 0.0326 274 429 342 470
D40 0.0270 247 437 331 461
D40 0.0238 554 571 598 600
D40 0.0233 315 578 388 600
D40 0.0219 269 451 339 487
D40 0.0216 398 547 485 600
D40 0.0195 256 447 313 481
D40 0.0180 536 571 583 599
D40 0.0176 0 526 41 564
D40 0.0172 285 442 326 480
D40 0.0171 405 581 472 600
D40 0.0162 358 547 455 599
D40 0.0159 423 565 468 596
D40 0.0154 427 545 519 600
D40 0.0153 305 440 351 466
D40 0.0149 0 514 20 560
D40 0.0138 277 425 329 452
D40 0.0128 404 571 454 597
D40 0.0126 446 572 495 599
D40 0.0114 343 573 394 599
D40 0.0113 48 414 108 436
D40 0.0112 280 433 315 470
D40 0.0107 414 519 497 592
D40 0.0102 42 406 129 438
