D00 0.1761 163 463 246 584
D00 0.1446 172 495 218 589
D00 0.1393 177 538 210 579
D00 0.1195 165 532 213 597
D00 0.0943 170 540 200 591
D00 0.0840 171 533 240 580
D00 0.0791 169 463 215 554
D00 0.0739 9 431 122 560
D00 0.0731 161 508 270 590
D00 0.0652 154 494 203 589
D00 0.0612 176 468 220 523
D00 0.0541 161 474 211 528
D00 0.0541 0 486 43 576
D00 0.0512 4 473 96 577
D00 0.0507 179 513 206 573
D00 0.0501 235 458 275 544
D00 0.0492 135 464 217 585
D00 0.0470 183 506 231 573
D00 0.0452 314 524 355 600
D00 0.0450 135 531 253 594
D00 0.0435 288 423 368 600
D00 0.0428 136 399 173 437
D00 0.0424 160 377 212 403
D00 0.0424 286 423 321 520
D00 0.0418 155 546 209 586
D00 0.0417 186 463 212 516
D00 0.0410 137 380 197 438
D00 0.0401 178 537 226 566
D00 0.0400 276 397 311 490
D00 0.0393 57 439 98 470
D00 0.0386 134 445 245 544
D00 0.0383 158 381 194 415
D00 0.0380 314 461 379 600
D00 0.0377 247 376 328 557
D00 0.0376 192 490 267 570
D00 0.0374 161 449 218 515
D00 0.0372 47 434 107 486
D00 0.0368 171 477 213 508
D00 0.0360 2 519 27 573
D00 0.0357 34 472 118 554
D00 0.0356 161 556 198 595
D00 0.0354 278 402 341 557
D00 0.0353 172 561 210 591
D00 0.0353 245 466 269 524
D00 0.0341 129 407 165 441
D00 0.0341 45 448 96 474
D00 0.0339 328 357 355 401
D00 0.0339 38 446 151 548
D00 0.0336 143 527 220 579
D00 0.0335 284 414 305 476
D00 0.0326 3 444 63 554
D00 0.0324 253 442 330 597
D00 0.0324 338 357 363 401
D00 0.0316 177 479 206 540
D00 0.0315 27 421 136 510
D00 0.0313 214 480 282 553
D00 0.0310 295 392 364 534
D00 0.0309 118 390 179 443
D00 0.0305 305 474 355 595
D00 0.0295 146 390 184 428
D00 0.0291 266 401 315 529
D00 0.0286 133 464 215 510
D00 0.0286 14 501 106 561
D00 0.0285 165 548 246 597
D00 0.0283 155 481 195 558
D00 0.0282 320 412 408 587
D00 0.0279 294 441 314 505
D00 0.0277 136 413 189 438
D00 0.0272 328 539 353 597
D00 0.0270 338 455 427 600
D00 0.0269 267 383 303 474
D00 0.0268 153 370 202 395
D00 0.0267 287 454 337 585
D00 0.0266 181 545 212 596
D00 0.0265 179 455 207 505
D00 0.0264 276 406 297 467
D00 0.0264 187 472 228 552
D00 0.0264 46 433 112 535
D00 0.0259 236 460 305 579
D00 0.0257 293 444 332 531
D00 0.0255 144 377 196 401
D00 0.0254 38 418 166 467
D00 0.0253 208 502 250 568
D00 0.0251 11 436 93 523
D00 0.0250 153 398 192 434
D00 0.0249 246 403 298 531
D00 0.0248 162 527 192 578
D00 0.0245 337 479 392 592
D00 0.0244 315 362 351 396
D00 0.0242 150 368 209 417
D00 0.0242 127 555 211 597
D00 0.0241 252 555 323 600
D00 0.0240 244 386 271 429
D00 0.0238 567 494 600 580
D00 0.0238 3 429 43 521
D00 0.0238 74 484 226 594
D00 0.0236 21 412 106 478
D00 0.0234 255 513 298 600
D00 0.0233 159 471 209 496
D00 0.0231 162 388 201 423
D00 0.0231 138 519 198 598
D00 0.0230 0 526 41 581
D00 0.0229 318 421 375 538
D00 0.0229 288 407 318 484
D00 0.0228 575 495 597 547
D00 0.0226 326 516 371 600
D00 0.0225 171 463 257 514
D00 0.0224 162 481 241 541
D00 0.0223 274 391 296 445
D00 0.0221 0 506 67 585
D00 0.0219 59 437 97 505
D00 0.0217 540 470 600 597
D00 0.0215 275 372 344 498
D00 0.0215 301 383 357 482
D00 0.0213 210 494 289 591
D00 0.0213 241 390 273 458
D00 0.0213 68 459 127 559
D00 0.0212 130 399 235 493
D00 0.0211 64 443 107 478
D00 0.0211 322 529 345 593
D00 0.0211 123 405 189 457
D00 0.0210 59 493 112 546
D00 0.0209 7 510 35 568
D00 0.0209 105 423 226 510
D00 0.0208 263 386 288 432
D00 0.0207 11 400 180 585
D00 0.0206 64 434 109 464
D00 0.0206 200 521 253 599
D00 0.0206 245 483 283 549
D00 0.0204 302 463 343 551
D00 0.0203 569 532 600 600
D00 0.0203 354 481 411 590
D00 0.0202 144 574 198 598
D00 0.0199 112 383 217 465
D00 0.0198 103 410 173 442
D00 0.0198 327 367 367 392
D00 0.0197 7 393 89 505
D00 0.0197 286 440 307 502
D00 0.0195 119 479 229 550
D00 0.0193 129 391 166 429
D00 0.0192 317 502 346 578
D00 0.0192 181 442 231 523
D00 0.0190 296 552 354 599
D00 0.0190 222 410 284 531
D00 0.0189 356 525 405 600
D00 0.0189 330 356 371 440
D00 0.0188 169 498 198 566
D00 0.0188 155 485 205 518
D00 0.0188 161 365 188 405
D00 0.0187 147 458 212 490
D00 0.0187 0 409 76 587
D00 0.0187 57 404 187 482
D00 0.0186 260 390 291 463
D00 0.0185 332 411 393 516
D00 0.0184 252 392 280 441
D00 0.0183 321 344 362 412
D00 0.0183 284 387 325 470
D00 0.0182 347 356 372 401
D00 0.0182 202 523 236 571
D00 0.0181 309 358 338 401
D00 0.0179 354 452 404 530
D00 0.0178 150 477 186 537
D00 0.0178 155 430 242 502
D00 0.0177 320 484 360 575
D00 0.0177 232 384 382 600
D00 0.0177 279 386 309 454
D00 0.0176 568 471 600 550
D00 0.0175 574 510 597 567
D00 0.0175 134 417 174 448
D00 0.0174 27 385 137 472
D00 0.0171 181 488 218 530
D00 0.0171 258 563 299 598
D00 0.0171 75 537 224 597
D00 0.0168 320 405 371 450
D00 0.0167 232 537 304 600
D00 0.0167 5 466 39 543
D00 0.0167 102 454 193 573
D00 0.0167 64 439 128 503
D00 0.0166 292 410 334 501
D00 0.0166 267 538 303 600
D00 0.0165 321 560 348 600
D00 0.0165 338 372 364 425
D00 0.0165 113 417 182 470
D00 0.0165 309 490 340 565
D00 0.0164 84 396 204 449
D00 0.0164 301 462 325 520
D00 0.0164 149 502 185 579
D00 0.0162 237 392 262 441
D00 0.0162 126 383 192 415
D00 0.0161 274 512 350 594
D00 0.0160 368 534 428 600
D00 0.0159 185 476 254 529
D00 0.0159 52 423 90 473
D00 0.0158 546 515 600 584
D00 0.0157 154 402 207 445
D00 0.0157 271 424 302 498
D00 0.0157 69 428 169 490
D00 0.0156 10 476 49 556
D00 0.0156 72 496 118 568
D00 0.0156 212 468 272 522
D00 0.0155 312 361 379 474
D00 0.0154 6 431 66 499
D00 0.0153 41 397 165 454
D00 0.0153 120 400 159 436
D00 0.0153 273 378 296 425
D00 0.0153 160 537 206 564
D00 0.0152 125 365 207 403
D00 0.0151 97 404 243 569
D00 0.0151 319 412 367 492
D00 0.0151 341 444 403 504
D00 0.0151 90 525 211 580
D00 0.0150 176 460 220 485
D00 0.0150 36 444 90 498
D00 0.0149 2 492 27 555
D00 0.0148 359 481 420 539
D00 0.0148 0 545 29 584
D00 0.0147 152 373 181 414
D00 0.0147 302 366 327 412
D00 0.0146 86 380 204 430
D00 0.0146 122 472 198 526
D00 0.0146 110 424 166 446
D00 0.0145 326 419 378 469
D00 0.0145 23 492 124 586
D00 0.0145 52 451 90 489
D00 0.0143 319 374 362 399
D00 0.0143 5 422 39 486
D00 0.0142 368 503 469 596
D00 0.0142 310 358 356 437
D00 0.0141 248 399 283 466
D00 0.0141 0 374 136 517
D00 0.0141 142 380 170 427
D00 0.0141 318 519 409 600
D00 0.0140 16 477 101 535
D00 0.0140 367 507 433 573
D00 0.0140 524 505 587 595
D00 0.0139 233 490 267 547
D00 0.0139 236 381 263 421
D00 0.0139 329 372 356 424
D00 0.0138 392 536 458 600
D00 0.0138 171 378 206 416
D00 0.0138 214 528 244 576
D00 0.0138 340 402 378 437
D00 0.0138 36 503 152 557
D00 0.0138 327 342 356 387
D00 0.0137 75 510 115 547
D00 0.0137 62 457 99 535
D00 0.0136 162 392 218 436
D00 0.0136 253 372 280 416
D00 0.0136 301 385 327 434
D00 0.0136 3 517 60 560
D00 0.0136 93 448 196 512
D00 0.0136 254 495 295 569
D00 0.0136 21 462 79 552
D00 0.0136 77 417 173 454
D00 0.0136 32 493 93 547
D00 0.0135 234 444 268 517
D00 0.0135 151 537 190 596
D00 0.0134 33 414 89 462
D00 0.0134 86 431 163 461
D00 0.0134 333 387 390 478
D00 0.0133 86 502 210 564
D00 0.0133 343 365 375 432
D00 0.0133 489 422 598 597
D00 0.0133 328 412 357 458
D00 0.0132 69 446 107 520
D00 0.0132 292 393 317 445
D00 0.0131 298 354 335 387
D00 0.0131 548 444 597 559
D00 0.0131 53 510 106 556
D00 0.0129 305 367 340 430
D00 0.0129 507 533 576 600
D00 0.0128 339 533 380 600
D00 0.0128 72 478 121 531
D00 0.0128 336 417 381 452
D00 0.0127 0 533 33 564
D00 0.0127 60 419 116 462
D00 0.0127 0 542 51 600
D00 0.0127 181 470 236 496
D00 0.0127 143 413 201 452
D00 0.0126 6 528 82 600
D00 0.0126 309 395 360 443
D00 0.0126 331 459 395 524
D00 0.0126 1 421 27 467
D00 0.0126 87 485 124 547
D00 0.0125 334 550 363 598
D00 0.0125 540 549 597 599
D00 0.0124 310 480 335 538
D00 0.0124 10 446 35 505
D00 0.0124 383 521 450 579
D00 0.0124 296 395 331 460
D00 0.0124 161 382 227 469
D00 0.0123 87 461 150 561
D00 0.0123 9 382 74 438
D00 0.0123 309 450 355 533
D00 0.0123 320 490 344 550
D00 0.0122 315 405 352 464
D00 0.0121 334 429 387 481
D00 0.0121 560 546 596 587
D00 0.0121 244 372 272 415
D00 0.0120 76 464 139 522
D00 0.0120 115 497 178 588
D00 0.0120 295 470 317 527
D00 0.0119 346 410 388 444
D00 0.0119 328 468 373 553
D00 0.0118 64 447 173 589
D00 0.0118 74 429 137 466
D00 0.0117 171 521 227 559
D00 0.0117 237 408 262 458
D00 0.0117 319 383 366 435
D00 0.0116 176 457 242 491
D00 0.0116 243 428 272 504
D00 0.0116 45 397 111 464
D00 0.0115 67 406 132 486
D00 0.0115 582 502 600 555
D00 0.0115 416 537 486 600
D00 0.0115 32 399 71 434
D00 0.0115 19 493 61 563
D00 0.0114 8 402 59 452
D00 0.0114 369 446 427 555
D00 0.0114 338 348 376 394
D00 0.0114 278 559 307 599
D00 0.0114 347 470 397 549
D00 0.0114 359 436 398 494
D00 0.0114 227 500 271 563
D00 0.0113 77 440 133 482
D00 0.0113 251 457 275 513
D00 0.0113 370 493 409 529
D00 0.0113 454 441 544 600
D00 0.0113 304 403 462 566
D00 0.0113 352 456 391 491
D00 0.0113 16 413 70 459
D00 0.0113 303 479 327 537
D00 0.0112 0 367 69 479
D00 0.0112 10 454 53 516
D00 0.0112 375 456 455 584
D00 0.0111 163 411 237 443
D00 0.0111 318 373 347 423
D00 0.0111 173 364 206 403
D00 0.0111 462 395 504 477
D00 0.0110 45 440 79 483
D00 0.0110 137 375 179 405
D00 0.0110 28 454 105 512
D00 0.0110 162 358 229 389
D00 0.0110 126 428 166 460
D00 0.0109 89 383 202 504
D00 0.0109 295 367 342 391
D00 0.0109 156 498 195 536
D00 0.0109 271 384 417 526
D00 0.0109 575 464 598 524
D00 0.0109 221 395 259 455
D00 0.0108 329 512 352 571
D00 0.0108 566 437 600 528
D00 0.0108 120 407 157 460
D00 0.0107 129 370 188 391
D00 0.0107 367 423 493 596
D00 0.0107 537 489 600 555
D00 0.0106 262 501 288 550
D00 0.0106 300 435 325 496
D00 0.0105 276 452 319 540
D00 0.0105 465 486 576 590
D00 0.0105 136 477 182 556
D00 0.0104 159 519 196 561
D00 0.0104 157 466 194 511
D00 0.0104 222 509 253 563
D00 0.0104 0 572 67 600
D00 0.0104 283 378 307 425
D00 0.0104 334 390 368 427
D00 0.0104 565 524 592 577
D00 0.0104 308 403 337 452
D00 0.0103 343 496 403 567
D00 0.0103 293 377 318 425
D00 0.0103 2 436 27 491
D00 0.0103 133 424 195 464
D00 0.0103 311 541 342 597
D00 0.0103 19 446 44 505
D00 0.0103 304 438 340 514
D00 0.0103 296 345 338 415
D00 0.0103 192 453 222 505
D00 0.0102 263 417 290 470
D00 0.0102 248 485 318 550
D00 0.0102 262 524 325 597
D00 0.0102 155 350 217 403
D00 0.0101 202 490 235 555
D00 0.0101 25 389 62 449
D00 0.0101 176 507 211 550
D00 0.0100 13 416 49 473
D00 0.0100 573 559 598 600
D00 0.0100 80 496 142 556
D00 0.0100 252 434 312 506
D00 0.0100 0 0 86 137
D00 0.0100 152 565 183 600
D00 0.0100 295 348 363 456
D00 0.0100 45 428 78 468
D00 0.0100 401 570 468 600
D00 0.0100 2 474 27 532
D10 0.0712 44 442 99 467
D10 0.0638 21 436 105 473
D10 0.0604 34 436 93 460
D10 0.0583 174 542 233 571
D10 0.0568 166 541 298 591
D10 0.0497 57 437 116 461
D10 0.0449 13 425 130 489
D10 0.0436 44 431 132 468
D10 0.0417 8 431 85 461
D10 0.0386 222 395 278 417
D10 0.0366 7 416 103 466
D10 0.0363 327 414 379 441
D10 0.0356 16 442 77 464
D10 0.0348 332 422 386 447
D10 0.0341 36 434 165 479
D10 0.0308 36 448 92 474
D10 0.0306 197 433 260 455
D10 0.0303 187 392 270 419
D10 0.0290 102 455 231 501
D10 0.0289 197 523 329 587
D10 0.0289 353 460 403 485
D10 0.0289 206 389 270 411
D10 0.0286 187 482 273 521
D10 0.0279 514 535 600 583
D10 0.0278 24 511 111 557
D10 0.0278 189 438 266 466
D10 0.0275 171 561 295 600
D10 0.0274 72 436 212 482
D10 0.0273 22 443 114 506
D10 0.0271 220 432 274 456
D10 0.0270 1 432 50 456
D10 0.0263 124 459 213 486
D10 0.0262 371 498 421 525
D10 0.0262 221 441 273 463
D10 0.0260 154 452 260 504
D10 0.0259 184 535 242 565
D10 0.0255 181 424 277 461
D10 0.0255 383 532 449 566
D10 0.0255 52 524 105 548
D10 0.0247 313 418 379 452
D10 0.0246 50 452 191 501
D10 0.0243 129 437 240 483
D10 0.0239 540 544 595 569
D10 0.0238 327 431 378 456
D10 0.0232 328 406 376 432
D10 0.0231 180 443 238 463
D10 0.0225 72 435 138 459
D10 0.0225 8 424 60 451
D10 0.0222 201 482 310 544
D10 0.0221 199 500 316 567
D10 0.0221 233 402 281 427
D10 0.0216 171 435 231 455
D10 0.0212 358 490 435 535
D10 0.0210 44 425 97 451
D10 0.0208 127 468 212 498
D10 0.0208 187 553 351 599
D10 0.0207 224 436 292 468
D10 0.0205 404 537 499 581
D10 0.0204 113 462 182 482
D10 0.0204 375 523 440 558
D10 0.0204 347 468 396 494
D10 0.0203 346 452 426 496
D10 0.0202 359 526 441 575
D10 0.0201 67 515 115 544
D10 0.0201 25 424 79 451
D10 0.0199 43 515 100 544
D10 0.0198 60 427 116 451
D10 0.0197 209 423 266 450
D10 0.0196 259 395 307 420
D10 0.0194 324 413 404 458
D10 0.0194 167 436 253 474
D10 0.0194 211 495 270 523
D10 0.0192 399 540 467 574
D10 0.0192 0 510 83 565
D10 0.0188 529 537 592 563
D10 0.0186 189 496 255 520
D10 0.0185 180 551 243 576
D10 0.0185 377 506 430 531
D10 0.0185 364 489 411 518
D10 0.0182 181 486 238 515
D10 0.0181 346 452 396 479
D10 0.0179 52 420 145 460
D10 0.0178 50 504 126 551
D10 0.0177 211 403 268 427
D10 0.0177 235 451 280 472
D10 0.0176 173 422 249 451
D10 0.0176 31 524 90 549
D10 0.0173 26 403 75 427
D10 0.0173 251 402 296 427
D10 0.0173 142 432 218 459
D10 0.0170 225 485 268 516
D10 0.0170 331 456 397 491
D10 0.0170 6 440 95 488
D10 0.0170 259 528 359 572
D10 0.0169 176 430 282 483
D10 0.0169 2 440 48 464
D10 0.0168 34 397 83 420
D10 0.0167 190 447 292 507
D10 0.0166 482 523 591 588
D10 0.0166 374 535 426 560
D10 0.0165 311 431 361 457
D10 0.0165 219 378 273 403
D10 0.0163 278 565 349 594
D10 0.0162 404 536 461 562
D10 0.0162 110 558 212 595
D10 0.0161 553 551 596 581
D10 0.0161 146 414 255 463
D10 0.0159 241 431 288 459
D10 0.0159 189 447 266 478
D10 0.0158 17 395 116 456
D10 0.0158 183 525 236 555
D10 0.0158 160 425 221 446
D10 0.0157 233 422 280 450
D10 0.0157 2 485 85 544
D10 0.0157 113 471 181 493
D10 0.0156 11 520 104 578
D10 0.0156 513 518 600 567
D10 0.0156 390 544 444 569
D10 0.0156 327 441 378 467
D10 0.0154 340 483 405 520
D10 0.0154 19 450 74 475
D10 0.0154 355 478 402 506
D10 0.0153 320 426 404 488
D10 0.0153 346 414 400 439
D10 0.0153 75 426 140 449
D10 0.0152 185 478 256 507
D10 0.0152 25 499 99 543
D10 0.0152 181 451 235 473
D10 0.0151 433 541 510 573
D10 0.0151 309 405 361 431
D10 0.0151 385 520 479 566
D10 0.0150 287 408 371 468
D10 0.0150 311 375 356 399
D10 0.0150 251 440 295 466
D10 0.0150 16 396 67 420
D10 0.0149 141 424 202 445
D10 0.0149 369 498 451 546
D10 0.0148 209 421 306 466
D10 0.0148 396 527 450 554
D10 0.0147 236 476 274 506
D10 0.0144 421 545 482 568
D10 0.0144 8 404 60 428
D10 0.0144 358 506 408 530
D10 0.0144 288 536 343 558
D10 0.0144 380 516 431 543
D10 0.0144 233 465 325 524
D10 0.0143 556 515 599 540
D10 0.0143 194 498 269 538
D10 0.0143 226 446 289 478
D10 0.0143 53 504 104 538
D10 0.0142 348 497 399 522
D10 0.0142 3 491 63 530
D10 0.0142 424 543 518 592
D10 0.0141 302 422 351 448
D10 0.0140 536 511 600 547
D10 0.0140 307 445 388 505
D10 0.0140 130 378 188 399
D10 0.0139 234 412 279 439
D10 0.0139 331 473 395 510
D10 0.0139 513 544 571 568
D10 0.0138 370 517 509 592
D10 0.0138 246 517 352 558
D10 0.0136 2 496 45 521
D10 0.0136 1 413 49 441
D10 0.0136 334 403 397 436
D10 0.0136 352 504 429 556
D10 0.0136 367 469 420 491
D10 0.0135 108 574 194 600
D10 0.0135 42 403 93 426
D10 0.0135 281 524 372 590
D10 0.0135 181 400 259 431
D10 0.0134 0 395 50 419
D10 0.0134 339 466 424 522
D10 0.0133 343 441 395 468
D10 0.0133 163 494 208 523
D10 0.0133 328 451 379 477
D10 0.0132 321 464 387 500
D10 0.0132 77 525 126 548
D10 0.0130 147 545 199 572
D10 0.0130 443 536 540 583
D10 0.0129 311 477 394 528
D10 0.0129 543 525 594 553
D10 0.0128 177 495 224 521
D10 0.0128 130 566 194 590
D10 0.0128 349 432 402 455
D10 0.0127 552 450 599 475
D10 0.0126 212 413 265 441
D10 0.0126 251 450 296 474
D10 0.0126 357 497 484 576
D10 0.0126 335 496 415 546
D10 0.0126 22 515 81 544
D10 0.0126 18 412 68 440
D10 0.0124 258 484 347 538
D10 0.0124 7 524 53 554
D10 0.0124 286 465 368 519
D10 0.0124 236 461 277 484
D10 0.0124 0 385 49 410
D10 0.0123 365 457 442 487
D10 0.0123 10 389 87 432
D10 0.0123 328 396 373 421
D10 0.0123 215 441 303 490
D10 0.0122 415 553 469 578
D10 0.0122 140 479 202 506
D10 0.0122 22 527 93 564
D10 0.0121 296 409 360 445
D10 0.0121 239 472 309 509
D10 0.0121 240 486 285 513
D10 0.0121 366 452 423 478
D10 0.0120 366 526 416 551
D10 0.0120 126 434 186 456
D10 0.0120 272 403 317 427
D10 0.0120 0 431 67 477
D10 0.0119 81 484 147 515
D10 0.0119 552 561 597 593
D10 0.0118 90 458 164 486
D10 0.0118 0 558 96 595
D10 0.0118 161 415 219 439
D10 0.0118 334 515 411 569
D10 0.0118 162 403 219 429
D10 0.0117 311 441 359 466
D10 0.0117 564 535 600 561
D10 0.0116 4 507 62 551
D10 0.0116 46 457 93 483
D10 0.0116 4 543 53 571
D10 0.0116 539 574 595 599
D10 0.0116 96 425 159 446
D10 0.0116 266 536 328 555
D10 0.0115 91 476 162 508
D10 0.0115 223 505 275 534
D10 0.0115 239 447 326 506
D10 0.0114 310 384 356 409
D10 0.0114 497 532 570 566
D10 0.0114 242 469 287 496
D10 0.0114 545 507 596 533
D10 0.0113 282 396 328 420
D10 0.0113 309 395 358 420
D10 0.0113 417 443 517 480
D10 0.0112 10 573 89 600
D10 0.0112 35 411 84 439
D10 0.0112 452 497 594 578
D10 0.0112 16 483 85 521
D10 0.0112 287 543 344 567
D10 0.0112 494 553 590 600
D10 0.0112 416 572 489 600
D10 0.0112 458 452 509 475
D10 0.0111 311 474 373 511
D10 0.0111 481 432 585 480
D10 0.0110 406 553 497 600
D10 0.0110 9 504 55 533
D10 0.0109 328 488 376 514
D10 0.0109 98 471 155 495
D10 0.0109 46 520 124 567
D10 0.0109 181 461 234 484
D10 0.0109 9 487 55 514
D10 0.0109 83 463 174 503
D10 0.0109 343 476 460 555
D10 0.0109 121 387 177 409
D10 0.0108 218 368 272 390
D10 0.0108 311 535 352 558
D10 0.0108 0 542 81 587
D10 0.0108 297 429 375 479
D10 0.0108 226 469 268 496
D10 0.0107 193 505 251 529
D10 0.0107 347 420 418 450
D10 0.0107 244 407 331 464
D10 0.0107 267 426 351 485
D10 0.0107 122 552 202 584
D10 0.0107 192 415 250 441
D10 0.0107 341 430 451 485
D10 0.0107 466 526 561 574
D10 0.0106 81 383 157 410
D10 0.0106 232 524 321 569
D10 0.0106 62 496 110 526
D10 0.0106 237 472 359 553
D10 0.0106 293 404 339 429
D10 0.0106 393 548 457 585
D10 0.0105 154 505 200 528
D10 0.0105 72 488 121 512
D10 0.0105 87 376 164 402
D10 0.0105 293 453 401 534
D10 0.0105 47 538 205 599
D10 0.0105 51 396 104 419
D10 0.0105 565 524 600 551
D10 0.0104 521 552 581 580
D10 0.0104 491 448 570 476
D10 0.0104 2 531 116 600
D10 0.0104 257 526 312 548
D10 0.0104 10 533 64 563
D10 0.0104 233 490 292 530
D10 0.0103 357 461 448 506
D10 0.0103 82 480 133 505
D10 0.0103 384 496 458 527
D10 0.0103 188 466 269 503
D10 0.0103 312 542 353 568
D10 0.0103 369 479 418 505
D10 0.0102 523 448 597 478
D10 0.0102 374 543 424 569
D10 0.0102 543 443 593 468
D10 0.0102 181 457 258 491
D10 0.0101 289 527 341 551
D10 0.0101 294 386 340 411
D10 0.0101 285 502 367 566
D10 0.0101 54 533 103 559
D10 0.0101 502 571 579 600
D10 0.0101 269 387 318 412
D10 0.0101 436 452 495 475
D10 0.0101 252 412 295 437
D10 0.0101 276 547 351 589
D10 0.0100 398 507 515 566
D10 0.0100 477 451 528 475
D10 0.0100 171 504 216 527
D20 0.3174 21 431 367 586
D20 0.3056 161 454 289 589
D20 0.2151 111 476 330 577
D20 0.1412 67 450 535 600
D20 0.1050 149 499 355 599
D20 0.0983 174 411 391 595
D20 0.0854 165 506 258 587
D20 0.0794 105 406 307 563
D20 0.0734 38 465 241 569
D20 0.0730 172 525 247 574
D20 0.0728 165 529 307 595
D20 0.0701 6 442 120 567
D20 0.0608 207 436 322 600
D20 0.0535 36 442 240 527
D20 0.0531 150 444 261 551
D20 0.0520 198 387 300 564
D20 0.0498 174 474 275 555
D20 0.0497 157 371 239 408
D20 0.0450 138 371 298 445
D20 0.0446 210 482 444 591
D20 0.0444 83 500 254 591
D20 0.0423 146 386 284 520
D20 0.0419 191 488 302 578
D20 0.0412 170 425 333 546
D20 0.0399 26 405 216 483
D20 0.0386 14 409 189 559
D20 0.0376 203 539 368 597
D20 0.0375 240 394 288 419
D20 0.0374 253 559 365 600
D20 0.0372 65 373 432 565
D20 0.0363 155 382 219 413
D20 0.0358 183 374 307 494
D20 0.0357 216 466 274 537
D20 0.0355 235 382 293 435
D20 0.0354 277 451 600 600
D20 0.0346 240 459 363 600
D20 0.0345 198 456 296 545
D20 0.0344 49 435 137 473
D20 0.0328 231 388 282 413
D20 0.0327 144 385 228 427
D20 0.0325 174 381 277 417
D20 0.0322 21 474 169 553
D20 0.0320 193 378 301 429
D20 0.0306 170 470 260 522
D20 0.0304 231 377 342 527
D20 0.0303 8 396 132 503
D20 0.0300 22 440 101 483
D20 0.0298 96 424 268 517
D20 0.0298 0 379 291 549
D20 0.0290 303 387 391 538
D20 0.0289 130 393 215 438
D20 0.0288 263 422 422 594
D20 0.0280 258 390 290 425
D20 0.0278 449 505 600 599
D20 0.0277 136 363 271 419
D20 0.0267 249 387 296 414
D20 0.0263 37 424 107 473
D20 0.0263 222 471 312 560
D20 0.0262 321 400 385 455
D20 0.0261 272 373 381 496
D20 0.0260 102 383 269 466
D20 0.0258 554 528 600 600
D20 0.0258 166 374 213 405
D20 0.0255 218 388 281 447
D20 0.0254 289 486 402 600
D20 0.0253 220 371 315 460
D20 0.0253 248 376 284 428
D20 0.0249 216 560 323 600
D20 0.0241 122 472 219 518
D20 0.0238 222 510 320 591
D20 0.0238 254 379 294 457
D20 0.0238 0 480 285 600
D20 0.0238 164 422 289 500
D20 0.0233 506 462 600 600
D20 0.0233 183 415 279 455
D20 0.0228 46 392 199 459
D20 0.0225 240 452 282 535
D20 0.0224 311 367 355 392
D20 0.0221 319 403 435 527
D20 0.0217 128 454 215 496
D20 0.0216 17 165 600 591
D20 0.0216 205 490 285 548
D20 0.0215 256 526 432 600
D20 0.0214 306 351 360 405
D20 0.0213 255 370 322 500
D20 0.0212 238 389 332 432
D20 0.0209 326 413 392 477
D20 0.0206 27 406 96 467
D20 0.0206 53 422 187 501
D20 0.0203 319 357 359 387
D20 0.0202 299 553 386 599
D20 0.0201 64 428 162 466
D20 0.0197 224 367 286 420
D20 0.0196 271 536 354 596
D20 0.0196 262 386 304 433
D20 0.0196 143 405 238 446
D20 0.0195 45 493 120 547
D20 0.0194 2 380 98 473
D20 0.0194 97 376 233 436
D20 0.0193 307 458 466 600
D20 0.0193 0 341 169 600
D20 0.0192 120 425 211 464
D20 0.0191 243 390 287 471
D20 0.0191 168 355 256 393
D20 0.0191 0 392 85 548
D20 0.0191 240 397 274 434
D20 0.0190 364 510 554 597
D20 0.0190 6 522 224 600
D20 0.0188 238 420 277 514
D20 0.0186 0 289 407 600
D20 0.0184 183 396 277 438
D20 0.0184 309 348 353 374
D20 0.0183 166 387 262 456
D20 0.0183 290 389 395 462
D20 0.0183 88 434 185 474
D20 0.0182 303 357 348 385
D20 0.0181 171 378 400 522
D20 0.0181 171 363 232 400
D20 0.0181 0 409 45 480
D20 0.0180 305 406 369 464
D20 0.0179 224 391 283 507
D20 0.0178 200 362 335 422
D20 0.0178 235 403 514 562
D20 0.0178 0 0 408 294
D20 0.0177 152 418 249 454
D20 0.0176 0 492 126 588
D20 0.0176 126 414 215 452
D20 0.0175 0 415 79 459
D20 0.0174 353 446 403 523
D20 0.0174 51 468 188 526
D20 0.0173 195 375 273 405
D20 0.0172 167 0 600 294
D20 0.0172 167 311 600 600
D20 0.0170 0 15 557 441
D20 0.0170 339 434 403 495
D20 0.0170 227 403 271 475
D20 0.0169 210 411 303 459
D20 0.0168 196 417 269 530
D20 0.0168 274 384 343 466
D20 0.0168 246 372 364 444
D20 0.0166 189 403 278 480
D20 0.0165 312 118 600 600
D20 0.0164 501 542 599 597
D20 0.0163 232 436 305 525
D20 0.0163 244 366 302 423
D20 0.0160 558 482 600 558
D20 0.0158 308 340 354 361
D20 0.0158 349 421 443 580
D20 0.0157 337 410 380 445
D20 0.0154 2 369 173 454
D20 0.0153 312 375 373 443
D20 0.0153 267 383 299 419
D20 0.0152 233 375 267 426
D20 0.0150 429 434 583 593
D20 0.0150 320 363 373 396
D20 0.0149 323 344 358 380
D20 0.0149 163 372 217 437
D20 0.0149 175 453 268 502
D20 0.0146 321 523 485 600
D20 0.0146 14 433 80 496
D20 0.0145 295 388 357 450
D20 0.0145 548 433 600 593
D20 0.0143 153 407 240 478
D20 0.0143 87 472 190 511
D20 0.0143 274 373 314 449
D20 0.0143 365 474 414 545
D20 0.0143 165 488 240 554
D20 0.0143 323 419 510 507
D20 0.0142 69 442 160 482
D20 0.0140 219 385 261 415
D20 0.0139 289 342 358 382
D20 0.0139 240 378 286 404
D20 0.0139 0 396 81 441
D20 0.0138 524 523 600 586
D20 0.0138 0 474 74 600
D20 0.0137 83 421 208 556
D20 0.0135 168 425 217 494
D20 0.0134 0 0 291 600
D20 0.0132 341 429 512 593
D20 0.0132 199 388 260 425
D20 0.0131 297 367 355 429
D20 0.0130 142 337 336 600
D20 0.0128 253 409 297 491
D20 0.0128 304 389 460 472
D20 0.0128 0 380 48 458
D20 0.0127 0 0 145 222
D20 0.0127 28 389 88 449
D20 0.0127 18 408 68 480
D20 0.0126 162 399 236 431
D20 0.0126 574 494 600 577
D20 0.0126 258 374 290 410
D20 0.0125 200 373 268 450
D20 0.0123 175 431 243 482
D20 0.0123 178 399 249 501
D20 0.0121 288 364 350 395
D20 0.0121 296 509 364 600
D20 0.0121 0 369 55 424
D20 0.0119 203 409 272 446
D20 0.0119 70 408 170 447
D20 0.0119 214 416 265 488
D20 0.0118 521 563 600 600
D20 0.0118 383 543 495 596
D20 0.0117 278 391 310 427
D20 0.0116 574 469 600 548
D20 0.0116 218 461 296 514
D20 0.0116 582 494 600 545
D20 0.0116 0 376 48 400
D20 0.0115 373 553 459 600
D20 0.0115 0 418 31 455
D20 0.0112 62 380 187 430
D20 0.0111 231 416 266 454
D20 0.0111 343 385 391 453
D20 0.0110 234 418 279 466
D20 0.0109 35 356 210 427
D20 0.0109 389 514 443 586
D20 0.0106 203 399 255 464
D20 0.0105 382 466 489 600
D20 0.0105 0 367 39 393
D20 0.0104 378 486 430 559
D20 0.0104 248 406 282 445
D20 0.0104 454 0 600 219
D20 0.0103 314 339 351 391
D20 0.0103 283 386 327 434
D20 0.0102 241 402 329 455
D20 0.0102 335 439 462 516
D20 0.0102 243 346 336 470
D20 0.0101 208 419 249 452
D20 0.0100 407 524 460 598
D20 0.0100 265 352 351 390
D40 0.0575 260 577 329 598
D40 0.0494 156 380 255 415
D40 0.0470 174 387 241 410
D40 0.0447 250 570 364 600
D40 0.0436 166 567 201 600
D40 0.0429 167 373 247 403
D40 0.0400 163 550 218 600
D40 0.0376 117 445 219 482
D40 0.0368 172 361 263 397
D40 0.0364 170 528 281 591
D40 0.0311 227 574 318 600
D40 0.0310 185 368 251 391
D40 0.0302 161 390 236 419
D40 0.0292 140 452 209 475
D40 0.0291 142 441 216 471
D40 0.0285 289 574 354 597
D40 0.0285 165 565 266 600
D40 0.0283 175 530 247 569
D40 0.0280 171 574 224 599
D40 0.0278 185 395 253 415
D40 0.0271 139 563 211 600
D40 0.0266 165 382 212 412
D40 0.0258 318 557 351 597
D40 0.0258 158 581 207 600
D40 0.0251 172 443 227 464
D40 0.0251 174 449 212 482
D40 0.0248 193 573 288 600
D40 0.0242 202 559 317 600
D40 0.0238 222 491 290 554
D40 0.0229 64 438 142 469
D40 0.0226 315 572 364 598
D40 0.0223 189 511 288 564
D40 0.0222 193 377 259 401
D40 0.0220 101 434 198 474
D40 0.0216 157 437 242 476
D40 0.0213 264 559 324 599
D40 0.0207 41 439 87 469
D40 0.0200 240 479 271 523
D40 0.0199 125 443 190 468
D40 0.0196 183 575 251 598
D40 0.0191 298 559 362 598
D40 0.0190 358 543 418 600
D40 0.0182 126 426 217 464
D40 0.0180 248 573 294 599
D40 0.0176 319 552 410 600
D40 0.0172 116 452 181 475
D40 0.0171 206 536 248 572
D40 0.0166 324 546 355 590
D40 0.0164 183 559 212 600
D40 0.0161 196 360 257 384
D40 0.0158 30 431 75 462
D40 0.0157 237 498 277 540
D40 0.0156 188 387 249 424
D40 0.0156 178 365 225 396
D40 0.0154 4 427 40 461
D40 0.0154 183 549 248 595
D40 0.0153 270 570 301 600
D40 0.0149 366 569 428 600
D40 0.0149 206 384 252 413
D40 0.0146 328 557 366 596
D40 0.0146 205 520 265 570
D40 0.0146 197 582 262 600
D40 0.0145 196 519 241 561
D40 0.0142 367 553 449 600
D40 0.0142 227 505 320 550
D40 0.0140 247 508 285 547
D40 0.0137 215 571 261 600
D40 0.0135 186 445 214 493
D40 0.0135 318 536 348 579
D40 0.0134 239 566 303 595
D40 0.0134 170 444 251 489
D40 0.0133 7 423 59 466
D40 0.0129 175 562 234 590
D40 0.0128 134 577 201 600
D40 0.0128 205 553 271 597
D40 0.0127 230 518 295 552
D40 0.0126 371 557 408 597
D40 0.0124 108 442 167 468
D40 0.0124 22 437 63 469
D40 0.0123 232 512 297 578
D40 0.0122 258 517 291 552
D40 0.0120 353 573 405 599
D40 0.0120 0 575 47 599
D40 0.0119 190 430 231 458
D40 0.0117 329 572 387 598
D40 0.0114 88 447 164 478
D40 0.0114 204 532 297 583
D40 0.0113 150 459 203 488
D40 0.0113 163 441 208 496
D40 0.0112 193 564 259 590
D40 0.0111 330 531 407 590
D40 0.0111 23 418 62 455
D40 0.0111 171 431 212 460
D40 0.0110 218 490 267 529
D40 0.0109 187 448 227 481
D40 0.0109 0 567 77 600
D40 0.0109 83 432 129 462
D40 0.0108 213 566 287 592
D40 0.0107 218 364 260 394
D40 0.0106 244 471 277 513
D40 0.0106 303 581 358 600
D40 0.0102 197 438 240 467
D40 0.0102 167 437 200 477
D40 0.0101 194 378 226 416
D40 0.0101 218 359 272 381
D40 0.0100 207 427 249 458
