D00 0.1270 227 305 250 363
D00 0.1140 218 340 241 398
D00 0.0873 220 295 254 385
D00 0.0811 235 296 256 356
D00 0.0762 211 318 247 402
D00 0.0682 300 334 325 381
D00 0.0639 219 315 244 371
D00 0.0624 225 330 248 391
D00 0.0549 228 283 261 370
D00 0.0499 0 387 87 555
D00 0.0449 0 338 120 589
D00 0.0433 229 280 249 340
D00 0.0423 440 376 569 569
D00 0.0408 203 285 258 406
D00 0.0394 208 350 236 404
D00 0.0379 294 321 332 388
D00 0.0376 211 299 250 356
D00 0.0352 192 301 244 396
D00 0.0344 0 356 99 496
D00 0.0342 13 402 74 516
D00 0.0337 196 340 248 410
D00 0.0334 294 322 319 370
D00 0.0331 481 397 593 590
D00 0.0330 0 439 64 589
D00 0.0317 294 346 334 375
D00 0.0314 2 419 58 533
D00 0.0310 341 293 396 317
D00 0.0309 233 320 256 378
D00 0.0285 224 297 272 397
D00 0.0284 216 348 255 406
D00 0.0275 405 362 539 537
D00 0.0265 437 367 519 496
D00 0.0264 207 334 243 369
D00 0.0261 39 336 195 589
D00 0.0256 287 337 329 367
D00 0.0247 450 376 514 419
D00 0.0246 201 346 241 375
D00 0.0242 7 446 107 600
D00 0.0241 355 324 550 594
D00 0.0234 336 297 404 329
D00 0.0234 7 380 82 465
D00 0.0234 14 349 155 518
D00 0.0234 445 382 516 446
D00 0.0234 294 342 319 388
D00 0.0232 236 271 256 325
D00 0.0231 180 280 283 399
D00 0.0227 211 354 244 385
D00 0.0225 526 432 600 594
D00 0.0223 158 303 324 600
D00 0.0220 220 315 253 349
D00 0.0219 293 333 352 372
D00 0.0218 286 297 327 377
D00 0.0217 242 297 265 352
D00 0.0216 4 329 126 448
D00 0.0215 497 408 600 511
D00 0.0211 0 459 44 543
D00 0.0210 211 327 246 355
D00 0.0206 425 368 496 462
D00 0.0204 170 338 250 385
D00 0.0200 1 571 77 600
D00 0.0200 228 266 248 311
D00 0.0199 319 290 388 320
D00 0.0198 0 482 33 568
D00 0.0197 27 418 91 533
D00 0.0196 493 487 600 600
D00 0.0195 29 365 123 477
D00 0.0193 332 286 387 309
D00 0.0192 293 330 334 356
D00 0.0192 533 535 598 600
D00 0.0191 217 297 247 336
D00 0.0191 300 312 326 364
D00 0.0190 471 372 600 485
D00 0.0188 5 425 82 489
D00 0.0187 306 321 334 370
D00 0.0187 448 402 552 511
D00 0.0187 545 425 599 529
D00 0.0186 1 492 27 546
D00 0.0186 229 304 413 600
D00 0.0186 221 260 254 347
D00 0.0184 5 470 77 557
D00 0.0184 306 342 332 388
D00 0.0181 188 325 249 360
D00 0.0180 0 393 45 480
D00 0.0180 192 357 295 574
D00 0.0180 232 306 274 357
D00 0.0177 458 444 600 553
D00 0.0177 0 546 94 597
D00 0.0176 155 357 261 574
D00 0.0176 147 303 249 392
D00 0.0175 379 396 500 588
D00 0.0175 330 295 394 351
D00 0.0175 539 380 600 503
D00 0.0173 405 377 478 437
D00 0.0173 108 358 224 573
D00 0.0172 455 354 523 415
D00 0.0172 299 297 343 378
D00 0.0172 457 404 524 468
D00 0.0171 428 382 490 427
D00 0.0171 214 366 244 407
D00 0.0170 543 480 597 586
D00 0.0168 121 330 167 405
D00 0.0167 40 401 117 545
D00 0.0167 231 341 257 398
D00 0.0165 68 367 129 432
D00 0.0164 213 321 259 361
D00 0.0164 443 406 515 546
D00 0.0163 0 347 44 427
D00 0.0163 226 327 264 355
D00 0.0163 342 361 462 569
D00 0.0162 178 301 257 437
D00 0.0162 451 469 582 591
D00 0.0162 191 316 273 378
D00 0.0162 342 288 426 324
D00 0.0161 35 404 85 487
D00 0.0161 518 512 590 592
D00 0.0160 372 342 501 494
D00 0.0160 0 384 45 433
D00 0.0159 227 358 330 573
D00 0.0159 5 510 81 593
D00 0.0158 0 514 46 600
D00 0.0158 197 346 231 394
D00 0.0156 302 349 325 399
D00 0.0156 17 348 142 420
D00 0.0155 16 372 109 429
D00 0.0155 224 274 274 350
D00 0.0154 219 337 252 362
D00 0.0154 343 284 408 313
D00 0.0152 202 364 242 392
D00 0.0152 142 353 166 403
D00 0.0151 267 337 346 381
D00 0.0151 60 383 117 449
D00 0.0149 508 536 573 598
D00 0.0149 169 299 253 358
D00 0.0147 1 355 58 459
D00 0.0147 0 445 67 506
D00 0.0147 54 324 299 600
D00 0.0146 225 359 249 410
D00 0.0146 220 301 315 392
D00 0.0146 120 321 167 366
D00 0.0144 1 374 29 424
D00 0.0144 26 436 73 492
D00 0.0144 297 291 395 371
D00 0.0143 206 335 297 397
D00 0.0142 422 339 497 420
D00 0.0142 240 290 295 382
D00 0.0142 6 347 85 422
D00 0.0142 168 318 233 406
D00 0.0141 198 318 246 348
D00 0.0141 28 457 91 575
D00 0.0141 218 345 252 374
D00 0.0140 432 404 501 469
D00 0.0139 228 309 266 337
D00 0.0139 422 452 544 579
D00 0.0138 110 330 159 375
D00 0.0138 192 362 254 424
D00 0.0138 458 431 533 563
D00 0.0138 348 312 413 372
D00 0.0137 263 303 354 386
D00 0.0137 287 334 326 411
D00 0.0137 351 301 406 344
D00 0.0136 439 372 491 410
D00 0.0136 178 274 203 318
D00 0.0136 131 336 159 386
D00 0.0136 516 474 592 556
D00 0.0135 400 320 511 406
D00 0.0135 0 486 176 594
D00 0.0135 300 334 339 410
D00 0.0135 0 527 143 600
D00 0.0135 452 427 518 483
D00 0.0135 263 359 371 572
D00 0.0134 54 408 142 578
D00 0.0134 403 394 470 460
D00 0.0134 1 408 28 464
D00 0.0134 359 331 423 390
D00 0.0134 49 325 155 411
D00 0.0133 286 350 343 383
D00 0.0133 0 430 37 517
D00 0.0133 55 348 117 415
D00 0.0133 267 316 333 373
D00 0.0131 382 327 472 437
D00 0.0131 42 324 200 471
D00 0.0131 301 360 417 570
D00 0.0130 28 338 137 392
D00 0.0130 141 335 166 387
D00 0.0130 0 375 67 425
D00 0.0130 308 283 378 311
D00 0.0130 313 288 377 343
D00 0.0130 1 353 29 405
D00 0.0129 445 363 514 400
D00 0.0129 63 363 135 504
D00 0.0128 0 481 31 523
D00 0.0128 310 303 373 365
D00 0.0128 16 296 166 433
D00 0.0128 515 558 584 596
D00 0.0127 123 304 184 362
D00 0.0127 472 392 545 463
D00 0.0126 0 419 143 534
D00 0.0126 100 339 152 364
D00 0.0126 361 304 498 362
D00 0.0126 406 384 481 521
D00 0.0125 308 341 347 376
D00 0.0125 84 358 150 420
D00 0.0124 386 369 456 431
D00 0.0124 165 287 199 321
D00 0.0123 123 324 184 383
D00 0.0123 336 314 441 408
D00 0.0123 332 297 372 330
D00 0.0122 243 279 265 333
D00 0.0122 111 345 160 395
D00 0.0122 14 315 150 382
D00 0.0122 271 331 477 539
D00 0.0121 1 428 27 482
D00 0.0121 131 354 159 402
D00 0.0121 564 440 600 518
D00 0.0120 79 388 116 427
D00 0.0120 407 368 474 413
D00 0.0120 38 394 101 464
D00 0.0120 1 392 29 442
D00 0.0119 192 327 370 543
D00 0.0119 370 350 433 411
D00 0.0119 216 365 257 393
D00 0.0119 512 385 599 462
D00 0.0119 425 431 498 563
D00 0.0119 565 402 600 488
D00 0.0118 231 269 259 304
D00 0.0118 521 430 600 487
D00 0.0118 462 451 522 519
D00 0.0117 94 327 156 361
D00 0.0117 190 309 293 491
D00 0.0117 298 325 363 362
D00 0.0117 135 315 171 350
D00 0.0117 364 291 408 320
D00 0.0117 95 310 287 406
D00 0.0117 48 518 92 600
D00 0.0117 5 395 54 421
D00 0.0116 321 306 385 339
D00 0.0116 283 329 318 384
D00 0.0116 26 561 87 599
D00 0.0116 168 284 214 308
D00 0.0116 74 335 143 368
D00 0.0115 185 359 245 397
D00 0.0115 139 329 182 407
D00 0.0115 132 321 270 463
D00 0.0115 219 275 243 321
D00 0.0115 1 386 44 412
D00 0.0115 442 355 600 427
D00 0.0115 22 411 63 484
D00 0.0115 354 293 385 334
D00 0.0115 46 353 108 387
D00 0.0115 297 338 362 391
D00 0.0114 56 345 120 377
D00 0.0113 137 300 189 345
D00 0.0113 68 338 172 393
D00 0.0113 9 303 234 524
D00 0.0112 0 551 40 600
D00 0.0112 444 346 566 397
D00 0.0112 501 465 569 570
D00 0.0112 471 471 531 537
D00 0.0112 0 400 66 455
D00 0.0111 425 380 472 416
D00 0.0111 63 434 179 600
D00 0.0111 1 406 242 600
D00 0.0110 262 291 316 378
D00 0.0110 111 356 175 413
D00 0.0110 156 433 235 590
D00 0.0109 466 369 500 415
D00 0.0109 3 369 39 409
D00 0.0109 376 386 440 447
D00 0.0109 69 348 164 446
D00 0.0108 150 277 242 363
D00 0.0108 413 414 478 477
D00 0.0108 292 299 317 352
D00 0.0108 236 314 268 381
D00 0.0108 501 513 562 587
D00 0.0108 208 294 238 343
D00 0.0107 294 286 354 347
D00 0.0107 128 310 180 334
D00 0.0107 215 356 281 413
D00 0.0107 468 435 532 491
D00 0.0106 207 300 295 358
D00 0.0106 67 322 175 373
D00 0.0106 545 386 600 446
D00 0.0105 178 289 203 336
D00 0.0105 520 573 577 597
D00 0.0105 415 315 575 432
D00 0.0105 388 367 462 493
D00 0.0105 1 339 28 387
D00 0.0105 37 428 67 484
D00 0.0105 272 273 317 317
D00 0.0105 91 309 194 390
D00 0.0104 562 516 600 600
D00 0.0104 371 323 446 381
D00 0.0104 111 311 160 357
D00 0.0104 564 467 600 553
D00 0.0104 17 349 102 394
D00 0.0104 507 324 600 551
D00 0.0104 531 501 600 561
D00 0.0103 87 380 126 418
D00 0.0103 342 301 379 363
D00 0.0103 475 377 507 419
D00 0.0103 275 276 334 332
D00 0.0103 285 322 312 367
D00 0.0103 53 577 115 598
D00 0.0103 540 523 595 578
D00 0.0103 525 465 600 518
D00 0.0102 459 489 523 550
D00 0.0102 197 361 228 413
D00 0.0102 470 396 512 431
D00 0.0102 417 573 474 596
D00 0.0102 471 438 560 515
D00 0.0101 285 275 370 390
D00 0.0101 194 326 238 382
D00 0.0101 376 358 421 438
D00 0.0101 158 332 240 495
D00 0.0101 1 455 28 513
D00 0.0101 471 430 513 464
D00 0.0101 474 476 557 556
D00 0.0101 154 345 275 413
D00 0.0100 253 324 325 394
D00 0.0100 287 287 321 321
D00 0.0100 328 320 393 379
D00 0.0100 75 383 104 435
D00 0.0100 341 287 484 341
D00 0.0100 183 382 243 529
D10 0.0606 218 387 299 412
D10 0.0466 220 396 281 414
D10 0.0451 162 337 253 364
D10 0.0425 436 376 577 427
D10 0.0414 435 388 512 421
D10 0.0398 230 393 317 416
D10 0.0393 459 390 537 420
D10 0.0339 168 332 244 354
D10 0.0290 149 340 223 360
D10 0.0272 427 385 493 413
D10 0.0271 139 324 261 361
D10 0.0270 418 387 519 448
D10 0.0251 251 389 315 410
D10 0.0241 445 389 578 450
D10 0.0240 411 373 492 409
D10 0.0231 188 347 243 374
D10 0.0231 349 301 406 325
D10 0.0228 381 355 494 414
D10 0.0227 216 375 319 416
D10 0.0225 206 396 260 417
D10 0.0225 199 339 244 362
D10 0.0224 398 364 483 398
D10 0.0221 456 364 587 411
D10 0.0221 208 387 257 411
D10 0.0216 432 397 503 431
D10 0.0215 471 383 562 413
D10 0.0215 417 563 493 591
D10 0.0214 340 304 464 352
D10 0.0213 135 340 192 361
D10 0.0212 301 347 356 373
D10 0.0210 186 386 285 425
D10 0.0209 203 356 299 406
D10 0.0208 421 394 481 419
D10 0.0206 126 332 232 370
D10 0.0204 381 355 462 387
D10 0.0203 467 438 533 470
D10 0.0202 441 376 505 406
D10 0.0197 143 331 206 355
D10 0.0196 465 434 519 460
D10 0.0194 453 402 511 426
D10 0.0193 325 293 381 317
D10 0.0188 409 566 465 589
D10 0.0185 397 384 486 431
D10 0.0184 351 307 424 339
D10 0.0183 364 319 485 376
D10 0.0183 143 341 257 380
D10 0.0182 360 317 436 348
D10 0.0180 226 378 286 404
D10 0.0178 435 409 533 466
D10 0.0178 424 368 490 393
D10 0.0177 441 566 506 588
D10 0.0177 454 419 594 495
D10 0.0175 420 547 545 592
D10 0.0175 241 389 340 423
D10 0.0173 374 358 427 382
D10 0.0171 460 373 536 409
D10 0.0171 388 367 453 391
D10 0.0171 263 396 322 416
D10 0.0167 470 434 568 477
D10 0.0166 353 320 408 344
D10 0.0165 344 310 398 335
D10 0.0165 161 348 234 370
D10 0.0164 481 448 591 504
D10 0.0161 458 442 512 466
D10 0.0160 453 562 532 591
D10 0.0158 182 320 246 347
D10 0.0158 297 356 344 380
D10 0.0157 287 338 376 380
D10 0.0153 119 339 167 363
D10 0.0153 444 433 524 477
D10 0.0152 327 301 380 326
D10 0.0148 399 376 464 401
D10 0.0147 413 516 556 588
D10 0.0147 216 376 262 403
D10 0.0146 417 354 493 389
D10 0.0146 373 345 448 379
D10 0.0146 356 325 425 358
D10 0.0145 421 403 477 428
D10 0.0145 427 553 502 585
D10 0.0145 175 365 297 422
D10 0.0144 128 347 176 371
D10 0.0144 217 394 301 433
D10 0.0144 330 317 444 373
D10 0.0143 355 336 469 394
D10 0.0143 483 561 560 593
D10 0.0141 470 397 546 431
D10 0.0141 418 557 473 581
D10 0.0139 190 356 349 427
D10 0.0138 143 348 205 370
D10 0.0137 403 359 473 383
D10 0.0137 365 349 417 374
D10 0.0137 153 321 216 346
D10 0.0137 449 419 515 455
D10 0.0136 171 355 260 408
D10 0.0136 234 355 338 403
D10 0.0134 7 539 148 599
D10 0.0134 395 547 483 589
D10 0.0133 118 375 169 401
D10 0.0132 403 409 499 465
D10 0.0132 432 408 500 443
D10 0.0131 533 521 597 556
D10 0.0130 513 564 567 592
D10 0.0130 463 524 572 584
D10 0.0130 475 446 544 479
D10 0.0129 375 366 426 390
D10 0.0129 321 348 377 372
D10 0.0129 129 330 178 356
D10 0.0129 385 394 473 443
D10 0.0128 465 553 540 585
D10 0.0128 354 542 503 596
D10 0.0128 391 526 503 581
D10 0.0127 81 393 129 421
D10 0.0126 382 563 456 591
D10 0.0125 361 357 446 403
D10 0.0125 231 402 285 425
D10 0.0125 533 455 600 493
D10 0.0125 364 374 470 428
D10 0.0124 187 395 238 419
D10 0.0123 484 466 586 524
D10 0.0123 129 367 176 394
D10 0.0122 515 432 600 483
D10 0.0122 401 385 462 411
D10 0.0122 89 385 141 412
D10 0.0122 424 423 509 471
D10 0.0121 310 338 366 366
D10 0.0121 310 357 368 380
D10 0.0121 493 408 595 472
D10 0.0120 484 443 552 467
D10 0.0120 371 311 438 335
D10 0.0120 453 557 513 581
D10 0.0120 482 391 573 421
D10 0.0119 78 558 178 597
D10 0.0118 355 445 550 571
D10 0.0117 550 517 598 544
D10 0.0117 364 338 417 365
D10 0.0117 356 357 406 382
D10 0.0115 338 510 526 590
D10 0.0115 339 339 424 384
D10 0.0115 456 507 509 534
D10 0.0115 561 459 600 486
D10 0.0114 467 450 518 475
D10 0.0114 401 395 459 420
D10 0.0114 384 317 466 347
D10 0.0114 2 483 83 540
D10 0.0113 345 348 397 373
D10 0.0113 74 375 158 422
D10 0.0113 304 329 355 356
D10 0.0113 493 556 549 582
D10 0.0113 110 347 159 372
D10 0.0112 163 311 223 335
D10 0.0112 345 329 397 354
D10 0.0112 551 450 599 478
D10 0.0112 420 507 513 553
D10 0.0112 172 301 232 325
D10 0.0112 13 465 99 521
D10 0.0111 182 311 245 336
D10 0.0111 376 325 459 357
D10 0.0111 110 367 161 394
D10 0.0111 443 439 569 514
D10 0.0110 181 293 240 315
D10 0.0110 455 413 509 438
D10 0.0109 327 310 379 335
D10 0.0109 175 284 227 307
D10 0.0109 299 348 398 388
D10 0.0108 363 300 440 329
D10 0.0108 137 376 189 401
D10 0.0107 65 541 212 600
D10 0.0107 208 398 275 429
D10 0.0107 453 367 508 393
D10 0.0107 26 443 211 574
D10 0.0107 336 320 387 344
D10 0.0107 408 418 525 492
D10 0.0107 473 424 526 451
D10 0.0106 485 485 582 543
D10 0.0106 374 404 425 430
D10 0.0106 396 344 478 379
D10 0.0106 401 404 456 429
D10 0.0106 46 574 121 600
D10 0.0106 120 356 166 385
D10 0.0105 274 331 326 355
D10 0.0105 281 292 328 316
D10 0.0105 170 352 246 387
D10 0.0104 346 338 396 365
D10 0.0104 363 548 456 588
D10 0.0104 391 413 443 440
D10 0.0104 149 372 246 420
D10 0.0103 439 423 493 448
D10 0.0103 194 302 245 326
D10 0.0102 97 365 187 408
D10 0.0102 421 413 474 438
D10 0.0102 403 431 489 479
D10 0.0102 496 380 596 418
D10 0.0101 277 387 328 410
D10 0.0101 145 310 200 334
D10 0.0101 439 433 493 459
D10 0.0101 120 339 214 384
D10 0.0101 446 516 502 542
D10 0.0101 560 525 600 550
D10 0.0100 438 449 529 503
D10 0.0100 99 376 153 403
D10 0.0100 549 468 598 496
D10 0.0100 356 395 445 440
D20 0.0719 395 356 540 445
D20 0.0617 422 373 534 428
D20 0.0545 420 371 586 468
D20 0.0487 369 328 520 421
D20 0.0360 403 368 500 414
D20 0.0349 216 377 600 589
D20 0.0336 399 353 600 584
D20 0.0334 429 352 531 506
D20 0.0333 330 338 564 463
D20 0.0313 120 337 556 544
D20 0.0310 452 407 600 512
D20 0.0294 322 307 496 394
D20 0.0279 437 388 555 449
D20 0.0275 404 339 511 403
D20 0.0275 439 376 508 419
D20 0.0273 0 375 403 588
D20 0.0258 94 320 261 407
D20 0.0258 330 299 475 360
D20 0.0247 163 303 262 349
D20 0.0238 407 384 497 429
D20 0.0220 451 369 545 413
D20 0.0220 431 390 514 438
D20 0.0219 422 359 498 443
D20 0.0219 300 286 435 341
D20 0.0211 328 294 412 333
D20 0.0206 102 293 258 372
D20 0.0203 270 293 435 370
D20 0.0202 0 317 303 535
D20 0.0191 0 567 88 600
D20 0.0191 146 292 244 335
D20 0.0191 129 446 551 600
D20 0.0187 377 384 529 486
D20 0.0185 312 288 396 325
D20 0.0183 134 311 240 353
D20 0.0183 410 506 592 593
D20 0.0180 125 319 237 374
D20 0.0177 203 307 379 388
D20 0.0172 287 329 375 374
D20 0.0169 416 341 589 414
D20 0.0169 174 316 254 371
D20 0.0167 344 303 433 343
D20 0.0163 54 339 236 424
D20 0.0160 0 452 217 600
D20 0.0160 129 301 216 344
D20 0.0160 296 300 399 358
D20 0.0158 383 346 475 421
D20 0.0157 161 347 255 394
D20 0.0156 445 538 588 598
D20 0.0154 483 555 575 596
D20 0.0154 317 441 600 600
D20 0.0153 0 0 408 294
D20 0.0151 454 365 527 446
D20 0.0151 0 360 146 600
D20 0.0149 167 0 600 294
D20 0.0149 241 308 508 421
D20 0.0149 124 336 237 394
D20 0.0146 29 308 217 409
D20 0.0145 515 552 600 599
D20 0.0143 166 292 216 316
D20 0.0142 314 301 416 387
D20 0.0141 381 339 480 480
D20 0.0136 0 118 290 600
D20 0.0136 378 340 479 385
D20 0.0136 265 317 441 398
D20 0.0134 74 317 215 380
D20 0.0133 455 0 600 218
D20 0.0132 208 326 334 399
D20 0.0132 330 310 414 355
D20 0.0132 377 530 560 600
D20 0.0131 312 118 600 600
D20 0.0131 157 290 205 335
D20 0.0130 155 307 234 339
D20 0.0130 479 374 588 436
D20 0.0129 551 435 600 510
D20 0.0129 356 313 424 372
D20 0.0129 355 296 461 429
D20 0.0128 422 467 585 569
D20 0.0126 352 364 488 436
D20 0.0125 161 277 221 330
D20 0.0124 0 0 600 434
D20 0.0124 0 0 145 220
D20 0.0124 504 358 600 508
D20 0.0123 465 380 549 432
D20 0.0121 0 236 516 600
D20 0.0121 0 476 73 600
D20 0.0120 10 323 236 464
D20 0.0120 368 321 468 364
D20 0.0120 54 332 185 400
D20 0.0120 164 301 219 325
D20 0.0119 504 568 573 599
D20 0.0118 546 396 600 549
D20 0.0116 0 272 387 458
D20 0.0116 94 331 171 374
D20 0.0116 526 475 600 600
D20 0.0116 0 526 104 600
D20 0.0116 565 412 600 494
D20 0.0116 93 356 178 404
D20 0.0115 152 303 327 397
D20 0.0114 230 279 401 358
D20 0.0114 238 320 340 377
D20 0.0113 118 282 241 349
D20 0.0113 173 289 248 319
D20 0.0111 111 322 199 365
D20 0.0111 426 333 487 415
D20 0.0109 185 298 250 332
D20 0.0107 484 445 600 567
D20 0.0107 11 294 179 374
D20 0.0107 232 275 326 314
D20 0.0107 341 489 551 591
D20 0.0107 146 300 198 326
D20 0.0105 334 0 600 178
D20 0.0105 0 0 72 115
D20 0.0105 4 581 67 600
D20 0.0105 531 424 600 490
D20 0.0103 120 286 545 460
D20 0.0102 168 281 237 311
D20 0.0102 167 283 215 359
D20 0.0100 88 304 199 354
D40 0.0434 31 577 85 600
D40 0.0290 6 570 90 600
D40 0.0158 469 388 513 420
D40 0.0141 544 544 600 600
D40 0.0134 75 330 157 372
D40 0.0134 466 378 530 418
D40 0.0131 55 573 95 600
D40 0.0130 3 351 38 389
D40 0.0127 468 393 566 439
D40 0.0121 129 302 181 325
D40 0.0120 567 557 600 597
D40 0.0116 115 294 197 334
D40 0.0107 148 292 196 318
D40 0.0104 551 571 598 599
D40 0.0100 87 312 163 356
