D00 0.1175 246 347 271 396
D00 0.0768 239 324 278 407
D00 0.0621 175 331 207 375
D00 0.0570 158 328 214 385
D00 0.0561 240 365 276 396
D00 0.0410 171 350 208 386
D00 0.0399 238 337 267 391
D00 0.0380 244 374 285 399
D00 0.0373 223 348 282 399
D00 0.0372 186 326 212 369
D00 0.0337 150 346 207 375
D00 0.0325 551 554 599 600
D00 0.0316 242 339 299 400
D00 0.0298 0 321 78 364
D00 0.0296 196 323 290 400
D00 0.0289 230 357 273 388
D00 0.0285 538 468 600 600
D00 0.0280 252 329 277 384
D00 0.0277 242 332 274 372
D00 0.0273 117 284 286 600
D00 0.0263 161 345 218 399
D00 0.0258 136 338 207 392
D00 0.0257 152 327 200 364
D00 0.0257 569 535 600 600
D00 0.0250 127 438 160 474
D00 0.0248 144 320 218 425
D00 0.0237 507 422 598 575
D00 0.0236 166 366 213 390
D00 0.0234 176 334 233 383
D00 0.0228 226 327 275 383
D00 0.0221 0 326 48 372
D00 0.0217 152 350 259 569
D00 0.0217 187 290 358 600
D00 0.0213 146 335 191 371
D00 0.0211 246 363 293 405
D00 0.0210 527 507 586 597
D00 0.0205 525 465 583 573
D00 0.0202 0 318 29 365
D00 0.0200 250 351 288 391
D00 0.0200 192 327 222 375
D00 0.0199 114 353 224 567
D00 0.0193 166 338 258 404
D00 0.0191 0 447 42 528
D00 0.0191 474 358 600 587
D00 0.0188 141 356 200 381
D00 0.0186 0 316 55 352
D00 0.0181 499 414 599 505
D00 0.0180 56 328 201 586
D00 0.0179 126 347 193 406
D00 0.0176 212 312 290 451
D00 0.0175 451 411 568 590
D00 0.0173 118 316 207 468
D00 0.0172 138 342 178 378
D00 0.0171 543 445 596 552
D00 0.0169 0 337 39 363
D00 0.0168 178 327 295 518
D00 0.0166 108 319 196 384
D00 0.0165 116 412 159 481
D00 0.0164 150 309 241 459
D00 0.0164 32 361 146 565
D00 0.0164 0 297 37 368
D00 0.0163 555 500 600 581
D00 0.0163 0 477 42 556
D00 0.0163 368 508 408 587
D00 0.0161 0 454 27 509
D00 0.0159 168 353 248 387
D00 0.0158 482 372 600 479
D00 0.0157 520 431 584 525
D00 0.0157 116 445 175 476
D00 0.0156 156 344 193 386
D00 0.0155 247 326 281 359
D00 0.0152 223 354 329 569
D00 0.0151 145 318 187 351
D00 0.0149 0 447 84 600
D00 0.0148 247 329 382 586
D00 0.0148 107 357 167 419
D00 0.0147 481 433 569 476
D00 0.0146 548 528 589 599
D00 0.0146 174 354 208 412
D00 0.0146 244 346 283 374
D00 0.0146 124 426 150 472
D00 0.0144 82 324 258 523
D00 0.0143 0 550 65 600
D00 0.0142 0 333 28 382
D00 0.0141 154 359 198 392
D00 0.0140 0 307 103 420
D00 0.0140 65 317 203 420
D00 0.0139 128 346 163 410
D00 0.0139 231 353 274 425
D00 0.0138 2 406 53 510
D00 0.0138 347 343 412 398
D00 0.0137 184 353 212 396
D00 0.0137 124 431 165 504
D00 0.0137 173 366 306 600
D00 0.0136 229 347 272 376
D00 0.0136 122 372 149 420
D00 0.0136 354 367 407 393
D00 0.0136 252 368 280 411
D00 0.0136 0 338 87 497
D00 0.0134 138 325 178 362
D00 0.0131 492 483 595 600
D00 0.0130 0 474 28 526
D00 0.0129 376 522 401 575
D00 0.0129 532 453 600 512
D00 0.0129 364 352 430 408
D00 0.0129 0 325 36 404
D00 0.0128 443 399 562 478
D00 0.0127 98 334 183 484
D00 0.0127 0 570 41 600
D00 0.0126 247 330 296 379
D00 0.0126 369 372 409 405
D00 0.0126 0 308 125 550
D00 0.0125 358 527 401 600
D00 0.0125 0 301 27 349
D00 0.0125 499 451 584 497
D00 0.0124 337 354 405 387
D00 0.0124 376 488 416 571
D00 0.0124 460 425 550 467
D00 0.0124 166 340 224 440
D00 0.0123 184 341 277 433
D00 0.0123 154 311 193 343
D00 0.0122 0 302 74 387
D00 0.0122 469 429 576 519
D00 0.0122 436 365 580 509
D00 0.0122 95 439 164 472
D00 0.0121 405 389 468 447
D00 0.0120 124 323 174 397
D00 0.0119 507 469 590 518
D00 0.0118 99 275 221 378
D00 0.0118 425 380 538 461
D00 0.0118 200 353 462 600
D00 0.0118 534 384 600 498
D00 0.0116 0 306 81 346
D00 0.0116 186 317 345 417
D00 0.0116 196 335 266 385
D00 0.0115 109 366 146 425
D00 0.0115 527 479 600 528
D00 0.0115 0 553 27 599
D00 0.0115 31 316 154 487
D00 0.0115 13 423 68 525
D00 0.0115 7 314 105 353
D00 0.0113 232 321 327 400
D00 0.0113 503 449 569 545
D00 0.0113 411 384 536 565
D00 0.0113 0 493 28 545
D00 0.0112 512 389 594 460
D00 0.0111 368 339 479 392
D00 0.0111 114 365 167 468
D00 0.0111 245 382 287 407
D00 0.0111 313 322 488 600
D00 0.0111 0 315 62 447
D00 0.0110 227 342 304 434
D00 0.0110 104 396 150 478
D00 0.0110 0 335 64 398
D00 0.0109 77 338 190 392
D00 0.0109 6 518 53 600
D00 0.0109 131 371 156 419
D00 0.0109 11 572 89 600
D00 0.0109 15 388 69 492
D00 0.0109 408 358 514 444
D00 0.0108 116 352 187 386
D00 0.0108 487 444 555 504
D00 0.0108 193 343 221 390
D00 0.0108 0 415 31 480
D00 0.0108 128 334 168 371
D00 0.0107 97 375 155 432
D00 0.0107 14 458 68 568
D00 0.0107 421 398 487 454
D00 0.0106 351 344 389 380
D00 0.0106 180 529 223 600
D00 0.0106 384 379 449 436
D00 0.0106 151 347 201 417
D00 0.0105 112 384 158 412
D00 0.0105 440 415 528 459
D00 0.0105 411 414 463 441
D00 0.0104 365 357 394 400
D00 0.0104 389 341 494 425
D00 0.0104 124 421 184 476
D00 0.0104 370 369 458 412
D00 0.0104 329 334 394 387
D00 0.0103 6 464 34 517
D00 0.0103 131 363 185 467
D00 0.0103 97 273 154 297
D00 0.0103 553 395 600 473
D00 0.0103 568 489 600 554
D00 0.0103 387 345 573 600
D00 0.0103 388 575 448 597
D00 0.0103 0 505 48 569
D00 0.0103 573 522 598 579
D00 0.0103 63 287 133 319
D00 0.0103 157 308 206 353
D00 0.0102 55 338 158 433
D00 0.0102 479 458 592 531
D00 0.0102 499 409 578 463
D00 0.0102 568 352 600 386
D00 0.0102 304 365 407 567
D00 0.0101 543 366 600 427
D00 0.0101 0 397 176 592
D00 0.0101 538 551 581 600
D00 0.0100 78 277 149 308
D00 0.0100 257 329 312 412
D00 0.0100 408 399 445 436
D00 0.0100 69 296 187 370
D10 0.0463 206 325 271 345
D10 0.0379 515 439 596 472
D10 0.0373 176 322 287 352
D10 0.0371 178 325 244 346
D10 0.0329 501 430 578 462
D10 0.0307 230 329 279 350
D10 0.0292 0 333 69 366
D10 0.0265 509 442 573 466
D10 0.0264 149 322 205 345
D10 0.0262 534 451 594 477
D10 0.0256 525 562 600 597
D10 0.0242 173 358 291 396
D10 0.0229 416 337 492 364
D10 0.0224 492 421 571 454
D10 0.0224 450 409 592 473
D10 0.0223 530 456 599 490
D10 0.0220 0 300 136 355
D10 0.0215 487 549 596 597
D10 0.0211 68 309 143 334
D10 0.0208 171 367 224 390
D10 0.0204 0 323 96 362
D10 0.0201 546 442 598 467
D10 0.0201 370 386 427 409
D10 0.0195 492 433 557 456
D10 0.0191 1 574 61 600
D10 0.0190 13 338 84 361
D10 0.0188 143 329 201 357
D10 0.0187 483 430 588 485
D10 0.0184 141 313 193 336
D10 0.0179 363 377 417 402
D10 0.0179 202 317 260 339
D10 0.0178 132 321 189 343
D10 0.0178 456 398 581 451
D10 0.0178 0 436 60 472
D10 0.0176 551 357 599 381
D10 0.0174 195 367 272 390
D10 0.0173 541 554 593 583
D10 0.0172 549 470 600 495
D10 0.0169 67 302 129 325
D10 0.0169 149 365 204 390
D10 0.0168 0 564 48 594
D10 0.0168 93 307 206 358
D10 0.0168 0 346 48 371
D10 0.0165 127 450 177 474
D10 0.0164 507 446 579 480
D10 0.0163 510 397 600 439
D10 0.0162 389 332 482 369
D10 0.0158 405 339 468 361
D10 0.0158 510 566 580 593
D10 0.0158 239 323 290 345
D10 0.0156 0 526 43 551
D10 0.0156 534 433 593 459
D10 0.0155 245 331 302 352
D10 0.0155 371 328 447 356
D10 0.0154 0 377 47 400
D10 0.0153 0 367 77 411
D10 0.0153 470 426 563 466
D10 0.0153 38 305 170 349
D10 0.0153 356 377 443 415
D10 0.0153 7 549 120 598
D10 0.0152 176 358 238 383
D10 0.0152 235 336 277 361
D10 0.0152 481 412 565 444
D10 0.0150 60 294 148 330
D10 0.0149 5 428 71 463
D10 0.0149 0 488 42 514
D10 0.0148 415 331 474 355
D10 0.0147 0 557 76 600
D10 0.0147 236 367 322 406
D10 0.0146 1 431 93 478
D10 0.0146 183 316 241 337
D10 0.0144 3 449 52 476
D10 0.0143 428 432 483 455
D10 0.0143 25 331 91 356
D10 0.0142 551 479 600 503
D10 0.0142 251 376 306 400
D10 0.0142 529 392 599 425
D10 0.0142 133 356 190 381
D10 0.0141 481 425 548 449
D10 0.0141 0 309 65 340
D10 0.0138 429 415 544 463
D10 0.0138 0 535 43 559
D10 0.0136 462 403 544 433
D10 0.0135 440 553 569 596
D10 0.0135 523 351 600 389
D10 0.0134 504 448 594 504
D10 0.0134 104 442 157 469
D10 0.0133 548 404 598 427
D10 0.0133 418 423 474 449
D10 0.0133 493 525 590 588
D10 0.0132 0 516 42 543
D10 0.0132 407 539 600 600
D10 0.0132 0 337 93 378
D10 0.0132 504 494 573 527
D10 0.0131 543 544 591 570
D10 0.0131 4 316 157 375
D10 0.0131 0 381 55 414
D10 0.0131 505 413 600 462
D10 0.0130 165 315 217 335
D10 0.0129 362 367 415 394
D10 0.0128 116 441 196 480
D10 0.0128 543 535 591 559
D10 0.0128 166 366 263 405
D10 0.0127 426 344 502 374
D10 0.0127 527 470 600 517
D10 0.0127 362 320 437 347
D10 0.0126 4 478 53 506
D10 0.0126 0 554 45 581
D10 0.0126 168 375 215 397
D10 0.0126 21 441 76 466
D10 0.0125 253 328 331 356
D10 0.0125 344 358 398 383
D10 0.0125 1 432 43 459
D10 0.0125 123 348 180 373
D10 0.0124 72 322 192 373
D10 0.0124 21 425 117 468
D10 0.0124 369 322 507 375
D10 0.0123 0 458 40 486
D10 0.0123 521 460 580 485
D10 0.0123 362 331 419 352
D10 0.0123 45 549 158 598
D10 0.0122 214 374 275 396
D10 0.0122 441 338 514 366
D10 0.0122 31 434 86 457
D10 0.0122 5 321 71 346
D10 0.0122 541 350 596 373
D10 0.0122 0 453 60 492
D10 0.0122 247 338 300 361
D10 0.0121 0 506 41 533
D10 0.0121 442 371 590 441
D10 0.0121 1 421 131 494
D10 0.0120 0 447 87 505
D10 0.0120 284 331 342 353
D10 0.0119 0 468 41 496
D10 0.0118 493 489 548 515
D10 0.0117 0 544 44 569
D10 0.0117 96 313 155 333
D10 0.0117 77 574 158 600
D10 0.0117 559 460 600 487
D10 0.0117 380 394 436 418
D10 0.0117 210 336 271 362
D10 0.0116 411 396 519 447
D10 0.0116 221 317 311 356
D10 0.0116 446 393 521 424
D10 0.0116 0 367 46 392
D10 0.0116 103 394 149 420
D10 0.0116 4 497 52 521
D10 0.0115 384 339 496 391
D10 0.0114 131 366 186 391
D10 0.0114 0 477 71 524
D10 0.0114 120 313 176 335
D10 0.0113 0 534 174 600
D10 0.0113 345 366 400 392
D10 0.0113 485 480 538 505
D10 0.0113 527 530 594 565
D10 0.0113 412 423 498 461
D10 0.0112 243 323 358 374
D10 0.0112 90 434 148 459
D10 0.0112 457 411 532 443
D10 0.0112 179 375 241 397
D10 0.0111 438 383 511 415
D10 0.0111 213 312 279 343
D10 0.0111 429 374 502 405
D10 0.0110 53 430 129 460
D10 0.0110 148 375 202 399
D10 0.0110 516 466 585 499
D10 0.0110 120 365 213 407
D10 0.0110 515 502 583 537
D10 0.0109 437 423 490 450
D10 0.0109 85 550 198 598
D10 0.0109 50 414 154 466
D10 0.0109 304 330 361 353
D10 0.0109 0 516 72 562
D10 0.0108 395 561 501 597
D10 0.0108 518 541 590 575
D10 0.0108 476 471 529 495
D10 0.0108 436 340 591 394
D10 0.0107 81 424 137 448
D10 0.0107 554 525 596 551
D10 0.0107 30 331 120 369
D10 0.0107 352 322 408 343
D10 0.0107 339 367 428 405
D10 0.0106 274 323 373 359
D10 0.0106 416 342 535 388
D10 0.0106 454 405 514 428
D10 0.0106 388 377 443 402
D10 0.0105 513 557 577 581
D10 0.0105 478 480 565 523
D10 0.0104 132 443 189 469
D10 0.0104 42 442 96 465
D10 0.0104 446 433 500 457
D10 0.0104 0 525 92 587
D10 0.0104 494 498 549 522
D10 0.0104 74 432 168 481
D10 0.0104 179 537 228 561
D10 0.0103 0 350 64 387
D10 0.0103 491 402 572 434
D10 0.0102 512 489 566 515
D10 0.0102 87 287 194 336
D10 0.0102 552 488 599 512
D10 0.0102 498 575 570 598
D10 0.0101 345 349 395 375
D10 0.0101 456 354 597 417
D10 0.0101 403 370 491 411
D10 0.0101 423 377 539 432
D10 0.0100 93 403 142 428
D10 0.0100 42 308 119 335
D20 0.1429 148 325 261 383
D20 0.0773 145 330 215 376
D20 0.0656 166 325 278 362
D20 0.0578 165 330 214 358
D20 0.0577 99 325 294 410
D20 0.0525 166 324 231 374
D20 0.0511 158 337 209 368
D20 0.0492 126 335 230 390
D20 0.0450 524 556 600 600
D20 0.0425 74 315 237 392
D20 0.0422 176 330 241 355
D20 0.0410 183 328 278 395
D20 0.0398 137 311 238 366
D20 0.0367 17 315 269 422
D20 0.0348 553 532 600 600
D20 0.0329 150 321 215 353
D20 0.0320 0 333 389 527
D20 0.0314 192 329 269 351
D20 0.0301 110 382 540 588
D20 0.0278 153 323 372 406
D20 0.0275 0 430 40 513
D20 0.0242 438 401 600 481
D20 0.0240 211 323 307 380
D20 0.0236 140 316 235 415
D20 0.0230 150 349 254 401
D20 0.0224 81 304 216 366
D20 0.0221 193 340 594 534
D20 0.0219 473 543 600 600
D20 0.0216 73 336 228 426
D20 0.0211 181 322 216 354
D20 0.0206 54 448 465 600
D20 0.0201 154 307 316 383
D20 0.0199 222 324 275 365
D20 0.0190 174 315 208 371
D20 0.0189 117 315 206 357
D20 0.0185 290 388 600 590
D20 0.0185 472 423 595 493
D20 0.0180 0 452 221 600
D20 0.0176 236 315 279 388
D20 0.0173 403 382 578 461
D20 0.0167 501 395 600 525
D20 0.0163 59 321 330 458
D20 0.0163 374 453 600 600
D20 0.0162 0 362 148 600
D20 0.0160 0 379 83 529
D20 0.0159 0 0 408 294
D20 0.0158 0 529 44 600
D20 0.0157 7 312 202 488
D20 0.0156 482 568 592 600
D20 0.0155 167 0 600 294
D20 0.0155 0 567 78 600
D20 0.0152 0 308 145 385
D20 0.0151 216 330 345 397
D20 0.0150 31 290 235 377
D20 0.0150 153 312 195 369
D20 0.0148 0 408 43 486
D20 0.0148 4 283 161 336
D20 0.0147 213 312 393 384
D20 0.0147 239 337 316 389
D20 0.0146 521 518 594 600
D20 0.0145 198 322 241 350
D20 0.0142 0 425 65 594
D20 0.0142 509 428 589 481
D20 0.0141 425 350 600 428
D20 0.0141 312 118 600 600
D20 0.0141 66 368 299 600
D20 0.0139 0 118 290 600
D20 0.0138 232 325 323 365
D20 0.0137 453 370 600 600
D20 0.0136 0 467 35 548
D20 0.0135 383 361 551 444
D20 0.0134 551 428 600 499
D20 0.0133 572 551 600 600
D20 0.0133 0 497 42 576
D20 0.0132 0 574 41 599
D20 0.0131 196 327 265 375
D20 0.0131 337 350 422 394
D20 0.0130 344 329 507 404
D20 0.0130 203 309 294 411
D20 0.0129 0 0 600 434
D20 0.0128 236 333 294 367
D20 0.0126 124 344 278 441
D20 0.0125 182 336 254 363
D20 0.0125 52 236 600 600
D20 0.0123 0 292 96 366
D20 0.0123 546 472 600 600
D20 0.0122 0 393 171 485
D20 0.0119 0 325 174 411
D20 0.0118 0 0 145 217
D20 0.0117 121 279 239 384
D20 0.0116 438 511 600 596
D20 0.0115 464 447 600 546
D20 0.0115 425 432 594 516
D20 0.0113 0 355 171 452
D20 0.0111 339 320 475 378
D20 0.0110 0 310 28 384
D20 0.0110 405 338 547 395
D20 0.0109 381 0 600 146
D20 0.0108 96 331 189 376
D20 0.0107 74 283 203 345
D20 0.0106 0 427 151 524
D20 0.0104 318 341 405 383
D20 0.0103 378 318 600 528
D20 0.0102 243 327 443 394
D20 0.0102 0 448 27 527
D20 0.0101 0 530 139 600
D20 0.0101 0 335 44 414
D40 0.0511 549 572 598 599
D40 0.0465 164 345 209 375
D40 0.0355 516 566 600 600
D40 0.0291 569 558 599 598
D40 0.0241 229 326 270 356
D40 0.0240 0 443 30 484
D40 0.0178 570 581 600 600
D40 0.0175 218 322 261 348
D40 0.0166 2 436 37 474
D40 0.0160 0 281 384 450
D40 0.0154 537 561 584 596
D40 0.0147 90 318 377 427
D40 0.0146 239 321 274 350
D40 0.0135 0 306 31 342
D40 0.0133 0 461 30 502
D40 0.0128 581 569 600 600
D40 0.0128 530 581 593 600
D40 0.0126 0 239 503 507
D40 0.0111 0 438 56 491
D40 0.0103 194 336 266 362
