D00 0.0644 47 428 194 491
D00 0.0514 99 435 187 477
D00 0.0450 72 442 169 486
D00 0.0438 72 420 198 470
D00 0.0426 0 435 179 512
D00 0.0417 126 430 196 462
D00 0.0403 392 419 424 455
D00 0.0356 145 424 198 452
D00 0.0355 40 449 170 500
D00 0.0345 399 426 430 462
D00 0.0330 113 442 177 469
D00 0.0317 102 450 167 477
D00 0.0277 76 439 214 506
D00 0.0277 15 416 170 477
D00 0.0266 304 493 379 551
D00 0.0255 68 431 138 495
D00 0.0246 64 425 117 449
D00 0.0236 160 424 216 449
D00 0.0229 57 459 142 503
D00 0.0225 297 483 427 542
D00 0.0209 66 428 134 460
D00 0.0204 382 415 433 470
D00 0.0201 126 438 193 505
D00 0.0200 335 489 397 552
D00 0.0193 318 444 442 543
D00 0.0191 85 459 151 484
D00 0.0190 399 412 432 445
D00 0.0186 156 416 206 442
D00 0.0181 54 475 125 508
D00 0.0180 145 418 232 454
D00 0.0177 22 468 147 515
D00 0.0176 116 422 221 495
D00 0.0173 46 423 266 510
D00 0.0172 1 437 26 490
D00 0.0171 276 406 329 428
D00 0.0170 346 462 422 535
D00 0.0169 315 514 370 548
D00 0.0168 142 436 186 468
D00 0.0168 406 420 441 452
D00 0.0167 87 430 167 466
D00 0.0166 471 484 597 552
D00 0.0165 7 449 128 531
D00 0.0164 383 426 419 461
D00 0.0163 396 427 422 477
D00 0.0162 370 425 436 536
D00 0.0162 59 421 124 473
D00 0.0161 110 422 184 455
D00 0.0161 49 440 119 508
D00 0.0159 397 421 438 502
D00 0.0159 235 305 300 388
D00 0.0158 80 451 142 479
D00 0.0157 224 262 308 395
D00 0.0154 132 416 217 470
D00 0.0154 86 441 152 471
D00 0.0153 112 446 173 493
D00 0.0153 401 432 446 456
D00 0.0153 0 419 108 504
D00 0.0153 53 432 112 455
D00 0.0152 0 422 34 503
D00 0.0152 21 448 228 550
D00 0.0152 539 507 598 575
D00 0.0149 298 505 355 551
D00 0.0148 83 400 215 459
D00 0.0148 382 411 417 444
D00 0.0147 259 325 291 383
D00 0.0147 0 490 43 574
D00 0.0145 149 457 197 506
D00 0.0144 365 474 412 552
D00 0.0144 390 404 444 456
D00 0.0143 412 441 439 488
D00 0.0141 70 470 128 496
D00 0.0140 340 509 380 549
D00 0.0139 131 414 197 446
D00 0.0138 158 431 203 515
D00 0.0138 403 430 445 479
D00 0.0137 266 450 406 540
D00 0.0135 404 438 430 489
D00 0.0135 305 466 390 533
D00 0.0134 269 398 318 422
D00 0.0132 170 416 229 439
D00 0.0129 49 415 163 525
D00 0.0127 72 416 124 441
D00 0.0126 568 507 600 572
D00 0.0125 34 423 111 451
D00 0.0125 396 440 436 465
D00 0.0124 498 415 559 436
D00 0.0124 26 394 236 477
D00 0.0124 163 473 198 508
D00 0.0124 1 421 27 471
D00 0.0124 248 406 305 427
D00 0.0123 417 457 452 490
D00 0.0123 436 449 569 553
D00 0.0122 345 488 451 540
D00 0.0122 356 503 384 550
D00 0.0121 503 437 600 569
D00 0.0121 401 415 450 439
D00 0.0120 384 441 452 518
D00 0.0119 276 414 331 434
D00 0.0118 106 434 236 532
D00 0.0118 230 406 283 428
D00 0.0117 137 421 190 486
D00 0.0117 76 466 196 516
D00 0.0116 1 513 27 565
D00 0.0116 73 440 129 467
D00 0.0116 75 425 104 467
D00 0.0116 375 470 421 518
D00 0.0116 26 427 121 464
D00 0.0115 353 487 404 538
D00 0.0115 76 422 155 451
D00 0.0114 0 416 51 477
D00 0.0113 12 476 148 546
D00 0.0112 502 503 596 566
D00 0.0111 449 490 557 545
D00 0.0111 326 458 538 558
D00 0.0110 0 432 63 497
D00 0.0109 100 410 262 474
D00 0.0109 156 410 245 444
D00 0.0109 475 412 548 439
D00 0.0109 0 464 100 556
D00 0.0108 379 395 421 462
D00 0.0108 82 420 112 460
D00 0.0108 394 399 420 443
D00 0.0107 388 424 463 466
D00 0.0107 153 430 204 473
D00 0.0107 512 467 593 532
D00 0.0105 169 427 209 458
D00 0.0104 354 463 485 533
D00 0.0103 535 480 600 551
D00 0.0103 530 170 600 331
D00 0.0102 412 453 456 479
D00 0.0102 15 402 164 455
D00 0.0102 511 412 584 438
D00 0.0102 77 455 122 491
D00 0.0102 367 446 413 526
D00 0.0101 328 501 375 541
D00 0.0101 151 440 205 462
D00 0.0101 132 449 186 473
D00 0.0101 407 438 462 492
D00 0.0100 211 406 267 429
D00 0.0100 108 418 168 483
D00 0.0100 139 475 207 508
D10 0.0641 286 494 386 532
D10 0.0523 298 499 371 518
D10 0.0390 508 485 600 520
D10 0.0353 310 489 390 519
D10 0.0333 526 492 591 514
D10 0.0314 265 486 377 523
D10 0.0313 535 498 595 519
D10 0.0271 250 479 422 539
D10 0.0234 285 493 350 515
D10 0.0231 274 500 344 518
D10 0.0227 329 498 388 520
D10 0.0221 0 482 101 515
D10 0.0221 2 460 141 523
D10 0.0219 304 505 366 534
D10 0.0215 232 494 367 535
D10 0.0206 322 483 414 528
D10 0.0203 35 471 128 509
D10 0.0201 508 499 577 519
D10 0.0174 470 468 598 532
D10 0.0174 3 490 62 511
D10 0.0174 314 500 382 542
D10 0.0162 499 489 598 543
D10 0.0157 501 491 566 513
D10 0.0153 341 490 398 514
D10 0.0151 201 462 402 531
D10 0.0145 0 415 48 438
D10 0.0145 28 489 95 510
D10 0.0136 558 490 600 514
D10 0.0134 42 481 104 506
D10 0.0132 286 473 389 518
D10 0.0130 529 477 599 512
D10 0.0129 344 8 414 31
D10 0.0124 270 504 349 537
D10 0.0121 0 480 48 507
D10 0.0119 537 490 600 532
D10 0.0117 0 410 74 445
D10 0.0116 372 497 421 520
D10 0.0116 518 481 581 508
D10 0.0115 352 497 403 521
D10 0.0115 158 479 367 540
D10 0.0114 333 12 389 30
D10 0.0113 19 481 85 507
D10 0.0113 0 423 47 447
D10 0.0113 480 483 573 523
D10 0.0111 364 489 413 515
D10 0.0110 246 501 390 549
D10 0.0110 266 492 331 513
D10 0.0110 324 478 399 513
D10 0.0107 60 483 130 512
D10 0.0106 308 496 357 525
D10 0.0106 357 487 435 533
D10 0.0104 0 407 48 429
D10 0.0103 380 488 431 515
D10 0.0103 0 489 85 527
D10 0.0101 539 506 593 529
D10 0.0100 155 488 209 510
D20 0.0241 0 412 166 486
D20 0.0155 0 0 408 294
D20 0.0154 293 472 460 544
D20 0.0151 167 0 600 294
D20 0.0145 0 311 408 600
D20 0.0139 0 118 290 600
D20 0.0139 167 311 600 600
D20 0.0134 312 118 600 600
D20 0.0133 374 457 600 600
D20 0.0129 456 0 600 232
D20 0.0128 0 456 224 600
D20 0.0126 0 0 600 434
D20 0.0126 0 0 147 228
D20 0.0121 127 458 539 600
D20 0.0120 458 489 600 575
D20 0.0117 0 145 600 600
D20 0.0113 335 455 508 538
D20 0.0111 389 3 598 374
D20 0.0107 469 126 600 351
D20 0.0106 304 449 563 563
D20 0.0105 453 369 600 600
D20 0.0103 76 2 293 379
D20 0.0102 367 474 550 553
D20 0.0101 0 369 147 600
D20 0.0100 387 0 600 144
D20 0.0100 119 144 540 373
