D00 0.1007 357 530 412 590
D00 0.0829 364 540 397 589
D00 0.0598 360 533 401 572
D00 0.0526 249 333 283 368
D00 0.0495 364 546 432 589
D00 0.0484 112 506 204 600
D00 0.0479 338 535 398 594
D00 0.0425 326 561 358 593
D00 0.0415 162 502 201 592
D00 0.0410 412 534 477 595
D00 0.0376 68 543 184 598
D00 0.0371 356 555 393 591
D00 0.0367 174 502 206 573
D00 0.0363 366 561 417 590
D00 0.0361 389 537 456 596
D00 0.0336 260 327 288 372
D00 0.0336 223 336 290 367
D00 0.0335 406 556 443 593
D00 0.0334 352 528 392 559
D00 0.0334 153 497 209 559
D00 0.0334 251 319 296 367
D00 0.0333 116 525 162 600
D00 0.0333 330 554 375 595
D00 0.0326 170 520 196 577
D00 0.0323 241 326 277 363
D00 0.0321 345 503 424 600
D00 0.0317 346 547 383 587
D00 0.0306 254 310 279 363
D00 0.0300 172 508 207 546
D00 0.0289 385 562 440 591
D00 0.0279 321 572 366 597
D00 0.0274 332 520 398 574
D00 0.0272 378 548 412 593
D00 0.0267 246 298 286 375
D00 0.0265 235 329 296 382
D00 0.0264 348 530 378 577
D00 0.0253 46 514 171 599
D00 0.0243 351 525 430 571
D00 0.0240 406 404 460 428
D00 0.0240 421 383 470 429
D00 0.0236 240 346 291 370
D00 0.0234 338 545 364 592
D00 0.0231 554 530 596 591
D00 0.0230 435 541 488 590
D00 0.0227 178 529 202 584
D00 0.0222 304 564 369 592
D00 0.0217 420 549 449 596
D00 0.0211 168 500 227 553
D00 0.0208 140 523 197 595
D00 0.0206 140 503 233 594
D00 0.0204 424 556 465 593
D00 0.0204 397 571 448 596
D00 0.0200 265 323 302 362
D00 0.0199 186 505 213 549
D00 0.0199 389 549 425 593
D00 0.0195 168 541 194 593
D00 0.0194 394 379 457 432
D00 0.0192 255 339 307 364
D00 0.0189 428 394 479 422
D00 0.0187 92 553 150 599
D00 0.0187 323 533 364 600
D00 0.0187 334 519 389 543
D00 0.0187 123 540 150 598
D00 0.0186 63 565 164 600
D00 0.0186 316 526 392 552
D00 0.0184 528 521 588 593
D00 0.0179 372 507 462 600
D00 0.0178 176 512 219 561
D00 0.0173 257 302 311 365
D00 0.0172 544 514 600 575
D00 0.0168 571 533 598 587
D00 0.0167 13 576 71 598
D00 0.0166 319 552 351 600
D00 0.0166 307 519 379 541
D00 0.0165 322 556 368 582
D00 0.0165 409 392 496 434
D00 0.0164 238 500 316 529
D00 0.0163 376 531 474 579
D00 0.0162 336 572 388 595
D00 0.0161 124 502 172 591
D00 0.0161 442 557 482 592
D00 0.0161 427 538 468 579
D00 0.0160 1 532 62 598
D00 0.0160 80 574 144 598
D00 0.0156 246 301 269 356
D00 0.0155 173 512 243 542
D00 0.0154 244 335 274 377
D00 0.0151 372 556 402 598
D00 0.0148 380 465 414 502
D00 0.0147 160 532 214 597
D00 0.0146 409 552 460 583
D00 0.0146 431 390 459 434
D00 0.0146 336 538 372 579
D00 0.0145 406 567 475 599
D00 0.0145 508 499 600 582
D00 0.0145 348 514 376 555
D00 0.0144 159 512 191 567
D00 0.0144 285 396 337 418
D00 0.0143 574 381 599 433
D00 0.0143 248 335 285 395
D00 0.0143 187 520 212 574
D00 0.0142 420 392 450 433
D00 0.0142 340 515 423 559
D00 0.0142 168 525 208 549
D00 0.0141 39 571 120 600
D00 0.0141 10 207 49 272
D00 0.0141 306 549 390 592
D00 0.0139 130 535 179 600
D00 0.0138 413 535 442 588
D00 0.0138 395 540 438 580
D00 0.0137 276 313 311 351
D00 0.0137 247 343 316 374
D00 0.0137 128 500 197 566
D00 0.0136 377 360 472 436
D00 0.0135 330 535 384 558
D00 0.0135 270 305 305 342
D00 0.0133 247 505 289 535
D00 0.0132 400 395 466 444
D00 0.0132 73 527 138 600
D00 0.0132 358 518 398 550
D00 0.0132 159 532 190 587
D00 0.0131 30 576 94 598
D00 0.0131 557 515 596 545
D00 0.0131 540 544 582 596
D00 0.0131 514 569 593 598
D00 0.0130 411 386 441 429
D00 0.0130 143 519 200 557
D00 0.0129 0 523 28 572
D00 0.0129 420 527 458 588
D00 0.0129 92 502 160 595
D00 0.0128 215 339 284 396
D00 0.0127 245 319 288 348
D00 0.0127 263 302 290 354
D00 0.0126 6 482 98 520
D00 0.0126 443 560 518 592
D00 0.0126 247 489 325 538
D00 0.0126 132 523 159 584
D00 0.0125 218 306 280 366
D00 0.0124 544 494 600 546
D00 0.0124 0 556 88 598
D00 0.0124 337 498 402 554
D00 0.0123 232 349 302 405
D00 0.0122 313 498 397 589
D00 0.0121 433 400 512 429
D00 0.0120 300 573 354 597
D00 0.0120 320 510 381 534
D00 0.0119 225 453 275 495
D00 0.0119 228 342 271 372
D00 0.0118 438 395 503 420
D00 0.0118 231 317 270 368
D00 0.0118 70 506 186 569
D00 0.0118 160 534 197 560
D00 0.0118 195 369 289 409
D00 0.0118 0 222 113 365
D00 0.0117 329 535 356 584
D00 0.0117 9 300 57 386
D00 0.0117 11 524 49 590
D00 0.0115 380 534 429 570
D00 0.0115 471 405 528 426
D00 0.0114 262 503 326 526
D00 0.0114 126 546 165 590
D00 0.0114 371 526 419 560
D00 0.0113 106 455 220 592
D00 0.0113 20 217 60 279
D00 0.0112 13 238 63 294
D00 0.0112 251 306 282 344
D00 0.0111 255 350 294 385
D00 0.0109 226 502 290 525
D00 0.0109 234 295 304 390
D00 0.0109 407 408 479 438
D00 0.0108 1 475 68 527
D00 0.0108 422 526 476 567
D00 0.0108 196 504 240 535
D00 0.0108 277 387 327 423
D00 0.0107 21 496 99 524
D00 0.0107 339 522 368 562
D00 0.0106 566 521 600 555
D00 0.0106 305 391 339 421
D00 0.0106 368 488 431 576
D00 0.0105 4 288 65 358
D00 0.0105 152 522 226 575
D00 0.0105 296 383 330 416
D00 0.0104 52 547 128 599
D00 0.0103 0 531 32 596
D00 0.0103 428 568 497 599
D00 0.0102 414 384 460 414
D00 0.0102 218 337 260 367
D00 0.0102 3 570 42 600
D00 0.0102 368 451 429 506
D00 0.0102 309 360 363 382
D00 0.0101 196 381 268 413
D00 0.0101 274 333 312 367
D00 0.0101 43 448 98 488
D00 0.0100 270 500 354 529
D00 0.0100 13 560 50 594
D00 0.0100 367 509 407 571
D00 0.0100 400 366 436 430
D00 0.0100 166 452 216 495
D10 0.0408 146 498 227 534
D10 0.0357 2 279 65 312
D10 0.0344 220 340 280 364
D10 0.0295 355 529 406 551
D10 0.0272 154 494 212 516
D10 0.0253 193 335 297 370
D10 0.0250 208 348 274 368
D10 0.0249 550 518 598 540
D10 0.0244 167 500 246 528
D10 0.0233 7 274 57 299
D10 0.0229 123 500 203 527
D10 0.0228 7 236 54 262
D10 0.0224 437 527 516 554
D10 0.0212 127 479 238 520
D10 0.0206 253 387 317 411
D10 0.0201 100 492 228 549
D10 0.0201 365 535 423 563
D10 0.0197 528 512 600 550
D10 0.0194 263 396 323 418
D10 0.0190 5 576 62 598
D10 0.0186 8 290 58 317
D10 0.0185 324 528 386 548
D10 0.0185 550 526 597 547
D10 0.0183 227 379 328 415
D10 0.0179 13 243 61 270
D10 0.0178 541 510 596 533
D10 0.0176 345 520 397 542
D10 0.0175 371 543 433 574
D10 0.0173 229 374 308 404
D10 0.0173 64 474 222 523
D10 0.0171 0 565 49 591
D10 0.0170 444 536 508 557
D10 0.0165 0 283 42 306
D10 0.0165 513 503 600 539
D10 0.0160 359 520 418 541
D10 0.0158 144 321 194 343
D10 0.0155 374 516 493 569
D10 0.0152 528 419 600 447
D10 0.0151 0 568 81 600
D10 0.0149 169 491 246 517
D10 0.0148 363 394 442 426
D10 0.0143 30 572 114 600
D10 0.0142 13 491 71 513
D10 0.0142 196 499 283 528
D10 0.0140 110 489 211 524
D10 0.0137 8 226 52 254
D10 0.0137 136 329 187 354
D10 0.0136 1 280 76 333
D10 0.0135 227 386 290 409
D10 0.0134 23 557 125 596
D10 0.0132 8 251 54 278
D10 0.0132 57 455 221 506
D10 0.0131 347 515 434 559
D10 0.0129 0 483 90 521
D10 0.0128 331 494 440 540
D10 0.0126 146 313 193 336
D10 0.0126 247 368 304 391
D10 0.0125 550 499 598 523
D10 0.0125 477 512 594 564
D10 0.0123 220 378 279 402
D10 0.0123 142 349 199 373
D10 0.0123 149 534 193 561
D10 0.0122 134 529 196 568
D10 0.0121 135 339 189 365
D10 0.0121 411 516 543 564
D10 0.0121 451 564 511 590
D10 0.0120 241 356 292 381
D10 0.0120 150 525 197 551
D10 0.0120 222 358 314 400
D10 0.0119 241 276 290 296
D10 0.0118 421 516 509 551
D10 0.0117 13 499 71 522
D10 0.0117 8 262 55 290
D10 0.0116 521 522 600 564
D10 0.0116 550 534 594 561
D10 0.0116 366 517 445 545
D10 0.0116 369 488 429 508
D10 0.0115 176 485 284 521
D10 0.0115 144 514 197 541
D10 0.0114 438 540 510 575
D10 0.0114 456 523 567 556
D10 0.0113 204 382 278 413
D10 0.0113 5 480 61 503
D10 0.0113 128 494 192 515
D10 0.0113 229 391 309 420
D10 0.0113 15 565 68 592
D10 0.0112 372 528 437 551
D10 0.0112 441 553 497 582
D10 0.0112 213 331 272 358
D10 0.0112 549 489 598 511
D10 0.0111 463 562 542 593
D10 0.0110 30 474 175 510
D10 0.0109 0 490 50 513
D10 0.0109 492 562 577 593
D10 0.0107 359 406 430 427
D10 0.0107 202 347 296 390
D10 0.0107 466 528 532 549
D10 0.0106 161 347 243 374
D10 0.0105 62 493 192 536
D10 0.0105 13 268 73 306
D10 0.0105 0 554 46 581
D10 0.0104 263 378 321 402
D10 0.0104 437 489 600 541
D10 0.0103 446 529 548 567
D10 0.0103 498 473 599 517
D10 0.0102 20 515 101 543
D10 0.0102 211 356 269 380
D10 0.0101 159 543 196 571
D10 0.0100 4 519 57 542
D10 0.0100 351 489 409 509
D10 0.0100 5 469 62 493
D10 0.0100 3 299 50 328
D20 0.1047 335 524 491 599
D20 0.0808 359 541 441 592
D20 0.0703 290 499 570 600
D20 0.0571 267 520 445 592
D20 0.0538 162 493 483 592
D20 0.0516 326 527 430 589
D20 0.0506 34 514 209 600
D20 0.0479 408 524 600 592
D20 0.0466 147 467 355 527
D20 0.0454 540 535 599 598
D20 0.0445 128 450 502 574
D20 0.0440 134 485 336 542
D20 0.0438 223 487 432 551
D20 0.0417 333 550 413 593
D20 0.0413 371 539 527 596
D20 0.0404 55 494 366 598
D20 0.0390 99 505 241 600
D20 0.0387 0 206 83 377
D20 0.0382 375 552 464 596
D20 0.0376 284 469 503 572
D20 0.0374 251 506 357 538
D20 0.0368 197 495 346 535
D20 0.0359 149 494 278 537
D20 0.0344 221 472 400 527
D20 0.0340 247 508 419 562
D20 0.0340 0 407 429 578
D20 0.0335 194 447 387 515
D20 0.0321 0 190 67 319
D20 0.0308 44 544 172 597
D20 0.0307 320 481 452 591
D20 0.0304 4 450 161 502
D20 0.0302 113 470 390 559
D20 0.0302 474 547 598 593
D20 0.0293 269 447 458 519
D20 0.0287 0 219 48 293
D20 0.0284 120 496 278 577
D20 0.0281 152 477 282 522
D20 0.0279 201 333 295 370
D20 0.0275 278 512 390 543
D20 0.0269 5 519 147 595
D20 0.0265 337 512 440 571
D20 0.0263 504 529 597 586
D20 0.0259 160 453 318 511
D20 0.0258 427 535 507 581
D20 0.0257 146 503 214 553
D20 0.0257 223 456 317 495
D20 0.0257 368 565 441 597
D20 0.0253 24 454 120 492
D20 0.0252 119 492 246 548
D20 0.0250 138 418 448 531
D20 0.0240 165 427 346 501
D20 0.0235 334 442 514 516
D20 0.0232 10 465 263 585
D20 0.0225 18 437 142 488
D20 0.0218 389 394 475 433
D20 0.0218 3 236 60 347
D20 0.0217 15 254 72 369
D20 0.0215 353 471 449 507
D20 0.0214 517 563 600 600
D20 0.0207 176 506 259 536
D20 0.0207 0 188 46 270
D20 0.0206 298 423 475 497
D20 0.0201 362 389 454 429
D20 0.0196 307 523 400 560
D20 0.0193 279 495 417 540
D20 0.0191 305 382 476 451
D20 0.0189 270 401 600 577
D20 0.0188 13 225 64 307
D20 0.0188 148 502 311 554
D20 0.0184 205 506 292 535
D20 0.0184 219 511 370 549
D20 0.0184 372 478 426 505
D20 0.0183 420 552 504 596
D20 0.0182 0 452 81 493
D20 0.0182 226 469 316 524
D20 0.0181 60 489 226 572
D20 0.0181 159 525 412 600
D20 0.0176 390 387 519 444
D20 0.0175 0 145 135 399
D20 0.0175 312 470 455 526
D20 0.0173 425 387 518 426
D20 0.0172 125 369 541 595
D20 0.0172 118 360 470 509
D20 0.0171 124 311 313 378
D20 0.0169 0 225 73 274
D20 0.0168 133 512 204 568
D20 0.0168 425 443 600 512
D20 0.0167 15 199 64 277
D20 0.0165 15 430 217 495
D20 0.0165 239 458 376 504
D20 0.0165 335 463 421 503
D20 0.0164 0 274 67 396
D20 0.0164 0 411 115 503
D20 0.0164 366 457 549 580
D20 0.0163 136 321 186 344
D20 0.0162 376 514 531 575
D20 0.0160 239 388 332 423
D20 0.0160 562 512 600 592
D20 0.0160 59 458 137 490
D20 0.0158 355 417 528 493
D20 0.0157 342 370 472 433
D20 0.0156 250 401 468 553
D20 0.0156 42 460 100 488
D20 0.0156 491 491 600 590
D20 0.0155 295 511 369 535
D20 0.0155 0 544 110 596
D20 0.0151 0 522 50 589
D20 0.0151 0 0 408 294
D20 0.0151 223 321 315 373
D20 0.0150 336 490 470 551
D20 0.0150 48 458 193 498
D20 0.0150 281 404 465 472
D20 0.0148 167 0 600 294
D20 0.0148 273 302 313 328
D20 0.0148 316 563 396 600
D20 0.0147 433 510 600 569
D20 0.0146 440 557 541 595
D20 0.0146 119 331 202 372
D20 0.0145 38 451 235 513
D20 0.0144 233 276 281 297
D20 0.0141 342 397 506 470
D20 0.0139 24 469 221 534
D20 0.0139 381 465 473 504
D20 0.0137 423 483 600 550
D20 0.0135 0 118 290 600
D20 0.0135 0 434 53 490
D20 0.0131 0 243 40 323
D20 0.0131 0 413 182 600
D20 0.0131 138 312 184 336
D20 0.0131 196 307 346 382
D20 0.0131 149 483 219 532
D20 0.0130 191 460 291 499
D20 0.0130 416 412 600 600
D20 0.0130 129 326 192 358
D20 0.0130 149 453 234 495
D20 0.0129 1 469 137 578
D20 0.0129 312 118 600 600
D20 0.0129 210 331 330 391
D20 0.0129 310 344 469 419
D20 0.0129 214 438 327 487
D20 0.0128 3 246 110 427
D20 0.0128 376 399 446 443
D20 0.0128 0 517 31 578
D20 0.0128 425 418 526 453
D20 0.0126 231 434 386 490
D20 0.0126 26 562 149 600
D20 0.0123 364 469 414 499
D20 0.0123 189 403 354 481
D20 0.0123 412 387 600 446
D20 0.0123 2 464 140 518
D20 0.0122 0 0 600 434
D20 0.0122 146 472 238 589
D20 0.0122 2 257 167 375
D20 0.0121 279 546 401 594
D20 0.0121 0 301 47 384
D20 0.0120 391 365 546 434
D20 0.0120 143 335 294 388
D20 0.0120 0 236 516 600
D20 0.0120 460 468 600 522
D20 0.0120 165 499 250 560
D20 0.0119 445 527 542 586
D20 0.0118 353 479 408 504
D20 0.0118 0 0 144 222
D20 0.0118 194 377 289 415
D20 0.0118 124 539 217 600
D20 0.0118 0 326 400 530
D20 0.0118 0 230 46 266
D20 0.0117 381 463 586 527
D20 0.0117 234 283 281 305
D20 0.0115 454 562 581 600
D20 0.0115 173 341 335 414
D20 0.0114 236 294 304 369
D20 0.0114 208 384 435 484
D20 0.0114 401 421 592 490
D20 0.0113 21 460 81 487
D20 0.0113 139 307 199 360
D20 0.0113 363 463 475 541
D20 0.0113 156 324 280 370
D20 0.0112 22 243 75 327
D20 0.0112 267 305 317 339
D20 0.0111 288 522 381 582
D20 0.0111 353 484 428 510
D20 0.0111 506 473 600 511
D20 0.0110 354 418 452 546
D20 0.0110 400 406 544 461
D20 0.0110 137 442 269 530
D20 0.0108 407 512 505 600
D20 0.0108 454 0 600 213
D20 0.0108 577 533 600 598
D20 0.0107 193 358 350 436
D20 0.0106 208 331 580 532
D20 0.0106 401 381 450 443
D20 0.0105 446 400 577 440
D20 0.0105 370 413 477 459
D20 0.0104 0 529 41 564
D20 0.0104 348 456 424 563
D20 0.0104 55 356 308 600
D20 0.0103 131 342 234 379
D20 0.0103 4 407 190 477
D20 0.0103 34 420 309 535
D20 0.0101 260 364 453 434
D20 0.0101 0 526 82 573
D20 0.0100 0 278 68 336
D20 0.0100 206 312 288 360
D40 0.1259 108 564 191 600
D40 0.0854 113 573 169 598
D40 0.0745 154 502 211 525
D40 0.0657 139 572 189 598
D40 0.0554 144 552 192 598
D40 0.0513 148 500 218 540
D40 0.0448 389 405 446 428
D40 0.0427 425 531 502 573
D40 0.0427 548 561 595 592
D40 0.0409 90 542 191 598
D40 0.0393 169 507 224 533
D40 0.0389 530 551 600 596
D40 0.0377 433 536 491 561
D40 0.0370 115 553 165 599
D40 0.0342 269 517 341 538
D40 0.0328 566 556 600 595
D40 0.0316 373 397 460 432
D40 0.0312 238 505 340 537
D40 0.0303 559 573 600 599
D40 0.0302 121 562 150 599
D40 0.0301 254 510 320 534
D40 0.0299 260 511 368 540
D40 0.0298 134 530 208 600
D40 0.0295 162 557 195 595
D40 0.0276 227 460 323 497
D40 0.0273 134 563 172 599
D40 0.0272 539 549 583 587
D40 0.0245 433 530 494 552
D40 0.0240 159 513 204 541
D40 0.0236 75 564 165 600
D40 0.0235 513 536 597 585
D40 0.0233 237 468 296 493
D40 0.0230 4 230 42 267
D40 0.0229 434 538 476 578
D40 0.0220 195 343 252 365
D40 0.0220 147 502 191 535
D40 0.0220 295 518 372 539
D40 0.0210 174 501 206 541
D40 0.0205 364 571 418 595
D40 0.0204 396 412 452 434
D40 0.0204 554 539 595 580
D40 0.0190 512 409 600 442
D40 0.0189 216 506 301 535
D40 0.0188 426 377 502 420
D40 0.0181 447 425 533 459
D40 0.0179 0 521 31 557
D40 0.0178 184 508 251 534
D40 0.0177 536 415 598 438
D40 0.0175 65 456 168 491
D40 0.0173 325 360 378 383
D40 0.0173 280 507 327 536
D40 0.0172 472 433 527 457
D40 0.0172 382 397 439 424
D40 0.0170 178 337 277 370
D40 0.0170 247 516 308 539
D40 0.0169 533 573 593 596
D40 0.0165 237 456 276 493
D40 0.0163 390 377 487 429
D40 0.0160 430 385 478 413
D40 0.0159 10 237 50 276
D40 0.0155 526 564 586 590
D40 0.0154 216 464 285 496
D40 0.0151 100 568 144 599
D40 0.0151 347 571 398 595
D40 0.0150 426 372 481 407
D40 0.0148 356 405 448 441
D40 0.0146 534 423 598 445
D40 0.0145 34 545 127 591
D40 0.0144 184 349 242 370
D40 0.0144 156 538 193 578
D40 0.0144 264 469 321 494
D40 0.0143 402 395 432 433
D40 0.0140 75 461 138 487
D40 0.0140 315 359 392 394
D40 0.0138 158 492 205 520
D40 0.0137 319 366 369 389
D40 0.0137 569 407 600 442
D40 0.0136 464 425 520 450
D40 0.0135 273 309 313 335
D40 0.0133 2 528 38 566
D40 0.0131 139 509 202 547
D40 0.0129 365 362 514 435
D40 0.0128 254 461 311 490
D40 0.0126 532 540 576 579
D40 0.0126 531 532 594 568
D40 0.0125 446 539 493 575
D40 0.0124 569 582 600 600
D40 0.0124 419 359 475 423
D40 0.0123 300 507 345 537
D40 0.0120 0 519 60 562
D40 0.0119 16 175 71 273
D40 0.0119 293 523 378 548
D40 0.0118 576 567 600 600
D40 0.0118 142 474 216 530
D40 0.0117 370 413 435 435
D40 0.0116 187 499 228 529
D40 0.0115 4 245 43 285
D40 0.0114 0 518 45 543
D40 0.0114 263 463 360 499
D40 0.0113 4 527 55 551
D40 0.0112 131 548 179 589
D40 0.0111 1 232 30 282
D40 0.0110 0 221 34 259
D40 0.0109 160 574 212 597
D40 0.0109 466 416 550 454
D40 0.0108 0 456 58 490
D40 0.0107 198 513 281 539
D40 0.0106 152 581 202 600
D40 0.0105 375 356 468 415
D40 0.0104 509 416 572 438
D40 0.0102 20 231 59 267
D40 0.0102 130 312 178 337
D40 0.0101 91 581 151 600
D40 0.0100 11 221 49 260
