D00 0.1246 154 441 238 540
D00 0.1065 180 456 223 508
D00 0.0911 159 500 186 551
D00 0.0890 153 481 194 556
D00 0.0816 147 468 214 550
D00 0.0668 176 471 213 511
D00 0.0652 184 436 240 503
D00 0.0620 167 491 194 548
D00 0.0603 107 431 251 518
D00 0.0508 163 454 214 528
D00 0.0484 107 446 222 555
D00 0.0445 187 460 230 489
D00 0.0420 170 472 208 547
D00 0.0397 146 512 184 549
D00 0.0394 196 442 226 496
D00 0.0390 401 471 448 553
D00 0.0385 188 468 238 497
D00 0.0375 167 436 273 520
D00 0.0358 376 450 470 542
D00 0.0356 392 469 438 517
D00 0.0335 167 482 203 518
D00 0.0330 146 451 229 505
D00 0.0315 129 499 189 555
D00 0.0307 39 437 275 547
D00 0.0302 402 476 431 524
D00 0.0301 140 457 286 551
D00 0.0285 174 464 256 509
D00 0.0278 384 479 433 508
D00 0.0270 163 482 254 543
D00 0.0268 394 483 441 536
D00 0.0263 539 220 599 353
D00 0.0260 197 439 251 490
D00 0.0259 390 444 519 550
D00 0.0256 90 450 217 504
D00 0.0252 138 420 249 487
D00 0.0247 544 285 587 371
D00 0.0245 391 483 483 546
D00 0.0243 415 488 454 555
D00 0.0237 95 466 211 526
D00 0.0235 558 216 596 314
D00 0.0231 153 507 205 550
D00 0.0230 190 448 233 480
D00 0.0220 376 477 452 524
D00 0.0220 399 450 448 523
D00 0.0218 200 436 238 475
D00 0.0215 96 484 203 546
D00 0.0215 440 505 468 555
D00 0.0215 555 254 594 343
D00 0.0210 411 493 441 547
D00 0.0205 120 491 230 559
D00 0.0202 386 439 433 520
D00 0.0202 154 488 202 509
D00 0.0199 430 485 476 568
D00 0.0198 394 462 424 510
D00 0.0197 134 523 181 553
D00 0.0196 184 463 230 552
D00 0.0194 155 495 195 521
D00 0.0193 399 487 446 513
D00 0.0190 161 503 197 537
D00 0.0186 388 450 489 510
D00 0.0181 412 458 494 537
D00 0.0180 328 440 485 529
D00 0.0177 39 429 226 501
D00 0.0177 161 479 191 530
D00 0.0176 195 456 235 511
D00 0.0175 163 515 194 553
D00 0.0173 66 477 259 574
D00 0.0170 110 436 367 548
D00 0.0167 169 460 203 510
D00 0.0165 430 497 459 551
D00 0.0165 176 499 203 550
D00 0.0162 165 447 229 485
D00 0.0161 367 461 445 511
D00 0.0154 516 243 595 384
D00 0.0154 194 432 231 463
D00 0.0153 162 426 242 472
D00 0.0150 64 436 197 486
D00 0.0149 319 420 385 469
D00 0.0147 1 459 28 507
D00 0.0146 353 427 456 514
D00 0.0146 151 490 183 542
D00 0.0145 210 447 242 496
D00 0.0144 103 426 187 468
D00 0.0144 562 276 588 333
D00 0.0143 168 422 225 504
D00 0.0143 566 89 598 155
D00 0.0142 0 488 44 570
D00 0.0142 528 255 582 356
D00 0.0141 553 64 598 138
D00 0.0140 394 496 441 520
D00 0.0140 330 437 370 468
D00 0.0140 77 418 224 478
D00 0.0139 554 493 600 574
D00 0.0139 422 513 465 548
D00 0.0139 534 156 600 326
D00 0.0138 264 506 288 547
D00 0.0138 85 435 168 477
D00 0.0137 193 471 222 520
D00 0.0137 68 451 194 538
D00 0.0136 195 458 261 546
D00 0.0135 186 425 235 448
D00 0.0134 186 421 265 487
D00 0.0134 207 433 248 462
D00 0.0133 404 465 443 505
D00 0.0131 0 457 62 491
D00 0.0131 149 473 259 600
D00 0.0130 405 500 462 541
D00 0.0130 136 506 185 536
D00 0.0130 119 432 208 478
D00 0.0129 399 475 463 511
D00 0.0129 0 462 90 562
D00 0.0128 371 434 472 490
D00 0.0128 349 459 432 530
D00 0.0128 162 460 218 487
D00 0.0128 1 512 27 564
D00 0.0127 324 430 361 463
D00 0.0127 168 421 232 452
D00 0.0126 125 434 202 513
D00 0.0126 555 285 580 339
D00 0.0125 558 191 597 267
D00 0.0125 185 437 225 475
D00 0.0125 10 447 158 507
D00 0.0124 420 479 574 549
D00 0.0124 340 429 380 463
D00 0.0124 0 468 31 533
D00 0.0123 552 293 593 348
D00 0.0123 334 427 401 479
D00 0.0122 2 391 25 443
D00 0.0121 333 433 439 488
D00 0.0121 432 523 475 555
D00 0.0120 413 483 453 521
D00 0.0120 185 480 213 536
D00 0.0119 97 498 240 600
D00 0.0119 376 503 471 554
D00 0.0119 138 415 223 456
D00 0.0119 441 499 500 561
D00 0.0117 256 488 295 554
D00 0.0116 90 447 311 600
D00 0.0116 175 404 222 429
D00 0.0116 0 461 50 521
D00 0.0115 76 450 158 494
D00 0.0115 414 505 489 557
D00 0.0115 195 450 271 504
D00 0.0115 357 442 424 508
D00 0.0113 140 471 200 515
D00 0.0113 178 444 211 498
D00 0.0113 128 428 198 461
D00 0.0112 0 438 94 523
D00 0.0112 565 227 590 288
D00 0.0111 499 454 600 537
D00 0.0110 174 412 224 438
D00 0.0110 214 443 258 482
D00 0.0110 340 486 448 539
D00 0.0110 11 418 192 532
D00 0.0109 0 438 36 510
D00 0.0109 394 494 517 560
D00 0.0108 448 513 476 558
D00 0.0108 306 415 434 509
D00 0.0108 109 446 182 480
D00 0.0107 104 401 283 498
D00 0.0107 54 497 197 562
D00 0.0107 253 516 295 545
D00 0.0107 1 480 60 544
D00 0.0106 0 469 178 557
D00 0.0106 0 469 35 496
D00 0.0105 405 514 451 546
D00 0.0105 375 469 427 500
D00 0.0104 74 447 139 480
D00 0.0104 420 506 465 534
D00 0.0104 573 512 599 564
D00 0.0104 8 495 68 564
D00 0.0104 336 420 399 455
D00 0.0103 565 207 590 257
D00 0.0103 561 286 600 367
D00 0.0103 22 437 146 485
D00 0.0103 349 437 389 470
D00 0.0102 106 441 166 468
D00 0.0102 331 400 389 460
D00 0.0102 148 486 190 517
D00 0.0101 398 456 435 495
D00 0.0101 528 56 600 156
D00 0.0101 182 486 228 509
D00 0.0100 331 418 435 468
D10 0.0513 207 436 264 456
D10 0.0388 200 440 254 467
D10 0.0379 324 442 380 466
D10 0.0343 194 431 277 466
D10 0.0297 371 488 433 510
D10 0.0297 309 434 398 470
D10 0.0281 471 484 576 517
D10 0.0274 356 479 445 517
D10 0.0269 318 435 372 460
D10 0.0262 195 448 241 481
D10 0.0259 188 434 239 454
D10 0.0234 215 433 289 459
D10 0.0221 487 491 558 510
D10 0.0217 223 441 282 463
D10 0.0216 195 460 250 487
D10 0.0205 452 474 557 512
D10 0.0202 417 441 493 470
D10 0.0201 184 437 244 473
D10 0.0197 489 472 595 511
D10 0.0189 122 472 216 516
D10 0.0187 434 463 596 527
D10 0.0186 193 469 252 496
D10 0.0186 203 427 254 451
D10 0.0185 507 485 589 513
D10 0.0183 142 490 198 509
D10 0.0170 341 433 394 459
D10 0.0169 333 449 388 472
D10 0.0168 363 481 425 506
D10 0.0160 292 492 353 511
D10 0.0159 478 482 546 505
D10 0.0155 298 443 357 465
D10 0.0154 139 481 201 505
D10 0.0154 456 487 532 515
D10 0.0154 410 449 485 480
D10 0.0150 401 450 512 508
D10 0.0149 275 485 375 520
D10 0.0145 350 442 404 466
D10 0.0144 220 426 269 451
D10 0.0144 428 453 567 505
D10 0.0143 353 491 415 510
D10 0.0141 528 295 600 348
D10 0.0139 545 308 586 333
D10 0.0138 387 436 491 489
D10 0.0137 324 441 415 483
D10 0.0135 175 467 271 508
D10 0.0133 383 496 437 519
D10 0.0129 0 453 47 477
D10 0.0127 402 435 555 496
D10 0.0126 151 469 210 498
D10 0.0126 442 444 499 466
D10 0.0125 433 451 493 476
D10 0.0125 110 487 193 513
D10 0.0122 407 488 456 513
D10 0.0122 280 428 384 465
D10 0.0121 0 461 46 487
D10 0.0119 400 469 448 498
D10 0.0119 408 444 469 466
D10 0.0118 406 479 457 505
D10 0.0117 538 488 593 510
D10 0.0116 355 494 432 522
D10 0.0115 215 449 271 476
D10 0.0114 293 498 353 519
D10 0.0114 399 428 494 466
D10 0.0114 172 450 224 477
D10 0.0110 351 450 406 474
D10 0.0109 493 490 586 530
D10 0.0109 312 492 372 510
D10 0.0109 528 479 588 505
D10 0.0108 327 424 376 451
D10 0.0107 333 425 419 468
D10 0.0106 211 436 317 472
D10 0.0106 424 444 515 485
D10 0.0104 454 481 512 504
D10 0.0104 484 495 560 523
D10 0.0103 430 471 518 514
D10 0.0102 557 301 590 340
D10 0.0101 425 435 483 458
D20 0.0448 153 436 293 520
D20 0.0352 171 434 271 494
D20 0.0253 16 424 257 533
D20 0.0227 364 465 514 554
D20 0.0226 418 456 600 536
D20 0.0202 310 452 476 536
D20 0.0192 200 434 253 480
D20 0.0190 149 460 303 549
D20 0.0189 126 423 415 529
D20 0.0184 38 468 215 556
D20 0.0159 349 442 589 559
D20 0.0157 118 455 541 600
D20 0.0153 0 0 408 294
D20 0.0148 167 0 600 294
D20 0.0148 163 418 326 490
D20 0.0147 42 412 483 562
D20 0.0146 454 0 600 224
D20 0.0141 0 311 408 600
D20 0.0140 0 455 227 600
D20 0.0137 167 311 600 600
D20 0.0136 0 118 290 600
D20 0.0134 209 430 263 467
D20 0.0132 312 118 600 600
D20 0.0131 180 459 281 501
D20 0.0125 0 0 600 434
D20 0.0124 418 431 600 505
D20 0.0123 549 78 599 136
D20 0.0122 176 451 440 548
D20 0.0119 0 0 144 219
D20 0.0117 562 254 600 340
D20 0.0116 333 0 600 179
D20 0.0114 0 145 600 600
D20 0.0113 561 101 599 130
D20 0.0112 191 439 330 537
D20 0.0106 0 429 176 498
D20 0.0104 478 447 600 513
D20 0.0104 0 375 148 600
D20 0.0103 0 441 45 509
D20 0.0102 422 412 600 600
D20 0.0101 184 465 295 524
D20 0.0100 386 0 592 365
D40 0.0145 559 96 594 134
D40 0.0104 562 221 593 258
