D00 0.0481 405 525 445 600
D00 0.0349 286 524 322 600
D00 0.0309 293 467 315 520
D00 0.0281 301 465 323 520
D00 0.0279 285 454 322 527
D00 0.0259 414 548 440 600
D00 0.0242 285 474 322 557
D00 0.0237 462 403 538 437
D00 0.0215 302 538 323 598
D00 0.0213 293 538 316 598
D00 0.0210 271 445 343 600
D00 0.0204 396 499 436 585
D00 0.0202 547 575 600 599
D00 0.0202 380 456 455 600
D00 0.0194 294 430 330 532
D00 0.0192 344 317 411 348
D00 0.0189 113 436 198 600
D00 0.0186 354 325 419 358
D00 0.0179 405 525 430 579
D00 0.0175 465 389 515 434
D00 0.0173 5 172 36 212
D00 0.0165 542 425 600 476
D00 0.0163 300 526 339 600
D00 0.0163 1 144 40 218
D00 0.0161 293 488 329 591
D00 0.0160 334 320 389 343
D00 0.0159 279 471 313 525
D00 0.0156 567 426 600 514
D00 0.0156 573 435 599 487
D00 0.0155 567 530 600 600
D00 0.0155 276 490 315 587
D00 0.0154 523 559 600 600
D00 0.0152 472 370 600 445
D00 0.0149 575 555 599 600
D00 0.0145 392 531 432 600
D00 0.0144 354 329 437 372
D00 0.0144 475 398 506 437
D00 0.0143 304 458 337 525
D00 0.0141 403 544 436 589
D00 0.0141 6 0 37 66
D00 0.0140 286 375 364 543
D00 0.0139 421 559 447 600
D00 0.0137 289 568 320 600
D00 0.0137 324 382 459 600
D00 0.0137 292 551 331 600
D00 0.0135 79 457 171 600
D00 0.0134 342 311 394 338
D00 0.0134 358 522 399 600
D00 0.0134 380 338 432 365
D00 0.0134 87 527 130 600
D00 0.0133 418 532 464 600
D00 0.0132 130 478 186 589
D00 0.0131 379 330 431 355
D00 0.0130 337 312 405 367
D00 0.0129 520 575 581 599
D00 0.0129 323 458 360 540
D00 0.0128 279 410 337 540
D00 0.0128 401 490 466 600
D00 0.0127 302 373 343 457
D00 0.0126 557 435 599 468
D00 0.0125 343 453 431 600
D00 0.0124 276 434 315 530
D00 0.0124 268 476 308 555
D00 0.0122 113 463 169 575
D00 0.0122 369 322 421 346
D00 0.0122 303 407 410 595
D00 0.0121 507 392 600 449
D00 0.0120 327 310 379 336
D00 0.0120 122 524 169 600
D00 0.0120 310 449 351 533
D00 0.0119 575 454 598 509
D00 0.0119 373 409 486 594
D00 0.0118 332 482 353 534
D00 0.0116 160 436 203 510
D00 0.0115 487 410 598 590
D00 0.0115 388 478 428 570
D00 0.0114 542 534 592 600
D00 0.0114 300 473 348 591
D00 0.0113 533 406 600 464
D00 0.0113 371 344 442 377
D00 0.0113 0 525 43 600
D00 0.0112 147 534 215 598
D00 0.0112 343 328 399 352
D00 0.0112 297 381 328 451
D00 0.0112 459 366 506 441
D00 0.0111 128 446 185 551
D00 0.0110 235 467 320 600
D00 0.0109 331 475 368 553
D00 0.0109 471 396 526 425
D00 0.0109 101 527 149 600
D00 0.0108 321 377 404 540
D00 0.0108 99 421 209 537
D00 0.0108 265 525 310 600
D00 0.0108 405 572 449 599
D00 0.0107 394 392 547 600
D00 0.0107 582 445 600 499
D00 0.0107 302 403 350 519
D00 0.0107 317 381 347 452
D00 0.0106 532 459 600 600
D00 0.0106 140 515 188 600
D00 0.0105 292 497 315 559
D00 0.0105 266 458 307 526
D00 0.0104 310 371 376 514
D00 0.0104 289 372 317 445
D00 0.0104 540 427 600 553
D00 0.0103 175 450 207 511
D00 0.0103 362 337 415 365
D00 0.0103 446 355 585 427
D00 0.0103 66 525 115 600
D00 0.0103 138 434 208 563
D00 0.0102 311 389 335 446
D00 0.0102 553 377 600 455
D00 0.0102 565 463 600 566
D00 0.0102 497 412 600 497
D00 0.0101 456 392 497 427
D00 0.0101 375 549 454 600
D00 0.0101 283 540 310 597
D00 0.0100 253 360 389 590
D00 0.0100 0 1 59 162
D00 0.0100 300 488 322 541
D10 0.0778 526 430 600 456
D10 0.0590 453 393 600 448
D10 0.0568 544 426 600 449
D10 0.0542 485 415 600 455
D10 0.0540 194 434 286 454
D10 0.0402 514 426 586 448
D10 0.0361 235 435 297 452
D10 0.0310 336 356 411 383
D10 0.0310 461 409 542 438
D10 0.0274 216 428 280 450
D10 0.0270 183 422 300 453
D10 0.0264 493 424 568 445
D10 0.0260 446 412 565 455
D10 0.0257 508 432 577 452
D10 0.0251 548 439 600 465
D10 0.0246 214 428 323 456
D10 0.0244 429 397 546 442
D10 0.0224 205 442 272 460
D10 0.0221 488 497 570 523
D10 0.0220 132 443 191 466
D10 0.0211 470 417 555 445
D10 0.0211 527 412 600 447
D10 0.0211 256 434 314 452
D10 0.0209 549 499 600 521
D10 0.0209 181 437 245 454
D10 0.0207 344 364 416 393
D10 0.0204 328 359 384 380
D10 0.0192 186 438 281 467
D10 0.0191 519 492 600 529
D10 0.0189 106 433 200 476
D10 0.0187 495 428 599 482
D10 0.0183 164 432 267 460
D10 0.0182 280 433 331 452
D10 0.0179 328 320 381 342
D10 0.0178 123 572 202 600
D10 0.0178 181 481 240 505
D10 0.0176 481 487 561 517
D10 0.0174 336 367 394 389
D10 0.0173 327 340 420 381
D10 0.0171 517 500 578 521
D10 0.0170 153 413 312 464
D10 0.0168 218 437 292 462
D10 0.0167 191 428 254 449
D10 0.0167 154 444 205 466
D10 0.0164 248 425 305 449
D10 0.0163 569 432 600 457
D10 0.0163 122 433 186 458
D10 0.0161 166 472 263 511
D10 0.0160 200 481 259 505
D10 0.0157 349 350 445 387
D10 0.0155 145 451 196 475
D10 0.0155 550 490 600 514
D10 0.0152 335 350 392 374
D10 0.0146 134 418 247 463
D10 0.0146 463 413 600 497
D10 0.0146 95 438 177 468
D10 0.0146 175 488 229 511
D10 0.0145 464 421 523 442
D10 0.0145 156 527 204 551
D10 0.0142 516 416 580 443
D10 0.0141 496 483 600 520
D10 0.0141 122 555 221 598
D10 0.0140 190 489 250 512
D10 0.0140 367 359 427 381
D10 0.0139 211 489 270 512
D10 0.0139 301 432 348 453
D10 0.0138 168 480 217 505
D10 0.0137 462 575 544 600
D10 0.0136 87 425 186 464
D10 0.0135 304 351 398 391
D10 0.0135 514 436 590 465
D10 0.0134 463 490 576 530
D10 0.0133 359 525 442 574
D10 0.0133 281 423 330 447
D10 0.0132 210 480 293 509
D10 0.0132 135 435 246 483
D10 0.0132 550 564 599 596
D10 0.0132 493 501 584 537
D10 0.0131 479 550 594 598
D10 0.0131 246 425 345 462
D10 0.0130 507 491 568 514
D10 0.0129 483 428 565 455
D10 0.0129 323 332 457 393
D10 0.0129 465 472 576 518
D10 0.0127 109 449 199 502
D10 0.0127 310 423 357 448
D10 0.0126 183 444 241 463
D10 0.0126 150 575 212 597
D10 0.0126 267 485 350 527
D10 0.0126 329 329 381 352
D10 0.0125 105 448 183 480
D10 0.0125 551 507 600 531
D10 0.0124 316 312 398 350
D10 0.0124 284 504 325 527
D10 0.0122 154 435 205 458
D10 0.0120 475 490 534 514
D10 0.0120 220 396 324 445
D10 0.0119 141 519 225 564
D10 0.0119 551 419 600 470
D10 0.0119 149 534 197 559
D10 0.0118 221 367 274 390
D10 0.0118 348 357 463 406
D10 0.0118 510 508 568 531
D10 0.0118 171 437 296 483
D10 0.0117 469 494 543 522
D10 0.0117 152 565 210 591
D10 0.0117 560 414 600 441
D10 0.0116 92 545 190 596
D10 0.0115 264 497 313 520
D10 0.0114 295 496 345 522
D10 0.0113 69 428 191 490
D10 0.0113 366 367 428 389
D10 0.0112 152 479 240 520
D10 0.0112 222 358 272 382
D10 0.0111 267 393 354 445
D10 0.0110 172 398 293 446
D10 0.0110 248 441 303 461
D10 0.0109 434 474 600 553
D10 0.0109 141 526 188 551
D10 0.0108 387 535 431 561
D10 0.0108 134 565 192 593
D10 0.0108 319 357 417 408
D10 0.0108 313 321 362 342
D10 0.0108 360 349 417 373
D10 0.0107 319 431 365 455
D10 0.0107 311 359 360 381
D10 0.0106 95 459 170 490
D10 0.0106 392 491 482 532
D10 0.0105 320 320 422 370
D10 0.0104 399 536 600 600
D10 0.0104 320 367 370 389
D10 0.0103 105 404 281 478
D10 0.0103 165 561 233 594
D10 0.0103 396 405 542 465
D10 0.0101 417 549 536 597
D10 0.0101 340 372 406 405
D10 0.0100 519 388 600 454
D10 0.0100 489 573 573 600
D10 0.0100 125 524 207 574
D10 0.0100 374 387 525 449
D10 0.0100 283 422 373 467
D10 0.0100 163 535 214 559
D20 0.0271 454 399 550 438
D20 0.0269 436 370 600 445
D20 0.0193 135 401 538 591
D20 0.0173 375 365 552 438
D20 0.0172 522 568 600 600
D20 0.0161 455 412 600 497
D20 0.0159 428 378 539 432
D20 0.0159 0 402 401 588
D20 0.0153 0 0 408 294
D20 0.0152 337 343 513 418
D20 0.0152 374 454 600 600
D20 0.0150 167 0 600 294
D20 0.0148 1 0 39 62
D20 0.0140 0 118 290 600
D20 0.0139 0 455 226 600
D20 0.0131 404 397 576 469
D20 0.0131 312 118 600 600
D20 0.0129 479 393 586 446
D20 0.0126 452 369 600 600
D20 0.0126 271 357 347 532
D20 0.0126 446 535 600 600
D20 0.0125 0 0 600 434
D20 0.0124 0 236 516 600
D20 0.0124 350 334 490 393
D20 0.0123 98 390 216 491
D20 0.0115 101 483 211 600
D20 0.0114 408 387 511 427
D20 0.0113 569 582 600 600
D20 0.0113 453 0 600 220
D20 0.0113 284 364 323 452
D20 0.0113 563 412 600 478
D20 0.0111 322 307 386 339
D20 0.0110 489 432 600 548
D20 0.0110 335 316 472 375
D20 0.0108 0 372 146 600
D20 0.0106 124 428 198 482
D20 0.0106 376 0 600 146
D20 0.0104 339 376 528 461
D20 0.0104 0 0 146 218
D20 0.0103 323 385 600 569
D20 0.0103 143 442 332 519
D20 0.0102 574 527 600 600
D20 0.0102 548 432 600 595
D20 0.0101 0 41 33 131
D20 0.0100 286 330 366 471
D20 0.0100 94 414 189 548
D40 0.0367 463 413 523 436
D40 0.0304 288 489 318 524
D40 0.0268 446 399 528 436
D40 0.0249 463 402 504 434
D40 0.0198 289 496 336 521
D40 0.0180 295 481 325 521
D40 0.0161 85 463 169 504
D40 0.0153 118 575 173 599
D40 0.0138 279 476 332 533
D40 0.0129 102 567 190 600
D40 0.0113 434 410 510 439
D40 0.0113 440 405 502 430
D40 0.0112 105 471 163 494
D40 0.0109 483 408 533 439
D40 0.0108 295 496 325 534
D40 0.0106 450 396 502 424
D40 0.0104 267 484 324 521
D40 0.0104 80 444 174 485
