D00 0.0327 511 453 600 494
D00 0.0280 464 432 600 490
D00 0.0196 498 449 584 482
D00 0.0178 556 457 598 490
D00 0.0175 475 438 573 475
D00 0.0171 487 440 600 542
D00 0.0165 292 432 319 477
D00 0.0159 275 508 332 531
D00 0.0156 517 461 586 485
D00 0.0154 550 438 600 504
D00 0.0148 0 490 41 571
D00 0.0143 295 508 345 532
D00 0.0139 481 451 571 495
D00 0.0138 481 444 545 467
D00 0.0136 296 444 330 480
D00 0.0135 524 466 600 511
D00 0.0130 284 441 326 469
D00 0.0129 285 418 327 487
D00 0.0127 537 449 600 570
D00 0.0126 488 452 557 474
D00 0.0122 429 447 587 505
D00 0.0118 296 428 329 465
D00 0.0118 277 497 342 528
D00 0.0117 1 512 26 564
D00 0.0116 572 451 599 495
D00 0.0112 300 451 345 476
D00 0.0109 544 448 592 485
D00 0.0108 266 503 304 534
D00 0.0105 573 514 599 566
D00 0.0104 304 437 339 472
D00 0.0103 469 448 541 475
D00 0.0103 508 416 600 476
D00 0.0102 295 426 351 482
D00 0.0102 297 516 346 541
D00 0.0101 274 423 318 470
D00 0.0101 314 505 349 536
D00 0.0100 465 444 523 465
D10 0.0331 519 453 600 494
D10 0.0311 546 461 598 487
D10 0.0305 547 433 600 452
D10 0.0240 548 425 600 446
D10 0.0236 520 428 600 466
D10 0.0208 557 469 600 493
D10 0.0205 257 501 314 524
D10 0.0169 529 419 600 454
D10 0.0165 474 420 600 470
D10 0.0152 536 451 594 482
D10 0.0148 548 441 598 467
D10 0.0141 528 468 593 493
D10 0.0135 428 432 589 486
D10 0.0134 5 489 57 510
D10 0.0133 285 500 338 525
D10 0.0126 515 434 583 454
D10 0.0125 550 477 597 504
D10 0.0122 250 492 304 515
D10 0.0121 532 467 600 511
D10 0.0121 460 438 551 473
D10 0.0119 233 495 324 530
D10 0.0112 0 482 85 516
D10 0.0110 250 508 305 531
D10 0.0108 231 501 290 522
D10 0.0106 0 480 47 506
D10 0.0103 516 426 583 446
D10 0.0103 20 490 81 510
D10 0.0100 268 492 321 516
D20 0.0271 454 427 600 494
D20 0.0173 249 495 344 530
D20 0.0162 267 508 324 531
D20 0.0137 436 454 600 528
D20 0.0131 0 0 408 294
D20 0.0128 167 0 600 294
D20 0.0127 454 0 600 217
D20 0.0122 0 311 408 600
D20 0.0120 0 0 144 220
D20 0.0119 375 456 600 600
D20 0.0118 0 118 290 600
D20 0.0115 0 458 222 600
D20 0.0113 130 460 546 600
D20 0.0112 167 311 600 600
D20 0.0109 312 118 600 600
D20 0.0108 228 485 351 542
D20 0.0108 415 412 600 475
D20 0.0106 0 0 600 434
D20 0.0105 390 442 589 509
D20 0.0105 235 501 321 538
D20 0.0105 328 0 600 178
D40 0.0231 331 425 390 447
D40 0.0188 320 419 404 451
