D00 0.0565 20 97 115 245
D00 0.0513 444 453 480 543
D00 0.0422 436 420 484 522
D00 0.0390 5 70 170 265
D00 0.0369 48 121 112 230
D00 0.0366 423 397 500 534
D00 0.0346 165 405 212 479
D00 0.0323 441 416 502 477
D00 0.0322 551 470 600 550
D00 0.0321 26 140 146 267
D00 0.0312 36 136 95 246
D00 0.0308 39 106 144 215
D00 0.0307 445 428 481 495
D00 0.0306 453 482 474 534
D00 0.0302 233 411 276 498
D00 0.0282 4 123 97 287
D00 0.0271 523 469 596 533
D00 0.0269 439 444 471 518
D00 0.0268 145 387 234 503
D00 0.0266 71 189 301 514
D00 0.0252 3 382 53 489
D00 0.0251 60 47 180 235
D00 0.0245 51 167 93 248
D00 0.0240 0 389 28 457
D00 0.0239 456 474 485 537
D00 0.0230 450 437 499 533
D00 0.0222 17 122 83 229
D00 0.0219 141 300 190 326
D00 0.0219 537 426 600 542
D00 0.0218 61 0 295 380
D00 0.0213 31 11 147 205
D00 0.0211 171 411 198 467
D00 0.0210 458 422 488 472
D00 0.0210 452 452 474 511
D00 0.0207 154 386 202 473
D00 0.0206 417 415 474 508
D00 0.0203 441 473 471 534
D00 0.0196 498 0 541 81
D00 0.0195 167 404 244 464
D00 0.0192 31 48 267 279
D00 0.0188 129 75 369 458
D00 0.0183 247 430 280 494
D00 0.0183 101 71 219 262
D00 0.0183 6 74 232 458
D00 0.0181 418 427 508 488
D00 0.0180 511 242 593 403
D00 0.0179 64 139 132 241
D00 0.0178 440 430 470 482
D00 0.0177 567 493 600 556
D00 0.0174 150 430 216 492
D00 0.0174 31 75 204 194
D00 0.0170 160 420 195 482
D00 0.0170 96 2 183 169
D00 0.0169 19 176 113 281
D00 0.0168 474 0 588 111
D00 0.0168 148 297 216 331
D00 0.0167 448 419 534 527
D00 0.0166 39 165 128 228
D00 0.0165 201 336 330 500
D00 0.0163 136 274 279 513
D00 0.0163 424 437 474 490
D00 0.0161 18 157 76 265
D00 0.0157 72 118 117 197
D00 0.0156 58 183 85 237
D00 0.0156 506 15 533 70
D00 0.0156 304 7 481 300
D00 0.0156 13 403 70 506
D00 0.0155 370 273 405 355
D00 0.0155 531 449 596 507
D00 0.0155 185 185 446 498
D00 0.0154 198 111 274 262
D00 0.0153 499 422 597 516
D00 0.0152 209 0 454 372
D00 0.0152 400 439 487 530
D00 0.0150 134 79 172 169
D00 0.0150 42 106 196 335
D00 0.0149 150 290 178 332
D00 0.0149 461 418 498 457
D00 0.0148 425 7 564 81
D00 0.0148 57 177 119 242
D00 0.0147 6 363 46 427
D00 0.0147 423 457 470 535
D00 0.0145 531 493 591 542
D00 0.0144 56 109 246 226
D00 0.0143 3 422 54 522
D00 0.0142 0 141 126 383
D00 0.0142 0 288 57 417
D00 0.0142 1 407 37 479
D00 0.0142 137 75 275 309
D00 0.0141 516 13 589 134
D00 0.0141 174 496 232 534
D00 0.0141 7 182 79 310
D00 0.0140 405 268 445 358
D00 0.0140 225 387 269 468
D00 0.0136 75 84 160 204
D00 0.0136 232 448 280 521
D00 0.0136 136 286 195 335
D00 0.0135 466 429 495 479
D00 0.0135 152 444 201 514
D00 0.0135 65 191 91 244
D00 0.0134 1 152 110 236
D00 0.0134 135 410 200 506
D00 0.0133 380 241 457 383
D00 0.0132 505 0 567 90
D00 0.0131 479 392 594 545
D00 0.0131 377 286 399 343
D00 0.0130 552 485 585 538
D00 0.0130 125 370 207 488
D00 0.0130 487 479 585 526
D00 0.0129 527 273 580 383
D00 0.0129 298 64 409 262
D00 0.0129 200 479 243 531
D00 0.0128 61 162 169 254
D00 0.0128 57 127 158 187
D00 0.0128 461 422 515 470
D00 0.0128 101 92 176 220
D00 0.0127 86 0 232 221
D00 0.0127 337 62 447 262
D00 0.0127 378 271 429 375
D00 0.0126 434 443 493 482
D00 0.0126 9 181 175 296
D00 0.0125 15 372 95 496
D00 0.0125 119 47 359 281
D00 0.0125 445 363 563 517
D00 0.0125 39 119 90 206
D00 0.0124 158 496 212 535
D00 0.0124 83 123 152 226
D00 0.0124 419 467 509 525
D00 0.0124 288 71 524 442
D00 0.0124 455 412 491 447
D00 0.0123 141 377 206 443
D00 0.0122 519 249 556 333
D00 0.0122 538 276 600 408
D00 0.0121 149 308 198 335
D00 0.0121 236 375 278 458
D00 0.0120 330 432 394 493
D00 0.0119 511 485 573 534
D00 0.0119 244 396 285 479
D00 0.0119 52 147 88 219
D00 0.0118 436 461 527 543
D00 0.0118 251 412 294 498
D00 0.0118 243 44 392 277
D00 0.0118 172 478 213 532
D00 0.0117 45 192 122 265
D00 0.0117 445 419 486 457
D00 0.0117 130 292 182 320
D00 0.0116 437 485 491 538
D00 0.0116 459 469 501 542
D00 0.0115 458 443 484 498
D00 0.0115 149 38 260 233
D00 0.0114 114 50 199 195
D00 0.0114 56 0 174 125
D00 0.0114 171 389 209 458
D00 0.0113 0 468 31 531
D00 0.0112 60 182 95 221
D00 0.0111 338 439 384 518
D00 0.0110 510 268 551 361
D00 0.0110 57 200 102 251
D00 0.0110 109 298 234 473
D00 0.0109 415 446 493 499
D00 0.0109 356 6 507 237
D00 0.0109 2 217 53 316
D00 0.0109 538 479 600 598
D00 0.0109 104 137 222 323
D00 0.0109 379 0 593 362
D00 0.0108 457 411 522 493
D00 0.0108 409 0 590 174
D00 0.0108 0 86 76 201
D00 0.0108 471 5 534 74
D00 0.0107 59 49 141 178
D00 0.0107 431 410 509 455
D00 0.0107 0 429 31 495
D00 0.0107 212 141 259 245
D00 0.0106 209 79 354 310
D00 0.0106 142 456 188 524
D00 0.0106 1 385 77 442
D00 0.0105 432 446 461 498
D00 0.0104 412 256 452 337
D00 0.0103 375 398 481 522
D00 0.0103 487 34 577 91
D00 0.0103 486 26 595 213
D00 0.0103 473 436 552 523
D00 0.0103 41 174 87 228
D00 0.0103 129 4 218 161
D00 0.0103 249 399 326 509
D00 0.0102 320 413 376 504
D00 0.0102 88 132 184 273
D00 0.0102 565 463 600 525
D00 0.0101 488 10 549 103
D00 0.0101 425 31 594 123
D00 0.0101 82 127 111 179
D00 0.0101 507 28 567 123
D00 0.0101 442 507 485 533
D00 0.0100 540 10 596 108
D00 0.0100 62 101 190 180
D10 0.0440 166 465 262 500
D10 0.0311 68 201 171 241
D10 0.0271 171 461 256 486
D10 0.0270 132 462 232 503
D10 0.0261 0 398 66 433
D10 0.0247 94 209 160 232
D10 0.0244 158 471 219 496
D10 0.0238 179 414 260 448
D10 0.0236 173 479 251 503
D10 0.0231 0 385 91 429
D10 0.0221 2 394 55 420
D10 0.0220 129 477 211 505
D10 0.0219 87 213 164 245
D10 0.0208 473 462 581 502
D10 0.0201 39 175 161 249
D10 0.0199 0 402 89 448
D10 0.0198 161 460 218 486
D10 0.0195 537 467 597 501
D10 0.0193 0 403 42 429
D10 0.0189 2 413 57 438
D10 0.0188 0 338 131 402
D10 0.0183 138 440 230 485
D10 0.0181 470 458 558 489
D10 0.0163 78 218 142 241
D10 0.0162 21 400 97 431
D10 0.0154 19 396 80 420
D10 0.0154 139 472 197 496
D10 0.0153 25 186 114 242
D10 0.0153 50 205 152 254
D10 0.0152 145 357 276 418
D10 0.0149 0 416 64 452
D10 0.0148 210 415 260 442
D10 0.0146 177 378 277 431
D10 0.0144 155 451 208 474
D10 0.0143 522 501 598 539
D10 0.0139 3 383 52 413
D10 0.0138 199 405 285 454
D10 0.0136 87 195 165 230
D10 0.0135 15 142 100 208
D10 0.0131 495 475 579 508
D10 0.0130 513 461 585 494
D10 0.0130 2 486 134 544
D10 0.0129 133 457 209 490
D10 0.0128 152 294 208 320
D10 0.0128 532 429 599 459
D10 0.0128 0 421 43 447
D10 0.0127 556 478 600 504
D10 0.0127 448 449 497 477
D10 0.0126 499 471 572 494
D10 0.0126 456 464 534 494
D10 0.0125 0 461 47 486
D10 0.0125 199 363 298 405
D10 0.0124 13 165 98 226
D10 0.0123 541 496 592 524
D10 0.0122 219 359 360 413
D10 0.0122 542 515 594 544
D10 0.0121 514 492 589 530
D10 0.0120 38 347 164 390
D10 0.0119 539 463 589 489
D10 0.0118 59 145 159 208
D10 0.0118 21 205 114 257
D10 0.0118 479 470 551 491
D10 0.0117 0 324 91 372
D10 0.0117 54 187 146 235
D10 0.0117 69 208 129 234
D10 0.0117 406 395 484 420
D10 0.0116 306 420 379 451
D10 0.0116 0 155 71 190
D10 0.0116 449 454 519 490
D10 0.0115 408 34 479 67
D10 0.0115 152 297 226 332
D10 0.0115 82 222 156 254
D10 0.0113 16 119 97 156
D10 0.0112 511 418 600 453
D10 0.0111 476 480 575 526
D10 0.0111 0 451 77 495
D10 0.0111 0 485 66 516
D10 0.0110 0 469 46 495
D10 0.0109 142 4 212 37
D10 0.0108 0 451 46 478
D10 0.0108 139 343 256 385
D10 0.0107 380 452 481 495
D10 0.0106 459 412 559 446
D10 0.0106 0 421 88 470
D10 0.0104 34 38 209 153
D10 0.0104 21 413 79 437
D10 0.0104 1 122 48 151
D10 0.0104 36 397 133 436
D10 0.0103 14 413 104 458
D10 0.0103 229 422 275 447
D10 0.0103 457 469 560 513
D10 0.0102 76 199 141 224
D10 0.0102 1 125 68 162
D10 0.0100 50 185 204 272
D10 0.0100 81 167 179 226
D10 0.0100 0 479 46 504
D20 0.2677 112 409 303 522
D20 0.2240 8 379 328 533
D20 0.1545 114 371 423 519
D20 0.1085 16 318 507 517
D20 0.0868 150 385 281 501
D20 0.0742 37 445 287 542
D20 0.0716 442 450 600 536
D20 0.0689 133 441 373 534
D20 0.0686 97 387 600 542
D20 0.0599 184 401 322 511
D20 0.0585 188 418 483 512
D20 0.0553 71 339 282 507
D20 0.0528 48 443 471 600
D20 0.0527 16 98 125 225
D20 0.0486 162 441 265 501
D20 0.0461 151 446 277 540
D20 0.0445 427 419 592 510
D20 0.0428 0 354 39 433
D20 0.0424 137 306 322 548
D20 0.0404 174 460 267 520
D20 0.0395 477 485 593 539
D20 0.0390 0 336 67 491
D20 0.0362 54 414 252 506
D20 0.0337 17 184 376 514
D20 0.0329 315 421 548 517
D20 0.0327 8 359 193 507
D20 0.0315 137 348 318 467
D20 0.0304 74 473 263 536
D20 0.0304 552 478 600 554
D20 0.0297 506 434 600 552
D20 0.0290 91 377 259 479
D20 0.0287 0 382 40 462
D20 0.0272 0 90 191 246
D20 0.0267 169 410 268 455
D20 0.0261 219 385 535 497
D20 0.0260 17 165 600 591
D20 0.0260 198 440 360 509
D20 0.0256 9 271 251 544
D20 0.0252 0 450 253 600
D20 0.0251 2 361 74 441
D20 0.0251 32 115 148 199
D20 0.0248 0 346 150 429
D20 0.0248 201 427 289 525
D20 0.0238 429 409 523 495
D20 0.0237 383 407 506 517
D20 0.0236 160 498 248 534
D20 0.0235 440 430 556 489
D20 0.0232 3 64 105 200
D20 0.0229 98 250 505 460
D20 0.0229 0 312 58 432
D20 0.0227 208 402 397 490
D20 0.0225 123 383 232 521
D20 0.0225 0 15 557 441
D20 0.0224 12 425 196 549
D20 0.0218 162 420 213 498
D20 0.0211 0 357 120 476
D20 0.0211 523 493 600 545
D20 0.0211 230 323 600 506
D20 0.0209 0 386 99 516
D20 0.0208 210 403 263 475
D20 0.0206 445 446 560 510
D20 0.0206 211 409 563 600
D20 0.0204 150 373 274 447
D20 0.0202 15 80 166 182
D20 0.0198 0 0 408 294
D20 0.0195 203 355 294 501
D20 0.0194 395 1 563 88
D20 0.0193 167 0 600 294
D20 0.0191 0 409 43 494
D20 0.0187 0 0 255 418
D20 0.0187 312 118 600 600
D20 0.0182 445 423 535 470
D20 0.0172 349 398 600 539
D20 0.0171 82 460 318 573
D20 0.0169 300 450 491 522
D20 0.0169 13 0 231 227
D20 0.0168 351 454 600 600
D20 0.0167 123 288 236 334
D20 0.0164 185 330 416 487
D20 0.0164 0 340 27 419
D20 0.0162 547 451 599 521
D20 0.0160 5 396 75 479
D20 0.0160 228 451 423 518
D20 0.0158 0 406 61 531
D20 0.0158 369 391 557 491
D20 0.0158 397 431 558 548
D20 0.0157 285 405 410 510
D20 0.0157 381 0 600 146
D20 0.0156 92 433 213 516
D20 0.0154 454 0 600 218
D20 0.0150 5 373 113 428
D20 0.0149 333 422 482 497
D20 0.0148 130 293 265 353
D20 0.0146 12 304 265 430
D20 0.0143 125 333 235 476
D20 0.0142 218 469 347 516
D20 0.0141 0 302 166 600
D20 0.0140 2 0 163 72
D20 0.0140 0 371 22 438
D20 0.0140 0 200 194 486
D20 0.0140 0 101 78 291
D20 0.0139 179 408 244 475
D20 0.0139 144 136 475 525
D20 0.0136 0 327 40 404
D20 0.0136 12 12 114 171
D20 0.0136 250 412 365 503
D20 0.0136 0 134 236 324
D20 0.0135 127 315 268 427
D20 0.0134 451 430 534 536
D20 0.0134 106 0 208 36
D20 0.0131 40 290 335 473
D20 0.0131 245 436 327 508
D20 0.0131 438 384 586 479
D20 0.0127 86 2 189 52
D20 0.0127 485 0 600 72
D20 0.0127 71 0 169 36
D20 0.0126 0 22 109 295
D20 0.0126 134 455 205 507
D20 0.0125 2 0 368 148
D20 0.0123 0 463 43 538
D20 0.0122 142 0 516 147
D20 0.0119 545 405 600 550
D20 0.0119 144 0 246 36
D20 0.0118 80 275 250 339
D20 0.0118 527 0 600 108
D20 0.0118 57 0 219 68
D20 0.0118 313 470 424 518
D20 0.0117 297 448 400 507
D20 0.0117 0 228 41 304
D20 0.0116 0 453 156 536
D20 0.0116 464 2 565 58
D20 0.0115 84 392 282 600
D20 0.0114 456 367 600 600
D20 0.0114 173 341 260 466
D20 0.0113 138 472 263 567
D20 0.0113 0 294 103 413
D20 0.0113 164 0 217 18
D20 0.0112 446 0 546 36
D20 0.0112 39 124 207 227
D20 0.0111 121 2 230 50
D20 0.0111 0 442 53 502
D20 0.0109 0 444 90 572
D20 0.0108 485 0 577 35
D20 0.0108 346 468 464 520
D20 0.0108 302 0 523 221
D20 0.0108 18 1 118 59
D20 0.0107 0 399 22 465
D20 0.0107 444 482 600 582
D20 0.0107 330 448 444 508
D20 0.0107 150 291 214 344
D20 0.0105 184 0 285 37
D20 0.0105 573 485 600 562
D20 0.0104 16 110 97 169
D20 0.0104 35 0 132 36
D20 0.0104 140 0 371 225
D20 0.0103 494 470 583 567
D20 0.0103 541 0 600 35
D20 0.0103 69 102 116 180
D20 0.0102 270 470 388 516
D20 0.0102 377 456 507 528
D20 0.0102 221 0 450 223
D20 0.0102 191 454 328 539
D20 0.0101 108 300 222 348
D20 0.0101 349 0 600 399
D20 0.0101 1 0 99 102
D20 0.0100 530 463 600 600
D20 0.0100 88 286 200 331
D20 0.0100 66 457 187 528
D40 0.1757 155 421 280 518
D40 0.1174 164 429 268 479
D40 0.1034 163 464 271 522
D40 0.0840 36 122 109 169
D40 0.0756 183 426 260 462
D40 0.0755 181 449 277 496
D40 0.0694 0 367 29 410
D40 0.0685 53 130 103 160
D40 0.0681 148 447 254 509
D40 0.0597 185 398 289 501
D40 0.0594 168 414 234 476
D40 0.0536 142 471 236 511
D40 0.0535 207 419 270 491
D40 0.0527 198 453 289 520
D40 0.0524 19 98 118 199
D40 0.0512 144 393 254 498
D40 0.0498 0 349 33 427
D40 0.0491 193 488 276 529
D40 0.0481 98 463 252 524
D40 0.0480 167 436 228 485
D40 0.0455 149 486 260 532
D40 0.0446 173 440 241 469
D40 0.0432 163 480 230 503
D40 0.0418 516 460 595 535
D40 0.0409 165 455 252 490
D40 0.0408 2 378 26 434
D40 0.0391 165 483 244 518
D40 0.0378 230 447 277 494
D40 0.0377 0 352 29 391
D40 0.0370 207 508 264 529
D40 0.0369 205 424 259 449
D40 0.0366 216 460 270 489
D40 0.0363 163 459 228 504
D40 0.0361 214 434 262 473
D40 0.0348 164 392 268 458
D40 0.0348 175 426 225 465
D40 0.0344 461 487 589 537
D40 0.0343 169 450 230 475
D40 0.0339 524 469 592 502
D40 0.0335 200 499 258 525
D40 0.0333 120 429 236 516
D40 0.0320 317 394 503 463
D40 0.0315 221 435 305 509
D40 0.0315 325 391 414 426
D40 0.0308 175 473 264 507
D40 0.0296 107 369 272 463
D40 0.0293 227 425 265 465
D40 0.0292 156 488 218 512
D40 0.0289 168 434 206 474
D40 0.0287 203 451 265 479
D40 0.0283 0 361 45 399
D40 0.0282 2 398 26 451
D40 0.0279 168 471 243 495
D40 0.0275 405 425 495 471
D40 0.0272 80 356 256 430
D40 0.0268 544 474 589 510
D40 0.0267 190 469 268 494
D40 0.0262 484 1 535 25
D40 0.0262 1 347 74 425
D40 0.0260 470 450 587 511
D40 0.0258 319 374 500 438
D40 0.0258 31 95 128 155
D40 0.0257 438 431 525 479
D40 0.0248 207 390 285 470
D40 0.0248 90 362 183 398
D40 0.0248 340 401 471 446
D40 0.0248 104 365 225 407
D40 0.0246 70 124 104 170
D40 0.0242 381 416 480 457
D40 0.0241 174 424 239 450
D40 0.0236 0 0 144 86
D40 0.0236 308 382 394 419
D40 0.0234 448 467 565 526
D40 0.0234 419 412 544 481
D40 0.0234 548 476 597 529
D40 0.0231 224 403 303 486
D40 0.0229 52 104 139 183
D40 0.0228 375 411 506 479
D40 0.0226 457 0 529 28
D40 0.0226 176 503 249 533
D40 0.0225 342 384 469 425
D40 0.0223 165 497 225 525
D40 0.0219 214 390 396 468
D40 0.0217 119 481 222 518
D40 0.0216 453 435 491 473
D40 0.0216 244 438 271 490
D40 0.0215 298 397 439 451
D40 0.0214 12 90 93 167
D40 0.0213 17 16 117 74
D40 0.0211 194 423 249 483
D40 0.0210 223 494 268 526
D40 0.0208 73 0 141 42
D40 0.0208 0 389 40 442
D40 0.0207 452 452 559 492
D40 0.0207 215 464 274 510
D40 0.0207 337 396 399 420
D40 0.0206 19 46 102 86
D40 0.0206 163 466 207 499
D40 0.0206 150 370 252 406
D40 0.0203 441 427 502 466
D40 0.0202 0 377 46 419
D40 0.0200 129 376 244 430
D40 0.0199 171 363 268 396
D40 0.0199 65 485 232 535
D40 0.0197 235 376 413 441
D40 0.0197 411 401 508 451
D40 0.0196 3 357 116 412
D40 0.0196 206 482 255 519
D40 0.0194 238 460 285 488
D40 0.0194 45 360 201 412
D40 0.0193 448 436 537 516
D40 0.0191 90 7 137 37
D40 0.0190 430 392 596 466
D40 0.0189 172 418 212 457
D40 0.0188 189 369 252 391
D40 0.0188 297 381 440 431
D40 0.0188 154 475 195 505
D40 0.0187 537 457 599 515
D40 0.0187 203 477 268 501
D40 0.0187 8 49 126 179
D40 0.0186 0 393 31 420
D40 0.0186 0 341 91 395
D40 0.0184 558 499 596 540
D40 0.0183 479 0 559 35
D40 0.0183 217 441 265 498
D40 0.0183 138 498 234 535
D40 0.0182 32 56 88 82
D40 0.0181 37 124 98 152
D40 0.0180 446 418 574 468
D40 0.0179 154 0 225 29
D40 0.0179 165 508 224 532
D40 0.0179 226 451 324 494
D40 0.0179 188 492 235 527
D40 0.0179 164 453 206 489
D40 0.0178 420 433 479 458
D40 0.0177 142 367 222 394
D40 0.0175 171 470 214 525
D40 0.0175 284 406 462 485
D40 0.0175 134 374 209 404
D40 0.0174 436 435 476 474
D40 0.0174 331 388 387 413
D40 0.0174 3 17 100 106
D40 0.0173 0 403 31 429
D40 0.0170 0 371 19 424
D40 0.0170 25 365 225 441
D40 0.0168 269 399 386 445
D40 0.0166 0 336 173 406
D40 0.0165 192 373 268 401
D40 0.0165 345 403 428 432
D40 0.0161 210 491 313 526
D40 0.0161 467 432 585 490
D40 0.0160 181 372 357 458
D40 0.0160 97 358 172 386
D40 0.0159 246 383 370 426
D40 0.0159 567 508 600 549
D40 0.0159 438 402 552 449
D40 0.0157 232 377 284 400
D40 0.0157 166 246 572 454
D40 0.0157 410 9 548 81
D40 0.0156 48 125 112 197
D40 0.0156 202 471 258 536
D40 0.0156 566 491 599 531
D40 0.0155 98 376 193 414
D40 0.0153 54 107 104 157
D40 0.0152 111 369 177 392
D40 0.0151 107 491 209 528
D40 0.0150 247 407 351 445
D40 0.0150 377 411 460 443
D40 0.0149 455 436 507 486
D40 0.0148 183 440 236 501
D40 0.0147 234 372 324 409
D40 0.0147 466 0 518 18
D40 0.0147 97 330 270 408
D40 0.0147 217 410 259 468
D40 0.0145 446 0 505 23
D40 0.0145 327 415 446 465
D40 0.0144 0 412 32 439
D40 0.0144 213 487 246 529
D40 0.0144 90 453 217 506
D40 0.0143 434 488 538 534
D40 0.0142 95 1 147 29
D40 0.0141 185 461 236 520
D40 0.0141 215 483 286 518
D40 0.0141 10 493 118 539
D40 0.0141 322 348 496 415
D40 0.0141 516 481 588 519
D40 0.0141 130 401 214 483
D40 0.0140 158 351 271 445
D40 0.0140 0 390 19 441
D40 0.0139 293 416 384 456
D40 0.0139 493 0 543 18
D40 0.0138 96 474 200 509
D40 0.0138 212 419 248 461
D40 0.0137 0 333 29 371
D40 0.0136 178 376 245 397
D40 0.0136 229 440 272 467
D40 0.0136 407 424 471 450
D40 0.0136 0 407 41 461
D40 0.0135 22 69 105 146
D40 0.0135 307 397 394 436
D40 0.0135 105 346 222 389
D40 0.0134 181 447 217 495
D40 0.0134 431 419 494 456
D40 0.0133 277 33 594 223
D40 0.0133 516 428 594 502
D40 0.0133 35 0 164 62
D40 0.0133 241 427 283 485
D40 0.0133 550 496 595 524
D40 0.0132 206 451 257 508
D40 0.0132 0 343 36 380
D40 0.0132 434 367 597 439
D40 0.0131 211 437 250 489
D40 0.0131 189 410 254 454
D40 0.0131 231 370 283 391
D40 0.0130 160 0 259 39
D40 0.0130 213 380 319 427
D40 0.0130 5 73 363 293
D40 0.0130 160 375 233 469
D40 0.0130 44 133 87 172
D40 0.0130 220 354 396 421
D40 0.0130 0 354 61 389
D40 0.0130 388 401 486 439
D40 0.0129 407 383 510 424
D40 0.0129 244 419 327 498
D40 0.0129 40 26 121 94
D40 0.0129 442 473 508 539
D40 0.0129 460 442 518 467
D40 0.0129 470 461 536 486
D40 0.0128 37 494 169 536
D40 0.0128 136 489 198 511
D40 0.0128 366 363 481 404
D40 0.0128 564 474 600 511
D40 0.0127 0 480 182 545
D40 0.0127 502 505 600 546
D40 0.0126 461 450 520 477
D40 0.0126 8 48 124 113
D40 0.0125 63 5 139 78
D40 0.0125 173 377 268 418
D40 0.0124 219 418 281 453
D40 0.0124 167 477 199 520
D40 0.0122 82 2 119 39
D40 0.0122 202 69 516 264
D40 0.0122 513 478 578 504
D40 0.0122 19 351 121 389
D40 0.0121 88 483 188 518
D40 0.0121 0 56 87 94
D40 0.0121 325 407 399 476
D40 0.0121 55 115 101 141
D40 0.0119 224 2 316 47
D40 0.0119 310 19 560 160
D40 0.0119 133 449 196 525
D40 0.0118 146 508 205 532
D40 0.0117 112 376 178 401
D40 0.0117 443 3 551 57
D40 0.0117 34 30 89 77
D40 0.0116 179 1 237 26
D40 0.0116 235 396 326 437
D40 0.0116 64 348 183 390
D40 0.0116 69 111 115 182
D40 0.0116 120 390 227 452
D40 0.0115 16 150 359 386
D40 0.0114 246 448 296 494
D40 0.0114 237 470 276 504
D40 0.0114 290 413 365 442
D40 0.0114 247 413 366 470
D40 0.0113 426 0 512 32
D40 0.0113 236 381 300 415
D40 0.0113 159 444 195 480
D40 0.0112 437 319 597 403
D40 0.0112 184 479 332 531
D40 0.0111 9 128 101 180
D40 0.0111 559 518 596 554
D40 0.0111 194 516 247 536
D40 0.0111 549 509 591 546
D40 0.0111 531 463 585 489
D40 0.0108 324 499 381 521
D40 0.0108 229 467 297 524
D40 0.0108 460 431 516 459
D40 0.0107 494 0 542 48
D40 0.0107 494 8 543 31
D40 0.0107 154 492 196 527
D40 0.0107 214 364 298 399
D40 0.0107 0 312 57 386
D40 0.0107 81 35 553 329
D40 0.0106 30 343 127 377
D40 0.0106 234 500 292 523
D40 0.0106 120 361 184 381
D40 0.0105 125 152 501 384
D40 0.0105 339 404 400 428
D40 0.0105 449 351 584 411
D40 0.0105 495 0 526 34
D40 0.0105 374 407 441 430
D40 0.0105 0 482 31 519
D40 0.0104 21 65 82 88
D40 0.0104 15 375 141 425
D40 0.0104 247 365 368 407
D40 0.0104 144 356 244 388
D40 0.0103 0 423 29 463
D40 0.0103 166 0 308 56
D40 0.0103 173 0 225 18
D40 0.0103 331 364 444 406
D40 0.0103 500 462 569 504
D40 0.0103 57 0 214 88
D40 0.0103 470 440 531 485
D40 0.0103 6 458 79 531
D40 0.0103 229 371 288 427
D40 0.0102 254 403 339 431
D40 0.0102 349 362 600 516
D40 0.0102 0 117 78 198
D40 0.0102 131 471 183 510
D40 0.0102 232 413 322 460
D40 0.0101 440 382 553 424
D40 0.0101 118 505 195 534
D40 0.0101 14 0 78 86
D40 0.0101 145 382 217 413
D40 0.0100 50 142 110 181
D40 0.0100 397 365 520 462
D40 0.0100 148 9 205 33
D40 0.0100 161 424 197 467
D40 0.0100 246 456 327 517
