D00 0.0735 127 520 258 586
D00 0.0639 133 496 290 577
D00 0.0564 173 516 242 579
D00 0.0533 153 535 230 584
D00 0.0518 152 549 211 587
D00 0.0483 170 478 324 566
D00 0.0456 119 544 235 593
D00 0.0448 494 544 556 565
D00 0.0441 194 505 257 570
D00 0.0408 204 491 271 551
D00 0.0405 1 554 28 599
D00 0.0384 122 563 201 595
D00 0.0377 349 479 373 521
D00 0.0361 168 540 214 578
D00 0.0354 476 535 555 564
D00 0.0342 0 573 45 599
D00 0.0337 187 512 252 547
D00 0.0325 221 479 287 542
D00 0.0312 198 504 262 540
D00 0.0307 279 546 333 570
D00 0.0290 49 504 275 588
D00 0.0287 0 548 49 600
D00 0.0280 113 574 186 596
D00 0.0279 208 504 322 563
D00 0.0273 185 524 308 573
D00 0.0267 356 475 381 515
D00 0.0256 225 473 307 517
D00 0.0253 277 554 332 576
D00 0.0250 183 473 285 530
D00 0.0246 143 492 262 547
D00 0.0243 204 468 326 538
D00 0.0243 472 545 534 566
D00 0.0238 338 488 385 512
D00 0.0236 292 535 319 574
D00 0.0230 199 518 242 560
D00 0.0227 489 514 558 566
D00 0.0227 83 530 223 586
D00 0.0224 294 532 331 565
D00 0.0220 463 538 522 561
D00 0.0220 346 481 392 507
D00 0.0219 185 537 232 576
D00 0.0218 492 533 532 564
D00 0.0217 241 469 309 500
D00 0.0212 271 536 325 574
D00 0.0205 503 552 563 573
D00 0.0203 467 511 537 565
D00 0.0201 336 478 370 510
D00 0.0199 116 468 280 549
D00 0.0199 218 506 273 535
D00 0.0198 102 513 238 563
D00 0.0196 246 479 329 557
D00 0.0194 359 484 394 516
D00 0.0192 283 521 346 572
D00 0.0192 267 470 319 496
D00 0.0189 140 538 201 599
D00 0.0188 239 479 293 504
D00 0.0177 567 539 600 575
D00 0.0175 449 498 515 558
D00 0.0174 352 490 384 525
D00 0.0173 345 470 376 503
D00 0.0173 496 526 550 557
D00 0.0172 250 520 327 575
D00 0.0171 334 476 390 525
D00 0.0171 215 477 282 509
D00 0.0170 175 552 232 579
D00 0.0168 308 516 336 562
D00 0.0167 166 542 286 587
D00 0.0166 289 510 323 569
D00 0.0166 278 461 327 486
D00 0.0165 259 462 311 487
D00 0.0165 249 547 341 579
D00 0.0164 89 547 196 594
D00 0.0162 301 540 340 570
D00 0.0162 340 485 365 532
D00 0.0162 319 505 344 554
D00 0.0162 557 548 598 579
D00 0.0158 231 486 282 516
D00 0.0157 213 497 266 527
D00 0.0156 167 535 222 565
D00 0.0156 142 532 212 569
D00 0.0155 256 478 311 504
D00 0.0155 235 491 278 532
D00 0.0154 448 522 520 569
D00 0.0153 208 484 274 521
D00 0.0152 213 506 244 556
D00 0.0152 165 562 221 586
D00 0.0152 474 527 529 555
D00 0.0150 0 566 82 600
D00 0.0150 132 556 194 584
D00 0.0149 349 492 372 543
D00 0.0147 417 506 559 561
D00 0.0147 142 558 174 595
D00 0.0146 230 472 286 495
D00 0.0146 293 501 353 561
D00 0.0145 262 458 324 507
D00 0.0145 513 529 546 566
D00 0.0145 217 510 276 561
D00 0.0144 442 484 504 541
D00 0.0143 148 550 185 592
D00 0.0142 107 510 351 600
D00 0.0142 481 544 566 575
D00 0.0140 159 523 233 558
D00 0.0139 341 475 380 554
D00 0.0138 105 558 177 597
D00 0.0135 325 487 357 550
D00 0.0135 283 527 311 571
D00 0.0133 266 550 309 578
D00 0.0133 0 533 34 590
D00 0.0133 189 456 308 515
D00 0.0132 301 507 327 556
D00 0.0132 310 498 336 547
D00 0.0130 433 509 500 564
D00 0.0129 298 543 327 580
D00 0.0128 312 482 374 538
D00 0.0128 138 561 243 600
D00 0.0127 305 525 355 567
D00 0.0126 455 527 511 553
D00 0.0125 463 540 502 568
D00 0.0125 0 507 111 600
D00 0.0124 361 489 413 513
D00 0.0123 208 523 263 551
D00 0.0122 99 495 237 539
D00 0.0122 324 484 361 517
D00 0.0121 349 481 409 533
D00 0.0119 457 503 520 538
D00 0.0119 228 501 297 539
D00 0.0119 433 494 496 528
D00 0.0119 484 553 543 574
D00 0.0117 548 518 599 566
D00 0.0117 88 483 250 571
D00 0.0116 319 524 344 567
D00 0.0116 0 536 74 587
D00 0.0116 376 480 401 521
D00 0.0116 246 484 301 535
D00 0.0116 320 487 344 535
D00 0.0115 410 544 487 571
D00 0.0115 424 474 485 529
D00 0.0114 286 551 356 577
D00 0.0113 430 490 535 547
D00 0.0113 268 468 346 536
D00 0.0113 276 475 371 558
D00 0.0113 233 462 301 491
D00 0.0113 329 486 371 565
D00 0.0112 200 527 271 567
D00 0.0112 329 513 353 561
D00 0.0112 144 543 193 579
D00 0.0112 220 498 254 546
D00 0.0112 506 519 537 564
D00 0.0111 542 547 600 596
D00 0.0111 453 533 493 563
D00 0.0111 319 498 361 571
D00 0.0110 568 558 600 591
D00 0.0110 286 470 337 495
D00 0.0109 431 532 501 575
D00 0.0109 279 454 328 476
D00 0.0108 444 541 482 569
D00 0.0108 204 470 278 498
D00 0.0108 79 511 138 533
D00 0.0107 309 478 378 509
D00 0.0107 231 541 311 575
D00 0.0107 0 511 54 597
D00 0.0107 290 532 335 591
D00 0.0106 353 497 404 521
D00 0.0105 328 497 376 521
D00 0.0105 448 506 499 533
D00 0.0105 471 511 512 548
D00 0.0105 439 489 488 515
D00 0.0105 529 560 598 589
D00 0.0104 266 531 308 567
D00 0.0103 276 479 329 503
D00 0.0102 277 564 331 585
D00 0.0102 341 457 380 520
D00 0.0102 191 498 419 582
D00 0.0102 15 547 158 597
D00 0.0101 335 500 367 537
D00 0.0101 361 481 412 505
D00 0.0101 462 489 576 553
D00 0.0101 182 549 216 589
D00 0.0101 280 462 310 503
D00 0.0100 256 540 298 574
D10 0.0322 101 516 193 539
D10 0.0300 159 512 251 556
D10 0.0286 115 514 218 546
D10 0.0278 162 508 248 536
D10 0.0274 93 573 187 599
D10 0.0250 508 553 575 573
D10 0.0237 432 524 586 570
D10 0.0236 444 538 504 561
D10 0.0235 292 545 349 569
D10 0.0233 85 520 152 538
D10 0.0226 132 509 220 534
D10 0.0225 138 519 212 537
D10 0.0222 427 530 525 565
D10 0.0222 443 546 504 567
D10 0.0219 171 518 240 538
D10 0.0217 288 537 339 563
D10 0.0211 72 515 172 544
D10 0.0189 0 521 88 556
D10 0.0186 112 511 180 533
D10 0.0178 70 510 235 566
D10 0.0178 50 518 129 542
D10 0.0174 42 526 120 551
D10 0.0167 72 575 155 600
D10 0.0166 1 527 61 548
D10 0.0159 29 528 92 548
D10 0.0157 247 556 312 577
D10 0.0155 95 521 200 557
D10 0.0154 277 537 368 572
D10 0.0153 81 505 181 537
D10 0.0151 40 520 101 540
D10 0.0148 23 514 118 546
D10 0.0145 71 559 180 599
D10 0.0141 230 547 332 580
D10 0.0139 67 527 130 548
D10 0.0137 292 554 349 576
D10 0.0136 79 524 158 550
D10 0.0136 409 539 510 572
D10 0.0135 297 526 347 554
D10 0.0132 17 519 83 541
D10 0.0129 137 523 215 555
D10 0.0126 0 509 170 560
D10 0.0126 418 547 477 569
D10 0.0126 100 527 175 546
D10 0.0126 0 514 66 544
D10 0.0122 88 511 149 533
D10 0.0120 248 546 311 571
D10 0.0120 446 527 502 553
D10 0.0119 95 582 162 600
D10 0.0118 311 537 367 561
D10 0.0118 67 492 231 543
D10 0.0116 0 535 46 557
D10 0.0114 310 546 369 568
D10 0.0114 258 536 319 563
D10 0.0114 0 553 43 583
D10 0.0112 144 493 249 532
D10 0.0112 256 565 318 584
D10 0.0111 0 532 66 563
D10 0.0107 119 556 186 583
D10 0.0105 442 547 567 587
D10 0.0105 70 583 131 600
D10 0.0100 88 566 155 593
D20 0.0967 501 536 600 568
D20 0.0751 506 544 578 566
D20 0.0536 128 557 205 595
D20 0.0496 92 542 237 598
D20 0.0444 529 544 595 569
D20 0.0419 478 530 572 566
D20 0.0350 467 507 599 569
D20 0.0339 16 506 257 590
D20 0.0330 94 567 201 598
D20 0.0322 128 573 191 595
D20 0.0291 493 543 600 585
D20 0.0272 536 529 600 578
D20 0.0268 512 553 586 573
D20 0.0234 556 540 598 573
D20 0.0234 512 524 586 562
D20 0.0221 191 490 367 568
D20 0.0218 0 537 197 600
D20 0.0184 260 529 354 570
D20 0.0182 546 553 596 577
D20 0.0170 230 537 335 576
D20 0.0168 234 477 404 559
D20 0.0165 0 538 27 600
D20 0.0163 0 0 408 294
D20 0.0159 167 0 600 294
D20 0.0159 422 481 591 560
D20 0.0156 281 518 366 562
D20 0.0155 0 311 408 600
D20 0.0151 0 567 23 600
D20 0.0151 0 555 50 600
D20 0.0149 0 118 290 600
D20 0.0147 167 311 600 600
D20 0.0144 562 520 600 588
D20 0.0144 452 0 600 226
D20 0.0142 312 118 600 600
D20 0.0138 237 518 336 564
D20 0.0133 0 0 600 434
D20 0.0132 383 0 600 145
D20 0.0132 0 545 101 599
D20 0.0128 0 0 143 221
D20 0.0126 520 555 600 591
D20 0.0126 347 0 600 418
D20 0.0126 0 145 600 600
D20 0.0118 514 530 560 571
D20 0.0117 0 505 185 568
D20 0.0112 43 563 173 600
D20 0.0111 97 578 177 600
D20 0.0110 432 541 581 589
D20 0.0110 127 581 185 600
D20 0.0109 373 456 600 600
D20 0.0107 528 0 600 109
D20 0.0104 0 0 268 178
D20 0.0104 143 510 393 600
D20 0.0102 290 500 380 544
D20 0.0102 493 0 600 150
D20 0.0102 234 511 412 574
D20 0.0102 306 0 525 234
D20 0.0101 0 485 177 545
D20 0.0101 5 463 268 573
D40 0.0782 147 563 199 590
D40 0.0501 138 571 194 594
D40 0.0350 135 551 204 595
D40 0.0330 513 533 563 565
D40 0.0240 530 533 585 566
D40 0.0175 517 527 579 557
D40 0.0147 145 580 196 600
D40 0.0145 166 565 208 596
D40 0.0104 550 574 598 597
D40 0.0104 522 567 600 600
D40 0.0101 443 45 513 90
D40 0.0101 549 564 597 588
