D00 0.0344 336 122 382 147
D00 0.0322 326 114 375 141
D00 0.0224 345 114 391 142
D00 0.0214 347 112 375 151
D00 0.0208 0 526 42 600
D00 0.0207 2 468 121 598
D00 0.0202 309 107 388 146
D00 0.0199 384 236 435 261
D00 0.0193 0 336 170 600
D00 0.0190 307 114 361 139
D00 0.0176 419 333 596 600
D00 0.0166 1 169 51 196
D00 0.0165 1 540 27 596
D00 0.0161 0 419 89 576
D00 0.0158 0 493 31 583
D00 0.0156 31 413 142 595
D00 0.0156 317 106 366 132
D00 0.0153 352 123 401 148
D00 0.0152 1 159 67 193
D00 0.0151 337 106 367 145
D00 0.0151 82 186 162 351
D00 0.0149 0 153 87 300
D00 0.0148 385 226 455 259
D00 0.0147 339 101 396 150
D00 0.0144 66 499 109 586
D00 0.0144 343 102 378 137
D00 0.0143 0 465 62 597
D00 0.0143 346 339 521 600
D00 0.0142 2 179 55 283
D00 0.0141 355 106 383 147
D00 0.0141 49 453 117 584
D00 0.0141 544 547 600 600
D00 0.0141 377 227 425 269
D00 0.0141 75 342 251 600
D00 0.0135 272 343 445 600
D00 0.0135 352 125 384 156
D00 0.0133 157 342 328 600
D00 0.0132 1 168 97 222
D00 0.0132 0 159 39 205
D00 0.0131 337 251 385 324
D00 0.0130 1 520 26 579
D00 0.0129 488 500 600 600
D00 0.0128 8 155 119 204
D00 0.0128 299 106 350 130
D00 0.0125 491 373 597 571
D00 0.0124 5 509 82 593
D00 0.0123 0 553 74 600
D00 0.0122 357 222 445 264
D00 0.0122 450 378 563 572
D00 0.0122 328 203 446 306
D00 0.0122 0 572 47 599
D00 0.0122 572 553 599 600
D00 0.0121 112 208 156 283
D00 0.0121 0 466 32 551
D00 0.0120 0 531 125 600
D00 0.0120 346 272 375 319
D00 0.0119 489 193 600 305
D00 0.0118 255 526 297 600
D00 0.0118 24 493 101 575
D00 0.0116 5 174 81 253
D00 0.0115 532 440 600 592
D00 0.0115 1 501 25 558
D00 0.0115 52 496 145 599
D00 0.0114 431 173 594 262
D00 0.0114 322 223 410 317
D00 0.0112 13 195 70 301
D00 0.0112 68 417 181 596
D00 0.0111 341 221 474 282
D00 0.0110 15 380 104 548
D00 0.0110 551 572 599 600
D00 0.0110 371 193 571 299
D00 0.0107 565 517 600 600
D00 0.0107 7 183 110 341
D00 0.0107 120 216 149 262
D00 0.0107 96 157 178 311
D00 0.0106 369 232 427 295
D00 0.0106 433 534 600 600
D00 0.0105 138 155 171 191
D00 0.0105 114 193 194 348
D00 0.0105 58 485 104 559
D00 0.0105 535 379 600 544
D00 0.0105 538 207 600 322
D00 0.0105 386 181 599 530
D00 0.0104 360 205 494 268
D00 0.0104 568 329 600 408
D00 0.0104 98 214 149 329
D00 0.0103 566 253 600 330
D00 0.0103 15 486 188 586
D00 0.0103 28 155 148 333
D00 0.0103 410 381 526 572
D00 0.0103 249 396 387 600
D00 0.0102 327 105 357 144
D00 0.0102 2 213 52 320
D00 0.0102 470 462 600 575
D00 0.0102 0 168 54 230
D00 0.0101 369 234 450 273
D00 0.0101 405 226 595 329
D00 0.0101 137 398 273 600
D00 0.0100 6 475 81 557
D00 0.0100 382 228 501 273
D00 0.0100 394 222 421 263
D10 0.0267 0 367 71 395
D10 0.0245 2 377 62 399
D10 0.0223 307 237 359 258
D10 0.0196 433 496 600 580
D10 0.0186 1 372 91 405
D10 0.0173 296 230 374 265
D10 0.0166 401 424 451 447
D10 0.0164 372 516 565 591
D10 0.0158 382 416 473 457
D10 0.0157 533 250 599 284
D10 0.0152 0 267 62 301
D10 0.0146 314 245 368 267
D10 0.0146 407 529 506 566
D10 0.0145 390 226 465 257
D10 0.0144 482 509 592 561
D10 0.0140 469 483 600 551
D10 0.0140 0 368 38 392
D10 0.0138 463 294 556 329
D10 0.0137 393 504 538 567
D10 0.0137 18 506 109 554
D10 0.0135 468 520 600 592
D10 0.0135 305 237 383 277
D10 0.0135 0 301 46 328
D10 0.0134 384 428 450 460
D10 0.0133 342 312 400 333
D10 0.0131 474 305 579 337
D10 0.0130 0 486 91 543
D10 0.0130 539 312 595 334
D10 0.0129 283 233 354 260
D10 0.0129 335 493 522 578
D10 0.0124 512 546 600 595
D10 0.0124 300 229 350 254
D10 0.0124 0 282 44 306
D10 0.0123 391 537 483 578
D10 0.0120 432 233 513 262
D10 0.0120 0 359 48 385
D10 0.0118 399 234 487 260
D10 0.0117 530 522 600 553
D10 0.0117 504 253 600 297
D10 0.0117 0 380 66 413
D10 0.0117 0 292 45 319
D10 0.0116 34 487 126 544
D10 0.0116 0 262 41 290
D10 0.0116 0 271 72 319
D10 0.0116 539 320 595 343
D10 0.0116 423 530 544 580
D10 0.0115 0 469 163 572
D10 0.0115 416 423 470 446
D10 0.0114 487 314 590 346
D10 0.0114 0 341 96 387
D10 0.0114 523 303 600 342
D10 0.0113 320 234 398 263
D10 0.0111 29 378 86 398
D10 0.0111 399 406 491 448
D10 0.0111 465 274 600 336
D10 0.0110 395 472 584 563
D10 0.0108 139 160 186 187
D10 0.0108 0 423 45 448
D10 0.0106 416 337 495 364
D10 0.0106 103 351 207 383
D10 0.0105 471 302 533 324
D10 0.0105 409 415 460 440
D10 0.0105 364 422 442 452
D10 0.0105 409 432 460 455
D10 0.0105 26 321 142 365
D10 0.0104 317 537 407 581
D10 0.0103 258 222 359 258
D10 0.0103 0 271 32 296
D10 0.0103 485 312 552 333
D10 0.0103 344 282 392 308
D10 0.0103 412 225 496 255
D10 0.0103 0 449 82 496
D10 0.0102 337 228 428 269
D10 0.0102 7 302 123 351
D10 0.0102 337 273 384 300
D10 0.0102 271 223 399 286
D10 0.0101 365 236 418 261
D10 0.0101 52 328 130 355
D10 0.0101 329 266 410 311
D10 0.0100 514 525 600 572
D10 0.0100 335 522 478 586
D10 0.0100 0 414 74 462
D10 0.0100 0 292 73 337
D20 0.0166 0 233 41 308
D20 0.0159 383 222 485 258
D20 0.0151 0 169 75 210
D20 0.0149 373 214 544 283
D20 0.0141 0 0 408 294
D20 0.0140 4 162 127 230
D20 0.0140 411 230 518 262
D20 0.0137 167 0 600 294
D20 0.0131 381 454 600 600
D20 0.0129 0 311 408 600
D20 0.0128 433 227 600 309
D20 0.0124 0 118 290 600
D20 0.0124 0 454 212 600
D20 0.0124 231 385 600 595
D20 0.0120 0 251 34 333
D20 0.0119 0 181 66 340
D20 0.0119 312 118 600 600
D20 0.0119 0 0 206 144
D20 0.0119 453 364 600 600
D20 0.0117 386 0 600 145
D20 0.0114 0 0 600 434
D20 0.0113 0 170 46 250
D20 0.0111 0 275 44 348
D20 0.0110 0 364 144 600
D20 0.0109 0 180 142 281
D20 0.0107 435 265 600 338
D20 0.0106 326 305 600 541
D20 0.0105 4 218 52 293
D20 0.0105 52 236 600 600
D20 0.0103 0 526 106 600
D20 0.0102 526 0 600 112
D20 0.0102 339 273 398 329
D20 0.0101 397 247 570 326
D20 0.0100 0 478 72 600
D20 0.0100 510 565 600 600
D40 0.0282 0 164 83 200
D40 0.0223 15 171 82 194
D40 0.0168 551 263 600 288
D40 0.0167 525 245 600 289
D40 0.0164 349 312 406 334
D40 0.0148 312 233 351 262
D40 0.0145 415 182 498 221
D40 0.0140 14 171 100 212
D40 0.0139 9 162 70 189
D40 0.0137 0 256 29 295
D40 0.0137 333 304 417 337
D40 0.0134 539 255 595 280
D40 0.0128 8 178 72 200
D40 0.0121 561 252 600 300
D40 0.0121 351 302 402 328
D40 0.0118 450 225 600 311
D40 0.0114 2 246 37 286
D40 0.0110 205 301 253 326
D40 0.0104 188 290 272 331
D40 0.0103 537 260 600 309
D40 0.0101 211 285 246 321
D40 0.0100 331 280 408 327
