D00 0.2262 447 460 513 537
D00 0.2051 453 472 493 524
D00 0.1590 447 458 591 546
D00 0.1487 283 472 306 533
D00 0.1418 430 472 540 544
D00 0.1323 269 463 306 557
D00 0.1111 452 463 480 515
D00 0.1096 274 488 298 547
D00 0.1068 460 488 498 528
D00 0.1021 449 453 545 520
D00 0.0899 445 444 488 529
D00 0.0892 464 475 510 557
D00 0.0854 431 462 494 517
D00 0.0786 248 460 326 553
D00 0.0769 279 460 319 540
D00 0.0760 441 444 524 579
D00 0.0718 386 431 571 532
D00 0.0716 288 469 314 521
D00 0.0656 255 501 299 551
D00 0.0654 281 466 309 507
D00 0.0636 434 481 503 528
D00 0.0629 383 463 517 532
D00 0.0612 281 497 305 550
D00 0.0610 357 511 383 551
D00 0.0598 457 465 497 507
D00 0.0591 454 486 535 534
D00 0.0575 412 474 585 576
D00 0.0567 445 488 559 563
D00 0.0560 438 476 486 510
D00 0.0556 268 516 298 553
D00 0.0516 469 498 506 536
D00 0.0510 444 437 511 512
D00 0.0501 463 473 509 515
D00 0.0476 237 487 305 553
D00 0.0465 455 456 488 497
D00 0.0453 421 426 511 548
D00 0.0425 486 467 588 526
D00 0.0420 349 525 393 550
D00 0.0420 256 468 307 524
D00 0.0411 212 455 309 551
D00 0.0392 479 491 516 561
D00 0.0388 436 474 495 561
D00 0.0387 475 491 517 528
D00 0.0379 258 482 350 547
D00 0.0370 401 490 524 559
D00 0.0366 449 494 494 521
D00 0.0356 277 472 329 513
D00 0.0347 499 442 600 564
D00 0.0329 244 524 295 551
D00 0.0324 270 447 337 529
D00 0.0315 318 447 595 575
D00 0.0312 467 461 527 513
D00 0.0307 351 491 391 559
D00 0.0300 420 403 600 563
D00 0.0296 452 435 581 506
D00 0.0290 282 470 322 498
D00 0.0287 276 484 310 515
D00 0.0272 522 458 589 545
D00 0.0271 264 454 308 509
D00 0.0268 287 488 314 544
D00 0.0266 460 468 514 496
D00 0.0265 546 462 599 561
D00 0.0262 413 460 483 534
D00 0.0258 454 497 499 554
D00 0.0253 265 475 296 533
D00 0.0251 280 459 361 540
D00 0.0245 565 484 600 575
D00 0.0244 461 500 534 555
D00 0.0242 266 469 307 497
D00 0.0239 365 503 391 549
D00 0.0237 295 464 324 510
D00 0.0234 275 432 314 521
D00 0.0229 360 510 410 552
D00 0.0228 394 435 501 517
D00 0.0222 440 457 479 496
D00 0.0221 448 448 482 484
D00 0.0220 456 459 503 485
D00 0.0218 350 501 376 547
D00 0.0213 265 508 319 549
D00 0.0213 312 444 494 546
D00 0.0204 229 475 312 532
D00 0.0204 257 477 304 506
D00 0.0202 368 488 495 540
D00 0.0201 512 488 592 568
D00 0.0200 478 474 554 512
D00 0.0199 524 469 600 517
D00 0.0196 250 489 304 531
D00 0.0196 512 0 596 131
D00 0.0195 474 488 537 516
D00 0.0195 354 434 385 476
D00 0.0194 283 482 334 534
D00 0.0193 240 511 285 548
D00 0.0192 418 488 486 551
D00 0.0191 288 455 333 503
D00 0.0185 177 462 390 551
D00 0.0185 402 497 547 600
D00 0.0184 267 505 301 536
D00 0.0184 233 449 315 514
D00 0.0183 404 454 489 502
D00 0.0183 550 477 598 523
D00 0.0181 114 70 154 158
D00 0.0179 422 470 481 499
D00 0.0179 573 511 598 565
D00 0.0178 452 490 483 541
D00 0.0177 566 0 600 81
D00 0.0177 363 444 392 484
D00 0.0174 453 0 491 70
D00 0.0174 330 508 383 549
D00 0.0169 269 494 303 523
D00 0.0168 253 533 297 556
D00 0.0163 451 447 526 494
D00 0.0163 468 507 497 560
D00 0.0162 549 458 598 510
D00 0.0160 536 1 581 27
D00 0.0158 398 455 501 578
D00 0.0156 477 506 534 529
D00 0.0155 482 469 517 520
D00 0.0154 469 496 562 543
D00 0.0154 368 456 404 487
D00 0.0153 574 14 598 70
D00 0.0153 283 444 307 499
D00 0.0152 443 371 566 533
D00 0.0151 472 456 506 506
D00 0.0151 167 488 282 547
D00 0.0151 451 451 494 474
D00 0.0150 292 443 315 498
D00 0.0149 469 461 525 486
D00 0.0149 442 482 475 527
D00 0.0149 350 508 392 537
D00 0.0147 430 444 498 496
D00 0.0145 486 478 529 537
D00 0.0144 446 507 516 580
D00 0.0143 477 469 536 496
D00 0.0142 489 501 527 563
D00 0.0142 418 0 585 222
D00 0.0141 471 455 560 500
D00 0.0141 413 506 463 552
D00 0.0140 358 428 395 461
D00 0.0140 284 468 354 500
D00 0.0139 337 521 376 550
D00 0.0139 573 492 598 549
D00 0.0138 501 483 579 518
D00 0.0138 353 418 383 458
D00 0.0138 345 425 377 466
D00 0.0137 280 495 321 523
D00 0.0137 191 489 252 556
D00 0.0137 108 0 151 83
D00 0.0136 203 472 271 552
D00 0.0136 544 0 597 93
D00 0.0135 475 514 519 541
D00 0.0135 315 455 376 541
D00 0.0132 566 474 600 512
D00 0.0132 236 466 306 502
D00 0.0132 526 445 593 507
D00 0.0131 531 0 586 47
D00 0.0131 438 493 476 556
D00 0.0130 212 505 270 551
D00 0.0129 282 462 324 486
D00 0.0127 564 447 600 545
D00 0.0127 518 418 595 527
D00 0.0125 428 449 471 509
D00 0.0125 356 450 386 488
D00 0.0124 504 466 577 502
D00 0.0124 369 439 404 472
D00 0.0123 358 491 383 542
D00 0.0123 258 458 298 495
D00 0.0123 433 0 515 139
D00 0.0123 354 421 399 488
D00 0.0122 347 442 378 481
D00 0.0122 365 525 424 551
D00 0.0122 353 533 401 556
D00 0.0122 536 0 562 41
D00 0.0122 188 505 234 554
D00 0.0122 455 509 578 581
D00 0.0121 463 452 514 477
D00 0.0121 123 107 163 193
D00 0.0121 299 474 340 509
D00 0.0121 229 519 271 551
D00 0.0121 456 398 530 534
D00 0.0121 534 456 594 490
D00 0.0120 342 452 391 542
D00 0.0120 253 433 300 511
D00 0.0120 250 515 290 562
D00 0.0118 153 502 214 562
D00 0.0118 497 436 592 491
D00 0.0116 442 510 491 559
D00 0.0116 263 461 307 486
D00 0.0116 490 480 546 560
D00 0.0115 359 472 406 554
D00 0.0115 527 0 573 18
D00 0.0115 262 495 313 574
D00 0.0114 382 504 452 555
D00 0.0114 542 493 595 548
D00 0.0113 142 509 262 556
D00 0.0113 247 455 289 518
D00 0.0113 336 438 374 471
D00 0.0112 110 484 252 551
D00 0.0112 379 449 414 482
D00 0.0112 477 518 541 560
D00 0.0111 429 477 470 536
D00 0.0111 541 468 591 498
D00 0.0111 296 437 355 520
D00 0.0111 198 449 280 523
D00 0.0110 491 457 548 524
D00 0.0110 349 503 433 547
D00 0.0110 273 444 299 497
D00 0.0109 366 351 586 543
D00 0.0109 468 519 514 565
D00 0.0109 329 452 382 476
D00 0.0109 369 402 524 558
D00 0.0109 574 256 598 311
D00 0.0109 282 519 318 552
D00 0.0108 370 438 483 490
D00 0.0107 409 519 445 554
D00 0.0107 157 441 287 546
D00 0.0107 275 514 308 566
D00 0.0107 179 485 225 566
D00 0.0107 278 506 322 534
D00 0.0107 469 0 560 133
D00 0.0106 429 500 494 535
D00 0.0105 306 491 381 547
D00 0.0105 573 0 598 49
D00 0.0105 442 443 486 464
D00 0.0105 388 457 457 535
D00 0.0105 194 526 247 552
D00 0.0105 421 461 478 487
D00 0.0104 563 503 592 560
D00 0.0104 299 443 325 494
D00 0.0104 179 461 259 540
D00 0.0104 165 520 203 559
D00 0.0104 340 499 367 545
D00 0.0103 233 460 288 545
D00 0.0103 362 462 397 493
D00 0.0103 232 484 345 579
D00 0.0102 183 520 218 556
D00 0.0102 434 412 489 509
D00 0.0102 302 458 339 492
D00 0.0101 0 509 49 571
D00 0.0100 528 7 574 33
D00 0.0100 498 466 542 503
D00 0.0100 378 462 434 486
D10 0.0416 140 123 218 152
D10 0.0289 550 488 596 513
D10 0.0254 525 477 600 523
D10 0.0238 146 89 221 118
D10 0.0207 425 487 484 513
D10 0.0199 42 131 123 155
D10 0.0196 135 487 212 515
D10 0.0195 125 128 203 159
D10 0.0194 134 102 226 150
D10 0.0191 438 495 491 520
D10 0.0181 542 496 593 521
D10 0.0175 540 479 592 508
D10 0.0173 27 175 133 211
D10 0.0173 99 84 229 156
D10 0.0173 30 117 135 153
D10 0.0172 14 127 111 161
D10 0.0171 476 492 555 525
D10 0.0166 220 525 286 550
D10 0.0162 128 495 203 522
D10 0.0160 12 0 87 27
D10 0.0159 287 434 340 454
D10 0.0159 58 124 151 158
D10 0.0157 491 486 586 531
D10 0.0157 13 87 169 154
D10 0.0149 153 129 232 157
D10 0.0148 78 101 196 174
D10 0.0145 125 490 187 512
D10 0.0144 402 475 487 508
D10 0.0144 29 135 93 153
D10 0.0140 289 479 347 505
D10 0.0138 23 0 77 18
D10 0.0136 234 508 294 536
D10 0.0136 138 491 223 533
D10 0.0135 73 132 135 153
D10 0.0134 9 164 115 203
D10 0.0134 147 91 233 137
D10 0.0131 108 112 222 164
D10 0.0129 39 126 104 147
D10 0.0128 76 43 224 202
D10 0.0127 246 497 299 523
D10 0.0127 289 487 348 513
D10 0.0127 153 499 211 518
D10 0.0126 479 496 572 543
D10 0.0126 165 126 228 147
D10 0.0125 519 494 598 546
D10 0.0125 0 59 291 252
D10 0.0125 233 534 291 555
D10 0.0123 243 478 300 505
D10 0.0123 44 182 117 203
D10 0.0123 0 88 87 128
D10 0.0121 3 131 77 158
D10 0.0121 62 126 125 148
D10 0.0120 4 114 99 153
D10 0.0119 486 507 548 529
D10 0.0118 242 470 299 495
D10 0.0118 408 471 475 496
D10 0.0117 50 169 127 199
D10 0.0115 3 161 153 233
D10 0.0114 520 488 582 514
D10 0.0114 11 178 93 206
D10 0.0114 100 482 196 519
D10 0.0113 0 91 56 121
D10 0.0113 550 468 594 498
D10 0.0112 396 489 494 531
D10 0.0112 290 497 350 522
D10 0.0111 152 114 210 142
D10 0.0110 124 124 179 149
D10 0.0108 18 184 124 224
D10 0.0108 3 50 151 121
D10 0.0107 85 124 144 149
D10 0.0106 436 506 488 530
D10 0.0105 270 435 320 454
D10 0.0105 301 471 358 494
D10 0.0104 510 497 571 521
D10 0.0103 49 107 234 219
D10 0.0103 113 74 220 133
D10 0.0102 39 2 98 24
D10 0.0102 91 53 254 144
D10 0.0101 306 434 363 455
D20 0.0531 349 458 526 535
D20 0.0508 214 507 310 552
D20 0.0436 265 450 567 548
D20 0.0403 179 468 325 554
D20 0.0373 444 475 590 573
D20 0.0352 245 468 403 552
D20 0.0331 404 462 493 509
D20 0.0319 0 0 213 237
D20 0.0309 90 0 196 161
D20 0.0299 341 488 518 562
D20 0.0285 343 512 421 552
D20 0.0244 343 448 398 480
D20 0.0236 340 424 384 449
D20 0.0232 348 442 391 469
D20 0.0227 91 59 185 203
D20 0.0220 268 485 372 545
D20 0.0218 346 431 513 509
D20 0.0213 340 432 385 458
D20 0.0210 16 85 176 238
D20 0.0208 350 456 407 486
D20 0.0205 150 501 301 557
D20 0.0204 472 418 600 527
D20 0.0202 262 443 418 528
D20 0.0199 306 510 401 550
D20 0.0193 342 418 395 472
D20 0.0184 184 516 284 553
D20 0.0183 551 463 600 535
D20 0.0181 215 403 600 569
D20 0.0179 289 485 435 549
D20 0.0170 272 471 363 513
D20 0.0169 316 504 462 558
D20 0.0169 167 0 600 294
D20 0.0168 230 474 519 573
D20 0.0167 411 416 600 573
D20 0.0167 13 75 185 169
D20 0.0167 0 311 408 600
D20 0.0167 0 0 408 294
D20 0.0166 315 434 394 474
D20 0.0160 349 491 470 542
D20 0.0160 0 118 290 600
D20 0.0160 0 123 143 268
D20 0.0151 15 34 191 140
D20 0.0150 347 416 391 441
D20 0.0150 91 478 272 556
D20 0.0149 317 419 391 456
D20 0.0148 218 487 312 540
D20 0.0146 15 0 195 101
D20 0.0146 312 118 600 600
D20 0.0145 127 454 552 600
D20 0.0144 110 45 227 176
D20 0.0143 0 50 162 316
D20 0.0141 285 433 404 496
D20 0.0139 0 0 357 150
D20 0.0138 0 0 600 434
D20 0.0136 331 481 399 549
D20 0.0136 0 145 600 600
D20 0.0135 51 494 288 578
D20 0.0131 64 0 290 225
D20 0.0131 347 420 404 451
D20 0.0130 324 446 452 548
D20 0.0128 475 513 565 563
D20 0.0128 379 455 484 494
D20 0.0126 289 467 389 530
D20 0.0125 455 0 600 218
D20 0.0124 339 460 389 483
D20 0.0123 133 490 348 572
D20 0.0121 352 446 439 485
D20 0.0121 0 458 233 600
D20 0.0121 322 431 455 491
D20 0.0118 0 0 121 70
D20 0.0118 309 452 400 489
D20 0.0118 108 28 174 142
D20 0.0117 46 412 505 567
D20 0.0116 365 510 467 553
D20 0.0116 481 525 600 600
D20 0.0115 202 526 260 551
D20 0.0115 202 425 468 541
D20 0.0114 351 471 470 524
D20 0.0111 268 505 531 600
D20 0.0111 345 435 422 477
D20 0.0110 0 0 80 31
D20 0.0110 118 0 220 120
D20 0.0109 0 0 251 450
D20 0.0108 308 420 421 516
D20 0.0107 355 431 399 492
D20 0.0107 206 525 302 557
D20 0.0105 131 516 217 562
D20 0.0105 33 447 349 556
D20 0.0105 306 323 600 530
D20 0.0104 104 4 184 93
D20 0.0103 324 0 600 178
D20 0.0103 325 415 384 444
D20 0.0101 74 500 215 566
D20 0.0101 287 429 388 463
D40 0.0287 348 452 393 478
D40 0.0259 355 460 401 485
D40 0.0237 113 5 178 73
D40 0.0220 111 11 144 51
D40 0.0208 112 13 179 47
D40 0.0206 96 117 154 153
D40 0.0204 105 91 159 157
D40 0.0190 107 0 149 75
D40 0.0181 90 68 189 170
D40 0.0179 118 107 150 147
D40 0.0170 115 19 152 61
D40 0.0165 36 90 194 186
D40 0.0160 557 483 596 517
D40 0.0158 7 83 218 239
D40 0.0150 118 123 153 161
D40 0.0144 119 26 171 55
D40 0.0142 87 100 165 175
D40 0.0134 112 10 160 38
D40 0.0129 96 7 164 57
D40 0.0128 139 13 186 69
D40 0.0121 102 111 185 160
D40 0.0121 0 39 171 131
D40 0.0117 108 49 172 154
D40 0.0116 116 107 158 192
D40 0.0115 35 66 177 143
D40 0.0113 53 94 182 281
D40 0.0112 126 13 160 67
D40 0.0107 363 469 412 491
D40 0.0105 21 143 200 255
D40 0.0102 176 534 224 557
