D00 0.0886 291 406 324 441
D00 0.0813 302 480 322 535
D00 0.0803 347 375 379 441
D00 0.0739 294 474 318 527
D00 0.0699 287 408 353 442
D00 0.0688 327 381 388 444
D00 0.0685 295 468 328 556
D00 0.0681 327 297 415 459
D00 0.0621 285 454 323 534
D00 0.0594 263 387 352 557
D00 0.0591 0 451 131 588
D00 0.0542 355 315 412 431
D00 0.0535 0 521 48 593
D00 0.0523 258 393 333 441
D00 0.0514 359 290 385 342
D00 0.0499 357 296 402 390
D00 0.0497 351 395 384 437
D00 0.0479 446 398 570 591
D00 0.0477 339 337 398 441
D00 0.0470 36 414 161 545
D00 0.0467 62 401 186 515
D00 0.0457 15 393 223 585
D00 0.0451 204 331 256 353
D00 0.0443 267 404 326 433
D00 0.0434 105 422 167 484
D00 0.0428 288 390 329 450
D00 0.0427 356 285 410 345
D00 0.0421 362 296 399 335
D00 0.0414 275 440 339 581
D00 0.0397 0 502 88 593
D00 0.0397 265 439 317 555
D00 0.0392 2 540 30 592
D00 0.0390 403 349 596 599
D00 0.0388 425 401 463 488
D00 0.0386 215 322 263 348
D00 0.0384 553 391 598 473
D00 0.0379 413 388 454 462
D00 0.0377 333 282 431 403
D00 0.0375 286 399 380 449
D00 0.0362 370 329 407 392
D00 0.0362 462 467 537 597
D00 0.0361 295 421 358 445
D00 0.0358 350 366 374 420
D00 0.0357 127 426 162 465
D00 0.0348 78 421 211 492
D00 0.0346 116 409 176 470
D00 0.0345 479 528 530 600
D00 0.0341 296 439 352 551
D00 0.0340 352 305 395 359
D00 0.0340 229 354 395 574
D00 0.0339 344 385 412 443
D00 0.0337 354 279 388 314
D00 0.0331 65 427 143 572
D00 0.0329 291 389 391 547
D00 0.0328 319 403 394 457
D00 0.0326 353 357 388 425
D00 0.0320 229 387 323 565
D00 0.0319 10 434 125 534
D00 0.0319 91 382 198 474
D00 0.0314 88 431 151 499
D00 0.0312 366 323 393 383
D00 0.0309 61 557 169 595
D00 0.0305 342 376 368 428
D00 0.0302 358 314 385 370
D00 0.0301 433 416 457 474
D00 0.0301 273 474 320 526
D00 0.0299 373 299 416 334
D00 0.0298 333 352 378 434
D00 0.0294 285 401 313 442
D00 0.0294 422 400 448 454
D00 0.0289 8 468 81 574
D00 0.0287 413 394 440 447
D00 0.0281 296 411 362 464
D00 0.0281 38 481 159 587
D00 0.0279 74 421 199 569
D00 0.0278 356 293 432 368
D00 0.0278 307 476 331 529
D00 0.0277 367 336 429 439
D00 0.0276 300 479 340 571
D00 0.0276 284 420 335 443
D00 0.0274 0 558 57 593
D00 0.0273 363 371 469 463
D00 0.0270 400 374 526 498
D00 0.0270 340 300 387 380
D00 0.0270 117 434 156 474
D00 0.0270 401 399 446 452
D00 0.0269 301 455 324 520
D00 0.0269 277 401 339 515
D00 0.0269 194 338 249 361
D00 0.0268 364 291 408 321
D00 0.0266 333 396 377 436
D00 0.0265 333 407 403 442
D00 0.0264 344 276 389 356
D00 0.0261 373 307 422 396
D00 0.0260 57 571 140 599
D00 0.0259 534 374 600 489
D00 0.0257 408 370 475 493
D00 0.0257 303 495 323 557
D00 0.0257 355 333 392 404
D00 0.0256 313 388 383 427
D00 0.0255 110 430 208 475
D00 0.0255 347 392 392 465
D00 0.0255 426 386 493 516
D00 0.0254 156 374 341 584
D00 0.0253 346 275 391 297
D00 0.0253 250 457 360 593
D00 0.0251 283 486 321 518
D00 0.0249 288 346 415 484
D00 0.0249 434 392 524 556
D00 0.0247 384 306 424 340
D00 0.0246 346 348 526 579
D00 0.0246 144 361 183 398
D00 0.0245 254 413 321 438
D00 0.0245 338 392 381 422
D00 0.0242 56 413 162 470
D00 0.0242 3 535 64 581
D00 0.0242 173 440 223 481
D00 0.0241 350 298 377 349
D00 0.0240 73 414 137 509
D00 0.0240 277 394 318 428
D00 0.0239 239 444 311 579
D00 0.0238 503 388 598 559
D00 0.0237 365 300 409 364
D00 0.0236 282 395 355 429
D00 0.0234 229 308 265 343
D00 0.0233 250 410 344 447
D00 0.0231 477 573 529 598
D00 0.0230 323 350 453 517
D00 0.0230 562 399 591 454
D00 0.0230 93 438 149 555
D00 0.0230 247 382 332 492
D00 0.0229 521 394 596 460
D00 0.0229 94 428 161 464
D00 0.0227 247 421 303 539
D00 0.0227 30 448 136 503
D00 0.0226 280 409 340 467
D00 0.0224 286 487 324 582
D00 0.0224 463 551 546 600
D00 0.0224 484 556 522 596
D00 0.0220 432 418 475 499
D00 0.0219 153 353 190 389
D00 0.0218 328 298 412 352
D00 0.0218 134 419 170 456
D00 0.0216 209 369 352 516
D00 0.0216 300 404 336 444
D00 0.0215 283 383 374 484
D00 0.0214 360 383 390 434
D00 0.0214 101 385 233 549
D00 0.0213 282 459 309 517
D00 0.0213 293 495 332 525
D00 0.0213 341 360 425 459
D00 0.0213 197 569 281 600
D00 0.0212 0 566 32 599
D00 0.0211 350 404 405 433
D00 0.0211 128 431 182 459
D00 0.0210 553 386 596 435
D00 0.0210 333 322 396 399
D00 0.0210 347 287 401 324
D00 0.0209 1 572 49 596
D00 0.0209 340 385 383 411
D00 0.0209 313 440 372 548
D00 0.0208 11 212 49 297
D00 0.0207 6 466 104 521
D00 0.0205 48 446 118 555
D00 0.0204 349 283 377 332
D00 0.0204 223 316 254 353
D00 0.0201 68 457 130 523
D00 0.0201 36 475 103 548
D00 0.0196 34 403 149 492
D00 0.0195 302 429 390 473
D00 0.0195 0 454 68 512
D00 0.0194 20 383 225 488
D00 0.0194 541 417 592 468
D00 0.0193 265 461 306 523
D00 0.0192 261 415 430 581
D00 0.0192 339 282 386 306
D00 0.0192 382 379 444 447
D00 0.0192 571 391 597 443
D00 0.0192 452 458 509 579
D00 0.0192 98 542 173 592
D00 0.0192 143 345 202 399
D00 0.0190 0 501 59 567
D00 0.0190 214 323 245 358
D00 0.0190 304 446 336 529
D00 0.0189 271 369 320 445
D00 0.0187 488 499 534 582
D00 0.0187 382 339 412 386
D00 0.0187 523 402 585 502
D00 0.0186 425 416 450 469
D00 0.0186 93 453 140 507
D00 0.0185 98 441 176 585
D00 0.0184 555 419 599 498
D00 0.0184 101 371 185 443
D00 0.0184 572 407 597 463
D00 0.0182 97 443 157 483
D00 0.0182 341 416 383 448
D00 0.0181 209 310 268 355
D00 0.0181 355 387 483 508
D00 0.0180 418 450 518 600
D00 0.0180 105 395 223 453
D00 0.0180 363 283 408 307
D00 0.0179 405 387 432 438
D00 0.0178 292 318 381 447
D00 0.0178 486 449 571 593
D00 0.0178 483 568 555 600
D00 0.0177 285 482 341 523
D00 0.0177 449 421 505 531
D00 0.0177 447 514 526 593
D00 0.0177 192 543 271 597
D00 0.0176 22 497 96 561
D00 0.0175 328 309 380 355
D00 0.0175 296 367 368 446
D00 0.0174 115 413 197 533
D00 0.0174 348 316 377 366
D00 0.0173 383 397 460 469
D00 0.0172 102 446 132 500
D00 0.0170 359 273 395 303
D00 0.0169 295 496 317 556
D00 0.0169 348 490 374 533
D00 0.0169 294 460 385 567
D00 0.0169 128 410 163 448
D00 0.0169 358 408 383 452
D00 0.0167 225 381 279 455
D00 0.0167 11 541 46 589
D00 0.0167 133 423 194 467
D00 0.0167 97 362 205 409
D00 0.0167 494 541 526 594
D00 0.0166 497 420 595 467
D00 0.0165 465 439 523 561
D00 0.0165 0 529 36 569
D00 0.0164 149 349 197 373
D00 0.0164 112 424 162 450
D00 0.0164 185 432 230 503
D00 0.0164 329 420 388 462
D00 0.0163 340 465 382 540
D00 0.0163 110 437 142 490
D00 0.0162 334 272 391 324
D00 0.0162 110 435 177 502
D00 0.0162 279 496 370 595
D00 0.0162 439 426 466 483
D00 0.0161 294 380 318 433
D00 0.0160 90 396 165 461
D00 0.0160 385 403 504 534
D00 0.0160 185 436 216 475
D00 0.0159 0 477 66 542
D00 0.0158 0 552 38 583
D00 0.0158 289 462 318 506
D00 0.0157 151 440 217 496
D00 0.0157 213 328 261 365
D00 0.0156 331 316 409 369
D00 0.0156 252 482 329 532
D00 0.0155 310 576 372 598
D00 0.0155 310 403 377 505
D00 0.0155 533 406 593 446
D00 0.0154 495 533 574 597
D00 0.0154 323 424 398 555
D00 0.0154 70 371 289 600
D00 0.0154 353 335 441 394
D00 0.0152 386 337 488 470
D00 0.0152 409 366 442 439
D00 0.0151 64 474 111 557
D00 0.0151 367 304 450 344
D00 0.0151 200 445 273 583
D00 0.0151 307 426 355 457
D00 0.0151 390 574 446 599
D00 0.0151 130 379 176 462
D00 0.0150 252 457 285 524
D00 0.0148 552 409 584 461
D00 0.0148 438 564 531 600
D00 0.0148 435 437 488 552
D00 0.0148 315 408 371 443
D00 0.0147 91 534 146 600
D00 0.0147 274 423 315 518
D00 0.0147 380 307 414 354
D00 0.0147 396 365 479 443
D00 0.0146 53 453 176 531
D00 0.0146 336 331 369 411
D00 0.0146 91 574 163 595
D00 0.0145 17 523 80 576
D00 0.0145 357 293 461 421
D00 0.0145 419 381 498 460
D00 0.0145 284 479 377 529
D00 0.0145 429 389 476 469
D00 0.0145 300 416 328 462
D00 0.0144 191 328 236 356
D00 0.0143 381 322 446 421
D00 0.0142 445 389 506 489
D00 0.0141 538 419 600 569
D00 0.0141 106 559 148 592
D00 0.0140 92 482 151 586
D00 0.0140 289 419 348 485
D00 0.0140 498 391 574 481
D00 0.0140 226 421 284 538
D00 0.0140 180 423 251 571
D00 0.0140 265 499 320 592
D00 0.0139 139 427 166 475
D00 0.0139 341 388 423 510
D00 0.0139 325 268 378 289
D00 0.0138 344 309 390 339
D00 0.0138 347 270 376 307
D00 0.0138 0 453 50 577
D00 0.0137 306 389 356 444
D00 0.0137 333 272 373 300
D00 0.0136 314 478 371 583
D00 0.0136 182 451 219 488
D00 0.0136 0 467 42 515
D00 0.0136 370 283 430 337
D00 0.0136 6 433 108 490
D00 0.0135 343 414 415 468
D00 0.0135 197 316 251 353
D00 0.0135 0 177 41 256
D00 0.0135 298 511 328 582
D00 0.0135 132 358 183 384
D00 0.0135 197 391 276 518
D00 0.0134 156 343 207 384
D00 0.0133 437 357 573 501
D00 0.0133 471 496 521 584
D00 0.0132 390 403 438 432
D00 0.0132 366 274 406 332
D00 0.0132 465 458 499 525
D00 0.0132 137 424 218 564
D00 0.0132 284 572 362 600
D00 0.0132 206 330 237 366
D00 0.0131 515 506 583 593
D00 0.0131 255 464 299 543
D00 0.0130 381 314 428 370
D00 0.0130 71 441 127 492
D00 0.0130 324 316 359 351
D00 0.0130 207 312 255 338
D00 0.0129 242 314 269 350
D00 0.0129 123 413 189 445
D00 0.0129 479 542 508 595
D00 0.0129 411 421 454 449
D00 0.0129 469 393 560 518
D00 0.0128 80 466 117 531
D00 0.0128 125 442 163 480
D00 0.0128 141 362 270 498
D00 0.0127 45 504 119 591
D00 0.0127 553 526 600 600
D00 0.0127 190 326 253 369
D00 0.0127 334 317 370 381
D00 0.0126 319 485 384 536
D00 0.0126 122 367 178 394
D00 0.0126 355 341 411 382
D00 0.0126 0 327 248 541
D00 0.0125 562 427 591 476
D00 0.0125 317 368 374 418
D00 0.0125 272 400 304 442
D00 0.0125 0 350 145 576
D00 0.0125 283 488 311 541
D00 0.0125 133 370 220 473
D00 0.0125 321 315 363 401
D00 0.0124 37 398 151 450
D00 0.0124 0 416 85 553
D00 0.0124 57 373 169 458
D00 0.0124 157 342 210 363
D00 0.0124 412 419 478 562
D00 0.0124 122 404 153 456
D00 0.0124 102 520 171 578
D00 0.0124 364 364 407 430
D00 0.0124 19 228 44 287
D00 0.0123 6 470 61 498
D00 0.0123 158 414 234 537
D00 0.0122 225 302 269 325
D00 0.0122 415 425 459 479
D00 0.0122 138 366 171 408
D00 0.0122 376 293 425 319
D00 0.0122 322 310 343 354
D00 0.0122 56 433 144 481
D00 0.0122 349 265 404 319
D00 0.0122 338 299 367 349
D00 0.0122 72 390 140 475
D00 0.0122 127 355 188 432
D00 0.0122 331 290 380 342
D00 0.0122 187 433 243 476
D00 0.0122 298 427 330 506
D00 0.0122 309 497 332 555
D00 0.0121 238 298 273 331
D00 0.0121 382 567 471 600
D00 0.0121 195 445 223 493
D00 0.0121 412 411 512 466
D00 0.0121 348 341 376 401
D00 0.0121 222 556 290 598
D00 0.0121 344 300 390 327
D00 0.0121 460 530 512 600
D00 0.0120 93 441 148 468
D00 0.0120 337 431 401 490
D00 0.0120 82 561 133 593
D00 0.0120 65 547 133 591
D00 0.0120 309 503 353 590
D00 0.0119 303 486 358 534
D00 0.0119 231 411 287 453
D00 0.0118 267 415 310 446
D00 0.0118 245 384 306 452
D00 0.0117 348 438 391 531
D00 0.0117 159 361 201 397
D00 0.0117 111 530 144 589
D00 0.0117 461 406 526 508
D00 0.0117 224 481 284 583
D00 0.0116 388 365 428 432
D00 0.0116 53 501 104 554
D00 0.0116 563 378 592 427
D00 0.0116 230 572 320 600
D00 0.0116 204 336 252 381
D00 0.0115 291 417 321 489
D00 0.0115 52 467 108 520
D00 0.0114 390 301 437 382
D00 0.0114 258 447 294 512
D00 0.0114 137 438 195 483
D00 0.0113 113 497 157 575
D00 0.0113 377 549 442 600
D00 0.0113 328 384 362 434
D00 0.0113 394 313 432 348
D00 0.0113 296 547 365 600
D00 0.0113 292 478 330 507
D00 0.0113 14 355 220 448
D00 0.0112 207 561 253 595
D00 0.0112 14 447 90 503
D00 0.0112 434 480 493 589
D00 0.0112 49 484 129 537
D00 0.0112 321 296 364 364
D00 0.0112 19 415 131 468
D00 0.0112 93 464 122 515
D00 0.0111 113 550 155 584
D00 0.0111 331 488 375 560
D00 0.0111 400 417 452 465
D00 0.0111 522 463 581 577
D00 0.0111 206 421 262 534
D00 0.0111 197 438 240 517
D00 0.0110 67 562 114 592
D00 0.0110 262 473 288 525
D00 0.0110 454 447 492 515
D00 0.0110 85 467 147 527
D00 0.0110 262 480 307 565
D00 0.0109 333 432 454 600
D00 0.0109 345 267 391 289
D00 0.0109 312 454 406 600
D00 0.0109 519 553 600 599
D00 0.0109 194 347 247 369
D00 0.0109 274 351 345 440
D00 0.0109 353 421 388 480
D00 0.0109 243 504 303 592
D00 0.0108 393 299 433 333
D00 0.0108 356 498 498 600
D00 0.0108 318 525 362 600
D00 0.0108 430 442 462 484
D00 0.0108 520 359 586 435
D00 0.0108 327 345 360 420
D00 0.0108 211 323 350 459
D00 0.0107 284 256 429 465
D00 0.0107 98 417 141 481
D00 0.0107 221 333 282 420
D00 0.0107 131 327 239 375
D00 0.0106 96 551 141 585
D00 0.0106 84 459 133 487
D00 0.0106 274 417 321 462
D00 0.0106 37 343 157 512
D00 0.0106 392 356 457 423
D00 0.0106 430 393 456 448
D00 0.0105 270 481 300 531
D00 0.0105 360 321 416 358
D00 0.0105 438 437 486 491
D00 0.0105 68 582 128 600
D00 0.0105 465 568 506 600
D00 0.0105 0 449 39 501
D00 0.0105 418 429 509 485
D00 0.0105 210 475 248 565
D00 0.0104 271 452 299 506
D00 0.0104 0 179 55 306
D00 0.0104 239 465 281 546
D00 0.0103 488 524 517 580
D00 0.0103 0 483 41 534
D00 0.0103 196 338 260 410
D00 0.0103 291 423 323 457
D00 0.0103 376 282 415 313
D00 0.0103 264 385 308 433
D00 0.0103 462 468 519 535
D00 0.0103 217 295 262 338
D00 0.0102 0 550 20 597
D00 0.0102 362 275 410 296
D00 0.0102 166 447 248 493
D00 0.0101 344 495 390 536
D00 0.0101 206 507 251 585
D00 0.0101 264 405 311 476
D00 0.0101 569 436 600 503
D00 0.0101 500 421 566 532
D00 0.0100 85 467 131 497
D00 0.0100 373 400 434 497
D00 0.0100 42 578 119 600
D00 0.0100 467 581 521 600
D00 0.0100 363 570 438 600
D10 0.0826 264 400 416 454
D10 0.0691 0 555 105 591
D10 0.0570 287 414 391 452
D10 0.0516 11 565 88 587
D10 0.0484 0 524 66 557
D10 0.0483 31 563 128 592
D10 0.0446 113 563 236 598
D10 0.0445 312 423 384 446
D10 0.0438 23 548 178 592
D10 0.0435 197 540 301 579
D10 0.0421 171 385 279 416
D10 0.0412 492 375 573 404
D10 0.0408 118 532 279 584
D10 0.0403 154 441 226 471
D10 0.0399 9 526 151 584
D10 0.0375 286 400 382 438
D10 0.0374 300 427 383 458
D10 0.0367 7 554 71 582
D10 0.0366 316 330 375 351
D10 0.0363 171 523 330 589
D10 0.0357 465 367 545 397
D10 0.0347 214 547 284 567
D10 0.0333 181 549 285 591
D10 0.0333 316 413 382 440
D10 0.0332 2 533 50 561
D10 0.0325 233 331 296 349
D10 0.0324 295 331 357 351
D10 0.0317 164 563 259 595
D10 0.0311 114 432 241 479
D10 0.0310 65 562 151 594
D10 0.0308 252 331 316 350
D10 0.0295 0 527 43 550
D10 0.0291 311 320 400 361
D10 0.0291 1 517 95 566
D10 0.0291 56 553 145 585
D10 0.0290 133 568 215 592
D10 0.0283 182 543 261 571
D10 0.0281 297 390 383 426
D10 0.0278 15 570 108 597
D10 0.0276 288 426 397 476
D10 0.0275 3 563 48 590
D10 0.0274 190 393 264 413
D10 0.0273 31 556 107 581
D10 0.0270 262 397 324 423
D10 0.0268 340 422 397 444
D10 0.0265 335 410 453 458
D10 0.0265 0 519 52 542
D10 0.0264 226 543 305 570
D10 0.0263 338 328 388 352
D10 0.0259 503 381 586 412
D10 0.0256 198 556 263 580
D10 0.0252 66 542 149 575
D10 0.0251 291 397 361 422
D10 0.0248 261 324 372 356
D10 0.0247 213 419 289 449
D10 0.0246 102 571 193 597
D10 0.0245 157 553 252 584
D10 0.0243 209 534 291 565
D10 0.0240 226 549 350 594
D10 0.0238 326 432 388 455
D10 0.0235 348 418 434 447
D10 0.0233 99 548 208 589
D10 0.0232 328 320 381 347
D10 0.0230 423 360 529 398
D10 0.0229 321 402 379 433
D10 0.0226 224 413 318 452
D10 0.0226 224 324 323 353
D10 0.0225 552 402 594 429
D10 0.0221 244 322 305 345
D10 0.0221 6 541 57 575
D10 0.0220 161 435 220 461
D10 0.0217 88 540 188 579
D10 0.0216 3 514 77 549
D10 0.0214 312 386 377 412
D10 0.0214 1 567 69 597
D10 0.0213 172 394 275 431
D10 0.0211 238 423 301 445
D10 0.0209 325 393 378 421
D10 0.0208 297 338 355 359
D10 0.0208 0 226 41 248
D10 0.0207 453 369 517 391
D10 0.0207 97 547 156 569
D10 0.0205 96 555 158 580
D10 0.0203 491 405 593 452
D10 0.0200 373 359 498 411
D10 0.0200 204 561 288 597
D10 0.0199 235 527 340 583
D10 0.0198 318 337 373 360
D10 0.0197 179 450 231 475
D10 0.0197 102 564 170 591
D10 0.0196 217 414 273 438
D10 0.0196 261 389 322 412
D10 0.0196 180 528 284 571
D10 0.0195 170 432 244 465
D10 0.0195 273 339 338 358
D10 0.0194 540 394 591 421
D10 0.0194 127 437 209 470
D10 0.0193 186 405 280 447
D10 0.0193 366 427 450 455
D10 0.0189 0 482 67 516
D10 0.0187 351 318 396 344
D10 0.0185 15 538 99 577
D10 0.0185 316 422 415 463
D10 0.0183 239 538 295 560
D10 0.0183 341 377 387 401
D10 0.0182 201 537 258 561
D10 0.0181 533 398 594 435
D10 0.0181 227 443 464 570
D10 0.0180 475 428 585 480
D10 0.0179 304 416 446 485
D10 0.0179 18 503 139 570
D10 0.0179 308 322 365 347
D10 0.0178 354 392 433 425
D10 0.0177 17 526 81 551
D10 0.0176 255 340 314 359
D10 0.0175 250 415 374 491
D10 0.0174 222 555 290 579
D10 0.0170 303 435 373 467
D10 0.0169 199 425 260 447
D10 0.0169 145 450 209 474
D10 0.0168 258 422 319 444
D10 0.0168 271 549 381 595
D10 0.0168 116 556 189 580
D10 0.0167 156 510 279 566
D10 0.0167 361 405 432 431
D10 0.0166 438 525 541 589
D10 0.0165 503 370 562 396
D10 0.0164 172 532 250 563
D10 0.0164 48 530 130 564
D10 0.0163 388 344 520 393
D10 0.0163 245 333 352 365
D10 0.0163 487 411 562 443
D10 0.0162 353 367 399 392
D10 0.0161 552 411 593 439
D10 0.0159 361 337 466 393
D10 0.0157 117 542 208 569
D10 0.0157 169 418 270 459
D10 0.0157 398 421 447 449
D10 0.0156 118 446 232 495
D10 0.0155 82 429 158 463
D10 0.0154 264 322 325 345
D10 0.0154 351 394 402 421
D10 0.0154 201 506 307 566
D10 0.0153 378 375 496 433
D10 0.0153 30 520 103 556
D10 0.0152 167 546 242 565
D10 0.0151 338 336 388 362
D10 0.0151 376 397 433 420
D10 0.0150 143 399 242 436
D10 0.0149 538 385 590 413
D10 0.0149 236 339 293 359
D10 0.0148 0 518 43 569
D10 0.0148 0 215 54 262
D10 0.0145 521 417 592 455
D10 0.0145 16 533 80 560
D10 0.0144 8 474 87 508
D10 0.0144 295 497 388 538
D10 0.0143 294 430 344 454
D10 0.0143 220 338 271 360
D10 0.0143 55 545 124 569
D10 0.0143 150 412 229 440
D10 0.0141 287 388 345 410
D10 0.0140 284 322 345 347
D10 0.0140 304 549 422 596
D10 0.0140 151 421 226 455
D10 0.0140 92 510 227 565
D10 0.0139 377 418 460 464
D10 0.0139 89 534 165 567
D10 0.0138 509 389 589 424
D10 0.0138 144 558 224 580
D10 0.0137 310 574 389 600
D10 0.0137 192 403 258 424
D10 0.0137 522 427 600 476
D10 0.0136 90 468 178 513
D10 0.0135 443 376 508 397
D10 0.0135 74 476 156 522
D10 0.0135 76 537 138 561
D10 0.0135 167 395 240 416
D10 0.0134 59 507 175 567
D10 0.0133 314 506 373 531
D10 0.0133 327 333 411 394
D10 0.0132 72 419 151 452
D10 0.0132 492 538 562 577
D10 0.0132 498 436 580 470
D10 0.0132 196 433 256 457
D10 0.0131 524 377 584 402
D10 0.0131 551 421 593 450
D10 0.0128 493 542 591 593
D10 0.0128 494 401 571 436
D10 0.0128 551 431 594 459
D10 0.0127 285 284 344 305
D10 0.0127 488 552 537 583
D10 0.0127 461 502 547 570
D10 0.0126 507 415 576 439
D10 0.0126 435 405 532 448
D10 0.0125 365 386 422 410
D10 0.0125 0 501 65 538
D10 0.0124 137 532 232 560
D10 0.0124 116 537 174 562
D10 0.0124 118 445 193 478
D10 0.0124 316 377 374 403
D10 0.0122 452 435 577 511
D10 0.0122 348 432 409 454
D10 0.0122 224 338 356 396
D10 0.0121 99 489 150 512
D10 0.0120 0 233 40 257
D10 0.0120 271 335 394 394
D10 0.0120 99 424 158 449
D10 0.0119 0 496 51 520
D10 0.0119 493 505 589 569
D10 0.0118 358 327 402 351
D10 0.0118 159 406 224 427
D10 0.0117 278 524 371 585
D10 0.0117 158 447 270 495
D10 0.0117 244 503 333 565
D10 0.0117 44 561 97 590
D10 0.0117 99 479 149 505
D10 0.0116 329 441 387 466
D10 0.0116 220 332 310 365
D10 0.0116 506 423 576 449
D10 0.0116 276 294 334 312
D10 0.0116 434 429 533 485
D10 0.0115 37 534 100 559
D10 0.0115 179 425 239 449
D10 0.0115 542 440 590 467
D10 0.0114 481 544 530 570
D10 0.0114 281 445 369 509
D10 0.0113 344 551 465 596
D10 0.0112 198 423 301 463
D10 0.0112 234 550 316 582
D10 0.0112 244 427 314 456
D10 0.0111 553 450 596 475
D10 0.0111 303 497 362 526
D10 0.0111 268 284 323 304
D10 0.0111 191 416 253 437
D10 0.0111 45 546 115 589
D10 0.0109 495 563 558 592
D10 0.0108 220 432 278 454
D10 0.0107 375 521 528 594
D10 0.0106 498 446 591 498
D10 0.0106 83 488 132 513
D10 0.0106 295 468 386 526
D10 0.0106 248 533 319 565
D10 0.0105 454 405 513 429
D10 0.0105 116 480 170 504
D10 0.0105 485 406 541 429
D10 0.0105 108 484 175 514
D10 0.0105 295 441 342 463
D10 0.0103 295 293 354 311
D10 0.0103 253 546 314 568
D10 0.0103 131 536 196 559
D10 0.0103 517 431 582 458
D10 0.0102 499 535 556 561
D10 0.0102 251 379 309 405
D10 0.0102 465 414 523 436
D10 0.0102 225 428 326 480
D10 0.0101 58 526 116 551
D10 0.0101 510 444 586 478
D10 0.0100 518 559 595 595
D10 0.0100 470 553 522 582
D20 0.2085 39 386 505 583
D20 0.1743 0 453 360 597
D20 0.1631 186 374 425 446
D20 0.1174 192 348 494 464
D20 0.1105 114 365 448 511
D20 0.1084 0 504 163 594
D20 0.0958 278 386 433 448
D20 0.0947 58 518 303 594
D20 0.0930 222 355 592 525
D20 0.0898 275 331 419 449
D20 0.0842 226 396 394 439
D20 0.0823 122 371 328 438
D20 0.0725 146 441 593 600
D20 0.0716 431 377 600 469
D20 0.0693 168 380 283 414
D20 0.0667 21 468 227 591
D20 0.0653 282 405 389 447
D20 0.0638 219 390 326 428
D20 0.0637 208 392 387 473
D20 0.0635 119 545 310 597
D20 0.0614 307 356 474 452
D20 0.0612 115 398 320 477
D20 0.0607 6 535 235 597
D20 0.0602 377 368 600 598
D20 0.0562 1 544 138 592
D20 0.0554 330 300 434 447
D20 0.0545 157 394 378 592
D20 0.0545 74 551 252 593
D20 0.0539 249 386 373 533
D20 0.0539 126 358 288 419
D20 0.0537 0 525 54 591
D20 0.0528 149 513 349 593
D20 0.0520 437 362 591 417
D20 0.0518 456 504 600 598
D20 0.0509 34 396 299 563
D20 0.0498 253 361 437 487
D20 0.0497 284 371 551 477
D20 0.0494 325 367 408 444
D20 0.0484 86 417 269 493
D20 0.0480 468 375 589 431
D20 0.0475 340 395 443 440
D20 0.0467 225 402 328 444
D20 0.0465 363 355 584 448
D20 0.0461 199 330 396 426
D20 0.0448 125 563 272 600
D20 0.0427 1 513 91 589
D20 0.0419 297 379 387 441
D20 0.0415 465 542 568 594
D20 0.0408 2 461 140 579
D20 0.0407 186 387 323 526
D20 0.0404 88 367 263 451
D20 0.0402 432 418 580 588
D20 0.0395 455 453 548 600
D20 0.0380 109 316 446 455
D20 0.0375 222 322 272 347
D20 0.0373 113 476 282 595
D20 0.0361 359 294 418 349
D20 0.0356 330 468 594 600
D20 0.0354 235 309 419 403
D20 0.0350 290 389 427 514
D20 0.0348 274 321 548 443
D20 0.0346 496 386 598 482
D20 0.0345 436 406 599 507
D20 0.0344 264 377 533 600
D20 0.0341 394 527 576 600
D20 0.0341 215 356 359 437
D20 0.0338 63 360 346 468
D20 0.0336 191 463 358 595
D20 0.0336 238 423 344 568
D20 0.0334 69 384 232 475
D20 0.0332 56 557 159 596
D20 0.0331 189 558 291 599
D20 0.0323 71 563 213 600
D20 0.0314 148 369 262 409
D20 0.0314 344 329 524 417
D20 0.0313 351 355 410 419
D20 0.0312 17 165 600 591
D20 0.0312 153 437 238 475
D20 0.0309 66 531 216 584
D20 0.0309 0 356 219 600
D20 0.0307 465 512 539 593
D20 0.0302 119 343 261 403
D20 0.0300 130 357 219 401
D20 0.0293 189 328 256 356
D20 0.0293 114 417 247 469
D20 0.0289 214 316 304 349
D20 0.0287 167 337 300 408
D20 0.0282 62 425 223 523
D20 0.0274 337 346 456 427
D20 0.0274 229 304 401 355
D20 0.0269 115 366 193 408
D20 0.0268 235 322 295 345
D20 0.0267 317 399 461 463
D20 0.0264 123 428 307 525
D20 0.0263 208 541 363 598
D20 0.0251 2 419 151 513
D20 0.0247 281 423 398 559
D20 0.0244 252 378 329 437
D20 0.0244 61 482 175 587
D20 0.0244 296 290 435 385
D20 0.0243 168 543 269 595
D20 0.0243 531 381 600 460
D20 0.0242 474 409 589 467
D20 0.0242 281 375 353 443
D20 0.0241 119 377 254 427
D20 0.0239 418 346 574 403
D20 0.0239 0 15 557 441
D20 0.0238 227 306 323 344
D20 0.0238 76 501 246 576
D20 0.0232 256 460 319 524
D20 0.0231 107 424 241 565
D20 0.0229 89 540 188 595
D20 0.0228 488 523 590 587
D20 0.0227 161 334 250 368
D20 0.0227 0 469 77 514
D20 0.0225 311 311 401 355
D20 0.0225 4 377 253 512
D20 0.0221 183 339 244 361
D20 0.0220 0 305 343 564
D20 0.0220 299 429 388 471
D20 0.0217 483 474 571 595
D20 0.0215 355 337 427 389
D20 0.0213 192 315 368 391
D20 0.0211 181 485 292 585
D20 0.0211 257 285 409 343
D20 0.0211 224 489 473 589
D20 0.0211 146 350 240 392
D20 0.0210 218 309 277 343
D20 0.0208 86 286 550 505
D20 0.0207 139 317 292 388
D20 0.0205 0 493 51 575
D20 0.0204 159 420 308 488
D20 0.0204 404 547 531 595
D20 0.0204 0 562 78 599
D20 0.0203 87 359 218 418
D20 0.0203 378 391 555 488
D20 0.0202 325 275 379 297
D20 0.0202 34 440 194 554
D20 0.0202 509 361 593 423
D20 0.0201 361 315 466 459
D20 0.0201 150 387 264 421
D20 0.0201 508 371 600 600
D20 0.0200 208 432 305 588
D20 0.0200 345 305 448 388
D20 0.0199 238 500 340 592
D20 0.0198 293 369 395 418
D20 0.0198 0 457 61 598
D20 0.0197 228 372 328 417
D20 0.0197 311 324 422 409
D20 0.0197 0 0 408 294
D20 0.0196 346 390 411 427
D20 0.0195 265 482 384 599
D20 0.0194 238 332 451 565
D20 0.0194 35 535 145 581
D20 0.0193 359 374 469 435
D20 0.0193 148 524 252 587
D20 0.0192 167 0 600 294
D20 0.0190 375 344 495 435
D20 0.0190 191 522 281 587
D20 0.0189 416 354 546 429
D20 0.0189 211 393 280 451
D20 0.0189 169 429 266 594
D20 0.0188 119 440 218 483
D20 0.0188 17 523 114 572
D20 0.0186 286 270 391 300
D20 0.0186 303 400 548 529
D20 0.0183 163 373 276 496
D20 0.0182 167 427 264 468
D20 0.0181 312 118 600 600
D20 0.0180 257 530 440 600
D20 0.0178 0 118 290 600
D20 0.0178 70 414 166 462
D20 0.0178 173 316 256 352
D20 0.0177 342 282 449 345
D20 0.0177 443 379 550 531
D20 0.0176 14 389 176 473
D20 0.0171 240 315 354 349
D20 0.0171 493 368 572 412
D20 0.0171 466 358 544 403
D20 0.0171 477 562 564 600
D20 0.0170 478 446 600 570
D20 0.0169 187 318 318 372
D20 0.0168 78 532 156 588
D20 0.0167 238 312 293 339
D20 0.0166 493 394 591 444
D20 0.0166 295 275 355 296
D20 0.0162 143 390 249 520
D20 0.0162 175 332 236 354
D20 0.0161 118 351 192 395
D20 0.0161 219 567 330 600
D20 0.0161 174 425 225 486
D20 0.0160 0 511 30 589
D20 0.0159 116 326 341 419
D20 0.0156 0 391 101 600
D20 0.0156 129 387 224 458
D20 0.0153 73 394 164 441
D20 0.0153 203 319 300 438
D20 0.0152 232 289 354 336
D20 0.0151 258 268 355 299
D20 0.0150 276 275 333 296
D20 0.0149 315 267 372 288
D20 0.0148 143 461 253 573
D20 0.0148 173 304 297 355
D20 0.0148 157 346 232 375
D20 0.0148 299 277 396 311
D20 0.0147 321 324 402 377
D20 0.0146 0 453 87 500
D20 0.0146 216 455 331 538
D20 0.0145 326 291 406 342
D20 0.0144 304 537 512 600
D20 0.0143 472 503 560 571
D20 0.0143 169 441 258 484
D20 0.0143 208 350 271 421
D20 0.0142 290 296 480 505
D20 0.0141 545 358 600 502
D20 0.0140 105 372 172 426
D20 0.0140 39 514 137 562
D20 0.0139 232 415 357 492
D20 0.0139 61 530 119 600
D20 0.0138 268 455 380 538
D20 0.0136 450 264 600 584
D20 0.0136 26 562 116 600
D20 0.0136 142 573 243 600
D20 0.0136 349 406 431 454
D20 0.0135 186 322 244 346
D20 0.0134 0 464 50 533
D20 0.0134 193 473 319 558
D20 0.0133 275 567 371 600
D20 0.0133 377 497 523 600
D20 0.0133 294 267 353 287
D20 0.0133 563 371 600 446
D20 0.0133 137 367 210 421
D20 0.0131 289 445 469 544
D20 0.0131 219 295 297 337
D20 0.0130 105 528 208 568
D20 0.0129 232 255 464 464
D20 0.0129 368 355 424 436
D20 0.0129 277 262 375 291
D20 0.0128 205 330 286 364
D20 0.0128 554 397 600 476
D20 0.0128 137 537 220 600
D20 0.0128 271 537 348 598
D20 0.0126 524 478 600 600
D20 0.0126 343 295 503 370
D20 0.0126 319 319 369 360
D20 0.0126 192 305 265 346
D20 0.0125 360 314 430 370
D20 0.0124 136 344 213 384
D20 0.0124 305 284 366 304
D20 0.0124 505 543 600 595
D20 0.0124 275 266 331 287
D20 0.0123 291 301 379 360
D20 0.0122 434 352 536 395
D20 0.0122 38 527 102 599
D20 0.0122 268 278 367 308
D20 0.0121 139 350 187 416
D20 0.0120 364 551 489 596
D20 0.0119 129 360 178 432
D20 0.0119 266 321 357 443
D20 0.0119 192 281 371 347
D20 0.0118 193 408 267 463
D20 0.0118 0 170 41 257
D20 0.0117 82 505 149 572
D20 0.0117 542 367 595 437
D20 0.0117 233 351 291 422
D20 0.0116 20 538 80 600
D20 0.0116 52 505 106 585
D20 0.0115 406 343 513 473
D20 0.0115 69 350 200 449
D20 0.0114 381 383 438 450
D20 0.0113 372 311 487 396
D20 0.0113 507 332 600 467
D20 0.0112 453 0 600 218
D20 0.0112 194 349 374 507
D20 0.0111 289 330 382 412
D20 0.0110 86 476 230 556
D20 0.0110 256 312 312 337
D20 0.0110 498 510 555 589
D20 0.0109 114 471 200 593
D20 0.0109 243 265 421 329
D20 0.0109 70 507 125 586
D20 0.0109 458 348 577 455
D20 0.0108 356 380 415 447
D20 0.0107 137 272 388 557
D20 0.0107 210 299 266 329
D20 0.0107 388 323 600 487
D20 0.0107 389 345 437 413
D20 0.0106 307 352 361 431
D20 0.0106 291 352 336 441
D20 0.0105 314 306 354 373
D20 0.0104 306 564 423 600
D20 0.0103 0 0 144 221
D20 0.0103 251 258 336 291
D20 0.0103 304 537 382 599
D20 0.0103 270 299 339 349
D20 0.0102 296 254 600 489
D20 0.0101 191 420 241 487
D20 0.0100 238 333 333 410
D20 0.0100 256 555 397 600
D40 0.2416 223 391 286 412
D40 0.1708 190 386 329 429
D40 0.1344 227 399 287 424
D40 0.1160 203 389 388 442
D40 0.1141 144 376 340 436
D40 0.1067 135 369 429 484
D40 0.1038 487 377 552 398
D40 0.0890 188 381 283 414
D40 0.0817 370 365 419 389
D40 0.0786 227 381 274 410
D40 0.0748 378 359 430 384
D40 0.0693 470 370 558 402
D40 0.0654 242 391 300 418
D40 0.0643 178 365 301 418
D40 0.0634 167 391 345 476
D40 0.0593 221 375 297 416
D40 0.0566 151 395 299 445
D40 0.0559 358 356 431 395
D40 0.0493 364 309 413 336
D40 0.0492 218 384 282 429
D40 0.0460 224 401 314 445
D40 0.0452 486 376 571 413
D40 0.0416 161 444 221 468
D40 0.0413 161 398 384 528
D40 0.0404 495 383 561 405
D40 0.0402 356 299 423 345
D40 0.0398 196 407 320 457
D40 0.0397 215 384 261 412
D40 0.0395 135 437 230 473
D40 0.0383 115 379 311 504
D40 0.0367 151 413 288 464
D40 0.0363 363 360 400 397
D40 0.0352 356 368 417 402
D40 0.0330 230 413 288 439
D40 0.0322 216 364 363 423
D40 0.0318 434 375 574 428
D40 0.0314 381 355 412 396
D40 0.0314 3 556 40 592
D40 0.0305 353 412 456 451
D40 0.0304 243 397 336 461
D40 0.0304 133 575 215 596
D40 0.0300 374 347 403 392
D40 0.0296 247 403 319 430
D40 0.0295 171 449 223 475
D40 0.0286 260 392 310 423
D40 0.0283 201 397 274 425
D40 0.0275 482 371 525 399
D40 0.0272 372 351 473 390
D40 0.0260 353 371 388 407
D40 0.0259 456 391 586 451
D40 0.0258 125 417 221 459
D40 0.0258 278 399 379 456
D40 0.0257 142 377 249 414
D40 0.0256 95 567 201 599
D40 0.0254 366 341 412 408
D40 0.0254 470 379 542 410
D40 0.0253 373 422 442 446
D40 0.0246 434 402 581 477
D40 0.0244 379 345 415 382
D40 0.0240 470 431 557 474
D40 0.0239 370 317 419 341
D40 0.0228 416 360 520 398
D40 0.0227 129 375 182 402
D40 0.0226 240 379 296 407
D40 0.0224 0 469 85 513
D40 0.0224 152 432 277 477
D40 0.0224 435 368 539 407
D40 0.0223 390 351 420 390
D40 0.0218 472 383 556 431
D40 0.0216 375 332 436 389
D40 0.0215 391 359 454 382
D40 0.0214 484 516 544 588
D40 0.0213 200 339 304 400
D40 0.0212 109 574 185 595
D40 0.0209 348 379 409 415
D40 0.0208 361 413 434 440
D40 0.0207 150 434 215 461
D40 0.0204 484 422 582 467
D40 0.0203 175 570 267 599
D40 0.0202 241 484 333 532
D40 0.0202 136 371 211 404
D40 0.0202 92 359 262 473
D40 0.0202 119 385 173 408
D40 0.0200 106 376 183 418
D40 0.0191 336 506 383 531
D40 0.0190 230 381 315 491
D40 0.0190 187 439 228 471
D40 0.0189 213 378 299 458
D40 0.0187 377 373 428 399
D40 0.0185 134 413 212 442
D40 0.0184 398 406 438 446
D40 0.0178 27 523 127 571
D40 0.0177 492 538 531 578
D40 0.0176 485 441 542 466
D40 0.0173 387 350 440 377
D40 0.0172 433 368 500 390
D40 0.0172 88 289 474 476
D40 0.0172 378 361 429 411
D40 0.0170 397 375 524 430
D40 0.0170 205 374 271 438
D40 0.0169 14 558 64 589
D40 0.0169 263 487 315 517
D40 0.0166 224 390 261 426
D40 0.0166 502 371 536 403
D40 0.0165 135 387 235 425
D40 0.0165 4 479 62 506
D40 0.0163 24 452 111 497
D40 0.0163 134 399 231 438
D40 0.0160 255 473 304 525
D40 0.0160 444 396 540 439
D40 0.0158 168 386 241 409
D40 0.0157 0 476 51 522
D40 0.0156 235 325 274 351
D40 0.0156 96 385 172 431
D40 0.0155 179 432 221 465
D40 0.0154 472 407 560 450
D40 0.0153 140 423 205 450
D40 0.0151 490 531 554 567
D40 0.0151 217 401 273 446
D40 0.0151 251 407 300 440
D40 0.0148 472 364 513 396
D40 0.0148 258 488 293 527
D40 0.0147 193 418 277 490
D40 0.0146 452 418 538 494
D40 0.0146 492 432 551 460
D40 0.0145 238 381 302 433
D40 0.0145 401 367 500 410
D40 0.0144 488 546 552 588
D40 0.0144 165 341 225 363
D40 0.0142 210 358 284 412
D40 0.0142 152 362 232 397
D40 0.0142 134 384 191 406
D40 0.0141 159 377 227 402
D40 0.0141 292 429 370 474
D40 0.0141 156 567 230 600
D40 0.0140 391 351 480 422
D40 0.0139 204 391 269 476
D40 0.0138 486 439 577 483
D40 0.0136 246 376 280 415
D40 0.0135 487 532 579 585
D40 0.0135 150 386 217 407
D40 0.0135 176 437 208 474
D40 0.0135 273 381 344 449
D40 0.0134 404 360 444 392
D40 0.0133 110 394 163 417
D40 0.0132 191 377 257 406
D40 0.0132 241 482 299 550
D40 0.0132 162 349 224 371
D40 0.0131 125 528 246 564
D40 0.0130 242 567 349 600
D40 0.0130 112 559 158 593
D40 0.0129 324 324 359 355
D40 0.0129 222 351 309 441
D40 0.0128 459 375 528 435
D40 0.0128 404 366 467 388
D40 0.0128 493 520 528 561
D40 0.0128 131 448 220 493
D40 0.0126 62 405 146 449
D40 0.0126 494 393 550 420
D40 0.0126 434 376 499 398
D40 0.0125 465 353 552 397
D40 0.0124 387 400 433 436
D40 0.0124 474 494 532 570
D40 0.0124 434 382 523 459
D40 0.0124 501 388 579 424
D40 0.0122 318 498 400 536
D40 0.0122 185 380 253 456
D40 0.0121 147 440 207 482
D40 0.0121 252 480 285 521
D40 0.0121 486 530 523 569
D40 0.0121 327 499 377 527
D40 0.0120 202 387 248 414
D40 0.0120 140 581 207 600
D40 0.0120 140 564 188 594
D40 0.0119 453 535 539 588
D40 0.0119 478 422 532 467
D40 0.0119 44 443 133 489
D40 0.0118 453 363 495 394
D40 0.0118 102 386 158 411
D40 0.0117 155 435 235 506
D40 0.0117 486 423 541 450
D40 0.0117 441 435 562 512
D40 0.0117 248 500 314 535
D40 0.0117 447 415 543 460
D40 0.0116 112 397 198 445
D40 0.0116 182 348 241 370
D40 0.0116 400 355 429 398
D40 0.0116 366 373 424 423
D40 0.0115 447 380 522 414
D40 0.0114 463 370 504 401
D40 0.0114 476 406 531 429
D40 0.0112 28 470 91 495
D40 0.0111 447 390 520 427
D40 0.0111 317 415 404 487
D40 0.0111 476 415 532 437
D40 0.0111 283 575 347 598
D40 0.0110 199 568 245 598
D40 0.0109 231 468 320 519
D40 0.0109 24 530 93 581
D40 0.0109 189 381 234 412
D40 0.0109 160 396 227 417
D40 0.0109 71 423 129 447
D40 0.0109 347 350 407 390
D40 0.0108 493 366 548 427
D40 0.0108 72 414 127 440
D40 0.0108 128 319 294 436
D40 0.0108 436 442 530 489
D40 0.0108 40 461 99 486
D40 0.0107 141 413 181 445
D40 0.0107 74 486 156 532
D40 0.0107 362 391 408 426
D40 0.0106 60 423 146 469
D40 0.0106 478 395 530 421
D40 0.0106 36 448 104 481
D40 0.0106 51 512 106 562
D40 0.0106 163 353 239 385
D40 0.0105 494 509 563 574
D40 0.0105 0 487 42 514
D40 0.0105 493 450 549 474
D40 0.0105 5 521 38 570
D40 0.0105 241 391 287 447
D40 0.0104 258 463 295 504
D40 0.0104 209 573 301 600
D40 0.0103 363 417 411 447
D40 0.0103 359 431 459 472
D40 0.0103 143 407 204 429
D40 0.0103 395 425 440 456
D40 0.0102 510 375 545 414
D40 0.0102 514 367 558 399
D40 0.0102 466 446 539 478
D40 0.0101 82 399 156 434
D40 0.0101 523 375 570 406
D40 0.0101 252 498 284 537
