D00 0.0931 196 345 227 416
D00 0.0758 208 342 231 406
D00 0.0755 186 331 239 437
D00 0.0715 171 347 224 458
D00 0.0679 111 382 222 591
D00 0.0620 158 322 235 484
D00 0.0586 179 361 225 415
D00 0.0548 141 362 223 525
D00 0.0547 217 299 242 350
D00 0.0505 226 297 249 349
D00 0.0485 205 368 230 422
D00 0.0475 201 309 238 404
D00 0.0470 201 497 242 574
D00 0.0459 342 304 429 391
D00 0.0454 153 390 208 501
D00 0.0420 133 331 260 589
D00 0.0399 197 377 223 429
D00 0.0385 218 313 240 369
D00 0.0380 210 295 245 387
D00 0.0363 217 332 239 394
D00 0.0357 150 432 196 505
D00 0.0353 342 306 379 345
D00 0.0351 207 509 236 561
D00 0.0346 130 405 203 533
D00 0.0345 172 379 216 415
D00 0.0344 24 364 222 600
D00 0.0344 341 303 399 365
D00 0.0340 359 333 446 394
D00 0.0337 195 308 259 427
D00 0.0337 157 372 229 420
D00 0.0333 209 325 233 384
D00 0.0324 209 465 249 541
D00 0.0306 184 378 218 449
D00 0.0304 128 318 241 429
D00 0.0296 189 383 225 412
D00 0.0295 208 307 235 357
D00 0.0282 338 317 476 403
D00 0.0276 349 314 388 353
D00 0.0273 169 313 229 408
D00 0.0269 187 348 219 405
D00 0.0268 236 296 256 348
D00 0.0266 218 285 253 356
D00 0.0260 356 324 405 378
D00 0.0259 130 444 190 560
D00 0.0259 176 390 210 464
D00 0.0259 200 341 250 416
D00 0.0253 148 359 239 438
D00 0.0249 201 290 242 356
D00 0.0245 213 358 239 415
D00 0.0243 328 296 383 351
D00 0.0239 150 329 217 420
D00 0.0238 164 360 206 416
D00 0.0234 100 329 228 481
D00 0.0232 158 445 188 499
D00 0.0232 336 298 371 336
D00 0.0232 180 383 238 494
D00 0.0231 374 342 422 396
D00 0.0229 133 433 182 510
D00 0.0228 215 495 255 592
D00 0.0222 176 375 288 577
D00 0.0219 202 495 248 535
D00 0.0219 361 302 444 434
D00 0.0216 180 392 221 418
D00 0.0213 59 362 203 521
D00 0.0211 191 362 225 396
D00 0.0211 160 427 224 537
D00 0.0206 150 440 180 495
D00 0.0204 165 387 205 420
D00 0.0203 179 339 228 396
D00 0.0203 204 297 238 336
D00 0.0197 172 437 249 564
D00 0.0195 216 516 241 577
D00 0.0192 166 439 197 492
D00 0.0192 216 478 243 532
D00 0.0192 198 373 233 405
D00 0.0191 144 569 221 600
D00 0.0191 172 327 272 456
D00 0.0189 158 381 214 451
D00 0.0188 78 546 139 597
D00 0.0187 358 325 412 417
D00 0.0183 156 437 193 475
D00 0.0182 193 510 231 583
D00 0.0182 379 341 454 413
D00 0.0181 194 370 238 448
D00 0.0180 370 340 408 381
D00 0.0178 304 295 441 376
D00 0.0177 128 430 207 489
D00 0.0176 208 317 245 345
D00 0.0176 166 406 203 471
D00 0.0175 225 466 263 539
D00 0.0174 137 375 199 480
D00 0.0171 143 462 210 577
D00 0.0171 100 392 331 600
D00 0.0170 221 509 249 559
D00 0.0169 181 312 239 376
D00 0.0166 221 313 249 387
D00 0.0165 317 308 386 379
D00 0.0165 198 329 226 383
D00 0.0165 195 305 231 344
D00 0.0164 145 453 181 521
D00 0.0163 119 356 222 411
D00 0.0163 165 483 232 585
D00 0.0162 189 462 239 544
D00 0.0160 217 307 254 340
D00 0.0158 332 525 371 600
D00 0.0158 161 375 190 418
D00 0.0157 177 423 205 471
D00 0.0157 445 560 513 596
D00 0.0156 365 333 426 372
D00 0.0156 195 393 235 420
D00 0.0155 181 369 250 423
D00 0.0154 54 343 236 429
D00 0.0154 96 413 229 521
D00 0.0154 329 296 411 435
D00 0.0151 66 426 199 548
D00 0.0150 191 354 227 382
D00 0.0149 203 388 232 438
D00 0.0149 114 404 219 483
D00 0.0148 199 361 256 464
D00 0.0148 173 353 216 393
D00 0.0146 64 550 117 596
D00 0.0145 94 565 141 599
D00 0.0145 141 447 171 501
D00 0.0145 202 379 246 429
D00 0.0145 140 444 195 485
D00 0.0144 90 442 173 572
D00 0.0143 566 524 600 600
D00 0.0143 346 307 408 342
D00 0.0142 347 352 430 406
D00 0.0142 222 288 251 323
D00 0.0142 461 573 518 599
D00 0.0141 186 410 213 461
D00 0.0141 226 496 260 531
D00 0.0141 114 569 193 600
D00 0.0139 160 287 258 406
D00 0.0139 0 559 106 599
D00 0.0138 340 299 398 334
D00 0.0138 135 320 231 373
D00 0.0136 363 338 518 417
D00 0.0134 28 570 102 600
D00 0.0133 327 304 363 342
D00 0.0133 130 493 173 582
D00 0.0133 164 304 298 528
D00 0.0131 125 451 310 576
D00 0.0130 182 499 238 544
D00 0.0129 168 390 199 442
D00 0.0129 362 328 411 356
D00 0.0129 194 460 262 577
D00 0.0129 195 325 231 357
D00 0.0128 221 317 274 415
D00 0.0127 388 358 424 399
D00 0.0127 196 520 252 594
D00 0.0127 212 501 271 545
D00 0.0127 0 535 54 597
D00 0.0126 363 332 399 399
D00 0.0126 333 313 379 364
D00 0.0125 214 388 241 437
D00 0.0125 133 343 201 433
D00 0.0124 102 539 149 600
D00 0.0124 319 293 480 570
D00 0.0124 227 290 264 342
D00 0.0123 0 571 74 600
D00 0.0123 192 349 240 390
D00 0.0122 391 331 477 399
D00 0.0122 375 322 488 377
D00 0.0121 181 402 220 428
D00 0.0120 176 327 357 600
D00 0.0120 194 398 223 450
D00 0.0119 147 431 185 467
D00 0.0119 423 539 495 597
D00 0.0119 68 291 287 594
D00 0.0119 351 302 477 367
D00 0.0118 540 473 600 594
D00 0.0118 350 336 396 365
D00 0.0118 420 515 600 597
D00 0.0118 340 324 394 417
D00 0.0118 151 454 210 522
D00 0.0118 224 342 248 398
D00 0.0117 353 316 417 351
D00 0.0117 135 466 171 531
D00 0.0117 151 303 239 351
D00 0.0116 191 392 262 532
D00 0.0116 140 437 176 476
D00 0.0116 384 462 432 484
D00 0.0115 334 333 414 384
D00 0.0115 380 347 430 375
D00 0.0115 344 337 449 521
D00 0.0114 190 346 229 372
D00 0.0112 258 343 292 429
D00 0.0112 207 531 233 586
D00 0.0112 336 575 390 599
D00 0.0111 376 342 429 439
D00 0.0110 175 445 204 498
D00 0.0110 27 380 216 467
D00 0.0110 382 351 445 389
D00 0.0109 55 512 123 598
D00 0.0109 543 545 600 600
D00 0.0109 397 474 485 600
D00 0.0109 166 365 273 501
D00 0.0109 169 349 199 403
D00 0.0108 386 527 427 600
D00 0.0107 363 355 503 588
D00 0.0107 89 353 286 511
D00 0.0107 127 449 167 515
D00 0.0107 174 388 242 440
D00 0.0106 142 581 205 600
D00 0.0106 455 535 507 600
D00 0.0105 543 375 600 440
D00 0.0104 574 551 599 599
D00 0.0104 284 296 303 349
D00 0.0103 453 567 542 600
D00 0.0103 189 301 235 328
D00 0.0102 246 296 266 346
D00 0.0102 333 548 394 600
D00 0.0102 340 541 363 598
D00 0.0102 146 362 217 400
D00 0.0102 297 315 427 542
D00 0.0102 91 554 125 598
D00 0.0102 330 293 375 317
D00 0.0101 498 460 600 581
D00 0.0101 140 505 186 593
D00 0.0101 0 506 50 571
D00 0.0101 154 398 252 478
D00 0.0101 360 467 448 600
D00 0.0101 178 547 222 599
D00 0.0101 213 353 256 433
D00 0.0100 312 336 489 439
D00 0.0100 368 575 423 599
D00 0.0100 452 568 496 600
D00 0.0100 324 281 411 361
D00 0.0100 451 552 495 585
D00 0.0100 216 376 330 569
D00 0.0100 280 316 437 399
D10 0.0764 207 506 259 534
D10 0.0546 180 503 256 541
D10 0.0533 157 550 228 585
D10 0.0519 165 548 221 570
D10 0.0502 195 513 243 538
D10 0.0382 265 547 323 565
D10 0.0376 212 464 260 483
D10 0.0360 163 385 216 412
D10 0.0343 204 470 250 489
D10 0.0340 101 507 156 534
D10 0.0332 92 517 148 540
D10 0.0332 223 510 282 530
D10 0.0303 175 330 231 350
D10 0.0300 154 394 207 415
D10 0.0296 219 500 265 529
D10 0.0296 140 544 214 575
D10 0.0296 194 460 258 488
D10 0.0291 172 541 235 576
D10 0.0291 193 501 242 529
D10 0.0286 160 441 203 466
D10 0.0280 244 541 340 575
D10 0.0279 198 503 307 536
D10 0.0271 111 499 160 526
D10 0.0265 169 562 227 593
D10 0.0262 258 511 315 529
D10 0.0254 147 554 206 580
D10 0.0254 184 466 250 496
D10 0.0253 147 557 221 598
D10 0.0251 84 526 136 546
D10 0.0249 80 508 164 549
D10 0.0242 143 503 238 567
D10 0.0240 222 471 270 489
D10 0.0240 201 521 239 548
D10 0.0229 139 377 229 418
D10 0.0222 159 521 250 586
D10 0.0221 155 331 215 350
D10 0.0218 261 538 314 563
D10 0.0215 173 469 225 494
D10 0.0214 153 433 199 459
D10 0.0214 158 473 223 505
D10 0.0212 150 430 226 484
D10 0.0212 157 478 204 501
D10 0.0211 159 448 201 477
D10 0.0209 150 324 240 360
D10 0.0207 163 460 254 507
D10 0.0207 95 502 196 569
D10 0.0204 177 339 228 360
D10 0.0203 145 485 236 544
D10 0.0203 189 555 238 581
D10 0.0202 172 442 220 465
D10 0.0200 259 517 314 536
D10 0.0194 161 533 229 568
D10 0.0194 174 478 227 499
D10 0.0191 127 506 170 531
D10 0.0191 150 467 193 498
D10 0.0188 267 554 322 577
D10 0.0184 159 573 222 599
D10 0.0183 141 465 218 514
D10 0.0183 164 497 280 570
D10 0.0182 172 456 243 491
D10 0.0182 233 506 351 539
D10 0.0181 444 556 499 580
D10 0.0181 203 453 250 478
D10 0.0180 140 477 184 503
D10 0.0176 444 564 502 592
D10 0.0175 207 476 247 500
D10 0.0175 187 535 231 561
D10 0.0175 192 546 236 571
D10 0.0174 176 321 231 345
D10 0.0174 89 491 170 535
D10 0.0173 197 465 276 507
D10 0.0171 75 562 139 595
D10 0.0167 172 450 221 476
D10 0.0167 126 444 205 508
D10 0.0166 121 488 166 515
D10 0.0165 237 516 295 535
D10 0.0165 118 514 162 539
D10 0.0165 212 522 254 547
D10 0.0164 211 495 272 539
D10 0.0163 120 494 176 528
D10 0.0161 423 547 533 595
D10 0.0160 285 546 338 567
D10 0.0160 278 511 332 529
D10 0.0160 209 486 246 518
D10 0.0157 159 456 201 490
D10 0.0157 186 516 241 555
D10 0.0157 244 548 297 567
D10 0.0154 106 465 194 522
D10 0.0153 201 459 298 491
D10 0.0152 62 518 145 560
D10 0.0150 175 432 219 458
D10 0.0150 138 546 193 569
D10 0.0150 16 526 138 588
D10 0.0149 44 479 177 553
D10 0.0149 141 437 198 474
D10 0.0148 199 328 238 350
D10 0.0148 267 534 341 566
D10 0.0147 155 376 209 406
D10 0.0146 403 499 451 522
D10 0.0144 134 467 178 497
D10 0.0143 76 517 127 543
D10 0.0143 229 465 284 482
D10 0.0142 0 554 48 579
D10 0.0141 138 488 183 513
D10 0.0141 179 468 264 530
D10 0.0139 22 498 165 578
D10 0.0139 437 542 591 599
D10 0.0139 201 510 269 558
D10 0.0138 202 385 245 412
D10 0.0138 112 387 212 423
D10 0.0138 538 368 595 391
D10 0.0137 202 394 246 420
D10 0.0137 536 575 597 598
D10 0.0136 412 527 509 588
D10 0.0135 436 545 490 571
D10 0.0135 105 431 199 489
D10 0.0135 180 485 303 552
D10 0.0135 0 545 46 570
D10 0.0134 164 511 236 545
D10 0.0134 145 457 187 490
D10 0.0134 136 434 185 457
D10 0.0133 150 336 222 365
D10 0.0133 343 572 420 600
D10 0.0132 71 556 128 584
D10 0.0132 256 547 349 589
D10 0.0131 164 554 252 597
D10 0.0131 164 402 209 425
D10 0.0130 0 544 80 591
D10 0.0129 176 433 265 479
D10 0.0128 278 517 331 538
D10 0.0128 209 508 313 561
D10 0.0128 430 570 505 600
D10 0.0128 410 508 461 531
D10 0.0127 125 472 182 509
D10 0.0126 162 331 238 379
D10 0.0126 165 410 241 467
D10 0.0126 130 395 192 416
D10 0.0125 170 508 227 532
D10 0.0125 136 498 182 523
D10 0.0125 84 534 135 557
D10 0.0124 149 537 201 562
D10 0.0123 55 470 169 523
D10 0.0123 192 523 292 582
D10 0.0121 521 361 600 399
D10 0.0120 390 462 440 483
D10 0.0120 190 487 238 516
D10 0.0120 156 322 213 345
D10 0.0120 148 437 251 518
D10 0.0119 66 527 119 548
D10 0.0116 286 554 337 578
D10 0.0115 1 575 65 599
D10 0.0115 85 529 149 565
D10 0.0115 262 525 312 554
D10 0.0115 154 425 200 450
D10 0.0114 0 563 50 592
D10 0.0114 224 477 266 501
D10 0.0113 100 415 202 468
D10 0.0113 108 524 156 548
D10 0.0113 428 536 482 561
D10 0.0112 179 347 226 372
D10 0.0112 12 562 95 597
D10 0.0112 241 341 295 360
D10 0.0112 160 482 227 518
D10 0.0111 538 377 595 400
D10 0.0111 399 517 568 597
D10 0.0108 140 481 200 517
D10 0.0108 224 529 324 570
D10 0.0108 172 423 210 450
D10 0.0108 81 449 185 508
D10 0.0108 370 546 480 597
D10 0.0107 199 337 236 361
D10 0.0107 190 442 240 466
D10 0.0107 157 487 206 512
D10 0.0106 505 568 600 600
D10 0.0106 12 490 130 539
D10 0.0106 119 541 188 576
D10 0.0106 206 534 244 559
D10 0.0105 121 526 210 577
D10 0.0105 128 501 189 536
D10 0.0104 245 538 295 562
D10 0.0104 136 562 195 594
D10 0.0104 416 551 486 584
D10 0.0103 453 553 520 586
D10 0.0102 204 374 244 404
D10 0.0102 222 454 270 477
D10 0.0102 191 446 282 485
D10 0.0100 407 556 498 598
D10 0.0100 216 328 257 351
D10 0.0100 200 564 249 591
D10 0.0100 408 497 476 526
D10 0.0100 115 478 163 506
D20 0.1041 66 504 249 600
D20 0.0803 61 535 201 600
D20 0.0618 87 460 196 600
D20 0.0577 47 417 219 600
D20 0.0565 55 557 148 599
D20 0.0497 4 512 185 600
D20 0.0483 114 443 237 594
D20 0.0469 108 543 235 594
D20 0.0424 145 377 233 548
D20 0.0350 206 501 247 552
D20 0.0338 122 412 209 560
D20 0.0334 0 400 370 591
D20 0.0323 85 552 179 600
D20 0.0314 145 488 260 596
D20 0.0306 145 437 199 504
D20 0.0293 138 521 239 587
D20 0.0276 152 553 241 599
D20 0.0270 67 501 154 600
D20 0.0267 187 500 236 589
D20 0.0263 162 425 253 572
D20 0.0255 213 479 255 539
D20 0.0255 150 367 236 415
D20 0.0247 98 492 183 581
D20 0.0240 171 533 227 600
D20 0.0239 127 565 223 600
D20 0.0231 85 474 341 600
D20 0.0228 167 418 212 497
D20 0.0216 74 571 139 597
D20 0.0214 140 445 185 528
D20 0.0214 79 533 138 600
D20 0.0214 120 484 166 553
D20 0.0212 126 453 197 541
D20 0.0204 160 432 204 483
D20 0.0203 105 472 222 556
D20 0.0195 112 510 206 600
D20 0.0194 95 493 162 543
D20 0.0187 176 492 247 550
D20 0.0186 127 434 224 520
D20 0.0178 427 556 516 598
D20 0.0173 50 382 576 600
D20 0.0168 26 470 187 577
D20 0.0167 0 539 135 600
D20 0.0162 0 375 151 600
D20 0.0162 105 532 165 600
D20 0.0162 155 476 236 558
D20 0.0161 15 560 111 599
D20 0.0157 148 534 202 600
D20 0.0154 158 445 204 530
D20 0.0154 90 502 143 583
D20 0.0153 0 0 408 294
D20 0.0151 114 468 172 532
D20 0.0151 192 495 261 572
D20 0.0150 75 431 218 539
D20 0.0147 167 0 600 294
D20 0.0146 412 541 547 599
D20 0.0143 194 527 241 600
D20 0.0141 191 299 260 351
D20 0.0137 146 424 216 473
D20 0.0134 312 118 600 600
D20 0.0134 376 455 600 600
D20 0.0132 0 118 290 600
D20 0.0131 159 533 287 600
D20 0.0130 0 517 44 595
D20 0.0130 158 439 238 489
D20 0.0129 55 528 121 600
D20 0.0129 0 325 282 544
D20 0.0124 0 0 600 434
D20 0.0122 454 0 600 220
D20 0.0122 159 331 297 434
D20 0.0121 130 518 178 600
D20 0.0120 135 478 170 540
D20 0.0120 172 431 220 480
D20 0.0119 199 447 243 530
D20 0.0119 446 534 500 600
D20 0.0117 175 439 222 521
D20 0.0116 137 406 267 516
D20 0.0116 158 506 326 591
D20 0.0115 92 507 146 550
D20 0.0114 106 503 150 536
D20 0.0113 454 369 600 600
D20 0.0112 0 145 600 600
D20 0.0111 0 0 144 219
D20 0.0110 220 291 273 351
D20 0.0108 115 495 158 529
D20 0.0108 335 531 517 600
D20 0.0106 292 394 600 588
D20 0.0106 271 524 317 596
D20 0.0105 52 332 452 541
D20 0.0105 205 301 299 347
D20 0.0105 0 502 96 600
D20 0.0104 110 456 185 511
D20 0.0103 160 509 209 589
D20 0.0100 182 415 231 494
D20 0.0100 86 581 146 600
D40 0.1396 207 510 247 533
D40 0.0467 55 558 138 599
D40 0.0438 57 571 108 598
D40 0.0372 203 502 249 543
D40 0.0321 217 498 251 532
D40 0.0284 210 515 243 553
D40 0.0260 33 565 112 600
D40 0.0213 171 437 208 472
D40 0.0188 125 502 163 536
D40 0.0185 208 496 238 535
D40 0.0177 94 557 171 599
D40 0.0172 73 566 120 598
D40 0.0168 106 545 199 597
D40 0.0166 199 506 231 547
D40 0.0162 64 560 95 598
D40 0.0152 193 509 256 559
D40 0.0150 224 508 262 538
D40 0.0146 162 450 199 495
D40 0.0139 115 509 157 543
D40 0.0134 180 427 215 464
D40 0.0133 101 566 149 599
D40 0.0132 169 557 215 596
D40 0.0128 59 557 108 584
D40 0.0119 111 573 177 599
D40 0.0114 90 534 171 590
D40 0.0114 139 495 167 543
D40 0.0106 171 462 207 500
D40 0.0105 61 581 116 600
D40 0.0100 124 562 183 594
