D00 0.1892 192 513 352 595
D00 0.1486 278 374 334 473
D00 0.1367 225 539 344 589
D00 0.1317 202 386 404 600
D00 0.1275 277 425 317 463
D00 0.1265 251 389 340 486
D00 0.1185 271 419 332 479
D00 0.1098 439 522 490 600
D00 0.0995 281 402 323 467
D00 0.0983 236 531 319 578
D00 0.0960 399 443 445 535
D00 0.0936 400 421 534 592
D00 0.0916 403 418 453 501
D00 0.0872 261 360 375 480
D00 0.0867 293 373 330 439
D00 0.0837 296 539 349 600
D00 0.0681 177 449 348 592
D00 0.0679 252 414 327 461
D00 0.0661 0 558 60 597
D00 0.0647 394 460 489 597
D00 0.0645 227 534 295 569
D00 0.0634 267 404 364 504
D00 0.0614 304 356 336 434
D00 0.0591 403 472 456 565
D00 0.0587 289 438 335 487
D00 0.0573 271 392 364 451
D00 0.0565 416 517 477 600
D00 0.0561 278 439 326 468
D00 0.0553 362 364 575 574
D00 0.0548 265 357 326 452
D00 0.0546 447 535 518 600
D00 0.0542 309 447 335 498
D00 0.0542 140 539 314 597
D00 0.0541 215 370 370 522
D00 0.0539 296 397 327 451
D00 0.0533 300 561 338 599
D00 0.0511 404 469 437 547
D00 0.0506 394 420 443 476
D00 0.0499 273 524 359 595
D00 0.0497 411 430 442 488
D00 0.0493 301 436 341 516
D00 0.0490 292 346 348 449
D00 0.0488 249 553 329 596
D00 0.0481 449 572 542 598
D00 0.0480 257 432 315 458
D00 0.0478 226 500 296 577
D00 0.0476 315 548 345 598
D00 0.0475 256 538 404 597
D00 0.0448 293 401 342 484
D00 0.0429 435 452 497 531
D00 0.0426 279 368 322 434
D00 0.0418 442 486 498 583
D00 0.0415 231 374 454 485
D00 0.0414 406 460 433 523
D00 0.0413 252 410 337 539
D00 0.0395 213 532 282 597
D00 0.0386 382 345 470 500
D00 0.0378 294 418 327 470
D00 0.0374 375 327 400 369
D00 0.0372 110 394 354 582
D00 0.0370 296 451 340 476
D00 0.0363 401 416 432 466
D00 0.0355 241 430 327 471
D00 0.0350 200 520 294 566
D00 0.0348 395 400 452 465
D00 0.0342 368 319 392 363
D00 0.0341 278 568 351 600
D00 0.0334 11 539 79 598
D00 0.0329 419 446 485 514
D00 0.0327 282 391 315 447
D00 0.0324 0 511 92 596
D00 0.0324 311 338 335 383
D00 0.0324 231 514 272 570
D00 0.0321 261 458 346 600
D00 0.0320 206 382 329 466
D00 0.0318 316 372 343 426
D00 0.0317 259 419 307 453
D00 0.0313 148 576 237 600
D00 0.0313 301 381 348 430
D00 0.0312 304 397 474 572
D00 0.0308 284 411 324 439
D00 0.0298 479 576 561 598
D00 0.0297 447 420 599 588
D00 0.0295 0 565 36 599
D00 0.0295 433 483 539 600
D00 0.0293 188 373 317 560
D00 0.0283 321 326 341 375
D00 0.0280 182 560 306 600
D00 0.0277 0 527 44 600
D00 0.0275 265 433 336 503
D00 0.0274 426 434 545 543
D00 0.0273 461 553 554 600
D00 0.0272 159 494 294 588
D00 0.0269 194 354 406 446
D00 0.0268 285 421 327 448
D00 0.0268 282 362 312 412
D00 0.0266 14 573 75 597
D00 0.0261 399 500 451 554
D00 0.0261 386 380 435 462
D00 0.0257 307 433 335 480
D00 0.0256 395 437 434 510
D00 0.0256 497 397 600 536
D00 0.0256 368 338 410 364
D00 0.0255 294 580 341 600
D00 0.0254 177 582 243 600
D00 0.0253 213 482 336 580
D00 0.0253 293 560 377 600
D00 0.0252 19 550 62 589
D00 0.0248 241 410 315 498
D00 0.0247 284 448 357 497
D00 0.0246 270 431 411 486
D00 0.0243 553 529 600 600
D00 0.0242 166 569 269 600
D00 0.0241 464 465 502 531
D00 0.0240 287 471 384 600
D00 0.0239 319 564 356 600
D00 0.0239 292 443 339 469
D00 0.0236 375 475 447 540
D00 0.0235 312 574 347 600
D00 0.0234 319 346 342 395
D00 0.0233 407 389 443 455
D00 0.0233 12 549 46 595
D00 0.0231 227 544 293 582
D00 0.0228 456 446 489 518
D00 0.0227 412 390 558 525
D00 0.0226 208 425 232 467
D00 0.0225 275 367 303 419
D00 0.0224 474 570 522 597
D00 0.0221 403 358 506 467
D00 0.0219 311 514 369 597
D00 0.0219 312 319 335 367
D00 0.0218 301 496 343 599
D00 0.0217 299 351 327 399
D00 0.0216 298 509 420 597
D00 0.0216 230 527 282 558
D00 0.0215 302 375 367 468
D00 0.0213 464 548 508 598
D00 0.0212 377 508 468 591
D00 0.0212 5 488 59 512
D00 0.0212 340 355 515 499
D00 0.0211 463 581 534 598
D00 0.0210 110 349 161 375
D00 0.0209 201 430 328 486
D00 0.0208 270 426 309 489
D00 0.0206 396 378 576 472
D00 0.0206 522 570 600 600
D00 0.0206 193 545 269 600
D00 0.0206 547 424 597 530
D00 0.0206 297 335 330 368
D00 0.0206 254 415 314 439
D00 0.0205 292 457 335 484
D00 0.0205 139 582 209 600
D00 0.0203 574 542 598 596
D00 0.0203 391 369 460 451
D00 0.0201 297 458 362 517
D00 0.0201 285 437 369 479
D00 0.0200 369 313 406 378
D00 0.0199 413 512 457 576
D00 0.0197 238 569 322 600
D00 0.0197 237 398 313 451
D00 0.0195 368 335 393 374
D00 0.0194 273 340 322 362
D00 0.0193 310 464 334 513
D00 0.0193 393 409 425 454
D00 0.0193 221 543 279 566
D00 0.0193 0 482 29 518
D00 0.0192 302 329 340 374
D00 0.0191 285 428 353 570
D00 0.0191 323 543 354 595
D00 0.0190 1 490 58 586
D00 0.0190 311 332 347 413
D00 0.0189 425 358 594 447
D00 0.0188 269 351 313 425
D00 0.0186 354 408 444 519
D00 0.0184 119 357 169 382
D00 0.0184 304 407 335 460
D00 0.0182 493 360 600 479
D00 0.0181 4 580 57 600
D00 0.0177 377 344 400 387
D00 0.0176 390 341 536 440
D00 0.0175 205 492 277 561
D00 0.0175 292 466 339 512
D00 0.0175 471 455 590 542
D00 0.0174 0 479 72 517
D00 0.0174 245 383 270 431
D00 0.0174 197 433 243 460
D00 0.0174 416 427 516 508
D00 0.0172 363 459 440 521
D00 0.0172 183 399 301 483
D00 0.0172 537 377 600 508
D00 0.0171 566 453 600 546
D00 0.0170 0 485 45 528
D00 0.0168 259 385 301 449
D00 0.0168 260 442 329 477
D00 0.0167 122 510 242 595
D00 0.0167 5 564 101 600
D00 0.0167 361 329 402 357
D00 0.0165 379 324 412 361
D00 0.0165 402 396 431 448
D00 0.0165 4 542 72 577
D00 0.0164 556 445 599 497
D00 0.0163 196 576 261 599
D00 0.0162 508 520 600 592
D00 0.0161 528 412 584 519
D00 0.0160 227 519 256 565
D00 0.0159 487 539 574 600
D00 0.0159 383 335 409 376
D00 0.0159 0 463 104 577
D00 0.0158 299 398 349 443
D00 0.0157 455 483 554 530
D00 0.0157 361 296 399 369
D00 0.0156 275 559 320 600
D00 0.0155 309 349 351 372
D00 0.0155 286 345 323 375
D00 0.0154 398 471 425 527
D00 0.0154 239 376 306 437
D00 0.0153 240 399 276 434
D00 0.0152 276 353 321 399
D00 0.0152 188 432 234 474
D00 0.0152 463 494 521 583
D00 0.0152 211 569 291 600
D00 0.0151 287 326 320 360
D00 0.0151 0 476 34 555
D00 0.0151 529 438 600 585
D00 0.0151 354 353 434 467
D00 0.0151 572 454 598 506
D00 0.0150 383 375 417 445
D00 0.0149 290 437 380 511
D00 0.0149 415 386 486 490
D00 0.0148 317 357 359 432
D00 0.0148 320 544 454 595
D00 0.0148 574 471 597 530
D00 0.0147 395 535 461 600
D00 0.0147 443 344 503 377
D00 0.0146 451 353 514 385
D00 0.0146 360 318 384 362
D00 0.0146 300 455 372 487
D00 0.0146 247 409 291 441
D00 0.0145 557 568 597 600
D00 0.0145 61 419 315 531
D00 0.0145 226 527 264 584
D00 0.0145 114 554 196 599
D00 0.0143 188 573 233 600
D00 0.0143 261 361 297 423
D00 0.0143 200 413 239 476
D00 0.0143 522 355 596 382
D00 0.0142 96 342 175 381
D00 0.0142 375 347 420 369
D00 0.0142 313 455 344 506
D00 0.0141 467 385 590 454
D00 0.0140 423 536 459 595
D00 0.0140 383 357 414 418
D00 0.0139 457 455 528 554
D00 0.0139 170 577 214 600
D00 0.0139 293 318 334 384
D00 0.0138 115 378 341 482
D00 0.0138 1 492 26 542
D00 0.0138 472 512 552 597
D00 0.0138 371 339 409 415
D00 0.0138 460 398 569 497
D00 0.0138 30 536 85 582
D00 0.0137 418 420 465 487
D00 0.0137 520 403 590 476
D00 0.0137 372 315 403 353
D00 0.0137 359 347 404 369
D00 0.0136 20 489 79 510
D00 0.0135 310 530 336 586
D00 0.0135 328 373 352 423
D00 0.0135 320 351 409 460
D00 0.0135 236 375 283 425
D00 0.0134 439 338 488 364
D00 0.0134 537 350 595 374
D00 0.0133 390 367 426 433
D00 0.0133 335 474 449 600
D00 0.0133 244 537 297 598
D00 0.0132 253 382 280 432
D00 0.0132 5 480 83 548
D00 0.0131 321 308 341 359
D00 0.0131 5 539 35 589
D00 0.0131 544 474 600 541
D00 0.0131 296 499 375 578
D00 0.0130 282 331 308 369
D00 0.0130 18 530 103 571
D00 0.0129 203 442 255 465
D00 0.0129 399 334 521 397
D00 0.0129 313 302 347 379
D00 0.0128 371 330 425 379
D00 0.0128 277 313 337 435
D00 0.0128 141 555 226 600
D00 0.0127 378 363 401 411
D00 0.0127 401 347 477 427
D00 0.0127 263 428 296 471
D00 0.0127 165 376 211 402
D00 0.0127 416 376 452 442
D00 0.0126 264 580 320 600
D00 0.0126 227 401 301 434
D00 0.0126 320 388 412 500
D00 0.0126 229 512 295 550
D00 0.0126 196 424 242 449
D00 0.0126 485 562 535 597
D00 0.0126 374 419 436 500
D00 0.0125 249 427 294 459
D00 0.0124 424 355 530 411
D00 0.0124 90 511 195 593
D00 0.0123 150 573 197 598
D00 0.0123 346 512 437 591
D00 0.0123 33 561 65 600
D00 0.0122 461 349 523 404
D00 0.0122 382 338 430 364
D00 0.0122 310 339 351 365
D00 0.0121 213 420 305 536
D00 0.0121 3 475 41 512
D00 0.0120 479 408 557 544
D00 0.0120 405 510 435 561
D00 0.0120 357 333 389 365
D00 0.0119 468 455 494 519
D00 0.0119 109 558 166 595
D00 0.0118 215 431 240 473
D00 0.0118 24 563 84 592
D00 0.0118 130 572 177 597
D00 0.0118 465 349 517 375
D00 0.0118 367 320 483 435
D00 0.0117 193 389 281 455
D00 0.0117 417 324 600 522
D00 0.0116 437 374 551 429
D00 0.0116 188 417 234 459
D00 0.0116 559 549 596 588
D00 0.0116 334 507 391 597
D00 0.0116 393 493 431 555
D00 0.0116 309 551 357 582
D00 0.0116 329 336 349 380
D00 0.0115 10 507 113 565
D00 0.0115 190 433 250 492
D00 0.0115 463 350 593 419
D00 0.0115 110 348 333 441
D00 0.0115 215 415 240 458
D00 0.0115 164 418 274 500
D00 0.0115 407 374 506 429
D00 0.0114 291 432 337 458
D00 0.0114 449 447 479 499
D00 0.0114 147 454 217 509
D00 0.0113 104 398 243 570
D00 0.0113 301 328 375 442
D00 0.0113 208 437 232 485
D00 0.0112 114 361 176 393
D00 0.0112 426 389 517 460
D00 0.0112 425 332 500 372
D00 0.0112 558 471 600 592
D00 0.0111 274 353 301 397
D00 0.0111 443 339 585 394
D00 0.0111 428 434 476 498
D00 0.0111 2 507 38 573
D00 0.0111 562 406 600 512
D00 0.0111 362 321 440 364
D00 0.0111 436 339 497 396
D00 0.0111 236 384 263 430
D00 0.0110 271 374 317 404
D00 0.0110 35 524 105 553
D00 0.0110 181 558 241 599
D00 0.0110 443 336 548 469
D00 0.0109 279 336 313 391
D00 0.0109 474 358 528 382
D00 0.0109 167 427 251 467
D00 0.0108 484 494 550 532
D00 0.0108 330 544 367 600
D00 0.0108 103 340 153 367
D00 0.0108 186 510 254 593
D00 0.0107 507 445 590 515
D00 0.0107 367 302 391 347
D00 0.0107 16 493 85 524
D00 0.0107 31 534 72 566
D00 0.0107 479 508 561 561
D00 0.0107 206 527 267 554
D00 0.0106 299 422 351 470
D00 0.0106 291 453 323 505
D00 0.0106 544 429 594 482
D00 0.0106 170 435 233 495
D00 0.0106 114 572 157 596
D00 0.0105 218 582 279 600
D00 0.0105 484 414 582 459
D00 0.0105 469 362 534 393
D00 0.0105 180 378 304 431
D00 0.0104 265 331 311 356
D00 0.0104 115 354 205 409
D00 0.0104 198 438 224 486
D00 0.0103 222 488 297 541
D00 0.0103 374 348 443 428
D00 0.0103 304 467 352 496
D00 0.0103 526 544 592 595
D00 0.0103 237 535 277 578
D00 0.0103 30 499 109 541
D00 0.0103 4 362 37 400
D00 0.0103 479 525 521 600
D00 0.0102 44 514 113 545
D00 0.0102 480 373 583 432
D00 0.0101 232 340 330 427
D00 0.0101 260 559 300 600
D00 0.0101 5 494 57 542
D00 0.0101 28 582 87 600
D00 0.0101 0 454 35 524
D00 0.0101 95 538 163 595
D00 0.0100 546 581 600 600
D00 0.0100 222 513 262 551
D00 0.0100 140 371 203 405
D00 0.0100 158 380 218 413
D10 0.1047 401 496 598 584
D10 0.1026 231 537 335 587
D10 0.0989 413 489 592 545
D10 0.0968 521 516 600 540
D10 0.0863 299 479 479 544
D10 0.0812 480 511 597 538
D10 0.0790 449 510 595 555
D10 0.0780 248 488 344 511
D10 0.0731 457 503 574 533
D10 0.0724 268 463 470 524
D10 0.0681 419 505 551 562
D10 0.0674 153 488 255 508
D10 0.0670 213 489 306 510
D10 0.0657 343 453 488 535
D10 0.0607 295 491 351 513
D10 0.0599 536 522 600 549
D10 0.0583 201 491 278 507
D10 0.0583 319 417 464 465
D10 0.0568 122 481 207 506
D10 0.0565 288 491 444 532
D10 0.0562 494 517 583 535
D10 0.0559 276 482 375 517
D10 0.0546 292 492 393 520
D10 0.0538 227 475 355 509
D10 0.0513 321 497 420 519
D10 0.0498 137 472 313 520
D10 0.0491 397 461 491 526
D10 0.0484 123 490 191 509
D10 0.0470 300 498 363 517
D10 0.0467 237 543 312 571
D10 0.0463 283 398 439 447
D10 0.0460 233 484 303 505
D10 0.0454 476 510 558 531
D10 0.0452 191 479 315 510
D10 0.0449 450 523 592 590
D10 0.0442 369 422 440 453
D10 0.0440 272 472 414 513
D10 0.0425 558 518 600 540
D10 0.0424 262 482 333 505
D10 0.0423 275 494 353 520
D10 0.0404 268 414 409 464
D10 0.0402 321 446 466 510
D10 0.0397 307 484 432 518
D10 0.0394 403 500 493 567
D10 0.0387 105 574 192 596
D10 0.0387 117 544 299 598
D10 0.0381 356 494 441 525
D10 0.0378 241 491 348 526
D10 0.0374 202 462 343 527
D10 0.0373 116 476 252 510
D10 0.0372 226 505 338 577
D10 0.0361 360 400 463 450
D10 0.0356 247 482 384 548
D10 0.0346 303 496 473 571
D10 0.0344 471 574 569 600
D10 0.0330 246 551 324 582
D10 0.0330 181 443 341 507
D10 0.0327 164 487 329 555
D10 0.0315 240 447 337 498
D10 0.0315 116 572 234 600
D10 0.0307 395 415 498 467
D10 0.0306 421 467 547 530
D10 0.0300 108 568 169 591
D10 0.0299 229 473 407 575
D10 0.0294 515 492 600 535
D10 0.0286 548 508 596 536
D10 0.0285 283 431 448 487
D10 0.0284 228 494 309 521
D10 0.0278 299 480 345 507
D10 0.0277 179 491 280 524
D10 0.0277 258 498 333 518
D10 0.0269 394 430 441 457
D10 0.0268 99 553 232 595
D10 0.0262 153 457 290 501
D10 0.0253 100 478 181 505
D10 0.0251 267 449 373 502
D10 0.0248 376 473 470 550
D10 0.0247 509 572 600 600
D10 0.0243 83 560 183 595
D10 0.0241 74 467 268 522
D10 0.0240 366 520 476 587
D10 0.0237 277 508 395 565
D10 0.0236 495 521 585 549
D10 0.0230 156 562 288 600
D10 0.0229 159 493 250 519
D10 0.0229 467 470 584 532
D10 0.0226 281 340 328 363
D10 0.0224 162 575 257 600
D10 0.0223 217 497 283 515
D10 0.0219 290 348 334 370
D10 0.0211 337 504 429 529
D10 0.0210 487 497 600 575
D10 0.0210 103 458 224 501
D10 0.0209 241 536 327 562
D10 0.0208 218 446 372 552
D10 0.0208 92 483 193 515
D10 0.0208 136 491 274 535
D10 0.0208 360 495 460 542
D10 0.0203 93 447 285 508
D10 0.0203 406 440 515 515
D10 0.0200 388 438 441 468
D10 0.0200 300 357 339 379
D10 0.0198 90 576 154 596
D10 0.0198 303 499 402 534
D10 0.0197 401 396 502 446
D10 0.0195 569 526 600 548
D10 0.0191 549 534 596 559
D10 0.0190 274 349 323 368
D10 0.0190 129 567 199 592
D10 0.0187 471 566 546 595
D10 0.0185 510 526 600 585
D10 0.0182 369 488 431 516
D10 0.0181 532 355 600 382
D10 0.0179 340 430 435 455
D10 0.0178 242 415 305 438
D10 0.0178 284 358 327 380
D10 0.0177 117 467 193 502
D10 0.0173 383 506 441 532
D10 0.0173 200 540 277 571
D10 0.0172 297 451 374 480
D10 0.0170 126 489 224 522
D10 0.0169 393 571 475 600
D10 0.0163 410 409 556 473
D10 0.0162 350 426 423 446
D10 0.0162 399 515 452 544
D10 0.0161 300 365 337 388
D10 0.0161 539 513 600 565
D10 0.0159 43 471 197 518
D10 0.0157 151 496 215 517
D10 0.0156 293 467 336 497
D10 0.0155 390 450 444 477
D10 0.0155 278 497 367 538
D10 0.0155 4 546 57 570
D10 0.0153 236 526 301 556
D10 0.0152 325 377 444 435
D10 0.0150 456 548 534 589
D10 0.0149 502 500 571 528
D10 0.0148 374 462 437 485
D10 0.0145 154 470 210 500
D10 0.0143 501 566 578 594
D10 0.0143 122 582 189 600
D10 0.0142 273 461 338 502
D10 0.0141 24 537 78 559
D10 0.0140 22 545 76 570
D10 0.0137 91 485 243 540
D10 0.0137 342 345 540 455
D10 0.0137 285 486 330 512
D10 0.0137 534 563 594 594
D10 0.0136 299 372 335 401
D10 0.0135 398 497 446 523
D10 0.0135 4 537 60 558
D10 0.0134 327 507 394 526
D10 0.0134 384 375 468 432
D10 0.0134 448 538 519 576
D10 0.0133 127 497 185 518
D10 0.0133 242 441 306 464
D10 0.0132 413 506 469 532
D10 0.0132 303 541 364 576
D10 0.0132 297 411 349 435
D10 0.0132 233 550 286 577
D10 0.0131 283 457 332 484
D10 0.0131 281 459 354 528
D10 0.0130 223 420 307 449
D10 0.0130 271 534 337 569
D10 0.0129 209 483 291 521
D10 0.0129 163 465 240 503
D10 0.0129 417 563 475 593
D10 0.0128 221 430 308 459
D10 0.0128 304 505 358 525
D10 0.0128 231 466 310 502
D10 0.0125 109 471 167 496
D10 0.0125 546 349 600 374
D10 0.0124 305 384 347 414
D10 0.0123 264 502 339 533
D10 0.0123 315 358 365 378
D10 0.0123 210 443 267 464
D10 0.0122 266 359 315 379
D10 0.0122 98 490 159 511
D10 0.0120 255 404 312 430
D10 0.0120 198 485 262 512
D10 0.0120 529 549 597 587
D10 0.0119 258 470 322 497
D10 0.0118 201 572 295 600
D10 0.0117 487 551 573 587
D10 0.0116 32 533 105 563
D10 0.0116 291 421 337 446
D10 0.0113 400 486 445 514
D10 0.0113 243 487 288 511
D10 0.0113 229 475 287 510
D10 0.0112 550 553 595 581
D10 0.0112 158 567 227 593
D10 0.0112 253 350 306 369
D10 0.0112 513 343 600 377
D10 0.0111 63 570 166 600
D10 0.0111 432 396 550 442
D10 0.0111 447 535 502 559
D10 0.0111 286 505 340 527
D10 0.0110 316 350 366 372
D10 0.0110 222 415 282 436
D10 0.0109 396 405 440 430
D10 0.0109 99 582 159 600
D10 0.0109 221 471 278 498
D10 0.0108 0 520 85 563
D10 0.0108 296 537 339 561
D10 0.0108 427 431 541 484
D10 0.0107 468 540 548 575
D10 0.0107 192 467 268 502
D10 0.0107 110 551 184 587
D10 0.0107 238 503 316 536
D10 0.0106 227 487 268 510
D10 0.0106 153 479 192 506
D10 0.0106 25 528 80 550
D10 0.0105 5 527 60 550
D10 0.0105 550 544 595 570
D10 0.0104 198 547 271 583
D10 0.0103 27 553 84 581
D10 0.0103 248 521 332 558
D10 0.0103 41 523 115 553
D10 0.0103 511 531 590 565
D10 0.0102 392 564 454 592
D10 0.0102 380 575 444 598
D10 0.0101 512 512 564 536
D10 0.0101 262 487 308 511
D10 0.0100 526 498 587 527
D20 0.4714 132 416 577 596
D20 0.2632 384 420 512 584
D20 0.2375 236 373 527 571
D20 0.2185 258 458 541 595
D20 0.1995 217 518 346 596
D20 0.1814 408 504 576 600
D20 0.1685 155 490 467 592
D20 0.1609 40 442 386 599
D20 0.1413 343 399 573 594
D20 0.1303 269 417 490 514
D20 0.1262 290 360 331 441
D20 0.1154 370 490 506 600
D20 0.1116 267 356 342 465
D20 0.1109 375 404 488 532
D20 0.1059 124 512 333 596
D20 0.1007 222 452 352 600
D20 0.1001 199 376 392 600
D20 0.0978 305 518 542 593
D20 0.0944 317 439 495 550
D20 0.0904 244 383 471 468
D20 0.0849 229 556 345 595
D20 0.0834 181 398 349 482
D20 0.0795 389 454 573 557
D20 0.0792 237 518 433 599
D20 0.0733 258 358 405 461
D20 0.0694 397 512 477 564
D20 0.0688 294 412 475 476
D20 0.0682 402 427 467 497
D20 0.0675 206 364 345 462
D20 0.0669 398 442 484 563
D20 0.0618 439 558 549 600
D20 0.0607 241 395 346 551
D20 0.0594 193 496 363 578
D20 0.0554 301 342 338 435
D20 0.0546 10 498 298 590
D20 0.0538 343 381 478 501
D20 0.0531 184 369 444 509
D20 0.0518 253 353 515 491
D20 0.0511 283 380 350 434
D20 0.0495 391 409 504 483
D20 0.0487 17 165 600 591
D20 0.0486 266 389 333 448
D20 0.0480 380 420 449 488
D20 0.0478 334 329 600 548
D20 0.0465 419 476 488 578
D20 0.0461 449 545 595 599
D20 0.0439 438 375 600 600
D20 0.0435 130 483 329 566
D20 0.0429 166 434 353 522
D20 0.0389 425 516 519 600
D20 0.0389 399 549 491 600
D20 0.0386 342 530 486 600
D20 0.0385 271 346 379 433
D20 0.0384 254 373 334 427
D20 0.0382 0 514 147 595
D20 0.0382 63 361 379 544
D20 0.0382 461 570 578 600
D20 0.0380 0 545 95 596
D20 0.0376 400 407 461 477
D20 0.0371 278 365 325 422
D20 0.0354 272 523 341 597
D20 0.0354 272 413 363 589
D20 0.0350 87 539 302 600
D20 0.0349 239 405 327 451
D20 0.0348 198 283 600 600
D20 0.0345 386 350 497 491
D20 0.0344 17 15 600 441
D20 0.0329 226 424 326 463
D20 0.0314 372 394 482 464
D20 0.0310 330 469 466 595
D20 0.0294 380 401 441 460
D20 0.0293 501 556 600 600
D20 0.0290 299 358 327 415
D20 0.0274 277 336 337 414
D20 0.0271 292 350 333 399
D20 0.0268 0 326 470 585
D20 0.0265 380 530 470 582
D20 0.0264 234 500 316 576
D20 0.0249 306 352 336 387
D20 0.0248 262 439 426 556
D20 0.0244 392 402 570 500
D20 0.0244 484 514 600 597
D20 0.0242 132 348 392 465
D20 0.0236 276 473 420 590
D20 0.0235 0 411 212 600
D20 0.0231 365 504 464 551
D20 0.0227 13 538 228 599
D20 0.0223 0 0 291 600
D20 0.0223 79 452 288 579
D20 0.0221 258 443 341 497
D20 0.0219 346 436 448 517
D20 0.0217 311 0 600 600
D20 0.0215 300 370 456 446
D20 0.0214 0 0 408 294
D20 0.0213 394 358 556 457
D20 0.0210 300 348 340 371
D20 0.0210 167 0 600 294
D20 0.0210 303 324 340 398
D20 0.0209 283 454 361 507
D20 0.0206 238 437 328 483
D20 0.0202 499 430 600 581
D20 0.0202 291 358 332 379
D20 0.0199 312 390 416 456
D20 0.0198 300 356 428 492
D20 0.0197 181 465 305 600
D20 0.0195 417 439 484 510
D20 0.0194 95 502 239 599
D20 0.0192 294 470 389 514
D20 0.0192 542 526 600 597
D20 0.0191 0 523 36 600
D20 0.0190 235 459 349 505
D20 0.0188 372 566 476 600
D20 0.0187 193 458 330 552
D20 0.0186 493 582 566 600
D20 0.0183 292 365 329 389
D20 0.0181 0 478 162 555
D20 0.0179 275 337 335 365
D20 0.0176 0 560 53 600
D20 0.0175 229 385 323 432
D20 0.0173 2 466 127 523
D20 0.0172 190 356 330 427
D20 0.0172 139 492 267 587
D20 0.0170 243 498 341 544
D20 0.0169 292 367 341 409
D20 0.0168 30 549 168 593
D20 0.0167 291 363 366 420
D20 0.0165 112 423 304 500
D20 0.0165 376 483 466 539
D20 0.0163 281 335 408 402
D20 0.0155 185 508 280 557
D20 0.0154 0 443 161 515
D20 0.0153 282 341 328 382
D20 0.0151 47 503 194 596
D20 0.0149 137 383 324 463
D20 0.0149 357 420 439 465
D20 0.0146 61 564 185 600
D20 0.0145 178 528 282 570
D20 0.0143 301 403 429 533
D20 0.0143 0 321 288 538
D20 0.0141 0 571 30 598
D20 0.0141 293 463 339 529
D20 0.0140 212 450 315 498
D20 0.0140 50 482 239 554
D20 0.0139 37 474 161 515
D20 0.0139 198 436 309 471
D20 0.0138 312 438 416 512
D20 0.0138 150 460 254 506
D20 0.0137 25 465 213 525
D20 0.0135 19 563 141 600
D20 0.0130 0 480 57 600
D20 0.0129 270 356 328 385
D20 0.0129 21 536 112 579
D20 0.0127 547 456 600 600
D20 0.0126 182 413 295 547
D20 0.0125 573 525 600 600
D20 0.0125 0 471 72 514
D20 0.0125 21 455 136 504
D20 0.0123 141 545 259 600
D20 0.0122 46 453 195 505
D20 0.0122 230 368 316 416
D20 0.0121 307 553 461 600
D20 0.0121 188 462 297 506
D20 0.0121 154 465 286 537
D20 0.0121 117 544 199 597
D20 0.0118 301 353 358 383
D20 0.0117 278 494 343 575
D20 0.0116 552 507 599 576
D20 0.0116 266 485 343 530
D20 0.0116 34 528 162 583
D20 0.0115 158 441 280 515
D20 0.0114 0 0 216 146
D20 0.0114 254 340 335 391
D20 0.0112 292 349 371 392
D20 0.0111 23 422 271 526
D20 0.0111 455 0 600 219
D20 0.0110 262 364 323 399
D20 0.0109 10 489 115 537
D20 0.0109 280 331 358 373
D20 0.0109 300 355 418 416
D20 0.0108 83 462 176 501
D20 0.0108 229 488 307 540
D20 0.0106 469 572 528 599
D20 0.0106 379 0 600 145
D20 0.0106 345 473 435 523
D20 0.0105 127 456 200 508
D20 0.0104 204 407 305 442
D20 0.0103 411 426 497 471
D20 0.0103 29 528 124 566
D20 0.0103 0 453 77 539
D20 0.0102 266 324 345 363
D40 0.3743 262 550 338 597
D40 0.3095 425 520 481 587
D40 0.2782 430 528 474 571
D40 0.2121 416 490 511 599
D40 0.1736 439 536 496 598
D40 0.1610 448 571 496 597
D40 0.1461 233 541 345 590
D40 0.1302 451 495 538 536
D40 0.1261 443 531 476 593
D40 0.1208 405 438 479 510
D40 0.1062 298 553 338 598
D40 0.1042 277 567 335 597
D40 0.1029 413 499 483 572
D40 0.0944 421 559 503 599
D40 0.0908 423 541 552 597
D40 0.0875 462 506 525 529
D40 0.0866 423 482 516 538
D40 0.0838 403 472 508 560
D40 0.0798 406 460 499 522
D40 0.0779 284 378 330 439
D40 0.0765 453 550 488 596
D40 0.0719 420 521 468 560
D40 0.0675 433 525 478 553
D40 0.0671 442 565 532 597
D40 0.0666 409 450 450 495
D40 0.0642 463 491 506 529
D40 0.0602 437 502 523 555
D40 0.0550 277 547 334 574
D40 0.0541 420 511 481 551
D40 0.0532 448 465 510 532
D40 0.0513 301 386 335 429
D40 0.0511 0 557 35 596
D40 0.0486 411 448 466 478
D40 0.0472 395 528 474 583
D40 0.0461 439 514 492 574
D40 0.0455 408 435 447 478
D40 0.0454 439 549 483 583
D40 0.0441 375 425 435 449
D40 0.0441 396 456 470 575
D40 0.0421 291 401 328 431
D40 0.0404 286 369 324 413
D40 0.0398 164 479 429 590
D40 0.0392 404 460 440 503
D40 0.0383 287 392 327 423
D40 0.0379 405 468 455 534
D40 0.0379 380 535 514 600
D40 0.0373 423 572 485 598
D40 0.0366 430 536 469 595
D40 0.0362 398 420 436 456
D40 0.0359 441 533 488 560
D40 0.0358 347 425 449 459
D40 0.0353 411 466 473 497
D40 0.0351 452 499 498 537
D40 0.0342 371 448 459 502
D40 0.0340 451 524 484 585
D40 0.0338 468 514 536 534
D40 0.0336 446 506 527 596
D40 0.0324 384 421 441 470
D40 0.0323 464 482 520 548
D40 0.0317 401 405 476 449
D40 0.0313 423 529 461 583
D40 0.0313 453 483 498 559
D40 0.0307 0 548 62 595
D40 0.0303 462 560 508 596
D40 0.0297 415 414 465 437
D40 0.0289 282 580 336 600
D40 0.0286 456 512 546 562
D40 0.0286 396 443 456 485
D40 0.0284 288 538 360 591
D40 0.0283 469 508 517 541
D40 0.0280 443 505 477 566
D40 0.0280 440 558 475 598
D40 0.0270 456 580 520 597
D40 0.0267 489 577 571 598
D40 0.0266 407 413 456 467
D40 0.0262 406 410 442 448
D40 0.0259 410 477 487 504
D40 0.0259 293 396 353 433
D40 0.0255 455 479 498 522
D40 0.0253 432 515 484 540
D40 0.0252 411 509 453 551
D40 0.0249 414 456 479 489
D40 0.0240 382 462 466 522
D40 0.0239 404 478 437 522
D40 0.0238 390 412 431 448
D40 0.0237 417 500 489 538
D40 0.0236 310 542 345 581
D40 0.0235 449 509 493 548
D40 0.0228 339 462 446 507
D40 0.0215 0 542 31 578
D40 0.0215 347 408 446 448
D40 0.0211 395 454 436 492
D40 0.0210 440 490 493 529
D40 0.0209 413 479 475 520
D40 0.0207 409 396 491 436
D40 0.0205 413 422 465 445
D40 0.0205 410 396 456 444
D40 0.0204 449 546 517 590
D40 0.0203 366 457 444 490
D40 0.0198 292 411 337 436
D40 0.0196 342 441 449 486
D40 0.0194 399 525 455 552
D40 0.0194 407 432 457 457
D40 0.0193 419 453 465 510
D40 0.0190 499 545 600 595
D40 0.0190 477 520 591 593
D40 0.0190 432 409 471 441
D40 0.0182 427 472 482 555
D40 0.0179 423 495 464 556
D40 0.0177 266 529 339 585
D40 0.0173 424 401 462 435
D40 0.0172 263 388 327 427
D40 0.0171 419 406 449 454
D40 0.0171 356 515 458 558
D40 0.0169 305 473 338 510
D40 0.0167 0 545 21 592
D40 0.0163 414 520 449 570
D40 0.0161 354 435 439 468
D40 0.0161 301 473 415 514
D40 0.0157 511 582 584 600
D40 0.0157 395 470 431 513
D40 0.0155 481 496 516 533
D40 0.0154 299 390 370 424
D40 0.0153 418 567 462 599
D40 0.0153 421 438 461 488
D40 0.0152 378 529 456 563
D40 0.0152 411 542 465 567
D40 0.0152 430 486 498 514
D40 0.0151 389 500 457 539
D40 0.0151 441 469 491 513
D40 0.0149 423 414 475 458
D40 0.0147 447 481 483 542
D40 0.0146 366 416 425 442
D40 0.0145 370 427 416 456
D40 0.0143 466 501 499 556
D40 0.0142 164 498 267 540
D40 0.0142 416 443 474 468
D40 0.0141 399 401 436 439
D40 0.0140 293 454 397 493
D40 0.0139 306 403 362 428
D40 0.0137 393 490 431 528
D40 0.0134 432 450 476 504
D40 0.0133 269 403 320 429
D40 0.0132 349 433 424 453
D40 0.0132 403 405 447 430
D40 0.0131 285 402 382 440
D40 0.0130 502 526 598 573
D40 0.0130 407 486 456 513
D40 0.0128 269 548 307 594
D40 0.0128 454 530 499 569
D40 0.0127 373 469 435 494
D40 0.0126 419 496 494 520
D40 0.0125 522 567 593 600
D40 0.0125 459 523 518 581
D40 0.0125 305 534 338 572
D40 0.0124 271 383 319 412
D40 0.0121 304 492 340 520
D40 0.0121 297 528 378 578
D40 0.0120 409 581 472 600
D40 0.0120 364 510 444 545
D40 0.0120 417 393 466 464
D40 0.0120 6 480 93 516
D40 0.0119 356 535 457 579
D40 0.0118 320 389 356 424
D40 0.0117 419 433 474 455
D40 0.0115 473 495 530 577
D40 0.0115 431 423 486 443
D40 0.0113 165 518 274 559
D40 0.0111 34 482 116 519
D40 0.0109 480 403 564 444
D40 0.0108 44 473 128 510
D40 0.0108 390 384 461 437
D40 0.0107 18 489 102 530
D40 0.0107 435 405 487 429
D40 0.0106 28 489 90 511
D40 0.0106 60 481 115 503
D40 0.0106 422 405 516 441
D40 0.0105 306 386 411 422
D40 0.0105 20 480 78 505
D40 0.0103 333 396 434 436
D40 0.0103 50 490 107 511
D40 0.0102 370 476 432 523
D40 0.0101 471 525 532 548
D40 0.0101 495 562 546 597
D40 0.0100 408 390 443 428
