D00 0.4115 426 247 501 362
D00 0.3262 319 109 408 268
D00 0.3226 425 256 470 331
D00 0.3164 308 103 528 374
D00 0.2940 379 227 493 356
D00 0.2806 322 106 369 175
D00 0.2772 441 283 505 356
D00 0.2717 90 267 163 385
D00 0.2717 430 271 554 369
D00 0.2716 390 205 547 397
D00 0.2706 105 170 191 340
D00 0.2688 68 130 199 407
D00 0.2488 152 189 178 250
D00 0.2474 90 213 186 395
D00 0.2467 24 245 189 457
D00 0.2442 314 104 389 213
D00 0.2434 339 132 397 215
D00 0.2405 287 108 448 302
D00 0.2366 152 174 188 265
D00 0.2314 331 164 456 295
D00 0.2228 136 113 217 283
D00 0.2218 406 244 468 307
D00 0.2200 108 268 148 372
D00 0.2182 330 106 358 162
D00 0.2106 136 167 186 291
D00 0.2091 429 255 459 305
D00 0.2087 350 203 475 332
D00 0.2002 54 271 157 410
D00 0.1930 392 228 587 491
D00 0.1896 103 294 136 365
D00 0.1767 346 191 413 258
D00 0.1766 336 155 399 248
D00 0.1642 443 268 562 474
D00 0.1634 6 301 144 466
D00 0.1632 456 94 597 190
D00 0.1610 84 115 335 384
D00 0.1598 51 185 267 439
D00 0.1582 2 381 46 471
D00 0.1547 81 100 251 312
D00 0.1546 123 184 190 253
D00 0.1513 160 195 185 254
D00 0.1503 246 208 557 395
D00 0.1490 0 362 85 469
D00 0.1487 151 132 204 252
D00 0.1482 361 222 441 268
D00 0.1469 92 308 133 396
D00 0.1436 93 148 207 283
D00 0.1422 385 232 457 285
D00 0.1407 339 111 387 193
D00 0.1406 364 80 585 321
D00 0.1401 133 202 176 312
D00 0.1392 317 82 462 237
D00 0.1391 187 110 467 335
D00 0.1385 0 278 279 476
D00 0.1376 456 292 524 362
D00 0.1319 404 252 457 290
D00 0.1293 328 265 556 407
D00 0.1271 117 266 170 338
D00 0.1256 325 84 415 198
D00 0.1232 146 187 199 310
D00 0.1225 88 297 151 449
D00 0.1218 307 26 384 203
D00 0.1217 296 160 539 497
D00 0.1206 74 271 225 428
D00 0.1186 555 390 595 486
D00 0.1179 148 201 178 285
D00 0.1166 362 144 404 232
D00 0.1137 317 97 362 153
D00 0.1135 438 265 482 347
D00 0.1130 376 232 430 263
D00 0.1125 157 161 218 273
D00 0.1070 78 298 144 372
D00 0.1070 444 93 600 377
D00 0.1058 497 119 597 221
D00 0.1052 342 179 504 399
D00 0.1041 0 391 65 444
D00 0.1041 442 305 588 409
D00 0.1025 318 68 574 216
D00 0.1016 423 264 519 422
D00 0.1014 219 110 426 241
D00 0.0999 405 79 577 164
D00 0.0999 539 386 600 515
D00 0.0984 367 177 420 275
D00 0.0967 367 225 475 297
D00 0.0958 124 170 244 383
D00 0.0956 421 255 458 281
D00 0.0956 0 340 208 488
D00 0.0953 244 102 393 190
D00 0.0948 510 346 600 505
D00 0.0943 147 188 210 250
D00 0.0923 5 78 223 339
D00 0.0920 333 102 362 142
D00 0.0918 454 319 514 358
D00 0.0916 119 243 176 317
D00 0.0915 414 190 494 332
D00 0.0913 0 376 61 508
D00 0.0907 26 306 148 385
D00 0.0894 352 128 383 188
D00 0.0894 57 318 141 440
D00 0.0886 97 218 164 341
D00 0.0879 128 98 238 228
D00 0.0858 103 318 129 373
D00 0.0851 561 424 594 499
D00 0.0850 298 69 370 187
D00 0.0849 441 315 564 365
D00 0.0846 349 147 428 265
D00 0.0841 361 144 392 204
D00 0.0836 489 111 590 172
D00 0.0821 331 88 355 148
D00 0.0820 347 146 416 204
D00 0.0814 83 326 129 424
D00 0.0814 96 264 194 351
D00 0.0813 328 108 378 148
D00 0.0809 8 70 127 140
D00 0.0808 3 335 58 444
D00 0.0792 62 80 187 269
D00 0.0788 333 52 459 185
D00 0.0783 501 304 600 448
D00 0.0776 363 224 419 256
D00 0.0776 44 226 405 409
D00 0.0772 115 283 141 353
D00 0.0764 406 237 510 317
D00 0.0760 6 395 42 437
D00 0.0749 445 106 575 238
D00 0.0749 378 162 514 311
D00 0.0748 150 104 216 162
D00 0.0745 84 107 373 256
D00 0.0744 263 45 400 268
D00 0.0737 99 300 166 360
D00 0.0729 0 168 168 427
D00 0.0729 350 190 387 249
D00 0.0726 359 200 460 281
D00 0.0722 333 123 376 169
D00 0.0717 372 153 400 210
D00 0.0717 424 52 600 251
D00 0.0716 295 148 407 241
D00 0.0715 426 258 484 297
D00 0.0708 160 118 223 229
D00 0.0707 95 244 265 390
D00 0.0704 334 72 377 166
D00 0.0698 26 207 173 358
D00 0.0696 0 381 135 482
D00 0.0689 1 77 127 191
D00 0.0689 142 151 190 243
D00 0.0682 146 145 251 250
D00 0.0673 122 275 156 317
D00 0.0673 270 111 380 168
D00 0.0668 159 162 197 241
D00 0.0662 322 167 389 228
D00 0.0651 383 266 508 464
D00 0.0642 34 84 115 132
D00 0.0641 2 337 113 435
D00 0.0634 49 327 258 451
D00 0.0631 38 182 190 297
D00 0.0623 104 108 196 245
D00 0.0618 334 126 430 187
D00 0.0613 444 95 570 152
D00 0.0606 343 133 395 176
D00 0.0605 302 115 366 158
D00 0.0600 431 239 600 390
D00 0.0599 136 206 185 251
D00 0.0599 261 260 507 371
D00 0.0598 432 270 466 317
D00 0.0591 535 390 597 451
D00 0.0589 7 247 152 386
D00 0.0588 368 67 514 179
D00 0.0583 19 66 215 149
D00 0.0582 4 346 115 527
D00 0.0581 69 302 318 404
D00 0.0574 151 181 182 227
D00 0.0573 445 290 486 336
D00 0.0565 66 251 177 333
D00 0.0565 563 407 589 470
D00 0.0563 0 257 89 449
D00 0.0558 74 163 197 241
D00 0.0558 393 70 537 138
D00 0.0556 271 119 385 229
D00 0.0556 92 186 168 302
D00 0.0555 545 349 596 459
D00 0.0554 174 100 222 192
D00 0.0553 108 210 180 287
D00 0.0550 52 86 229 171
D00 0.0545 388 243 451 272
D00 0.0540 338 173 373 227
D00 0.0539 352 208 402 251
D00 0.0536 86 328 133 370
D00 0.0530 390 326 557 445
D00 0.0528 1 373 44 432
D00 0.0527 466 311 518 390
D00 0.0514 403 285 515 375
D00 0.0513 159 329 286 441
D00 0.0512 352 97 467 197
D00 0.0511 379 212 420 266
D00 0.0510 43 80 299 220
D00 0.0502 150 214 178 259
D00 0.0501 140 110 211 144
D00 0.0498 321 39 401 159
D00 0.0498 22 37 213 226
D00 0.0494 112 287 184 395
D00 0.0492 465 110 558 164
D00 0.0490 153 82 215 139
D00 0.0489 335 139 463 214
D00 0.0488 112 248 153 321
D00 0.0486 160 96 404 205
D00 0.0485 359 158 401 189
D00 0.0483 486 284 595 384
D00 0.0483 4 85 94 153
D00 0.0483 0 404 32 477
D00 0.0482 120 217 206 357
D00 0.0481 441 223 504 332
D00 0.0480 446 306 509 377
D00 0.0478 387 96 536 217
D00 0.0477 342 100 371 155
D00 0.0476 345 50 576 152
D00 0.0474 121 271 179 308
D00 0.0474 154 133 299 350
D00 0.0473 351 122 502 256
D00 0.0468 540 127 599 203
D00 0.0464 38 77 160 164
D00 0.0463 572 441 596 500
D00 0.0462 472 62 593 166
D00 0.0461 412 132 548 276
D00 0.0457 329 132 373 214
D00 0.0455 62 327 134 389
D00 0.0454 448 205 531 347
D00 0.0454 470 315 533 360
D00 0.0453 426 175 553 320
D00 0.0451 433 226 482 313
D00 0.0451 461 390 600 495
D00 0.0450 182 382 224 460
D00 0.0450 119 31 231 146
D00 0.0449 354 36 488 141
D00 0.0448 472 138 591 268
D00 0.0448 161 106 206 136
D00 0.0447 372 253 473 323
D00 0.0446 347 64 407 177
D00 0.0446 526 375 588 476
D00 0.0444 318 21 397 64
D00 0.0441 482 218 600 516
D00 0.0439 217 52 523 234
D00 0.0438 47 362 150 464
D00 0.0438 124 166 198 226
D00 0.0435 344 116 384 160
D00 0.0433 307 208 444 390
D00 0.0428 158 205 196 276
D00 0.0428 104 175 308 306
D00 0.0425 516 53 600 195
D00 0.0422 306 69 359 146
D00 0.0419 182 337 253 450
D00 0.0419 372 52 510 117
D00 0.0418 234 300 514 395
D00 0.0417 130 119 207 208
D00 0.0416 478 126 565 180
D00 0.0412 318 103 359 131
D00 0.0412 439 281 475 326
D00 0.0412 156 203 195 238
D00 0.0411 20 52 166 127
D00 0.0410 523 431 591 513
D00 0.0410 109 308 195 445
D00 0.0410 324 19 443 130
D00 0.0408 525 119 600 280
D00 0.0407 150 369 246 457
D00 0.0404 88 263 163 321
D00 0.0403 335 187 393 230
D00 0.0403 5 408 107 466
D00 0.0402 94 318 166 401
D00 0.0401 97 335 131 364
D00 0.0400 365 163 414 216
D00 0.0399 214 119 365 310
D00 0.0398 555 426 585 484
D00 0.0392 273 164 409 371
D00 0.0390 336 30 417 73
D00 0.0389 93 77 224 142
D00 0.0385 252 306 554 451
D00 0.0385 419 118 558 191
D00 0.0384 385 302 536 405
D00 0.0383 334 206 425 277
D00 0.0382 519 136 585 239
D00 0.0381 165 150 232 213
D00 0.0381 125 276 213 408
D00 0.0380 349 153 388 214
D00 0.0379 545 313 598 424
D00 0.0379 354 123 407 181
D00 0.0377 462 302 510 347
D00 0.0375 357 40 440 83
D00 0.0374 136 282 260 465
D00 0.0371 19 114 164 241
D00 0.0371 128 28 269 268
D00 0.0370 515 217 600 408
D00 0.0369 95 309 224 494
D00 0.0368 0 109 53 176
D00 0.0366 0 36 107 164
D00 0.0365 309 111 360 143
D00 0.0364 67 338 116 429
D00 0.0363 270 31 362 179
D00 0.0362 53 80 186 130
D00 0.0361 328 93 413 150
D00 0.0361 567 432 597 476
D00 0.0359 52 276 153 344
D00 0.0358 103 315 134 350
D00 0.0358 333 29 384 57
D00 0.0357 444 156 517 304
D00 0.0356 357 147 401 179
D00 0.0354 342 87 483 160
D00 0.0354 361 169 393 235
D00 0.0353 407 94 527 147
D00 0.0353 183 240 482 568
D00 0.0353 106 309 148 354
D00 0.0352 45 240 314 581
D00 0.0351 373 48 457 93
D00 0.0351 415 272 474 361
D00 0.0350 123 329 233 437
D00 0.0349 167 132 278 227
D00 0.0349 174 175 238 276
D00 0.0344 319 202 396 261
D00 0.0343 473 322 542 384
D00 0.0342 530 155 598 217
D00 0.0341 99 320 154 370
D00 0.0341 532 369 598 431
D00 0.0341 352 38 404 66
D00 0.0340 362 84 428 188
D00 0.0339 47 93 107 123
D00 0.0338 12 404 61 462
D00 0.0337 324 12 376 57
D00 0.0336 448 305 497 342
D00 0.0333 433 69 544 198
D00 0.0332 336 34 467 94
D00 0.0331 533 425 599 485
D00 0.0330 494 135 588 191
D00 0.0329 91 274 138 351
D00 0.0329 144 93 241 175
D00 0.0327 321 18 446 77
D00 0.0327 392 57 474 104
D00 0.0327 330 193 420 335
D00 0.0326 148 177 438 301
D00 0.0325 175 136 238 195
D00 0.0325 349 341 581 501
D00 0.0323 450 350 570 534
D00 0.0320 91 366 190 464
D00 0.0319 97 305 232 379
D00 0.0319 173 351 228 447
D00 0.0318 99 361 148 465
D00 0.0318 355 325 398 404
D00 0.0317 12 108 117 164
D00 0.0316 314 177 402 297
D00 0.0316 295 0 428 242
D00 0.0315 1 412 55 484
D00 0.0315 0 91 94 246
D00 0.0314 199 333 335 445
D00 0.0312 414 226 456 296
D00 0.0312 319 24 373 126
D00 0.0311 297 125 370 196
D00 0.0311 333 248 458 358
D00 0.0310 527 85 600 167
D00 0.0310 83 43 200 137
D00 0.0309 130 99 201 154
D00 0.0308 0 119 140 334
D00 0.0308 332 167 363 217
D00 0.0307 319 28 366 56
D00 0.0307 361 157 435 193
D00 0.0306 363 47 415 74
D00 0.0303 75 202 150 318
D00 0.0303 83 179 162 248
D00 0.0303 158 209 219 322
D00 0.0302 127 253 160 308
D00 0.0302 193 60 438 185
D00 0.0301 304 8 394 89
D00 0.0300 541 267 600 397
D00 0.0300 7 405 187 508
D00 0.0300 479 279 535 369
D00 0.0299 265 172 305 259
D00 0.0297 302 337 433 453
D00 0.0297 189 408 214 457
D00 0.0294 127 54 356 224
D00 0.0292 185 194 400 358
D00 0.0292 427 85 515 134
D00 0.0291 391 205 435 275
D00 0.0289 203 118 346 231
D00 0.0288 400 173 471 288
D00 0.0288 109 341 164 450
D00 0.0288 236 344 330 387
D00 0.0287 7 412 39 457
D00 0.0287 98 328 146 424
D00 0.0286 560 351 595 431
D00 0.0286 574 249 598 303
D00 0.0286 189 390 233 442
D00 0.0286 56 70 128 130
D00 0.0285 367 132 401 190
D00 0.0285 554 400 585 457
D00 0.0284 440 259 552 324
D00 0.0284 24 180 171 252
D00 0.0283 91 66 209 206
D00 0.0283 368 218 424 296
D00 0.0282 141 224 169 292
D00 0.0282 333 105 375 129
D00 0.0280 115 272 159 300
D00 0.0280 0 108 72 145
D00 0.0279 56 244 129 360
D00 0.0278 154 115 199 152
D00 0.0278 370 33 423 77
D00 0.0278 520 301 588 401
D00 0.0278 348 181 451 248
D00 0.0277 92 338 122 397
D00 0.0277 409 74 497 122
D00 0.0276 144 58 268 162
D00 0.0276 65 188 136 248
D00 0.0275 153 224 188 309
D00 0.0275 167 393 259 447
D00 0.0274 558 438 591 469
D00 0.0273 193 148 267 261
D00 0.0272 479 178 546 241
D00 0.0271 14 89 97 126
D00 0.0270 332 21 383 47
D00 0.0269 30 232 167 311
D00 0.0269 155 193 195 224
D00 0.0269 126 112 195 174
D00 0.0269 156 164 285 278
D00 0.0268 330 50 368 146
D00 0.0268 378 150 409 200
D00 0.0267 92 201 179 258
D00 0.0267 43 91 125 220
D00 0.0267 91 215 160 280
D00 0.0266 2 433 26 489
D00 0.0266 165 41 223 138
D00 0.0265 131 190 180 234
D00 0.0265 138 190 319 417
D00 0.0265 423 52 572 128
D00 0.0264 163 303 237 431
D00 0.0264 152 191 249 298
D00 0.0263 349 204 394 235
D00 0.0261 353 166 393 196
D00 0.0260 351 30 402 57
D00 0.0259 554 123 600 251
D00 0.0258 326 30 397 98
D00 0.0258 195 342 277 422
D00 0.0258 552 102 600 180
D00 0.0257 41 347 335 490
D00 0.0257 197 397 223 451
D00 0.0257 108 220 152 302
D00 0.0257 189 122 226 193
D00 0.0257 447 320 500 406
D00 0.0257 42 144 187 218
D00 0.0256 411 263 457 336
D00 0.0255 370 179 400 247
D00 0.0255 502 408 576 504
D00 0.0254 281 76 346 164
D00 0.0253 14 415 69 514
D00 0.0252 76 88 171 154
D00 0.0252 311 19 359 63
D00 0.0252 551 424 596 466
D00 0.0252 339 197 381 239
D00 0.0251 564 388 600 453
D00 0.0251 0 115 32 154
D00 0.0251 147 103 191 136
D00 0.0250 345 334 408 383
D00 0.0250 10 54 100 120
D00 0.0250 514 125 593 165
D00 0.0249 262 333 341 378
D00 0.0249 484 339 589 424
D00 0.0249 375 136 449 243
D00 0.0247 355 69 437 144
D00 0.0246 497 170 566 230
D00 0.0246 567 235 600 317
D00 0.0246 230 137 372 214
D00 0.0246 316 59 349 132
D00 0.0245 62 121 201 200
D00 0.0245 406 111 526 164
D00 0.0244 134 209 168 265
D00 0.0243 126 59 208 165
D00 0.0243 365 166 434 236
D00 0.0243 167 99 304 257
D00 0.0242 125 394 234 447
D00 0.0242 326 37 375 64
D00 0.0242 327 180 370 253
D00 0.0242 40 98 120 146
D00 0.0240 201 366 259 455
D00 0.0240 462 187 523 246
D00 0.0240 66 144 157 264
D00 0.0239 272 94 369 146
D00 0.0238 427 243 529 297
D00 0.0238 85 347 115 409
D00 0.0238 156 93 196 130
D00 0.0237 337 113 385 137
D00 0.0237 137 277 288 382
D00 0.0237 215 259 343 375
D00 0.0237 374 126 415 197
D00 0.0237 439 260 475 314
D00 0.0236 500 162 600 331
D00 0.0236 162 117 206 191
D00 0.0236 359 50 440 119
D00 0.0235 104 395 164 455
D00 0.0235 329 334 392 400
D00 0.0235 482 121 553 222
D00 0.0232 564 451 591 505
D00 0.0232 106 283 145 328
D00 0.0231 355 139 403 167
D00 0.0229 487 0 600 287
D00 0.0229 406 305 486 432
D00 0.0229 179 370 241 429
D00 0.0229 322 277 483 516
D00 0.0228 379 48 433 76
D00 0.0227 80 351 168 500
D00 0.0227 339 73 361 138
D00 0.0227 439 243 465 298
D00 0.0227 186 142 216 192
D00 0.0227 5 115 85 195
D00 0.0227 314 1 385 46
D00 0.0227 111 132 182 200
D00 0.0227 0 152 116 273
D00 0.0226 381 194 412 256
D00 0.0225 85 360 132 447
D00 0.0225 364 76 476 126
D00 0.0225 266 334 391 415
D00 0.0225 289 150 371 211
D00 0.0224 170 108 239 163
D00 0.0224 344 329 457 427
D00 0.0224 14 389 58 430
D00 0.0224 170 93 210 130
D00 0.0223 556 290 598 379
D00 0.0223 347 130 392 157
D00 0.0223 248 320 335 369
D00 0.0222 494 147 570 214
D00 0.0221 41 85 101 115
D00 0.0221 142 73 196 145
D00 0.0221 257 165 295 235
D00 0.0221 223 129 284 248
D00 0.0220 247 80 287 155
D00 0.0220 550 241 598 353
D00 0.0219 272 184 380 244
D00 0.0219 546 174 597 281
D00 0.0219 429 172 489 289
D00 0.0218 215 211 293 395
D00 0.0218 225 336 294 393
D00 0.0218 256 129 296 217
D00 0.0218 295 14 366 75
D00 0.0217 1 58 63 148
D00 0.0217 358 101 396 172
D00 0.0217 338 163 382 204
D00 0.0216 58 100 146 175
D00 0.0216 85 308 123 364
D00 0.0216 0 423 33 511
D00 0.0216 461 183 565 289
D00 0.0215 121 204 213 297
D00 0.0215 0 207 119 342
D00 0.0215 152 13 264 134
D00 0.0214 402 51 482 158
D00 0.0213 66 90 121 137
D00 0.0213 59 172 124 233
D00 0.0213 18 357 76 441
D00 0.0213 75 165 151 220
D00 0.0213 108 210 251 324
D00 0.0212 55 101 112 129
D00 0.0212 172 39 231 97
D00 0.0212 2 99 87 136
D00 0.0212 185 116 215 176
D00 0.0211 556 147 596 211
D00 0.0211 149 351 209 447
D00 0.0211 11 303 76 414
D00 0.0211 468 334 522 359
D00 0.0211 510 409 594 464
D00 0.0211 373 55 426 83
D00 0.0210 129 7 222 98
D00 0.0210 191 181 272 361
D00 0.0209 513 272 593 357
D00 0.0209 172 110 208 157
D00 0.0209 471 231 584 337
D00 0.0208 508 185 569 248
D00 0.0208 0 116 37 203
D00 0.0208 321 131 365 169
D00 0.0208 490 108 564 148
D00 0.0208 349 27 411 115
D00 0.0206 149 23 208 124
D00 0.0206 162 399 234 465
D00 0.0205 98 156 184 213
D00 0.0204 0 343 33 427
D00 0.0204 76 240 173 297
D00 0.0203 118 86 203 135
D00 0.0203 414 272 460 312
D00 0.0202 309 88 342 140
D00 0.0201 319 148 361 212
D00 0.0201 248 159 347 254
D00 0.0200 423 324 494 388
D00 0.0200 194 117 303 202
D00 0.0200 85 144 159 202
D00 0.0199 389 56 443 85
D00 0.0199 260 176 291 208
D00 0.0199 479 307 515 356
D00 0.0199 242 112 306 232
D00 0.0198 129 284 201 357
D00 0.0198 442 327 514 455
D00 0.0198 435 200 512 280
D00 0.0197 364 340 392 395
D00 0.0196 285 337 358 395
D00 0.0196 79 338 146 397
D00 0.0196 1 125 28 180
D00 0.0195 243 340 309 412
D00 0.0194 399 102 484 177
D00 0.0194 266 147 369 284
D00 0.0194 344 47 397 72
D00 0.0194 167 199 203 249
D00 0.0193 225 305 294 368
D00 0.0192 182 114 253 183
D00 0.0192 362 176 401 204
D00 0.0192 151 216 202 256
D00 0.0192 360 24 399 77
D00 0.0192 79 393 144 457
D00 0.0192 376 214 441 250
D00 0.0191 54 351 136 414
D00 0.0191 147 244 230 366
D00 0.0191 83 391 244 474
D00 0.0191 346 216 387 255
D00 0.0190 43 31 183 105
D00 0.0190 330 356 401 476
D00 0.0190 372 132 494 183
D00 0.0190 163 312 279 390
D00 0.0190 21 398 90 496
D00 0.0189 0 89 38 164
D00 0.0189 6 140 139 214
D00 0.0189 312 215 390 363
D00 0.0189 163 291 320 512
D00 0.0188 374 37 403 80
D00 0.0188 180 21 239 79
D00 0.0188 455 107 533 146
D00 0.0188 171 79 240 136
D00 0.0188 348 343 392 425
D00 0.0188 389 79 451 178
D00 0.0188 97 124 163 188
D00 0.0187 0 355 170 585
D00 0.0187 7 197 150 269
D00 0.0187 23 269 120 355
D00 0.0187 251 111 282 146
D00 0.0186 180 423 222 451
D00 0.0186 353 99 381 153
D00 0.0186 149 172 232 230
D00 0.0186 245 174 288 257
D00 0.0186 84 208 140 250
D00 0.0186 43 188 103 252
D00 0.0186 343 8 408 64
D00 0.0186 379 164 424 198
D00 0.0185 237 101 299 151
D00 0.0185 216 166 289 325
D00 0.0185 299 174 370 264
D00 0.0185 303 42 346 118
D00 0.0185 296 91 358 128
D00 0.0185 409 160 547 231
D00 0.0185 316 86 385 145
D00 0.0185 538 133 596 173
D00 0.0185 469 164 527 274
D00 0.0185 176 219 248 363
D00 0.0185 0 389 32 444
D00 0.0184 426 114 503 250
D00 0.0184 66 111 191 163
D00 0.0184 47 158 131 277
D00 0.0184 189 156 242 198
D00 0.0183 198 371 301 431
D00 0.0183 446 282 538 339
D00 0.0183 433 333 479 421
D00 0.0182 234 175 276 271
D00 0.0182 325 11 375 35
D00 0.0182 473 146 555 198
D00 0.0182 248 155 305 211
D00 0.0181 148 354 254 415
D00 0.0181 104 306 138 335
D00 0.0181 246 113 287 191
D00 0.0181 311 36 356 79
D00 0.0181 425 302 485 355
D00 0.0181 363 24 472 75
D00 0.0180 417 248 458 270
D00 0.0180 385 174 425 256
D00 0.0180 56 36 143 141
D00 0.0180 297 31 364 100
D00 0.0180 442 179 507 238
D00 0.0180 410 363 557 476
D00 0.0180 165 56 201 133
D00 0.0180 220 190 260 263
D00 0.0179 465 106 535 201
D00 0.0179 340 210 387 288
D00 0.0179 279 139 350 240
D00 0.0178 352 347 452 486
D00 0.0178 8 427 109 487
D00 0.0177 160 286 205 371
D00 0.0177 107 328 137 382
D00 0.0177 529 311 597 373
D00 0.0177 106 260 165 297
D00 0.0177 92 15 216 76
D00 0.0176 103 269 147 308
D00 0.0176 418 28 537 156
D00 0.0176 539 451 598 528
D00 0.0176 143 127 224 184
D00 0.0176 281 304 346 366
D00 0.0175 209 350 285 462
D00 0.0175 373 146 428 212
D00 0.0174 411 409 582 518
D00 0.0174 279 195 308 260
D00 0.0174 489 328 572 385
D00 0.0174 309 117 353 178
D00 0.0174 48 402 191 469
D00 0.0174 376 179 512 255
D00 0.0174 181 65 217 139
D00 0.0174 243 116 308 164
D00 0.0173 6 224 81 369
D00 0.0173 8 169 79 290
D00 0.0172 181 332 261 399
D00 0.0172 167 184 273 244
D00 0.0172 121 338 384 600
D00 0.0172 203 336 273 382
D00 0.0172 73 108 136 215
D00 0.0172 403 263 452 303
D00 0.0172 175 163 221 235
D00 0.0172 354 349 410 444
D00 0.0172 183 382 310 451
D00 0.0171 550 171 598 222
D00 0.0171 559 382 594 421
D00 0.0170 498 293 558 366
D00 0.0170 230 76 367 149
D00 0.0170 258 318 362 458
D00 0.0170 307 382 435 488
D00 0.0169 292 336 332 365
D00 0.0169 161 179 207 223
D00 0.0169 572 374 597 427
D00 0.0169 334 20 366 63
D00 0.0169 19 387 291 519
D00 0.0168 55 209 128 261
D00 0.0168 100 402 137 461
D00 0.0168 364 353 476 442
D00 0.0168 570 401 600 484
D00 0.0168 399 65 454 94
D00 0.0167 496 420 600 533
D00 0.0167 330 65 353 123
D00 0.0167 71 0 203 110
D00 0.0167 137 275 204 329
D00 0.0166 448 207 496 301
D00 0.0166 453 337 539 420
D00 0.0166 315 52 349 84
D00 0.0166 496 71 588 137
D00 0.0166 235 148 309 293
D00 0.0166 274 191 297 247
D00 0.0165 379 171 409 231
D00 0.0165 254 118 341 193
D00 0.0165 467 204 551 250
D00 0.0164 201 134 271 194
D00 0.0164 419 245 477 278
D00 0.0163 339 90 372 130
D00 0.0163 191 43 227 77
D00 0.0163 387 161 479 239
D00 0.0163 450 161 518 226
D00 0.0162 177 128 208 184
D00 0.0162 242 202 298 353
D00 0.0162 162 11 221 74
D00 0.0162 6 379 68 420
D00 0.0162 380 123 446 187
D00 0.0162 46 213 140 292
D00 0.0162 388 65 453 121
D00 0.0162 93 356 121 418
D00 0.0162 387 275 461 352
D00 0.0161 1 122 56 224
D00 0.0161 108 415 144 454
D00 0.0161 354 28 385 71
D00 0.0161 86 237 141 324
D00 0.0161 0 393 30 422
D00 0.0161 183 51 218 86
D00 0.0161 293 62 341 141
D00 0.0161 63 82 111 120
D00 0.0160 347 282 390 373
D00 0.0160 169 54 214 105
D00 0.0160 396 241 441 291
D00 0.0160 131 363 228 493
D00 0.0160 45 382 115 477
D00 0.0160 470 204 514 287
D00 0.0160 122 228 156 292
D00 0.0160 330 245 372 324
D00 0.0160 31 125 93 226
D00 0.0159 161 329 205 415
D00 0.0159 282 338 379 486
D00 0.0159 9 25 121 111
D00 0.0159 14 128 117 186
D00 0.0159 111 86 179 173
D00 0.0158 205 249 270 372
D00 0.0158 88 178 127 246
D00 0.0158 362 219 405 276
D00 0.0158 392 347 486 487
D00 0.0158 196 31 264 145
D00 0.0158 556 223 600 294
D00 0.0157 264 181 289 235
D00 0.0157 193 408 241 457
D00 0.0157 550 448 590 478
D00 0.0157 318 48 364 71
D00 0.0157 15 144 72 244
D00 0.0157 261 215 360 385
D00 0.0157 3 384 42 414
D00 0.0157 556 420 591 448
D00 0.0156 348 51 415 84
D00 0.0156 117 200 170 242
D00 0.0156 489 191 554 229
D00 0.0156 185 390 221 424
D00 0.0156 258 36 329 156
D00 0.0155 357 350 384 406
D00 0.0155 319 56 345 104
D00 0.0155 228 214 251 260
D00 0.0155 552 342 596 399
D00 0.0155 267 198 327 260
D00 0.0154 237 294 402 514
D00 0.0154 399 40 514 95
D00 0.0154 218 330 265 405
D00 0.0154 32 207 93 267
D00 0.0153 250 169 333 325
D00 0.0153 332 75 420 126
D00 0.0153 468 99 547 137
D00 0.0153 193 355 228 423
D00 0.0153 433 291 468 351
D00 0.0152 382 34 433 97
D00 0.0152 571 240 600 278
D00 0.0152 196 31 240 102
D00 0.0152 4 290 90 372
D00 0.0152 213 361 363 432
D00 0.0152 341 21 379 73
D00 0.0152 289 0 375 123
D00 0.0152 541 436 583 502
D00 0.0152 201 33 235 69
D00 0.0151 284 27 339 121
D00 0.0151 148 234 176 301
D00 0.0151 107 412 215 461
D00 0.0151 310 46 337 89
D00 0.0150 233 238 276 359
D00 0.0150 412 84 484 141
D00 0.0150 389 0 597 178
D00 0.0150 473 210 510 244
D00 0.0150 170 432 218 456
D00 0.0150 155 203 231 260
D00 0.0150 308 32 344 67
D00 0.0150 569 334 599 408
D00 0.0149 444 130 533 176
D00 0.0149 566 271 600 358
D00 0.0149 263 153 330 210
D00 0.0149 315 94 355 120
D00 0.0149 310 67 338 117
D00 0.0149 193 157 261 214
D00 0.0148 530 221 600 328
D00 0.0148 293 199 371 341
D00 0.0148 198 391 237 425
D00 0.0148 227 281 270 379
D00 0.0148 143 241 205 306
D00 0.0148 155 184 196 212
D00 0.0148 565 441 600 522
D00 0.0148 318 308 414 422
D00 0.0147 380 21 461 118
D00 0.0147 0 416 125 561
D00 0.0147 75 160 128 207
D00 0.0146 545 418 579 475
D00 0.0146 309 342 378 413
D00 0.0146 522 333 578 430
D00 0.0146 326 27 356 69
D00 0.0146 347 114 435 164
D00 0.0146 448 91 515 179
D00 0.0145 262 176 305 220
D00 0.0145 346 305 414 363
D00 0.0145 459 68 534 155
D00 0.0145 78 76 148 137
D00 0.0145 432 150 540 200
D00 0.0145 148 388 209 472
D00 0.0145 342 229 409 296
D00 0.0145 357 339 396 374
D00 0.0145 197 272 366 475
D00 0.0144 137 117 180 153
D00 0.0144 128 246 166 288
D00 0.0144 167 384 222 431
D00 0.0144 549 168 593 198
D00 0.0144 171 372 283 479
D00 0.0144 429 76 494 163
D00 0.0144 258 257 393 419
D00 0.0143 357 201 421 239
D00 0.0143 353 11 518 94
D00 0.0143 196 148 236 185
D00 0.0143 35 351 105 427
D00 0.0143 107 375 213 434
D00 0.0142 270 342 337 407
D00 0.0142 278 364 418 430
D00 0.0142 0 326 46 409
D00 0.0142 303 48 349 72
D00 0.0142 565 162 599 203
D00 0.0142 379 40 431 66
D00 0.0142 155 128 195 206
D00 0.0142 361 335 429 397
D00 0.0141 21 186 86 255
D00 0.0141 222 155 291 208
D00 0.0141 271 169 295 212
D00 0.0141 0 99 33 139
D00 0.0141 518 192 590 268
D00 0.0141 250 197 291 295
D00 0.0141 472 260 525 346
D00 0.0140 57 202 126 239
D00 0.0140 0 0 182 173
D00 0.0140 91 220 130 251
D00 0.0140 350 21 403 45
D00 0.0140 0 289 42 376
D00 0.0140 50 90 106 166
D00 0.0139 275 350 349 383
D00 0.0139 163 43 223 79
D00 0.0138 109 36 205 93
D00 0.0138 235 204 259 254
D00 0.0138 518 174 580 224
D00 0.0137 2 448 89 504
D00 0.0137 178 0 246 110
D00 0.0137 77 366 123 425
D00 0.0137 454 271 515 330
D00 0.0137 183 33 219 70
D00 0.0137 514 106 578 158
D00 0.0136 246 177 290 219
D00 0.0136 382 65 437 91
D00 0.0136 227 207 266 278
D00 0.0136 333 8 398 38
D00 0.0136 395 207 493 259
D00 0.0136 177 150 208 203
D00 0.0136 77 294 142 334
D00 0.0136 408 75 465 102
D00 0.0136 145 117 186 189
D00 0.0136 294 37 340 80
D00 0.0135 50 153 115 215
D00 0.0135 269 299 322 370
D00 0.0135 368 341 403 412
D00 0.0135 476 211 523 258
D00 0.0135 482 210 544 317
D00 0.0134 334 55 428 103
D00 0.0134 357 111 395 147
D00 0.0134 296 0 358 53
D00 0.0134 580 435 600 490
D00 0.0134 225 351 289 422
D00 0.0134 192 11 228 72
D00 0.0134 69 179 108 242
D00 0.0134 22 15 163 79
D00 0.0134 181 273 254 382
D00 0.0134 204 38 252 79
D00 0.0133 119 387 190 445
D00 0.0133 92 219 129 293
D00 0.0133 80 347 130 387
D00 0.0133 307 61 341 95
D00 0.0132 339 40 381 119
D00 0.0132 210 20 291 158
D00 0.0132 0 163 64 218
D00 0.0132 130 325 283 546
D00 0.0132 59 0 247 186
D00 0.0132 306 0 427 62
D00 0.0132 363 28 426 60
D00 0.0132 274 15 296 63
D00 0.0131 140 220 222 282
D00 0.0131 236 18 355 132
D00 0.0131 294 18 341 64
D00 0.0131 400 394 469 437
D00 0.0131 208 156 246 190
D00 0.0131 123 56 189 126
D00 0.0131 328 46 373 89
D00 0.0130 558 457 592 488
D00 0.0130 174 30 211 89
D00 0.0130 135 143 177 215
D00 0.0130 217 118 287 168
D00 0.0130 114 407 152 445
D00 0.0130 262 194 293 257
D00 0.0130 391 404 457 465
D00 0.0130 212 213 258 326
D00 0.0130 108 133 147 195
D00 0.0129 122 225 178 266
D00 0.0129 410 112 471 211
D00 0.0129 433 132 499 194
D00 0.0129 503 324 559 411
D00 0.0129 452 190 499 266
D00 0.0129 344 265 376 322
D00 0.0129 29 171 95 234
D00 0.0129 233 197 379 261
D00 0.0128 100 347 128 409
D00 0.0128 14 424 44 478
D00 0.0128 74 373 162 434
D00 0.0128 460 212 507 262
D00 0.0128 190 0 383 252
D00 0.0128 303 20 351 46
D00 0.0128 485 168 543 217
D00 0.0128 179 399 209 452
D00 0.0128 227 115 279 203
D00 0.0128 305 300 392 364
D00 0.0128 53 197 88 257
D00 0.0127 566 122 600 191
D00 0.0127 505 121 571 151
D00 0.0127 253 89 321 148
D00 0.0127 336 433 404 493
D00 0.0127 369 395 470 478
D00 0.0127 562 249 598 285
D00 0.0127 3 136 57 190
D00 0.0127 0 203 59 336
D00 0.0127 318 231 382 298
D00 0.0127 497 130 563 160
D00 0.0126 192 46 226 109
D00 0.0126 385 144 458 197
D00 0.0126 262 94 286 145
D00 0.0126 265 14 286 63
D00 0.0126 238 56 278 143
D00 0.0126 192 373 385 458
D00 0.0126 274 183 348 303
D00 0.0126 198 321 275 368
D00 0.0126 202 330 356 552
D00 0.0126 107 318 190 374
D00 0.0126 306 134 349 207
D00 0.0125 185 98 269 154
D00 0.0125 170 311 212 389
D00 0.0125 32 221 96 332
D00 0.0125 299 48 332 108
D00 0.0125 318 58 364 80
D00 0.0125 187 55 250 122
D00 0.0125 430 163 497 219
D00 0.0124 258 268 316 366
D00 0.0124 288 359 515 536
D00 0.0124 441 351 489 406
D00 0.0124 465 202 503 238
D00 0.0124 276 208 315 277
D00 0.0124 345 386 422 453
D00 0.0124 348 50 391 132
D00 0.0124 384 423 449 483
D00 0.0124 565 173 600 262
D00 0.0124 352 179 406 218
D00 0.0124 574 277 597 329
D00 0.0123 423 47 491 131
D00 0.0123 415 63 484 98
D00 0.0123 318 173 359 238
D00 0.0123 173 354 211 421
D00 0.0123 80 213 121 246
D00 0.0123 128 215 193 276
D00 0.0123 236 164 282 234
D00 0.0122 184 357 301 536
D00 0.0122 170 338 233 408
D00 0.0122 527 253 600 299
D00 0.0122 336 35 364 78
D00 0.0122 24 385 103 444
D00 0.0122 360 2 440 99
D00 0.0122 415 401 456 431
D00 0.0122 248 48 286 126
D00 0.0122 150 15 269 75
D00 0.0121 179 427 239 459
D00 0.0121 114 113 168 160
D00 0.0121 119 292 158 351
D00 0.0121 205 18 249 65
D00 0.0121 329 270 405 378
D00 0.0121 481 328 520 401
D00 0.0121 191 169 304 221
D00 0.0121 395 96 459 153
D00 0.0121 241 31 303 150
D00 0.0120 284 27 329 71
D00 0.0120 151 54 199 107
D00 0.0120 324 62 356 95
D00 0.0120 375 97 438 155
D00 0.0120 574 304 597 364
D00 0.0120 407 377 510 460
D00 0.0120 256 57 295 144
D00 0.0120 0 178 63 242
D00 0.0120 121 212 158 263
D00 0.0119 76 342 110 395
D00 0.0119 191 398 264 465
D00 0.0119 582 266 600 319
D00 0.0119 200 376 253 423
D00 0.0119 320 444 384 497
D00 0.0119 271 122 319 208
D00 0.0119 415 371 478 429
D00 0.0118 217 27 240 72
D00 0.0118 60 22 174 68
D00 0.0118 520 200 558 237
D00 0.0118 329 276 390 329
D00 0.0118 56 318 122 370
D00 0.0118 171 24 229 60
D00 0.0118 353 36 388 92
D00 0.0118 314 6 355 41
D00 0.0118 155 224 184 266
D00 0.0118 181 411 223 442
D00 0.0118 460 91 536 127
D00 0.0118 206 42 272 93
D00 0.0118 78 183 118 218
D00 0.0117 283 26 305 72
D00 0.0117 28 73 97 111
D00 0.0117 159 410 214 456
D00 0.0117 431 107 504 142
D00 0.0117 0 8 70 130
D00 0.0117 81 84 130 160
D00 0.0117 501 185 542 247
D00 0.0117 165 38 202 100
D00 0.0117 138 90 179 148
D00 0.0116 93 381 142 435
D00 0.0116 256 349 325 468
D00 0.0116 383 146 425 185
D00 0.0116 347 244 392 323
D00 0.0116 370 99 406 166
D00 0.0116 12 215 76 281
D00 0.0116 382 44 413 88
D00 0.0116 51 192 114 229
D00 0.0116 2 30 26 85
D00 0.0116 319 371 375 465
D00 0.0115 59 132 123 198
D00 0.0115 257 10 294 83
D00 0.0115 145 124 188 160
D00 0.0115 172 80 209 120
D00 0.0115 456 339 508 395
D00 0.0115 170 219 206 288
D00 0.0115 114 297 153 325
D00 0.0115 366 43 393 87
D00 0.0115 200 51 236 84
D00 0.0114 195 29 241 55
D00 0.0114 425 394 462 425
D00 0.0114 365 431 433 493
D00 0.0114 551 143 600 182
D00 0.0113 376 240 432 317
D00 0.0113 228 40 268 113
D00 0.0113 356 362 399 414
D00 0.0113 298 126 345 160
D00 0.0113 523 184 600 241
D00 0.0113 25 408 83 458
D00 0.0113 146 64 218 119
D00 0.0112 554 420 600 546
D00 0.0112 8 119 74 167
D00 0.0112 571 206 600 276
D00 0.0112 297 108 345 146
D00 0.0112 403 334 471 401
D00 0.0112 571 138 600 216
D00 0.0112 289 319 336 382
D00 0.0112 397 49 450 75
D00 0.0112 504 207 566 308
D00 0.0112 444 18 588 143
D00 0.0111 479 350 553 447
D00 0.0111 266 0 304 74
D00 0.0111 480 200 520 239
D00 0.0111 269 33 299 67
D00 0.0111 150 406 240 494
D00 0.0111 398 178 435 251
D00 0.0111 301 411 399 493
D00 0.0111 494 267 545 352
D00 0.0111 427 393 533 484
D00 0.0111 505 106 555 170
D00 0.0111 358 61 426 92
D00 0.0111 165 267 211 339
D00 0.0111 69 65 156 114
D00 0.0111 0 224 46 304
D00 0.0111 432 228 458 288
D00 0.0111 378 70 445 102
D00 0.0111 379 107 416 173
D00 0.0111 371 376 431 461
D00 0.0111 218 23 258 92
D00 0.0110 365 137 435 173
D00 0.0110 274 78 365 124
D00 0.0110 474 295 519 336
D00 0.0110 339 272 364 318
D00 0.0110 470 448 581 505
D00 0.0110 397 47 438 102
D00 0.0110 132 355 198 423
D00 0.0110 196 210 263 263
D00 0.0110 243 282 289 380
D00 0.0110 382 243 429 280
D00 0.0110 385 166 462 214
D00 0.0110 256 4 278 54
D00 0.0110 263 140 361 187
D00 0.0110 105 208 150 268
D00 0.0110 212 340 248 418
D00 0.0110 0 186 45 273
D00 0.0110 403 89 474 122
D00 0.0110 402 120 450 168
D00 0.0109 264 0 287 45
D00 0.0109 280 213 355 263
D00 0.0109 0 439 31 468
D00 0.0109 59 211 97 247
D00 0.0109 288 283 372 378
D00 0.0109 448 264 487 321
D00 0.0109 117 11 202 54
D00 0.0109 364 291 436 360
D00 0.0109 214 89 284 146
D00 0.0109 138 330 205 388
D00 0.0109 24 414 55 469
D00 0.0109 478 121 547 151
D00 0.0109 575 424 600 465
D00 0.0109 338 56 362 104
D00 0.0109 265 147 288 203
D00 0.0109 110 385 160 434
D00 0.0108 256 83 278 138
D00 0.0108 254 120 279 159
D00 0.0108 75 327 113 375
D00 0.0108 398 223 446 262
D00 0.0108 288 42 321 76
D00 0.0108 391 41 423 85
D00 0.0108 298 341 343 373
D00 0.0108 276 10 314 83
D00 0.0108 283 46 329 89
D00 0.0108 74 94 130 121
D00 0.0108 88 417 161 490
D00 0.0108 102 66 171 129
D00 0.0108 181 31 278 71
D00 0.0108 266 275 351 355
D00 0.0108 95 298 141 325
D00 0.0108 91 353 179 413
D00 0.0107 529 195 566 256
D00 0.0107 446 239 474 294
D00 0.0107 76 357 105 418
D00 0.0107 344 282 377 347
D00 0.0107 104 392 178 502
D00 0.0107 266 26 317 116
D00 0.0107 292 58 341 81
D00 0.0107 562 326 600 378
D00 0.0107 572 449 600 477
D00 0.0107 353 14 385 58
D00 0.0106 275 212 298 259
D00 0.0106 248 23 285 93
D00 0.0106 201 14 235 51
D00 0.0106 441 116 515 152
D00 0.0106 532 350 587 413
D00 0.0106 112 330 152 402
D00 0.0106 491 139 554 168
D00 0.0106 410 284 451 357
D00 0.0106 349 414 416 478
D00 0.0106 107 399 145 436
D00 0.0105 384 364 600 571
D00 0.0105 301 243 363 307
D00 0.0105 296 48 396 121
D00 0.0105 221 43 254 75
D00 0.0105 48 111 105 138
D00 0.0105 69 388 144 500
D00 0.0105 69 131 152 181
D00 0.0105 327 464 395 498
D00 0.0105 410 410 507 499
D00 0.0105 52 85 90 130
D00 0.0105 94 121 144 172
D00 0.0104 36 223 100 283
D00 0.0104 479 83 553 148
D00 0.0104 298 348 360 439
D00 0.0104 483 394 555 489
D00 0.0104 476 158 534 206
D00 0.0104 390 114 426 182
D00 0.0104 407 190 443 261
D00 0.0104 96 421 223 489
D00 0.0104 461 183 527 219
D00 0.0104 242 365 297 457
D00 0.0104 104 97 153 174
D00 0.0104 222 188 329 241
D00 0.0104 336 422 470 490
D00 0.0103 412 54 457 90
D00 0.0103 97 155 139 192
D00 0.0103 165 70 201 107
D00 0.0103 340 102 408 134
D00 0.0103 249 6 339 85
D00 0.0103 410 153 479 206
D00 0.0103 217 157 262 237
D00 0.0103 252 128 298 176
D00 0.0103 523 42 586 150
D00 0.0103 509 466 592 520
D00 0.0103 2 438 53 532
D00 0.0102 160 57 208 83
D00 0.0102 379 79 441 133
D00 0.0102 135 80 198 119
D00 0.0102 449 340 479 396
D00 0.0102 256 26 277 72
D00 0.0102 98 226 140 264
D00 0.0102 251 167 285 203
D00 0.0102 557 267 600 319
D00 0.0102 326 370 395 422
D00 0.0102 265 36 286 80
D00 0.0102 301 323 325 366
D00 0.0102 70 175 110 210
D00 0.0102 473 169 513 237
D00 0.0102 416 84 475 111
D00 0.0101 50 76 105 104
D00 0.0101 211 123 247 191
D00 0.0101 497 210 560 246
D00 0.0101 316 209 368 275
D00 0.0101 273 113 344 156
D00 0.0101 244 206 309 262
D00 0.0101 298 175 360 217
D00 0.0100 3 143 39 182
D00 0.0100 490 299 525 356
D00 0.0100 48 59 124 108
D00 0.0100 254 183 280 234
D00 0.0100 0 261 42 343
D00 0.0100 62 358 100 430
D00 0.0100 286 185 318 254
D00 0.0100 238 42 298 94
D00 0.0100 342 51 377 84
D00 0.0100 301 76 329 126
D00 0.0100 89 133 127 197
D00 0.0100 558 139 600 166
D00 0.0100 110 26 175 120
D00 0.0100 525 517 573 541
D00 0.0100 310 67 354 88
D00 0.0100 247 94 271 144
D00 0.0100 385 267 446 315
D00 0.0100 177 410 380 569
D00 0.0100 216 207 248 263
D10 0.1523 106 275 188 311
D10 0.1405 218 337 312 366
D10 0.1221 351 306 508 367
D10 0.1033 158 110 230 136
D10 0.1012 203 329 389 375
D10 0.1001 127 283 193 304
D10 0.0980 190 336 341 387
D10 0.0964 441 310 517 360
D10 0.0962 511 391 600 432
D10 0.0949 421 258 503 308
D10 0.0943 398 319 504 359
D10 0.0934 338 336 444 366
D10 0.0917 349 221 451 274
D10 0.0911 415 294 505 355
D10 0.0907 302 320 478 371
D10 0.0892 0 392 74 442
D10 0.0868 357 327 482 358
D10 0.0868 12 310 144 386
D10 0.0850 473 387 600 454
D10 0.0845 92 173 193 218
D10 0.0837 330 339 409 361
D10 0.0837 38 338 135 383
D10 0.0816 431 262 511 293
D10 0.0812 440 350 600 449
D10 0.0809 283 336 404 366
D10 0.0797 540 398 592 422
D10 0.0792 96 204 189 256
D10 0.0766 251 341 331 363
D10 0.0762 144 102 243 142
D10 0.0762 231 319 446 380
D10 0.0740 482 376 594 428
D10 0.0736 215 343 283 362
D10 0.0726 319 201 419 259
D10 0.0721 95 181 171 202
D10 0.0717 240 334 355 368
D10 0.0710 403 332 477 354
D10 0.0698 291 284 500 369
D10 0.0697 468 329 581 369
D10 0.0666 358 340 437 359
D10 0.0662 207 103 394 181
D10 0.0662 513 337 600 379
D10 0.0661 9 403 60 431
D10 0.0655 433 330 508 362
D10 0.0641 369 334 448 355
D10 0.0631 388 339 467 357
D10 0.0630 112 216 178 243
D10 0.0625 99 225 169 248
D10 0.0601 325 305 459 355
D10 0.0600 304 342 386 360
D10 0.0598 536 346 591 370
D10 0.0595 94 254 227 360
D10 0.0593 65 332 133 372
D10 0.0587 354 226 426 261
D10 0.0577 177 115 254 134
D10 0.0577 99 168 183 201
D10 0.0575 135 93 289 168
D10 0.0573 54 348 122 372
D10 0.0567 288 194 443 285
D10 0.0564 117 314 325 389
D10 0.0559 98 95 230 153
D10 0.0556 162 104 289 145
D10 0.0552 6 334 109 393
D10 0.0547 5 320 116 370
D10 0.0545 122 266 211 308
D10 0.0540 14 412 72 436
D10 0.0539 294 226 395 263
D10 0.0539 241 125 294 147
D10 0.0537 352 238 458 291
D10 0.0532 18 346 112 376
D10 0.0532 518 404 590 426
D10 0.0531 459 308 588 381
D10 0.0530 237 114 365 163
D10 0.0528 328 311 514 405
D10 0.0527 172 336 282 369
D10 0.0513 109 279 206 338
D10 0.0506 152 113 260 164
D10 0.0500 145 275 199 300
D10 0.0498 248 340 403 385
D10 0.0492 201 118 301 151
D10 0.0491 166 152 247 195
D10 0.0488 452 266 518 287
D10 0.0486 331 139 379 168
D10 0.0483 552 394 595 445
D10 0.0481 180 160 233 188
D10 0.0475 302 237 366 259
D10 0.0474 392 245 453 272
D10 0.0473 66 218 166 256
D10 0.0472 91 219 157 244
D10 0.0471 150 334 300 396
D10 0.0457 244 121 330 150
D10 0.0456 262 303 432 366
D10 0.0456 0 180 48 204
D10 0.0454 515 340 584 363
D10 0.0453 399 263 462 305
D10 0.0452 0 344 67 377
D10 0.0448 145 113 203 140
D10 0.0438 74 177 154 208
D10 0.0437 89 171 155 196
D10 0.0437 455 325 511 354
D10 0.0436 441 398 572 441
D10 0.0435 121 272 453 369
D10 0.0433 162 119 214 144
D10 0.0431 132 83 225 133
D10 0.0428 490 394 584 423
D10 0.0422 280 127 364 161
D10 0.0416 475 350 587 417
D10 0.0410 320 132 389 190
D10 0.0407 109 187 180 210
D10 0.0407 21 404 85 431
D10 0.0407 363 335 490 387
D10 0.0406 11 353 93 384
D10 0.0402 0 111 90 158
D10 0.0402 210 104 343 148
D10 0.0401 488 331 586 393
D10 0.0400 559 402 599 427
D10 0.0398 123 275 172 303
D10 0.0393 386 380 592 460
D10 0.0393 321 338 448 387
D10 0.0392 341 344 395 369
D10 0.0390 489 338 567 361
D10 0.0387 292 176 390 219
D10 0.0387 354 160 443 202
D10 0.0386 378 400 473 434
D10 0.0385 133 180 183 204
D10 0.0380 208 342 370 409
D10 0.0379 411 367 559 433
D10 0.0379 365 274 476 346
D10 0.0378 339 147 387 174
D10 0.0377 192 342 260 362
D10 0.0372 321 235 386 257
D10 0.0369 172 168 227 194
D10 0.0366 154 158 232 213
D10 0.0360 368 170 429 195
D10 0.0359 93 312 178 364
D10 0.0359 441 266 544 310
D10 0.0358 333 217 406 256
D10 0.0357 369 269 462 315
D10 0.0357 62 186 177 242
D10 0.0356 0 171 75 212
D10 0.0354 213 217 472 346
D10 0.0352 128 171 184 194
D10 0.0348 157 386 246 431
D10 0.0347 280 343 366 373
D10 0.0346 434 257 496 281
D10 0.0344 288 241 361 267
D10 0.0344 350 341 424 373
D10 0.0344 134 285 203 317
D10 0.0341 186 395 235 418
D10 0.0341 228 309 360 365
D10 0.0339 207 346 268 368
D10 0.0338 297 334 371 358
D10 0.0337 15 392 128 447
D10 0.0333 491 408 592 471
D10 0.0333 293 390 397 422
D10 0.0332 55 355 116 380
D10 0.0331 396 406 459 429
D10 0.0331 0 340 45 366
D10 0.0326 312 180 373 206
D10 0.0326 477 329 548 357
D10 0.0326 189 350 292 415
D10 0.0326 79 188 142 210
D10 0.0325 72 226 133 248
D10 0.0322 496 167 589 216
D10 0.0319 407 319 525 395
D10 0.0318 175 120 235 141
D10 0.0317 448 316 500 350
D10 0.0316 343 356 529 442
D10 0.0316 272 333 333 359
D10 0.0315 269 346 336 370
D10 0.0311 224 343 307 387
D10 0.0310 350 391 489 449
D10 0.0310 431 266 477 298
D10 0.0308 448 332 549 388
D10 0.0305 328 185 381 214
D10 0.0304 145 76 270 143
D10 0.0303 464 273 528 294
D10 0.0302 205 117 276 138
D10 0.0302 247 131 303 153
D10 0.0299 155 283 211 305
D10 0.0298 118 287 171 314
D10 0.0298 387 235 447 264
D10 0.0297 177 152 225 179
D10 0.0293 406 379 515 426
D10 0.0292 160 160 213 184
D10 0.0290 129 118 199 153
D10 0.0290 259 193 398 262
D10 0.0289 438 274 502 315
D10 0.0288 206 124 278 145
D10 0.0287 95 221 180 275
D10 0.0286 109 290 256 366
D10 0.0285 315 226 378 253
D10 0.0284 541 387 591 416
D10 0.0283 131 322 254 367
D10 0.0282 363 378 477 427
D10 0.0281 401 399 517 441
D10 0.0281 401 323 571 430
D10 0.0275 307 346 381 368
D10 0.0274 192 392 262 424
D10 0.0273 413 333 501 381
D10 0.0271 249 116 302 143
D10 0.0271 554 409 591 437
D10 0.0270 154 126 255 189
D10 0.0268 527 405 592 443
D10 0.0268 310 397 377 416
D10 0.0268 387 254 454 295
D10 0.0267 1 122 63 147
D10 0.0266 130 223 178 250
D10 0.0265 7 407 81 460
D10 0.0265 22 408 102 441
D10 0.0264 3 188 58 211
D10 0.0263 6 355 57 378
D10 0.0262 489 175 558 209
D10 0.0262 79 152 191 207
D10 0.0260 159 169 208 193
D10 0.0259 242 127 360 185
D10 0.0258 15 394 73 425
D10 0.0256 204 334 266 359
D10 0.0255 0 170 47 197
D10 0.0255 376 318 466 353
D10 0.0254 160 96 208 126
D10 0.0252 97 329 159 366
D10 0.0250 382 173 486 208
D10 0.0250 22 163 170 234
D10 0.0249 230 333 502 436
D10 0.0248 88 345 127 371
D10 0.0248 195 161 254 187
D10 0.0247 93 156 170 192
D10 0.0247 344 156 392 185
D10 0.0246 104 232 165 257
D10 0.0246 108 189 184 233
D10 0.0245 107 328 205 371
D10 0.0244 389 272 448 298
D10 0.0244 43 339 112 366
D10 0.0243 559 347 600 372
D10 0.0242 58 180 147 225
D10 0.0242 215 128 288 156
D10 0.0240 181 307 300 362
D10 0.0236 427 318 484 349
D10 0.0236 551 354 594 379
D10 0.0235 346 214 395 246
D10 0.0234 404 181 466 202
D10 0.0234 385 281 447 305
D10 0.0234 379 167 463 196
D10 0.0233 259 133 335 155
D10 0.0233 46 208 141 250
D10 0.0233 498 183 566 219
D10 0.0233 360 407 462 444
D10 0.0233 379 179 444 201
D10 0.0232 433 248 535 291
D10 0.0232 296 229 431 300
D10 0.0232 153 146 221 182
D10 0.0228 201 49 256 72
D10 0.0225 370 241 430 266
D10 0.0225 184 161 289 199
D10 0.0225 555 292 598 316
D10 0.0224 280 108 361 147
D10 0.0224 124 257 186 299
D10 0.0224 194 107 261 131
D10 0.0223 397 341 476 371
D10 0.0223 144 167 204 201
D10 0.0222 473 158 556 207
D10 0.0219 163 125 331 192
D10 0.0218 117 161 177 186
D10 0.0217 133 139 223 194
D10 0.0217 307 139 364 164
D10 0.0216 188 402 234 428
D10 0.0215 134 106 192 130
D10 0.0215 387 414 451 435
D10 0.0215 109 122 195 168
D10 0.0213 142 194 235 244
D10 0.0213 101 206 167 237
D10 0.0212 436 353 532 413
D10 0.0212 380 162 441 187
D10 0.0211 550 336 596 384
D10 0.0211 453 280 514 305
D10 0.0211 62 218 120 243
D10 0.0211 313 231 415 275
D10 0.0211 541 246 595 270
D10 0.0210 522 282 600 327
D10 0.0209 130 157 199 191
D10 0.0209 253 181 300 205
D10 0.0208 132 131 188 155
D10 0.0207 261 351 394 406
D10 0.0207 520 162 595 202
D10 0.0207 363 353 479 413
D10 0.0206 408 180 501 218
D10 0.0206 76 263 160 318
D10 0.0205 317 366 457 433
D10 0.0205 154 395 216 418
D10 0.0204 295 187 365 210
D10 0.0204 273 176 365 207
D10 0.0203 102 272 153 298
D10 0.0203 21 126 94 160
D10 0.0202 0 128 84 178
D10 0.0202 3 130 61 158
D10 0.0202 460 216 509 240
D10 0.0202 458 257 517 280
D10 0.0201 212 172 302 210
D10 0.0200 221 50 276 71
D10 0.0200 328 352 439 412
D10 0.0198 279 398 372 434
D10 0.0197 426 181 483 204
D10 0.0197 356 337 397 363
D10 0.0197 192 57 246 80
D10 0.0197 450 391 564 425
D10 0.0196 345 167 394 196
D10 0.0196 73 347 127 386
D10 0.0196 295 228 357 254
D10 0.0195 13 419 59 449
D10 0.0195 445 206 523 248
D10 0.0195 415 279 465 308
D10 0.0193 0 252 83 296
D10 0.0193 177 387 227 414
D10 0.0193 569 395 600 421
D10 0.0192 408 398 464 423
D10 0.0191 336 370 551 482
D10 0.0191 323 389 382 412
D10 0.0190 39 223 156 276
D10 0.0190 509 179 573 204
D10 0.0190 14 354 109 408
D10 0.0190 21 106 99 143
D10 0.0190 43 242 157 295
D10 0.0190 415 189 475 211
D10 0.0190 338 317 427 372
D10 0.0189 352 279 433 310
D10 0.0189 429 345 487 369
D10 0.0189 244 349 323 382
D10 0.0188 487 405 564 425
D10 0.0187 175 344 254 375
D10 0.0187 555 254 599 280
D10 0.0187 46 222 119 253
D10 0.0186 180 41 280 79
D10 0.0186 530 325 594 365
D10 0.0186 143 124 211 161
D10 0.0185 368 151 490 198
D10 0.0185 496 346 565 368
D10 0.0185 244 173 337 211
D10 0.0185 446 285 515 324
D10 0.0185 467 292 557 346
D10 0.0184 18 340 86 366
D10 0.0183 268 136 354 168
D10 0.0183 219 338 273 373
D10 0.0182 321 243 381 265
D10 0.0182 444 338 509 375
D10 0.0181 339 205 388 233
D10 0.0181 185 48 235 73
D10 0.0181 84 191 163 229
D10 0.0181 313 210 388 249
D10 0.0180 199 403 255 429
D10 0.0180 412 401 491 430
D10 0.0179 189 395 281 437
D10 0.0179 273 233 349 262
D10 0.0178 499 293 599 339
D10 0.0178 468 262 544 292
D10 0.0178 302 323 396 374
D10 0.0178 334 292 385 316
D10 0.0178 66 313 136 354
D10 0.0177 116 338 183 362
D10 0.0177 231 180 286 204
D10 0.0176 260 115 332 141
D10 0.0175 346 121 395 147
D10 0.0175 93 386 179 434
D10 0.0175 546 295 600 328
D10 0.0175 354 131 406 156
D10 0.0175 562 386 600 414
D10 0.0174 161 176 213 203
D10 0.0172 79 228 150 261
D10 0.0171 296 292 389 334
D10 0.0171 323 165 386 205
D10 0.0170 211 58 266 79
D10 0.0170 0 333 52 394
D10 0.0170 167 402 220 427
D10 0.0170 357 329 419 362
D10 0.0170 266 180 323 204
D10 0.0169 523 238 600 278
D10 0.0169 230 353 289 378
D10 0.0169 118 110 190 145
D10 0.0169 116 337 228 389
D10 0.0169 33 152 148 205
D10 0.0168 0 150 46 175
D10 0.0168 372 345 439 369
D10 0.0168 128 184 179 222
D10 0.0168 316 311 407 359
D10 0.0167 206 170 267 193
D10 0.0167 482 312 560 356
D10 0.0167 368 323 432 349
D10 0.0167 388 226 445 252
D10 0.0167 135 242 223 299
D10 0.0166 69 166 138 201
D10 0.0166 149 151 205 174
D10 0.0166 0 330 44 357
D10 0.0166 74 130 190 186
D10 0.0166 255 390 360 427
D10 0.0166 325 300 378 321
D10 0.0165 75 202 150 241
D10 0.0165 316 281 431 342
D10 0.0164 368 184 476 242
D10 0.0164 138 392 229 441
D10 0.0164 6 113 79 139
D10 0.0164 0 159 46 187
D10 0.0163 138 376 232 423
D10 0.0163 55 343 116 394
D10 0.0163 307 288 380 319
D10 0.0163 168 48 256 90
D10 0.0163 478 398 551 419
D10 0.0163 17 188 130 242
D10 0.0162 165 130 213 156
D10 0.0162 101 340 176 374
D10 0.0162 463 261 575 320
D10 0.0162 177 57 225 82
D10 0.0161 344 398 447 436
D10 0.0161 1 140 46 168
D10 0.0160 319 148 372 170
D10 0.0160 530 180 595 217
D10 0.0159 489 297 561 330
D10 0.0159 193 81 309 135
D10 0.0159 65 188 117 213
D10 0.0159 58 329 122 358
D10 0.0158 383 218 437 242
D10 0.0158 450 207 501 233
D10 0.0158 79 393 159 443
D10 0.0158 511 387 576 415
D10 0.0158 126 292 194 332
D10 0.0157 143 212 241 257
D10 0.0157 0 234 125 304
D10 0.0157 304 190 380 225
D10 0.0156 151 178 190 203
D10 0.0156 81 196 139 222
D10 0.0156 151 263 199 292
D10 0.0156 114 328 181 355
D10 0.0156 212 348 278 383
D10 0.0156 423 394 502 423
D10 0.0155 445 413 568 467
D10 0.0155 14 263 67 287
D10 0.0155 549 176 594 206
D10 0.0155 519 187 579 214
D10 0.0155 0 326 65 362
D10 0.0155 248 327 319 365
D10 0.0155 468 207 516 236
D10 0.0154 133 135 203 171
D10 0.0154 0 147 74 198
D10 0.0154 279 245 336 267
D10 0.0154 84 161 139 187
D10 0.0153 158 291 210 315
D10 0.0153 520 246 578 266
D10 0.0153 367 406 436 428
D10 0.0153 179 96 233 125
D10 0.0153 2 225 104 277
D10 0.0152 313 246 448 330
D10 0.0152 19 261 135 314
D10 0.0152 28 122 92 148
D10 0.0152 125 263 169 292
D10 0.0152 390 283 462 319
D10 0.0152 347 114 398 137
D10 0.0152 100 264 152 289
D10 0.0151 242 50 293 71
D10 0.0151 243 187 292 209
D10 0.0151 436 188 492 212
D10 0.0150 167 142 216 167
D10 0.0150 25 420 82 447
D10 0.0150 286 243 395 288
D10 0.0150 564 300 600 323
D10 0.0149 513 184 597 233
D10 0.0149 267 403 346 429
D10 0.0149 7 384 50 413
D10 0.0149 342 288 416 318
D10 0.0148 200 387 254 414
D10 0.0148 495 408 579 439
D10 0.0148 294 405 355 425
D10 0.0148 540 237 593 261
D10 0.0148 342 396 398 419
D10 0.0147 285 398 347 419
D10 0.0146 107 317 165 349
D10 0.0146 350 282 453 326
D10 0.0146 66 180 118 205
D10 0.0145 8 359 74 396
D10 0.0145 161 206 222 234
D10 0.0145 245 80 351 140
D10 0.0144 114 132 168 156
D10 0.0144 551 329 594 359
D10 0.0144 348 242 406 266
D10 0.0144 189 377 283 423
D10 0.0144 173 328 256 360
D10 0.0143 121 146 191 182
D10 0.0143 102 404 151 430
D10 0.0142 468 288 541 323
D10 0.0142 513 197 565 223
D10 0.0142 446 306 490 339
D10 0.0142 121 141 175 166
D10 0.0142 101 395 151 420
D10 0.0142 494 170 552 195
D10 0.0141 419 188 511 231
D10 0.0141 212 371 323 428
D10 0.0141 238 371 486 478
D10 0.0141 521 237 575 259
D10 0.0140 502 152 582 192
D10 0.0140 456 258 518 301
D10 0.0140 352 322 406 350
D10 0.0139 384 185 463 213
D10 0.0139 187 149 262 185
D10 0.0139 474 338 543 373
D10 0.0139 427 300 488 345
D10 0.0139 346 354 391 383
D10 0.0139 502 246 557 266
D10 0.0138 405 408 478 437
D10 0.0138 111 151 166 178
D10 0.0138 202 39 253 64
D10 0.0137 127 391 205 424
D10 0.0137 91 281 146 307
D10 0.0137 154 225 259 265
D10 0.0137 339 106 388 129
D10 0.0137 540 439 588 469
D10 0.0136 370 410 572 516
D10 0.0136 373 151 428 179
D10 0.0136 302 388 440 453
D10 0.0136 185 104 227 134
D10 0.0135 478 282 536 305
D10 0.0135 382 251 438 277
D10 0.0135 264 219 366 259
D10 0.0134 232 58 284 79
D10 0.0134 544 376 600 427
D10 0.0134 109 301 182 344
D10 0.0134 366 413 473 466
D10 0.0134 123 355 232 415
D10 0.0134 23 254 76 280
D10 0.0134 518 416 589 454
D10 0.0134 297 142 369 177
D10 0.0133 363 140 417 166
D10 0.0133 487 188 541 213
D10 0.0133 297 337 343 365
D10 0.0133 23 258 94 290
D10 0.0133 349 195 394 221
D10 0.0132 565 245 600 272
D10 0.0132 540 430 588 458
D10 0.0132 497 238 582 270
D10 0.0132 4 349 39 388
D10 0.0132 22 216 102 262
D10 0.0132 32 120 115 167
D10 0.0132 36 399 116 433
D10 0.0131 241 398 336 434
D10 0.0131 566 261 600 288
D10 0.0131 86 354 125 380
D10 0.0131 356 205 406 233
D10 0.0130 382 443 472 485
D10 0.0129 278 311 376 361
D10 0.0129 179 124 285 169
D10 0.0129 469 246 579 294
D10 0.0129 85 308 136 336
D10 0.0129 200 50 301 87
D10 0.0129 529 301 589 322
D10 0.0129 474 308 531 338
D10 0.0129 432 228 535 276
D10 0.0128 480 269 551 300
D10 0.0128 21 180 79 203
D10 0.0128 7 440 49 468
D10 0.0128 130 232 174 259
D10 0.0127 173 341 232 363
D10 0.0127 177 176 233 202
D10 0.0127 298 171 362 198
D10 0.0127 214 338 253 365
D10 0.0127 74 233 131 257
D10 0.0127 288 384 365 416
D10 0.0127 323 327 385 362
D10 0.0127 273 188 338 209
D10 0.0126 290 103 353 130
D10 0.0126 10 140 70 166
D10 0.0126 336 296 402 326
D10 0.0126 38 226 86 252
D10 0.0126 322 378 414 420
D10 0.0125 364 274 424 298
D10 0.0124 465 299 521 325
D10 0.0124 371 419 446 450
D10 0.0124 400 452 452 476
D10 0.0124 54 381 144 433
D10 0.0124 115 297 166 326
D10 0.0123 523 355 580 379
D10 0.0123 8 253 58 281
D10 0.0123 409 161 498 204
D10 0.0123 179 345 266 395
D10 0.0123 144 273 239 316
D10 0.0123 362 179 458 223
D10 0.0123 5 179 93 225
D10 0.0123 44 234 95 258
D10 0.0123 508 302 565 323
D10 0.0123 417 171 472 196
D10 0.0123 63 207 117 235
D10 0.0123 314 395 408 434
D10 0.0122 376 398 443 422
D10 0.0122 337 320 386 350
D10 0.0122 477 179 533 203
D10 0.0122 242 331 291 363
D10 0.0122 142 340 199 364
D10 0.0122 13 167 84 200
D10 0.0122 216 397 275 420
D10 0.0122 118 396 172 421
D10 0.0122 343 284 395 309
D10 0.0121 48 217 96 244
D10 0.0121 506 319 571 365
D10 0.0121 0 266 61 302
D10 0.0121 439 175 507 208
D10 0.0121 162 55 253 119
D10 0.0120 462 402 548 429
D10 0.0120 12 378 79 420
D10 0.0120 87 147 156 183
D10 0.0119 64 197 116 223
D10 0.0119 468 224 515 248
D10 0.0119 438 197 492 223
D10 0.0119 530 293 590 316
D10 0.0119 233 217 377 275
D10 0.0119 538 421 587 448
D10 0.0119 0 196 45 222
D10 0.0118 309 152 377 192
D10 0.0118 120 347 183 370
D10 0.0118 50 343 97 376
D10 0.0118 556 281 598 310
D10 0.0118 183 143 231 168
D10 0.0117 436 298 480 326
D10 0.0117 425 288 471 316
D10 0.0117 135 343 205 375
D10 0.0117 352 393 430 425
D10 0.0117 0 263 46 289
D10 0.0117 473 384 557 416
D10 0.0116 290 297 363 327
D10 0.0116 503 236 557 259
D10 0.0116 387 406 535 472
D10 0.0116 257 316 329 355
D10 0.0116 481 256 536 278
D10 0.0115 114 123 169 149
D10 0.0115 461 165 531 199
D10 0.0115 0 425 73 478
D10 0.0115 531 255 590 277
D10 0.0115 279 227 335 253
D10 0.0115 501 289 575 322
D10 0.0114 549 457 590 488
D10 0.0114 471 144 543 181
D10 0.0114 21 364 79 388
D10 0.0114 462 135 536 171
D10 0.0113 354 349 418 388
D10 0.0113 181 131 231 155
D10 0.0113 536 258 600 292
D10 0.0113 486 227 572 263
D10 0.0113 242 172 290 199
D10 0.0113 338 56 427 97
D10 0.0113 498 334 563 379
D10 0.0113 531 342 587 397
D10 0.0112 235 130 322 174
D10 0.0112 222 41 274 64
D10 0.0112 416 291 478 332
D10 0.0112 169 66 215 89
D10 0.0112 93 289 144 316
D10 0.0112 383 290 443 313
D10 0.0112 360 186 401 210
D10 0.0112 78 371 158 426
D10 0.0111 146 230 228 280
D10 0.0111 226 317 294 355
D10 0.0111 489 292 544 316
D10 0.0111 185 65 234 89
D10 0.0111 120 242 168 267
D10 0.0110 380 262 437 289
D10 0.0110 85 404 136 429
D10 0.0110 133 95 188 123
D10 0.0110 117 399 192 434
D10 0.0110 18 238 83 276
D10 0.0110 194 411 243 441
D10 0.0110 327 283 376 310
D10 0.0109 164 192 241 229
D10 0.0109 158 185 209 214
D10 0.0109 3 279 109 337
D10 0.0109 529 197 584 222
D10 0.0109 8 363 54 388
D10 0.0109 345 225 385 260
D10 0.0109 151 283 261 340
D10 0.0109 308 443 398 487
D10 0.0108 288 320 339 349
D10 0.0108 82 299 137 326
D10 0.0108 372 187 429 209
D10 0.0108 451 126 526 161
D10 0.0108 0 301 86 353
D10 0.0108 162 239 234 271
D10 0.0108 302 201 379 237
D10 0.0108 241 393 312 424
D10 0.0108 431 212 502 243
D10 0.0107 531 452 593 493
D10 0.0107 496 196 548 224
D10 0.0107 97 137 163 173
D10 0.0107 519 434 590 475
D10 0.0107 553 364 594 388
D10 0.0107 85 394 133 420
D10 0.0106 216 404 275 428
D10 0.0106 216 226 262 252
D10 0.0105 298 229 366 276
D10 0.0105 101 381 167 417
D10 0.0105 346 67 396 89
D10 0.0105 426 247 470 269
D10 0.0105 220 42 322 77
D10 0.0105 271 406 359 448
D10 0.0105 43 364 102 390
D10 0.0105 291 95 349 120
D10 0.0105 195 111 239 137
D10 0.0104 159 269 229 302
D10 0.0104 211 102 286 136
D10 0.0104 459 197 508 226
D10 0.0104 176 235 239 258
D10 0.0104 96 413 143 441
D10 0.0103 409 449 481 481
D10 0.0103 0 188 28 213
D10 0.0103 160 432 213 456
D10 0.0103 569 411 600 438
D10 0.0103 210 0 565 138
D10 0.0103 14 430 59 460
D10 0.0103 4 430 39 461
D10 0.0103 253 105 300 133
D10 0.0103 407 193 483 224
D10 0.0102 218 162 273 188
D10 0.0102 308 217 369 243
D10 0.0102 535 139 592 166
D10 0.0102 5 447 191 548
D10 0.0102 104 183 155 217
D10 0.0102 0 281 43 307
D10 0.0102 130 254 267 324
D10 0.0101 121 252 165 277
D10 0.0101 352 404 411 427
D10 0.0101 450 397 514 419
D10 0.0101 252 58 301 80
D10 0.0101 19 371 114 427
D10 0.0101 559 186 600 212
D10 0.0101 525 369 592 410
D10 0.0101 255 283 371 345
D10 0.0101 27 234 78 261
D10 0.0100 163 225 225 250
D10 0.0100 189 172 264 204
D10 0.0100 554 374 593 402
D10 0.0100 353 246 423 281
D10 0.0100 461 207 564 256
D10 0.0100 265 398 326 420
D20 0.2819 17 165 600 591
D20 0.2695 82 116 471 314
D20 0.2374 17 15 600 441
D20 0.2199 202 90 550 461
D20 0.1799 49 172 510 381
D20 0.1591 361 87 588 457
D20 0.1164 264 217 557 494
D20 0.1129 273 153 419 260
D20 0.1094 3 111 379 478
D20 0.1003 94 268 546 418
D20 0.0945 249 120 398 231
D20 0.0910 311 0 600 600
D20 0.0819 23 279 472 486
D20 0.0787 441 16 600 403
D20 0.0750 167 311 600 600
D20 0.0728 0 311 408 600
D20 0.0712 36 170 196 274
D20 0.0705 3 278 160 391
D20 0.0677 0 0 408 294
D20 0.0666 167 0 600 294
D20 0.0657 324 226 477 350
D20 0.0647 0 83 233 307
D20 0.0622 99 193 188 250
D20 0.0616 99 93 408 225
D20 0.0594 134 145 273 251
D20 0.0586 436 299 593 401
D20 0.0578 0 73 170 443
D20 0.0570 55 134 207 242
D20 0.0568 0 144 266 385
D20 0.0561 208 299 420 374
D20 0.0543 206 93 394 169
D20 0.0540 236 329 437 396
D20 0.0516 118 309 450 395
D20 0.0488 195 216 488 392
D20 0.0479 461 404 600 510
D20 0.0464 193 337 389 413
D20 0.0459 135 119 310 209
D20 0.0454 427 248 586 360
D20 0.0452 148 316 497 447
D20 0.0449 266 113 370 159
D20 0.0449 449 175 600 558
D20 0.0446 294 335 482 426
D20 0.0446 290 170 390 214
D20 0.0443 0 13 247 558
D20 0.0432 447 332 600 459
D20 0.0414 306 308 600 514
D20 0.0403 87 281 275 376
D20 0.0397 136 339 310 435
D20 0.0376 18 110 200 215
D20 0.0370 165 133 387 220
D20 0.0368 0 34 261 221
D20 0.0366 296 194 432 339
D20 0.0360 0 236 197 527
D20 0.0354 88 354 268 449
D20 0.0343 347 295 504 413
D20 0.0341 253 263 453 362
D20 0.0340 44 47 331 376
D20 0.0313 112 292 362 462
D20 0.0303 0 332 44 421
D20 0.0293 553 329 597 416
D20 0.0289 229 259 365 374
D20 0.0287 269 343 417 413
D20 0.0273 0 151 170 244
D20 0.0267 0 293 56 450
D20 0.0263 286 165 394 313
D20 0.0257 0 355 286 524
D20 0.0256 0 319 126 432
D20 0.0249 294 0 520 280
D20 0.0249 123 182 312 270
D20 0.0244 0 205 172 304
D20 0.0239 214 186 412 268
D20 0.0235 302 203 398 254
D20 0.0234 293 183 389 232
D20 0.0233 372 0 600 250
D20 0.0233 170 145 262 190
D20 0.0231 128 349 432 490
D20 0.0220 326 321 439 402
D20 0.0219 0 34 181 166
D20 0.0219 158 155 422 434
D20 0.0208 76 151 172 197
D20 0.0207 0 403 161 497
D20 0.0207 134 70 323 151
D20 0.0202 167 369 329 456
D20 0.0201 0 376 33 455
D20 0.0201 0 0 152 244
D20 0.0200 337 364 470 471
D20 0.0198 298 228 403 375
D20 0.0196 55 448 479 600
D20 0.0196 522 435 599 492
D20 0.0195 567 230 600 306
D20 0.0194 298 334 528 600
D20 0.0194 401 292 486 353
D20 0.0193 0 343 150 600
D20 0.0193 420 210 586 314
D20 0.0191 224 324 309 368
D20 0.0185 454 341 600 600
D20 0.0184 308 287 429 369
D20 0.0184 525 335 593 406
D20 0.0181 546 266 600 429
D20 0.0180 0 153 45 225
D20 0.0175 128 268 335 364
D20 0.0175 166 107 283 185
D20 0.0173 0 453 224 600
D20 0.0173 255 206 386 344
D20 0.0172 265 160 376 206
D20 0.0172 540 321 600 382
D20 0.0171 126 252 191 314
D20 0.0170 373 455 600 600
D20 0.0165 340 386 588 528
D20 0.0165 272 269 388 389
D20 0.0161 207 243 441 496
D20 0.0161 159 130 236 185
D20 0.0159 248 100 323 152
D20 0.0157 0 141 137 359
D20 0.0156 0 241 152 349
D20 0.0155 571 378 600 456
D20 0.0154 108 159 174 235
D20 0.0154 254 96 367 143
D20 0.0153 459 254 516 334
D20 0.0153 266 375 442 463
D20 0.0153 388 191 455 261
D20 0.0151 217 104 333 178
D20 0.0147 13 334 65 417
D20 0.0143 106 241 287 345
D20 0.0143 315 335 391 379
D20 0.0141 259 303 356 368
D20 0.0141 100 146 159 216
D20 0.0140 581 249 600 302
D20 0.0136 194 92 307 163
D20 0.0136 153 248 203 317
D20 0.0136 301 414 476 492
D20 0.0136 46 309 136 363
D20 0.0136 0 315 37 388
D20 0.0135 198 76 357 145
D20 0.0134 0 109 27 189
D20 0.0133 295 295 405 410
D20 0.0132 0 51 105 299
D20 0.0130 0 76 127 183
D20 0.0127 501 316 600 419
D20 0.0126 214 393 509 526
D20 0.0125 138 271 198 333
D20 0.0123 442 447 600 524
D20 0.0121 503 371 585 426
D20 0.0121 97 392 375 525
D20 0.0120 378 286 470 342
D20 0.0119 378 305 464 358
D20 0.0116 0 125 112 224
D20 0.0115 351 105 437 151
D20 0.0115 574 259 600 341
D20 0.0115 573 344 600 431
D20 0.0112 269 210 373 254
D20 0.0112 0 0 75 114
D20 0.0111 505 457 598 505
D20 0.0111 0 92 54 244
D20 0.0109 180 48 379 136
D20 0.0108 155 173 247 226
D20 0.0108 191 297 294 419
D20 0.0107 260 411 600 564
D20 0.0107 0 0 106 72
D20 0.0105 297 274 388 317
D20 0.0104 581 233 600 284
D20 0.0104 421 313 477 378
D20 0.0104 0 0 108 160
D20 0.0104 365 263 443 320
D20 0.0104 0 0 326 145
D20 0.0103 368 415 563 498
D20 0.0101 376 189 472 235
D40 0.0434 339 171 390 213
D40 0.0285 561 395 591 445
D40 0.0267 356 178 394 222
D40 0.0258 108 283 190 340
D40 0.0231 249 119 283 149
D40 0.0231 95 303 190 358
D40 0.0231 325 330 406 393
D40 0.0219 566 392 599 428
D40 0.0218 561 459 592 502
D40 0.0210 309 351 420 410
D40 0.0205 0 22 29 62
D40 0.0198 252 172 368 211
D40 0.0180 278 332 381 388
D40 0.0163 222 341 314 412
D40 0.0155 266 175 298 208
D40 0.0153 569 470 598 509
D40 0.0149 1 4 97 103
D40 0.0141 548 452 598 516
D40 0.0141 355 325 447 394
D40 0.0134 358 365 442 434
D40 0.0132 340 340 384 372
D40 0.0130 0 18 79 70
D40 0.0129 1 12 45 59
D40 0.0129 129 296 217 349
D40 0.0129 0 342 33 378
D40 0.0126 329 348 390 387
D40 0.0126 254 125 291 156
D40 0.0123 423 364 496 433
D40 0.0121 378 339 467 420
D40 0.0120 260 119 302 150
D40 0.0119 555 478 593 505
D40 0.0118 379 389 460 450
D40 0.0115 7 344 36 401
D40 0.0107 266 187 375 231
D40 0.0107 285 0 600 137
D40 0.0105 240 126 278 155
D40 0.0102 276 169 333 211
D40 0.0101 580 392 600 442
D40 0.0100 3 5 96 53
D40 0.0100 273 181 309 213
