D00 0.1069 174 470 274 598
D00 0.0956 221 530 273 598
D00 0.0913 162 451 208 542
D00 0.0850 203 512 260 581
D00 0.0743 302 343 325 400
D00 0.0721 229 517 264 584
D00 0.0670 217 351 239 407
D00 0.0630 306 343 336 417
D00 0.0620 498 405 598 501
D00 0.0601 209 361 234 413
D00 0.0598 213 499 278 591
D00 0.0580 274 290 298 338
D00 0.0572 359 451 400 546
D00 0.0547 237 545 272 587
D00 0.0518 209 335 245 417
D00 0.0513 529 440 599 502
D00 0.0502 191 493 329 595
D00 0.0497 233 537 297 596
D00 0.0486 395 379 588 579
D00 0.0480 357 412 409 521
D00 0.0478 403 534 475 600
D00 0.0459 365 463 442 600
D00 0.0458 169 459 197 513
D00 0.0444 226 537 255 593
D00 0.0440 216 497 256 567
D00 0.0438 150 378 268 565
D00 0.0435 319 362 343 417
D00 0.0429 394 526 443 600
D00 0.0425 184 508 249 600
D00 0.0413 370 441 426 556
D00 0.0413 482 379 598 568
D00 0.0404 295 339 319 386
D00 0.0398 294 326 330 408
D00 0.0379 147 452 210 507
D00 0.0368 282 291 306 339
D00 0.0365 242 526 269 580
D00 0.0362 355 439 389 509
D00 0.0355 226 540 282 579
D00 0.0354 171 503 240 554
D00 0.0354 345 386 451 584
D00 0.0353 380 331 415 369
D00 0.0351 413 510 522 598
D00 0.0346 435 527 486 600
D00 0.0346 205 523 317 586
D00 0.0344 142 417 225 545
D00 0.0342 369 409 492 590
D00 0.0341 217 316 255 407
D00 0.0338 367 460 392 520
D00 0.0336 366 474 410 556
D00 0.0332 231 553 266 595
D00 0.0331 465 390 583 486
D00 0.0330 507 430 588 483
D00 0.0326 163 457 190 501
D00 0.0324 516 423 594 551
D00 0.0321 390 480 480 600
D00 0.0320 224 306 252 380
D00 0.0317 263 286 292 331
D00 0.0315 333 366 535 565
D00 0.0312 234 487 299 586
D00 0.0308 293 319 317 369
D00 0.0304 400 567 479 599
D00 0.0301 208 537 264 575
D00 0.0299 372 325 407 363
D00 0.0292 368 480 392 539
D00 0.0292 399 556 436 596
D00 0.0289 235 555 334 595
D00 0.0288 210 547 256 600
D00 0.0285 226 333 247 391
D00 0.0284 394 571 449 597
D00 0.0283 229 489 262 560
D00 0.0282 368 449 407 518
D00 0.0280 556 462 596 501
D00 0.0279 288 349 343 423
D00 0.0278 312 354 351 430
D00 0.0278 179 356 241 416
D00 0.0274 81 574 132 599
D00 0.0273 147 480 238 591
D00 0.0272 245 554 283 593
D00 0.0271 305 365 416 563
D00 0.0270 219 325 241 384
D00 0.0268 374 492 400 545
D00 0.0265 340 394 394 506
D00 0.0265 110 396 167 419
D00 0.0264 370 322 425 375
D00 0.0263 221 534 263 563
D00 0.0263 444 535 515 600
D00 0.0256 236 300 259 348
D00 0.0256 335 457 409 593
D00 0.0256 283 308 309 358
D00 0.0255 484 421 578 471
D00 0.0253 356 333 486 396
D00 0.0252 368 375 565 495
D00 0.0250 374 513 423 600
D00 0.0249 432 436 565 600
D00 0.0246 283 332 323 378
D00 0.0243 359 461 384 516
D00 0.0242 552 449 600 517
D00 0.0235 272 307 300 356
D00 0.0234 104 378 155 420
D00 0.0232 425 346 583 483
D00 0.0232 196 369 232 408
D00 0.0232 163 471 191 530
D00 0.0232 249 537 278 586
D00 0.0231 280 348 324 372
D00 0.0230 206 351 237 392
D00 0.0229 537 459 592 489
D00 0.0229 110 385 187 415
D00 0.0228 367 552 461 599
D00 0.0227 360 342 516 423
D00 0.0226 362 422 397 500
D00 0.0226 228 301 251 349
D00 0.0225 377 457 419 526
D00 0.0224 439 540 470 598
D00 0.0222 470 394 534 459
D00 0.0221 231 358 399 582
D00 0.0220 234 314 259 370
D00 0.0220 228 294 268 374
D00 0.0219 169 485 201 535
D00 0.0217 304 340 360 410
D00 0.0216 507 386 593 469
D00 0.0216 312 518 353 597
D00 0.0216 361 377 430 522
D00 0.0216 165 451 201 487
D00 0.0214 374 470 401 531
D00 0.0213 222 565 256 600
D00 0.0212 300 367 330 409
D00 0.0211 304 343 335 382
D00 0.0211 395 540 422 596
D00 0.0211 339 319 468 381
D00 0.0210 214 529 248 584
D00 0.0209 567 454 599 494
D00 0.0209 447 550 478 598
D00 0.0208 210 520 268 558
D00 0.0208 115 385 141 425
D00 0.0205 302 335 488 526
D00 0.0204 297 312 326 378
D00 0.0203 243 294 270 338
D00 0.0203 253 563 319 590
D00 0.0203 368 502 394 552
D00 0.0202 220 551 262 580
D00 0.0202 466 544 533 600
D00 0.0201 201 361 255 421
D00 0.0201 292 301 315 349
D00 0.0200 371 503 406 568
D00 0.0199 239 496 272 571
D00 0.0199 133 466 207 549
D00 0.0198 270 280 299 317
D00 0.0197 274 277 311 350
D00 0.0197 276 571 333 595
D00 0.0196 329 373 353 421
D00 0.0196 412 556 461 596
D00 0.0196 293 320 359 439
D00 0.0195 82 388 179 424
D00 0.0194 262 306 290 354
D00 0.0193 375 337 455 383
D00 0.0192 223 359 247 412
D00 0.0192 542 471 598 508
D00 0.0190 338 320 418 364
D00 0.0189 79 487 219 599
D00 0.0189 435 557 504 598
D00 0.0188 341 325 468 438
D00 0.0188 154 429 217 497
D00 0.0188 243 554 305 583
D00 0.0187 571 463 598 511
D00 0.0186 260 306 319 397
D00 0.0186 56 568 138 600
D00 0.0186 382 355 496 408
D00 0.0186 201 307 266 421
D00 0.0182 525 344 600 531
D00 0.0181 0 459 45 536
D00 0.0180 165 495 216 563
D00 0.0180 242 307 270 356
D00 0.0180 217 558 244 600
D00 0.0180 463 378 522 442
D00 0.0179 546 453 596 567
D00 0.0178 552 418 600 497
D00 0.0178 397 460 433 523
D00 0.0177 434 370 568 444
D00 0.0176 535 449 590 480
D00 0.0176 238 564 275 600
D00 0.0175 104 400 174 429
D00 0.0175 3 425 42 492
D00 0.0174 274 298 340 413
D00 0.0174 250 508 363 592
D00 0.0171 381 345 431 373
D00 0.0171 555 446 595 486
D00 0.0170 287 540 355 593
D00 0.0169 293 354 331 383
D00 0.0168 204 371 236 429
D00 0.0168 450 508 567 596
D00 0.0167 342 485 405 549
D00 0.0167 75 557 124 600
D00 0.0167 285 559 325 590
D00 0.0167 348 447 377 502
D00 0.0166 178 339 300 535
D00 0.0166 384 429 444 535
D00 0.0166 321 457 381 567
D00 0.0165 252 307 281 353
D00 0.0165 237 521 271 559
D00 0.0164 319 366 363 415
D00 0.0164 291 357 323 399
D00 0.0164 208 374 247 404
D00 0.0164 483 536 519 599
D00 0.0163 284 334 427 487
D00 0.0163 486 458 600 599
D00 0.0162 391 365 529 437
D00 0.0162 0 465 61 594
D00 0.0162 259 487 320 587
D00 0.0162 333 336 438 390
D00 0.0159 110 398 147 430
D00 0.0157 445 491 506 594
D00 0.0157 302 314 428 420
D00 0.0156 519 440 579 469
D00 0.0156 82 364 155 416
D00 0.0156 313 350 345 392
D00 0.0155 259 563 350 599
D00 0.0155 395 343 509 392
D00 0.0154 133 423 198 518
D00 0.0153 321 544 346 591
D00 0.0153 476 408 566 528
D00 0.0152 509 453 600 522
D00 0.0152 198 384 240 412
D00 0.0152 469 513 514 593
D00 0.0152 309 338 381 471
D00 0.0152 229 327 262 392
D00 0.0151 185 326 249 434
D00 0.0151 489 411 552 462
D00 0.0150 199 559 281 600
D00 0.0150 324 536 357 595
D00 0.0150 382 503 410 554
D00 0.0149 141 446 197 492
D00 0.0149 426 524 465 593
D00 0.0147 419 360 532 410
D00 0.0146 108 372 147 408
D00 0.0146 447 295 600 554
D00 0.0145 237 287 259 332
D00 0.0145 231 532 295 568
D00 0.0145 449 568 527 600
D00 0.0144 218 309 243 359
D00 0.0144 402 531 431 593
D00 0.0144 291 340 331 364
D00 0.0144 354 320 401 349
D00 0.0143 409 362 482 396
D00 0.0142 165 520 233 588
D00 0.0142 478 392 506 444
D00 0.0142 432 387 544 482
D00 0.0142 247 572 307 597
D00 0.0141 311 379 336 427
D00 0.0141 28 402 82 444
D00 0.0140 6 543 150 600
D00 0.0140 373 418 419 502
D00 0.0139 303 496 344 588
D00 0.0139 388 445 425 514
D00 0.0139 405 546 449 590
D00 0.0139 502 439 571 541
D00 0.0137 92 567 121 600
D00 0.0137 270 344 322 390
D00 0.0137 283 287 321 364
D00 0.0137 294 464 368 591
D00 0.0137 189 568 254 600
D00 0.0137 224 298 256 333
D00 0.0136 347 336 417 480
D00 0.0136 115 371 175 411
D00 0.0136 200 380 225 425
D00 0.0136 373 441 402 498
D00 0.0135 398 354 472 389
D00 0.0135 35 496 167 600
D00 0.0134 281 278 305 323
D00 0.0134 108 467 188 583
D00 0.0132 186 366 235 394
D00 0.0132 302 563 356 589
D00 0.0132 240 454 298 557
D00 0.0131 0 536 32 598
D00 0.0131 441 367 506 428
D00 0.0130 351 403 406 478
D00 0.0129 399 580 458 600
D00 0.0129 480 407 520 447
D00 0.0128 90 387 150 413
D00 0.0128 352 354 457 406
D00 0.0127 192 311 245 397
D00 0.0126 475 554 567 598
D00 0.0125 8 506 114 597
D00 0.0125 177 539 333 600
D00 0.0125 181 509 227 572
D00 0.0125 382 450 413 506
D00 0.0125 307 545 369 598
D00 0.0124 0 384 28 430
D00 0.0124 239 318 275 378
D00 0.0124 0 443 32 488
D00 0.0124 257 535 315 600
D00 0.0124 326 323 401 444
D00 0.0123 222 475 256 548
D00 0.0123 511 446 577 494
D00 0.0123 509 431 572 460
D00 0.0123 205 538 238 593
D00 0.0123 272 291 311 319
D00 0.0122 273 456 296 500
D00 0.0122 62 582 120 600
D00 0.0121 476 401 511 463
D00 0.0121 248 509 282 580
D00 0.0121 110 349 235 523
D00 0.0121 112 382 160 443
D00 0.0120 461 416 547 489
D00 0.0119 258 545 289 592
D00 0.0119 266 452 304 522
D00 0.0119 477 400 543 436
D00 0.0119 311 375 353 403
D00 0.0119 303 364 341 393
D00 0.0119 393 522 420 582
D00 0.0118 367 340 469 504
D00 0.0118 4 402 40 473
D00 0.0118 303 550 343 587
D00 0.0118 14 443 45 488
D00 0.0118 234 475 277 555
D00 0.0118 474 548 512 588
D00 0.0118 384 520 411 578
D00 0.0117 45 386 81 434
D00 0.0117 387 486 428 548
D00 0.0117 3 378 59 423
D00 0.0117 427 370 497 406
D00 0.0117 376 560 431 600
D00 0.0117 293 320 397 373
D00 0.0116 270 331 300 372
D00 0.0116 171 544 242 600
D00 0.0116 531 571 600 600
D00 0.0116 527 477 583 588
D00 0.0116 302 572 358 595
D00 0.0116 0 473 29 524
D00 0.0115 483 562 538 600
D00 0.0114 479 375 582 434
D00 0.0114 203 303 260 367
D00 0.0114 380 515 432 568
D00 0.0114 332 316 537 403
D00 0.0114 219 330 279 426
D00 0.0113 164 401 226 505
D00 0.0113 359 493 386 545
D00 0.0112 344 412 381 487
D00 0.0112 6 402 62 449
D00 0.0111 96 534 239 600
D00 0.0111 330 383 398 463
D00 0.0111 321 497 375 593
D00 0.0111 454 560 487 600
D00 0.0111 18 395 68 477
D00 0.0111 37 394 86 470
D00 0.0110 85 541 145 600
D00 0.0110 55 540 124 600
D00 0.0110 128 508 214 583
D00 0.0109 12 431 65 483
D00 0.0109 209 329 235 382
D00 0.0109 527 415 585 468
D00 0.0109 278 442 308 499
D00 0.0109 254 328 280 372
D00 0.0109 296 335 394 395
D00 0.0108 153 461 183 506
D00 0.0108 333 433 372 503
D00 0.0108 323 361 356 400
D00 0.0108 6 377 34 422
D00 0.0108 357 419 385 479
D00 0.0108 382 325 431 401
D00 0.0108 86 358 129 384
D00 0.0108 362 315 401 367
D00 0.0108 0 563 49 600
D00 0.0107 481 342 600 453
D00 0.0107 582 456 600 505
D00 0.0107 542 548 600 600
D00 0.0107 313 307 416 357
D00 0.0107 70 491 134 600
D00 0.0106 321 521 344 580
D00 0.0106 225 505 339 569
D00 0.0106 207 369 270 407
D00 0.0106 565 464 600 544
D00 0.0106 373 321 417 349
D00 0.0106 109 442 197 544
D00 0.0106 0 463 73 511
D00 0.0106 344 466 383 527
D00 0.0106 238 309 390 436
D00 0.0106 70 529 170 600
D00 0.0106 365 316 441 413
D00 0.0106 65 381 152 429
D00 0.0106 428 513 497 580
D00 0.0105 89 564 139 594
D00 0.0105 87 467 157 592
D00 0.0105 114 340 172 360
D00 0.0105 184 380 225 413
D00 0.0105 294 344 351 378
D00 0.0105 538 439 576 490
D00 0.0105 244 545 302 574
D00 0.0104 470 391 531 427
D00 0.0104 495 572 580 600
D00 0.0104 207 561 237 600
D00 0.0104 280 521 331 595
D00 0.0104 0 392 32 457
D00 0.0103 516 417 565 477
D00 0.0103 462 562 518 592
D00 0.0103 389 334 421 379
D00 0.0103 205 582 254 600
D00 0.0102 558 479 595 514
D00 0.0102 22 400 66 432
D00 0.0102 26 380 81 424
D00 0.0101 105 364 148 395
D00 0.0101 482 422 541 451
D00 0.0101 0 474 34 559
D00 0.0101 214 306 247 339
D00 0.0101 360 396 396 463
D00 0.0101 441 354 520 458
D00 0.0101 371 382 515 457
D00 0.0101 456 525 508 579
D00 0.0100 387 332 496 466
D00 0.0100 0 366 28 415
D10 0.1468 172 504 256 548
D10 0.1149 0 469 53 490
D10 0.1143 146 490 262 554
D10 0.0975 0 462 72 493
D10 0.0718 174 514 237 538
D10 0.0688 104 464 210 500
D10 0.0672 174 517 264 580
D10 0.0614 182 523 252 550
D10 0.0605 195 442 284 466
D10 0.0578 0 445 110 498
D10 0.0551 121 470 197 491
D10 0.0536 140 504 231 542
D10 0.0493 253 349 318 371
D10 0.0459 284 406 344 427
D10 0.0453 184 449 268 475
D10 0.0417 0 476 49 500
D10 0.0411 84 469 181 492
D10 0.0403 203 515 251 543
D10 0.0397 304 475 390 505
D10 0.0380 487 445 590 499
D10 0.0378 38 447 221 506
D10 0.0378 157 507 215 533
D10 0.0363 156 436 268 482
D10 0.0360 304 405 359 426
D10 0.0359 179 492 249 534
D10 0.0357 0 461 33 487
D10 0.0354 0 424 138 488
D10 0.0351 16 402 93 431
D10 0.0343 0 432 80 486
D10 0.0340 154 468 202 492
D10 0.0333 240 341 334 377
D10 0.0330 249 341 310 365
D10 0.0323 264 397 365 433
D10 0.0320 2 451 49 483
D10 0.0316 231 349 289 372
D10 0.0314 124 451 232 511
D10 0.0314 282 414 344 435
D10 0.0311 21 463 91 485
D10 0.0297 160 518 230 549
D10 0.0295 294 481 361 501
D10 0.0295 225 444 292 463
D10 0.0293 289 482 390 517
D10 0.0289 165 450 234 483
D10 0.0287 206 432 296 460
D10 0.0286 193 490 251 512
D10 0.0284 471 427 583 486
D10 0.0283 38 403 132 429
D10 0.0281 199 532 253 561
D10 0.0281 170 418 290 461
D10 0.0279 311 488 379 507
D10 0.0279 196 445 302 481
D10 0.0277 265 416 325 437
D10 0.0275 299 395 348 421
D10 0.0272 0 469 81 506
D10 0.0271 346 477 393 504
D10 0.0269 3 404 68 428
D10 0.0269 267 560 344 591
D10 0.0267 170 441 251 472
D10 0.0265 0 392 78 425
D10 0.0264 267 407 327 429
D10 0.0261 254 408 359 441
D10 0.0256 167 431 318 493
D10 0.0251 167 485 245 522
D10 0.0249 110 394 199 420
D10 0.0248 106 510 242 585
D10 0.0247 228 311 278 334
D10 0.0241 296 490 357 509
D10 0.0241 206 496 254 524
D10 0.0236 0 460 106 522
D10 0.0236 240 356 298 378
D10 0.0235 268 472 374 506
D10 0.0235 216 451 280 472
D10 0.0234 12 464 116 494
D10 0.0231 219 525 262 551
D10 0.0226 506 464 594 513
D10 0.0222 127 404 216 430
D10 0.0221 0 453 39 505
D10 0.0221 177 538 264 599
D10 0.0221 381 452 429 474
D10 0.0221 98 485 216 539
D10 0.0218 85 361 150 381
D10 0.0214 297 441 375 469
D10 0.0210 534 471 597 507
D10 0.0208 114 385 209 411
D10 0.0208 316 395 367 420
D10 0.0208 276 480 336 499
D10 0.0207 373 445 459 489
D10 0.0207 220 490 270 510
D10 0.0206 335 468 387 499
D10 0.0204 208 418 335 462
D10 0.0203 234 340 288 366
D10 0.0202 210 487 280 517
D10 0.0201 235 318 287 342
D10 0.0199 6 408 84 440
D10 0.0198 82 494 225 564
D10 0.0196 0 546 47 571
D10 0.0196 208 511 270 548
D10 0.0196 62 471 201 518
D10 0.0195 26 434 180 482
D10 0.0195 209 396 334 442
D10 0.0195 86 435 214 487
D10 0.0195 357 467 401 498
D10 0.0194 433 438 579 507
D10 0.0194 280 341 322 365
D10 0.0193 198 484 293 530
D10 0.0192 132 471 203 508
D10 0.0192 198 478 269 509
D10 0.0189 367 447 425 483
D10 0.0189 365 458 410 488
D10 0.0188 326 404 378 427
D10 0.0187 32 471 101 490
D10 0.0186 219 348 320 385
D10 0.0184 259 330 311 356
D10 0.0181 210 482 261 502
D10 0.0180 72 356 166 389
D10 0.0178 454 455 586 526
D10 0.0178 142 515 204 538
D10 0.0177 0 538 76 584
D10 0.0177 375 503 466 568
D10 0.0177 338 481 401 515
D10 0.0177 315 414 369 435
D10 0.0176 84 464 157 486
D10 0.0176 209 395 265 418
D10 0.0175 372 516 423 541
D10 0.0175 359 484 441 539
D10 0.0173 48 394 146 422
D10 0.0173 267 355 321 380
D10 0.0172 396 453 455 473
D10 0.0172 52 457 173 490
D10 0.0170 114 477 186 500
D10 0.0170 252 556 318 583
D10 0.0169 242 413 317 442
D10 0.0169 359 487 403 512
D10 0.0169 133 409 264 476
D10 0.0167 0 457 194 533
D10 0.0167 0 386 50 413
D10 0.0167 382 459 426 485
D10 0.0166 145 392 233 421
D10 0.0166 181 430 261 462
D10 0.0166 15 452 78 480
D10 0.0164 206 543 256 568
D10 0.0164 381 441 451 472
D10 0.0164 546 449 593 479
D10 0.0164 0 394 41 420
D10 0.0163 465 548 588 595
D10 0.0163 324 442 380 465
D10 0.0163 173 450 271 496
D10 0.0161 140 411 222 439
D10 0.0161 86 367 149 389
D10 0.0160 136 492 211 530
D10 0.0160 349 471 411 510
D10 0.0159 196 387 303 424
D10 0.0158 222 356 275 381
D10 0.0158 534 440 588 469
D10 0.0158 0 413 52 437
D10 0.0158 211 385 261 411
D10 0.0157 335 395 387 420
D10 0.0156 156 475 202 502
D10 0.0156 0 537 46 561
D10 0.0156 114 404 178 427
D10 0.0155 84 352 151 371
D10 0.0155 305 434 363 457
D10 0.0155 16 471 148 513
D10 0.0155 304 470 370 497
D10 0.0154 254 415 373 467
D10 0.0153 118 449 199 486
D10 0.0153 153 453 202 481
D10 0.0152 176 396 288 444
D10 0.0152 197 394 242 418
D10 0.0152 346 404 394 428
D10 0.0151 348 458 393 489
D10 0.0151 38 406 152 442
D10 0.0150 218 303 267 327
D10 0.0150 295 555 348 584
D10 0.0150 551 486 596 511
D10 0.0149 493 465 575 498
D10 0.0149 310 384 355 413
D10 0.0149 98 395 226 440
D10 0.0149 212 472 311 513
D10 0.0148 2 553 59 580
D10 0.0148 218 505 264 534
D10 0.0148 365 466 458 521
D10 0.0147 408 420 563 489
D10 0.0147 354 429 438 490
D10 0.0146 125 515 220 555
D10 0.0146 485 435 566 471
D10 0.0145 328 483 417 540
D10 0.0145 261 479 312 499
D10 0.0145 352 396 405 419
D10 0.0145 1 349 59 369
D10 0.0145 269 470 323 495
D10 0.0145 366 450 440 504
D10 0.0144 358 450 401 477
D10 0.0143 0 570 71 600
D10 0.0143 264 419 344 448
D10 0.0142 182 459 247 482
D10 0.0142 207 311 256 333
D10 0.0141 269 397 327 420
D10 0.0141 484 456 566 489
D10 0.0141 448 527 566 588
D10 0.0141 299 393 391 442
D10 0.0140 300 411 393 472
D10 0.0140 374 467 419 498
D10 0.0140 169 527 236 562
D10 0.0140 394 446 496 483
D10 0.0139 306 446 383 483
D10 0.0138 63 396 171 432
D10 0.0138 231 481 285 501
D10 0.0137 372 525 422 549
D10 0.0136 279 375 374 425
D10 0.0135 348 503 436 565
D10 0.0135 99 365 173 395
D10 0.0135 72 346 168 377
D10 0.0135 223 397 290 417
D10 0.0134 72 405 145 427
D10 0.0133 139 541 242 598
D10 0.0133 227 403 312 432
D10 0.0133 0 471 25 507
D10 0.0132 211 483 259 535
D10 0.0132 181 480 246 503
D10 0.0132 14 478 80 500
D10 0.0132 74 472 146 491
D10 0.0132 235 328 286 355
D10 0.0132 373 442 419 467
D10 0.0131 338 413 386 436
D10 0.0131 155 387 228 410
D10 0.0131 380 486 482 538
D10 0.0130 293 384 339 413
D10 0.0130 326 387 377 412
D10 0.0130 219 318 265 343
D10 0.0129 60 361 123 380
D10 0.0129 458 463 555 503
D10 0.0128 45 468 131 492
D10 0.0127 0 562 49 592
D10 0.0127 107 414 223 466
D10 0.0127 217 422 305 452
D10 0.0127 279 490 334 510
D10 0.0126 294 423 352 447
D10 0.0126 202 400 277 428
D10 0.0126 129 414 197 436
D10 0.0126 185 357 235 384
D10 0.0125 325 433 378 457
D10 0.0125 477 425 552 463
D10 0.0125 526 432 583 459
D10 0.0125 229 517 277 540
D10 0.0125 523 468 586 496
D10 0.0124 297 489 397 531
D10 0.0124 343 388 397 411
D10 0.0123 0 486 46 513
D10 0.0123 185 537 253 574
D10 0.0123 184 349 236 373
D10 0.0123 120 378 190 403
D10 0.0123 281 330 322 356
D10 0.0122 171 376 232 402
D10 0.0122 386 403 541 474
D10 0.0122 213 375 259 403
D10 0.0122 279 554 371 594
D10 0.0122 159 400 237 429
D10 0.0122 360 497 403 524
D10 0.0121 238 527 289 548
D10 0.0121 427 518 512 568
D10 0.0121 336 449 387 477
D10 0.0121 329 389 412 429
D10 0.0120 2 441 48 469
D10 0.0120 379 513 448 544
D10 0.0119 298 499 351 523
D10 0.0119 217 348 262 372
D10 0.0119 210 552 257 579
D10 0.0119 356 413 401 437
D10 0.0119 237 394 321 423
D10 0.0119 339 410 419 468
D10 0.0119 238 536 287 561
D10 0.0118 171 367 233 393
D10 0.0118 0 556 102 599
D10 0.0117 364 423 512 495
D10 0.0117 512 449 576 477
D10 0.0117 434 454 534 493
D10 0.0117 1 423 50 445
D10 0.0116 114 360 175 381
D10 0.0114 270 436 370 478
D10 0.0114 244 470 337 505
D10 0.0114 286 444 348 463
D10 0.0114 1 418 69 451
D10 0.0113 220 518 307 567
D10 0.0113 316 423 369 448
D10 0.0113 354 400 421 433
D10 0.0113 110 409 185 439
D10 0.0113 62 348 137 373
D10 0.0113 3 359 59 378
D10 0.0112 324 458 381 490
D10 0.0112 477 446 554 480
D10 0.0112 36 387 88 414
D10 0.0111 389 454 484 496
D10 0.0111 407 406 510 447
D10 0.0111 297 451 358 477
D10 0.0111 512 459 577 486
D10 0.0111 224 387 287 410
D10 0.0110 0 474 61 524
D10 0.0110 327 437 393 473
D10 0.0110 320 524 428 584
D10 0.0110 399 503 464 532
D10 0.0110 485 567 590 600
D10 0.0110 195 404 245 425
D10 0.0110 166 443 219 468
D10 0.0109 85 337 166 362
D10 0.0109 130 507 193 531
D10 0.0108 253 469 302 495
D10 0.0108 53 366 132 393
D10 0.0108 27 448 105 482
D10 0.0108 276 430 355 459
D10 0.0107 159 359 227 382
D10 0.0107 348 440 393 465
D10 0.0106 59 414 133 436
D10 0.0106 215 365 259 394
D10 0.0106 177 383 262 424
D10 0.0106 54 463 121 485
D10 0.0105 397 460 451 483
D10 0.0105 270 527 386 584
D10 0.0105 209 459 266 483
D10 0.0105 360 437 415 474
D10 0.0105 79 475 163 502
D10 0.0104 475 462 532 485
D10 0.0104 381 523 453 556
D10 0.0104 336 497 390 521
D10 0.0104 482 471 543 494
D10 0.0104 318 377 365 403
D10 0.0104 133 460 182 491
D10 0.0104 0 341 76 374
D10 0.0104 321 403 400 452
D10 0.0104 335 374 430 422
D10 0.0103 537 428 598 464
D10 0.0103 482 550 556 585
D10 0.0102 442 552 497 582
D10 0.0102 0 517 78 564
D10 0.0102 366 413 471 465
D10 0.0102 388 395 489 436
D10 0.0102 186 464 259 501
D10 0.0102 403 552 458 584
D10 0.0102 376 563 431 592
D10 0.0102 87 449 174 483
D10 0.0101 483 474 561 506
D10 0.0101 184 340 237 362
D10 0.0101 429 538 494 578
D10 0.0101 413 453 477 474
D10 0.0101 9 527 114 586
D10 0.0101 460 417 527 454
D10 0.0101 402 460 548 529
D10 0.0101 421 524 487 557
D10 0.0100 354 405 440 451
D10 0.0100 446 468 522 497
D10 0.0100 416 458 495 487
D10 0.0100 315 354 413 410
D10 0.0100 445 527 499 551
D10 0.0100 512 478 575 502
D10 0.0100 114 350 173 371
D10 0.0100 1 432 48 455
D20 0.2993 129 421 433 584
D20 0.2608 129 453 318 571
D20 0.2416 0 428 328 583
D20 0.2057 154 447 271 548
D20 0.1897 27 401 552 590
D20 0.1661 166 498 254 546
D20 0.1642 157 479 283 578
D20 0.1604 103 464 251 552
D20 0.0940 43 479 286 583
D20 0.0872 86 420 293 551
D20 0.0830 164 464 228 544
D20 0.0809 344 413 424 573
D20 0.0789 252 411 593 598
D20 0.0763 368 506 513 600
D20 0.0751 194 496 257 568
D20 0.0735 243 432 427 519
D20 0.0723 54 438 242 522
D20 0.0718 120 359 302 600
D20 0.0709 325 424 411 531
D20 0.0707 210 481 472 585
D20 0.0684 0 385 187 459
D20 0.0683 175 506 349 595
D20 0.0642 358 439 411 552
D20 0.0637 397 541 506 597
D20 0.0635 357 448 452 600
D20 0.0593 131 484 238 541
D20 0.0551 0 372 292 533
D20 0.0546 133 406 240 560
D20 0.0545 230 293 308 337
D20 0.0544 463 404 600 501
D20 0.0543 259 296 295 333
D20 0.0512 65 354 260 419
D20 0.0512 276 427 442 583
D20 0.0500 162 442 370 532
D20 0.0480 241 310 296 334
D20 0.0465 0 402 139 477
D20 0.0463 11 418 234 499
D20 0.0460 15 374 230 436
D20 0.0455 300 447 404 506
D20 0.0445 143 364 389 531
D20 0.0438 324 440 527 581
D20 0.0421 378 482 578 593
D20 0.0418 194 317 349 412
D20 0.0414 228 308 313 353
D20 0.0414 233 340 600 548
D20 0.0404 350 438 393 515
D20 0.0391 184 471 380 573
D20 0.0386 270 284 301 342
D20 0.0385 367 455 428 528
D20 0.0384 183 469 251 556
D20 0.0371 199 451 289 568
D20 0.0367 222 484 265 565
D20 0.0361 115 372 229 407
D20 0.0358 17 165 600 591
D20 0.0356 367 387 589 558
D20 0.0355 285 381 406 514
D20 0.0354 0 437 56 491
D20 0.0352 240 333 332 372
D20 0.0350 104 382 209 416
D20 0.0350 220 303 320 395
D20 0.0349 14 382 157 429
D20 0.0347 236 302 288 329
D20 0.0340 144 388 283 523
D20 0.0339 0 397 98 436
D20 0.0337 131 510 275 600
D20 0.0336 179 465 286 530
D20 0.0323 21 362 187 417
D20 0.0318 96 468 219 524
D20 0.0318 181 352 364 442
D20 0.0317 254 285 300 355
D20 0.0316 10 460 203 593
D20 0.0314 4 386 84 460
D20 0.0311 100 341 252 401
D20 0.0301 93 391 237 510
D20 0.0296 365 471 434 557
D20 0.0294 352 417 472 547
D20 0.0292 137 361 248 400
D20 0.0289 406 531 600 600
D20 0.0288 370 509 448 594
D20 0.0287 378 552 472 599
D20 0.0286 218 398 410 488
D20 0.0285 0 409 87 537
D20 0.0283 391 391 583 482
D20 0.0282 142 430 265 500
D20 0.0276 216 296 292 369
D20 0.0273 162 445 214 515
D20 0.0272 308 368 488 600
D20 0.0271 127 364 262 487
D20 0.0268 306 482 443 599
D20 0.0268 276 432 393 493
D20 0.0267 245 291 292 322
D20 0.0267 118 342 308 425
D20 0.0266 0 379 164 600
D20 0.0265 263 301 319 365
D20 0.0263 114 391 226 423
D20 0.0263 250 452 384 501
D20 0.0261 414 426 596 522
D20 0.0255 0 15 557 441
D20 0.0254 246 320 366 436
D20 0.0251 205 530 398 597
D20 0.0249 264 290 301 321
D20 0.0247 296 361 352 426
D20 0.0245 0 288 387 593
D20 0.0244 276 445 396 539
D20 0.0244 324 532 469 600
D20 0.0244 106 399 207 433
D20 0.0242 251 293 283 336
D20 0.0238 62 415 214 569
D20 0.0238 194 306 285 397
D20 0.0238 0 446 31 512
D20 0.0237 242 318 296 342
D20 0.0236 153 402 345 487
D20 0.0233 32 405 211 473
D20 0.0232 425 432 600 600
D20 0.0231 412 560 528 600
D20 0.0230 336 454 388 506
D20 0.0229 323 465 413 515
D20 0.0229 244 400 387 576
D20 0.0229 0 349 252 465
D20 0.0228 242 359 379 480
D20 0.0227 235 288 282 358
D20 0.0226 243 325 316 359
D20 0.0226 229 302 273 347
D20 0.0224 122 353 226 389
D20 0.0221 228 320 296 379
D20 0.0219 443 546 571 595
D20 0.0218 0 350 145 440
D20 0.0217 267 313 303 349
D20 0.0217 168 337 261 426
D20 0.0215 9 338 195 400
D20 0.0214 181 450 296 505
D20 0.0214 209 489 256 546
D20 0.0214 0 379 60 435
D20 0.0211 277 337 316 369
D20 0.0210 0 461 53 511
D20 0.0209 351 448 424 506
D20 0.0209 359 412 560 504
D20 0.0209 100 362 194 402
D20 0.0208 115 363 241 440
D20 0.0206 241 346 335 386
D20 0.0203 0 353 95 482
D20 0.0203 272 317 321 385
D20 0.0203 340 428 416 493
D20 0.0203 232 298 264 334
D20 0.0203 242 546 367 591
D20 0.0202 252 326 329 404
D20 0.0202 84 389 236 449
D20 0.0202 173 450 251 521
D20 0.0201 0 491 111 600
D20 0.0200 204 336 306 394
D20 0.0200 0 382 57 516
D20 0.0199 145 376 247 417
D20 0.0197 0 0 408 294
D20 0.0196 373 429 420 514
D20 0.0196 148 448 227 494
D20 0.0195 48 396 197 441
D20 0.0192 312 368 372 425
D20 0.0190 286 337 401 471
D20 0.0190 167 0 600 294
D20 0.0189 197 370 304 523
D20 0.0189 182 340 280 494
D20 0.0189 59 368 156 410
D20 0.0188 276 341 344 424
D20 0.0188 326 427 379 509
D20 0.0188 255 340 315 377
D20 0.0188 30 389 130 451
D20 0.0188 441 367 592 462
D20 0.0187 203 284 310 352
D20 0.0184 378 466 484 584
D20 0.0183 0 439 69 589
D20 0.0183 312 118 600 600
D20 0.0181 0 0 291 600
D20 0.0181 74 346 212 391
D20 0.0181 0 532 45 600
D20 0.0179 133 314 311 395
D20 0.0178 270 310 312 335
D20 0.0178 286 384 383 426
D20 0.0177 235 418 350 506
D20 0.0177 194 387 350 450
D20 0.0176 0 541 133 600
D20 0.0176 114 452 204 500
D20 0.0175 11 421 100 487
D20 0.0175 0 386 46 464
D20 0.0174 325 355 435 512
D20 0.0174 240 313 365 383
D20 0.0173 311 358 384 501
D20 0.0172 233 452 345 549
D20 0.0171 40 385 114 431
D20 0.0171 417 289 600 565
D20 0.0171 477 429 575 476
D20 0.0169 219 419 316 564
D20 0.0168 0 523 228 600
D20 0.0167 132 407 230 444
D20 0.0166 237 353 340 414
D20 0.0166 216 452 261 544
D20 0.0163 178 363 256 413
D20 0.0162 179 528 259 583
D20 0.0161 225 461 306 538
D20 0.0160 355 371 534 470
D20 0.0158 28 402 93 463
D20 0.0157 311 375 353 448
D20 0.0156 219 341 325 486
D20 0.0156 268 322 429 416
D20 0.0155 53 479 212 546
D20 0.0155 165 430 237 488
D20 0.0154 119 332 355 473
D20 0.0152 258 308 294 369
D20 0.0152 264 365 388 435
D20 0.0152 27 391 84 430
D20 0.0152 75 376 171 430
D20 0.0151 341 495 424 545
D20 0.0150 68 320 255 386
D20 0.0149 490 345 600 600
D20 0.0148 272 445 343 500
D20 0.0148 45 363 142 398
D20 0.0148 0 362 107 412
D20 0.0147 116 408 248 478
D20 0.0147 339 405 386 494
D20 0.0146 451 392 556 549
D20 0.0145 199 319 300 461
D20 0.0145 0 434 114 507
D20 0.0143 199 354 288 405
D20 0.0143 0 553 79 599
D20 0.0143 305 402 413 484
D20 0.0143 133 345 233 379
D20 0.0140 315 387 347 424
D20 0.0140 0 410 39 498
D20 0.0139 275 504 382 593
D20 0.0138 208 507 297 559
D20 0.0137 205 418 318 455
D20 0.0137 459 419 552 467
D20 0.0136 212 374 331 428
D20 0.0135 1 390 40 424
D20 0.0134 468 486 600 595
D20 0.0134 18 345 153 387
D20 0.0134 305 448 365 499
D20 0.0133 279 388 350 438
D20 0.0132 161 537 311 600
D20 0.0132 314 471 393 551
D20 0.0132 210 300 277 331
D20 0.0131 256 282 296 310
D20 0.0131 0 244 204 600
D20 0.0131 0 316 176 378
D20 0.0130 171 552 258 600
D20 0.0130 240 283 274 336
D20 0.0130 0 322 77 362
D20 0.0129 143 386 282 453
D20 0.0128 79 345 172 377
D20 0.0128 400 570 488 600
D20 0.0127 335 489 409 575
D20 0.0127 233 451 320 497
D20 0.0127 0 434 45 552
D20 0.0126 196 374 287 417
D20 0.0126 363 441 503 514
D20 0.0125 171 322 271 376
D20 0.0124 162 355 240 388
D20 0.0124 0 450 138 563
D20 0.0123 318 381 406 420
D20 0.0123 134 378 211 401
D20 0.0123 454 0 600 219
D20 0.0122 529 474 600 600
D20 0.0122 137 497 211 548
D20 0.0122 16 404 66 492
D20 0.0121 227 469 352 516
D20 0.0121 291 381 340 427
D20 0.0120 0 0 145 220
D20 0.0120 297 430 364 518
D20 0.0120 232 278 339 375
D20 0.0120 110 414 203 455
D20 0.0119 195 360 266 436
D20 0.0119 0 355 44 427
D20 0.0117 403 422 508 593
D20 0.0117 37 435 171 509
D20 0.0117 392 479 442 554
D20 0.0116 254 404 322 448
D20 0.0116 303 354 465 458
D20 0.0116 272 326 328 361
D20 0.0115 288 546 410 592
D20 0.0115 221 283 261 351
D20 0.0114 247 333 290 400
D20 0.0113 160 348 238 454
D20 0.0113 251 320 285 376
D20 0.0113 320 387 384 444
D20 0.0112 88 351 165 398
D20 0.0110 177 336 243 396
D20 0.0110 278 335 371 396
D20 0.0110 274 435 313 503
D20 0.0109 230 561 345 600
D20 0.0109 335 562 448 600
D20 0.0109 0 433 25 491
D20 0.0108 269 458 354 526
D20 0.0108 3 515 81 591
D20 0.0107 228 293 276 320
D20 0.0107 5 325 127 367
D20 0.0107 572 433 600 509
D20 0.0107 270 405 353 477
D20 0.0106 256 285 332 330
D20 0.0106 308 416 378 479
D20 0.0106 146 409 219 469
D20 0.0105 77 324 172 358
D20 0.0104 47 383 133 415
D20 0.0104 0 322 116 417
D20 0.0104 27 408 131 537
D20 0.0104 0 368 28 441
D20 0.0104 272 315 330 349
D20 0.0103 299 395 362 494
D20 0.0103 301 358 390 407
D20 0.0103 327 462 380 532
D20 0.0103 194 428 265 526
D20 0.0103 347 383 393 456
D20 0.0102 158 301 290 363
D20 0.0102 283 366 329 439
D20 0.0102 389 471 478 517
D20 0.0101 190 304 275 345
D20 0.0101 474 389 562 434
D20 0.0101 108 426 197 531
D20 0.0100 470 562 588 600
D20 0.0100 253 428 299 502
D20 0.0100 0 497 43 580
D20 0.0100 146 368 219 392
D40 0.0879 161 489 260 553
D40 0.0714 40 405 97 428
D40 0.0573 173 506 234 537
D40 0.0566 161 452 218 523
D40 0.0522 166 462 201 502
D40 0.0495 191 511 255 562
D40 0.0477 165 460 214 487
D40 0.0477 30 398 112 432
D40 0.0448 398 481 433 521
D40 0.0437 391 496 437 523
D40 0.0424 419 542 485 600
D40 0.0412 377 465 436 530
D40 0.0401 165 505 254 581
D40 0.0387 165 484 219 536
D40 0.0369 156 452 249 498
D40 0.0369 148 467 229 547
D40 0.0333 216 518 255 559
D40 0.0328 434 572 488 598
D40 0.0310 48 395 88 426
D40 0.0298 435 556 476 597
D40 0.0290 35 411 89 436
D40 0.0272 258 423 313 446
D40 0.0272 384 478 462 523
D40 0.0271 255 344 294 373
D40 0.0271 370 509 405 547
D40 0.0271 167 470 211 513
D40 0.0263 249 433 303 454
D40 0.0254 389 472 427 514
D40 0.0250 169 453 228 478
D40 0.0242 0 458 39 490
D40 0.0242 354 470 387 510
D40 0.0240 364 495 446 542
D40 0.0236 405 522 469 593
D40 0.0235 389 507 440 529
D40 0.0231 118 400 224 433
D40 0.0230 365 500 397 540
D40 0.0229 33 406 139 441
D40 0.0228 232 417 321 452
D40 0.0227 427 562 512 600
D40 0.0222 315 463 391 503
D40 0.0213 426 537 467 581
D40 0.0213 378 490 418 530
D40 0.0209 353 494 411 556
D40 0.0206 160 500 202 535
D40 0.0206 331 472 375 505
D40 0.0205 171 467 238 526
D40 0.0204 116 397 191 418
D40 0.0201 217 427 314 462
D40 0.0199 35 400 76 431
D40 0.0196 216 500 254 544
D40 0.0193 0 339 46 364
D40 0.0193 364 479 395 520
D40 0.0193 343 461 382 503
D40 0.0192 238 443 296 462
D40 0.0185 117 388 191 410
D40 0.0184 392 483 424 532
D40 0.0179 373 507 424 533
D40 0.0174 232 434 314 476
D40 0.0174 125 406 200 427
D40 0.0169 363 517 399 554
D40 0.0169 414 531 473 568
D40 0.0165 249 335 287 368
D40 0.0165 0 471 36 504
D40 0.0164 179 433 276 500
D40 0.0164 326 514 419 558
D40 0.0163 149 465 191 498
D40 0.0160 0 459 21 500
D40 0.0158 28 411 111 456
D40 0.0158 102 477 203 523
D40 0.0156 369 470 406 513
D40 0.0156 8 448 50 485
D40 0.0155 366 511 431 546
D40 0.0154 266 411 305 441
D40 0.0153 257 438 295 469
D40 0.0153 415 527 494 582
D40 0.0152 250 350 286 382
D40 0.0149 405 501 444 533
D40 0.0149 50 413 121 436
D40 0.0149 183 455 230 490
D40 0.0148 195 501 242 546
D40 0.0144 358 511 420 581
D40 0.0144 343 480 383 514
D40 0.0144 378 462 417 505
D40 0.0140 369 453 406 496
D40 0.0140 178 453 214 500
D40 0.0138 413 546 462 590
D40 0.0138 377 519 414 556
D40 0.0135 239 343 277 376
D40 0.0135 169 477 225 502
D40 0.0134 410 485 438 529
D40 0.0134 170 487 220 515
D40 0.0131 355 510 392 547
D40 0.0131 253 418 315 470
D40 0.0128 324 388 357 424
D40 0.0128 297 454 378 495
D40 0.0128 0 348 37 370
D40 0.0128 62 401 109 429
D40 0.0128 404 474 440 513
D40 0.0127 204 387 236 421
D40 0.0127 404 497 457 522
D40 0.0127 383 519 465 569
D40 0.0126 316 485 404 534
D40 0.0126 335 533 429 581
D40 0.0125 52 402 84 442
D40 0.0125 442 581 499 600
D40 0.0124 0 332 77 367
D40 0.0123 0 324 32 361
D40 0.0122 428 414 523 457
D40 0.0122 361 480 423 520
D40 0.0120 11 443 99 499
D40 0.0118 242 499 339 539
D40 0.0118 356 490 390 529
D40 0.0117 400 471 445 539
D40 0.0117 341 502 405 540
D40 0.0117 172 467 234 493
D40 0.0116 127 415 220 458
D40 0.0115 121 467 172 493
D40 0.0115 186 511 232 552
D40 0.0114 312 474 354 504
D40 0.0114 347 529 415 564
D40 0.0113 44 387 96 414
D40 0.0113 243 447 306 482
D40 0.0112 1 398 40 433
D40 0.0112 1 459 78 525
D40 0.0111 258 428 331 456
D40 0.0110 378 447 415 485
D40 0.0110 402 494 433 540
D40 0.0110 346 525 401 550
D40 0.0110 397 463 431 505
D40 0.0109 185 457 246 512
D40 0.0108 169 410 255 478
D40 0.0107 263 349 306 382
D40 0.0107 100 498 208 538
D40 0.0106 388 455 424 495
D40 0.0106 3 330 58 357
D40 0.0105 342 391 379 424
D40 0.0105 231 508 322 550
D40 0.0103 199 536 248 574
D40 0.0103 249 420 290 451
D40 0.0102 346 552 443 599
D40 0.0101 284 410 322 439
D40 0.0100 427 431 525 474
