D00 0.0476 230 261 262 292
D00 0.0392 224 267 257 302
D00 0.0291 226 258 268 282
D00 0.0265 1 333 27 387
D00 0.0256 0 317 40 397
D00 0.0253 234 268 259 314
D00 0.0209 209 265 256 288
D00 0.0204 235 267 271 301
D00 0.0200 237 309 400 600
D00 0.0198 0 447 40 531
D00 0.0180 0 345 32 411
D00 0.0174 0 310 30 374
D00 0.0171 0 424 81 599
D00 0.0170 309 321 478 600
D00 0.0168 216 259 264 309
D00 0.0165 0 358 50 419
D00 0.0165 156 308 331 600
D00 0.0164 0 310 173 600
D00 0.0162 0 363 57 507
D00 0.0161 264 337 289 387
D00 0.0159 220 280 259 309
D00 0.0154 257 326 298 397
D00 0.0150 0 528 42 600
D00 0.0148 80 310 256 600
D00 0.0144 235 265 291 287
D00 0.0143 1 373 41 435
D00 0.0141 2 316 51 368
D00 0.0140 0 285 61 402
D00 0.0139 291 375 420 600
D00 0.0137 209 258 255 281
D00 0.0133 8 463 34 519
D00 0.0133 222 259 295 294
D00 0.0131 8 381 53 470
D00 0.0131 526 311 600 355
D00 0.0130 315 272 368 297
D00 0.0129 6 431 52 512
D00 0.0129 2 314 36 352
D00 0.0126 268 363 371 574
D00 0.0126 0 541 27 595
D00 0.0125 0 335 73 386
D00 0.0124 214 374 350 600
D00 0.0124 0 361 105 570
D00 0.0123 0 378 32 417
D00 0.0122 133 298 175 389
D00 0.0121 2 371 40 407
D00 0.0121 0 337 39 364
D00 0.0121 2 455 51 572
D00 0.0120 21 393 61 482
D00 0.0117 319 276 382 308
D00 0.0115 226 278 252 322
D00 0.0114 217 271 246 314
D00 0.0113 338 370 444 573
D00 0.0113 2 307 58 340
D00 0.0113 0 346 31 374
D00 0.0111 1 456 27 509
D00 0.0111 217 260 247 296
D00 0.0111 383 334 567 600
D00 0.0111 273 344 315 433
D00 0.0110 256 338 304 365
D00 0.0110 257 333 341 374
D00 0.0110 267 315 349 465
D00 0.0108 138 377 275 600
D00 0.0107 0 356 33 384
D00 0.0106 9 379 48 417
D00 0.0106 236 258 291 279
D00 0.0106 55 379 197 600
D00 0.0104 228 263 283 317
D00 0.0104 332 273 384 298
D00 0.0104 265 338 324 401
D00 0.0104 226 332 336 530
D00 0.0103 231 253 277 289
D00 0.0103 142 281 182 367
D00 0.0102 325 451 404 600
D00 0.0102 232 281 278 308
D00 0.0101 477 314 600 545
D00 0.0101 512 0 600 130
D00 0.0101 31 404 143 595
D00 0.0101 16 364 60 445
D00 0.0101 0 327 30 355
D00 0.0101 308 412 385 572
D00 0.0100 543 574 593 598
D00 0.0100 0 306 30 342
D00 0.0100 147 319 178 386
D00 0.0100 257 347 301 375
D00 0.0100 284 366 324 443
D00 0.0100 360 388 502 600
D10 0.0405 0 365 78 393
D10 0.0344 27 369 91 389
D10 0.0342 173 342 230 363
D10 0.0321 314 312 390 336
D10 0.0307 3 376 55 401
D10 0.0288 0 367 45 391
D10 0.0288 313 320 388 345
D10 0.0267 270 308 384 348
D10 0.0262 159 336 251 371
D10 0.0260 263 321 350 346
D10 0.0238 18 362 118 394
D10 0.0227 260 329 337 356
D10 0.0219 259 324 319 343
D10 0.0212 3 358 57 384
D10 0.0211 19 359 79 385
D10 0.0206 0 336 85 393
D10 0.0201 0 347 122 410
D10 0.0197 247 297 408 358
D10 0.0189 18 375 78 398
D10 0.0188 174 347 228 372
D10 0.0187 253 332 308 352
D10 0.0185 258 323 363 367
D10 0.0180 174 333 229 356
D10 0.0175 39 361 96 385
D10 0.0175 0 384 43 412
D10 0.0171 0 366 59 413
D10 0.0170 159 341 210 364
D10 0.0155 155 275 213 295
D10 0.0155 285 311 366 338
D10 0.0143 291 330 356 353
D10 0.0142 0 413 43 437
D10 0.0141 289 287 398 332
D10 0.0140 0 450 44 475
D10 0.0139 31 371 105 399
D10 0.0139 175 326 293 370
D10 0.0139 238 319 330 354
D10 0.0138 346 313 406 334
D10 0.0137 221 326 329 369
D10 0.0136 0 508 90 553
D10 0.0135 57 369 117 391
D10 0.0135 237 313 389 384
D10 0.0132 328 306 417 338
D10 0.0131 0 459 42 486
D10 0.0131 0 423 44 446
D10 0.0125 325 299 395 330
D10 0.0125 142 324 233 367
D10 0.0124 306 326 376 355
D10 0.0123 159 332 209 356
D10 0.0122 155 268 213 288
D10 0.0121 0 402 42 429
D10 0.0118 19 338 134 390
D10 0.0115 0 468 40 497
D10 0.0115 262 336 332 369
D10 0.0114 0 516 44 540
D10 0.0114 7 372 106 424
D10 0.0113 180 330 258 359
D10 0.0113 5 392 49 420
D10 0.0112 0 439 68 491
D10 0.0111 134 316 267 378
D10 0.0111 11 384 61 410
D10 0.0111 4 347 54 375
D10 0.0110 345 321 407 343
D10 0.0106 307 302 446 349
D10 0.0106 159 348 208 374
D10 0.0105 0 486 82 540
D10 0.0104 0 412 68 464
D10 0.0104 0 521 63 555
D10 0.0104 8 441 53 468
D10 0.0103 187 338 269 366
D10 0.0103 147 331 288 392
D10 0.0102 260 310 337 340
D10 0.0102 0 507 42 533
D10 0.0101 16 450 61 475
D10 0.0101 194 417 289 452
D10 0.0101 222 424 276 447
D10 0.0101 243 280 379 338
D20 0.0208 0 351 45 426
D20 0.0195 0 303 67 454
D20 0.0171 0 347 63 517
D20 0.0160 0 303 33 380
D20 0.0154 0 433 42 514
D20 0.0141 0 324 59 402
D20 0.0139 0 0 408 294
D20 0.0135 167 0 600 294
D20 0.0127 0 453 213 600
D20 0.0127 381 454 600 600
D20 0.0126 0 311 408 600
D20 0.0124 0 276 84 407
D20 0.0122 0 0 144 215
D20 0.0122 0 118 290 600
D20 0.0122 0 336 27 415
D20 0.0121 144 383 536 594
D20 0.0119 0 362 145 600
D20 0.0117 312 118 600 600
D20 0.0115 454 0 600 217
D20 0.0114 453 366 600 600
D20 0.0114 0 536 42 600
D20 0.0113 0 372 35 450
D20 0.0112 0 0 600 434
D20 0.0104 52 236 600 600
D20 0.0103 0 309 64 357
D20 0.0100 0 0 263 177
