D00 0.1764 31 367 146 476
D00 0.1351 59 358 166 450
D00 0.1270 21 355 161 584
D00 0.1174 29 396 113 481
D00 0.1144 88 364 147 425
D00 0.0951 108 356 156 408
D00 0.0819 36 416 89 487
D00 0.0812 73 376 134 442
D00 0.0812 8 389 97 548
D00 0.0772 55 394 119 457
D00 0.0665 124 353 161 391
D00 0.0620 16 347 216 472
D00 0.0613 100 372 145 408
D00 0.0561 140 532 187 600
D00 0.0537 49 411 100 466
D00 0.0510 307 405 431 478
D00 0.0495 18 418 80 522
D00 0.0442 92 382 137 415
D00 0.0425 38 428 70 483
D00 0.0425 8 431 77 595
D00 0.0419 317 416 467 506
D00 0.0414 286 391 414 460
D00 0.0413 0 499 38 598
D00 0.0406 140 554 177 596
D00 0.0389 85 391 132 423
D00 0.0382 314 412 402 459
D00 0.0382 120 510 206 597
D00 0.0377 444 506 600 593
D00 0.0356 1 465 41 552
D00 0.0355 64 390 127 430
D00 0.0343 62 352 227 586
D00 0.0336 329 428 437 489
D00 0.0334 132 348 168 382
D00 0.0333 2 538 25 597
D00 0.0327 4 471 53 590
D00 0.0321 78 345 166 403
D00 0.0313 128 544 227 595
D00 0.0312 14 376 119 436
D00 0.0303 32 392 192 530
D00 0.0303 105 360 194 436
D00 0.0293 64 407 112 447
D00 0.0290 61 394 158 470
D00 0.0283 2 401 86 483
D00 0.0279 144 550 185 582
D00 0.0277 321 428 467 584
D00 0.0276 18 317 166 433
D00 0.0276 27 360 140 416
D00 0.0275 44 415 109 522
D00 0.0274 289 398 434 549
D00 0.0271 472 527 553 574
D00 0.0267 116 351 159 376
D00 0.0267 0 334 104 473
D00 0.0266 172 371 192 425
D00 0.0266 358 450 570 574
D00 0.0264 129 347 170 409
D00 0.0264 333 421 416 470
D00 0.0256 83 384 118 436
D00 0.0255 483 537 571 584
D00 0.0253 31 432 89 553
D00 0.0252 290 402 526 597
D00 0.0250 30 437 62 486
D00 0.0249 110 551 188 600
D00 0.0248 480 462 600 582
D00 0.0243 325 415 537 533
D00 0.0241 264 385 457 484
D00 0.0241 477 504 588 568
D00 0.0241 140 572 187 599
D00 0.0238 337 459 432 600
D00 0.0238 11 449 55 538
D00 0.0237 293 397 386 442
D00 0.0237 0 311 120 564
D00 0.0231 264 374 397 441
D00 0.0230 361 446 446 499
D00 0.0229 100 470 195 600
D00 0.0229 164 343 199 430
D00 0.0227 66 430 180 600
D00 0.0226 330 421 391 451
D00 0.0226 304 548 374 600
D00 0.0225 13 278 179 518
D00 0.0224 507 512 594 590
D00 0.0222 90 367 144 393
D00 0.0218 346 444 452 547
D00 0.0214 3 508 26 572
D00 0.0212 417 480 595 566
D00 0.0210 362 521 427 577
D00 0.0209 226 532 267 600
D00 0.0204 326 538 390 600
D00 0.0203 310 419 397 493
D00 0.0202 20 389 91 461
D00 0.0201 354 506 414 595
D00 0.0201 98 358 151 383
D00 0.0201 0 435 138 574
D00 0.0199 135 482 248 598
D00 0.0199 370 533 432 599
D00 0.0196 321 413 383 443
D00 0.0196 22 434 79 477
D00 0.0191 109 527 262 599
D00 0.0191 10 482 34 541
D00 0.0189 0 549 40 600
D00 0.0189 164 380 186 431
D00 0.0188 139 341 186 425
D00 0.0188 325 437 414 512
D00 0.0188 82 372 128 412
D00 0.0187 130 566 168 600
D00 0.0187 351 415 469 471
D00 0.0186 545 469 598 570
D00 0.0186 145 561 193 593
D00 0.0183 358 443 501 512
D00 0.0181 315 388 534 489
D00 0.0181 464 507 529 568
D00 0.0180 134 562 214 600
D00 0.0180 144 514 199 574
D00 0.0180 307 462 400 600
D00 0.0179 17 421 60 490
D00 0.0178 229 413 426 592
D00 0.0177 133 544 165 594
D00 0.0177 512 483 596 557
D00 0.0177 173 351 194 408
D00 0.0176 378 458 459 507
D00 0.0176 346 546 410 600
D00 0.0175 304 487 507 594
D00 0.0175 115 493 175 590
D00 0.0175 203 574 263 597
D00 0.0175 399 575 450 599
D00 0.0174 335 487 398 588
D00 0.0174 445 543 565 594
D00 0.0173 164 359 186 417
D00 0.0173 147 347 176 392
D00 0.0173 370 485 430 585
D00 0.0172 379 531 422 567
D00 0.0172 361 437 434 474
D00 0.0172 89 365 180 483
D00 0.0172 291 404 380 473
D00 0.0171 0 565 29 600
D00 0.0170 0 532 61 600
D00 0.0170 335 399 451 454
D00 0.0170 2 492 27 549
D00 0.0169 157 510 223 595
D00 0.0168 27 404 68 481
D00 0.0167 528 424 600 574
D00 0.0167 46 410 88 449
D00 0.0166 49 321 245 425
D00 0.0165 554 451 599 537
D00 0.0165 38 416 79 459
D00 0.0165 321 573 376 598
D00 0.0164 89 406 300 594
D00 0.0163 47 386 104 442
D00 0.0163 462 492 582 545
D00 0.0163 118 376 161 415
D00 0.0161 322 558 363 596
D00 0.0159 53 417 126 483
D00 0.0159 9 516 32 582
D00 0.0158 216 558 264 598
D00 0.0157 29 446 69 506
D00 0.0157 488 551 571 600
D00 0.0157 383 517 544 589
D00 0.0156 391 554 442 599
D00 0.0156 12 490 45 569
D00 0.0155 325 401 391 436
D00 0.0154 350 511 426 557
D00 0.0154 156 363 194 443
D00 0.0153 552 496 599 543
D00 0.0151 339 430 400 457
D00 0.0151 59 518 195 595
D00 0.0150 331 474 398 528
D00 0.0149 422 413 585 552
D00 0.0149 375 571 441 600
D00 0.0148 52 382 122 418
D00 0.0148 214 375 510 526
D00 0.0147 383 482 537 550
D00 0.0147 313 422 374 465
D00 0.0144 135 372 259 569
D00 0.0143 349 466 451 519
D00 0.0143 490 544 550 569
D00 0.0143 56 425 93 476
D00 0.0142 344 475 424 555
D00 0.0141 371 432 489 487
D00 0.0141 97 362 279 496
D00 0.0141 150 475 205 580
D00 0.0140 367 504 468 594
D00 0.0140 424 507 549 564
D00 0.0140 347 410 392 447
D00 0.0138 89 534 171 598
D00 0.0137 17 481 43 540
D00 0.0137 452 466 591 536
D00 0.0136 267 369 327 391
D00 0.0136 179 372 200 424
D00 0.0135 340 559 379 597
D00 0.0134 572 503 598 551
D00 0.0133 482 536 541 564
D00 0.0133 180 352 201 407
D00 0.0133 142 533 174 578
D00 0.0132 290 568 364 600
D00 0.0131 308 379 440 445
D00 0.0131 160 498 292 600
D00 0.0130 386 447 453 480
D00 0.0130 26 453 73 540
D00 0.0129 545 439 600 505
D00 0.0129 379 515 441 569
D00 0.0129 30 472 87 590
D00 0.0129 319 456 432 530
D00 0.0128 0 389 70 452
D00 0.0127 161 345 186 394
D00 0.0127 370 523 413 560
D00 0.0127 333 569 402 600
D00 0.0127 336 546 366 596
D00 0.0124 375 470 496 520
D00 0.0124 269 388 359 453
D00 0.0123 309 405 378 430
D00 0.0123 167 536 255 597
D00 0.0123 399 564 448 592
D00 0.0122 296 439 360 471
D00 0.0122 454 501 538 546
D00 0.0122 107 385 154 421
D00 0.0122 325 490 385 553
D00 0.0121 341 395 397 463
D00 0.0121 471 414 599 474
D00 0.0121 120 537 160 600
D00 0.0120 163 435 225 495
D00 0.0120 382 438 566 524
D00 0.0119 234 546 260 597
D00 0.0119 568 492 600 531
D00 0.0119 290 428 388 519
D00 0.0119 392 567 475 600
D00 0.0118 529 536 596 599
D00 0.0118 164 382 398 477
D00 0.0118 283 377 391 499
D00 0.0118 285 512 385 597
D00 0.0118 0 408 43 503
D00 0.0117 8 494 110 599
D00 0.0117 556 445 596 478
D00 0.0117 170 390 193 436
D00 0.0117 316 539 366 587
D00 0.0116 0 382 65 414
D00 0.0116 515 427 596 490
D00 0.0115 347 525 399 576
D00 0.0115 287 429 353 461
D00 0.0114 227 497 267 578
D00 0.0114 342 444 417 481
D00 0.0113 340 485 382 519
D00 0.0113 157 521 186 568
D00 0.0113 151 359 179 415
D00 0.0112 364 563 414 600
D00 0.0112 43 457 119 598
D00 0.0112 109 296 371 579
D00 0.0112 301 392 380 426
D00 0.0112 27 386 80 438
D00 0.0111 543 438 591 471
D00 0.0111 218 358 421 449
D00 0.0110 310 442 361 486
D00 0.0110 344 498 398 544
D00 0.0110 45 444 102 496
D00 0.0110 16 474 61 556
D00 0.0109 161 488 222 558
D00 0.0109 396 545 528 594
D00 0.0109 374 476 459 552
D00 0.0109 401 475 465 509
D00 0.0109 277 373 352 404
D00 0.0108 287 357 497 452
D00 0.0108 130 581 180 600
D00 0.0108 319 446 380 547
D00 0.0108 227 567 281 600
D00 0.0108 512 547 579 585
D00 0.0107 71 408 119 470
D00 0.0107 262 377 316 401
D00 0.0107 209 396 374 546
D00 0.0107 359 431 415 460
D00 0.0107 323 517 407 566
D00 0.0107 379 547 437 583
D00 0.0106 470 441 595 515
D00 0.0106 87 348 154 378
D00 0.0106 371 538 412 574
D00 0.0106 459 486 547 588
D00 0.0105 377 516 419 550
D00 0.0105 57 189 286 532
D00 0.0105 60 364 130 396
D00 0.0105 208 518 254 600
D00 0.0105 328 501 375 579
D00 0.0104 67 356 138 386
D00 0.0104 398 540 462 597
D00 0.0104 34 455 98 521
D00 0.0104 309 419 358 452
D00 0.0103 165 366 221 428
D00 0.0103 261 357 330 385
D00 0.0102 569 511 600 580
D00 0.0101 282 378 378 421
D00 0.0101 276 392 316 422
D00 0.0101 378 410 518 476
D00 0.0101 185 434 252 492
D00 0.0101 300 558 345 596
D00 0.0101 73 403 160 538
D00 0.0101 501 551 557 580
D00 0.0101 172 449 394 573
D00 0.0101 410 454 473 512
D00 0.0101 7 450 44 514
D00 0.0100 143 356 214 464
D00 0.0100 180 491 244 590
D00 0.0100 284 402 326 432
D00 0.0100 189 346 211 394
D00 0.0100 68 476 108 556
D00 0.0100 163 500 199 568
D10 0.0695 21 467 66 488
D10 0.0577 30 457 71 486
D10 0.0573 20 425 103 485
D10 0.0535 0 457 70 499
D10 0.0532 51 414 112 455
D10 0.0446 76 395 140 433
D10 0.0434 3 469 53 490
D10 0.0430 18 444 82 492
D10 0.0428 60 404 121 446
D10 0.0427 161 469 240 494
D10 0.0425 172 426 232 444
D10 0.0416 84 385 148 423
D10 0.0406 48 407 157 464
D10 0.0397 49 428 99 460
D10 0.0376 26 412 144 492
D10 0.0354 197 426 259 446
D10 0.0352 65 388 176 444
D10 0.0337 45 413 95 439
D10 0.0325 37 447 78 480
D10 0.0323 43 438 88 468
D10 0.0317 165 416 222 438
D10 0.0306 157 476 229 501
D10 0.0303 159 419 248 451
D10 0.0291 51 404 104 430
D10 0.0288 28 445 118 499
D10 0.0280 25 409 92 445
D10 0.0276 338 470 435 514
D10 0.0275 309 427 381 458
D10 0.0269 185 472 251 492
D10 0.0263 70 394 122 422
D10 0.0262 175 480 243 499
D10 0.0261 198 433 258 451
D10 0.0255 37 420 85 449
D10 0.0249 525 438 598 470
D10 0.0247 208 422 285 449
D10 0.0242 295 411 378 444
D10 0.0240 304 423 369 449
D10 0.0239 78 412 137 437
D10 0.0235 1 404 90 458
D10 0.0230 169 473 264 506
D10 0.0229 331 467 409 499
D10 0.0227 341 484 414 518
D10 0.0225 306 547 360 569
D10 0.0223 108 384 164 412
D10 0.0222 12 476 55 500
D10 0.0222 31 462 96 498
D10 0.0220 18 413 76 436
D10 0.0220 343 498 399 522
D10 0.0218 69 421 126 448
D10 0.0218 218 433 276 452
D10 0.0216 190 416 248 439
D10 0.0216 485 501 590 540
D10 0.0214 466 533 549 579
D10 0.0214 286 403 370 433
D10 0.0214 346 480 411 505
D10 0.0213 174 433 230 452
D10 0.0212 365 474 448 506
D10 0.0211 97 387 177 421
D10 0.0209 14 470 68 506
D10 0.0208 150 480 203 500
D10 0.0206 199 478 275 503
D10 0.0203 548 449 597 474
D10 0.0200 111 537 192 587
D10 0.0200 376 534 426 563
D10 0.0199 337 489 391 515
D10 0.0198 97 403 160 427
D10 0.0197 166 405 219 429
D10 0.0197 151 415 203 438
D10 0.0196 150 424 204 443
D10 0.0195 226 482 287 502
D10 0.0194 184 427 273 461
D10 0.0194 0 434 92 508
D10 0.0193 325 457 399 489
D10 0.0193 177 463 273 498
D10 0.0192 487 573 563 600
D10 0.0190 0 430 66 485
D10 0.0187 128 545 180 572
D10 0.0187 208 474 309 507
D10 0.0186 171 462 230 489
D10 0.0185 352 508 407 531
D10 0.0185 28 404 83 429
D10 0.0183 215 545 375 600
D10 0.0183 317 538 367 560
D10 0.0183 551 506 597 534
D10 0.0181 143 406 239 443
D10 0.0180 130 552 178 581
D10 0.0179 291 541 375 585
D10 0.0179 33 477 81 503
D10 0.0179 363 518 416 544
D10 0.0178 305 554 360 583
D10 0.0177 6 400 80 435
D10 0.0177 195 571 269 598
D10 0.0177 330 476 398 510
D10 0.0175 366 526 419 555
D10 0.0175 209 415 266 440
D10 0.0173 327 470 380 494
D10 0.0173 61 425 132 460
D10 0.0172 137 537 184 564
D10 0.0170 324 545 374 569
D10 0.0170 532 511 598 544
D10 0.0169 300 433 356 456
D10 0.0169 170 559 275 599
D10 0.0169 288 415 348 438
D10 0.0167 43 391 112 427
D10 0.0167 4 449 58 481
D10 0.0163 70 385 125 412
D10 0.0162 330 449 426 497
D10 0.0162 1 573 58 599
D10 0.0162 169 410 271 444
D10 0.0161 228 490 285 511
D10 0.0161 239 424 291 447
D10 0.0161 29 439 73 471
D10 0.0159 39 437 177 508
D10 0.0159 317 441 371 466
D10 0.0159 192 550 311 596
D10 0.0157 340 499 418 545
D10 0.0157 0 413 54 436
D10 0.0156 312 563 367 594
D10 0.0156 0 466 61 520
D10 0.0156 326 489 405 532
D10 0.0156 502 432 599 480
D10 0.0155 24 466 107 515
D10 0.0155 8 515 50 539
D10 0.0154 511 535 597 583
D10 0.0154 167 396 217 420
D10 0.0154 172 403 248 432
D10 0.0152 280 406 336 429
D10 0.0152 44 449 97 476
D10 0.0150 7 545 119 597
D10 0.0150 71 431 187 483
D10 0.0150 157 573 245 600
D10 0.0149 0 404 53 429
D10 0.0149 222 396 272 419
D10 0.0149 260 553 363 592
D10 0.0148 278 396 337 419
D10 0.0148 202 484 294 518
D10 0.0146 53 433 124 470
D10 0.0146 502 508 577 529
D10 0.0146 357 470 422 496
D10 0.0146 45 545 170 595
D10 0.0146 230 414 281 440
D10 0.0145 76 526 183 588
D10 0.0144 156 426 239 465
D10 0.0144 378 436 463 480
D10 0.0144 561 515 600 540
D10 0.0143 246 481 306 502
D10 0.0143 0 559 77 597
D10 0.0142 223 572 305 600
D10 0.0142 121 394 182 419
D10 0.0141 472 551 561 600
D10 0.0141 523 434 581 460
D10 0.0140 507 496 590 528
D10 0.0140 96 550 171 585
D10 0.0138 0 461 46 486
D10 0.0137 475 577 537 599
D10 0.0137 89 408 170 439
D10 0.0136 260 368 317 390
D10 0.0136 151 404 201 430
D10 0.0135 92 412 206 461
D10 0.0135 0 502 69 557
D10 0.0134 311 529 393 576
D10 0.0134 113 393 226 440
D10 0.0134 47 469 102 495
D10 0.0133 126 473 215 507
D10 0.0133 210 490 266 511
D10 0.0133 358 535 411 561
D10 0.0132 221 404 272 430
D10 0.0132 239 433 292 454
D10 0.0132 364 488 428 511
D10 0.0131 319 447 386 482
D10 0.0131 27 430 75 458
D10 0.0130 536 545 590 569
D10 0.0130 18 575 81 598
D10 0.0129 477 544 536 567
D10 0.0129 104 532 182 568
D10 0.0128 164 466 295 519
D10 0.0128 291 392 376 425
D10 0.0128 347 517 400 542
D10 0.0127 3 505 39 534
D10 0.0127 84 555 181 600
D10 0.0127 183 397 238 419
D10 0.0127 50 479 103 503
D10 0.0126 0 562 42 594
D10 0.0126 201 406 257 429
D10 0.0126 332 563 383 594
D10 0.0126 493 501 566 523
D10 0.0126 45 459 100 486
D10 0.0126 530 530 595 567
D10 0.0126 4 553 54 581
D10 0.0125 115 562 169 592
D10 0.0124 224 386 271 411
D10 0.0124 149 455 248 499
D10 0.0124 336 536 387 560
D10 0.0124 368 543 419 568
D10 0.0123 4 394 61 420
D10 0.0123 543 493 600 531
D10 0.0122 251 360 305 381
D10 0.0122 262 396 314 419
D10 0.0121 77 452 192 497
D10 0.0121 165 484 236 516
D10 0.0121 271 387 326 411
D10 0.0121 38 394 92 419
D10 0.0121 324 435 399 470
D10 0.0121 203 396 257 418
D10 0.0121 550 524 597 551
D10 0.0120 10 421 66 447
D10 0.0119 228 566 281 595
D10 0.0119 151 395 199 420
D10 0.0119 242 396 291 419
D10 0.0117 280 557 340 581
D10 0.0117 394 542 464 571
D10 0.0116 395 444 487 486
D10 0.0116 147 560 226 596
D10 0.0115 451 540 528 571
D10 0.0115 381 476 467 518
D10 0.0115 562 497 600 526
D10 0.0115 342 522 408 559
D10 0.0114 334 553 383 582
D10 0.0114 218 472 276 495
D10 0.0114 269 377 327 401
D10 0.0113 192 454 305 500
D10 0.0113 112 399 193 431
D10 0.0113 447 568 548 600
D10 0.0113 120 374 172 403
D10 0.0112 299 539 353 561
D10 0.0112 397 553 446 578
D10 0.0111 219 415 310 455
D10 0.0111 361 505 426 538
D10 0.0111 234 530 352 589
D10 0.0111 552 488 595 516
D10 0.0110 9 450 113 531
D10 0.0110 311 451 360 478
D10 0.0110 2 522 86 588
D10 0.0110 0 386 50 410
D10 0.0110 500 469 593 526
D10 0.0110 158 487 210 511
D10 0.0110 8 514 164 594
D10 0.0110 268 471 320 495
D10 0.0109 51 460 141 503
D10 0.0109 131 481 187 502
D10 0.0109 0 477 37 502
D10 0.0109 350 539 414 574
D10 0.0109 290 563 347 593
D10 0.0108 424 483 520 522
D10 0.0108 238 485 313 512
D10 0.0108 551 458 597 482
D10 0.0108 386 527 435 555
D10 0.0108 548 433 597 460
D10 0.0108 330 507 379 530
D10 0.0108 312 460 361 486
D10 0.0107 372 515 432 549
D10 0.0107 8 523 49 549
D10 0.0107 15 506 62 533
D10 0.0107 321 489 372 514
D10 0.0106 350 487 435 537
D10 0.0106 403 440 481 470
D10 0.0106 558 441 600 469
D10 0.0106 321 479 371 504
D10 0.0105 267 479 321 503
D10 0.0105 143 472 195 497
D10 0.0105 441 543 536 590
D10 0.0105 32 572 105 600
D10 0.0104 241 404 290 430
D10 0.0104 189 490 249 512
D10 0.0104 243 563 332 596
D10 0.0104 243 368 293 390
D10 0.0104 349 460 413 485
D10 0.0103 146 527 243 570
D10 0.0103 311 470 362 494
D10 0.0103 514 441 572 464
D10 0.0102 17 391 87 426
D10 0.0102 346 544 397 569
D10 0.0102 11 550 84 587
D10 0.0102 394 444 451 467
D10 0.0102 548 554 596 579
D10 0.0102 81 417 156 450
D10 0.0101 92 524 172 557
D10 0.0101 321 498 371 522
D10 0.0101 243 387 292 411
D10 0.0101 0 515 30 540
D10 0.0100 102 545 162 570
D20 0.1570 46 356 173 453
D20 0.1240 25 364 146 485
D20 0.1033 97 353 156 415
D20 0.0898 41 412 95 482
D20 0.0861 15 384 107 546
D20 0.0647 50 402 118 458
D20 0.0616 79 348 196 429
D20 0.0575 82 368 150 427
D20 0.0568 115 352 165 390
D20 0.0521 22 412 126 492
D20 0.0489 29 345 271 464
D20 0.0414 27 428 74 498
D20 0.0393 0 385 395 581
D20 0.0365 47 386 127 441
D20 0.0361 0 521 39 600
D20 0.0335 128 350 171 377
D20 0.0333 108 352 181 404
D20 0.0314 0 346 115 455
D20 0.0301 0 438 78 490
D20 0.0295 34 390 102 463
D20 0.0274 454 476 600 571
D20 0.0273 0 324 295 530
D20 0.0272 236 382 404 461
D20 0.0271 68 379 208 446
D20 0.0265 7 422 178 600
D20 0.0255 183 401 597 583
D20 0.0244 289 407 386 448
D20 0.0240 0 458 82 600
D20 0.0239 121 509 272 599
D20 0.0239 291 555 381 600
D20 0.0233 363 527 436 572
D20 0.0233 35 450 477 600
D20 0.0229 13 443 60 519
D20 0.0222 6 410 90 471
D20 0.0220 0 394 79 512
D20 0.0219 15 417 165 524
D20 0.0211 365 509 562 593
D20 0.0209 277 399 366 437
D20 0.0206 318 455 600 600
D20 0.0205 0 286 511 573
D20 0.0204 37 509 210 598
D20 0.0202 54 386 199 509
D20 0.0201 297 424 379 465
D20 0.0201 87 361 283 440
D20 0.0198 312 494 426 600
D20 0.0192 262 412 420 500
D20 0.0191 553 490 600 563
D20 0.0191 149 546 267 595
D20 0.0190 227 372 370 435
D20 0.0188 115 354 219 439
D20 0.0186 268 389 353 427
D20 0.0184 121 343 199 384
D20 0.0184 214 537 408 600
D20 0.0184 0 544 62 600
D20 0.0174 64 369 385 491
D20 0.0170 37 472 294 600
D20 0.0169 0 410 56 572
D20 0.0165 522 497 600 543
D20 0.0163 164 493 397 593
D20 0.0162 0 0 408 294
D20 0.0161 0 275 173 553
D20 0.0161 317 544 415 597
D20 0.0159 167 0 600 294
D20 0.0159 259 379 342 418
D20 0.0157 81 380 140 455
D20 0.0153 474 503 600 596
D20 0.0152 155 397 253 434
D20 0.0151 256 362 340 398
D20 0.0151 165 383 349 458
D20 0.0150 280 416 363 456
D20 0.0149 311 430 396 476
D20 0.0148 307 442 381 487
D20 0.0148 289 434 367 477
D20 0.0145 312 118 600 600
D20 0.0145 0 560 43 600
D20 0.0144 0 118 290 600
D20 0.0143 518 428 600 468
D20 0.0142 0 535 138 600
D20 0.0142 331 526 415 575
D20 0.0141 330 485 480 587
D20 0.0141 0 214 240 493
D20 0.0140 308 443 443 548
D20 0.0139 551 516 600 600
D20 0.0138 333 465 408 521
D20 0.0137 459 421 600 501
D20 0.0137 100 340 225 406
D20 0.0135 232 471 493 600
D20 0.0134 235 389 321 428
D20 0.0133 271 369 359 408
D20 0.0133 195 350 364 424
D20 0.0132 0 0 600 434
D20 0.0132 541 433 600 489
D20 0.0132 54 360 137 408
D20 0.0131 0 0 144 224
D20 0.0131 388 525 440 591
D20 0.0130 0 531 22 600
D20 0.0128 217 379 278 437
D20 0.0127 75 394 263 475
D20 0.0127 106 353 207 496
D20 0.0126 0 401 55 480
D20 0.0123 239 370 322 409
D20 0.0122 166 442 255 490
D20 0.0122 174 417 371 497
D20 0.0121 340 535 462 600
D20 0.0121 246 365 313 393
D20 0.0121 451 373 600 600
D20 0.0118 523 513 600 564
D20 0.0118 324 444 398 502
D20 0.0118 454 0 600 218
D20 0.0118 230 563 353 600
D20 0.0117 238 353 321 388
D20 0.0117 266 402 332 432
D20 0.0117 154 372 469 523
D20 0.0116 256 407 341 447
D20 0.0116 191 397 286 438
D20 0.0115 546 435 600 589
D20 0.0115 6 387 96 437
D20 0.0114 170 389 276 427
D20 0.0114 224 406 370 471
D20 0.0114 163 377 224 435
D20 0.0113 120 388 263 446
D20 0.0113 172 563 290 600
D20 0.0112 0 495 24 582
D20 0.0111 555 437 597 472
D20 0.0110 30 444 199 551
D20 0.0109 114 361 168 434
D20 0.0109 219 360 276 418
D20 0.0109 167 371 303 437
D20 0.0107 62 436 244 522
D20 0.0107 177 529 284 600
D20 0.0106 317 427 368 496
D20 0.0106 307 461 383 503
D20 0.0104 116 419 283 499
D20 0.0103 0 0 73 111
D20 0.0102 285 451 369 495
D20 0.0101 527 0 600 108
D20 0.0101 246 384 311 414
D20 0.0101 0 0 260 178
D20 0.0101 391 543 566 600
D20 0.0101 34 471 147 600
D20 0.0100 15 302 355 449
D20 0.0100 573 495 600 573
D40 0.0545 36 441 72 485
D40 0.0538 146 541 184 578
D40 0.0446 28 452 65 488
D40 0.0402 42 432 81 475
D40 0.0401 139 532 192 592
D40 0.0330 388 544 438 568
D40 0.0300 148 537 192 564
D40 0.0297 381 535 430 564
D40 0.0275 375 529 446 571
D40 0.0272 220 574 274 597
D40 0.0249 473 494 570 531
D40 0.0239 503 566 587 600
D40 0.0225 509 576 568 599
D40 0.0224 139 528 214 573
D40 0.0175 475 505 549 535
D40 0.0173 485 501 555 523
D40 0.0167 207 567 290 600
D40 0.0165 228 562 264 597
D40 0.0158 315 452 395 494
D40 0.0155 1 555 35 597
D40 0.0150 320 461 369 486
D40 0.0141 398 536 432 578
D40 0.0139 404 479 488 516
D40 0.0137 274 557 368 599
D40 0.0133 0 251 280 458
D40 0.0132 379 542 448 589
D40 0.0126 391 552 439 578
D40 0.0122 0 122 327 567
D40 0.0120 148 552 202 580
D40 0.0115 161 534 195 581
D40 0.0114 155 475 192 503
D40 0.0113 20 448 52 492
D40 0.0113 162 468 202 497
D40 0.0110 535 575 592 599
D40 0.0108 212 570 254 598
D40 0.0105 456 484 546 525
D40 0.0102 322 447 363 482
D40 0.0102 418 488 472 512
D40 0.0101 158 536 212 561
