D00 0.0557 248 511 283 600
D00 0.0529 7 343 164 580
D00 0.0403 0 424 105 569
D00 0.0398 133 338 179 389
D00 0.0396 255 526 277 590
D00 0.0380 2 391 128 524
D00 0.0349 16 343 182 433
D00 0.0331 14 360 151 483
D00 0.0308 54 334 188 406
D00 0.0292 143 336 180 373
D00 0.0287 0 461 65 590
D00 0.0277 112 345 177 409
D00 0.0268 0 468 44 549
D00 0.0268 247 536 271 594
D00 0.0256 60 322 185 504
D00 0.0254 54 308 249 598
D00 0.0253 420 314 599 599
D00 0.0240 55 395 179 586
D00 0.0235 105 321 201 413
D00 0.0230 57 414 118 477
D00 0.0230 14 418 136 493
D00 0.0225 79 347 171 420
D00 0.0222 10 442 77 554
D00 0.0219 330 509 370 600
D00 0.0218 103 333 183 381
D00 0.0216 98 332 219 541
D00 0.0213 491 330 596 539
D00 0.0207 0 478 145 584
D00 0.0207 0 558 31 596
D00 0.0206 192 318 373 600
D00 0.0203 47 371 157 430
D00 0.0203 0 573 46 597
D00 0.0202 452 365 567 570
D00 0.0200 126 334 277 587
D00 0.0197 133 320 196 379
D00 0.0195 0 511 36 600
D00 0.0192 122 347 174 375
D00 0.0191 0 382 123 464
D00 0.0188 56 360 152 403
D00 0.0187 238 548 277 599
D00 0.0186 266 321 441 600
D00 0.0186 1 425 60 534
D00 0.0185 1 298 190 469
D00 0.0185 32 431 111 481
D00 0.0185 96 335 180 454
D00 0.0183 59 378 147 463
D00 0.0183 216 463 294 600
D00 0.0179 76 351 163 475
D00 0.0179 21 444 213 571
D00 0.0179 148 350 177 402
D00 0.0178 339 317 529 600
D00 0.0177 0 314 188 396
D00 0.0177 0 493 32 562
D00 0.0176 16 436 106 516
D00 0.0172 99 364 155 415
D00 0.0172 231 503 317 599
D00 0.0171 4 509 82 588
D00 0.0169 0 546 51 600
D00 0.0165 228 515 273 598
D00 0.0161 1 484 29 539
D00 0.0159 4 482 91 547
D00 0.0158 239 493 279 581
D00 0.0158 265 369 374 577
D00 0.0156 45 420 146 533
D00 0.0156 538 267 600 388
D00 0.0153 125 359 168 399
D00 0.0152 229 408 338 592
D00 0.0151 321 430 403 591
D00 0.0150 136 342 199 407
D00 0.0150 177 255 229 279
D00 0.0148 492 274 598 461
D00 0.0148 81 287 210 395
D00 0.0148 247 540 303 600
D00 0.0146 69 435 109 474
D00 0.0146 188 364 302 575
D00 0.0146 90 354 167 390
D00 0.0146 0 338 81 530
D00 0.0143 25 366 107 398
D00 0.0143 137 328 176 363
D00 0.0142 253 520 294 582
D00 0.0141 254 557 278 600
D00 0.0141 36 446 125 575
D00 0.0139 91 380 143 434
D00 0.0138 54 334 242 446
D00 0.0138 344 518 375 593
D00 0.0136 11 503 114 566
D00 0.0136 2 375 118 429
D00 0.0135 0 465 76 524
D00 0.0135 1 529 28 587
D00 0.0135 411 335 532 543
D00 0.0133 154 342 184 393
D00 0.0133 506 418 600 573
D00 0.0132 190 246 229 275
D00 0.0132 45 324 175 378
D00 0.0131 114 357 193 437
D00 0.0130 55 444 116 479
D00 0.0130 336 367 445 574
D00 0.0130 307 253 479 559
D00 0.0130 73 401 137 470
D00 0.0129 294 405 493 593
D00 0.0129 373 401 571 591
D00 0.0128 0 413 45 499
D00 0.0128 247 516 271 573
D00 0.0128 261 537 286 594
D00 0.0128 374 367 489 572
D00 0.0127 303 333 407 548
D00 0.0127 62 402 163 508
D00 0.0127 46 385 115 455
D00 0.0126 0 447 80 504
D00 0.0126 439 319 582 475
D00 0.0125 544 317 597 409
D00 0.0124 546 275 600 333
D00 0.0124 252 520 280 562
D00 0.0124 370 238 431 372
D00 0.0123 526 335 600 494
D00 0.0123 76 366 139 413
D00 0.0123 7 475 37 531
D00 0.0122 8 393 83 494
D00 0.0122 81 391 134 445
D00 0.0122 112 416 201 575
D00 0.0121 4 565 56 592
D00 0.0121 52 379 123 412
D00 0.0120 140 307 257 503
D00 0.0120 284 380 322 470
D00 0.0119 2 451 40 520
D00 0.0118 67 462 169 568
D00 0.0118 380 191 434 213
D00 0.0118 0 395 77 441
D00 0.0118 25 347 266 510
D00 0.0118 294 358 331 443
D00 0.0118 37 353 130 395
D00 0.0117 339 527 363 587
D00 0.0117 57 300 196 367
D00 0.0116 0 9 32 89
D00 0.0116 252 374 330 548
D00 0.0116 0 532 111 599
D00 0.0115 121 297 201 369
D00 0.0115 391 263 600 486
D00 0.0115 255 279 391 538
D00 0.0115 85 367 148 393
D00 0.0114 553 346 600 423
D00 0.0113 5 333 141 411
D00 0.0113 339 299 443 508
D00 0.0113 313 472 379 593
D00 0.0113 14 274 197 355
D00 0.0112 63 430 146 477
D00 0.0112 388 376 427 459
D00 0.0112 99 375 154 401
D00 0.0112 270 354 347 519
D00 0.0111 382 198 433 222
D00 0.0111 564 309 600 392
D00 0.0110 246 521 343 586
D00 0.0110 572 280 599 328
D00 0.0110 369 280 409 366
D00 0.0109 122 315 217 458
D00 0.0109 76 426 116 466
D00 0.0109 74 375 138 399
D00 0.0109 198 508 376 598
D00 0.0109 122 290 194 322
D00 0.0109 148 328 192 362
D00 0.0109 49 431 332 584
D00 0.0108 95 470 218 586
D00 0.0108 64 429 113 505
D00 0.0108 0 369 95 410
D00 0.0107 568 352 600 387
D00 0.0107 212 523 303 586
D00 0.0107 338 490 378 573
D00 0.0107 525 302 586 394
D00 0.0107 116 370 170 422
D00 0.0106 516 393 590 521
D00 0.0106 0 233 219 546
D00 0.0106 319 505 363 576
D00 0.0105 436 417 523 580
D00 0.0105 538 574 595 597
D00 0.0105 339 551 363 599
D00 0.0104 0 403 54 467
D00 0.0104 457 450 581 582
D00 0.0104 28 270 157 432
D00 0.0104 0 431 89 484
D00 0.0103 0 268 361 600
D00 0.0103 65 342 158 388
D00 0.0103 246 470 295 574
D00 0.0103 252 459 326 583
D00 0.0102 143 354 192 384
D00 0.0102 473 342 564 495
D00 0.0102 60 427 103 467
D00 0.0102 190 257 229 292
D00 0.0101 108 339 171 365
D00 0.0101 13 404 103 453
D00 0.0101 2 501 54 558
D00 0.0101 246 563 285 592
D00 0.0100 20 524 139 580
D00 0.0100 191 502 284 597
D00 0.0100 275 399 314 485
D00 0.0100 351 254 415 383
D10 0.0671 275 342 336 361
D10 0.0510 255 336 361 366
D10 0.0409 264 516 352 542
D10 0.0396 286 348 341 368
D10 0.0390 530 354 600 386
D10 0.0313 295 342 352 363
D10 0.0278 5 355 156 417
D10 0.0271 550 365 599 389
D10 0.0266 39 369 125 405
D10 0.0263 274 511 341 533
D10 0.0257 258 509 362 563
D10 0.0250 507 339 600 391
D10 0.0240 261 492 361 544
D10 0.0239 275 342 382 378
D10 0.0236 268 333 326 358
D10 0.0234 258 519 318 539
D10 0.0231 304 519 358 541
D10 0.0225 141 336 217 367
D10 0.0215 286 508 359 538
D10 0.0210 560 358 600 383
D10 0.0209 253 508 330 537
D10 0.0206 240 338 326 362
D10 0.0205 159 331 219 355
D10 0.0197 519 358 585 381
D10 0.0191 190 248 249 271
D10 0.0189 169 339 226 360
D10 0.0187 237 493 387 583
D10 0.0187 149 324 241 361
D10 0.0181 327 434 415 475
D10 0.0181 53 376 123 398
D10 0.0181 23 343 163 394
D10 0.0180 462 324 600 410
D10 0.0175 514 361 591 393
D10 0.0173 489 355 591 408
D10 0.0172 494 355 573 385
D10 0.0170 253 344 330 370
D10 0.0163 144 284 204 306
D10 0.0160 342 355 416 382
D10 0.0158 179 331 233 353
D10 0.0158 207 239 265 260
D10 0.0157 278 521 355 553
D10 0.0157 224 316 370 370
D10 0.0156 284 321 382 369
D10 0.0154 551 348 597 378
D10 0.0153 344 442 398 467
D10 0.0152 241 513 328 557
D10 0.0152 121 321 215 376
D10 0.0147 295 511 375 553
D10 0.0146 231 491 325 542
D10 0.0143 318 339 412 385
D10 0.0143 244 340 347 382
D10 0.0140 302 421 426 487
D10 0.0139 44 429 142 481
D10 0.0138 63 368 132 393
D10 0.0136 47 448 259 569
D10 0.0136 309 442 401 483
D10 0.0133 147 272 220 301
D10 0.0132 305 349 363 371
D10 0.0131 296 489 387 543
D10 0.0130 83 325 180 365
D10 0.0130 372 358 423 380
D10 0.0129 251 332 308 356
D10 0.0127 143 292 202 318
D10 0.0127 317 413 414 466
D10 0.0126 491 320 592 378
D10 0.0125 253 510 304 532
D10 0.0125 334 364 408 391
D10 0.0125 14 373 99 403
D10 0.0123 137 364 182 394
D10 0.0123 184 262 234 288
D10 0.0122 192 323 309 366
D10 0.0122 173 274 227 298
D10 0.0122 218 246 271 269
D10 0.0121 0 404 88 449
D10 0.0121 147 346 208 372
D10 0.0121 350 349 447 390
D10 0.0121 63 410 160 467
D10 0.0120 257 469 422 568
D10 0.0120 50 405 247 533
D10 0.0119 184 451 376 572
D10 0.0117 298 331 349 357
D10 0.0116 293 450 500 571
D10 0.0116 468 351 567 393
D10 0.0115 171 283 226 305
D10 0.0115 132 336 232 391
D10 0.0114 129 406 214 445
D10 0.0114 230 238 280 259
D10 0.0113 284 431 378 480
D10 0.0113 336 450 390 472
D10 0.0113 119 368 181 405
D10 0.0112 81 390 177 448
D10 0.0112 373 447 567 571
D10 0.0112 362 367 414 388
D10 0.0112 533 368 597 405
D10 0.0112 162 322 217 348
D10 0.0111 101 319 177 348
D10 0.0111 318 357 412 404
D10 0.0111 344 440 429 486
D10 0.0110 126 363 211 412
D10 0.0109 134 313 271 376
D10 0.0109 196 254 257 278
D10 0.0108 334 358 392 380
D10 0.0108 419 405 592 534
D10 0.0107 287 337 321 364
D10 0.0107 136 302 194 326
D10 0.0106 107 331 171 354
D10 0.0106 420 368 593 488
D10 0.0106 291 355 338 380
D10 0.0104 256 324 428 403
D10 0.0104 126 300 218 358
D10 0.0103 45 447 142 500
D10 0.0102 0 408 56 443
D10 0.0102 535 287 600 321
D10 0.0102 136 312 193 333
D10 0.0102 266 468 357 528
D10 0.0101 343 423 433 469
D10 0.0101 265 525 327 550
D10 0.0101 138 318 209 351
D10 0.0100 246 518 290 541
D10 0.0100 129 322 183 343
D10 0.0100 416 342 600 431
D10 0.0100 271 371 600 576
D20 0.0400 0 369 383 592
D20 0.0330 116 313 529 560
D20 0.0290 206 370 594 590
D20 0.0245 0 420 202 585
D20 0.0227 304 306 600 548
D20 0.0213 71 332 215 429
D20 0.0202 0 456 127 600
D20 0.0201 0 311 216 534
D20 0.0191 134 338 212 385
D20 0.0190 0 399 78 589
D20 0.0186 508 295 600 430
D20 0.0184 184 254 236 279
D20 0.0182 43 447 464 600
D20 0.0178 186 246 257 274
D20 0.0176 0 278 384 469
D20 0.0171 131 284 215 327
D20 0.0164 0 316 113 595
D20 0.0164 19 485 225 590
D20 0.0162 217 267 592 470
D20 0.0155 374 452 600 600
D20 0.0155 97 305 237 394
D20 0.0149 0 0 408 294
D20 0.0146 134 325 220 368
D20 0.0145 167 0 600 294
D20 0.0144 453 359 600 600
D20 0.0144 172 249 251 286
D20 0.0141 139 268 229 306
D20 0.0141 237 506 386 597
D20 0.0138 258 444 361 591
D20 0.0133 120 351 196 403
D20 0.0131 362 226 439 381
D20 0.0130 0 118 290 600
D20 0.0130 536 328 600 399
D20 0.0128 83 334 180 378
D20 0.0127 312 118 600 600
D20 0.0126 112 283 260 374
D20 0.0125 0 526 109 600
D20 0.0122 0 373 115 488
D20 0.0121 0 0 600 434
D20 0.0120 114 295 201 335
D20 0.0119 149 257 237 296
D20 0.0119 547 266 600 411
D20 0.0119 185 234 273 267
D20 0.0117 117 253 264 334
D20 0.0117 0 0 143 211
D20 0.0116 130 303 215 347
D20 0.0114 0 299 183 435
D20 0.0112 226 473 494 600
D20 0.0110 554 282 600 358
D20 0.0109 0 145 600 600
D20 0.0109 52 438 265 600
D20 0.0109 385 243 600 456
D20 0.0108 0 340 121 449
D20 0.0107 563 314 600 410
D20 0.0107 343 257 422 408
D20 0.0105 0 220 175 491
D20 0.0104 148 243 271 301
D20 0.0103 385 0 600 144
D20 0.0100 113 278 203 316
D40 0.0203 48 377 116 398
D40 0.0141 40 375 120 418
D40 0.0118 181 327 219 358
D40 0.0106 323 338 419 379
D40 0.0103 170 335 214 365
