D00 0.0363 276 575 329 599
D00 0.0277 155 576 206 599
D00 0.0221 287 572 353 600
D00 0.0198 250 570 336 600
D00 0.0188 130 573 198 600
D00 0.0167 239 577 299 599
D00 0.0162 288 564 334 596
D00 0.0154 180 421 243 489
D00 0.0149 1 494 26 547
D00 0.0149 188 408 248 469
D00 0.0143 170 576 229 598
D00 0.0143 235 431 260 478
D00 0.0140 268 565 320 595
D00 0.0136 217 405 242 453
D00 0.0136 257 554 360 599
D00 0.0135 212 401 246 435
D00 0.0134 161 429 222 498
D00 0.0133 554 414 599 438
D00 0.0133 0 574 48 598
D00 0.0133 0 481 42 553
D00 0.0132 265 572 308 600
D00 0.0132 204 396 250 418
D00 0.0131 165 564 198 599
D00 0.0129 227 421 252 470
D00 0.0128 219 407 261 480
D00 0.0124 226 405 251 453
D00 0.0123 362 415 414 438
D00 0.0121 423 435 483 494
D00 0.0120 202 414 238 478
D00 0.0120 221 393 254 423
D00 0.0118 426 446 463 481
D00 0.0117 421 442 468 467
D00 0.0117 202 410 238 446
D00 0.0115 136 410 258 503
D00 0.0114 213 421 249 485
D00 0.0113 210 577 272 598
D00 0.0112 203 388 251 409
D00 0.0110 191 419 230 455
D00 0.0110 199 430 263 493
D00 0.0109 91 409 123 445
D00 0.0108 226 438 253 487
D00 0.0107 0 427 112 530
D00 0.0107 0 559 30 596
D00 0.0106 159 417 242 461
D00 0.0105 200 393 254 447
D00 0.0105 307 568 335 600
D00 0.0105 345 415 396 438
D00 0.0104 227 424 268 500
D00 0.0104 566 487 600 566
D00 0.0104 140 564 223 600
D00 0.0102 354 406 403 429
D00 0.0102 0 441 181 512
D00 0.0101 0 557 75 599
D00 0.0100 302 582 359 600
D00 0.0100 370 423 423 447
D00 0.0100 35 573 106 600
D00 0.0100 235 412 260 462
D10 0.0295 271 483 362 519
D10 0.0293 286 489 344 509
D10 0.0261 293 483 352 504
D10 0.0244 250 475 352 511
D10 0.0213 266 483 331 502
D10 0.0175 287 475 392 510
D10 0.0147 242 464 379 518
D10 0.0140 300 486 376 511
D10 0.0127 249 481 309 500
D10 0.0125 98 463 199 500
D10 0.0116 117 472 178 495
D10 0.0116 235 452 350 502
D10 0.0114 15 463 106 499
D10 0.0113 225 442 271 467
D10 0.0113 259 489 320 509
D10 0.0112 51 470 108 492
D10 0.0109 221 473 319 507
D10 0.0107 229 480 287 500
D10 0.0103 222 471 275 496
D10 0.0103 282 491 347 528
D10 0.0102 44 461 131 496
D10 0.0101 86 468 168 497
D20 0.0177 51 460 470 600
D20 0.0174 185 423 368 500
D20 0.0171 242 570 335 600
D20 0.0143 0 457 228 600
D20 0.0141 0 0 408 294
D20 0.0139 453 0 600 219
D20 0.0138 167 0 600 294
D20 0.0135 202 459 600 600
D20 0.0135 378 0 600 146
D20 0.0131 239 446 382 506
D20 0.0131 0 311 408 600
D20 0.0126 0 0 146 224
D20 0.0126 0 118 290 600
D20 0.0125 527 0 600 115
D20 0.0125 167 311 600 600
D20 0.0121 132 419 303 499
D20 0.0120 312 118 600 600
D20 0.0120 51 437 227 512
D20 0.0114 0 0 600 434
D20 0.0111 0 0 73 113
D20 0.0110 116 417 541 574
D20 0.0107 216 452 332 500
D20 0.0107 257 422 438 502
D20 0.0105 165 545 346 600
D20 0.0105 0 145 600 600
D20 0.0102 0 375 147 600
D20 0.0100 0 0 268 180
