D00 0.0850 305 307 336 375
D00 0.0845 490 443 596 595
D00 0.0594 469 400 598 529
D00 0.0590 294 281 332 375
D00 0.0578 553 516 598 590
D00 0.0514 302 295 326 358
D00 0.0499 490 472 550 530
D00 0.0499 389 421 600 593
D00 0.0497 323 385 568 563
D00 0.0489 338 337 486 448
D00 0.0486 317 324 342 375
D00 0.0472 507 508 589 591
D00 0.0469 115 418 171 494
D00 0.0458 2 454 95 600
D00 0.0449 439 465 585 576
D00 0.0440 535 478 595 587
D00 0.0435 282 276 307 321
D00 0.0431 303 317 358 377
D00 0.0427 25 524 74 600
D00 0.0421 275 275 298 320
D00 0.0405 470 481 560 593
D00 0.0402 484 454 589 536
D00 0.0397 283 274 325 356
D00 0.0394 326 331 464 408
D00 0.0387 505 470 586 562
D00 0.0382 114 428 158 467
D00 0.0376 517 422 600 541
D00 0.0375 3 545 68 600
D00 0.0368 528 541 600 598
D00 0.0364 360 365 427 432
D00 0.0363 467 556 562 598
D00 0.0362 215 292 243 339
D00 0.0359 376 366 520 441
D00 0.0348 573 537 597 591
D00 0.0347 489 570 573 600
D00 0.0347 290 282 317 330
D00 0.0346 15 571 86 600
D00 0.0345 286 296 413 409
D00 0.0323 382 377 442 439
D00 0.0322 340 357 407 422
D00 0.0320 280 286 372 383
D00 0.0315 500 482 542 520
D00 0.0306 48 472 90 556
D00 0.0305 488 479 539 507
D00 0.0301 356 369 566 491
D00 0.0297 461 449 560 552
D00 0.0295 359 490 563 596
D00 0.0294 286 456 322 550
D00 0.0289 355 352 473 419
D00 0.0289 309 329 374 388
D00 0.0288 401 434 576 524
D00 0.0286 500 484 572 539
D00 0.0286 562 530 592 584
D00 0.0285 225 284 249 333
D00 0.0280 303 336 340 369
D00 0.0280 16 478 74 593
D00 0.0279 274 268 315 339
D00 0.0277 536 515 590 571
D00 0.0275 470 465 549 510
D00 0.0270 521 391 600 499
D00 0.0270 272 291 317 316
D00 0.0268 502 428 589 488
D00 0.0266 42 492 86 579
D00 0.0266 399 384 459 450
D00 0.0259 508 559 593 595
D00 0.0257 436 380 594 481
D00 0.0257 126 434 173 474
D00 0.0256 308 347 354 372
D00 0.0256 471 573 535 598
D00 0.0255 265 280 309 325
D00 0.0254 420 353 600 555
D00 0.0252 398 385 549 453
D00 0.0248 42 522 94 600
D00 0.0248 315 332 347 393
D00 0.0245 311 319 421 376
D00 0.0242 515 574 584 597
D00 0.0234 475 450 576 505
D00 0.0232 438 510 548 598
D00 0.0231 105 424 151 482
D00 0.0229 319 340 390 399
D00 0.0227 299 282 325 331
D00 0.0226 531 411 594 477
D00 0.0224 482 565 545 593
D00 0.0223 4 498 57 598
D00 0.0223 281 282 325 310
D00 0.0223 0 533 119 600
D00 0.0222 23 558 61 597
D00 0.0221 294 314 323 368
D00 0.0219 373 339 484 397
D00 0.0218 414 467 530 600
D00 0.0217 444 412 562 509
D00 0.0213 344 363 383 431
D00 0.0211 508 490 551 529
D00 0.0210 56 482 83 539
D00 0.0210 530 439 600 504
D00 0.0209 294 298 394 363
D00 0.0208 49 466 112 535
D00 0.0207 477 507 533 596
D00 0.0207 326 326 353 376
D00 0.0204 353 361 415 399
D00 0.0203 2 574 57 599
D00 0.0202 502 474 569 511
D00 0.0200 134 419 183 486
D00 0.0200 305 283 338 354
D00 0.0198 292 323 424 481
D00 0.0196 290 302 323 344
D00 0.0195 445 382 511 417
D00 0.0194 205 299 236 343
D00 0.0194 61 523 112 600
D00 0.0193 411 375 478 442
D00 0.0193 412 357 493 400
D00 0.0192 37 572 116 600
D00 0.0191 128 434 176 515
D00 0.0191 479 410 585 470
D00 0.0191 98 428 143 466
D00 0.0190 397 390 436 429
D00 0.0189 491 543 554 592
D00 0.0189 484 481 525 519
D00 0.0188 285 323 335 373
D00 0.0187 552 427 600 567
D00 0.0187 390 398 534 506
D00 0.0185 397 354 580 436
D00 0.0185 317 294 365 382
D00 0.0185 365 370 409 410
D00 0.0184 409 393 440 442
D00 0.0184 233 345 262 385
D00 0.0183 480 469 529 543
D00 0.0181 318 319 550 416
D00 0.0181 261 284 323 377
D00 0.0181 438 570 523 600
D00 0.0180 410 353 476 387
D00 0.0179 426 367 504 414
D00 0.0178 114 441 161 481
D00 0.0178 310 339 336 386
D00 0.0178 550 559 599 600
D00 0.0177 207 538 272 600
D00 0.0176 557 521 592 562
D00 0.0175 516 502 579 558
D00 0.0174 200 287 246 333
D00 0.0174 485 472 539 497
D00 0.0173 349 379 394 450
D00 0.0172 266 276 290 318
D00 0.0172 459 487 516 593
D00 0.0172 296 326 332 359
D00 0.0171 460 476 540 524
D00 0.0171 50 491 77 547
D00 0.0171 38 341 162 523
D00 0.0170 354 323 467 376
D00 0.0169 96 455 166 522
D00 0.0168 506 465 595 519
D00 0.0167 37 545 80 600
D00 0.0166 450 537 519 600
D00 0.0165 395 337 504 421
D00 0.0165 234 287 257 339
D00 0.0165 225 348 269 414
D00 0.0164 50 553 104 600
D00 0.0164 131 409 210 522
D00 0.0163 312 313 346 354
D00 0.0163 296 315 375 437
D00 0.0163 315 338 365 368
D00 0.0163 394 358 463 428
D00 0.0162 491 489 532 528
D00 0.0161 427 366 481 393
D00 0.0161 210 268 251 340
D00 0.0159 209 435 293 600
D00 0.0157 210 573 266 598
D00 0.0157 289 276 335 319
D00 0.0156 282 294 311 349
D00 0.0156 291 525 337 600
D00 0.0156 448 393 577 448
D00 0.0155 494 437 546 517
D00 0.0155 473 559 512 596
D00 0.0155 375 378 420 420
D00 0.0153 430 384 502 446
D00 0.0153 146 430 177 478
D00 0.0151 366 381 414 450
D00 0.0151 293 482 314 538
D00 0.0150 508 444 564 526
D00 0.0150 503 365 597 466
D00 0.0149 281 477 311 540
D00 0.0149 344 335 413 396
D00 0.0149 321 304 434 358
D00 0.0149 220 296 252 360
D00 0.0149 286 310 340 403
D00 0.0148 452 453 524 511
D00 0.0148 333 346 372 408
D00 0.0148 214 281 246 316
D00 0.0147 572 514 597 573
D00 0.0146 194 413 271 572
D00 0.0146 327 342 354 391
D00 0.0145 541 463 599 535
D00 0.0145 309 301 465 384
D00 0.0145 483 537 523 600
D00 0.0144 61 280 210 514
D00 0.0144 552 388 597 472
D00 0.0142 362 344 431 403
D00 0.0142 550 539 587 590
D00 0.0141 452 513 495 600
D00 0.0141 58 570 98 600
D00 0.0140 555 422 596 486
D00 0.0139 138 442 169 494
D00 0.0139 360 372 397 426
D00 0.0138 3 557 46 597
D00 0.0138 159 373 186 420
D00 0.0138 472 551 540 587
D00 0.0137 556 448 597 514
D00 0.0136 88 431 129 498
D00 0.0135 452 477 528 555
D00 0.0135 516 533 564 597
D00 0.0135 188 276 245 361
D00 0.0134 324 314 506 505
D00 0.0134 464 568 504 600
D00 0.0134 0 534 32 600
D00 0.0133 385 449 514 549
D00 0.0133 148 411 239 563
D00 0.0133 507 467 548 502
D00 0.0132 275 293 329 330
D00 0.0132 174 438 257 599
D00 0.0132 461 390 531 426
D00 0.0132 398 344 467 379
D00 0.0129 296 283 346 307
D00 0.0129 221 548 257 600
D00 0.0128 429 432 478 470
D00 0.0128 274 274 316 302
D00 0.0127 21 485 86 553
D00 0.0127 112 410 141 459
D00 0.0127 423 443 511 481
D00 0.0127 360 346 400 406
D00 0.0127 39 529 66 592
D00 0.0126 509 324 600 564
D00 0.0126 0 502 28 572
D00 0.0126 436 443 492 466
D00 0.0125 352 358 388 406
D00 0.0125 406 404 453 431
D00 0.0125 275 261 296 307
D00 0.0124 220 323 258 385
D00 0.0124 132 344 187 439
D00 0.0123 515 427 586 465
D00 0.0123 499 581 562 600
D00 0.0123 304 288 339 322
D00 0.0123 467 536 501 600
D00 0.0123 146 358 182 418
D00 0.0123 77 442 119 508
D00 0.0122 474 474 516 510
D00 0.0121 536 494 589 554
D00 0.0121 563 476 600 571
D00 0.0121 227 466 266 544
D00 0.0121 581 530 600 583
D00 0.0120 47 582 108 600
D00 0.0120 420 353 532 480
D00 0.0120 31 447 98 558
D00 0.0120 483 453 539 501
D00 0.0119 295 318 331 345
D00 0.0119 443 371 541 440
D00 0.0119 406 367 446 434
D00 0.0119 391 374 424 427
D00 0.0119 441 376 497 404
D00 0.0118 64 575 132 598
D00 0.0118 228 403 311 555
D00 0.0117 324 317 377 370
D00 0.0116 136 437 198 497
D00 0.0116 254 284 454 440
D00 0.0116 109 301 226 476
D00 0.0115 425 394 462 453
D00 0.0114 110 337 180 459
D00 0.0114 210 309 247 374
D00 0.0114 226 269 250 313
D00 0.0114 142 425 195 468
D00 0.0113 288 312 337 352
D00 0.0113 480 484 509 533
D00 0.0113 270 284 303 352
D00 0.0113 239 323 272 386
D00 0.0112 0 438 62 570
D00 0.0112 468 433 531 528
D00 0.0112 432 402 524 470
D00 0.0112 357 308 420 372
D00 0.0112 461 372 503 426
D00 0.0111 560 572 600 597
D00 0.0111 405 371 473 405
D00 0.0111 424 350 492 434
D00 0.0111 154 348 190 411
D00 0.0111 352 310 403 336
D00 0.0111 91 409 131 469
D00 0.0110 462 581 522 600
D00 0.0110 308 292 356 341
D00 0.0110 310 349 357 401
D00 0.0109 470 376 583 433
D00 0.0109 514 499 562 540
D00 0.0108 205 474 263 598
D00 0.0108 295 272 330 305
D00 0.0108 187 427 244 553
D00 0.0107 429 451 483 475
D00 0.0107 94 370 156 467
D00 0.0107 447 449 503 494
D00 0.0107 430 396 475 466
D00 0.0107 163 513 274 597
D00 0.0106 197 295 228 337
D00 0.0106 368 305 590 469
D00 0.0106 480 396 553 494
D00 0.0106 527 581 588 600
D00 0.0105 341 302 393 328
D00 0.0105 67 553 127 599
D00 0.0105 355 314 417 348
D00 0.0105 434 358 484 383
D00 0.0104 335 338 365 385
D00 0.0104 147 328 207 413
D00 0.0104 294 308 331 334
D00 0.0104 261 270 352 349
D00 0.0103 495 466 528 510
D00 0.0103 527 387 591 457
D00 0.0103 474 385 507 429
D00 0.0103 226 552 283 598
D00 0.0102 230 309 263 379
D00 0.0101 464 459 513 534
D00 0.0101 61 474 92 529
D00 0.0101 434 351 475 404
D00 0.0101 153 429 188 487
D00 0.0100 373 351 402 397
D00 0.0100 0 568 35 600
D00 0.0100 132 355 178 402
D00 0.0100 549 507 583 562
D00 0.0100 348 387 377 443
D00 0.0100 165 310 230 392
D10 0.0701 250 509 536 600
D10 0.0700 254 461 524 574
D10 0.0608 277 455 498 532
D10 0.0549 114 427 170 450
D10 0.0526 278 399 449 467
D10 0.0458 329 409 470 456
D10 0.0451 110 431 163 462
D10 0.0449 308 417 485 478
D10 0.0440 122 417 181 437
D10 0.0427 279 486 466 538
D10 0.0417 205 423 297 447
D10 0.0417 107 420 186 463
D10 0.0407 281 543 507 600
D10 0.0404 442 432 527 457
D10 0.0402 189 341 313 387
D10 0.0402 222 356 303 385
D10 0.0395 326 478 525 551
D10 0.0375 90 435 160 473
D10 0.0374 304 437 496 507
D10 0.0373 279 506 465 562
D10 0.0369 56 451 189 531
D10 0.0364 68 478 226 546
D10 0.0362 336 355 403 387
D10 0.0353 279 528 465 584
D10 0.0349 196 427 264 446
D10 0.0335 206 328 368 391
D10 0.0323 256 420 431 491
D10 0.0313 307 471 427 552
D10 0.0310 45 417 160 468
D10 0.0302 338 440 439 588
D10 0.0302 312 418 404 451
D10 0.0298 345 351 428 395
D10 0.0298 360 359 414 381
D10 0.0296 323 347 397 378
D10 0.0296 322 469 493 518
D10 0.0294 444 421 526 450
D10 0.0292 242 492 426 572
D10 0.0287 77 445 150 481
D10 0.0285 112 408 204 448
D10 0.0284 90 467 199 519
D10 0.0284 330 453 401 572
D10 0.0280 189 345 348 407
D10 0.0280 353 497 538 579
D10 0.0279 105 414 172 446
D10 0.0274 56 475 162 524
D10 0.0271 351 352 406 373
D10 0.0268 276 393 407 446
D10 0.0263 25 544 177 596
D10 0.0258 339 527 520 589
D10 0.0255 281 337 388 388
D10 0.0254 197 430 285 455
D10 0.0254 100 479 336 560
D10 0.0253 361 462 530 529
D10 0.0251 250 414 385 457
D10 0.0249 76 443 133 466
D10 0.0249 96 424 150 451
D10 0.0246 91 442 191 506
D10 0.0240 47 492 218 576
D10 0.0239 75 451 132 475
D10 0.0236 107 492 234 535
D10 0.0235 173 420 276 452
D10 0.0233 353 364 403 394
D10 0.0232 191 358 262 382
D10 0.0232 531 435 594 473
D10 0.0229 64 400 170 453
D10 0.0228 88 432 144 460
D10 0.0224 274 448 440 504
D10 0.0222 126 405 183 427
D10 0.0222 127 432 183 459
D10 0.0221 190 433 249 455
D10 0.0221 141 416 200 436
D10 0.0220 444 436 540 473
D10 0.0218 107 448 163 476
D10 0.0217 306 352 414 413
D10 0.0217 123 416 245 464
D10 0.0215 58 515 253 595
D10 0.0213 106 504 279 570
D10 0.0213 314 348 368 372
D10 0.0212 197 409 307 444
D10 0.0210 510 457 599 508
D10 0.0209 355 341 443 384
D10 0.0207 369 481 442 592
D10 0.0207 294 457 393 594
D10 0.0207 275 495 369 544
D10 0.0207 129 422 207 451
D10 0.0206 203 318 252 342
D10 0.0205 548 449 594 478
D10 0.0205 233 351 293 377
D10 0.0204 531 454 596 491
D10 0.0204 86 472 159 511
D10 0.0203 253 354 376 405
D10 0.0203 354 383 409 411
D10 0.0203 459 425 558 464
D10 0.0201 507 485 588 541
D10 0.0200 150 409 309 464
D10 0.0199 325 356 383 381
D10 0.0198 350 502 420 599
D10 0.0197 122 505 205 531
D10 0.0197 20 521 149 589
D10 0.0197 404 403 554 470
D10 0.0196 347 375 399 402
D10 0.0194 48 435 138 479
D10 0.0194 387 423 536 487
D10 0.0194 495 467 560 501
D10 0.0194 226 512 393 592
D10 0.0193 82 450 293 537
D10 0.0192 335 379 400 414
D10 0.0192 537 563 595 591
D10 0.0191 297 469 403 499
D10 0.0190 226 341 349 380
D10 0.0188 218 320 273 342
D10 0.0188 250 358 320 380
D10 0.0188 129 396 247 447
D10 0.0187 392 443 541 510
D10 0.0185 184 501 340 571
D10 0.0184 218 417 282 440
D10 0.0183 539 552 595 581
D10 0.0183 362 392 420 422
D10 0.0183 31 483 151 538
D10 0.0183 228 330 283 349
D10 0.0183 0 544 50 568
D10 0.0182 113 496 193 525
D10 0.0182 85 485 176 531
D10 0.0182 89 451 164 492
D10 0.0181 361 549 534 597
D10 0.0179 281 371 400 432
D10 0.0179 238 366 305 387
D10 0.0176 450 443 517 464
D10 0.0174 347 413 405 441
D10 0.0173 238 458 407 537
D10 0.0173 420 426 511 462
D10 0.0172 434 434 492 456
D10 0.0169 289 291 335 315
D10 0.0169 370 350 427 373
D10 0.0169 42 515 145 559
D10 0.0168 217 284 261 308
D10 0.0167 94 415 146 440
D10 0.0167 210 330 263 350
D10 0.0166 549 468 595 494
D10 0.0166 253 432 382 479
D10 0.0165 116 394 208 436
D10 0.0165 378 488 521 536
D10 0.0164 28 447 138 508
D10 0.0163 67 454 137 493
D10 0.0163 372 348 467 390
D10 0.0162 148 377 199 402
D10 0.0162 174 426 228 447
D10 0.0161 112 395 165 417
D10 0.0161 267 348 332 373
D10 0.0160 323 371 393 406
D10 0.0160 105 401 173 433
D10 0.0160 381 452 478 594
D10 0.0160 476 472 534 497
D10 0.0159 148 385 199 412
D10 0.0158 371 440 442 550
D10 0.0158 182 315 248 346
D10 0.0158 5 501 79 536
D10 0.0157 74 478 143 506
D10 0.0157 210 341 263 365
D10 0.0156 23 348 210 458
D10 0.0156 558 459 600 486
D10 0.0156 103 405 153 428
D10 0.0156 309 355 357 379
D10 0.0155 1 539 66 575
D10 0.0155 140 498 228 523
D10 0.0154 190 417 249 439
D10 0.0153 239 321 294 343
D10 0.0153 229 326 306 355
D10 0.0152 185 329 243 353
D10 0.0152 526 491 590 527
D10 0.0152 331 384 384 409
D10 0.0152 129 394 184 419
D10 0.0150 282 298 324 324
D10 0.0150 130 523 305 592
D10 0.0150 279 355 335 378
D10 0.0149 182 349 250 374
D10 0.0149 156 493 275 535
D10 0.0148 50 511 120 546
D10 0.0148 185 336 260 370
D10 0.0147 507 479 563 505
D10 0.0147 155 373 227 406
D10 0.0147 102 377 194 431
D10 0.0146 247 504 374 561
D10 0.0146 94 487 155 514
D10 0.0146 377 358 439 379
D10 0.0146 21 500 124 566
D10 0.0146 55 452 113 475
D10 0.0144 514 497 572 522
D10 0.0144 173 362 258 393
D10 0.0142 229 340 280 364
D10 0.0142 99 548 258 596
D10 0.0141 306 437 380 550
D10 0.0141 537 525 586 553
D10 0.0140 53 443 112 465
D10 0.0139 201 293 245 319
D10 0.0139 227 357 335 395
D10 0.0139 309 476 434 505
D10 0.0138 12 498 72 524
D10 0.0138 217 322 321 364
D10 0.0137 116 458 166 486
D10 0.0137 355 403 414 430
D10 0.0136 84 535 190 586
D10 0.0136 157 483 268 518
D10 0.0135 329 365 383 393
D10 0.0134 319 376 373 401
D10 0.0134 477 434 544 455
D10 0.0133 1 552 51 581
D10 0.0133 57 472 126 512
D10 0.0132 330 540 443 600
D10 0.0132 175 340 236 364
D10 0.0132 516 444 590 482
D10 0.0132 513 488 573 514
D10 0.0131 410 470 529 517
D10 0.0131 239 316 320 347
D10 0.0131 367 365 421 391
D10 0.0130 259 333 340 370
D10 0.0130 429 440 500 468
D10 0.0129 87 561 185 597
D10 0.0129 107 461 171 499
D10 0.0129 434 527 548 590
D10 0.0129 56 429 129 462
D10 0.0128 125 430 242 482
D10 0.0128 205 310 308 353
D10 0.0128 469 419 549 452
D10 0.0128 435 425 492 448
D10 0.0128 266 419 342 449
D10 0.0128 92 396 143 417
D10 0.0128 263 299 313 324
D10 0.0127 310 496 375 597
D10 0.0127 201 491 313 538
D10 0.0127 507 553 575 580
D10 0.0127 315 334 386 372
D10 0.0126 304 459 398 490
D10 0.0126 0 532 82 590
D10 0.0125 147 367 199 392
D10 0.0125 388 508 461 600
D10 0.0124 505 455 576 491
D10 0.0124 123 386 174 411
D10 0.0124 95 468 157 496
D10 0.0124 174 416 227 438
D10 0.0124 325 413 389 440
D10 0.0123 341 392 392 420
D10 0.0123 229 336 304 369
D10 0.0122 0 536 37 561
D10 0.0122 3 562 54 595
D10 0.0121 539 431 588 461
D10 0.0120 292 472 354 585
D10 0.0120 475 458 543 493
D10 0.0120 348 418 424 521
D10 0.0120 217 275 261 298
D10 0.0119 516 469 580 493
D10 0.0119 77 510 157 544
D10 0.0119 164 408 261 445
D10 0.0119 558 441 600 468
D10 0.0117 154 393 208 420
D10 0.0117 183 473 277 512
D10 0.0117 153 404 209 428
D10 0.0117 256 548 399 595
D10 0.0116 132 376 181 402
D10 0.0116 442 504 543 568
D10 0.0116 392 362 467 394
D10 0.0115 306 385 364 409
D10 0.0115 267 415 320 439
D10 0.0115 121 481 225 519
D10 0.0114 68 523 166 573
D10 0.0113 504 428 579 464
D10 0.0113 286 327 330 357
D10 0.0113 192 320 281 365
D10 0.0112 63 526 125 548
D10 0.0112 163 367 222 391
D10 0.0112 68 419 140 454
D10 0.0111 147 509 218 529
D10 0.0111 170 386 227 411
D10 0.0111 454 413 515 439
D10 0.0111 57 460 112 485
D10 0.0111 272 319 323 345
D10 0.0111 541 470 597 511
D10 0.0110 132 448 180 477
D10 0.0110 105 497 161 523
D10 0.0110 70 468 129 497
D10 0.0109 228 310 283 337
D10 0.0109 302 359 369 395
D10 0.0109 333 328 421 377
D10 0.0108 165 348 225 373
D10 0.0108 183 370 262 403
D10 0.0108 327 467 435 495
D10 0.0108 168 330 224 355
D10 0.0108 52 489 124 529
D10 0.0107 75 551 161 588
D10 0.0107 548 497 593 520
D10 0.0106 0 428 131 495
D10 0.0106 44 515 84 543
D10 0.0106 0 503 88 556
D10 0.0106 273 308 319 336
D10 0.0106 310 445 397 476
D10 0.0105 299 377 352 400
D10 0.0105 525 505 579 532
D10 0.0105 95 530 177 563
D10 0.0105 181 311 235 336
D10 0.0105 56 529 131 562
D10 0.0105 376 550 481 588
D10 0.0105 396 357 462 380
D10 0.0105 103 387 153 410
D10 0.0104 257 330 320 353
D10 0.0104 536 487 589 513
D10 0.0104 482 437 559 469
D10 0.0103 23 491 97 547
D10 0.0102 43 504 84 533
D10 0.0102 108 438 259 509
D10 0.0102 299 300 345 323
D10 0.0101 132 366 178 391
D10 0.0101 412 508 520 550
D10 0.0101 157 352 234 386
D10 0.0100 203 481 254 505
D10 0.0100 463 448 537 481
D10 0.0100 55 500 138 537
D20 0.5377 12 374 596 598
D20 0.3194 5 403 333 600
D20 0.2652 193 439 600 600
D20 0.2006 135 337 512 552
D20 0.1585 26 419 205 595
D20 0.1569 52 412 183 534
D20 0.1287 305 366 471 459
D20 0.1230 238 384 559 561
D20 0.1034 76 402 218 494
D20 0.1001 231 328 492 482
D20 0.0948 96 426 176 473
D20 0.0939 35 379 262 519
D20 0.0892 313 480 581 592
D20 0.0823 480 497 600 598
D20 0.0821 59 356 438 507
D20 0.0794 292 404 446 571
D20 0.0693 346 412 439 457
D20 0.0689 13 500 263 600
D20 0.0677 206 501 532 600
D20 0.0655 281 331 440 437
D20 0.0645 270 404 479 496
D20 0.0622 9 460 139 600
D20 0.0620 397 347 600 600
D20 0.0605 64 426 173 493
D20 0.0597 245 441 484 552
D20 0.0576 17 165 600 591
D20 0.0570 92 380 253 470
D20 0.0565 36 482 441 600
D20 0.0548 144 306 445 434
D20 0.0532 187 283 356 378
D20 0.0527 336 390 463 450
D20 0.0509 0 304 223 568
D20 0.0503 107 409 192 482
D20 0.0485 175 350 280 388
D20 0.0467 357 375 540 458
D20 0.0467 139 326 307 403
D20 0.0457 422 458 591 596
D20 0.0457 98 402 202 565
D20 0.0452 288 355 424 499
D20 0.0450 30 440 157 557
D20 0.0448 521 521 599 590
D20 0.0440 380 514 587 600
D20 0.0438 74 445 408 570
D20 0.0438 482 555 580 598
D20 0.0435 112 355 283 444
D20 0.0435 349 380 432 436
D20 0.0429 90 455 296 600
D20 0.0410 183 317 387 398
D20 0.0409 309 363 527 518
D20 0.0405 212 373 434 461
D20 0.0404 17 15 600 441
D20 0.0394 334 432 484 600
D20 0.0392 202 286 255 342
D20 0.0391 135 407 456 529
D20 0.0379 97 399 190 455
D20 0.0376 262 426 387 591
D20 0.0375 279 535 544 600
D20 0.0370 11 533 192 600
D20 0.0368 212 295 245 335
D20 0.0367 102 317 383 600
D20 0.0357 112 396 161 477
D20 0.0356 268 302 402 420
D20 0.0354 316 401 417 450
D20 0.0353 107 423 167 508
D20 0.0351 269 377 392 538
D20 0.0344 217 284 320 324
D20 0.0343 0 413 139 530
D20 0.0338 194 299 285 344
D20 0.0334 47 464 244 566
D20 0.0333 295 468 440 600
D20 0.0331 65 525 327 600
D20 0.0331 99 349 192 494
D20 0.0331 72 438 147 508
D20 0.0328 342 364 414 418
D20 0.0328 118 429 166 467
D20 0.0325 184 301 289 388
D20 0.0323 432 383 515 429
D20 0.0322 322 358 424 444
D20 0.0320 81 418 152 477
D20 0.0316 340 391 476 541
D20 0.0310 202 276 303 363
D20 0.0308 339 411 530 490
D20 0.0302 420 380 595 475
D20 0.0301 0 385 188 494
D20 0.0295 152 524 425 600
D20 0.0288 158 340 260 382
D20 0.0286 279 237 600 600
D20 0.0285 209 317 329 377
D20 0.0284 344 370 402 455
D20 0.0279 372 453 560 547
D20 0.0278 213 339 275 387
D20 0.0277 509 563 600 600
D20 0.0275 261 295 361 390
D20 0.0274 263 291 311 316
D20 0.0274 217 279 280 337
D20 0.0273 297 319 520 420
D20 0.0271 156 356 276 406
D20 0.0268 199 308 245 338
D20 0.0266 220 288 252 325
D20 0.0263 0 411 92 591
D20 0.0262 144 327 345 470
D20 0.0262 231 281 305 313
D20 0.0262 360 395 420 461
D20 0.0261 142 339 256 424
D20 0.0259 116 426 215 468
D20 0.0257 57 465 160 517
D20 0.0255 350 344 452 450
D20 0.0252 240 278 338 366
D20 0.0252 130 376 222 419
D20 0.0252 395 414 574 503
D20 0.0243 0 0 291 600
D20 0.0242 447 391 532 437
D20 0.0240 0 529 50 600
D20 0.0239 124 336 224 473
D20 0.0239 171 353 376 438
D20 0.0237 380 378 438 453
D20 0.0237 0 499 102 600
D20 0.0237 258 275 317 330
D20 0.0236 276 324 349 375
D20 0.0235 382 467 518 600
D20 0.0231 24 487 180 579
D20 0.0230 209 289 270 323
D20 0.0230 530 430 599 492
D20 0.0228 0 0 408 294
D20 0.0228 193 323 265 383
D20 0.0225 508 502 582 560
D20 0.0224 81 429 284 516
D20 0.0223 127 388 212 459
D20 0.0221 111 420 216 517
D20 0.0221 167 0 600 294
D20 0.0220 0 341 137 600
D20 0.0217 114 384 200 428
D20 0.0213 215 486 365 600
D20 0.0212 121 372 261 577
D20 0.0211 182 308 258 351
D20 0.0208 70 557 185 600
D20 0.0207 310 342 399 423
D20 0.0206 107 423 149 458
D20 0.0205 51 460 115 528
D20 0.0204 223 284 275 307
D20 0.0203 121 432 227 597
D20 0.0202 551 440 600 521
D20 0.0202 261 279 295 314
D20 0.0202 154 308 260 393
D20 0.0201 65 290 317 502
D20 0.0200 259 281 353 341
D20 0.0200 124 400 335 473
D20 0.0199 274 287 331 321
D20 0.0193 426 557 536 600
D20 0.0192 214 300 259 387
D20 0.0191 90 451 180 531
D20 0.0191 0 486 41 572
D20 0.0190 242 431 337 594
D20 0.0189 90 371 208 444
D20 0.0187 261 333 364 483
D20 0.0186 45 566 154 600
D20 0.0184 182 267 338 344
D20 0.0184 214 287 322 418
D20 0.0180 228 280 261 314
D20 0.0179 372 567 493 600
D20 0.0177 171 320 257 363
D20 0.0177 14 411 153 476
D20 0.0175 217 362 367 575
D20 0.0175 305 329 397 377
D20 0.0175 177 426 311 600
D20 0.0175 120 380 170 460
D20 0.0173 154 373 267 457
D20 0.0173 126 358 187 417
D20 0.0172 227 293 261 333
D20 0.0171 224 289 267 369
D20 0.0171 138 369 240 503
D20 0.0167 29 508 128 593
D20 0.0167 0 262 431 521
D20 0.0165 225 274 296 303
D20 0.0164 69 407 153 454
D20 0.0163 459 529 563 600
D20 0.0160 229 291 288 316
D20 0.0160 430 402 522 447
D20 0.0158 121 439 211 483
D20 0.0158 331 363 381 445
D20 0.0158 232 329 348 416
D20 0.0157 449 454 540 498
D20 0.0156 92 461 189 597
D20 0.0154 244 360 334 518
D20 0.0153 94 386 142 462
D20 0.0153 107 509 249 596
D20 0.0152 333 335 405 395
D20 0.0151 151 360 195 428
D20 0.0151 44 452 126 502
D20 0.0150 159 376 260 419
D20 0.0150 148 406 232 471
D20 0.0150 149 349 217 410
D20 0.0150 294 330 377 451
D20 0.0149 233 315 277 394
D20 0.0147 226 298 335 344
D20 0.0146 171 338 312 541
D20 0.0144 129 418 230 455
D20 0.0144 49 483 99 563
D20 0.0143 184 325 281 451
D20 0.0142 237 273 338 319
D20 0.0142 206 564 303 600
D20 0.0142 44 457 119 578
D20 0.0139 270 281 418 365
D20 0.0139 444 468 534 515
D20 0.0138 292 286 370 327
D20 0.0138 167 427 262 461
D20 0.0137 202 300 241 357
D20 0.0135 154 379 190 416
D20 0.0135 359 390 455 493
D20 0.0135 237 286 273 322
D20 0.0134 192 301 240 330
D20 0.0134 224 337 314 481
D20 0.0133 134 373 198 407
D20 0.0133 207 345 262 405
D20 0.0132 229 284 472 401
D20 0.0132 338 405 394 465
D20 0.0131 122 409 181 452
D20 0.0131 135 393 228 434
D20 0.0130 67 536 148 600
D20 0.0130 46 424 139 468
D20 0.0130 200 537 350 600
D20 0.0130 140 376 188 449
D20 0.0130 0 465 43 536
D20 0.0129 387 362 493 487
D20 0.0129 290 301 600 468
D20 0.0128 190 269 285 320
D20 0.0128 359 425 494 519
D20 0.0127 1 552 137 600
D20 0.0126 27 426 117 500
D20 0.0126 80 455 159 573
D20 0.0126 76 433 131 480
D20 0.0125 151 332 218 389
D20 0.0125 233 566 346 600
D20 0.0125 327 418 404 525
D20 0.0125 0 367 107 512
D20 0.0125 207 364 295 508
D20 0.0125 573 530 600 600
D20 0.0124 321 309 402 357
D20 0.0124 264 305 337 363
D20 0.0124 486 380 600 600
D20 0.0124 182 267 254 372
D20 0.0123 136 275 284 358
D20 0.0123 66 419 119 495
D20 0.0123 230 345 313 390
D20 0.0123 544 485 600 600
D20 0.0123 19 479 86 543
D20 0.0123 289 281 353 311
D20 0.0122 208 361 270 424
D20 0.0120 108 369 170 427
D20 0.0120 73 504 170 600
D20 0.0119 183 330 245 375
D20 0.0118 94 303 250 444
D20 0.0118 242 287 293 335
D20 0.0117 542 549 600 596
D20 0.0117 173 466 262 600
D20 0.0116 319 295 398 334
D20 0.0115 33 465 96 532
D20 0.0115 0 504 67 576
D20 0.0115 110 335 237 401
D20 0.0115 232 301 301 361
D20 0.0115 0 0 146 219
D20 0.0115 455 0 600 218
D20 0.0114 238 273 273 304
D20 0.0114 78 456 140 534
D20 0.0114 0 516 25 598
D20 0.0114 304 300 382 349
D20 0.0113 59 350 163 491
D20 0.0112 0 564 68 600
D20 0.0112 183 294 403 513
D20 0.0110 103 397 151 447
D20 0.0110 180 425 241 476
D20 0.0110 227 386 311 540
D20 0.0109 165 295 251 337
D20 0.0108 140 322 241 377
D20 0.0108 0 253 262 465
D20 0.0108 179 412 244 458
D20 0.0107 219 258 258 329
D20 0.0107 244 302 287 386
D20 0.0105 165 361 215 428
D20 0.0105 375 414 422 470
D20 0.0105 249 273 285 305
D20 0.0105 203 281 258 314
D20 0.0105 134 340 192 398
D20 0.0105 369 540 483 599
D20 0.0105 183 355 244 398
D20 0.0105 393 399 502 545
D20 0.0105 71 270 394 423
D20 0.0103 340 516 433 600
D20 0.0103 107 536 212 599
D20 0.0102 457 376 512 445
D20 0.0102 284 327 332 397
D20 0.0102 256 275 298 356
D20 0.0102 126 394 182 439
D20 0.0101 301 342 346 423
D20 0.0101 244 333 330 384
D20 0.0101 95 556 260 600
D20 0.0100 76 401 127 473
D20 0.0100 162 532 277 600
D40 0.1143 482 513 553 561
D40 0.1105 220 359 270 384
D40 0.1101 370 409 452 455
D40 0.0867 390 426 457 457
D40 0.0851 488 524 579 571
D40 0.0816 480 511 533 546
D40 0.0796 490 525 537 552
D40 0.0716 351 431 416 456
D40 0.0711 325 421 425 456
D40 0.0693 390 411 438 441
D40 0.0674 405 415 446 452
D40 0.0636 195 352 275 387
D40 0.0635 231 505 326 545
D40 0.0632 375 432 439 456
D40 0.0588 363 392 439 441
D40 0.0584 495 535 551 560
D40 0.0530 492 509 596 596
D40 0.0506 484 484 543 549
D40 0.0475 368 422 431 451
D40 0.0463 379 403 433 429
D40 0.0444 472 497 527 554
D40 0.0438 307 338 338 375
D40 0.0430 40 512 96 584
D40 0.0428 484 520 530 572
D40 0.0422 495 492 567 561
D40 0.0417 345 423 408 450
D40 0.0404 485 501 522 537
D40 0.0394 216 395 438 481
D40 0.0391 480 532 556 583
D40 0.0379 236 425 297 445
D40 0.0376 51 519 86 556
D40 0.0374 501 526 562 553
D40 0.0369 280 470 407 512
D40 0.0366 302 430 412 466
D40 0.0365 349 539 479 584
D40 0.0361 527 521 592 576
D40 0.0359 273 500 318 544
D40 0.0357 240 429 307 456
D40 0.0356 203 365 265 388
D40 0.0352 232 352 262 387
D40 0.0351 211 351 264 378
D40 0.0351 416 567 518 600
D40 0.0346 40 528 96 564
D40 0.0344 487 513 518 560
D40 0.0343 221 517 321 558
D40 0.0340 234 433 318 472
D40 0.0338 495 516 548 543
D40 0.0334 399 393 457 452
D40 0.0325 355 402 510 462
D40 0.0323 416 432 467 456
D40 0.0323 265 456 433 569
D40 0.0323 156 347 305 408
D40 0.0321 396 440 458 462
D40 0.0321 216 418 312 449
D40 0.0318 294 413 407 452
D40 0.0315 371 380 468 451
D40 0.0311 391 399 447 435
D40 0.0310 397 412 479 455
D40 0.0310 183 471 391 567
D40 0.0307 366 439 431 460
D40 0.0306 376 406 425 444
D40 0.0306 330 396 446 459
D40 0.0302 515 529 566 565
D40 0.0302 318 431 394 454
D40 0.0301 401 400 434 447
D40 0.0301 339 438 411 460
D40 0.0297 422 375 508 420
D40 0.0293 261 507 314 535
D40 0.0287 352 399 416 451
D40 0.0287 239 489 330 536
D40 0.0286 477 524 522 549
D40 0.0283 489 506 537 533
D40 0.0278 206 329 292 391
D40 0.0277 285 456 388 500
D40 0.0276 244 441 330 486
D40 0.0275 195 418 422 508
D40 0.0275 559 535 594 580
D40 0.0271 274 333 351 377
D40 0.0270 257 419 294 447
D40 0.0268 415 423 464 449
D40 0.0267 247 515 310 539
D40 0.0266 495 544 552 568
D40 0.0265 229 366 265 400
D40 0.0265 353 556 478 599
D40 0.0259 286 455 349 523
D40 0.0254 43 490 96 560
D40 0.0249 422 575 491 599
D40 0.0249 351 371 411 426
D40 0.0248 501 513 534 561
D40 0.0247 194 502 393 598
D40 0.0247 258 510 349 556
D40 0.0244 447 389 515 424
D40 0.0243 263 424 402 533
D40 0.0243 195 409 358 464
D40 0.0242 347 360 408 400
D40 0.0241 42 515 127 560
D40 0.0240 529 533 588 562
D40 0.0240 171 376 385 457
D40 0.0236 393 393 515 446
D40 0.0235 283 484 322 555
D40 0.0233 569 555 599 593
D40 0.0233 282 347 336 372
D40 0.0232 173 510 270 545
D40 0.0231 260 496 354 541
D40 0.0231 209 362 282 403
D40 0.0226 225 487 295 547
D40 0.0225 295 427 379 456
D40 0.0224 404 551 492 600
D40 0.0224 293 441 398 485
D40 0.0221 220 348 288 382
D40 0.0215 283 399 380 468
D40 0.0215 51 521 116 600
D40 0.0214 241 355 282 384
D40 0.0213 239 462 346 569
D40 0.0212 481 505 510 549
D40 0.0212 409 437 477 466
D40 0.0211 320 548 447 592
D40 0.0211 370 393 425 423
D40 0.0210 421 371 491 405
D40 0.0209 251 442 301 465
D40 0.0209 285 493 307 540
D40 0.0207 226 433 293 453
D40 0.0206 279 514 327 540
D40 0.0205 224 342 270 396
D40 0.0205 359 355 400 388
D40 0.0204 480 491 536 528
D40 0.0203 532 546 597 587
D40 0.0202 252 417 314 467
D40 0.0200 296 465 327 503
D40 0.0200 238 393 345 482
D40 0.0199 445 401 538 446
D40 0.0199 300 464 443 500
D40 0.0199 334 370 400 407
D40 0.0199 312 373 403 422
D40 0.0198 265 426 300 458
D40 0.0197 242 522 342 570
D40 0.0197 524 520 576 558
D40 0.0195 174 362 322 432
D40 0.0195 511 523 545 571
D40 0.0194 408 425 498 462
D40 0.0193 443 386 502 411
D40 0.0192 349 378 394 416
D40 0.0191 190 518 287 557
D40 0.0190 79 483 164 532
D40 0.0190 214 527 305 572
D40 0.0187 238 416 295 440
D40 0.0187 157 501 263 537
D40 0.0186 48 510 106 548
D40 0.0186 292 492 314 541
D40 0.0186 362 419 398 456
D40 0.0186 509 430 595 479
D40 0.0185 330 424 376 455
D40 0.0185 158 558 270 598
D40 0.0184 308 415 432 483
D40 0.0182 550 562 595 590
D40 0.0182 248 325 333 391
D40 0.0182 291 330 329 370
D40 0.0181 508 509 553 548
D40 0.0181 456 512 521 544
D40 0.0181 301 355 348 378
D40 0.0180 48 521 75 577
D40 0.0180 48 473 136 527
D40 0.0180 299 464 362 508
D40 0.0179 494 549 571 586
D40 0.0179 210 331 325 414
D40 0.0179 169 460 308 583
D40 0.0179 151 387 304 450
D40 0.0178 445 514 530 560
D40 0.0178 210 419 345 544
D40 0.0177 246 510 287 543
D40 0.0177 393 417 424 458
D40 0.0176 540 541 592 573
D40 0.0175 383 418 413 458
D40 0.0175 147 517 254 554
D40 0.0175 317 480 467 518
D40 0.0174 131 509 238 543
D40 0.0173 278 430 377 476
D40 0.0173 209 515 288 544
D40 0.0173 243 416 347 452
D40 0.0173 200 426 358 488
D40 0.0173 231 396 357 443
D40 0.0171 55 526 111 549
D40 0.0171 331 436 427 472
D40 0.0171 284 432 324 521
D40 0.0170 0 499 29 537
D40 0.0169 296 557 409 599
D40 0.0168 435 428 471 459
D40 0.0168 2 492 38 529
D40 0.0167 202 555 294 599
D40 0.0167 225 434 316 597
D40 0.0166 293 343 379 387
D40 0.0166 222 460 383 536
D40 0.0165 290 364 385 410
D40 0.0164 329 532 457 573
D40 0.0164 137 538 245 580
D40 0.0164 325 301 376 325
D40 0.0164 298 392 396 441
D40 0.0163 267 419 347 494
D40 0.0163 231 459 329 507
D40 0.0162 278 465 334 544
D40 0.0162 19 487 105 580
D40 0.0161 333 349 392 395
D40 0.0161 52 497 85 540
D40 0.0160 129 455 361 542
D40 0.0160 227 536 328 582
D40 0.0160 286 419 368 450
D40 0.0159 194 570 265 600
D40 0.0159 297 458 326 535
D40 0.0158 105 567 216 600
D40 0.0158 295 471 353 496
D40 0.0158 461 434 556 476
D40 0.0158 85 503 183 547
D40 0.0157 218 370 322 458
D40 0.0157 302 539 426 581
D40 0.0156 116 445 196 493
D40 0.0156 246 525 309 548
D40 0.0156 446 444 538 487
D40 0.0155 258 445 293 479
D40 0.0155 373 338 465 380
D40 0.0155 221 479 322 524
D40 0.0155 459 414 557 456
D40 0.0155 265 424 321 446
D40 0.0154 269 380 352 452
D40 0.0154 549 447 598 498
D40 0.0154 191 518 250 540
D40 0.0153 60 522 92 574
D40 0.0153 24 455 113 540
D40 0.0152 352 415 461 476
D40 0.0152 273 471 373 553
D40 0.0152 281 459 353 491
D40 0.0152 277 385 381 429
D40 0.0152 238 441 300 504
D40 0.0152 97 453 177 506
D40 0.0152 311 294 390 334
D40 0.0152 281 521 345 596
D40 0.0151 418 467 517 514
D40 0.0151 183 385 322 489
D40 0.0151 214 405 286 466
D40 0.0151 162 526 262 568
D40 0.0151 12 472 85 559
D40 0.0149 248 412 320 443
D40 0.0149 315 293 366 317
D40 0.0149 9 531 91 590
D40 0.0149 462 402 519 429
D40 0.0148 210 312 246 346
D40 0.0148 204 488 270 545
D40 0.0146 175 433 228 457
D40 0.0146 417 401 449 449
D40 0.0146 127 418 343 497
D40 0.0145 252 481 306 548
D40 0.0144 298 380 374 413
D40 0.0144 64 528 105 564
D40 0.0144 501 532 536 582
D40 0.0144 231 555 345 598
D40 0.0143 343 406 386 444
D40 0.0143 223 413 320 507
D40 0.0142 2 572 85 600
D40 0.0142 237 531 315 563
D40 0.0142 236 446 302 478
D40 0.0141 483 424 581 469
D40 0.0141 85 524 187 573
D40 0.0141 344 385 383 427
D40 0.0140 288 456 319 493
D40 0.0140 223 507 273 549
D40 0.0140 415 412 456 461
D40 0.0140 309 451 433 490
D40 0.0139 158 522 325 592
D40 0.0139 30 536 88 575
D40 0.0138 230 494 308 573
D40 0.0138 122 526 226 570
D40 0.0138 74 464 143 516
D40 0.0138 443 486 528 532
D40 0.0137 0 489 83 533
D40 0.0137 260 448 309 498
D40 0.0136 207 527 273 596
D40 0.0136 146 492 255 526
D40 0.0135 269 493 306 531
D40 0.0135 324 566 439 600
D40 0.0135 267 410 300 443
D40 0.0135 432 560 478 597
D40 0.0134 336 378 374 415
D40 0.0134 234 346 346 440
D40 0.0134 229 527 288 548
D40 0.0133 273 340 353 413
D40 0.0133 53 481 88 524
D40 0.0132 276 417 309 449
D40 0.0132 475 505 521 588
D40 0.0131 312 425 351 457
D40 0.0131 238 521 275 553
D40 0.0131 132 357 177 381
D40 0.0131 116 547 228 592
D40 0.0130 0 483 30 521
D40 0.0130 340 496 484 535
D40 0.0130 381 441 474 475
D40 0.0129 540 530 579 583
D40 0.0129 106 475 161 524
D40 0.0129 279 483 406 533
D40 0.0129 132 451 172 490
D40 0.0129 349 348 393 379
D40 0.0129 311 440 379 461
D40 0.0128 329 344 371 377
D40 0.0128 194 383 271 450
D40 0.0128 381 571 483 600
D40 0.0128 0 443 130 518
D40 0.0127 253 455 323 539
D40 0.0127 67 545 171 597
D40 0.0127 543 436 590 472
D40 0.0127 241 399 307 449
D40 0.0126 269 429 315 477
D40 0.0126 423 449 512 490
D40 0.0126 374 524 443 600
D40 0.0125 350 396 395 437
D40 0.0125 222 437 297 466
D40 0.0125 430 420 459 460
D40 0.0125 397 479 497 524
D40 0.0125 53 529 84 589
D40 0.0124 191 421 226 450
D40 0.0123 295 457 315 515
D40 0.0123 346 518 482 559
D40 0.0121 0 472 51 531
D40 0.0121 262 377 354 419
D40 0.0121 239 500 273 538
D40 0.0121 503 492 536 544
D40 0.0120 130 436 202 471
D40 0.0120 0 506 46 530
D40 0.0120 228 369 298 400
D40 0.0120 479 527 515 565
D40 0.0120 103 535 206 584
D40 0.0119 371 390 407 444
D40 0.0119 277 515 385 559
D40 0.0119 323 329 410 377
D40 0.0119 355 414 410 468
D40 0.0119 219 513 256 544
D40 0.0118 209 527 268 548
D40 0.0118 174 405 251 467
D40 0.0118 304 479 396 503
D40 0.0118 44 492 133 544
D40 0.0118 204 374 260 399
D40 0.0118 194 498 245 539
D40 0.0117 412 442 501 479
D40 0.0117 461 412 522 439
D40 0.0117 504 505 556 532
D40 0.0117 328 309 409 355
D40 0.0116 199 345 246 378
D40 0.0116 443 555 504 599
D40 0.0116 288 548 355 600
D40 0.0116 44 542 91 567
D40 0.0115 377 524 494 575
D40 0.0115 565 453 600 491
D40 0.0115 116 515 213 558
D40 0.0115 51 537 117 574
D40 0.0114 175 536 268 584
D40 0.0114 279 523 328 548
D40 0.0114 375 354 418 386
D40 0.0114 427 526 485 600
D40 0.0114 464 507 514 533
D40 0.0113 317 457 382 520
D40 0.0113 161 380 200 415
D40 0.0113 231 508 288 533
D40 0.0112 301 464 364 487
D40 0.0112 372 425 405 459
D40 0.0111 436 394 497 419
D40 0.0111 206 446 299 548
D40 0.0111 37 528 71 568
D40 0.0111 1 511 25 566
D40 0.0111 314 401 375 447
D40 0.0111 165 472 265 563
D40 0.0111 108 488 180 540
D40 0.0111 217 471 278 529
D40 0.0110 369 347 408 379
D40 0.0110 169 418 301 533
D40 0.0110 288 386 342 409
D40 0.0110 301 340 330 385
D40 0.0109 216 372 300 419
D40 0.0109 334 310 387 333
D40 0.0109 418 409 487 445
D40 0.0108 468 391 528 438
D40 0.0108 292 506 317 556
D40 0.0108 154 389 223 422
D40 0.0108 280 462 330 484
D40 0.0108 276 445 311 482
D40 0.0108 181 509 241 532
D40 0.0108 199 428 236 458
D40 0.0108 379 504 492 548
D40 0.0108 272 500 322 585
D40 0.0107 215 355 249 393
D40 0.0107 322 473 376 507
D40 0.0107 431 398 503 435
D40 0.0107 277 411 354 442
D40 0.0107 469 425 534 462
D40 0.0107 186 482 253 533
D40 0.0106 266 427 340 458
D40 0.0106 291 480 377 518
D40 0.0106 302 297 363 329
D40 0.0106 320 433 362 465
D40 0.0106 58 560 140 598
D40 0.0105 293 404 358 510
D40 0.0105 140 430 218 461
D40 0.0105 282 470 332 492
D40 0.0104 227 421 269 447
D40 0.0104 72 574 144 598
D40 0.0104 305 416 340 450
D40 0.0104 262 398 327 451
D40 0.0104 293 359 359 394
D40 0.0104 200 499 265 573
D40 0.0104 559 439 593 487
D40 0.0104 119 348 191 390
D40 0.0103 438 581 505 600
D40 0.0103 58 497 109 575
D40 0.0103 140 423 182 453
D40 0.0103 5 489 58 516
D40 0.0103 288 400 366 434
D40 0.0103 282 372 350 405
D40 0.0103 433 379 477 414
D40 0.0102 230 534 282 586
D40 0.0102 290 438 336 493
D40 0.0101 204 531 275 562
D40 0.0101 185 441 333 513
D40 0.0101 305 439 360 490
D40 0.0100 458 431 506 457
D40 0.0100 136 493 256 583
D40 0.0100 469 419 516 449
D40 0.0100 231 481 261 516
