D00 0.1082 279 428 335 524
D00 0.0946 281 414 323 498
D00 0.0823 280 438 307 490
D00 0.0768 254 416 354 530
D00 0.0748 270 425 302 492
D00 0.0697 289 438 318 491
D00 0.0683 263 446 292 494
D00 0.0652 293 430 331 497
D00 0.0652 294 440 353 537
D00 0.0645 258 439 318 497
D00 0.0532 301 448 339 513
D00 0.0523 292 408 316 474
D00 0.0519 264 458 312 488
D00 0.0495 297 402 327 484
D00 0.0472 284 408 306 475
D00 0.0462 279 452 331 503
D00 0.0437 257 450 304 481
D00 0.0427 292 396 315 447
D00 0.0425 308 438 335 495
D00 0.0423 303 476 343 545
D00 0.0370 267 462 347 526
D00 0.0364 277 389 313 480
D00 0.0364 284 432 387 528
D00 0.0354 276 429 364 495
D00 0.0353 314 466 345 517
D00 0.0346 308 504 339 549
D00 0.0345 241 418 319 511
D00 0.0341 313 480 363 556
D00 0.0340 283 396 307 446
D00 0.0323 306 425 349 511
D00 0.0319 255 444 284 490
D00 0.0309 279 449 322 482
D00 0.0306 248 453 298 503
D00 0.0306 286 458 330 488
D00 0.0293 305 459 364 523
D00 0.0287 308 525 358 550
D00 0.0286 295 470 335 510
D00 0.0273 275 409 298 473
D00 0.0273 319 511 359 549
D00 0.0268 302 494 330 544
D00 0.0267 286 400 322 461
D00 0.0260 452 422 600 501
D00 0.0257 304 516 350 545
D00 0.0254 320 469 357 534
D00 0.0252 300 397 324 445
D00 0.0240 267 409 345 480
D00 0.0239 350 406 407 428
D00 0.0238 310 411 334 470
D00 0.0237 500 448 599 504
D00 0.0232 256 467 305 495
D00 0.0225 297 416 326 458
D00 0.0225 310 491 350 528
D00 0.0220 245 437 298 484
D00 0.0214 265 422 291 481
D00 0.0212 284 468 333 549
D00 0.0207 267 452 305 513
D00 0.0207 279 393 310 426
D00 0.0204 336 506 365 552
D00 0.0203 304 477 347 508
D00 0.0195 491 435 600 539
D00 0.0192 290 497 350 552
D00 0.0192 550 457 600 507
D00 0.0189 438 422 489 450
D00 0.0187 312 522 380 554
D00 0.0185 263 462 290 510
D00 0.0184 266 441 306 471
D00 0.0183 360 403 430 430
D00 0.0181 351 397 405 421
D00 0.0180 326 458 353 512
D00 0.0180 325 501 386 557
D00 0.0179 447 414 496 458
D00 0.0174 322 398 382 421
D00 0.0174 290 444 344 485
D00 0.0173 274 433 327 477
D00 0.0171 419 412 485 445
D00 0.0171 240 448 282 482
D00 0.0171 274 396 299 443
D00 0.0171 347 507 374 554
D00 0.0171 245 387 385 509
D00 0.0169 304 467 346 498
D00 0.0168 237 439 288 511
D00 0.0167 535 422 600 500
D00 0.0166 281 461 310 510
D00 0.0165 255 463 281 510
D00 0.0164 447 429 515 462
D00 0.0162 302 393 341 471
D00 0.0160 515 468 600 512
D00 0.0160 297 454 355 492
D00 0.0160 257 398 298 493
D00 0.0160 324 400 413 431
D00 0.0159 307 501 365 541
D00 0.0158 317 430 343 486
D00 0.0156 337 486 363 538
D00 0.0156 184 440 218 503
D00 0.0155 219 414 303 489
D00 0.0154 386 406 445 429
D00 0.0153 291 474 322 523
D00 0.0152 170 433 229 495
D00 0.0152 284 392 324 435
D00 0.0149 544 445 599 534
D00 0.0149 332 460 367 522
D00 0.0148 298 411 382 485
D00 0.0146 441 432 561 484
D00 0.0146 438 432 492 458
D00 0.0145 292 404 336 427
D00 0.0143 427 415 574 472
D00 0.0142 568 472 600 510
D00 0.0139 313 457 401 532
D00 0.0139 485 442 576 489
D00 0.0139 194 428 285 497
D00 0.0138 360 413 415 435
D00 0.0136 299 519 334 551
D00 0.0136 456 438 526 468
D00 0.0135 197 439 223 489
D00 0.0134 267 402 306 458
D00 0.0134 345 392 426 427
D00 0.0132 377 398 432 422
D00 0.0132 245 454 274 504
D00 0.0131 573 523 599 573
D00 0.0130 333 517 380 547
D00 0.0129 540 469 594 497
D00 0.0128 263 396 308 419
D00 0.0128 305 407 337 445
D00 0.0127 398 405 473 434
D00 0.0127 336 410 406 436
D00 0.0126 524 455 595 493
D00 0.0126 289 412 467 528
D00 0.0124 454 423 505 452
D00 0.0124 468 435 534 491
D00 0.0124 295 451 382 502
D00 0.0124 292 495 320 544
D00 0.0123 290 438 329 469
D00 0.0123 351 520 386 556
D00 0.0123 299 398 351 420
D00 0.0122 213 394 424 546
D00 0.0122 189 425 250 485
D00 0.0121 573 448 599 501
D00 0.0121 413 422 499 463
D00 0.0119 270 475 357 560
D00 0.0119 183 437 220 474
D00 0.0119 161 450 220 508
D00 0.0119 566 502 600 581
D00 0.0119 173 445 213 483
D00 0.0118 340 402 382 429
D00 0.0118 212 419 245 452
D00 0.0117 244 455 307 541
D00 0.0116 314 442 364 493
D00 0.0115 563 427 600 520
D00 0.0115 255 424 282 478
D00 0.0115 551 488 599 514
D00 0.0114 450 409 478 452
D00 0.0113 315 430 405 497
D00 0.0112 303 488 385 536
D00 0.0110 386 414 530 467
D00 0.0110 476 446 546 480
D00 0.0110 203 431 235 496
D00 0.0110 515 413 594 482
D00 0.0109 445 442 502 464
D00 0.0109 178 457 206 504
D00 0.0108 552 431 598 484
D00 0.0108 313 475 379 512
D00 0.0108 143 434 223 480
D00 0.0108 378 413 434 435
D00 0.0108 260 436 371 590
D00 0.0107 202 427 237 463
D00 0.0107 314 534 367 555
D00 0.0107 198 455 222 505
D00 0.0107 506 464 578 501
D00 0.0106 294 411 333 437
D00 0.0106 240 396 310 472
D00 0.0105 481 442 538 467
D00 0.0105 196 423 243 448
D00 0.0104 265 403 289 455
D00 0.0104 445 449 560 500
D00 0.0103 265 403 308 428
D00 0.0103 472 434 527 460
D00 0.0103 132 494 176 568
D00 0.0103 217 422 241 469
D00 0.0103 280 398 373 447
D00 0.0102 346 486 391 565
D00 0.0102 221 411 254 444
D00 0.0101 475 421 544 475
D00 0.0101 336 424 572 518
D00 0.0101 178 390 325 508
D00 0.0101 149 423 251 501
D00 0.0101 314 401 350 430
D10 0.0366 246 452 301 479
D10 0.0287 280 467 329 495
D10 0.0267 300 487 343 512
D10 0.0249 291 477 336 506
D10 0.0233 236 458 294 485
D10 0.0230 302 496 346 521
D10 0.0223 224 452 286 476
D10 0.0218 242 489 296 511
D10 0.0218 254 478 305 504
D10 0.0209 322 405 384 426
D10 0.0208 272 488 327 512
D10 0.0196 233 444 293 470
D10 0.0188 265 471 334 507
D10 0.0186 248 467 299 496
D10 0.0185 256 442 301 471
D10 0.0182 316 399 407 431
D10 0.0178 254 476 344 521
D10 0.0175 308 506 353 536
D10 0.0168 284 498 334 521
D10 0.0167 235 479 289 505
D10 0.0164 321 489 371 513
D10 0.0164 225 478 316 517
D10 0.0162 304 459 348 485
D10 0.0154 334 453 395 474
D10 0.0152 215 486 290 513
D10 0.0147 306 491 364 526
D10 0.0146 309 396 381 423
D10 0.0132 305 450 351 477
D10 0.0131 261 498 315 519
D10 0.0125 301 480 389 525
D10 0.0122 303 446 404 487
D10 0.0121 333 413 392 434
D10 0.0115 229 484 333 536
D10 0.0113 322 506 369 534
D10 0.0111 214 443 270 468
D10 0.0109 138 480 190 504
D10 0.0109 331 498 382 518
D10 0.0107 312 468 359 497
D10 0.0104 304 456 371 490
D10 0.0104 242 498 295 518
D10 0.0103 269 504 358 552
D10 0.0101 340 490 397 512
D10 0.0100 323 460 378 483
D20 0.0818 251 426 337 519
D20 0.0787 179 432 348 510
D20 0.0684 241 448 322 495
D20 0.0537 269 426 373 542
D20 0.0442 262 454 340 503
D20 0.0423 301 485 359 551
D20 0.0408 294 464 349 534
D20 0.0343 248 422 452 524
D20 0.0309 227 449 305 482
D20 0.0289 218 438 309 506
D20 0.0274 224 443 407 547
D20 0.0258 285 444 424 513
D20 0.0249 248 432 297 499
D20 0.0246 292 459 385 550
D20 0.0245 241 408 383 507
D20 0.0244 128 419 369 529
D20 0.0236 304 521 364 552
D20 0.0227 301 507 386 553
D20 0.0226 231 406 565 536
D20 0.0220 239 456 304 514
D20 0.0216 220 410 329 493
D20 0.0213 207 464 326 516
D20 0.0208 284 470 340 510
D20 0.0206 269 483 352 541
D20 0.0193 177 461 350 541
D20 0.0181 266 449 504 550
D20 0.0178 297 491 351 527
D20 0.0176 276 409 443 488
D20 0.0170 266 466 334 527
D20 0.0156 329 439 425 476
D20 0.0151 202 454 600 600
D20 0.0149 0 0 408 294
D20 0.0146 167 0 600 294
D20 0.0146 303 486 408 543
D20 0.0145 66 403 485 562
D20 0.0138 265 507 356 550
D20 0.0138 117 426 301 501
D20 0.0138 0 311 408 600
D20 0.0137 164 449 286 503
D20 0.0136 302 393 392 425
D20 0.0133 167 311 600 600
D20 0.0133 0 118 290 600
D20 0.0129 312 118 600 600
D20 0.0128 0 0 146 221
D20 0.0126 455 0 600 223
D20 0.0124 196 436 299 478
D20 0.0123 0 455 235 600
D20 0.0122 320 431 470 488
D20 0.0121 0 0 600 434
D20 0.0120 259 419 333 481
D20 0.0115 329 453 424 489
D20 0.0112 252 444 342 580
D20 0.0111 0 145 600 600
D20 0.0110 385 0 600 146
D20 0.0110 418 412 600 600
D20 0.0110 239 469 320 538
D20 0.0103 0 0 263 179
D20 0.0101 39 438 325 556
D20 0.0100 284 396 408 455
D40 0.0605 358 453 422 475
D40 0.0377 341 446 433 479
D40 0.0265 288 467 332 496
D40 0.0212 364 460 428 481
D40 0.0177 366 442 410 473
D40 0.0157 386 449 427 477
D40 0.0138 353 449 391 477
D40 0.0108 358 454 401 483
