D00 0.0440 508 451 599 600
D00 0.0343 487 378 595 569
D00 0.0342 1 550 28 598
D00 0.0327 543 478 596 589
D00 0.0277 452 406 572 591
D00 0.0271 0 536 49 600
D00 0.0252 543 398 588 500
D00 0.0250 524 500 584 596
D00 0.0238 533 414 600 540
D00 0.0234 367 437 391 487
D00 0.0234 534 552 583 599
D00 0.0232 516 441 593 508
D00 0.0218 542 458 592 545
D00 0.0216 539 573 591 599
D00 0.0215 358 432 383 479
D00 0.0212 547 393 590 427
D00 0.0211 0 506 33 596
D00 0.0209 540 399 590 445
D00 0.0194 551 525 599 600
D00 0.0194 519 471 590 561
D00 0.0181 359 425 397 496
D00 0.0179 557 371 596 428
D00 0.0178 0 561 43 594
D00 0.0175 351 406 390 485
D00 0.0175 0 539 29 580
D00 0.0174 542 367 598 455
D00 0.0174 0 507 97 598
D00 0.0171 503 482 570 589
D00 0.0163 558 398 592 471
D00 0.0160 532 568 571 600
D00 0.0157 349 431 374 478
D00 0.0156 466 397 567 438
D00 0.0156 504 543 596 597
D00 0.0155 558 476 595 551
D00 0.0155 518 564 600 600
D00 0.0155 218 342 237 397
D00 0.0150 495 392 577 487
D00 0.0148 574 513 598 563
D00 0.0146 556 405 593 440
D00 0.0145 565 505 600 587
D00 0.0142 571 385 598 430
D00 0.0141 342 391 379 482
D00 0.0140 1 571 56 598
D00 0.0140 528 379 593 424
D00 0.0137 1 391 26 438
D00 0.0135 480 512 595 596
D00 0.0133 532 407 583 462
D00 0.0132 340 525 379 600
D00 0.0131 515 528 569 600
D00 0.0130 349 442 391 469
D00 0.0130 209 351 231 406
D00 0.0130 383 364 583 600
D00 0.0129 562 426 600 525
D00 0.0129 201 335 238 417
D00 0.0127 547 436 586 490
D00 0.0126 505 388 577 430
D00 0.0126 497 457 582 532
D00 0.0124 76 528 123 600
D00 0.0123 1 488 56 588
D00 0.0123 375 437 399 488
D00 0.0122 555 559 594 596
D00 0.0121 350 437 392 518
D00 0.0120 0 552 92 600
D00 0.0117 2 347 54 445
D00 0.0115 473 462 575 575
D00 0.0115 364 429 392 466
D00 0.0114 553 416 580 479
D00 0.0113 218 360 238 412
D00 0.0113 510 402 575 446
D00 0.0112 535 542 564 596
D00 0.0112 341 438 386 484
D00 0.0111 354 452 387 490
D00 0.0110 326 447 399 600
D00 0.0110 453 406 561 504
D00 0.0110 10 481 150 596
D00 0.0110 535 466 587 512
D00 0.0110 567 392 600 451
D00 0.0110 190 308 227 394
D00 0.0109 93 528 141 600
D00 0.0107 45 534 113 600
D00 0.0106 254 339 296 412
D00 0.0106 165 575 216 599
D00 0.0106 573 529 598 585
D00 0.0105 412 368 466 392
D00 0.0105 254 352 279 402
D00 0.0105 556 448 593 486
D00 0.0105 215 318 241 388
D00 0.0105 476 441 567 509
D00 0.0105 368 404 405 486
D00 0.0104 494 571 572 600
D00 0.0103 9 354 166 582
D00 0.0103 336 408 393 532
D00 0.0103 198 324 221 381
D00 0.0102 205 316 232 388
D00 0.0101 358 409 381 467
D00 0.0101 488 525 534 600
D00 0.0100 451 379 525 433
D00 0.0100 523 581 577 600
D10 0.1114 537 469 594 488
D10 0.0887 527 462 600 493
D10 0.0554 538 404 591 428
D10 0.0423 548 396 594 424
D10 0.0419 520 395 599 436
D10 0.0418 488 451 591 498
D10 0.0368 504 430 592 489
D10 0.0308 542 475 591 499
D10 0.0303 514 463 579 487
D10 0.0285 541 452 589 483
D10 0.0272 464 430 600 521
D10 0.0263 522 467 596 511
D10 0.0258 548 411 594 436
D10 0.0247 540 385 592 414
D10 0.0211 512 407 586 441
D10 0.0211 565 469 600 492
D10 0.0180 540 376 594 399
D10 0.0160 474 467 578 518
D10 0.0159 489 401 579 433
D10 0.0156 497 467 574 499
D10 0.0152 509 369 600 413
D10 0.0151 132 499 180 524
D10 0.0146 558 452 600 481
D10 0.0145 514 452 576 480
D10 0.0145 6 524 118 588
D10 0.0144 242 350 294 375
D10 0.0142 471 407 583 473
D10 0.0141 504 396 579 421
D10 0.0134 535 529 596 563
D10 0.0134 251 357 301 382
D10 0.0132 358 442 397 468
D10 0.0132 502 387 577 410
D10 0.0131 419 369 476 393
D10 0.0129 382 404 435 428
D10 0.0129 568 404 600 429
D10 0.0129 349 449 391 477
D10 0.0129 552 534 596 557
D10 0.0128 469 406 566 446
D10 0.0127 259 350 311 375
D10 0.0126 532 364 598 395
D10 0.0125 494 344 592 396
D10 0.0124 0 548 73 587
D10 0.0124 504 417 578 450
D10 0.0122 507 525 596 575
D10 0.0121 139 506 187 531
D10 0.0121 499 413 569 437
D10 0.0117 489 535 577 583
D10 0.0117 532 421 581 445
D10 0.0116 104 491 192 531
D10 0.0116 408 370 497 405
D10 0.0114 234 357 284 382
D10 0.0114 357 459 398 486
D10 0.0112 512 481 591 544
D10 0.0111 514 477 571 503
D10 0.0110 340 442 387 469
D10 0.0110 389 378 508 423
D10 0.0108 139 495 209 528
D10 0.0107 357 469 400 494
D10 0.0107 308 321 361 343
D10 0.0106 373 397 465 436
D10 0.0103 552 487 595 513
D10 0.0103 234 344 323 386
D10 0.0103 456 431 564 487
D10 0.0102 30 518 122 563
D10 0.0102 140 490 186 517
D10 0.0102 495 544 551 567
D10 0.0100 524 535 578 559
D20 0.0727 453 374 593 434
D20 0.0553 470 378 600 494
D20 0.0409 507 402 600 554
D20 0.0399 502 396 596 437
D20 0.0359 487 363 592 413
D20 0.0323 540 380 600 433
D20 0.0319 512 396 593 485
D20 0.0258 496 380 598 423
D20 0.0253 386 356 569 415
D20 0.0252 516 365 600 454
D20 0.0249 437 338 596 414
D20 0.0244 552 387 596 457
D20 0.0237 533 436 596 491
D20 0.0233 424 378 596 572
D20 0.0233 0 525 146 600
D20 0.0232 210 396 600 587
D20 0.0228 556 392 595 427
D20 0.0218 452 430 600 521
D20 0.0211 0 315 185 412
D20 0.0209 478 486 598 600
D20 0.0205 42 400 492 585
D20 0.0201 385 378 581 485
D20 0.0192 549 453 598 511
D20 0.0182 544 376 600 525
D20 0.0180 375 453 600 600
D20 0.0174 432 349 586 461
D20 0.0171 14 337 213 442
D20 0.0166 0 551 80 599
D20 0.0166 412 365 511 399
D20 0.0162 10 324 159 382
D20 0.0158 397 343 543 399
D20 0.0157 0 0 408 294
D20 0.0155 492 382 577 469
D20 0.0155 302 368 600 526
D20 0.0154 167 0 600 294
D20 0.0145 533 355 600 423
D20 0.0143 0 118 290 600
D20 0.0143 493 325 600 600
D20 0.0142 0 455 220 600
D20 0.0139 567 385 600 441
D20 0.0138 553 419 600 496
D20 0.0135 312 118 600 600
D20 0.0128 0 236 516 600
D20 0.0128 0 0 600 434
D20 0.0127 458 536 592 600
D20 0.0127 480 390 568 441
D20 0.0126 422 383 565 449
D20 0.0125 0 330 115 403
D20 0.0123 128 336 545 533
D20 0.0122 468 424 576 574
D20 0.0120 306 334 393 371
D20 0.0118 454 0 600 220
D20 0.0116 0 370 146 600
D20 0.0115 376 372 525 428
D20 0.0115 503 315 600 438
D20 0.0111 374 0 600 146
D20 0.0109 540 409 600 472
D20 0.0109 0 0 146 220
D20 0.0107 394 272 600 600
D20 0.0106 0 536 27 600
D20 0.0106 0 0 222 147
D20 0.0104 386 0 600 302
D20 0.0103 41 545 158 596
D20 0.0103 0 347 89 446
D40 0.2080 445 371 551 404
D40 0.1218 450 377 526 400
D40 0.0936 437 363 597 417
D40 0.0809 470 370 543 394
D40 0.0701 462 381 554 410
D40 0.0683 478 377 553 400
D40 0.0626 333 349 388 373
D40 0.0517 445 371 512 394
D40 0.0457 460 375 577 431
D40 0.0401 452 385 524 407
D40 0.0392 447 355 539 393
D40 0.0359 426 345 583 402
D40 0.0336 325 342 406 375
D40 0.0301 432 360 529 412
D40 0.0262 555 398 594 431
D40 0.0255 473 363 574 400
D40 0.0228 458 361 526 385
D40 0.0225 493 370 561 408
D40 0.0223 329 341 381 367
D40 0.0223 471 370 509 404
D40 0.0215 444 373 486 401
D40 0.0211 477 366 526 408
D40 0.0196 476 392 566 424
D40 0.0191 537 399 583 432
D40 0.0190 452 387 545 427
D40 0.0183 494 384 584 415
D40 0.0174 408 377 533 422
D40 0.0168 415 371 512 404
D40 0.0158 3 551 36 597
D40 0.0154 427 370 488 394
D40 0.0145 327 345 362 375
D40 0.0144 464 364 499 400
D40 0.0140 502 369 538 407
D40 0.0139 520 358 589 433
D40 0.0137 494 364 528 400
D40 0.0133 347 337 389 368
D40 0.0132 505 365 552 396
D40 0.0122 487 371 536 420
D40 0.0120 478 358 555 388
D40 0.0110 357 344 396 374
D40 0.0109 558 461 591 496
D40 0.0108 346 357 403 377
D40 0.0107 467 396 541 418
D40 0.0107 513 340 594 405
D40 0.0105 454 366 514 425
D40 0.0104 0 550 20 598
D40 0.0101 321 356 373 377
D40 0.0100 526 407 575 440
