D00 0.0390 123 373 150 426
D00 0.0324 116 361 157 433
D00 0.0321 572 335 598 384
D00 0.0317 546 322 600 382
D00 0.0303 345 421 417 600
D00 0.0272 13 373 158 600
D00 0.0263 360 466 397 554
D00 0.0256 461 320 600 600
D00 0.0256 330 279 351 331
D00 0.0248 75 341 251 600
D00 0.0238 100 363 177 530
D00 0.0227 555 343 599 389
D00 0.0226 523 313 600 356
D00 0.0221 70 396 181 596
D00 0.0220 548 329 597 433
D00 0.0217 488 306 586 342
D00 0.0214 334 461 396 600
D00 0.0212 322 280 343 330
D00 0.0212 478 319 563 347
D00 0.0208 512 462 600 600
D00 0.0206 323 272 358 350
D00 0.0206 351 448 388 540
D00 0.0206 360 509 398 600
D00 0.0205 559 325 597 361
D00 0.0200 534 315 600 475
D00 0.0197 534 546 600 600
D00 0.0196 276 325 438 600
D00 0.0196 361 419 406 539
D00 0.0195 565 334 600 415
D00 0.0193 113 396 220 597
D00 0.0188 473 293 529 316
D00 0.0188 149 319 334 600
D00 0.0188 351 482 390 572
D00 0.0188 505 309 600 383
D00 0.0182 108 379 164 444
D00 0.0182 537 320 594 344
D00 0.0180 463 284 518 307
D00 0.0179 517 312 581 336
D00 0.0179 473 309 549 338
D00 0.0178 451 404 567 596
D00 0.0177 376 424 417 500
D00 0.0177 322 263 342 312
D00 0.0177 0 528 44 600
D00 0.0176 0 427 86 600
D00 0.0170 564 529 600 600
D00 0.0169 550 572 598 599
D00 0.0168 321 246 342 285
D00 0.0168 435 280 507 307
D00 0.0166 306 371 408 586
D00 0.0166 330 263 350 313
D00 0.0165 251 384 389 600
D00 0.0163 457 319 532 348
D00 0.0163 434 276 491 298
D00 0.0163 367 418 428 569
D00 0.0162 322 298 359 385
D00 0.0161 339 288 360 338
D00 0.0160 505 321 575 344
D00 0.0159 384 438 410 490
D00 0.0159 527 365 600 572
D00 0.0159 479 297 575 332
D00 0.0158 367 482 391 541
D00 0.0158 338 409 397 554
D00 0.0158 470 327 552 353
D00 0.0158 126 366 174 441
D00 0.0158 149 364 260 580
D00 0.0158 373 332 566 600
D00 0.0157 468 299 536 327
D00 0.0157 115 392 156 424
D00 0.0156 545 506 597 599
D00 0.0155 331 280 368 364
D00 0.0153 367 493 406 584
D00 0.0152 540 329 595 354
D00 0.0152 549 365 595 472
D00 0.0152 0 405 44 484
D00 0.0151 489 322 590 359
D00 0.0151 116 378 165 497
D00 0.0150 342 340 443 553
D00 0.0150 532 286 600 410
D00 0.0150 0 371 84 528
D00 0.0149 426 283 484 304
D00 0.0149 461 287 542 321
D00 0.0149 286 355 320 438
D00 0.0148 114 337 194 498
D00 0.0148 372 530 403 600
D00 0.0147 550 304 600 348
D00 0.0145 462 296 600 364
D00 0.0144 569 315 600 352
D00 0.0144 40 466 159 600
D00 0.0144 288 574 338 599
D00 0.0143 330 304 352 360
D00 0.0143 375 431 402 482
D00 0.0143 0 551 28 599
D00 0.0143 367 413 409 486
D00 0.0142 315 258 350 337
D00 0.0141 513 297 600 335
D00 0.0140 565 298 600 375
D00 0.0139 481 285 538 308
D00 0.0139 474 538 600 600
D00 0.0139 0 553 73 600
D00 0.0138 98 353 182 449
D00 0.0137 316 243 345 272
D00 0.0137 409 300 479 330
D00 0.0136 453 331 516 354
D00 0.0135 294 369 313 428
D00 0.0135 330 318 368 400
D00 0.0135 130 388 157 439
D00 0.0135 569 357 599 395
D00 0.0135 284 458 376 600
D00 0.0135 315 282 374 407
D00 0.0134 0 489 128 600
D00 0.0134 557 419 599 504
D00 0.0134 35 385 162 521
D00 0.0133 363 445 395 524
D00 0.0133 107 426 169 564
D00 0.0133 80 484 197 600
D00 0.0133 335 306 363 378
D00 0.0132 318 288 349 354
D00 0.0132 340 326 378 412
D00 0.0132 185 367 299 582
D00 0.0132 359 465 439 600
D00 0.0132 301 529 345 600
D00 0.0131 372 402 484 598
D00 0.0131 91 406 158 539
D00 0.0129 405 374 530 579
D00 0.0129 367 285 409 363
D00 0.0129 0 573 48 599
D00 0.0129 226 370 339 584
D00 0.0126 115 381 144 430
D00 0.0126 0 431 43 512
D00 0.0126 90 448 157 587
D00 0.0125 305 295 351 400
D00 0.0125 435 356 580 517
D00 0.0124 368 539 392 598
D00 0.0124 488 291 566 318
D00 0.0124 329 326 353 378
D00 0.0123 335 266 363 330
D00 0.0123 216 529 261 600
D00 0.0123 359 482 383 541
D00 0.0122 338 295 388 394
D00 0.0122 428 285 516 321
D00 0.0122 485 303 552 324
D00 0.0121 341 468 383 554
D00 0.0121 417 308 488 337
D00 0.0121 411 289 479 320
D00 0.0120 355 435 384 515
D00 0.0120 376 290 400 339
D00 0.0120 123 402 185 540
D00 0.0120 0 405 342 600
D00 0.0119 0 428 27 480
D00 0.0119 561 562 600 595
D00 0.0119 368 508 391 569
D00 0.0119 441 305 530 341
D00 0.0119 0 378 45 458
D00 0.0118 239 245 292 268
D00 0.0118 518 303 579 327
D00 0.0117 321 480 376 594
D00 0.0117 312 247 334 283
D00 0.0117 352 414 390 498
D00 0.0117 334 343 365 412
D00 0.0117 529 349 584 453
D00 0.0116 78 367 168 470
D00 0.0116 307 310 409 508
D00 0.0116 465 312 524 335
D00 0.0115 330 246 351 286
D00 0.0115 113 383 194 433
D00 0.0114 84 368 155 428
D00 0.0114 325 276 383 335
D00 0.0114 121 383 163 415
D00 0.0113 194 458 272 600
D00 0.0113 317 429 383 576
D00 0.0113 14 401 69 508
D00 0.0113 131 365 212 530
D00 0.0112 351 247 408 266
D00 0.0111 0 96 45 179
D00 0.0111 552 330 586 375
D00 0.0111 383 272 454 300
D00 0.0111 370 454 404 532
D00 0.0111 123 446 165 519
D00 0.0110 0 362 61 481
D00 0.0110 359 278 421 334
D00 0.0110 308 247 356 269
D00 0.0110 366 423 393 473
D00 0.0109 31 443 214 574
D00 0.0109 401 280 475 307
D00 0.0109 343 429 379 522
D00 0.0109 382 265 434 289
D00 0.0108 407 275 467 297
D00 0.0107 364 284 396 344
D00 0.0107 325 336 357 402
D00 0.0107 570 360 600 432
D00 0.0106 115 375 157 402
D00 0.0106 567 439 600 523
D00 0.0106 8 545 118 597
D00 0.0106 129 339 184 430
D00 0.0106 303 574 357 600
D00 0.0105 345 316 375 384
D00 0.0105 226 459 315 600
D00 0.0105 0 485 60 600
D00 0.0104 371 287 404 323
D00 0.0104 115 490 240 600
D00 0.0104 354 375 412 511
D00 0.0104 248 237 302 261
D00 0.0104 316 320 350 382
D00 0.0104 295 337 332 426
D00 0.0104 355 334 384 404
D00 0.0103 434 292 492 315
D00 0.0103 317 258 344 291
D00 0.0103 522 373 589 498
D00 0.0103 515 569 590 600
D00 0.0103 339 334 362 387
D00 0.0103 375 308 400 358
D00 0.0102 359 301 402 377
D00 0.0102 371 256 424 278
D00 0.0102 313 285 477 559
D00 0.0102 507 329 575 352
D00 0.0101 499 279 600 346
D00 0.0101 0 446 27 498
D00 0.0101 332 308 392 442
D00 0.0101 446 321 503 345
D00 0.0101 512 0 600 141
D00 0.0101 345 352 373 419
D00 0.0100 463 276 516 298
D00 0.0100 110 442 304 600
D00 0.0100 437 300 510 328
D10 0.0275 543 348 596 375
D10 0.0264 554 355 598 381
D10 0.0233 516 340 600 380
D10 0.0188 553 337 597 367
D10 0.0170 421 389 512 429
D10 0.0164 429 396 481 418
D10 0.0163 391 307 468 336
D10 0.0156 454 328 532 355
D10 0.0154 153 344 227 376
D10 0.0152 164 318 240 349
D10 0.0150 144 353 217 384
D10 0.0142 356 301 406 325
D10 0.0141 234 415 285 438
D10 0.0140 399 303 460 326
D10 0.0139 392 349 443 373
D10 0.0138 356 310 406 334
D10 0.0136 448 335 522 362
D10 0.0133 114 402 158 428
D10 0.0130 369 387 470 428
D10 0.0129 220 539 365 600
D10 0.0126 363 343 438 375
D10 0.0125 251 413 302 437
D10 0.0124 156 325 230 358
D10 0.0123 213 407 311 446
D10 0.0122 191 321 247 344
D10 0.0122 156 322 212 345
D10 0.0122 119 349 211 394
D10 0.0121 337 301 388 326
D10 0.0121 375 441 419 469
D10 0.0120 337 310 387 334
D10 0.0119 564 364 600 389
D10 0.0118 380 311 437 334
D10 0.0117 380 339 435 364
D10 0.0115 146 349 203 373
D10 0.0115 85 391 168 437
D10 0.0115 0 450 42 477
D10 0.0115 423 385 491 417
D10 0.0115 553 422 598 449
D10 0.0113 243 406 294 432
D10 0.0113 405 392 473 423
D10 0.0113 358 320 407 345
D10 0.0111 362 303 459 346
D10 0.0111 363 393 438 421
D10 0.0111 492 331 593 369
D10 0.0110 522 357 584 379
D10 0.0110 380 302 438 325
D10 0.0110 260 405 311 430
D10 0.0110 210 320 263 343
D10 0.0109 356 292 405 318
D10 0.0109 277 455 378 495
D10 0.0109 120 367 169 391
D10 0.0108 180 328 237 354
D10 0.0108 0 446 165 549
D10 0.0108 538 359 598 392
D10 0.0108 135 358 193 382
D10 0.0108 433 381 537 421
D10 0.0107 0 422 44 448
D10 0.0107 527 420 600 468
D10 0.0107 180 349 236 371
D10 0.0106 520 339 585 364
D10 0.0106 307 415 360 436
D10 0.0106 365 329 416 356
D10 0.0105 68 445 258 574
D10 0.0105 277 257 332 276
D10 0.0104 382 450 427 478
D10 0.0103 554 404 598 430
D10 0.0103 353 328 448 371
D10 0.0103 162 338 220 365
D10 0.0103 160 349 257 388
D10 0.0103 393 357 443 380
D10 0.0102 171 357 228 379
D10 0.0102 362 347 452 390
D10 0.0102 319 347 362 374
D10 0.0102 202 547 309 598
D10 0.0101 358 338 406 363
D10 0.0101 113 391 192 440
D10 0.0101 249 557 343 600
D10 0.0100 417 442 594 578
D10 0.0100 518 534 600 589
D20 0.0316 124 383 543 600
D20 0.0300 547 329 600 386
D20 0.0291 0 383 392 598
D20 0.0256 212 336 599 554
D20 0.0255 51 340 475 551
D20 0.0251 461 302 600 355
D20 0.0218 441 287 595 336
D20 0.0188 341 280 514 346
D20 0.0188 563 346 600 376
D20 0.0174 0 452 221 600
D20 0.0174 0 328 307 537
D20 0.0172 375 452 600 600
D20 0.0167 572 319 600 393
D20 0.0165 455 322 600 403
D20 0.0158 370 269 513 318
D20 0.0157 401 270 488 303
D20 0.0155 371 296 554 358
D20 0.0152 468 288 552 321
D20 0.0151 452 368 600 600
D20 0.0150 555 301 600 422
D20 0.0148 398 288 522 332
D20 0.0147 313 289 478 373
D20 0.0145 0 367 147 600
D20 0.0140 503 331 600 371
D20 0.0140 0 0 408 294
D20 0.0139 421 277 506 309
D20 0.0139 119 308 281 389
D20 0.0138 380 317 600 536
D20 0.0138 167 0 600 294
D20 0.0138 366 286 480 335
D20 0.0136 581 334 600 384
D20 0.0134 414 311 600 374
D20 0.0134 0 364 174 445
D20 0.0127 115 325 236 435
D20 0.0125 0 0 145 214
D20 0.0125 454 0 600 211
D20 0.0123 0 118 290 600
D20 0.0122 320 320 360 397
D20 0.0120 312 118 600 600
D20 0.0120 308 280 382 433
D20 0.0119 352 301 457 354
D20 0.0118 384 276 476 313
D20 0.0118 153 321 248 362
D20 0.0117 314 264 476 335
D20 0.0117 417 306 544 348
D20 0.0117 339 297 428 392
D20 0.0114 355 307 529 383
D20 0.0114 0 0 600 434
D20 0.0112 0 105 45 180
D20 0.0112 287 247 337 269
D20 0.0111 384 261 471 295
D20 0.0109 0 236 516 600
D20 0.0109 359 310 423 369
D20 0.0109 423 270 575 317
D20 0.0109 338 275 432 356
D20 0.0108 0 0 267 178
D20 0.0108 382 304 499 350
D20 0.0108 571 356 600 383
D20 0.0107 325 0 600 177
D20 0.0105 577 343 600 408
D20 0.0105 366 268 454 305
D20 0.0104 287 256 338 276
D20 0.0104 0 267 209 600
D20 0.0103 135 300 261 361
D20 0.0102 486 527 600 600
D20 0.0101 572 337 600 366
D20 0.0100 324 265 404 398
D20 0.0100 0 388 153 490
D20 0.0100 0 476 72 600
D20 0.0100 526 479 600 600
D40 0.0158 426 276 483 298
D40 0.0137 413 277 495 310
