D00 0.0386 323 436 359 534
D00 0.0353 332 466 369 552
D00 0.0338 314 408 350 498
D00 0.0325 570 521 600 557
D00 0.0317 0 305 102 414
D00 0.0312 308 388 379 554
D00 0.0308 274 289 296 340
D00 0.0294 340 482 362 540
D00 0.0292 1 495 27 546
D00 0.0278 0 296 122 360
D00 0.0273 0 349 68 394
D00 0.0262 305 389 341 485
D00 0.0254 0 471 39 553
D00 0.0253 550 517 600 574
D00 0.0248 292 359 364 529
D00 0.0240 277 288 312 374
D00 0.0238 0 361 33 398
D00 0.0236 284 305 305 361
D00 0.0234 331 461 354 524
D00 0.0231 322 435 344 494
D00 0.0231 282 290 306 340
D00 0.0230 0 356 90 410
D00 0.0217 293 325 315 377
D00 0.0217 268 280 302 365
D00 0.0209 286 324 321 412
D00 0.0206 275 304 296 360
D00 0.0203 295 364 330 450
D00 0.0201 573 529 598 582
D00 0.0198 303 380 323 437
D00 0.0195 0 448 57 581
D00 0.0193 13 311 98 354
D00 0.0193 266 284 287 329
D00 0.0193 0 287 102 335
D00 0.0192 0 301 42 325
D00 0.0191 0 306 84 337
D00 0.0191 285 301 323 381
D00 0.0191 565 521 600 600
D00 0.0190 2 336 109 392
D00 0.0190 294 340 314 398
D00 0.0190 0 326 48 400
D00 0.0189 320 385 368 501
D00 0.0188 281 315 308 383
D00 0.0187 534 549 599 600
D00 0.0185 340 484 378 564
D00 0.0184 330 425 390 558
D00 0.0183 0 442 42 523
D00 0.0183 273 278 296 320
D00 0.0181 1 370 27 420
D00 0.0178 312 406 334 468
D00 0.0177 0 355 41 415
D00 0.0175 43 316 108 347
D00 0.0174 347 493 371 547
D00 0.0172 567 494 600 565
D00 0.0171 6 504 34 552
D00 0.0170 0 322 66 433
D00 0.0170 0 503 47 566
D00 0.0170 3 448 40 481
D00 0.0170 299 342 326 418
D00 0.0170 562 514 597 550
D00 0.0169 0 315 79 378
D00 0.0169 15 299 94 330
D00 0.0167 307 383 336 452
D00 0.0161 540 476 600 589
D00 0.0161 0 338 109 529
D00 0.0161 540 573 593 600
D00 0.0160 329 436 352 494
D00 0.0159 322 452 346 514
D00 0.0159 0 354 118 442
D00 0.0157 0 467 98 595
D00 0.0156 274 320 346 488
D00 0.0156 0 437 52 490
D00 0.0156 476 428 511 463
D00 0.0155 0 515 32 543
D00 0.0154 313 425 336 484
D00 0.0153 290 352 318 426
D00 0.0152 1 464 26 522
D00 0.0152 303 351 350 460
D00 0.0151 310 444 385 596
D00 0.0151 0 300 51 344
D00 0.0151 320 407 344 468
D00 0.0150 304 428 347 518
D00 0.0149 291 307 315 360
D00 0.0147 290 356 417 578
D00 0.0146 0 289 32 322
D00 0.0145 564 524 594 569
D00 0.0144 301 334 324 386
D00 0.0143 535 504 600 557
D00 0.0143 493 459 600 572
D00 0.0143 13 480 68 585
D00 0.0142 471 417 530 471
D00 0.0142 481 435 517 471
D00 0.0140 14 319 130 370
D00 0.0140 508 509 600 591
D00 0.0140 52 309 119 341
D00 0.0140 275 285 316 329
D00 0.0138 559 560 596 596
D00 0.0137 532 420 600 568
D00 0.0136 300 397 329 473
D00 0.0135 0 283 59 330
D00 0.0134 0 371 66 422
D00 0.0133 39 311 96 337
D00 0.0132 491 372 596 562
D00 0.0132 255 336 383 551
D00 0.0132 332 491 357 544
D00 0.0131 294 380 316 434
D00 0.0131 278 301 335 431
D00 0.0130 293 313 333 390
D00 0.0130 1 314 69 349
D00 0.0128 514 563 589 596
D00 0.0128 0 524 46 600
D00 0.0128 317 362 401 522
D00 0.0126 287 406 339 514
D00 0.0126 337 380 443 564
D00 0.0126 51 328 102 353
D00 0.0125 324 403 358 475
D00 0.0125 573 552 598 599
D00 0.0125 277 281 311 313
D00 0.0125 6 335 76 370
D00 0.0124 5 536 79 600
D00 0.0124 348 509 372 562
D00 0.0124 20 582 80 600
D00 0.0124 337 507 367 548
D00 0.0124 266 292 309 317
D00 0.0124 287 441 368 543
D00 0.0122 302 329 386 480
D00 0.0122 439 358 580 578
D00 0.0121 27 377 144 563
D00 0.0119 279 292 334 358
D00 0.0119 263 288 290 355
D00 0.0118 581 506 600 555
D00 0.0117 10 573 53 600
D00 0.0116 0 448 28 496
D00 0.0116 285 340 306 396
D00 0.0115 481 420 517 455
D00 0.0115 338 454 361 517
D00 0.0114 7 475 33 533
D00 0.0113 7 325 156 466
D00 0.0112 571 502 600 543
D00 0.0112 31 304 153 349
D00 0.0112 2 344 43 382
D00 0.0112 302 338 342 424
D00 0.0111 0 325 199 549
D00 0.0110 0 354 62 474
D00 0.0110 306 460 357 558
D00 0.0110 281 292 328 317
D00 0.0110 267 406 371 581
D00 0.0110 530 360 600 502
D00 0.0110 3 369 51 403
D00 0.0109 310 372 333 429
D00 0.0109 289 292 317 338
D00 0.0109 271 314 300 381
D00 0.0108 315 387 348 452
D00 0.0108 1 381 80 453
D00 0.0108 300 319 325 366
D00 0.0107 0 279 89 317
D00 0.0107 261 280 290 314
D00 0.0107 527 493 586 577
D00 0.0107 556 460 600 552
D00 0.0106 528 533 600 582
D00 0.0105 7 455 35 508
D00 0.0105 475 363 597 466
D00 0.0105 209 454 276 510
D00 0.0105 0 402 84 553
D00 0.0104 3 487 52 539
D00 0.0103 317 354 370 456
D00 0.0103 67 320 123 342
D00 0.0103 269 313 313 415
D00 0.0103 0 506 158 597
D00 0.0103 369 351 429 408
D00 0.0103 0 565 72 600
D00 0.0103 229 354 338 531
D00 0.0102 9 454 48 486
D00 0.0102 511 574 573 599
D00 0.0101 1 519 27 572
D00 0.0101 32 333 99 366
D00 0.0101 547 406 598 507
D00 0.0101 280 284 328 307
D00 0.0101 31 570 86 600
D00 0.0100 347 501 388 585
D00 0.0100 0 299 33 365
D00 0.0100 314 493 373 557
D10 0.0391 0 299 75 328
D10 0.0383 0 362 59 395
D10 0.0278 0 452 46 477
D10 0.0272 2 575 80 600
D10 0.0265 229 485 302 515
D10 0.0261 555 526 599 553
D10 0.0257 526 518 600 560
D10 0.0256 3 516 53 542
D10 0.0254 216 471 333 517
D10 0.0229 4 292 92 320
D10 0.0226 0 374 44 400
D10 0.0222 543 518 597 544
D10 0.0218 0 294 53 319
D10 0.0216 4 459 56 482
D10 0.0215 29 575 105 600
D10 0.0194 229 480 286 506
D10 0.0194 5 549 120 596
D10 0.0191 0 524 42 549
D10 0.0190 0 503 61 540
D10 0.0188 0 444 73 484
D10 0.0188 203 455 312 504
D10 0.0184 1 310 66 334
D10 0.0176 264 496 349 524
D10 0.0175 0 358 39 386
D10 0.0173 194 456 375 526
D10 0.0168 253 490 313 513
D10 0.0164 126 490 180 513
D10 0.0162 22 567 78 593
D10 0.0157 255 499 314 521
D10 0.0155 236 452 343 508
D10 0.0155 111 482 195 521
D10 0.0152 235 491 335 527
D10 0.0152 0 533 177 600
D10 0.0152 545 534 597 559
D10 0.0152 305 340 362 361
D10 0.0150 7 358 66 384
D10 0.0149 69 414 126 437
D10 0.0148 169 465 313 520
D10 0.0144 212 461 267 486
D10 0.0143 482 510 592 560
D10 0.0141 215 466 285 501
D10 0.0139 0 497 40 525
D10 0.0137 326 406 378 430
D10 0.0137 223 477 362 540
D10 0.0137 207 488 297 527
D10 0.0136 188 454 280 493
D10 0.0132 273 488 372 530
D10 0.0132 449 495 600 575
D10 0.0132 62 464 163 500
D10 0.0132 0 514 69 561
D10 0.0131 237 497 295 520
D10 0.0131 61 406 117 431
D10 0.0129 76 412 156 441
D10 0.0128 0 207 48 228
D10 0.0127 54 577 120 597
D10 0.0126 504 563 582 595
D10 0.0125 382 500 476 541
D10 0.0124 305 331 361 354
D10 0.0124 275 508 336 529
D10 0.0122 293 332 383 370
D10 0.0122 482 527 593 581
D10 0.0122 23 564 141 600
D10 0.0122 1 348 48 377
D10 0.0121 320 413 367 438
D10 0.0120 243 477 322 510
D10 0.0120 258 500 359 537
D10 0.0120 5 443 54 471
D10 0.0119 0 565 52 594
D10 0.0119 524 500 600 548
D10 0.0118 145 385 223 414
D10 0.0118 146 450 295 507
D10 0.0118 312 398 398 441
D10 0.0117 382 463 475 503
D10 0.0117 0 523 89 586
D10 0.0117 184 313 235 333
D10 0.0117 117 480 170 505
D10 0.0116 138 472 261 517
D10 0.0114 311 404 357 430
D10 0.0114 293 339 338 362
D10 0.0114 0 198 74 237
D10 0.0113 73 473 172 517
D10 0.0111 44 406 134 443
D10 0.0110 340 500 437 542
D10 0.0110 398 454 497 494
D10 0.0110 12 525 62 549
D10 0.0109 175 340 228 363
D10 0.0108 64 550 176 596
D10 0.0108 391 459 465 488
D10 0.0108 33 401 110 433
D10 0.0107 554 508 597 536
D10 0.0107 0 467 43 493
D10 0.0107 0 488 40 513
D10 0.0107 67 574 151 600
D10 0.0107 97 459 282 531
D10 0.0106 160 395 222 418
D10 0.0106 0 366 28 393
D10 0.0105 401 491 492 534
D10 0.0104 0 318 51 344
D10 0.0104 21 508 75 532
D10 0.0104 0 490 85 537
D10 0.0104 468 450 517 474
D10 0.0104 370 504 449 535
D10 0.0103 185 321 234 343
D10 0.0103 17 461 78 483
D10 0.0103 129 497 178 521
D10 0.0103 445 510 544 551
D10 0.0103 11 512 79 544
D10 0.0102 47 567 107 592
D10 0.0102 552 394 599 421
D10 0.0101 214 499 271 521
D10 0.0101 205 453 255 480
D10 0.0101 0 533 43 559
D20 0.0269 0 303 91 343
D20 0.0251 0 395 400 588
D20 0.0204 0 352 44 420
D20 0.0186 214 393 600 587
D20 0.0162 47 344 479 537
D20 0.0162 0 453 223 600
D20 0.0157 0 301 57 365
D20 0.0155 125 450 541 600
D20 0.0153 514 566 600 600
D20 0.0148 376 454 600 600
D20 0.0147 0 296 65 332
D20 0.0146 0 0 408 294
D20 0.0142 167 0 600 294
D20 0.0130 0 118 290 600
D20 0.0130 0 470 25 548
D20 0.0129 453 367 600 600
D20 0.0129 0 370 146 600
D20 0.0125 0 0 145 215
D20 0.0124 3 582 65 600
D20 0.0123 312 118 600 600
D20 0.0118 200 434 375 520
D20 0.0118 0 0 600 434
D20 0.0116 0 236 516 600
D20 0.0116 451 530 600 600
D20 0.0113 0 376 143 459
D20 0.0112 0 434 49 586
D20 0.0112 454 0 600 218
D20 0.0111 0 367 73 562
D20 0.0108 0 0 270 178
D20 0.0106 0 0 72 113
D20 0.0106 0 320 220 526
D20 0.0106 0 355 23 416
D20 0.0106 379 0 600 146
D20 0.0105 0 526 110 600
D20 0.0104 0 331 28 406
D20 0.0101 312 319 600 530
D20 0.0100 0 285 49 346
D40 0.0149 101 471 152 495
