D00 0.0300 388 241 432 315
D00 0.0290 420 238 595 536
D00 0.0256 395 252 422 304
D00 0.0255 0 416 88 573
D00 0.0254 451 291 565 497
D00 0.0247 509 341 596 491
D00 0.0232 2 459 55 567
D00 0.0231 8 355 161 580
D00 0.0227 301 273 536 587
D00 0.0223 397 250 435 285
D00 0.0214 0 494 43 578
D00 0.0212 233 217 279 245
D00 0.0210 488 259 596 456
D00 0.0210 248 509 284 598
D00 0.0199 396 303 549 555
D00 0.0195 233 283 411 600
D00 0.0195 222 226 273 249
D00 0.0190 152 287 330 593
D00 0.0186 68 323 253 598
D00 0.0184 438 342 581 579
D00 0.0184 344 211 527 501
D00 0.0182 1 520 27 575
D00 0.0182 407 259 530 459
D00 0.0182 402 258 430 311
D00 0.0180 393 251 461 315
D00 0.0179 524 368 581 474
D00 0.0171 97 412 181 576
D00 0.0171 325 259 466 533
D00 0.0170 379 251 422 330
D00 0.0167 260 510 289 586
D00 0.0167 0 462 150 568
D00 0.0166 249 217 297 242
D00 0.0165 490 365 595 562
D00 0.0165 212 349 355 591
D00 0.0165 444 239 565 420
D00 0.0162 496 478 600 598
D00 0.0160 256 519 278 578
D00 0.0159 12 443 71 552
D00 0.0159 248 205 283 240
D00 0.0158 4 489 77 572
D00 0.0158 374 191 425 214
D00 0.0157 0 376 103 507
D00 0.0156 108 370 222 571
D00 0.0156 374 289 489 503
D00 0.0153 387 260 413 312
D00 0.0153 505 316 598 413
D00 0.0151 0 393 62 527
D00 0.0149 491 386 579 491
D00 0.0149 387 237 447 289
D00 0.0148 61 344 185 544
D00 0.0147 486 296 585 391
D00 0.0146 0 440 46 522
D00 0.0145 367 238 436 366
D00 0.0145 0 531 30 596
D00 0.0144 336 576 385 599
D00 0.0143 0 480 105 596
D00 0.0142 568 532 600 600
D00 0.0141 239 225 288 248
D00 0.0140 262 207 288 247
D00 0.0140 298 434 390 594
D00 0.0139 151 368 261 573
D00 0.0139 342 234 423 395
D00 0.0138 3 476 42 548
D00 0.0137 265 374 375 576
D00 0.0136 522 335 582 436
D00 0.0136 404 244 443 276
D00 0.0136 371 236 489 419
D00 0.0135 541 351 597 455
D00 0.0135 260 411 460 591
D00 0.0134 293 230 430 484
D00 0.0133 0 455 105 538
D00 0.0132 469 252 596 370
D00 0.0132 305 271 339 357
D00 0.0132 203 228 258 251
D00 0.0131 31 412 163 545
D00 0.0131 0 271 28 318
D00 0.0131 543 385 596 487
D00 0.0130 395 259 439 339
D00 0.0129 189 334 297 547
D00 0.0128 371 187 406 217
D00 0.0128 544 488 598 588
D00 0.0128 303 334 410 548
D00 0.0126 24 446 223 570
D00 0.0125 506 352 565 459
D00 0.0125 391 274 424 313
D00 0.0125 331 510 371 600
D00 0.0124 0 291 204 530
D00 0.0123 330 388 591 594
D00 0.0123 192 236 246 259
D00 0.0123 0 263 36 339
D00 0.0123 334 373 449 572
D00 0.0123 403 256 445 296
D00 0.0122 0 272 73 318
D00 0.0122 349 309 388 385
D00 0.0122 211 235 265 257
D00 0.0120 482 337 555 471
D00 0.0120 0 413 37 494
D00 0.0120 525 406 580 503
D00 0.0120 114 387 381 600
D00 0.0119 231 435 314 593
D00 0.0119 7 511 35 566
D00 0.0118 419 333 588 450
D00 0.0117 404 233 543 345
D00 0.0117 357 252 411 360
D00 0.0117 24 315 150 502
D00 0.0116 417 373 588 487
D00 0.0114 295 280 330 364
D00 0.0114 134 283 272 532
D00 0.0114 369 373 491 567
D00 0.0114 382 198 436 221
D00 0.0112 317 575 369 599
D00 0.0112 385 214 485 303
D00 0.0112 536 533 600 600
D00 0.0111 358 290 396 378
D00 0.0111 255 531 294 600
D00 0.0111 397 230 474 341
D00 0.0110 227 203 285 251
D00 0.0110 267 294 373 508
D00 0.0109 378 256 561 376
D00 0.0109 448 276 551 371
D00 0.0109 97 355 214 481
D00 0.0109 366 197 414 221
D00 0.0108 4 418 79 500
D00 0.0108 399 235 434 268
D00 0.0108 402 451 591 566
D00 0.0108 0 264 144 351
D00 0.0107 490 337 583 387
D00 0.0107 322 546 380 600
D00 0.0107 533 283 600 403
D00 0.0106 252 214 280 252
D00 0.0106 131 434 218 585
D00 0.0106 410 412 588 526
D00 0.0105 0 544 51 600
D00 0.0105 75 441 166 553
D00 0.0105 9 485 114 546
D00 0.0105 313 279 349 367
D00 0.0105 249 398 332 554
D00 0.0105 0 466 70 525
D00 0.0105 377 248 429 291
D00 0.0104 79 465 199 585
D00 0.0104 227 296 334 507
D00 0.0103 266 205 299 239
D00 0.0103 264 537 286 594
D00 0.0103 470 319 570 372
D00 0.0103 523 506 586 597
D00 0.0103 384 250 454 385
D00 0.0103 381 267 445 306
D00 0.0102 185 244 234 269
D00 0.0102 521 280 584 376
D00 0.0102 362 185 441 220
D00 0.0101 507 426 594 522
D00 0.0101 191 219 368 509
D00 0.0101 8 393 179 490
D00 0.0100 0 523 93 580
D00 0.0100 0 269 52 304
D00 0.0100 339 268 390 378
D00 0.0100 309 568 394 600
D00 0.0100 115 460 167 567
D00 0.0100 359 274 584 432
D00 0.0100 367 182 391 223
D10 0.0649 373 248 433 267
D10 0.0439 357 243 451 276
D10 0.0410 386 253 437 277
D10 0.0393 276 515 356 540
D10 0.0321 374 240 429 263
D10 0.0307 283 511 347 532
D10 0.0272 175 349 268 384
D10 0.0268 260 502 362 538
D10 0.0266 296 508 366 537
D10 0.0265 398 247 448 270
D10 0.0235 364 255 425 276
D10 0.0221 345 232 448 268
D10 0.0211 380 247 457 291
D10 0.0206 186 357 254 379
D10 0.0197 314 517 364 538
D10 0.0187 277 507 378 561
D10 0.0187 269 518 327 538
D10 0.0177 265 480 390 551
D10 0.0177 346 246 442 299
D10 0.0172 394 261 442 290
D10 0.0165 354 238 413 261
D10 0.0160 373 228 469 281
D10 0.0152 148 331 272 393
D10 0.0151 201 275 253 297
D10 0.0150 386 281 435 308
D10 0.0147 391 245 428 273
D10 0.0146 298 444 390 484
D10 0.0143 238 489 394 581
D10 0.0141 394 272 444 300
D10 0.0139 284 423 412 491
D10 0.0138 401 238 449 262
D10 0.0137 333 222 456 288
D10 0.0136 410 291 501 334
D10 0.0133 394 276 465 312
D10 0.0131 344 247 403 267
D10 0.0130 0 277 65 311
D10 0.0129 404 254 458 280
D10 0.0129 260 450 467 573
D10 0.0126 431 300 518 344
D10 0.0124 264 509 314 532
D10 0.0124 305 499 391 544
D10 0.0123 314 435 411 477
D10 0.0122 282 335 600 540
D10 0.0121 0 281 84 327
D10 0.0121 257 217 308 241
D10 0.0117 161 353 233 383
D10 0.0116 321 451 544 569
D10 0.0116 378 375 562 488
D10 0.0116 393 281 486 326
D10 0.0116 278 434 379 475
D10 0.0116 366 282 417 308
D10 0.0116 299 413 398 464
D10 0.0115 300 412 503 533
D10 0.0115 270 557 367 596
D10 0.0115 335 281 431 328
D10 0.0115 201 282 252 305
D10 0.0114 184 451 391 572
D10 0.0113 384 395 472 440
D10 0.0113 394 290 446 316
D10 0.0113 376 290 425 315
D10 0.0112 383 334 562 449
D10 0.0112 280 520 350 553
D10 0.0111 392 269 526 342
D10 0.0111 357 270 448 319
D10 0.0110 55 448 267 568
D10 0.0109 250 509 338 551
D10 0.0109 178 267 261 305
D10 0.0109 358 207 454 264
D10 0.0109 282 393 457 487
D10 0.0108 369 412 563 529
D10 0.0107 522 291 600 339
D10 0.0107 202 379 545 577
D10 0.0107 378 272 427 301
D10 0.0107 371 258 437 296
D10 0.0107 395 278 567 369
D10 0.0106 230 411 421 535
D10 0.0105 0 299 76 346
D10 0.0105 438 310 493 333
D10 0.0104 427 301 484 326
D10 0.0104 199 339 295 387
D10 0.0103 337 368 387 389
D10 0.0103 290 448 365 477
D10 0.0103 229 490 325 541
D10 0.0103 127 339 233 388
D10 0.0102 324 509 372 533
D10 0.0101 314 452 372 472
D10 0.0100 164 353 259 405
D10 0.0100 553 301 600 327
D20 0.0297 53 375 474 587
D20 0.0287 230 297 585 551
D20 0.0250 0 314 395 547
D20 0.0218 17 280 600 595
D20 0.0206 353 232 465 347
D20 0.0195 299 373 600 585
D20 0.0194 361 245 455 300
D20 0.0183 0 409 299 589
D20 0.0180 311 244 600 464
D20 0.0178 362 230 519 320
D20 0.0176 145 259 534 470
D20 0.0166 227 457 586 600
D20 0.0154 380 260 466 311
D20 0.0152 349 223 469 289
D20 0.0151 0 0 408 294
D20 0.0148 167 0 600 294
D20 0.0146 334 204 454 313
D20 0.0145 394 230 439 299
D20 0.0144 422 261 600 563
D20 0.0141 251 491 471 591
D20 0.0139 376 259 546 351
D20 0.0136 0 118 290 600
D20 0.0131 0 363 147 600
D20 0.0131 242 213 304 244
D20 0.0128 312 118 600 600
D20 0.0128 278 438 377 590
D20 0.0128 421 405 600 600
D20 0.0127 0 483 187 589
D20 0.0125 149 473 429 600
D20 0.0125 379 240 426 309
D20 0.0123 0 265 44 339
D20 0.0123 0 0 600 434
D20 0.0121 0 0 209 145
D20 0.0119 0 251 146 332
D20 0.0119 0 403 74 589
D20 0.0116 218 210 292 249
D20 0.0113 390 227 485 368
D20 0.0111 351 249 422 330
D20 0.0111 454 0 600 214
D20 0.0108 350 491 574 591
D20 0.0108 327 221 413 368
D20 0.0108 198 220 278 255
D20 0.0107 259 209 307 236
D20 0.0107 362 201 516 281
D20 0.0106 0 448 107 564
D20 0.0106 453 263 600 362
D20 0.0106 241 203 329 241
D20 0.0105 0 256 307 456
D20 0.0102 0 526 109 600
D40 0.0143 353 331 384 371
D40 0.0123 345 340 380 378
D40 0.0119 184 236 235 260
D40 0.0111 173 230 248 268
D40 0.0109 342 317 394 380
