D00 0.1529 540 404 591 432
D00 0.1435 488 511 598 585
D00 0.1181 517 523 592 576
D00 0.1085 434 492 600 570
D00 0.1081 509 397 598 434
D00 0.1065 348 417 376 463
D00 0.1011 534 530 599 591
D00 0.0970 500 515 581 563
D00 0.0930 389 415 598 575
D00 0.0907 394 471 454 496
D00 0.0871 346 420 393 471
D00 0.0869 346 452 502 503
D00 0.0855 477 387 597 447
D00 0.0771 333 436 446 487
D00 0.0734 371 460 580 534
D00 0.0726 393 470 484 508
D00 0.0705 475 386 525 412
D00 0.0699 495 426 600 579
D00 0.0698 363 465 459 501
D00 0.0644 492 513 569 546
D00 0.0610 463 501 564 540
D00 0.0591 341 422 385 450
D00 0.0590 403 477 467 502
D00 0.0577 561 400 599 435
D00 0.0552 33 371 66 457
D00 0.0549 463 390 598 542
D00 0.0547 373 469 439 494
D00 0.0545 545 542 593 573
D00 0.0528 545 398 599 460
D00 0.0527 482 376 516 409
D00 0.0520 41 386 62 448
D00 0.0519 5 291 78 471
D00 0.0517 506 484 593 560
D00 0.0517 534 532 587 567
D00 0.0506 487 392 582 422
D00 0.0501 397 464 460 525
D00 0.0490 481 384 561 416
D00 0.0467 327 413 412 478
D00 0.0449 549 382 597 441
D00 0.0444 536 492 599 580
D00 0.0437 517 388 600 485
D00 0.0437 331 430 384 459
D00 0.0433 482 394 541 419
D00 0.0427 348 437 415 476
D00 0.0419 516 524 577 556
D00 0.0412 479 508 549 535
D00 0.0411 495 405 594 461
D00 0.0409 440 491 545 533
D00 0.0409 345 411 544 530
D00 0.0405 369 453 495 560
D00 0.0404 21 323 68 447
D00 0.0391 405 479 502 518
D00 0.0385 557 540 600 587
D00 0.0383 4 380 84 532
D00 0.0381 51 450 88 533
D00 0.0367 0 199 65 374
D00 0.0349 354 406 473 496
D00 0.0349 467 393 518 419
D00 0.0346 397 367 600 509
D00 0.0343 385 443 524 517
D00 0.0342 471 379 532 427
D00 0.0340 487 383 514 424
D00 0.0334 59 472 81 527
D00 0.0331 20 388 69 488
D00 0.0329 350 431 403 460
D00 0.0324 530 384 591 421
D00 0.0321 397 469 544 583
D00 0.0318 325 406 388 460
D00 0.0317 374 443 445 500
D00 0.0315 339 411 369 454
D00 0.0313 335 439 462 529
D00 0.0312 541 402 598 517
D00 0.0309 13 282 50 369
D00 0.0307 554 513 596 578
D00 0.0307 271 386 318 413
D00 0.0303 477 380 508 417
D00 0.0303 322 437 395 471
D00 0.0293 457 379 511 403
D00 0.0293 0 275 57 421
D00 0.0289 350 409 402 454
D00 0.0287 412 466 439 509
D00 0.0286 449 472 576 532
D00 0.0285 27 329 90 468
D00 0.0284 5 231 52 349
D00 0.0280 47 397 70 453
D00 0.0280 380 475 438 503
D00 0.0276 346 416 392 441
D00 0.0275 345 395 378 455
D00 0.0275 493 379 522 418
D00 0.0275 520 424 586 545
D00 0.0273 437 411 559 520
D00 0.0273 368 472 448 523
D00 0.0272 541 447 598 561
D00 0.0269 390 431 485 501
D00 0.0267 535 414 596 448
D00 0.0267 417 521 600 600
D00 0.0261 6 244 81 408
D00 0.0253 401 461 481 496
D00 0.0249 4 345 54 458
D00 0.0248 565 530 600 571
D00 0.0247 468 499 536 528
D00 0.0246 26 416 95 539
D00 0.0246 17 427 72 527
D00 0.0243 260 395 310 418
D00 0.0243 485 414 596 494
D00 0.0242 39 387 76 470
D00 0.0241 8 432 122 555
D00 0.0239 518 412 590 435
D00 0.0237 479 399 550 429
D00 0.0237 330 395 434 500
D00 0.0235 408 478 444 516
D00 0.0233 480 505 557 560
D00 0.0233 468 540 585 595
D00 0.0233 423 466 531 527
D00 0.0230 400 449 447 511
D00 0.0230 490 379 547 404
D00 0.0229 512 550 595 599
D00 0.0228 19 253 68 367
D00 0.0228 0 190 123 433
D00 0.0226 436 487 521 520
D00 0.0225 402 399 516 500
D00 0.0223 0 467 107 591
D00 0.0221 549 561 596 589
D00 0.0221 560 407 593 454
D00 0.0220 462 370 520 416
D00 0.0219 562 467 600 569
D00 0.0219 51 463 74 522
D00 0.0218 341 429 370 472
D00 0.0217 412 487 479 511
D00 0.0217 286 385 336 411
D00 0.0216 575 406 600 442
D00 0.0215 403 464 432 502
D00 0.0215 483 397 519 430
D00 0.0214 281 377 327 405
D00 0.0213 25 296 56 361
D00 0.0211 314 445 521 600
D00 0.0208 568 553 600 579
D00 0.0207 498 456 573 553
D00 0.0206 38 412 66 454
D00 0.0206 353 481 600 600
D00 0.0205 354 452 427 502
D00 0.0203 457 386 547 451
D00 0.0202 277 394 326 417
D00 0.0201 355 400 382 445
D00 0.0200 490 361 590 420
D00 0.0198 347 446 386 476
D00 0.0198 362 443 452 600
D00 0.0197 304 371 340 405
D00 0.0196 490 424 575 468
D00 0.0196 528 362 600 453
D00 0.0193 471 401 570 475
D00 0.0192 376 483 485 532
D00 0.0192 482 477 555 542
D00 0.0191 21 303 45 359
D00 0.0190 10 354 114 481
D00 0.0190 562 388 600 485
D00 0.0189 513 398 568 427
D00 0.0189 0 534 53 600
D00 0.0188 514 431 600 478
D00 0.0186 353 394 439 464
D00 0.0186 27 402 90 476
D00 0.0185 533 567 597 600
D00 0.0185 524 345 600 534
D00 0.0184 334 372 395 457
D00 0.0183 40 430 81 520
D00 0.0183 281 385 309 421
D00 0.0183 458 392 510 435
D00 0.0182 524 513 591 550
D00 0.0182 4 212 45 300
D00 0.0178 1 518 134 587
D00 0.0177 343 363 418 474
D00 0.0176 489 439 583 522
D00 0.0176 292 434 448 564
D00 0.0175 22 396 63 451
D00 0.0174 334 360 372 392
D00 0.0174 274 440 314 521
D00 0.0173 488 397 561 451
D00 0.0173 0 490 175 574
D00 0.0172 513 501 575 553
D00 0.0172 456 510 553 585
D00 0.0171 559 419 600 445
D00 0.0170 576 538 600 577
D00 0.0170 306 432 413 503
D00 0.0170 544 525 592 554
D00 0.0167 22 309 60 404
D00 0.0166 387 461 433 513
D00 0.0165 2 408 57 505
D00 0.0165 505 419 582 451
D00 0.0164 417 491 496 526
D00 0.0164 362 344 394 378
D00 0.0164 315 362 352 396
D00 0.0164 345 459 441 555
D00 0.0163 282 466 306 516
D00 0.0162 21 407 144 516
D00 0.0162 325 354 363 386
D00 0.0162 394 481 444 532
D00 0.0162 363 418 409 479
D00 0.0160 15 462 73 564
D00 0.0159 468 370 513 395
D00 0.0159 570 379 600 448
D00 0.0159 383 452 429 485
D00 0.0158 5 431 86 483
D00 0.0158 571 526 600 598
D00 0.0157 536 552 590 579
D00 0.0157 377 339 400 382
D00 0.0157 437 505 538 547
D00 0.0157 417 496 518 539
D00 0.0157 301 433 324 476
D00 0.0156 501 376 578 408
D00 0.0156 317 420 382 488
D00 0.0156 478 401 527 447
D00 0.0156 491 385 529 439
D00 0.0155 564 422 600 536
D00 0.0155 292 433 316 477
D00 0.0155 461 403 523 463
D00 0.0154 298 376 327 415
D00 0.0154 568 394 600 423
D00 0.0153 502 380 534 419
D00 0.0152 506 570 579 600
D00 0.0152 0 554 87 600
D00 0.0152 0 349 123 576
D00 0.0151 43 416 76 484
D00 0.0150 533 507 579 572
D00 0.0149 392 419 437 506
D00 0.0149 51 475 105 538
D00 0.0149 249 387 305 412
D00 0.0148 338 443 406 490
D00 0.0147 413 432 536 492
D00 0.0146 427 456 506 513
D00 0.0145 435 392 505 423
D00 0.0145 328 416 360 459
D00 0.0145 147 539 239 577
D00 0.0144 33 254 145 446
D00 0.0144 460 340 600 469
D00 0.0144 393 498 496 596
D00 0.0144 529 419 592 468
D00 0.0144 274 457 299 509
D00 0.0144 25 474 99 553
D00 0.0143 350 466 420 527
D00 0.0143 275 365 332 414
D00 0.0143 426 476 480 506
D00 0.0142 277 398 311 428
D00 0.0142 259 404 308 425
D00 0.0142 0 439 101 512
D00 0.0141 451 403 503 428
D00 0.0141 571 415 598 470
D00 0.0141 21 571 99 600
D00 0.0139 37 440 169 548
D00 0.0138 228 461 269 547
D00 0.0138 354 423 412 447
D00 0.0137 576 555 600 593
D00 0.0137 324 370 361 403
D00 0.0136 202 509 256 536
D00 0.0136 435 402 514 446
D00 0.0136 415 473 455 535
D00 0.0136 358 402 397 434
D00 0.0136 244 381 323 417
D00 0.0135 336 404 373 435
D00 0.0135 454 384 500 413
D00 0.0135 288 438 319 504
D00 0.0135 497 496 543 533
D00 0.0134 504 429 558 475
D00 0.0134 343 371 379 404
D00 0.0134 40 481 83 533
D00 0.0134 320 416 376 441
D00 0.0134 452 575 512 598
D00 0.0134 365 348 410 374
D00 0.0133 348 388 374 432
D00 0.0133 282 447 307 500
D00 0.0133 495 413 551 458
D00 0.0132 480 356 538 413
D00 0.0132 566 565 600 600
D00 0.0132 526 449 600 495
D00 0.0132 42 440 118 515
D00 0.0132 344 382 379 413
D00 0.0131 291 443 342 467
D00 0.0131 540 538 577 589
D00 0.0131 393 474 449 580
D00 0.0131 295 365 332 398
D00 0.0130 262 378 311 404
D00 0.0130 65 467 90 520
D00 0.0130 480 409 548 440
D00 0.0130 304 353 366 403
D00 0.0129 256 400 526 553
D00 0.0129 1 443 57 545
D00 0.0129 30 456 77 535
D00 0.0129 387 575 447 598
D00 0.0128 3 419 188 581
D00 0.0128 292 362 353 411
D00 0.0128 462 573 540 600
D00 0.0127 173 539 245 597
D00 0.0127 6 573 61 600
D00 0.0126 552 441 600 486
D00 0.0126 452 506 522 532
D00 0.0126 421 374 506 431
D00 0.0126 31 434 133 481
D00 0.0125 446 416 511 515
D00 0.0125 347 378 395 418
D00 0.0125 491 370 546 428
D00 0.0125 413 445 472 509
D00 0.0125 478 424 545 479
D00 0.0125 306 434 371 458
D00 0.0125 438 485 523 596
D00 0.0124 313 380 350 412
D00 0.0124 231 503 264 539
D00 0.0124 31 555 124 599
D00 0.0124 517 373 583 432
D00 0.0124 338 365 366 406
D00 0.0124 365 412 407 443
D00 0.0123 385 345 411 391
D00 0.0122 354 388 406 410
D00 0.0122 351 573 431 600
D00 0.0122 353 356 401 380
D00 0.0122 506 529 569 582
D00 0.0122 247 433 297 527
D00 0.0121 375 365 423 409
D00 0.0121 350 359 386 392
D00 0.0121 349 384 412 435
D00 0.0121 384 372 448 407
D00 0.0121 464 434 533 531
D00 0.0120 370 370 428 457
D00 0.0120 298 405 362 478
D00 0.0120 375 464 426 542
D00 0.0120 418 459 448 501
D00 0.0120 559 385 600 412
D00 0.0120 279 434 335 492
D00 0.0120 49 446 73 502
D00 0.0119 444 375 521 486
D00 0.0119 388 389 450 481
D00 0.0119 0 508 51 567
D00 0.0119 32 371 56 435
D00 0.0119 406 451 442 487
D00 0.0119 216 487 261 537
D00 0.0119 351 392 388 422
D00 0.0118 356 342 382 381
D00 0.0118 374 429 420 487
D00 0.0118 54 463 84 503
D00 0.0118 532 375 593 406
D00 0.0118 265 459 308 534
D00 0.0118 32 488 136 543
D00 0.0118 11 230 37 286
D00 0.0117 12 505 74 593
D00 0.0117 474 407 511 441
D00 0.0117 40 362 62 426
D00 0.0117 162 545 223 568
D00 0.0117 268 417 365 500
D00 0.0116 266 486 484 591
D00 0.0116 356 365 383 408
D00 0.0116 2 506 95 561
D00 0.0116 511 0 600 141
D00 0.0116 365 378 414 416
D00 0.0116 491 366 526 399
D00 0.0116 42 498 123 565
D00 0.0116 259 420 319 533
D00 0.0116 459 493 509 527
D00 0.0115 512 433 571 458
D00 0.0115 30 319 54 374
D00 0.0115 486 439 573 484
D00 0.0115 400 382 469 412
D00 0.0115 191 427 309 534
D00 0.0114 379 348 437 405
D00 0.0114 249 412 408 526
D00 0.0114 397 572 476 600
D00 0.0114 516 467 600 525
D00 0.0114 220 515 258 541
D00 0.0113 5 465 89 526
D00 0.0113 138 540 211 595
D00 0.0113 479 365 507 406
D00 0.0113 21 217 97 362
D00 0.0113 358 346 418 404
D00 0.0112 61 489 92 528
D00 0.0112 466 548 536 600
D00 0.0112 232 394 304 421
D00 0.0112 0 467 35 549
D00 0.0112 35 466 133 527
D00 0.0111 427 568 522 600
D00 0.0111 18 536 104 600
D00 0.0111 299 434 350 474
D00 0.0111 394 539 541 600
D00 0.0110 57 458 102 512
D00 0.0110 528 396 576 447
D00 0.0110 19 315 161 539
D00 0.0109 514 381 545 420
D00 0.0109 62 539 133 595
D00 0.0109 285 410 325 482
D00 0.0108 30 416 132 464
D00 0.0108 359 406 415 427
D00 0.0108 121 429 195 458
D00 0.0108 67 510 154 551
D00 0.0108 569 446 600 481
D00 0.0108 47 575 110 598
D00 0.0108 42 385 114 493
D00 0.0107 454 406 494 442
D00 0.0107 377 352 401 400
D00 0.0107 398 391 483 459
D00 0.0107 283 432 308 478
D00 0.0107 5 295 43 356
D00 0.0107 424 411 539 467
D00 0.0107 369 392 407 421
D00 0.0107 49 491 90 542
D00 0.0106 222 421 291 451
D00 0.0106 371 372 406 405
D00 0.0106 422 401 492 432
D00 0.0106 0 382 96 461
D00 0.0106 9 322 53 417
D00 0.0106 400 388 491 424
D00 0.0106 175 572 247 600
D00 0.0106 31 483 135 600
D00 0.0106 315 387 370 409
D00 0.0106 165 544 220 589
D00 0.0106 25 280 94 414
D00 0.0106 578 506 600 574
D00 0.0105 502 393 535 432
D00 0.0105 366 365 392 409
D00 0.0105 421 468 491 548
D00 0.0105 512 440 568 467
D00 0.0105 236 476 260 531
D00 0.0105 285 379 320 425
D00 0.0105 233 402 301 430
D00 0.0104 491 575 554 598
D00 0.0104 59 571 134 600
D00 0.0104 470 519 547 552
D00 0.0104 171 490 264 534
D00 0.0104 260 451 294 515
D00 0.0104 239 415 293 438
D00 0.0104 581 385 600 433
D00 0.0104 281 461 322 534
D00 0.0103 324 448 413 600
D00 0.0103 470 419 536 452
D00 0.0103 449 537 516 600
D00 0.0103 384 486 436 513
D00 0.0103 301 445 324 495
D00 0.0103 325 573 401 600
D00 0.0103 397 450 468 485
D00 0.0103 108 556 203 598
D00 0.0103 27 342 58 422
D00 0.0102 290 393 316 433
D00 0.0102 364 388 392 429
D00 0.0102 558 424 596 463
D00 0.0102 68 555 164 599
D00 0.0102 272 391 352 451
D00 0.0102 500 428 542 463
D00 0.0102 464 515 531 539
D00 0.0102 369 457 412 516
D00 0.0102 304 525 513 600
D00 0.0102 345 344 374 382
D00 0.0102 334 459 401 517
D00 0.0101 377 374 459 435
D00 0.0101 135 471 255 527
D00 0.0101 291 466 315 516
D00 0.0101 292 438 333 520
D00 0.0101 215 505 281 539
D00 0.0101 390 352 425 387
D00 0.0100 236 514 274 543
D00 0.0100 269 481 303 519
D00 0.0100 412 498 480 553
D10 0.0900 347 457 440 492
D10 0.0816 398 478 600 552
D10 0.0810 364 459 561 526
D10 0.0764 338 445 516 505
D10 0.0639 494 393 594 423
D10 0.0627 392 466 491 504
D10 0.0582 368 464 436 488
D10 0.0580 348 444 432 482
D10 0.0566 426 492 580 538
D10 0.0498 352 453 416 477
D10 0.0465 405 472 478 498
D10 0.0424 314 443 452 497
D10 0.0400 437 506 581 554
D10 0.0389 413 480 489 503
D10 0.0368 395 486 536 533
D10 0.0329 199 520 261 540
D10 0.0312 75 534 158 561
D10 0.0294 61 506 224 560
D10 0.0290 496 404 573 425
D10 0.0288 169 526 255 548
D10 0.0274 44 524 204 580
D10 0.0274 333 457 464 517
D10 0.0273 110 513 246 554
D10 0.0267 170 513 271 542
D10 0.0264 208 527 269 545
D10 0.0258 91 522 199 554
D10 0.0245 62 538 154 576
D10 0.0244 308 442 409 478
D10 0.0231 101 535 189 560
D10 0.0226 228 519 284 541
D10 0.0226 141 527 227 552
D10 0.0224 93 530 228 576
D10 0.0222 168 520 239 540
D10 0.0219 99 528 172 549
D10 0.0211 502 509 565 536
D10 0.0210 329 451 390 474
D10 0.0206 68 545 129 566
D10 0.0202 131 494 260 538
D10 0.0202 23 528 143 579
D10 0.0194 0 512 176 589
D10 0.0190 315 442 381 467
D10 0.0189 192 520 282 547
D10 0.0184 342 459 400 480
D10 0.0181 0 517 46 542
D10 0.0180 0 526 46 550
D10 0.0178 525 441 600 486
D10 0.0178 153 536 234 563
D10 0.0178 58 534 127 564
D10 0.0177 0 460 48 487
D10 0.0174 78 486 239 545
D10 0.0174 73 524 147 555
D10 0.0173 551 452 599 476
D10 0.0168 0 507 76 551
D10 0.0163 383 454 438 480
D10 0.0163 141 517 227 544
D10 0.0161 0 450 70 494
D10 0.0159 379 387 436 409
D10 0.0155 28 509 140 559
D10 0.0155 212 511 303 544
D10 0.0153 234 527 294 548
D10 0.0153 507 413 581 435
D10 0.0152 377 396 436 417
D10 0.0152 141 538 209 559
D10 0.0149 122 501 295 560
D10 0.0148 8 546 121 596
D10 0.0148 114 432 174 455
D10 0.0146 297 443 356 467
D10 0.0145 522 518 581 544
D10 0.0144 0 525 97 583
D10 0.0143 94 543 177 570
D10 0.0140 95 515 179 544
D10 0.0140 191 509 251 535
D10 0.0139 47 542 117 572
D10 0.0138 360 443 421 470
D10 0.0137 374 508 466 546
D10 0.0136 25 540 178 599
D10 0.0134 0 413 53 439
D10 0.0134 382 518 436 540
D10 0.0132 60 419 181 462
D10 0.0132 303 451 368 473
D10 0.0130 552 443 598 468
D10 0.0129 515 504 587 540
D10 0.0129 419 463 483 490
D10 0.0129 363 388 416 410
D10 0.0127 0 468 35 492
D10 0.0127 130 425 192 447
D10 0.0127 28 574 92 598
D10 0.0126 4 508 59 533
D10 0.0126 337 396 389 415
D10 0.0125 339 407 387 429
D10 0.0124 390 382 459 411
D10 0.0123 369 388 458 421
D10 0.0122 179 534 259 560
D10 0.0121 44 435 158 481
D10 0.0121 498 447 588 502
D10 0.0121 131 519 198 541
D10 0.0120 409 517 464 540
D10 0.0120 337 388 388 409
D10 0.0120 224 508 272 536
D10 0.0120 162 486 240 517
D10 0.0118 496 498 556 528
D10 0.0118 0 217 40 244
D10 0.0118 546 516 594 541
D10 0.0116 511 479 600 528
D10 0.0115 197 492 301 537
D10 0.0115 353 396 407 417
D10 0.0114 0 534 45 559
D10 0.0114 23 560 98 597
D10 0.0112 78 546 206 594
D10 0.0111 271 488 317 514
D10 0.0111 376 406 434 426
D10 0.0110 154 529 271 577
D10 0.0109 62 549 133 583
D10 0.0109 88 518 148 543
D10 0.0109 355 514 428 543
D10 0.0109 105 425 185 460
D10 0.0108 154 477 230 508
D10 0.0107 326 458 415 500
D10 0.0107 541 459 595 485
D10 0.0106 557 525 600 553
D10 0.0106 351 468 408 492
D10 0.0106 374 377 425 402
D10 0.0105 152 505 236 536
D10 0.0105 297 451 400 488
D10 0.0104 394 502 463 536
D10 0.0104 270 498 318 523
D10 0.0103 0 524 59 572
D10 0.0102 239 508 293 534
D10 0.0102 411 507 505 548
D10 0.0101 24 215 109 246
D10 0.0101 383 523 454 551
D10 0.0100 225 519 322 554
D20 0.1059 337 396 600 554
D20 0.0967 466 378 598 436
D20 0.0873 496 391 600 428
D20 0.0748 327 432 457 491
D20 0.0677 116 412 589 578
D20 0.0669 313 413 437 479
D20 0.0669 443 392 600 492
D20 0.0589 331 427 525 509
D20 0.0581 366 440 569 526
D20 0.0518 474 381 572 419
D20 0.0481 280 390 433 468
D20 0.0415 304 417 394 459
D20 0.0399 306 395 546 487
D20 0.0389 309 447 600 600
D20 0.0387 339 416 419 463
D20 0.0364 453 384 516 414
D20 0.0356 417 376 565 429
D20 0.0350 496 404 596 443
D20 0.0317 409 388 553 512
D20 0.0300 387 483 568 574
D20 0.0289 319 399 417 456
D20 0.0284 277 427 416 486
D20 0.0267 296 433 400 472
D20 0.0252 434 373 518 409
D20 0.0249 471 394 560 433
D20 0.0247 316 350 389 387
D20 0.0244 351 371 534 444
D20 0.0243 330 375 430 499
D20 0.0231 219 347 590 536
D20 0.0225 258 435 437 509
D20 0.0225 257 371 413 444
D20 0.0222 297 449 465 525
D20 0.0222 0 457 432 600
D20 0.0220 48 456 230 539
D20 0.0217 451 365 566 413
D20 0.0216 329 365 377 390
D20 0.0214 449 374 600 600
D20 0.0206 344 349 390 376
D20 0.0201 395 525 585 600
D20 0.0193 446 393 519 435
D20 0.0188 503 373 591 416
D20 0.0186 246 440 530 564
D20 0.0185 319 375 441 438
D20 0.0184 80 480 269 548
D20 0.0180 310 367 394 406
D20 0.0179 379 355 556 421
D20 0.0179 343 393 486 458
D20 0.0174 328 344 408 381
D20 0.0173 350 351 588 474
D20 0.0173 280 369 366 408
D20 0.0172 355 379 446 415
D20 0.0171 193 417 486 524
D20 0.0170 447 379 507 402
D20 0.0170 87 440 261 522
D20 0.0169 329 356 408 395
D20 0.0165 255 411 394 471
D20 0.0163 265 378 340 416
D20 0.0162 120 458 297 537
D20 0.0161 293 359 377 399
D20 0.0161 83 519 266 584
D20 0.0161 1 205 46 275
D20 0.0160 375 366 456 409
D20 0.0159 0 0 408 294
D20 0.0158 19 471 194 556
D20 0.0158 167 0 600 294
D20 0.0157 34 424 203 499
D20 0.0156 300 379 400 432
D20 0.0155 0 311 408 600
D20 0.0154 159 380 517 499
D20 0.0154 380 278 586 587
D20 0.0151 337 368 424 408
D20 0.0151 291 393 376 456
D20 0.0150 161 502 262 539
D20 0.0149 0 118 290 600
D20 0.0147 121 425 183 447
D20 0.0147 0 531 173 600
D20 0.0143 344 399 431 437
D20 0.0142 433 350 600 443
D20 0.0139 287 382 356 412
D20 0.0136 411 380 504 416
D20 0.0134 312 118 600 600
D20 0.0134 303 400 389 440
D20 0.0133 107 418 194 453
D20 0.0133 65 414 209 466
D20 0.0131 84 540 234 599
D20 0.0130 0 0 600 434
D20 0.0129 332 371 394 424
D20 0.0129 63 488 223 574
D20 0.0129 343 504 523 597
D20 0.0126 0 145 600 600
D20 0.0126 348 384 415 413
D20 0.0125 0 0 146 223
D20 0.0125 455 0 600 222
D20 0.0125 128 534 298 600
D20 0.0124 327 376 378 401
D20 0.0124 281 443 383 480
D20 0.0123 353 425 445 473
D20 0.0122 6 479 260 596
D20 0.0122 301 356 399 475
D20 0.0121 260 381 371 426
D20 0.0120 92 408 261 474
D20 0.0119 232 381 315 417
D20 0.0118 197 488 538 600
D20 0.0118 320 353 489 428
D20 0.0118 318 383 387 412
D20 0.0117 0 411 177 600
D20 0.0115 213 389 393 454
D20 0.0115 527 0 600 118
D20 0.0114 73 510 165 549
D20 0.0114 333 390 415 428
D20 0.0113 31 447 296 567
D20 0.0112 143 490 243 531
D20 0.0112 385 0 600 145
D20 0.0112 129 396 393 600
D20 0.0111 286 357 408 417
D20 0.0111 354 393 424 420
D20 0.0110 401 370 488 409
D20 0.0109 229 452 413 536
D20 0.0109 20 404 188 477
D20 0.0107 357 355 442 401
D20 0.0107 0 224 39 250
D20 0.0106 104 429 245 490
D20 0.0106 124 424 294 505
D20 0.0102 9 398 330 546
D20 0.0102 78 435 197 481
D20 0.0102 62 438 177 523
D20 0.0101 284 450 395 499
D20 0.0101 266 467 448 556
D20 0.0101 121 494 269 572
D20 0.0100 0 356 35 437
D40 0.0439 336 357 384 381
D40 0.0417 9 209 110 259
D40 0.0313 7 212 81 287
D40 0.0305 0 196 141 274
D40 0.0266 353 449 404 479
D40 0.0249 324 350 396 385
D40 0.0245 459 394 512 419
D40 0.0234 0 201 65 269
D40 0.0233 329 351 375 376
D40 0.0227 0 193 89 324
D40 0.0222 336 365 384 389
D40 0.0215 24 221 123 275
D40 0.0210 360 458 417 485
D40 0.0202 449 387 508 411
D40 0.0188 0 190 197 431
D40 0.0183 2 194 94 247
D40 0.0182 321 358 370 383
D40 0.0170 4 214 77 247
D40 0.0169 4 219 41 256
D40 0.0164 0 232 120 399
D40 0.0155 27 191 126 317
D40 0.0152 60 201 136 266
D40 0.0150 0 460 37 487
D40 0.0137 12 299 179 412
D40 0.0137 0 225 59 312
D40 0.0137 46 208 114 294
D40 0.0133 345 349 375 386
D40 0.0130 8 218 173 338
D40 0.0125 11 225 69 251
D40 0.0125 109 425 165 448
D40 0.0124 51 171 143 298
D40 0.0117 26 179 126 260
D40 0.0116 0 160 242 338
D40 0.0109 35 259 218 379
D40 0.0108 0 112 136 393
D40 0.0107 9 221 54 274
D40 0.0106 0 445 54 496
D40 0.0104 78 219 117 255
D40 0.0101 0 271 571 555
