D00 0.0469 255 494 280 543
D00 0.0420 396 493 459 550
D00 0.0391 354 490 492 550
D00 0.0376 263 486 287 539
D00 0.0350 248 480 287 549
D00 0.0306 407 501 448 541
D00 0.0277 383 496 455 528
D00 0.0259 414 508 454 549
D00 0.0252 242 501 278 540
D00 0.0251 555 526 600 600
D00 0.0239 393 503 516 558
D00 0.0211 411 503 472 565
D00 0.0210 375 494 470 585
D00 0.0210 366 480 478 531
D00 0.0206 373 488 447 541
D00 0.0185 213 493 283 545
D00 0.0174 252 484 283 523
D00 0.0172 394 514 445 545
D00 0.0170 375 511 457 559
D00 0.0159 405 518 463 556
D00 0.0153 254 506 295 537
D00 0.0153 404 502 452 581
D00 0.0148 238 495 279 572
D00 0.0148 220 507 276 536
D00 0.0145 256 480 314 543
D00 0.0144 0 279 40 371
D00 0.0142 492 496 600 600
D00 0.0142 418 502 466 538
D00 0.0142 389 519 488 578
D00 0.0140 573 549 598 600
D00 0.0140 388 500 432 539
D00 0.0130 342 494 433 562
D00 0.0129 254 509 279 558
D00 0.0127 233 483 282 531
D00 0.0126 259 478 290 510
D00 0.0124 2 294 25 354
D00 0.0123 544 551 594 600
D00 0.0121 545 491 597 584
D00 0.0120 430 501 587 564
D00 0.0119 518 500 591 571
D00 0.0119 375 465 549 566
D00 0.0118 0 574 47 597
D00 0.0118 270 493 295 542
D00 0.0117 396 490 439 522
D00 0.0117 0 343 32 435
D00 0.0113 231 498 269 551
D00 0.0112 560 567 596 600
D00 0.0112 315 467 475 565
D00 0.0111 519 533 593 600
D00 0.0111 225 503 305 548
D00 0.0111 353 519 457 576
D00 0.0111 0 277 135 578
D00 0.0109 302 499 369 555
D00 0.0108 376 494 422 526
D00 0.0107 254 494 294 572
D00 0.0106 475 493 584 541
D00 0.0106 0 557 30 595
D00 0.0105 427 511 458 560
D00 0.0105 421 519 450 570
D00 0.0104 2 360 25 419
D00 0.0104 311 490 337 536
D00 0.0103 295 485 357 543
D00 0.0102 9 575 70 596
D00 0.0101 402 511 551 584
D00 0.0101 407 479 499 535
D10 0.0677 2 406 62 426
D10 0.0492 3 414 59 434
D10 0.0488 0 398 79 434
D10 0.0424 379 491 531 546
D10 0.0335 405 497 483 526
D10 0.0278 391 481 515 529
D10 0.0273 14 349 69 369
D10 0.0264 425 497 513 522
D10 0.0249 6 340 56 362
D10 0.0243 11 396 70 422
D10 0.0215 33 350 85 369
D10 0.0209 363 495 440 525
D10 0.0201 0 341 89 379
D10 0.0192 0 347 44 369
D10 0.0190 0 395 48 423
D10 0.0185 413 506 473 533
D10 0.0184 405 492 466 516
D10 0.0175 457 500 524 520
D10 0.0163 24 340 77 364
D10 0.0163 32 404 83 424
D10 0.0157 427 492 493 516
D10 0.0153 427 491 586 545
D10 0.0153 361 491 422 515
D10 0.0150 352 498 413 519
D10 0.0148 0 405 58 446
D10 0.0148 322 523 398 552
D10 0.0148 0 339 33 362
D10 0.0146 450 493 544 528
D10 0.0140 0 329 64 371
D10 0.0137 0 421 46 448
D10 0.0136 416 500 519 537
D10 0.0133 330 518 426 557
D10 0.0131 2 409 41 439
D10 0.0125 350 527 408 547
D10 0.0122 356 501 430 538
D10 0.0117 208 508 272 535
D10 0.0116 24 392 89 423
D10 0.0115 481 499 537 521
D10 0.0114 314 527 373 549
D10 0.0113 341 518 398 545
D10 0.0113 436 507 504 530
D10 0.0110 365 511 438 548
D10 0.0107 0 479 45 502
D10 0.0107 17 357 67 380
D10 0.0105 0 375 83 427
D10 0.0105 285 472 342 491
D10 0.0104 35 357 83 380
D10 0.0101 199 499 264 525
D20 0.0470 297 486 484 555
D20 0.0360 370 488 546 552
D20 0.0252 319 493 548 583
D20 0.0240 356 491 448 532
D20 0.0238 182 501 283 540
D20 0.0217 404 500 496 541
D20 0.0184 139 481 299 551
D20 0.0183 245 492 435 564
D20 0.0180 328 503 452 558
D20 0.0169 289 491 421 544
D20 0.0159 186 485 278 523
D20 0.0157 409 496 600 573
D20 0.0156 201 479 533 597
D20 0.0154 0 0 408 294
D20 0.0153 306 457 600 572
D20 0.0152 27 151 77 177
D20 0.0150 167 0 600 294
D20 0.0147 0 311 408 600
D20 0.0145 454 0 600 222
D20 0.0141 0 118 290 600
D20 0.0141 306 478 438 527
D20 0.0139 379 0 600 146
D20 0.0137 0 392 45 466
D20 0.0136 167 311 600 600
D20 0.0133 287 502 462 581
D20 0.0131 312 118 600 600
D20 0.0131 0 343 41 436
D20 0.0130 304 509 400 552
D20 0.0127 0 343 68 496
D20 0.0126 357 521 568 600
D20 0.0125 186 483 365 554
D20 0.0125 0 0 600 434
D20 0.0120 0 283 69 436
D20 0.0119 374 0 589 353
D20 0.0119 226 473 413 540
D20 0.0119 0 145 600 600
D20 0.0117 0 0 146 218
D20 0.0116 422 491 523 544
D20 0.0109 209 492 270 535
D20 0.0105 10 142 84 179
D20 0.0105 0 322 41 400
D20 0.0105 475 525 600 600
D20 0.0105 0 457 225 600
D20 0.0104 563 244 600 269
D20 0.0102 216 523 433 600
D20 0.0102 0 0 275 178
D20 0.0101 180 476 266 511
D20 0.0101 281 455 461 519
D20 0.0101 82 434 584 600
D40 0.0147 306 518 399 557
D40 0.0142 555 101 600 164
D40 0.0139 566 114 600 154
D40 0.0136 322 527 382 549
D40 0.0113 552 112 598 140
D40 0.0103 31 158 86 180
