D00 0.1229 69 512 113 560
D00 0.1173 27 498 155 573
D00 0.0927 467 524 502 589
D00 0.0872 15 488 210 587
D00 0.0842 405 502 463 542
D00 0.0841 393 491 541 587
D00 0.0798 43 509 124 558
D00 0.0790 70 494 134 557
D00 0.0706 42 451 164 568
D00 0.0671 333 480 484 599
D00 0.0663 64 509 113 596
D00 0.0649 426 516 567 593
D00 0.0630 319 507 365 591
D00 0.0628 383 485 509 557
D00 0.0620 328 515 356 569
D00 0.0620 410 504 517 567
D00 0.0620 443 517 508 587
D00 0.0597 462 528 533 588
D00 0.0565 414 510 487 546
D00 0.0541 330 515 384 600
D00 0.0524 300 505 417 598
D00 0.0517 59 487 114 568
D00 0.0504 56 520 169 585
D00 0.0440 3 481 133 560
D00 0.0440 269 489 385 593
D00 0.0436 354 527 399 600
D00 0.0426 314 492 357 571
D00 0.0423 462 546 508 596
D00 0.0423 50 527 111 561
D00 0.0417 418 495 466 571
D00 0.0417 427 504 457 548
D00 0.0415 386 483 459 540
D00 0.0413 9 530 146 597
D00 0.0390 72 522 132 550
D00 0.0389 295 533 371 598
D00 0.0389 359 566 396 599
D00 0.0385 322 506 348 559
D00 0.0367 268 458 446 594
D00 0.0366 77 506 119 543
D00 0.0363 370 457 579 581
D00 0.0355 263 460 290 510
D00 0.0353 76 469 140 542
D00 0.0345 68 520 98 566
D00 0.0338 361 465 491 543
D00 0.0330 318 433 374 457
D00 0.0329 248 462 308 524
D00 0.0325 378 528 515 600
D00 0.0324 287 552 342 597
D00 0.0314 151 440 176 487
D00 0.0313 388 508 472 593
D00 0.0313 349 503 469 566
D00 0.0311 308 550 401 600
D00 0.0308 351 569 422 600
D00 0.0303 8 414 185 579
D00 0.0298 401 498 455 529
D00 0.0293 4 515 103 582
D00 0.0291 0 548 54 600
D00 0.0285 356 541 385 598
D00 0.0283 467 552 516 582
D00 0.0283 464 541 505 575
D00 0.0278 239 470 279 552
D00 0.0277 411 461 535 560
D00 0.0277 271 468 298 518
D00 0.0270 229 470 327 575
D00 0.0268 335 530 424 597
D00 0.0264 466 556 536 592
D00 0.0263 47 516 107 547
D00 0.0260 143 447 169 497
D00 0.0257 134 432 176 507
D00 0.0255 62 446 149 524
D00 0.0253 320 438 393 466
D00 0.0253 211 444 265 467
D00 0.0246 465 493 585 587
D00 0.0245 317 425 373 450
D00 0.0244 337 496 431 580
D00 0.0242 267 478 320 523
D00 0.0241 314 424 532 586
D00 0.0240 253 469 281 517
D00 0.0239 151 454 175 506
D00 0.0236 83 436 180 536
D00 0.0236 2 567 40 600
D00 0.0235 260 541 336 597
D00 0.0233 24 469 133 531
D00 0.0232 329 456 452 560
D00 0.0231 81 461 133 510
D00 0.0229 322 524 361 554
D00 0.0227 82 482 178 554
D00 0.0226 257 482 295 519
D00 0.0225 256 442 297 517
D00 0.0223 331 572 394 597
D00 0.0222 405 466 474 557
D00 0.0221 419 523 470 547
D00 0.0221 74 538 155 596
D00 0.0220 322 536 362 578
D00 0.0216 37 529 115 579
D00 0.0215 69 532 119 556
D00 0.0213 302 480 349 561
D00 0.0213 464 452 519 476
D00 0.0213 246 495 269 545
D00 0.0213 252 459 358 562
D00 0.0211 414 497 483 534
D00 0.0209 314 527 368 567
D00 0.0206 351 580 407 599
D00 0.0206 67 501 99 553
D00 0.0206 141 434 184 480
D00 0.0205 14 498 112 549
D00 0.0204 549 575 600 598
D00 0.0203 341 556 387 596
D00 0.0202 278 571 336 596
D00 0.0202 424 550 509 598
D00 0.0199 430 527 501 569
D00 0.0199 266 491 304 528
D00 0.0198 460 447 590 565
D00 0.0198 292 552 320 596
D00 0.0198 47 542 119 600
D00 0.0196 244 487 308 546
D00 0.0196 76 512 127 580
D00 0.0194 554 531 600 600
D00 0.0193 88 453 162 513
D00 0.0193 73 527 103 582
D00 0.0191 265 446 289 492
D00 0.0191 475 539 560 592
D00 0.0191 293 454 399 566
D00 0.0190 342 529 375 591
D00 0.0190 403 443 577 533
D00 0.0190 401 517 460 552
D00 0.0190 373 446 505 520
D00 0.0187 373 489 441 589
D00 0.0186 240 476 302 510
D00 0.0186 360 405 415 429
D00 0.0186 58 467 125 502
D00 0.0184 442 440 517 471
D00 0.0184 307 516 348 587
D00 0.0184 475 460 528 485
D00 0.0184 111 427 178 484
D00 0.0184 509 518 594 591
D00 0.0184 155 439 186 473
D00 0.0183 0 439 102 578
D00 0.0182 466 532 513 565
D00 0.0182 426 511 487 596
D00 0.0180 323 443 412 481
D00 0.0180 139 455 171 523
D00 0.0179 279 470 308 517
D00 0.0178 92 469 122 520
D00 0.0178 60 508 112 535
D00 0.0177 255 468 299 499
D00 0.0177 65 477 120 532
D00 0.0176 230 454 294 512
D00 0.0175 292 566 373 599
D00 0.0174 507 471 569 532
D00 0.0173 313 421 380 465
D00 0.0173 574 552 598 600
D00 0.0172 128 442 177 468
D00 0.0171 374 465 445 525
D00 0.0170 268 460 317 511
D00 0.0167 254 453 283 502
D00 0.0167 75 488 107 546
D00 0.0166 7 463 97 541
D00 0.0166 267 563 328 592
D00 0.0166 211 457 310 550
D00 0.0166 298 558 328 599
D00 0.0166 299 425 356 447
D00 0.0165 236 508 279 549
D00 0.0165 257 502 324 592
D00 0.0165 520 566 600 600
D00 0.0164 252 484 280 537
D00 0.0164 89 487 121 541
D00 0.0163 261 427 470 543
D00 0.0163 371 553 401 599
D00 0.0162 374 534 439 600
D00 0.0162 452 561 502 591
D00 0.0161 514 462 591 586
D00 0.0160 280 514 370 567
D00 0.0160 275 480 343 538
D00 0.0160 420 434 566 490
D00 0.0160 423 478 463 547
D00 0.0159 57 427 171 499
D00 0.0159 236 507 277 592
D00 0.0159 457 445 543 484
D00 0.0157 159 446 183 494
D00 0.0156 246 477 270 527
D00 0.0156 120 456 170 506
D00 0.0155 333 475 395 585
D00 0.0154 148 450 194 476
D00 0.0154 326 426 358 462
D00 0.0153 94 549 194 593
D00 0.0151 1 545 28 595
D00 0.0151 485 549 534 585
D00 0.0151 396 484 441 522
D00 0.0150 312 495 339 548
D00 0.0149 455 522 498 559
D00 0.0148 459 566 526 599
D00 0.0148 234 514 265 546
D00 0.0148 7 546 90 600
D00 0.0147 126 445 166 481
D00 0.0147 278 457 328 527
D00 0.0147 150 433 189 505
D00 0.0146 59 429 240 560
D00 0.0145 284 476 323 511
D00 0.0145 316 540 349 593
D00 0.0144 438 451 524 490
D00 0.0143 460 481 531 576
D00 0.0143 101 438 171 472
D00 0.0143 327 546 374 588
D00 0.0143 0 506 80 553
D00 0.0143 109 569 198 597
D00 0.0143 471 562 568 600
D00 0.0142 276 440 380 536
D00 0.0142 331 491 366 565
D00 0.0142 281 491 324 527
D00 0.0141 77 437 142 500
D00 0.0141 320 487 345 543
D00 0.0141 214 435 261 461
D00 0.0141 254 460 298 486
D00 0.0141 500 438 597 525
D00 0.0141 0 518 60 578
D00 0.0141 472 453 535 507
D00 0.0140 469 557 497 600
D00 0.0140 164 556 245 598
D00 0.0139 309 437 428 532
D00 0.0139 429 491 490 556
D00 0.0138 513 489 576 545
D00 0.0138 311 441 365 463
D00 0.0138 345 462 440 504
D00 0.0138 294 430 364 459
D00 0.0138 201 450 259 472
D00 0.0138 478 470 566 514
D00 0.0138 230 494 270 560
D00 0.0137 221 494 297 577
D00 0.0137 313 515 355 544
D00 0.0136 315 508 386 562
D00 0.0136 131 459 174 486
D00 0.0135 57 508 92 556
D00 0.0135 293 484 333 519
D00 0.0135 477 466 549 498
D00 0.0135 337 520 375 561
D00 0.0134 1 568 76 600
D00 0.0134 350 398 407 421
D00 0.0133 96 503 152 596
D00 0.0133 395 497 450 570
D00 0.0133 253 452 298 474
D00 0.0133 84 442 172 488
D00 0.0133 67 457 131 493
D00 0.0132 244 460 273 508
D00 0.0131 445 547 493 586
D00 0.0130 402 524 452 600
D00 0.0130 69 475 113 508
D00 0.0130 116 440 189 519
D00 0.0130 514 470 600 514
D00 0.0130 539 493 600 600
D00 0.0129 53 524 97 584
D00 0.0129 309 488 425 542
D00 0.0128 446 425 600 506
D00 0.0127 488 572 551 596
D00 0.0127 224 436 251 473
D00 0.0126 93 416 159 473
D00 0.0126 275 485 311 544
D00 0.0126 255 501 295 538
D00 0.0126 449 572 502 597
D00 0.0125 418 483 451 536
D00 0.0125 312 513 342 567
D00 0.0124 231 535 307 595
D00 0.0124 81 414 132 438
D00 0.0124 532 529 582 600
D00 0.0123 374 574 435 599
D00 0.0123 482 464 519 497
D00 0.0122 244 514 268 557
D00 0.0122 124 429 165 465
D00 0.0121 0 362 28 396
D00 0.0121 243 446 292 490
D00 0.0121 497 557 542 589
D00 0.0121 315 434 378 487
D00 0.0121 424 427 517 467
D00 0.0121 212 448 286 475
D00 0.0121 113 458 195 579
D00 0.0120 90 488 156 535
D00 0.0119 399 448 448 530
D00 0.0119 473 443 526 468
D00 0.0118 432 469 552 527
D00 0.0118 305 472 340 535
D00 0.0118 318 556 365 594
D00 0.0118 22 452 129 504
D00 0.0118 434 511 468 562
D00 0.0118 520 492 558 530
D00 0.0117 43 488 105 542
D00 0.0117 191 449 295 599
D00 0.0117 478 528 515 581
D00 0.0117 241 453 340 507
D00 0.0115 500 476 569 573
D00 0.0115 139 426 169 472
D00 0.0115 77 448 141 479
D00 0.0115 211 432 378 561
D00 0.0115 276 531 316 596
D00 0.0114 35 412 160 477
D00 0.0114 107 467 174 532
D00 0.0114 121 442 201 486
D00 0.0114 188 564 232 594
D00 0.0113 406 431 484 461
D00 0.0113 190 541 265 596
D00 0.0113 370 413 424 436
D00 0.0113 377 547 417 600
D00 0.0113 546 559 590 595
D00 0.0112 348 552 492 600
D00 0.0112 563 543 592 596
D00 0.0112 131 469 173 495
D00 0.0111 332 397 390 419
D00 0.0111 562 563 600 594
D00 0.0110 0 496 74 596
D00 0.0110 142 542 225 598
D00 0.0110 0 536 39 584
D00 0.0110 261 440 293 472
D00 0.0110 318 417 348 455
D00 0.0109 116 434 156 494
D00 0.0109 515 483 580 519
D00 0.0109 327 516 369 544
D00 0.0109 106 540 148 595
D00 0.0109 524 499 570 584
D00 0.0109 92 443 145 466
D00 0.0109 290 511 358 548
D00 0.0109 421 570 496 600
D00 0.0108 0 581 47 600
D00 0.0108 289 497 344 583
D00 0.0108 100 432 153 459
D00 0.0108 354 400 433 435
D00 0.0108 387 476 432 510
D00 0.0108 295 487 335 549
D00 0.0107 356 431 449 492
D00 0.0107 498 528 542 587
D00 0.0107 333 392 420 427
D00 0.0107 92 452 123 501
D00 0.0107 345 548 405 589
D00 0.0106 298 537 329 589
D00 0.0106 65 562 121 600
D00 0.0106 333 417 365 456
D00 0.0106 66 538 96 592
D00 0.0105 506 545 570 589
D00 0.0105 262 428 362 510
D00 0.0105 512 0 600 139
D00 0.0104 407 486 470 522
D00 0.0103 388 493 434 529
D00 0.0103 331 457 401 488
D00 0.0103 536 439 600 559
D00 0.0103 486 443 515 485
D00 0.0102 0 498 37 573
D00 0.0102 86 418 148 451
D00 0.0102 435 495 467 542
D00 0.0102 447 521 483 577
D00 0.0102 105 446 147 480
D00 0.0102 273 435 297 479
D00 0.0102 393 433 485 493
D00 0.0101 155 444 205 468
D00 0.0101 366 506 412 600
D00 0.0101 103 465 146 502
D00 0.0101 266 495 304 556
D00 0.0101 323 412 363 444
D00 0.0101 527 478 565 538
D00 0.0100 133 465 161 516
D00 0.0100 73 407 123 432
D00 0.0100 341 514 391 570
D00 0.0100 181 581 242 600
D00 0.0100 90 508 138 563
D00 0.0100 148 459 194 485
D10 0.0985 61 509 158 547
D10 0.0780 75 517 148 541
D10 0.0699 85 508 172 537
D10 0.0667 0 540 98 578
D10 0.0632 9 526 112 567
D10 0.0558 0 547 69 567
D10 0.0530 467 516 555 541
D10 0.0488 173 561 278 595
D10 0.0443 28 536 102 559
D10 0.0440 116 511 184 532
D10 0.0436 0 551 71 584
D10 0.0433 410 508 505 555
D10 0.0406 64 522 192 586
D10 0.0403 69 489 179 543
D10 0.0385 384 504 466 548
D10 0.0368 0 533 77 565
D10 0.0367 471 501 567 539
D10 0.0354 498 517 559 536
D10 0.0346 62 500 220 571
D10 0.0346 192 567 262 592
D10 0.0341 84 494 161 532
D10 0.0339 26 545 99 566
D10 0.0339 395 507 456 534
D10 0.0337 104 503 211 537
D10 0.0334 425 516 494 541
D10 0.0327 449 514 538 558
D10 0.0323 325 440 413 468
D10 0.0315 102 546 286 597
D10 0.0312 241 518 292 543
D10 0.0312 127 517 194 536
D10 0.0306 462 519 519 538
D10 0.0288 142 511 200 532
D10 0.0284 176 574 248 593
D10 0.0276 444 516 514 546
D10 0.0272 233 525 283 546
D10 0.0265 463 546 570 589
D10 0.0264 478 510 547 533
D10 0.0262 468 526 529 548
D10 0.0257 210 562 301 593
D10 0.0257 298 428 440 485
D10 0.0255 80 514 175 556
D10 0.0255 81 479 133 502
D10 0.0255 439 520 519 573
D10 0.0254 324 434 395 458
D10 0.0251 82 497 135 525
D10 0.0250 228 508 312 549
D10 0.0250 177 540 343 596
D10 0.0248 274 489 329 514
D10 0.0238 430 524 495 548
D10 0.0234 87 487 144 511
D10 0.0234 0 554 40 580
D10 0.0232 99 528 245 587
D10 0.0229 422 440 508 468
D10 0.0229 511 508 562 533
D10 0.0227 433 448 516 476
D10 0.0227 208 574 283 594
D10 0.0225 143 566 247 597
D10 0.0222 207 518 296 554
D10 0.0222 214 519 269 542
D10 0.0221 353 444 422 465
D10 0.0219 383 433 528 488
D10 0.0217 332 448 412 478
D10 0.0216 86 475 161 508
D10 0.0215 253 488 304 513
D10 0.0213 143 514 219 539
D10 0.0211 429 491 552 546
D10 0.0211 338 435 462 479
D10 0.0208 67 470 148 519
D10 0.0207 246 480 294 505
D10 0.0207 57 475 126 507
D10 0.0205 484 555 552 581
D10 0.0204 111 499 170 526
D10 0.0204 1 561 48 595
D10 0.0204 494 560 578 591
D10 0.0203 266 497 322 524
D10 0.0198 379 494 453 530
D10 0.0197 267 480 319 507
D10 0.0196 76 552 152 589
D10 0.0190 237 487 286 508
D10 0.0189 251 507 301 534
D10 0.0188 182 511 283 547
D10 0.0183 386 516 446 540
D10 0.0182 482 516 566 563
D10 0.0181 16 526 94 553
D10 0.0178 285 480 334 506
D10 0.0177 225 482 281 503
D10 0.0175 511 512 577 543
D10 0.0174 486 525 552 545
D10 0.0171 255 516 310 539
D10 0.0169 365 476 439 508
D10 0.0168 317 444 458 513
D10 0.0167 391 518 457 553
D10 0.0165 98 523 163 545
D10 0.0165 161 510 221 532
D10 0.0162 294 488 342 512
D10 0.0161 455 506 529 538
D10 0.0160 88 470 143 498
D10 0.0159 152 527 284 587
D10 0.0159 108 562 199 595
D10 0.0157 204 474 305 513
D10 0.0157 203 525 320 587
D10 0.0157 531 467 598 500
D10 0.0156 212 489 272 508
D10 0.0156 384 451 495 507
D10 0.0155 375 508 435 532
D10 0.0154 86 484 250 547
D10 0.0153 66 487 120 509
D10 0.0152 350 499 441 542
D10 0.0152 399 444 495 479
D10 0.0151 437 508 501 534
D10 0.0150 392 487 446 516
D10 0.0150 31 516 101 545
D10 0.0149 390 479 442 504
D10 0.0149 237 508 282 537
D10 0.0149 226 445 285 466
D10 0.0148 346 431 427 462
D10 0.0148 548 479 599 503
D10 0.0148 413 553 508 598
D10 0.0146 0 535 40 561
D10 0.0146 182 484 284 520
D10 0.0145 412 443 481 465
D10 0.0144 361 416 509 470
D10 0.0142 263 480 347 524
D10 0.0141 290 540 362 577
D10 0.0140 367 440 444 468
D10 0.0140 317 562 385 592
D10 0.0140 469 532 525 565
D10 0.0140 421 451 491 472
D10 0.0140 537 564 594 593
D10 0.0139 218 451 278 471
D10 0.0138 278 435 391 480
D10 0.0137 111 520 191 550
D10 0.0137 1 526 65 552
D10 0.0137 27 553 94 579
D10 0.0137 246 496 293 524
D10 0.0136 150 503 259 538
D10 0.0136 306 416 363 440
D10 0.0135 134 500 187 526
D10 0.0134 109 502 278 573
D10 0.0134 353 467 431 499
D10 0.0134 360 515 446 562
D10 0.0134 257 501 331 534
D10 0.0133 442 553 498 581
D10 0.0133 199 552 275 589
D10 0.0132 106 470 163 496
D10 0.0132 331 469 451 524
D10 0.0131 342 457 421 489
D10 0.0130 294 553 354 584
D10 0.0130 300 535 357 559
D10 0.0130 364 451 430 474
D10 0.0129 379 471 436 496
D10 0.0129 192 479 273 507
D10 0.0129 490 467 567 499
D10 0.0129 0 545 29 569
D10 0.0128 203 526 263 546
D10 0.0128 0 512 86 547
D10 0.0127 72 532 130 556
D10 0.0127 440 562 497 591
D10 0.0127 246 521 317 553
D10 0.0126 108 451 165 475
D10 0.0125 69 497 118 522
D10 0.0124 332 524 378 552
D10 0.0123 90 451 145 473
D10 0.0122 293 451 407 498
D10 0.0122 437 533 496 562
D10 0.0121 168 518 234 538
D10 0.0121 517 555 577 581
D10 0.0121 317 542 366 570
D10 0.0120 45 508 106 534
D10 0.0120 65 564 121 592
D10 0.0119 94 467 200 526
D10 0.0119 327 451 384 474
D10 0.0118 48 483 118 516
D10 0.0118 475 544 538 576
D10 0.0118 359 485 432 518
D10 0.0117 320 552 378 582
D10 0.0117 496 493 562 531
D10 0.0117 278 547 337 571
D10 0.0116 189 519 258 540
D10 0.0116 334 508 426 554
D10 0.0115 296 396 351 418
D10 0.0115 103 557 163 585
D10 0.0115 117 478 167 503
D10 0.0114 190 577 264 600
D10 0.0114 246 564 313 590
D10 0.0113 82 460 133 487
D10 0.0113 417 421 536 464
D10 0.0113 295 497 343 523
D10 0.0113 119 459 169 486
D10 0.0112 71 554 128 582
D10 0.0111 268 469 317 498
D10 0.0111 136 574 215 595
D10 0.0111 382 521 459 573
D10 0.0111 520 471 577 495
D10 0.0110 512 479 566 503
D10 0.0109 45 480 104 502
D10 0.0109 478 453 574 495
D10 0.0108 98 460 155 486
D10 0.0108 236 470 286 499
D10 0.0108 510 497 599 542
D10 0.0108 257 453 360 504
D10 0.0107 521 525 571 547
D10 0.0106 235 528 300 561
D10 0.0106 123 516 216 558
D10 0.0106 11 503 95 538
D10 0.0106 396 543 484 594
D10 0.0105 424 538 497 578
D10 0.0105 0 516 49 541
D10 0.0104 283 506 341 532
D10 0.0104 163 554 241 590
D10 0.0104 314 396 370 417
D10 0.0104 513 516 600 564
D10 0.0103 365 499 423 523
D10 0.0103 560 470 600 496
D10 0.0102 161 519 269 558
D10 0.0102 189 491 255 510
D10 0.0101 527 507 581 532
D10 0.0101 551 536 598 560
D10 0.0101 333 516 381 543
D10 0.0101 486 461 551 486
D10 0.0101 343 553 390 583
D10 0.0101 132 493 235 532
D10 0.0101 498 540 572 580
D10 0.0101 70 537 137 576
D10 0.0101 115 488 167 513
D10 0.0101 65 542 111 567
D20 0.1147 0 471 433 591
D20 0.1103 241 505 412 599
D20 0.1045 213 481 516 596
D20 0.0871 39 502 190 593
D20 0.0766 104 437 551 591
D20 0.0759 419 511 592 595
D20 0.0631 26 458 239 580
D20 0.0597 284 531 427 597
D20 0.0502 47 531 256 600
D20 0.0469 0 519 157 599
D20 0.0454 339 478 597 595
D20 0.0432 231 464 358 591
D20 0.0429 253 542 384 592
D20 0.0428 58 481 186 554
D20 0.0392 105 522 388 598
D20 0.0381 302 520 544 600
D20 0.0367 447 541 574 592
D20 0.0352 315 427 410 464
D20 0.0342 298 413 437 469
D20 0.0334 66 544 201 594
D20 0.0333 96 475 304 587
D20 0.0317 68 504 153 550
D20 0.0316 0 455 142 555
D20 0.0288 0 554 77 600
D20 0.0287 302 418 388 456
D20 0.0286 45 436 181 542
D20 0.0284 321 552 408 600
D20 0.0282 244 478 332 524
D20 0.0268 300 424 462 501
D20 0.0263 0 491 134 579
D20 0.0247 190 496 336 597
D20 0.0244 0 535 47 600
D20 0.0239 320 441 484 535
D20 0.0231 271 560 391 600
D20 0.0225 32 433 361 558
D20 0.0223 241 427 496 564
D20 0.0222 289 416 588 584
D20 0.0220 248 512 340 591
D20 0.0220 128 558 243 597
D20 0.0219 82 482 162 539
D20 0.0218 318 407 406 447
D20 0.0214 0 507 110 555
D20 0.0209 174 459 345 549
D20 0.0206 79 469 170 517
D20 0.0205 322 425 381 450
D20 0.0194 435 473 592 574
D20 0.0194 0 165 557 591
D20 0.0192 488 526 600 598
D20 0.0191 256 479 388 559
D20 0.0189 285 409 372 445
D20 0.0188 252 486 317 544
D20 0.0187 0 393 289 600
D20 0.0183 70 454 276 543
D20 0.0183 352 430 521 510
D20 0.0182 243 464 368 536
D20 0.0182 0 0 408 294
D20 0.0181 92 467 210 600
D20 0.0177 337 444 436 484
D20 0.0177 167 0 600 294
D20 0.0170 266 492 337 527
D20 0.0170 17 15 600 441
D20 0.0170 323 411 504 483
D20 0.0169 331 399 421 434
D20 0.0169 518 554 600 599
D20 0.0168 167 311 600 600
D20 0.0167 0 118 290 600
D20 0.0164 148 445 324 521
D20 0.0161 312 118 600 600
D20 0.0158 63 562 177 600
D20 0.0155 102 517 205 589
D20 0.0153 290 416 344 438
D20 0.0152 34 552 130 598
D20 0.0151 238 461 318 511
D20 0.0150 448 378 600 600
D20 0.0148 347 426 444 465
D20 0.0147 275 398 408 453
D20 0.0146 0 484 79 600
D20 0.0146 263 495 354 543
D20 0.0143 452 0 600 227
D20 0.0143 352 566 450 600
D20 0.0142 270 420 402 518
D20 0.0141 232 533 318 594
D20 0.0140 3 420 149 515
D20 0.0140 455 561 571 600
D20 0.0138 204 438 296 473
D20 0.0136 181 432 407 584
D20 0.0135 185 544 368 600
D20 0.0135 127 433 308 496
D20 0.0133 398 427 492 463
D20 0.0132 131 515 263 594
D20 0.0132 291 406 342 430
D20 0.0132 85 442 214 516
D20 0.0130 308 0 526 370
D20 0.0128 314 470 468 600
D20 0.0126 64 523 142 600
D20 0.0125 0 0 144 222
D20 0.0124 238 412 407 482
D20 0.0124 312 536 379 600
D20 0.0124 177 532 298 597
D20 0.0123 381 0 600 147
D20 0.0122 0 517 27 599
D20 0.0122 102 425 183 471
D20 0.0121 214 432 380 510
D20 0.0120 92 509 168 564
D20 0.0118 0 0 212 145
D20 0.0117 278 399 362 436
D20 0.0117 177 437 266 472
D20 0.0114 334 436 405 472
D20 0.0114 290 396 341 419
D20 0.0114 569 582 600 600
D20 0.0114 20 410 149 476
D20 0.0114 305 391 480 460
D20 0.0113 204 453 309 505
D20 0.0113 284 421 355 449
D20 0.0110 368 435 463 472
D20 0.0109 323 415 380 439
D20 0.0108 370 0 588 309
D20 0.0108 317 402 387 432
D20 0.0106 323 405 377 466
D20 0.0106 385 416 494 553
D20 0.0105 354 406 435 443
D20 0.0102 319 391 406 425
D20 0.0102 526 482 600 600
D20 0.0102 303 266 521 590
D20 0.0100 507 436 600 582
D40 0.0400 67 556 165 595
D40 0.0291 82 565 152 591
D40 0.0246 169 573 239 594
D40 0.0222 101 572 166 594
D40 0.0194 97 558 211 596
D40 0.0194 71 573 135 596
D40 0.0190 239 554 339 596
D40 0.0184 130 566 241 598
D40 0.0174 112 561 157 593
D40 0.0159 76 559 122 593
D40 0.0158 240 519 272 551
D40 0.0136 109 512 158 539
D40 0.0131 73 520 159 576
D40 0.0122 181 563 225 594
D40 0.0121 87 518 139 551
D40 0.0101 244 573 312 594
D40 0.0100 92 552 142 587
