D00 0.0782 180 374 207 424
D00 0.0625 441 384 489 410
D00 0.0492 166 368 221 426
D00 0.0431 431 376 483 404
D00 0.0421 170 394 213 423
D00 0.0415 187 366 215 419
D00 0.0363 424 370 497 411
D00 0.0346 179 358 238 423
D00 0.0346 446 382 511 414
D00 0.0341 179 383 221 416
D00 0.0340 569 561 599 598
D00 0.0338 448 371 480 410
D00 0.0319 288 419 361 597
D00 0.0299 14 337 114 393
D00 0.0293 283 445 323 537
D00 0.0293 294 473 332 561
D00 0.0282 555 459 599 488
D00 0.0272 532 431 600 600
D00 0.0265 68 335 108 368
D00 0.0262 282 448 307 500
D00 0.0261 556 536 600 600
D00 0.0259 548 443 600 497
D00 0.0256 542 565 597 596
D00 0.0251 27 350 93 407
D00 0.0246 279 415 338 551
D00 0.0246 275 436 314 513
D00 0.0244 429 367 480 396
D00 0.0239 303 452 350 575
D00 0.0238 137 385 222 427
D00 0.0236 573 455 599 501
D00 0.0235 395 355 525 413
D00 0.0228 208 483 250 558
D00 0.0227 5 313 124 408
D00 0.0227 51 338 107 381
D00 0.0226 361 402 400 483
D00 0.0221 403 359 489 401
D00 0.0220 498 420 600 531
D00 0.0218 546 443 596 548
D00 0.0217 14 372 82 406
D00 0.0214 564 468 600 492
D00 0.0214 322 518 361 599
D00 0.0212 439 351 488 416
D00 0.0212 18 341 158 592
D00 0.0208 458 374 499 410
D00 0.0204 174 389 240 424
D00 0.0204 40 362 81 398
D00 0.0203 368 410 392 464
D00 0.0201 174 371 231 408
D00 0.0200 225 506 249 554
D00 0.0197 333 560 365 593
D00 0.0195 519 441 592 510
D00 0.0195 567 446 600 524
D00 0.0195 54 328 120 362
D00 0.0194 303 502 342 595
D00 0.0189 569 445 600 486
D00 0.0188 548 477 595 592
D00 0.0188 452 364 490 402
D00 0.0188 476 352 600 589
D00 0.0186 538 402 600 512
D00 0.0186 167 330 225 413
D00 0.0183 253 427 332 585
D00 0.0183 307 491 337 564
D00 0.0182 425 375 531 422
D00 0.0182 329 545 355 592
D00 0.0181 9 469 79 598
D00 0.0178 216 497 243 547
D00 0.0175 188 312 214 359
D00 0.0173 149 343 211 424
D00 0.0173 185 362 223 396
D00 0.0172 296 455 329 532
D00 0.0171 302 490 326 549
D00 0.0170 0 335 118 451
D00 0.0168 5 529 42 597
D00 0.0165 163 380 209 442
D00 0.0164 290 454 315 512
D00 0.0164 402 354 471 387
D00 0.0164 564 459 600 571
D00 0.0162 459 387 498 419
D00 0.0162 300 375 405 571
D00 0.0160 47 352 92 388
D00 0.0159 526 461 582 576
D00 0.0158 218 499 257 568
D00 0.0156 292 472 316 532
D00 0.0155 455 412 568 591
D00 0.0155 3 398 108 593
D00 0.0155 422 343 527 397
D00 0.0155 167 372 207 410
D00 0.0154 333 566 386 591
D00 0.0154 450 368 493 430
D00 0.0154 268 456 318 568
D00 0.0153 290 435 334 515
D00 0.0152 486 458 587 600
D00 0.0152 173 346 241 400
D00 0.0151 254 380 380 598
D00 0.0151 306 466 338 540
D00 0.0151 65 310 113 376
D00 0.0150 299 499 329 573
D00 0.0149 504 510 599 598
D00 0.0148 316 512 348 590
D00 0.0148 283 422 324 496
D00 0.0148 70 368 182 574
D00 0.0148 3 501 55 597
D00 0.0147 375 417 399 472
D00 0.0147 309 456 374 592
D00 0.0145 180 322 240 381
D00 0.0144 275 444 300 489
D00 0.0143 55 314 139 382
D00 0.0143 214 518 247 556
D00 0.0142 439 361 472 404
D00 0.0141 286 446 318 484
D00 0.0140 46 332 150 425
D00 0.0139 198 318 223 370
D00 0.0139 441 360 518 407
D00 0.0138 453 390 525 421
D00 0.0138 178 311 205 358
D00 0.0138 561 552 595 591
D00 0.0137 474 386 599 495
D00 0.0136 351 357 585 587
D00 0.0136 74 342 116 374
D00 0.0135 315 485 347 555
D00 0.0135 409 366 468 391
D00 0.0134 4 362 86 431
D00 0.0132 82 322 111 365
D00 0.0132 61 330 113 400
D00 0.0132 31 318 148 484
D00 0.0132 28 450 98 590
D00 0.0131 318 355 457 585
D00 0.0131 419 362 579 436
D00 0.0130 401 348 452 376
D00 0.0130 155 391 201 424
D00 0.0130 75 573 118 600
D00 0.0130 320 544 346 591
D00 0.0128 13 519 50 584
D00 0.0126 193 505 253 565
D00 0.0126 297 413 351 513
D00 0.0126 196 379 237 417
D00 0.0125 32 378 73 411
D00 0.0125 358 338 497 398
D00 0.0124 263 405 366 531
D00 0.0122 411 379 534 569
D00 0.0122 2 543 30 595
D00 0.0121 279 439 310 475
D00 0.0121 449 352 566 530
D00 0.0121 180 301 221 373
D00 0.0120 170 304 214 348
D00 0.0119 283 471 308 530
D00 0.0118 60 555 134 600
D00 0.0118 330 346 354 397
D00 0.0118 67 350 109 385
D00 0.0117 327 572 375 595
D00 0.0117 17 537 58 600
D00 0.0117 574 471 598 525
D00 0.0117 138 400 210 445
D00 0.0117 110 373 221 570
D00 0.0116 198 466 244 544
D00 0.0115 179 294 203 339
D00 0.0115 115 349 157 429
D00 0.0115 48 327 198 455
D00 0.0115 38 344 85 377
D00 0.0115 43 414 124 580
D00 0.0114 528 465 600 516
D00 0.0113 571 514 600 592
D00 0.0113 271 454 304 524
D00 0.0113 319 489 360 569
D00 0.0112 507 412 596 473
D00 0.0112 70 317 108 354
D00 0.0112 281 479 342 598
D00 0.0112 560 437 596 477
D00 0.0112 75 331 131 369
D00 0.0112 322 332 361 409
D00 0.0112 303 412 377 542
D00 0.0112 370 377 489 569
D00 0.0111 517 471 579 526
D00 0.0111 311 519 335 578
D00 0.0111 31 353 75 389
D00 0.0111 193 348 231 379
D00 0.0111 160 398 205 464
D00 0.0111 200 512 257 548
D00 0.0111 0 393 28 438
D00 0.0111 16 352 109 522
D00 0.0111 129 411 203 458
D00 0.0110 526 433 600 483
D00 0.0110 86 458 127 540
D00 0.0109 207 505 236 553
D00 0.0108 337 533 362 588
D00 0.0108 168 310 196 357
D00 0.0108 55 360 100 396
D00 0.0108 455 377 570 427
D00 0.0108 4 508 40 575
D00 0.0107 190 409 301 588
D00 0.0107 427 358 479 384
D00 0.0107 40 463 83 542
D00 0.0107 9 482 56 564
D00 0.0106 61 333 300 600
D00 0.0105 165 408 203 436
D00 0.0105 581 463 600 514
D00 0.0105 229 575 285 597
D00 0.0105 563 391 600 489
D00 0.0104 374 341 460 381
D00 0.0104 189 327 217 377
D00 0.0104 131 325 193 416
D00 0.0103 57 462 110 574
D00 0.0103 76 489 118 567
D00 0.0103 335 521 380 599
D00 0.0103 21 364 66 398
D00 0.0103 329 522 353 581
D00 0.0103 77 440 119 526
D00 0.0103 58 442 100 525
D00 0.0103 411 331 571 410
D00 0.0103 0 331 74 531
D00 0.0102 294 499 318 556
D00 0.0102 392 357 446 380
D00 0.0102 521 476 558 510
D00 0.0102 68 295 130 359
D00 0.0101 161 298 206 369
D00 0.0101 455 348 505 419
D00 0.0101 0 303 203 507
D00 0.0101 97 357 138 433
D00 0.0101 48 348 119 484
D00 0.0101 149 377 261 567
D00 0.0101 452 386 584 453
D00 0.0100 240 437 309 558
D00 0.0100 67 563 107 596
D00 0.0100 499 466 565 516
D00 0.0100 228 519 261 556
D00 0.0100 46 555 99 600
D00 0.0100 57 515 101 600
D10 0.0585 185 359 240 379
D10 0.0516 144 405 208 426
D10 0.0450 173 353 253 387
D10 0.0447 120 399 222 432
D10 0.0376 66 339 121 364
D10 0.0343 180 366 230 388
D10 0.0340 450 550 600 600
D10 0.0334 194 356 272 380
D10 0.0328 144 414 205 435
D10 0.0325 41 340 103 364
D10 0.0315 178 351 233 375
D10 0.0312 134 397 204 421
D10 0.0307 119 406 181 426
D10 0.0300 32 348 95 371
D10 0.0296 58 347 112 371
D10 0.0261 520 563 600 598
D10 0.0261 0 391 66 421
D10 0.0257 52 332 136 370
D10 0.0253 158 367 218 389
D10 0.0253 27 339 112 383
D10 0.0252 112 409 217 446
D10 0.0251 83 340 140 362
D10 0.0241 534 464 600 497
D10 0.0241 165 359 244 405
D10 0.0237 75 331 132 356
D10 0.0237 173 404 223 425
D10 0.0236 64 576 129 599
D10 0.0236 120 396 179 419
D10 0.0234 156 359 220 381
D10 0.0226 66 565 143 596
D10 0.0225 24 548 133 597
D10 0.0220 120 416 179 439
D10 0.0214 9 545 53 569
D10 0.0211 0 381 74 412
D10 0.0208 483 530 589 589
D10 0.0200 303 452 359 476
D10 0.0199 140 350 240 396
D10 0.0199 41 356 98 383
D10 0.0196 95 376 204 427
D10 0.0196 135 424 197 448
D10 0.0193 102 387 227 445
D10 0.0192 52 331 107 358
D10 0.0189 196 365 253 386
D10 0.0189 172 375 218 402
D10 0.0185 426 555 552 595
D10 0.0184 292 445 394 485
D10 0.0183 39 336 151 391
D10 0.0183 9 535 53 562
D10 0.0183 289 451 338 477
D10 0.0177 40 366 95 394
D10 0.0175 24 353 128 407
D10 0.0175 9 345 82 376
D10 0.0174 94 568 154 592
D10 0.0173 22 545 72 569
D10 0.0173 59 551 172 596
D10 0.0172 83 573 165 600
D10 0.0172 147 384 207 416
D10 0.0168 9 516 55 541
D10 0.0166 296 443 348 469
D10 0.0165 478 563 563 596
D10 0.0165 54 565 108 594
D10 0.0164 0 372 94 424
D10 0.0163 18 353 88 389
D10 0.0162 85 348 139 371
D10 0.0162 0 403 48 429
D10 0.0162 66 356 120 381
D10 0.0160 305 456 378 487
D10 0.0160 169 312 216 337
D10 0.0159 1 526 45 552
D10 0.0158 297 459 348 484
D10 0.0156 31 383 83 409
D10 0.0155 147 376 208 402
D10 0.0155 157 349 218 374
D10 0.0155 9 552 52 582
D10 0.0155 320 453 383 476
D10 0.0155 160 394 242 428
D10 0.0155 138 367 198 390
D10 0.0152 419 520 600 596
D10 0.0151 514 480 566 506
D10 0.0150 191 344 295 380
D10 0.0150 515 469 600 513
D10 0.0150 39 370 110 404
D10 0.0149 112 424 165 450
D10 0.0149 78 395 180 444
D10 0.0148 534 553 598 590
D10 0.0148 104 405 154 427
D10 0.0148 75 507 121 532
D10 0.0147 2 536 76 586
D10 0.0147 282 459 325 484
D10 0.0146 28 516 72 540
D10 0.0145 8 507 56 533
D10 0.0145 17 340 74 364
D10 0.0144 31 576 94 599
D10 0.0143 97 413 195 463
D10 0.0143 275 451 317 478
D10 0.0143 0 395 40 420
D10 0.0142 95 331 150 354
D10 0.0141 322 322 380 342
D10 0.0140 56 366 112 391
D10 0.0140 20 393 75 417
D10 0.0139 215 517 258 544
D10 0.0138 64 323 156 362
D10 0.0137 16 523 107 589
D10 0.0135 176 320 225 344
D10 0.0135 496 553 586 586
D10 0.0134 18 525 62 553
D10 0.0134 184 314 234 336
D10 0.0133 491 451 589 502
D10 0.0133 283 443 328 468
D10 0.0133 140 358 195 382
D10 0.0133 530 479 588 504
D10 0.0132 353 388 408 408
D10 0.0132 362 396 415 416
D10 0.0131 105 395 153 419
D10 0.0131 29 508 73 533
D10 0.0131 522 471 580 496
D10 0.0131 0 507 72 558
D10 0.0131 25 535 71 562
D10 0.0131 103 432 153 457
D10 0.0131 21 553 73 580
D10 0.0131 266 459 309 485
D10 0.0130 136 432 194 456
D10 0.0130 187 339 233 368
D10 0.0130 468 555 539 588
D10 0.0129 372 544 572 600
D10 0.0128 169 303 215 326
D10 0.0128 4 533 183 600
D10 0.0127 171 413 223 434
D10 0.0126 282 450 365 497
D10 0.0125 122 384 175 415
D10 0.0125 0 497 47 524
D10 0.0125 212 351 276 374
D10 0.0124 330 460 390 483
D10 0.0124 160 319 210 346
D10 0.0124 67 355 179 411
D10 0.0122 207 507 249 535
D10 0.0122 344 452 397 477
D10 0.0122 105 414 154 439
D10 0.0122 123 367 172 390
D10 0.0121 194 359 291 396
D10 0.0121 321 450 413 489
D10 0.0121 505 488 558 511
D10 0.0120 56 507 102 532
D10 0.0120 338 566 399 591
D10 0.0119 322 520 421 561
D10 0.0119 0 488 75 539
D10 0.0119 554 476 598 503
D10 0.0118 282 435 367 480
D10 0.0118 336 382 428 417
D10 0.0117 98 302 153 325
D10 0.0117 0 488 47 514
D10 0.0117 0 535 37 561
D10 0.0116 311 443 370 469
D10 0.0116 0 470 79 520
D10 0.0115 222 525 269 552
D10 0.0115 297 433 347 459
D10 0.0115 91 508 139 532
D10 0.0115 286 414 375 470
D10 0.0115 322 314 378 335
D10 0.0115 167 338 223 365
D10 0.0114 490 479 573 518
D10 0.0114 24 541 90 574
D10 0.0114 184 405 246 425
D10 0.0113 75 515 120 541
D10 0.0112 564 554 600 583
D10 0.0111 0 390 91 443
D10 0.0111 151 329 203 353
D10 0.0111 109 339 159 361
D10 0.0111 113 428 185 460
D10 0.0110 299 469 346 493
D10 0.0110 432 533 544 585
D10 0.0110 46 516 92 540
D10 0.0110 129 375 186 402
D10 0.0110 348 391 433 428
D10 0.0110 84 498 129 525
D10 0.0110 79 320 132 348
D10 0.0109 308 316 396 347
D10 0.0109 86 441 132 466
D10 0.0109 150 338 204 363
D10 0.0108 327 560 428 595
D10 0.0108 66 498 111 525
D10 0.0108 86 433 132 458
D10 0.0108 11 558 84 598
D10 0.0107 185 395 243 420
D10 0.0106 382 554 508 595
D10 0.0105 50 373 154 426
D10 0.0105 283 467 324 493
D10 0.0105 489 557 551 582
D10 0.0104 70 556 123 580
D10 0.0104 199 516 246 542
D10 0.0104 47 525 144 586
D10 0.0103 0 516 36 542
D10 0.0103 91 561 196 598
D10 0.0103 194 345 243 381
D10 0.0102 26 331 83 356
D10 0.0102 142 348 193 374
D10 0.0102 310 432 409 478
D10 0.0101 64 321 113 348
D10 0.0101 128 423 211 463
D10 0.0101 88 357 138 381
D10 0.0101 106 293 162 315
D10 0.0101 0 479 48 505
D10 0.0101 103 440 151 466
D10 0.0100 55 555 104 579
D20 0.0440 523 560 600 600
D20 0.0439 473 554 599 597
D20 0.0357 83 341 247 428
D20 0.0332 553 565 596 596
D20 0.0305 126 375 223 424
D20 0.0296 1 531 47 600
D20 0.0294 148 357 243 415
D20 0.0282 26 332 114 374
D20 0.0277 17 315 139 384
D20 0.0272 11 546 113 597
D20 0.0253 58 576 120 600
D20 0.0252 21 323 214 410
D20 0.0248 139 322 255 420
D20 0.0245 0 331 112 400
D20 0.0226 0 369 79 409
D20 0.0221 570 572 600 599
D20 0.0216 43 324 129 366
D20 0.0210 454 515 600 599
D20 0.0206 0 488 102 600
D20 0.0206 14 521 62 600
D20 0.0205 50 388 475 586
D20 0.0191 160 333 232 407
D20 0.0189 171 374 257 421
D20 0.0188 564 545 600 600
D20 0.0186 0 566 101 600
D20 0.0179 213 389 598 588
D20 0.0175 147 332 318 403
D20 0.0173 0 500 45 581
D20 0.0173 0 530 161 600
D20 0.0170 2 341 91 384
D20 0.0168 0 329 390 531
D20 0.0162 443 564 566 600
D20 0.0160 0 338 197 595
D20 0.0157 39 558 125 600
D20 0.0157 92 315 227 386
D20 0.0157 0 381 56 431
D20 0.0155 0 0 408 294
D20 0.0154 130 330 532 535
D20 0.0154 37 355 223 444
D20 0.0152 167 0 600 294
D20 0.0152 282 391 367 538
D20 0.0151 130 361 294 428
D20 0.0150 152 312 237 357
D20 0.0149 25 296 203 378
D20 0.0145 581 554 600 600
D20 0.0144 57 321 173 374
D20 0.0142 128 450 540 600
D20 0.0142 375 454 600 600
D20 0.0141 91 355 202 414
D20 0.0141 114 306 215 431
D20 0.0141 170 342 283 393
D20 0.0140 88 377 239 450
D20 0.0139 0 118 290 600
D20 0.0137 0 451 389 600
D20 0.0136 344 347 515 417
D20 0.0136 157 329 246 377
D20 0.0136 33 328 91 399
D20 0.0135 0 352 116 439
D20 0.0134 63 312 151 357
D20 0.0134 312 118 600 600
D20 0.0130 112 336 217 399
D20 0.0129 42 582 103 600
D20 0.0129 27 313 112 360
D20 0.0128 70 333 175 428
D20 0.0127 116 366 183 426
D20 0.0126 0 0 600 434
D20 0.0125 432 364 594 442
D20 0.0125 452 366 600 600
D20 0.0124 0 398 32 434
D20 0.0124 4 315 180 484
D20 0.0123 0 236 516 600
D20 0.0123 26 509 72 588
D20 0.0119 548 470 600 600
D20 0.0118 277 412 424 508
D20 0.0117 17 464 156 600
D20 0.0117 0 0 147 221
D20 0.0116 0 387 43 456
D20 0.0115 118 299 281 383
D20 0.0115 0 354 90 519
D20 0.0114 162 309 225 341
D20 0.0112 97 328 197 460
D20 0.0112 0 420 119 586
D20 0.0110 66 336 329 448
D20 0.0109 142 349 217 438
D20 0.0109 362 527 578 600
D20 0.0109 29 525 91 600
D20 0.0109 0 297 279 437
D20 0.0107 47 300 147 424
D20 0.0107 303 318 600 533
D20 0.0107 112 424 207 464
D20 0.0106 30 502 127 597
D20 0.0106 284 429 345 487
D20 0.0105 456 0 600 217
D20 0.0104 130 385 255 439
D20 0.0103 123 340 167 427
D20 0.0103 443 395 600 484
D20 0.0103 49 351 280 587
D20 0.0102 518 528 595 600
D20 0.0102 289 367 406 487
D20 0.0102 176 317 242 348
D20 0.0101 1 355 71 387
D20 0.0101 5 321 89 366
D20 0.0101 71 394 227 481
D20 0.0100 174 321 322 380
D20 0.0100 183 350 267 412
D20 0.0100 63 355 147 520
D40 0.0589 551 572 598 599
D40 0.0268 4 567 42 600
D40 0.0247 570 565 599 600
D40 0.0218 0 562 70 600
D40 0.0213 463 559 560 598
D40 0.0196 505 571 600 600
D40 0.0185 43 576 103 600
D40 0.0174 472 565 534 592
D40 0.0172 10 548 49 588
D40 0.0166 0 377 52 402
D40 0.0166 0 369 70 409
D40 0.0155 486 573 554 597
D40 0.0153 0 386 41 410
D40 0.0143 18 575 81 599
D40 0.0130 0 390 33 424
D40 0.0130 198 355 238 381
D40 0.0130 1 552 30 598
D40 0.0114 4 581 57 600
D40 0.0114 0 368 52 393
D40 0.0106 6 540 41 578
D40 0.0103 539 562 586 596
D40 0.0102 496 561 540 595
D40 0.0100 452 569 525 599
