D00 0.1242 483 28 594 235
D00 0.1130 412 8 600 252
D00 0.1072 454 56 569 268
D00 0.1051 134 82 273 351
D00 0.0949 444 19 580 180
D00 0.0847 252 63 282 133
D00 0.0796 183 104 293 329
D00 0.0787 171 148 257 321
D00 0.0716 171 70 287 211
D00 0.0673 155 104 269 247
D00 0.0667 502 76 596 202
D00 0.0666 115 48 282 253
D00 0.0661 108 108 231 325
D00 0.0647 187 44 299 165
D00 0.0636 434 13 547 130
D00 0.0632 263 62 286 122
D00 0.0557 75 142 309 386
D00 0.0543 164 199 235 335
D00 0.0541 197 123 265 265
D00 0.0534 478 113 599 282
D00 0.0532 236 28 298 148
D00 0.0520 225 56 280 154
D00 0.0516 176 66 357 369
D00 0.0510 523 56 600 265
D00 0.0507 257 24 290 128
D00 0.0506 144 216 260 356
D00 0.0485 459 55 600 387
D00 0.0473 461 41 577 127
D00 0.0472 281 73 537 438
D00 0.0455 215 140 331 352
D00 0.0453 29 136 236 352
D00 0.0452 118 92 244 225
D00 0.0450 222 71 310 169
D00 0.0449 135 32 272 175
D00 0.0440 209 145 252 232
D00 0.0434 455 127 565 345
D00 0.0432 219 122 259 206
D00 0.0432 257 54 279 115
D00 0.0425 215 13 286 135
D00 0.0425 446 29 521 162
D00 0.0414 539 98 597 211
D00 0.0414 166 65 284 140
D00 0.0412 187 176 243 297
D00 0.0401 213 105 283 238
D00 0.0396 183 216 277 328
D00 0.0395 246 79 273 132
D00 0.0390 139 208 330 398
D00 0.0386 239 77 295 142
D00 0.0381 204 85 265 197
D00 0.0379 45 75 331 294
D00 0.0378 265 42 285 104
D00 0.0377 264 22 287 76
D00 0.0365 187 121 246 234
D00 0.0361 61 176 193 372
D00 0.0360 256 5 293 89
D00 0.0360 117 126 374 469
D00 0.0358 455 34 551 98
D00 0.0355 405 66 555 326
D00 0.0355 157 9 278 128
D00 0.0355 172 237 294 369
D00 0.0351 143 163 223 308
D00 0.0349 107 207 228 395
D00 0.0345 64 83 198 287
D00 0.0341 193 49 275 126
D00 0.0334 505 133 597 243
D00 0.0329 172 230 213 318
D00 0.0329 207 89 325 218
D00 0.0328 491 164 593 380
D00 0.0326 445 35 509 106
D00 0.0323 253 23 282 98
D00 0.0318 235 117 383 370
D00 0.0315 376 124 592 496
D00 0.0314 273 14 297 66
D00 0.0313 463 55 540 145
D00 0.0312 78 73 255 185
D00 0.0305 27 213 153 400
D00 0.0303 201 198 259 310
D00 0.0303 2 328 136 439
D00 0.0301 422 6 516 102
D00 0.0300 482 57 594 147
D00 0.0299 256 85 290 128
D00 0.0299 155 232 208 343
D00 0.0298 129 140 234 255
D00 0.0298 107 180 277 311
D00 0.0298 169 159 229 278
D00 0.0296 260 57 302 137
D00 0.0293 27 110 158 316
D00 0.0292 202 90 291 147
D00 0.0290 196 42 339 269
D00 0.0289 254 16 279 65
D00 0.0288 0 39 202 328
D00 0.0284 241 86 295 188
D00 0.0279 53 21 334 202
D00 0.0277 200 166 248 250
D00 0.0275 283 14 306 65
D00 0.0274 438 182 578 429
D00 0.0272 473 95 574 211
D00 0.0271 110 235 214 341
D00 0.0270 227 104 269 192
D00 0.0267 140 83 267 157
D00 0.0265 208 164 284 305
D00 0.0265 482 61 550 178
D00 0.0265 226 135 251 195
D00 0.0263 47 341 154 428
D00 0.0262 526 128 600 339
D00 0.0260 251 48 317 157
D00 0.0257 151 110 194 197
D00 0.0257 158 135 239 219
D00 0.0256 204 214 401 406
D00 0.0256 200 236 262 344
D00 0.0256 393 103 567 225
D00 0.0253 171 79 365 180
D00 0.0252 440 20 532 79
D00 0.0251 153 66 241 190
D00 0.0250 434 32 493 133
D00 0.0250 225 80 277 131
D00 0.0249 174 97 259 183
D00 0.0248 347 43 553 225
D00 0.0248 244 49 277 122
D00 0.0248 391 23 512 141
D00 0.0247 247 82 284 114
D00 0.0247 52 305 185 418
D00 0.0244 181 204 224 302
D00 0.0243 236 8 279 85
D00 0.0243 269 22 296 95
D00 0.0242 28 376 136 430
D00 0.0240 427 59 546 203
D00 0.0239 64 219 247 325
D00 0.0239 428 143 584 259
D00 0.0238 39 0 237 257
D00 0.0237 221 87 359 153
D00 0.0237 145 141 312 266
D00 0.0235 174 155 285 233
D00 0.0235 536 150 600 232
D00 0.0235 271 64 294 119
D00 0.0235 217 250 337 432
D00 0.0234 280 152 421 399
D00 0.0234 2 280 133 404
D00 0.0233 237 92 279 124
D00 0.0232 212 254 319 362
D00 0.0232 0 229 120 349
D00 0.0232 133 41 239 130
D00 0.0232 241 87 275 159
D00 0.0231 151 92 389 243
D00 0.0231 508 125 589 192
D00 0.0226 262 10 306 58
D00 0.0226 151 59 259 113
D00 0.0224 221 57 307 116
D00 0.0222 453 3 600 117
D00 0.0222 158 241 243 301
D00 0.0222 274 19 600 185
D00 0.0221 128 271 285 412
D00 0.0220 245 16 271 65
D00 0.0220 242 10 288 57
D00 0.0220 322 188 460 431
D00 0.0218 476 46 545 116
D00 0.0217 122 110 200 240
D00 0.0217 274 1 313 75
D00 0.0215 147 163 382 331
D00 0.0214 206 8 269 71
D00 0.0214 31 50 156 243
D00 0.0213 168 250 227 358
D00 0.0213 4 300 83 424
D00 0.0212 188 147 272 206
D00 0.0211 420 181 499 344
D00 0.0211 70 20 196 206
D00 0.0210 140 116 219 202
D00 0.0209 176 28 260 108
D00 0.0208 262 22 311 119
D00 0.0208 191 117 305 198
D00 0.0207 303 195 386 350
D00 0.0207 223 5 307 101
D00 0.0207 188 0 465 326
D00 0.0206 363 146 505 405
D00 0.0206 46 265 188 381
D00 0.0205 235 230 373 357
D00 0.0204 246 257 444 442
D00 0.0201 381 70 498 266
D00 0.0201 201 193 456 515
D00 0.0200 204 109 291 166
D00 0.0200 131 271 232 374
D00 0.0200 148 40 395 164
D00 0.0200 158 172 265 252
D00 0.0199 212 298 325 383
D00 0.0198 253 84 368 279
D00 0.0197 506 291 597 430
D00 0.0197 227 15 343 130
D00 0.0197 63 257 249 358
D00 0.0196 520 105 600 171
D00 0.0196 179 225 359 326
D00 0.0195 218 152 245 214
D00 0.0194 292 15 315 64
D00 0.0194 228 127 304 257
D00 0.0193 172 259 262 317
D00 0.0191 56 111 229 210
D00 0.0191 283 242 399 372
D00 0.0190 119 210 241 297
D00 0.0190 234 129 260 184
D00 0.0188 115 79 219 174
D00 0.0187 475 227 600 460
D00 0.0187 44 43 236 150
D00 0.0186 225 37 283 110
D00 0.0186 414 215 528 414
D00 0.0185 320 266 408 416
D00 0.0185 256 293 373 473
D00 0.0185 554 120 600 253
D00 0.0184 221 273 281 372
D00 0.0183 513 15 600 171
D00 0.0183 6 366 85 437
D00 0.0183 124 0 246 106
D00 0.0182 208 232 285 312
D00 0.0182 3 74 116 276
D00 0.0181 338 294 428 448
D00 0.0180 411 11 483 124
D00 0.0179 370 0 587 138
D00 0.0179 435 151 519 301
D00 0.0179 470 76 528 193
D00 0.0178 58 242 181 337
D00 0.0177 13 360 122 414
D00 0.0176 490 146 583 207
D00 0.0176 12 288 153 361
D00 0.0175 180 246 204 306
D00 0.0175 5 265 84 380
D00 0.0175 166 255 200 331
D00 0.0175 213 201 319 309
D00 0.0175 202 191 240 265
D00 0.0174 1 372 27 422
D00 0.0174 135 260 231 315
D00 0.0173 262 177 357 329
D00 0.0173 79 366 156 434
D00 0.0173 173 180 329 292
D00 0.0171 142 189 251 277
D00 0.0171 174 221 255 285
D00 0.0171 342 346 466 451
D00 0.0170 341 140 447 352
D00 0.0170 459 49 509 135
D00 0.0170 525 154 585 263
D00 0.0169 87 295 191 390
D00 0.0169 280 224 374 326
D00 0.0169 281 10 324 57
D00 0.0168 298 109 409 318
D00 0.0167 251 27 297 54
D00 0.0167 505 165 591 221
D00 0.0166 134 216 192 323
D00 0.0166 64 359 171 412
D00 0.0165 546 172 597 286
D00 0.0165 438 92 528 252
D00 0.0164 232 28 280 54
D00 0.0164 116 14 215 151
D00 0.0163 253 41 281 79
D00 0.0163 445 59 525 117
D00 0.0163 435 195 483 300
D00 0.0161 229 17 266 78
D00 0.0160 13 371 118 455
D00 0.0160 326 262 530 443
D00 0.0159 561 84 600 194
D00 0.0159 420 119 506 271
D00 0.0158 84 160 248 276
D00 0.0157 245 102 289 131
D00 0.0157 490 344 600 448
D00 0.0157 161 9 238 86
D00 0.0156 187 185 271 238
D00 0.0156 134 252 189 358
D00 0.0155 47 392 147 446
D00 0.0155 246 100 322 172
D00 0.0155 214 27 277 89
D00 0.0155 188 174 306 250
D00 0.0154 203 0 250 46
D00 0.0153 426 21 491 89
D00 0.0153 286 302 491 473
D00 0.0152 322 239 373 345
D00 0.0152 67 320 253 403
D00 0.0152 92 94 201 193
D00 0.0152 450 178 502 282
D00 0.0151 273 313 412 421
D00 0.0151 453 49 518 91
D00 0.0150 270 19 316 46
D00 0.0150 202 314 356 456
D00 0.0150 222 18 307 65
D00 0.0150 51 359 116 441
D00 0.0150 143 98 205 162
D00 0.0149 28 341 95 430
D00 0.0149 1 335 55 431
D00 0.0149 175 279 260 391
D00 0.0148 411 182 473 310
D00 0.0148 245 73 327 126
D00 0.0148 277 8 310 42
D00 0.0148 474 124 557 252
D00 0.0147 394 159 600 316
D00 0.0147 7 109 79 234
D00 0.0146 296 22 329 59
D00 0.0146 62 282 145 403
D00 0.0145 111 286 206 424
D00 0.0145 450 205 541 360
D00 0.0145 514 351 588 416
D00 0.0145 217 1 256 61
D00 0.0145 449 313 588 415
D00 0.0145 212 15 278 51
D00 0.0144 187 239 213 298
D00 0.0144 327 39 377 65
D00 0.0144 185 277 281 340
D00 0.0144 285 136 370 296
D00 0.0144 471 250 599 368
D00 0.0144 134 109 233 169
D00 0.0143 435 164 485 265
D00 0.0143 541 83 600 158
D00 0.0143 219 331 412 506
D00 0.0142 0 364 33 441
D00 0.0142 528 229 600 383
D00 0.0142 170 259 322 478
D00 0.0142 330 185 393 319
D00 0.0141 239 69 291 110
D00 0.0140 356 385 490 452
D00 0.0140 194 201 231 279
D00 0.0140 234 9 262 56
D00 0.0140 284 82 522 178
D00 0.0140 301 357 434 466
D00 0.0140 0 152 93 319
D00 0.0139 86 198 201 309
D00 0.0139 337 18 383 65
D00 0.0139 238 239 298 347
D00 0.0139 173 201 253 261
D00 0.0138 402 302 596 470
D00 0.0138 14 243 77 340
D00 0.0138 213 137 290 191
D00 0.0138 46 383 96 430
D00 0.0138 313 168 377 301
D00 0.0138 454 77 508 191
D00 0.0138 116 61 222 110
D00 0.0137 434 43 484 97
D00 0.0137 0 0 130 222
D00 0.0137 104 129 183 261
D00 0.0136 102 325 175 431
D00 0.0136 536 323 600 438
D00 0.0136 246 34 272 86
D00 0.0136 388 170 505 289
D00 0.0136 180 127 434 287
D00 0.0135 511 70 600 131
D00 0.0135 568 161 600 233
D00 0.0135 336 229 421 383
D00 0.0135 28 308 168 380
D00 0.0135 319 18 366 64
D00 0.0134 178 254 225 313
D00 0.0134 248 8 283 42
D00 0.0134 196 302 275 406
D00 0.0134 277 426 309 464
D00 0.0134 70 346 202 444
D00 0.0133 249 110 324 233
D00 0.0133 255 74 292 103
D00 0.0133 287 50 523 144
D00 0.0133 148 62 209 150
D00 0.0133 481 108 571 170
D00 0.0133 301 18 347 63
D00 0.0133 215 172 244 229
D00 0.0133 236 74 267 126
D00 0.0133 142 27 221 104
D00 0.0132 463 29 519 83
D00 0.0132 197 14 246 65
D00 0.0132 171 323 303 426
D00 0.0132 1 293 57 392
D00 0.0132 372 335 511 441
D00 0.0131 250 211 329 339
D00 0.0131 243 37 286 63
D00 0.0131 131 134 193 208
D00 0.0131 150 277 196 365
D00 0.0130 80 329 160 399
D00 0.0130 451 212 500 319
D00 0.0130 324 493 359 529
D00 0.0130 252 13 318 81
D00 0.0130 200 128 373 224
D00 0.0130 333 574 388 596
D00 0.0130 487 62 569 119
D00 0.0130 315 339 415 432
D00 0.0130 199 8 242 36
D00 0.0129 326 58 471 292
D00 0.0129 222 32 285 67
D00 0.0129 338 254 389 362
D00 0.0128 56 382 123 417
D00 0.0128 456 6 508 89
D00 0.0128 422 0 588 67
D00 0.0128 252 148 325 281
D00 0.0128 355 270 446 419
D00 0.0127 155 278 250 338
D00 0.0127 262 4 289 49
D00 0.0127 519 200 591 326
D00 0.0126 72 318 134 412
D00 0.0126 494 160 576 294
D00 0.0126 263 421 319 481
D00 0.0126 345 39 394 65
D00 0.0126 2 388 26 441
D00 0.0126 542 128 600 188
D00 0.0125 497 79 566 157
D00 0.0125 244 381 369 494
D00 0.0125 218 31 256 68
D00 0.0125 279 24 306 88
D00 0.0125 268 33 339 141
D00 0.0124 159 118 187 175
D00 0.0124 381 187 465 345
D00 0.0124 323 100 409 246
D00 0.0124 470 58 535 100
D00 0.0124 260 84 304 112
D00 0.0124 244 60 463 224
D00 0.0124 426 187 469 267
D00 0.0124 221 120 355 192
D00 0.0123 294 299 395 390
D00 0.0123 219 335 326 421
D00 0.0123 28 262 95 352
D00 0.0122 212 6 243 55
D00 0.0122 207 182 237 239
D00 0.0122 217 148 313 205
D00 0.0122 481 59 524 134
D00 0.0122 452 145 504 248
D00 0.0121 97 397 135 475
D00 0.0121 222 253 271 333
D00 0.0121 309 39 360 65
D00 0.0120 303 204 355 308
D00 0.0120 258 103 397 207
D00 0.0120 42 211 124 332
D00 0.0120 55 393 106 422
D00 0.0120 1 260 59 353
D00 0.0119 88 0 305 134
D00 0.0118 260 12 307 36
D00 0.0118 2 90 92 193
D00 0.0118 357 353 413 447
D00 0.0118 129 160 192 275
D00 0.0117 347 91 409 148
D00 0.0117 409 133 475 258
D00 0.0117 424 70 514 131
D00 0.0117 416 47 470 148
D00 0.0117 196 166 370 266
D00 0.0117 39 329 128 402
D00 0.0116 252 96 280 148
D00 0.0116 36 298 104 365
D00 0.0116 328 29 375 56
D00 0.0116 435 235 523 340
D00 0.0116 260 84 309 156
D00 0.0116 0 330 35 413
D00 0.0116 502 30 594 108
D00 0.0116 237 208 408 307
D00 0.0116 399 224 483 381
D00 0.0115 99 269 183 345
D00 0.0115 225 443 353 507
D00 0.0115 263 37 306 63
D00 0.0115 445 34 506 72
D00 0.0115 0 77 168 186
D00 0.0115 452 41 496 83
D00 0.0115 95 65 202 147
D00 0.0115 306 32 339 67
D00 0.0115 231 12 280 36
D00 0.0114 189 80 270 118
D00 0.0114 394 65 490 164
D00 0.0114 268 67 383 144
D00 0.0114 366 357 439 460
D00 0.0114 466 161 522 264
D00 0.0114 72 371 132 453
D00 0.0114 292 3 333 74
D00 0.0114 255 25 365 189
D00 0.0114 211 71 279 109
D00 0.0114 501 373 595 428
D00 0.0114 302 255 360 361
D00 0.0114 274 130 344 259
D00 0.0114 238 440 319 484
D00 0.0114 435 267 568 384
D00 0.0113 124 114 191 182
D00 0.0113 418 52 500 104
D00 0.0113 233 119 279 174
D00 0.0113 206 18 253 95
D00 0.0113 218 155 269 238
D00 0.0112 236 108 261 167
D00 0.0112 104 420 129 466
D00 0.0112 210 185 261 268
D00 0.0111 83 375 131 422
D00 0.0111 139 307 217 379
D00 0.0111 0 206 68 335
D00 0.0110 309 30 397 70
D00 0.0110 309 29 358 55
D00 0.0110 258 93 306 123
D00 0.0110 0 307 33 370
D00 0.0110 429 86 496 221
D00 0.0110 529 353 600 504
D00 0.0109 250 339 366 424
D00 0.0109 345 133 466 257
D00 0.0109 378 27 466 163
D00 0.0109 546 237 596 337
D00 0.0109 0 145 63 274
D00 0.0109 335 393 439 447
D00 0.0109 468 121 526 226
D00 0.0109 238 452 288 477
D00 0.0109 78 288 164 363
D00 0.0109 166 293 227 386
D00 0.0108 266 261 352 377
D00 0.0108 347 204 412 335
D00 0.0108 300 58 429 153
D00 0.0108 2 0 27 49
D00 0.0108 233 297 297 370
D00 0.0107 161 104 199 171
D00 0.0107 538 37 600 146
D00 0.0107 318 507 361 533
D00 0.0107 462 195 566 301
D00 0.0107 0 380 64 417
D00 0.0107 287 112 512 217
D00 0.0107 243 62 276 100
D00 0.0106 239 180 298 289
D00 0.0106 347 28 373 70
D00 0.0106 124 335 231 419
D00 0.0106 215 24 243 74
D00 0.0105 119 327 197 396
D00 0.0105 301 146 391 248
D00 0.0105 496 333 575 400
D00 0.0105 112 109 175 208
D00 0.0104 433 202 478 256
D00 0.0104 271 20 363 63
D00 0.0104 367 0 493 100
D00 0.0104 222 320 289 376
D00 0.0104 238 54 375 122
D00 0.0104 351 79 448 158
D00 0.0104 53 396 88 433
D00 0.0104 525 296 582 395
D00 0.0103 0 316 74 366
D00 0.0103 0 0 65 140
D00 0.0103 187 230 233 291
D00 0.0103 497 226 574 345
D00 0.0103 441 345 559 421
D00 0.0103 209 93 271 122
D00 0.0103 104 308 168 373
D00 0.0103 175 75 249 132
D00 0.0103 318 490 362 514
D00 0.0102 212 360 338 476
D00 0.0102 339 297 391 394
D00 0.0102 157 86 227 148
D00 0.0102 277 58 307 123
D00 0.0102 556 212 599 298
D00 0.0102 89 258 245 466
D00 0.0102 229 128 279 213
D00 0.0102 0 383 42 464
D00 0.0102 425 0 485 64
D00 0.0101 453 57 495 100
D00 0.0101 101 358 213 409
D00 0.0101 313 483 367 537
D00 0.0101 544 366 597 465
D00 0.0101 220 148 259 177
D00 0.0101 79 387 118 425
D00 0.0101 217 131 246 186
D00 0.0101 288 20 338 45
D00 0.0101 222 417 327 495
D00 0.0101 452 575 514 595
D00 0.0101 356 19 400 65
D00 0.0101 190 130 267 187
D00 0.0101 527 239 582 335
D00 0.0100 273 352 381 448
D00 0.0100 68 260 134 352
D00 0.0100 297 550 397 595
D00 0.0100 346 29 392 57
D00 0.0100 338 28 364 70
D00 0.0100 267 435 305 472
D00 0.0100 389 150 455 273
D00 0.0100 357 322 409 417
D00 0.0100 545 276 596 378
D00 0.0100 281 38 328 64
D00 0.0100 275 80 334 159
D00 0.0100 376 376 575 452
D00 0.0100 382 241 600 395
D10 0.0526 228 335 384 391
D10 0.0368 246 327 430 407
D10 0.0366 211 313 363 378
D10 0.0363 128 60 286 151
D10 0.0348 212 340 331 385
D10 0.0332 286 343 400 386
D10 0.0320 266 97 423 151
D10 0.0305 163 75 270 128
D10 0.0299 168 320 342 396
D10 0.0285 197 321 308 372
D10 0.0278 425 347 600 420
D10 0.0277 25 244 210 337
D10 0.0276 286 115 410 158
D10 0.0266 316 108 451 162
D10 0.0261 265 323 382 373
D10 0.0243 83 144 250 250
D10 0.0238 455 138 600 243
D10 0.0230 38 180 230 310
D10 0.0228 315 336 452 397
D10 0.0227 233 106 387 166
D10 0.0222 385 329 585 406
D10 0.0221 480 361 585 409
D10 0.0220 221 348 363 412
D10 0.0220 291 356 375 385
D10 0.0219 131 167 232 219
D10 0.0217 57 264 181 316
D10 0.0205 267 357 386 407
D10 0.0204 336 328 516 412
D10 0.0202 103 73 239 133
D10 0.0200 247 254 345 298
D10 0.0199 254 352 357 389
D10 0.0193 511 283 600 327
D10 0.0188 15 143 206 268
D10 0.0188 201 261 400 372
D10 0.0187 273 342 454 431
D10 0.0185 194 227 376 325
D10 0.0184 485 166 583 221
D10 0.0184 377 413 474 455
D10 0.0183 39 281 160 335
D10 0.0180 467 334 595 401
D10 0.0180 77 139 215 213
D10 0.0179 384 354 540 418
D10 0.0178 220 344 292 374
D10 0.0177 369 352 469 390
D10 0.0175 242 102 330 144
D10 0.0175 440 344 562 391
D10 0.0173 296 313 428 382
D10 0.0171 316 83 496 158
D10 0.0171 348 98 453 148
D10 0.0168 283 253 373 299
D10 0.0168 449 243 600 334
D10 0.0166 281 348 365 378
D10 0.0166 401 343 522 388
D10 0.0165 202 186 290 235
D10 0.0163 198 270 277 320
D10 0.0162 430 102 590 211
D10 0.0159 93 167 202 218
D10 0.0159 154 183 242 239
D10 0.0159 221 28 272 54
D10 0.0158 198 243 297 299
D10 0.0157 107 261 214 315
D10 0.0156 483 265 587 314
D10 0.0156 213 298 322 360
D10 0.0156 474 148 572 205
D10 0.0152 454 4 600 104
D10 0.0152 3 359 102 414
D10 0.0151 312 357 417 411
D10 0.0150 211 339 411 445
D10 0.0149 338 350 470 422
D10 0.0149 364 114 473 160
D10 0.0147 239 259 313 292
D10 0.0144 470 19 581 75
D10 0.0144 212 261 321 316
D10 0.0143 243 345 329 376
D10 0.0141 11 42 205 150
D10 0.0140 108 330 253 395
D10 0.0140 90 282 176 327
D10 0.0139 483 185 582 239
D10 0.0139 488 293 579 334
D10 0.0137 221 37 271 64
D10 0.0137 346 91 533 180
D10 0.0137 265 81 386 133
D10 0.0137 258 237 386 308
D10 0.0134 24 298 141 352
D10 0.0134 282 263 488 375
D10 0.0133 14 339 121 393
D10 0.0132 213 279 294 331
D10 0.0131 82 243 199 301
D10 0.0131 241 225 443 340
D10 0.0131 397 423 455 449
D10 0.0130 468 180 555 223
D10 0.0129 215 217 355 292
D10 0.0129 221 139 308 185
D10 0.0129 350 305 542 390
D10 0.0128 114 184 218 239
D10 0.0128 215 168 314 221
D10 0.0127 201 176 329 249
D10 0.0124 486 36 590 93
D10 0.0123 496 290 572 320
D10 0.0122 0 303 63 339
D10 0.0122 205 28 253 55
D10 0.0122 0 111 171 222
D10 0.0122 200 356 310 405
D10 0.0121 250 288 388 368
D10 0.0121 441 176 567 251
D10 0.0120 494 365 570 398
D10 0.0120 414 262 589 377
D10 0.0119 350 322 453 372
D10 0.0119 231 290 316 340
D10 0.0119 266 263 327 286
D10 0.0119 341 393 507 464
D10 0.0118 317 358 385 381
D10 0.0118 13 317 121 370
D10 0.0118 372 288 600 427
D10 0.0117 220 48 271 72
D10 0.0117 126 320 237 372
D10 0.0117 46 244 161 303
D10 0.0116 251 261 360 317
D10 0.0116 310 350 375 375
D10 0.0116 212 281 263 308
D10 0.0115 205 38 254 64
D10 0.0115 383 184 562 295
D10 0.0114 280 360 348 383
D10 0.0114 526 293 586 317
D10 0.0114 253 122 400 187
D10 0.0114 194 173 265 230
D10 0.0113 107 280 212 336
D10 0.0113 220 99 299 149
D10 0.0112 32 158 180 229
D10 0.0112 200 204 293 260
D10 0.0112 423 232 508 281
D10 0.0111 416 419 487 451
D10 0.0111 424 140 552 214
D10 0.0110 229 352 306 383
D10 0.0110 244 112 292 135
D10 0.0109 438 169 532 223
D10 0.0108 326 49 379 71
D10 0.0108 386 359 450 380
D10 0.0108 235 334 315 369
D10 0.0108 282 425 341 445
D10 0.0107 0 313 53 350
D10 0.0107 0 177 110 249
D10 0.0107 220 58 272 80
D10 0.0107 313 81 416 135
D10 0.0106 378 222 560 336
D10 0.0106 334 129 433 178
D10 0.0106 229 339 282 366
D10 0.0106 212 182 279 219
D10 0.0106 322 113 489 196
D10 0.0105 429 312 574 383
D10 0.0105 278 226 372 281
D10 0.0105 340 147 541 258
D10 0.0104 460 130 554 186
D10 0.0104 245 187 447 302
D10 0.0104 387 322 496 371
D10 0.0104 151 183 222 217
D10 0.0104 460 374 575 427
D10 0.0103 298 261 387 317
D10 0.0103 525 114 598 178
D10 0.0103 205 346 288 389
D10 0.0102 113 114 199 163
D10 0.0102 423 70 509 122
D10 0.0102 298 255 353 281
D10 0.0102 449 264 552 314
D10 0.0102 228 193 300 226
D10 0.0102 251 117 321 148
D10 0.0101 219 196 310 245
D10 0.0101 136 202 229 263
D10 0.0101 482 188 537 214
D10 0.0101 436 274 573 342
D10 0.0101 396 122 531 191
D10 0.0101 0 184 153 289
D10 0.0101 289 263 345 286
D10 0.0101 271 350 339 373
D10 0.0100 0 307 82 358
D10 0.0100 278 255 335 281
D10 0.0100 330 354 404 386
D10 0.0100 47 149 166 202
D10 0.0100 366 128 441 158
D20 0.0763 11 68 376 435
D20 0.0663 0 176 292 378
D20 0.0613 48 0 580 414
D20 0.0556 61 176 557 464
D20 0.0516 53 80 466 318
D20 0.0490 14 83 254 343
D20 0.0471 245 47 569 345
D20 0.0468 0 253 309 427
D20 0.0426 66 215 389 398
D20 0.0425 349 0 600 412
D20 0.0356 0 92 600 600
D20 0.0332 293 123 600 499
D20 0.0323 112 142 424 357
D20 0.0322 0 263 172 352
D20 0.0320 116 293 521 496
D20 0.0317 0 359 150 443
D20 0.0310 12 186 172 414
D20 0.0309 170 257 299 378
D20 0.0301 32 259 239 374
D20 0.0297 40 0 328 286
D20 0.0278 12 222 209 339
D20 0.0272 195 277 377 375
D20 0.0262 8 297 204 410
D20 0.0259 113 22 537 240
D20 0.0257 139 247 338 427
D20 0.0256 180 228 428 454
D20 0.0253 0 311 408 600
D20 0.0252 218 84 411 158
D20 0.0250 167 311 600 600
D20 0.0249 455 0 600 228
D20 0.0242 161 187 521 383
D20 0.0240 456 54 600 445
D20 0.0239 0 118 290 600
D20 0.0234 7 317 274 446
D20 0.0225 95 298 307 402
D20 0.0224 379 0 600 146
D20 0.0221 180 241 358 346
D20 0.0221 0 5 157 372
D20 0.0220 202 269 576 443
D20 0.0213 294 13 600 231
D20 0.0195 374 74 600 300
D20 0.0186 0 162 140 323
D20 0.0183 211 12 300 56
D20 0.0179 215 311 364 408
D20 0.0175 107 317 370 453
D20 0.0174 371 226 600 446
D20 0.0174 221 343 576 503
D20 0.0173 0 0 178 187
D20 0.0170 124 374 527 557
D20 0.0170 217 324 485 458
D20 0.0168 132 0 527 149
D20 0.0167 34 112 213 206
D20 0.0166 51 201 233 310
D20 0.0165 174 73 452 196
D20 0.0159 159 4 297 102
D20 0.0156 324 328 591 455
D20 0.0156 0 0 432 184
D20 0.0156 196 1 274 46
D20 0.0150 0 127 204 285
D20 0.0150 524 0 600 122
D20 0.0150 0 292 47 369
D20 0.0148 340 359 512 448
D20 0.0145 0 264 96 380
D20 0.0142 0 264 183 471
D20 0.0140 216 113 402 200
D20 0.0140 47 359 227 438
D20 0.0139 425 165 591 264
D20 0.0139 191 358 443 494
D20 0.0139 372 454 600 600
D20 0.0137 275 298 381 433
D20 0.0135 487 0 600 68
D20 0.0130 455 199 600 566
D20 0.0128 0 120 115 413
D20 0.0128 0 455 227 600
D20 0.0128 210 99 498 237
D20 0.0127 284 376 600 567
D20 0.0127 197 26 282 73
D20 0.0126 274 356 457 449
D20 0.0125 233 5 316 48
D20 0.0124 134 452 526 600
D20 0.0121 211 168 479 324
D20 0.0121 0 178 76 373
D20 0.0121 221 47 400 131
D20 0.0120 109 338 287 419
D20 0.0119 307 128 570 279
D20 0.0117 250 12 337 56
D20 0.0115 434 199 600 302
D20 0.0114 282 377 501 479
D20 0.0114 67 359 348 484
D20 0.0113 211 435 365 511
D20 0.0113 269 70 457 147
D20 0.0111 0 355 147 600
D20 0.0110 203 9 378 92
D20 0.0107 0 224 92 453
D20 0.0106 0 76 91 323
D20 0.0101 209 274 454 583
D20 0.0100 0 388 142 472
D40 0.0573 338 118 406 147
D40 0.0333 351 112 393 144
D40 0.0325 150 298 319 384
D40 0.0308 309 115 423 157
D40 0.0308 0 246 175 338
D40 0.0271 181 320 291 372
D40 0.0263 166 329 306 391
D40 0.0255 341 108 433 148
D40 0.0250 0 272 120 345
D40 0.0218 347 125 412 156
D40 0.0215 154 69 244 137
D40 0.0210 111 318 291 400
D40 0.0206 27 264 143 319
D40 0.0203 472 52 548 109
D40 0.0191 180 259 264 310
D40 0.0191 330 94 404 152
D40 0.0188 6 287 86 361
D40 0.0187 225 309 310 377
D40 0.0186 182 83 281 129
D40 0.0185 113 87 201 126
D40 0.0181 35 129 214 223
D40 0.0178 193 285 276 366
D40 0.0178 365 111 405 145
D40 0.0173 192 338 281 380
D40 0.0173 90 169 175 212
D40 0.0169 248 105 341 144
D40 0.0167 239 449 314 491
D40 0.0159 8 253 89 330
D40 0.0156 363 123 424 148
D40 0.0155 0 289 55 354
D40 0.0150 242 331 333 390
D40 0.0149 3 113 181 202
D40 0.0149 55 271 147 343
D40 0.0148 142 339 258 388
D40 0.0148 156 307 240 378
D40 0.0145 301 94 432 178
D40 0.0145 245 96 306 135
D40 0.0144 257 114 313 137
D40 0.0142 291 107 406 146
D40 0.0136 216 96 281 133
D40 0.0136 135 77 230 121
D40 0.0136 324 115 391 140
D40 0.0135 243 459 296 483
D40 0.0134 118 95 178 116
D40 0.0134 257 115 352 153
D40 0.0134 1 304 43 340
D40 0.0133 282 92 372 150
D40 0.0132 47 255 128 304
D40 0.0130 204 268 258 318
D40 0.0127 126 87 185 111
D40 0.0126 256 106 294 140
D40 0.0125 475 154 558 230
D40 0.0124 0 306 115 379
D40 0.0123 219 348 276 371
D40 0.0123 36 287 127 361
D40 0.0123 366 132 424 155
D40 0.0122 269 99 388 172
D40 0.0121 74 253 166 325
D40 0.0118 0 312 34 350
D40 0.0118 361 101 410 162
D40 0.0118 222 316 282 397
D40 0.0117 482 15 579 89
D40 0.0116 110 178 164 204
D40 0.0115 148 347 287 412
D40 0.0114 248 451 303 477
D40 0.0113 357 123 450 161
D40 0.0112 514 1 600 43
D40 0.0111 272 115 334 137
D40 0.0110 36 279 121 330
D40 0.0110 103 155 185 231
D40 0.0108 197 272 249 301
D40 0.0108 210 339 270 365
D40 0.0107 462 136 537 215
D40 0.0106 187 0 253 46
D40 0.0105 121 67 209 111
D40 0.0105 476 188 527 215
D40 0.0105 2 273 66 335
D40 0.0102 0 574 49 598
D40 0.0101 274 124 334 145
D40 0.0101 8 134 79 215
D40 0.0100 346 103 410 138
D40 0.0100 336 130 395 153
