D00 0.1505 97 517 266 600
D00 0.1042 187 536 251 600
D00 0.0756 150 535 291 597
D00 0.0613 157 503 284 584
D00 0.0541 39 528 222 593
D00 0.0529 526 562 594 595
D00 0.0527 178 567 246 600
D00 0.0482 141 524 234 573
D00 0.0463 206 550 260 598
D00 0.0454 173 520 245 587
D00 0.0428 0 545 176 599
D00 0.0399 191 556 236 597
D00 0.0398 114 533 203 584
D00 0.0391 271 490 319 513
D00 0.0387 68 557 165 598
D00 0.0377 485 563 583 594
D00 0.0346 130 531 209 565
D00 0.0339 505 574 582 594
D00 0.0336 92 544 178 593
D00 0.0330 205 518 328 594
D00 0.0327 1 553 28 598
D00 0.0324 59 572 137 600
D00 0.0321 467 573 559 598
D00 0.0311 453 558 555 596
D00 0.0310 147 511 229 558
D00 0.0306 536 540 599 597
D00 0.0299 0 560 73 596
D00 0.0294 197 508 266 594
D00 0.0291 272 497 319 523
D00 0.0279 283 561 362 593
D00 0.0279 443 573 523 600
D00 0.0279 513 552 587 588
D00 0.0277 152 560 267 600
D00 0.0274 28 557 129 599
D00 0.0270 194 550 245 583
D00 0.0265 88 473 298 583
D00 0.0264 132 493 261 560
D00 0.0263 149 527 218 553
D00 0.0257 387 559 485 595
D00 0.0256 180 489 310 553
D00 0.0255 142 570 232 600
D00 0.0254 219 532 270 600
D00 0.0250 199 540 261 577
D00 0.0250 551 569 597 598
D00 0.0249 159 540 234 594
D00 0.0245 292 571 372 599
D00 0.0244 422 558 520 593
D00 0.0243 185 533 250 568
D00 0.0242 84 514 219 569
D00 0.0242 183 508 236 559
D00 0.0242 0 572 51 598
D00 0.0239 182 581 240 600
D00 0.0233 396 573 476 600
D00 0.0230 287 499 340 524
D00 0.0230 92 531 183 574
D00 0.0229 84 574 149 597
D00 0.0229 2 531 135 588
D00 0.0228 0 535 47 600
D00 0.0226 403 549 503 586
D00 0.0226 248 490 304 512
D00 0.0226 207 567 280 600
D00 0.0223 15 572 103 600
D00 0.0222 475 566 549 591
D00 0.0222 328 509 386 529
D00 0.0220 225 557 266 595
D00 0.0220 196 535 230 589
D00 0.0218 287 490 337 514
D00 0.0217 213 505 360 573
D00 0.0216 330 501 386 523
D00 0.0211 96 569 173 599
D00 0.0211 280 489 327 528
D00 0.0209 114 558 195 594
D00 0.0206 1 406 27 457
D00 0.0205 391 539 482 579
D00 0.0205 155 534 227 560
D00 0.0202 292 549 389 587
D00 0.0202 452 565 514 589
D00 0.0201 553 552 595 588
D00 0.0200 370 550 467 588
D00 0.0198 255 484 330 519
D00 0.0195 172 501 249 547
D00 0.0193 203 494 273 524
D00 0.0191 447 551 518 582
D00 0.0189 452 582 514 600
D00 0.0189 222 520 283 580
D00 0.0188 216 490 356 547
D00 0.0185 565 560 600 595
D00 0.0185 394 565 460 590
D00 0.0182 43 578 118 600
D00 0.0182 478 551 566 586
D00 0.0181 229 490 283 513
D00 0.0177 271 574 341 597
D00 0.0176 76 565 140 593
D00 0.0176 457 540 528 592
D00 0.0176 251 497 302 522
D00 0.0172 425 543 501 575
D00 0.0172 19 512 193 573
D00 0.0172 109 527 190 555
D00 0.0171 163 517 219 546
D00 0.0170 134 547 221 585
D00 0.0168 408 529 496 569
D00 0.0168 351 510 408 531
D00 0.0167 276 535 354 584
D00 0.0167 302 552 345 583
D00 0.0166 263 489 312 528
D00 0.0165 230 498 281 521
D00 0.0164 188 561 219 600
D00 0.0164 235 509 294 568
D00 0.0163 195 503 264 534
D00 0.0163 197 511 241 576
D00 0.0163 479 582 544 600
D00 0.0163 220 538 254 588
D00 0.0160 535 581 593 600
D00 0.0160 425 579 501 600
D00 0.0160 370 571 450 600
D00 0.0159 417 516 488 542
D00 0.0156 350 539 448 578
D00 0.0156 196 499 248 522
D00 0.0156 395 556 459 579
D00 0.0155 278 501 314 535
D00 0.0155 281 481 326 507
D00 0.0154 431 556 497 578
D00 0.0154 238 528 274 590
D00 0.0152 540 559 575 595
D00 0.0152 281 503 351 533
D00 0.0152 104 559 151 594
D00 0.0151 316 575 382 597
D00 0.0151 122 548 169 587
D00 0.0151 0 335 61 456
D00 0.0151 305 558 406 594
D00 0.0150 289 483 317 521
D00 0.0150 60 540 157 585
D00 0.0150 524 542 590 577
D00 0.0148 303 539 361 579
D00 0.0148 193 523 260 558
D00 0.0148 130 518 206 550
D00 0.0147 424 510 483 532
D00 0.0147 298 492 350 528
D00 0.0147 0 378 34 460
D00 0.0147 398 500 454 521
D00 0.0147 118 536 181 560
D00 0.0146 352 501 407 522
D00 0.0146 399 490 452 512
D00 0.0146 244 497 289 541
D00 0.0146 506 562 558 592
D00 0.0146 247 498 307 557
D00 0.0145 408 524 480 551
D00 0.0145 232 536 263 586
D00 0.0144 212 500 276 560
D00 0.0144 121 574 188 597
D00 0.0143 487 571 535 598
D00 0.0143 186 507 236 532
D00 0.0143 253 515 279 563
D00 0.0143 270 511 384 562
D00 0.0143 457 546 511 571
D00 0.0142 259 483 311 506
D00 0.0142 215 534 259 568
D00 0.0142 307 521 376 575
D00 0.0141 391 534 466 563
D00 0.0140 127 542 188 571
D00 0.0140 369 510 428 531
D00 0.0139 0 554 39 583
D00 0.0139 197 479 300 600
D00 0.0139 77 582 137 600
D00 0.0139 131 533 177 595
D00 0.0139 322 516 375 538
D00 0.0136 441 531 523 571
D00 0.0136 144 472 386 573
D00 0.0136 97 554 159 583
D00 0.0135 488 541 570 574
D00 0.0135 362 518 418 539
D00 0.0135 244 517 271 564
D00 0.0133 436 506 504 534
D00 0.0133 413 546 477 571
D00 0.0132 470 554 532 580
D00 0.0132 307 539 408 576
D00 0.0130 379 557 441 594
D00 0.0130 0 540 32 578
D00 0.0130 409 497 479 523
D00 0.0130 308 556 339 595
D00 0.0130 297 528 352 570
D00 0.0129 271 495 382 538
D00 0.0129 207 574 249 600
D00 0.0129 509 581 574 600
D00 0.0129 0 529 77 573
D00 0.0129 294 582 352 600
D00 0.0128 29 582 92 600
D00 0.0127 443 518 500 539
D00 0.0127 258 502 295 535
D00 0.0126 337 521 402 573
D00 0.0126 194 512 262 546
D00 0.0126 319 503 413 535
D00 0.0126 370 501 427 521
D00 0.0125 414 582 476 600
D00 0.0125 15 552 100 584
D00 0.0125 381 490 435 512
D00 0.0125 297 545 351 600
D00 0.0124 223 503 285 533
D00 0.0124 246 560 287 593
D00 0.0122 225 484 309 518
D00 0.0122 200 474 333 527
D00 0.0122 341 517 396 538
D00 0.0122 185 518 219 566
D00 0.0121 243 553 271 596
D00 0.0121 238 531 300 600
D00 0.0120 319 569 420 600
D00 0.0120 316 506 366 545
D00 0.0120 269 534 343 565
D00 0.0119 392 481 441 504
D00 0.0119 210 531 245 579
D00 0.0119 240 512 275 547
D00 0.0119 533 549 567 591
D00 0.0119 473 535 512 566
D00 0.0118 152 582 219 600
D00 0.0118 382 524 454 574
D00 0.0117 203 491 259 514
D00 0.0117 266 497 327 553
D00 0.0117 250 525 301 571
D00 0.0117 388 547 449 570
D00 0.0117 344 493 394 527
D00 0.0117 280 483 361 521
D00 0.0116 47 552 128 586
D00 0.0116 333 509 383 546
D00 0.0116 108 544 168 572
D00 0.0116 434 500 491 522
D00 0.0115 441 561 488 590
D00 0.0115 292 544 337 573
D00 0.0115 424 536 483 561
D00 0.0114 261 519 323 593
D00 0.0114 416 490 472 512
D00 0.0114 314 533 385 565
D00 0.0114 46 564 114 593
D00 0.0113 307 491 356 515
D00 0.0113 74 494 224 555
D00 0.0113 354 532 426 565
D00 0.0112 262 504 289 551
D00 0.0112 324 516 374 559
D00 0.0112 562 520 600 598
D00 0.0112 327 494 356 529
D00 0.0112 429 520 511 558
D00 0.0112 165 538 223 575
D00 0.0111 103 506 190 598
D00 0.0111 228 523 268 558
D00 0.0111 263 569 307 599
D00 0.0110 340 547 398 570
D00 0.0110 550 527 597 575
D00 0.0110 334 501 364 534
D00 0.0110 500 534 574 564
D00 0.0110 433 527 491 548
D00 0.0110 512 518 596 600
D00 0.0109 271 497 301 539
D00 0.0109 420 562 469 591
D00 0.0109 341 542 418 590
D00 0.0109 317 552 364 582
D00 0.0109 349 520 434 557
D00 0.0108 353 490 405 513
D00 0.0107 262 514 312 560
D00 0.0107 281 552 329 582
D00 0.0106 352 531 387 566
D00 0.0106 399 536 454 600
D00 0.0106 292 501 358 550
D00 0.0106 358 547 420 570
D00 0.0105 267 538 327 577
D00 0.0105 236 484 280 555
D00 0.0105 336 512 424 545
D00 0.0105 240 488 342 600
D00 0.0104 572 534 598 586
D00 0.0103 386 552 432 583
D00 0.0103 272 561 318 592
D00 0.0102 257 520 293 556
D00 0.0102 312 536 369 600
D00 0.0102 171 508 215 562
D00 0.0102 253 534 279 581
D00 0.0102 346 501 373 535
D00 0.0101 239 483 293 506
D00 0.0101 549 538 583 586
D00 0.0101 288 516 341 559
D00 0.0101 0 515 83 600
D00 0.0101 0 0 85 132
D00 0.0101 318 500 349 534
D00 0.0100 147 537 202 575
D00 0.0100 328 561 374 592
D00 0.0100 298 497 327 536
D00 0.0100 464 509 515 530
D00 0.0100 470 526 533 555
D00 0.0100 137 513 197 577
D10 0.0379 540 565 595 592
D10 0.0376 498 571 588 596
D10 0.0282 265 553 348 583
D10 0.0282 458 569 569 600
D10 0.0251 535 555 590 584
D10 0.0248 199 544 251 570
D10 0.0246 483 566 562 591
D10 0.0241 255 556 321 579
D10 0.0236 254 562 343 592
D10 0.0232 273 547 339 569
D10 0.0230 198 537 254 561
D10 0.0213 245 565 309 590
D10 0.0211 299 556 364 579
D10 0.0198 0 552 83 585
D10 0.0193 284 545 363 573
D10 0.0186 358 553 442 581
D10 0.0185 171 544 235 568
D10 0.0176 217 536 267 560
D10 0.0176 297 549 396 585
D10 0.0175 410 566 480 589
D10 0.0174 175 552 236 580
D10 0.0172 236 556 294 580
D10 0.0171 248 543 328 572
D10 0.0166 327 556 391 577
D10 0.0155 309 547 373 569
D10 0.0153 377 565 443 589
D10 0.0150 2 546 64 570
D10 0.0147 337 558 447 593
D10 0.0145 315 565 382 589
D10 0.0142 491 578 572 600
D10 0.0142 208 527 263 552
D10 0.0140 227 545 278 570
D10 0.0135 97 527 180 554
D10 0.0134 149 563 225 592
D10 0.0128 556 555 600 582
D10 0.0125 191 526 245 552
D10 0.0120 276 538 335 561
D10 0.0119 17 544 99 574
D10 0.0115 239 536 290 560
D10 0.0111 231 527 277 552
D10 0.0108 259 537 315 560
D10 0.0108 0 534 78 565
D10 0.0106 346 565 413 588
D10 0.0105 547 544 594 572
D10 0.0103 567 564 600 591
D10 0.0101 549 527 597 549
D20 0.1278 47 507 294 594
D20 0.0995 105 531 258 598
D20 0.0888 149 518 334 598
D20 0.0702 452 546 600 597
D20 0.0663 100 501 420 596
D20 0.0584 514 559 599 595
D20 0.0549 189 551 271 599
D20 0.0537 182 538 390 600
D20 0.0526 351 527 536 589
D20 0.0505 143 552 243 600
D20 0.0474 236 523 420 590
D20 0.0437 378 548 548 597
D20 0.0434 138 531 234 583
D20 0.0410 304 542 507 600
D20 0.0386 254 558 357 595
D20 0.0385 0 556 83 597
D20 0.0376 214 557 318 596
D20 0.0367 265 546 429 597
D20 0.0343 0 525 172 597
D20 0.0336 491 530 596 589
D20 0.0311 335 507 511 572
D20 0.0304 105 552 205 597
D20 0.0300 0 455 307 595
D20 0.0300 187 529 262 579
D20 0.0295 193 503 377 581
D20 0.0278 317 499 382 526
D20 0.0276 218 538 287 597
D20 0.0274 260 505 437 573
D20 0.0271 431 534 568 585
D20 0.0265 290 558 389 595
D20 0.0265 237 549 343 587
D20 0.0261 433 563 568 600
D20 0.0259 289 494 371 529
D20 0.0246 221 501 555 592
D20 0.0236 258 540 356 577
D20 0.0227 378 507 600 588
D20 0.0226 336 533 476 580
D20 0.0212 405 539 500 579
D20 0.0202 237 571 318 599
D20 0.0202 450 546 536 587
D20 0.0199 360 558 458 595
D20 0.0198 0 540 88 582
D20 0.0196 473 531 563 570
D20 0.0192 393 529 480 568
D20 0.0187 383 503 470 535
D20 0.0186 393 512 479 545
D20 0.0179 210 527 293 573
D20 0.0176 382 521 473 555
D20 0.0175 241 528 335 569
D20 0.0173 318 484 401 520
D20 0.0171 363 513 451 544
D20 0.0166 303 507 376 544
D20 0.0163 267 498 347 537
D20 0.0162 0 0 408 294
D20 0.0160 277 487 456 549
D20 0.0160 283 526 372 586
D20 0.0157 167 0 600 294
D20 0.0156 401 512 550 569
D20 0.0154 374 494 458 524
D20 0.0151 372 508 444 533
D20 0.0149 0 311 408 600
D20 0.0148 167 311 600 600
D20 0.0145 105 455 544 600
D20 0.0144 137 572 231 600
D20 0.0144 256 506 335 547
D20 0.0143 285 512 405 561
D20 0.0143 0 118 290 600
D20 0.0143 263 517 350 559
D20 0.0143 312 118 600 600
D20 0.0142 401 493 486 526
D20 0.0141 339 474 421 508
D20 0.0140 361 529 453 569
D20 0.0139 347 483 433 516
D20 0.0138 303 529 395 569
D20 0.0135 223 517 309 562
D20 0.0135 553 536 600 600
D20 0.0134 419 503 503 537
D20 0.0133 466 509 592 575
D20 0.0132 350 492 492 544
D20 0.0132 0 0 600 434
D20 0.0131 333 494 424 526
D20 0.0131 319 514 450 560
D20 0.0127 415 554 503 600
D20 0.0127 506 572 591 600
D20 0.0126 325 491 375 515
D20 0.0126 259 573 350 600
D20 0.0124 454 0 600 221
D20 0.0121 201 507 279 553
D20 0.0120 0 145 600 600
D20 0.0120 354 480 404 504
D20 0.0120 526 528 599 575
D20 0.0120 251 532 301 600
D20 0.0119 0 0 144 219
D20 0.0119 400 574 489 600
D20 0.0116 386 483 464 515
D20 0.0113 255 560 297 592
D20 0.0111 277 537 335 600
D20 0.0107 0 509 98 600
D20 0.0107 348 470 410 496
D20 0.0107 0 527 59 598
D20 0.0103 367 474 445 507
D20 0.0103 201 571 289 600
D20 0.0103 527 0 600 112
D20 0.0103 410 484 493 517
D20 0.0103 567 582 600 600
D20 0.0100 329 477 390 506
D40 0.0496 314 508 367 529
D40 0.0320 322 501 375 524
D40 0.0291 302 501 377 533
D40 0.0239 469 532 552 569
D40 0.0200 453 539 534 578
D40 0.0193 315 497 354 526
D40 0.0185 474 538 528 561
D40 0.0163 472 545 530 570
D40 0.0162 315 515 366 538
D40 0.0142 371 516 444 541
D40 0.0141 388 510 447 531
D40 0.0129 396 519 458 540
D40 0.0123 317 491 364 515
D40 0.0113 18 541 116 581
D40 0.0101 477 526 542 555
