D00 0.2905 10 254 148 540
D00 0.2404 6 294 109 412
D00 0.2288 241 411 309 540
D00 0.2221 217 98 495 494
D00 0.1961 19 241 166 414
D00 0.1671 7 347 108 533
D00 0.1652 320 149 529 533
D00 0.1615 457 282 540 451
D00 0.1583 70 306 106 385
D00 0.1568 427 257 540 508
D00 0.1532 293 133 518 369
D00 0.1517 11 166 365 532
D00 0.1456 42 278 123 389
D00 0.1415 323 158 458 242
D00 0.1385 0 222 236 438
D00 0.1334 200 292 363 540
D00 0.1292 301 234 430 321
D00 0.1286 264 464 301 540
D00 0.1221 0 316 99 466
D00 0.1215 165 363 332 540
D00 0.1214 50 318 99 393
D00 0.1173 360 219 528 419
D00 0.1113 0 389 68 531
D00 0.1071 32 320 122 424
D00 0.1069 453 286 533 374
D00 0.1061 197 430 364 537
D00 0.1048 0 349 265 540
D00 0.1048 0 299 187 463
D00 0.1016 114 233 308 540
D00 0.1015 13 330 103 391
D00 0.1009 253 455 326 540
D00 0.0972 255 440 291 530
D00 0.0971 356 166 502 252
D00 0.0958 4 429 133 532
D00 0.0943 210 395 295 540
D00 0.0931 60 307 116 407
D00 0.0925 441 348 534 536
D00 0.0909 132 396 430 540
D00 0.0909 158 258 208 307
D00 0.0886 421 245 536 392
D00 0.0886 4 428 52 528
D00 0.0885 246 208 500 345
D00 0.0864 397 98 540 483
D00 0.0859 335 172 460 304
D00 0.0854 402 306 527 466
D00 0.0850 52 290 146 443
D00 0.0847 375 158 509 352
D00 0.0842 152 238 225 373
D00 0.0836 290 202 443 295
D00 0.0814 380 179 453 231
D00 0.0795 171 271 205 306
D00 0.0787 71 413 324 540
D00 0.0786 57 262 152 373
D00 0.0776 345 320 540 540
D00 0.0749 114 238 216 331
D00 0.0742 281 231 412 290
D00 0.0728 135 165 453 395
D00 0.0724 308 236 380 281
D00 0.0721 237 422 291 509
D00 0.0714 470 307 526 422
D00 0.0704 234 190 421 540
D00 0.0684 360 265 517 363
D00 0.0683 51 422 159 536
D00 0.0662 317 135 487 218
D00 0.0651 61 282 201 507
D00 0.0645 328 257 451 330
D00 0.0638 376 153 467 285
D00 0.0637 68 248 212 365
D00 0.0636 0 415 40 507
D00 0.0632 237 470 298 540
D00 0.0622 74 287 117 365
D00 0.0622 257 364 363 538
D00 0.0611 311 251 421 298
D00 0.0609 358 169 446 216
D00 0.0596 16 397 197 523
D00 0.0594 154 468 340 540
D00 0.0581 0 466 39 540
D00 0.0573 221 344 492 540
D00 0.0571 410 181 459 238
D00 0.0567 74 295 131 395
D00 0.0564 41 294 186 397
D00 0.0561 338 185 452 257
D00 0.0553 378 292 521 404
D00 0.0552 268 220 389 329
D00 0.0548 139 174 237 323
D00 0.0545 456 218 538 358
D00 0.0540 125 266 210 310
D00 0.0539 337 158 428 195
D00 0.0529 76 321 101 377
D00 0.0524 335 119 520 260
D00 0.0517 2 405 59 489
D00 0.0516 86 376 168 535
D00 0.0515 85 449 123 517
D00 0.0513 7 468 111 527
D00 0.0511 417 127 537 329
D00 0.0510 113 250 239 475
D00 0.0505 476 312 535 374
D00 0.0503 38 323 139 492
D00 0.0501 163 286 276 517
D00 0.0497 8 347 84 401
D00 0.0497 290 185 444 441
D00 0.0496 137 216 355 432
D00 0.0487 368 291 497 494
D00 0.0486 222 430 280 534
D00 0.0484 42 299 119 357
D00 0.0479 77 315 108 356
D00 0.0479 369 140 532 226
D00 0.0477 52 314 136 376
D00 0.0472 6 352 102 431
D00 0.0470 385 233 531 337
D00 0.0468 242 434 462 536
D00 0.0468 270 484 319 540
D00 0.0465 93 187 255 412
D00 0.0461 28 273 139 350
D00 0.0461 398 173 476 244
D00 0.0460 344 268 422 312
D00 0.0460 3 191 125 381
D00 0.0437 7 452 89 511
D00 0.0437 79 437 202 538
D00 0.0434 21 137 210 375
D00 0.0432 296 225 359 275
D00 0.0430 221 469 412 540
D00 0.0430 166 259 217 351
D00 0.0425 56 242 323 384
D00 0.0424 451 319 539 395
D00 0.0423 463 406 531 540
D00 0.0416 200 247 307 485
D00 0.0416 253 425 319 508
D00 0.0413 48 255 178 332
D00 0.0412 8 360 71 470
D00 0.0409 1 469 175 540
D00 0.0409 78 457 142 532
D00 0.0408 153 272 206 329
D00 0.0404 120 322 247 528
D00 0.0403 163 271 222 412
D00 0.0401 310 243 488 378
D00 0.0399 268 206 377 285
D00 0.0395 226 370 321 521
D00 0.0391 0 458 71 540
D00 0.0389 469 343 540 442
D00 0.0386 361 192 514 290
D00 0.0384 253 137 427 342
D00 0.0382 274 212 383 420
D00 0.0379 415 187 450 226
D00 0.0376 486 276 540 415
D00 0.0375 360 155 476 208
D00 0.0372 2 483 26 535
D00 0.0370 499 324 537 401
D00 0.0370 74 87 246 328
D00 0.0369 353 209 460 348
D00 0.0368 104 153 234 275
D00 0.0366 61 328 179 459
D00 0.0365 162 238 218 316
D00 0.0364 123 261 245 350
D00 0.0362 444 305 518 357
D00 0.0361 249 492 308 540
D00 0.0360 159 285 203 307
D00 0.0358 93 275 212 411
D00 0.0357 41 48 206 293
D00 0.0353 154 193 271 383
D00 0.0352 365 270 420 337
D00 0.0349 251 428 281 503
D00 0.0347 371 197 460 247
D00 0.0346 42 344 100 407
D00 0.0346 236 213 347 428
D00 0.0338 157 271 205 378
D00 0.0337 399 155 533 263
D00 0.0336 90 272 209 337
D00 0.0335 0 332 68 426
D00 0.0335 206 344 283 505
D00 0.0331 290 329 406 531
D00 0.0330 89 417 137 521
D00 0.0327 166 261 201 296
D00 0.0321 242 432 306 487
D00 0.0320 405 175 479 303
D00 0.0316 295 240 377 304
D00 0.0315 277 490 302 539
D00 0.0314 0 395 50 461
D00 0.0313 182 443 286 539
D00 0.0310 126 251 439 479
D00 0.0310 302 255 407 350
D00 0.0310 191 187 312 378
D00 0.0304 72 467 118 540
D00 0.0304 479 169 540 327
D00 0.0302 227 158 358 333
D00 0.0300 328 252 459 460
D00 0.0296 153 267 239 315
D00 0.0295 71 52 125 117
D00 0.0292 320 254 381 278
D00 0.0291 39 453 133 512
D00 0.0289 371 273 424 306
D00 0.0288 200 366 362 483
D00 0.0286 0 273 77 386
D00 0.0283 93 480 219 539
D00 0.0283 262 455 286 516
D00 0.0282 67 469 290 540
D00 0.0281 312 148 409 188
D00 0.0280 147 234 199 310
D00 0.0278 69 311 307 461
D00 0.0276 133 274 286 431
D00 0.0273 329 327 456 526
D00 0.0272 364 271 494 323
D00 0.0272 165 279 217 312
D00 0.0272 268 448 373 539
D00 0.0271 435 252 516 351
D00 0.0270 7 433 105 496
D00 0.0270 88 353 197 479
D00 0.0269 394 51 540 276
D00 0.0269 454 126 540 267
D00 0.0268 38 485 137 534
D00 0.0268 301 174 392 287
D00 0.0267 79 249 130 312
D00 0.0266 166 155 236 211
D00 0.0265 346 229 439 297
D00 0.0265 311 243 361 273
D00 0.0264 76 343 147 482
D00 0.0263 64 337 138 413
D00 0.0263 22 18 168 233
D00 0.0262 101 384 211 521
D00 0.0259 487 424 535 532
D00 0.0259 0 80 133 336
D00 0.0255 0 378 152 489
D00 0.0255 383 267 418 324
D00 0.0254 179 250 263 395
D00 0.0253 77 487 176 535
D00 0.0253 365 247 450 312
D00 0.0253 68 329 94 385
D00 0.0250 494 196 536 298
D00 0.0249 490 150 540 272
D00 0.0248 73 311 116 344
D00 0.0246 58 284 152 335
D00 0.0244 381 190 445 291
D00 0.0244 260 449 346 511
D00 0.0244 293 107 433 194
D00 0.0243 390 210 497 315
D00 0.0243 65 301 170 355
D00 0.0242 34 337 94 379
D00 0.0242 395 168 507 222
D00 0.0241 131 440 256 540
D00 0.0241 73 320 120 373
D00 0.0238 502 284 540 373
D00 0.0238 174 250 233 331
D00 0.0236 513 198 540 263
D00 0.0236 269 506 300 540
D00 0.0236 4 462 50 511
D00 0.0235 488 331 532 380
D00 0.0235 218 408 281 490
D00 0.0231 371 386 490 540
D00 0.0231 153 301 234 445
D00 0.0231 102 398 153 509
D00 0.0231 399 183 445 216
D00 0.0227 187 322 269 472
D00 0.0227 250 383 299 499
D00 0.0226 180 274 231 377
D00 0.0225 326 352 398 511
D00 0.0223 98 460 181 532
D00 0.0223 69 54 154 180
D00 0.0222 247 313 388 469
D00 0.0222 505 345 540 439
D00 0.0221 120 177 203 294
D00 0.0220 497 398 540 483
D00 0.0219 151 488 205 540
D00 0.0219 117 304 205 447
D00 0.0217 0 304 28 365
D00 0.0216 40 7 127 127
D00 0.0214 330 256 397 319
D00 0.0213 81 169 183 296
D00 0.0213 489 63 536 157
D00 0.0209 484 97 540 209
D00 0.0208 83 264 124 347
D00 0.0208 467 401 537 465
D00 0.0208 427 198 507 334
D00 0.0207 70 336 103 403
D00 0.0207 399 381 523 491
D00 0.0206 0 202 94 290
D00 0.0205 366 113 498 199
D00 0.0205 167 213 269 308
D00 0.0204 135 260 196 349
D00 0.0201 508 318 540 378
D00 0.0200 30 362 91 403
D00 0.0200 166 389 262 540
D00 0.0200 67 25 112 100
D00 0.0200 309 231 346 270
D00 0.0199 90 309 152 411
D00 0.0198 195 169 293 305
D00 0.0198 279 507 312 540
D00 0.0198 401 199 507 249
D00 0.0197 239 212 334 302
D00 0.0195 229 408 320 484
D00 0.0195 74 426 175 504
D00 0.0194 365 258 421 299
D00 0.0194 5 440 47 498
D00 0.0193 142 419 211 537
D00 0.0192 62 147 196 253
D00 0.0191 417 196 468 231
D00 0.0191 221 304 296 456
D00 0.0191 55 328 101 370
D00 0.0189 38 357 154 430
D00 0.0189 275 419 335 525
D00 0.0189 258 235 360 282
D00 0.0189 1 474 32 513
D00 0.0189 159 161 222 181
D00 0.0188 439 292 502 343
D00 0.0187 126 146 178 166
D00 0.0187 432 396 508 526
D00 0.0186 93 464 128 534
D00 0.0186 339 323 415 470
D00 0.0184 357 339 431 496
D00 0.0184 99 458 125 511
D00 0.0184 231 391 288 473
D00 0.0181 130 342 220 482
D00 0.0180 242 455 300 516
D00 0.0179 41 167 149 292
D00 0.0179 257 242 346 341
D00 0.0179 309 322 382 468
D00 0.0179 3 231 85 351
D00 0.0179 36 357 102 465
D00 0.0179 345 169 418 191
D00 0.0179 429 339 516 449
D00 0.0178 0 325 37 402
D00 0.0178 386 128 474 231
D00 0.0178 342 383 417 531
D00 0.0178 3 385 72 436
D00 0.0176 514 178 540 240
D00 0.0175 143 151 221 192
D00 0.0174 418 133 506 235
D00 0.0174 203 267 282 419
D00 0.0174 387 242 471 345
D00 0.0174 392 203 454 238
D00 0.0173 142 270 200 298
D00 0.0173 91 249 158 344
D00 0.0172 119 288 219 362
D00 0.0172 161 282 240 331
D00 0.0172 0 169 58 280
D00 0.0171 174 237 295 347
D00 0.0171 509 240 540 318
D00 0.0171 6 425 34 480
D00 0.0171 95 78 195 195
D00 0.0170 151 135 224 182
D00 0.0170 441 170 523 278
D00 0.0169 173 245 215 297
D00 0.0169 517 98 539 144
D00 0.0169 202 415 262 523
D00 0.0168 280 212 349 268
D00 0.0167 84 69 111 112
D00 0.0166 82 297 110 350
D00 0.0164 509 90 540 158
D00 0.0164 320 300 404 431
D00 0.0164 427 166 490 252
D00 0.0164 257 267 380 372
D00 0.0163 241 207 296 266
D00 0.0163 139 144 222 249
D00 0.0163 284 231 344 318
D00 0.0162 300 407 392 540
D00 0.0162 269 488 297 531
D00 0.0162 255 496 364 540
D00 0.0161 0 207 61 320
D00 0.0161 64 333 162 386
D00 0.0159 139 292 192 396
D00 0.0159 158 488 266 536
D00 0.0159 437 311 505 411
D00 0.0159 94 448 130 500
D00 0.0158 234 196 296 315
D00 0.0157 212 469 252 540
D00 0.0157 239 268 314 416
D00 0.0157 129 144 193 194
D00 0.0157 156 309 203 415
D00 0.0157 365 163 427 242
D00 0.0157 342 141 450 201
D00 0.0156 101 352 253 444
D00 0.0156 221 367 269 474
D00 0.0156 88 472 118 512
D00 0.0156 386 225 466 297
D00 0.0155 57 260 120 326
D00 0.0155 377 278 412 316
D00 0.0155 1 481 51 519
D00 0.0154 194 296 257 426
D00 0.0154 176 272 212 332
D00 0.0153 489 32 536 125
D00 0.0153 374 281 441 331
D00 0.0153 118 114 183 167
D00 0.0153 224 218 301 359
D00 0.0153 5 34 110 208
D00 0.0153 372 216 464 265
D00 0.0153 119 496 197 540
D00 0.0153 79 304 131 351
D00 0.0152 427 190 469 256
D00 0.0152 339 200 418 292
D00 0.0151 476 181 529 275
D00 0.0151 293 241 348 282
D00 0.0150 423 203 457 238
D00 0.0150 63 357 121 466
D00 0.0149 102 364 154 467
D00 0.0148 377 233 426 305
D00 0.0148 20 479 90 540
D00 0.0147 352 297 439 430
D00 0.0147 179 382 304 494
D00 0.0147 109 262 179 354
D00 0.0147 50 409 159 484
D00 0.0147 68 378 179 445
D00 0.0146 497 465 538 540
D00 0.0146 340 273 401 342
D00 0.0146 158 461 226 533
D00 0.0145 330 161 399 185
D00 0.0145 32 60 123 189
D00 0.0144 415 289 498 388
D00 0.0144 47 315 108 352
D00 0.0143 0 183 39 259
D00 0.0143 37 419 110 517
D00 0.0142 56 13 95 81
D00 0.0142 68 398 125 508
D00 0.0142 472 61 540 246
D00 0.0142 417 183 522 239
D00 0.0141 288 299 372 429
D00 0.0141 100 308 183 380
D00 0.0139 506 339 531 389
D00 0.0139 114 383 169 485
D00 0.0139 8 484 60 536
D00 0.0138 269 522 310 540
D00 0.0138 90 269 134 314
D00 0.0138 371 323 453 469
D00 0.0138 350 245 415 292
D00 0.0138 256 447 285 490
D00 0.0137 212 217 276 333
D00 0.0137 474 150 529 245
D00 0.0137 306 256 362 319
D00 0.0136 128 434 188 529
D00 0.0135 387 346 478 490
D00 0.0134 184 309 233 415
D00 0.0134 6 453 34 505
D00 0.0133 94 242 147 313
D00 0.0132 516 255 538 308
D00 0.0132 26 362 81 432
D00 0.0132 420 258 483 341
D00 0.0131 194 263 250 353
D00 0.0131 147 367 240 460
D00 0.0130 158 288 254 362
D00 0.0130 256 512 321 540
D00 0.0130 514 77 540 136
D00 0.0130 420 206 502 274
D00 0.0129 295 386 363 519
D00 0.0128 89 453 154 504
D00 0.0128 356 379 400 487
D00 0.0128 185 495 302 540
D00 0.0128 509 417 540 496
D00 0.0128 163 499 197 537
D00 0.0128 461 396 510 478
D00 0.0127 251 200 282 253
D00 0.0127 340 362 384 467
D00 0.0127 114 399 275 503
D00 0.0127 0 348 42 444
D00 0.0127 320 254 370 302
D00 0.0126 408 174 463 208
D00 0.0126 249 246 308 362
D00 0.0126 71 334 102 364
D00 0.0126 515 346 537 401
D00 0.0126 104 393 213 462
D00 0.0126 194 234 252 321
D00 0.0125 177 304 217 381
D00 0.0124 331 229 397 291
D00 0.0124 0 358 49 408
D00 0.0124 116 348 170 446
D00 0.0124 31 198 118 303
D00 0.0124 0 272 30 349
D00 0.0123 1 441 27 497
D00 0.0123 383 177 444 203
D00 0.0123 178 264 222 312
D00 0.0123 5 413 35 461
D00 0.0123 243 335 306 471
D00 0.0122 233 264 290 383
D00 0.0122 114 142 170 197
D00 0.0122 489 351 540 406
D00 0.0122 28 17 95 122
D00 0.0122 415 412 485 538
D00 0.0122 123 136 183 174
D00 0.0121 7 335 53 395
D00 0.0121 169 329 218 429
D00 0.0121 0 500 32 540
D00 0.0120 421 158 472 232
D00 0.0120 411 316 493 436
D00 0.0120 143 215 213 264
D00 0.0119 2 506 88 540
D00 0.0118 355 81 439 198
D00 0.0118 155 299 224 352
D00 0.0118 100 388 186 435
D00 0.0118 411 160 486 205
D00 0.0118 480 248 537 317
D00 0.0117 203 384 258 489
D00 0.0117 293 464 354 540
D00 0.0117 84 117 173 241
D00 0.0117 77 57 103 107
D00 0.0117 1 246 63 296
D00 0.0117 126 130 202 231
D00 0.0116 2 293 24 345
D00 0.0116 170 287 205 320
D00 0.0116 301 197 362 258
D00 0.0116 366 221 433 279
D00 0.0115 237 349 282 455
D00 0.0115 150 456 196 535
D00 0.0115 515 394 540 469
D00 0.0115 76 341 195 416
D00 0.0114 342 394 387 501
D00 0.0114 287 488 394 538
D00 0.0114 267 446 306 517
D00 0.0114 93 256 118 306
D00 0.0114 447 153 515 242
D00 0.0114 204 350 253 448
D00 0.0114 509 444 540 528
D00 0.0114 331 376 368 456
D00 0.0114 262 263 324 376
D00 0.0114 508 127 540 222
D00 0.0114 256 353 326 493
D00 0.0113 143 307 239 379
D00 0.0113 254 199 309 281
D00 0.0113 374 267 448 362
D00 0.0113 244 411 275 486
D00 0.0113 181 159 222 219
D00 0.0112 183 447 237 537
D00 0.0112 414 364 491 473
D00 0.0112 266 472 294 514
D00 0.0112 1 340 26 389
D00 0.0111 256 227 305 323
D00 0.0111 11 162 94 269
D00 0.0111 484 210 540 269
D00 0.0111 353 423 439 540
D00 0.0111 249 418 328 469
D00 0.0111 108 452 201 512
D00 0.0111 317 241 355 295
D00 0.0111 82 475 111 524
D00 0.0110 131 368 185 461
D00 0.0110 2 430 49 467
D00 0.0110 141 289 204 338
D00 0.0110 81 491 126 540
D00 0.0110 17 428 68 505
D00 0.0110 191 434 278 490
D00 0.0110 158 508 215 540
D00 0.0109 217 193 272 285
D00 0.0109 514 154 540 210
D00 0.0108 411 209 453 235
D00 0.0108 95 106 160 204
D00 0.0108 151 350 202 443
D00 0.0108 19 75 92 183
D00 0.0108 0 251 40 331
D00 0.0108 14 469 69 517
D00 0.0108 165 112 213 182
D00 0.0108 91 83 137 147
D00 0.0107 150 513 194 540
D00 0.0107 316 450 410 537
D00 0.0107 354 348 401 448
D00 0.0107 242 227 286 325
D00 0.0106 119 160 178 216
D00 0.0106 373 391 410 474
D00 0.0106 0 180 56 230
D00 0.0106 135 330 188 430
D00 0.0106 391 81 473 190
D00 0.0105 132 165 191 262
D00 0.0105 94 100 154 154
D00 0.0105 220 330 267 433
D00 0.0105 0 199 24 247
D00 0.0105 47 1 85 71
D00 0.0105 172 288 205 358
D00 0.0104 61 506 156 540
D00 0.0104 323 361 360 434
D00 0.0104 56 357 102 430
D00 0.0104 486 186 540 247
D00 0.0104 119 139 168 161
D00 0.0104 17 254 83 306
D00 0.0104 104 394 160 451
D00 0.0103 379 397 443 521
D00 0.0103 186 349 237 445
D00 0.0103 260 427 381 502
D00 0.0103 365 418 403 503
D00 0.0102 9 36 72 144
D00 0.0102 220 480 274 540
D00 0.0102 504 219 537 274
D00 0.0102 88 418 165 470
D00 0.0102 29 260 98 319
D00 0.0102 369 293 434 348
D00 0.0102 74 228 147 277
D00 0.0102 0 382 31 444
D00 0.0101 59 354 96 393
D00 0.0101 285 257 339 351
D00 0.0101 178 237 242 296
D00 0.0100 85 94 135 183
D00 0.0100 321 275 380 343
D00 0.0100 61 18 84 60
D10 0.1327 452 402 540 440
D10 0.1200 4 338 101 384
D10 0.1099 425 377 540 457
D10 0.1057 364 287 540 358
D10 0.1045 2 235 193 310
D10 0.1040 304 295 430 353
D10 0.1039 317 315 446 361
D10 0.0997 0 241 461 504
D10 0.0948 477 311 539 340
D10 0.0899 464 305 535 353
D10 0.0894 318 253 413 294
D10 0.0874 334 306 512 371
D10 0.0859 294 151 469 221
D10 0.0853 5 385 69 410
D10 0.0813 130 278 208 311
D10 0.0808 296 324 404 357
D10 0.0807 476 407 540 428
D10 0.0803 342 165 440 204
D10 0.0801 272 308 429 373
D10 0.0798 343 304 454 348
D10 0.0777 464 300 532 332
D10 0.0758 0 184 62 207
D10 0.0757 329 330 405 351
D10 0.0748 356 322 480 357
D10 0.0748 0 164 127 214
D10 0.0747 15 243 151 281
D10 0.0701 8 369 85 411
D10 0.0693 314 225 415 258
D10 0.0687 336 264 424 305
D10 0.0679 305 229 433 299
D10 0.0661 333 214 436 247
D10 0.0648 395 303 524 349
D10 0.0640 306 330 381 352
D10 0.0608 76 245 172 277
D10 0.0599 52 251 142 283
D10 0.0588 481 244 539 271
D10 0.0585 121 148 220 180
D10 0.0565 12 347 90 371
D10 0.0549 351 329 433 350
D10 0.0548 0 155 96 198
D10 0.0546 1 233 119 291
D10 0.0543 0 174 86 207
D10 0.0542 283 306 389 349
D10 0.0541 143 287 202 307
D10 0.0538 387 131 534 190
D10 0.0514 1 414 76 455
D10 0.0514 281 136 451 198
D10 0.0505 485 305 536 327
D10 0.0505 11 153 161 201
D10 0.0501 438 137 527 171
D10 0.0501 310 333 394 363
D10 0.0497 489 320 536 342
D10 0.0486 352 225 431 249
D10 0.0485 483 391 540 436
D10 0.0484 381 329 455 351
D10 0.0481 499 315 540 334
D10 0.0480 308 230 388 275
D10 0.0473 31 228 163 271
D10 0.0472 320 230 392 246
D10 0.0471 42 173 130 203
D10 0.0467 288 242 370 282
D10 0.0462 374 215 448 243
D10 0.0460 184 194 293 229
D10 0.0459 20 380 76 403
D10 0.0449 90 281 195 314
D10 0.0447 342 274 490 346
D10 0.0444 125 144 207 170
D10 0.0442 428 315 530 361
D10 0.0440 460 370 534 429
D10 0.0435 439 149 513 174
D10 0.0435 0 241 78 277
D10 0.0432 487 253 534 273
D10 0.0431 372 265 441 303
D10 0.0429 309 227 375 255
D10 0.0423 463 246 540 284
D10 0.0423 70 256 128 275
D10 0.0421 37 251 159 298
D10 0.0418 2 334 70 369
D10 0.0410 337 263 411 287
D10 0.0408 24 353 93 378
D10 0.0398 253 215 342 251
D10 0.0396 346 137 500 199
D10 0.0391 10 248 98 286
D10 0.0386 320 266 445 362
D10 0.0386 1 390 48 408
D10 0.0384 0 187 36 206
D10 0.0383 340 223 414 242
D10 0.0379 29 254 116 281
D10 0.0374 402 328 482 352
D10 0.0373 339 336 409 359
D10 0.0373 241 284 405 363
D10 0.0371 117 289 189 308
D10 0.0370 354 272 416 294
D10 0.0366 0 464 67 509
D10 0.0363 4 248 58 269
D10 0.0359 471 296 530 319
D10 0.0357 121 231 200 268
D10 0.0357 0 376 132 490
D10 0.0354 330 339 388 355
D10 0.0353 404 140 506 172
D10 0.0349 23 328 213 433
D10 0.0348 436 325 510 355
D10 0.0346 493 399 538 425
D10 0.0343 99 243 378 380
D10 0.0343 52 183 124 207
D10 0.0341 379 313 534 407
D10 0.0338 80 251 140 271
D10 0.0335 277 249 346 276
D10 0.0331 472 332 537 381
D10 0.0330 376 197 458 241
D10 0.0328 291 275 528 419
D10 0.0325 27 363 228 482
D10 0.0324 20 420 93 445
D10 0.0324 135 154 210 175
D10 0.0323 142 155 235 189
D10 0.0322 472 353 540 464
D10 0.0322 482 287 540 338
D10 0.0318 340 320 412 348
D10 0.0313 349 247 495 314
D10 0.0312 265 323 366 361
D10 0.0310 36 168 112 195
D10 0.0310 318 254 378 286
D10 0.0308 10 254 67 276
D10 0.0306 72 310 136 359
D10 0.0306 178 226 249 253
D10 0.0306 17 160 195 231
D10 0.0304 423 118 533 168
D10 0.0303 407 393 514 436
D10 0.0301 415 151 527 198
D10 0.0301 88 262 303 357
D10 0.0299 489 313 539 364
D10 0.0298 78 280 151 322
D10 0.0297 380 272 430 294
D10 0.0297 382 354 540 445
D10 0.0296 461 401 529 423
D10 0.0295 4 374 70 429
D10 0.0293 276 399 503 520
D10 0.0293 13 354 80 393
D10 0.0292 131 222 220 259
D10 0.0291 456 408 521 430
D10 0.0289 453 270 540 358
D10 0.0288 265 222 332 241
D10 0.0286 51 292 245 397
D10 0.0286 319 224 379 243
D10 0.0285 337 365 519 478
D10 0.0284 4 222 97 271
D10 0.0283 356 171 435 193
D10 0.0281 13 180 80 201
D10 0.0279 41 246 123 274
D10 0.0279 395 132 498 163
D10 0.0278 430 293 509 331
D10 0.0276 322 322 480 401
D10 0.0276 15 298 105 362
D10 0.0275 77 285 130 313
D10 0.0273 349 118 513 179
D10 0.0272 0 170 153 257
D10 0.0268 8 422 59 446
D10 0.0265 8 353 68 375
D10 0.0264 501 411 540 434
D10 0.0264 346 332 437 364
D10 0.0264 29 159 100 186
D10 0.0263 61 280 127 328
D10 0.0262 176 212 266 249
D10 0.0261 332 229 424 271
D10 0.0261 109 366 295 483
D10 0.0259 2 391 56 424
D10 0.0257 382 224 451 251
D10 0.0256 360 132 460 161
D10 0.0255 18 338 96 364
D10 0.0253 313 252 365 275
D10 0.0252 17 179 110 211
D10 0.0252 317 236 377 261
D10 0.0250 333 16 491 73
D10 0.0249 462 130 536 161
D10 0.0247 506 245 540 267
D10 0.0245 458 231 540 269
D10 0.0244 306 330 422 389
D10 0.0244 405 331 501 364
D10 0.0243 143 294 197 314
D10 0.0243 0 189 48 217
D10 0.0242 42 179 107 200
D10 0.0242 474 98 540 128
D10 0.0239 371 324 432 345
D10 0.0239 84 238 160 267
D10 0.0239 456 144 524 166
D10 0.0239 11 150 86 178
D10 0.0239 349 237 452 287
D10 0.0238 0 327 54 395
D10 0.0237 229 367 411 483
D10 0.0236 193 202 272 223
D10 0.0235 189 206 276 234
D10 0.0235 100 292 181 318
D10 0.0234 0 185 72 223
D10 0.0233 7 136 109 188
D10 0.0233 23 261 103 301
D10 0.0232 15 254 127 335
D10 0.0232 79 314 118 338
D10 0.0230 489 238 534 262
D10 0.0230 137 238 195 256
D10 0.0229 4 393 92 466
D10 0.0229 497 345 533 370
D10 0.0228 8 457 93 502
D10 0.0228 69 284 180 334
D10 0.0227 105 333 291 430
D10 0.0227 446 332 518 364
D10 0.0226 332 324 387 346
D10 0.0225 76 289 117 307
D10 0.0223 8 183 111 232
D10 0.0223 303 333 509 435
D10 0.0223 432 331 494 351
D10 0.0222 332 98 495 156
D10 0.0222 468 247 525 268
D10 0.0222 468 407 539 460
D10 0.0221 395 197 537 293
D10 0.0221 364 265 419 289
D10 0.0221 0 166 63 199
D10 0.0220 224 304 383 383
D10 0.0220 43 263 143 317
D10 0.0218 161 277 407 416
D10 0.0218 7 472 49 498
D10 0.0217 255 323 409 404
D10 0.0217 279 221 348 248
D10 0.0216 14 404 118 448
D10 0.0216 165 153 241 179
D10 0.0216 37 262 106 284
D10 0.0215 307 338 363 355
D10 0.0214 16 385 111 434
D10 0.0214 279 249 359 294
D10 0.0214 262 243 332 272
D10 0.0213 348 338 447 379
D10 0.0212 93 288 149 308
D10 0.0210 15 416 67 440
D10 0.0209 22 248 83 268
D10 0.0208 85 276 143 307
D10 0.0208 178 230 262 266
D10 0.0207 476 56 539 86
D10 0.0206 512 405 540 429
D10 0.0206 145 297 337 388
D10 0.0206 59 260 118 282
D10 0.0204 429 332 526 381
D10 0.0203 300 319 370 349
D10 0.0200 502 307 540 350
D10 0.0199 201 175 285 204
D10 0.0198 497 358 540 433
D10 0.0198 25 370 79 399
D10 0.0197 73 180 131 200
D10 0.0196 19 300 97 331
D10 0.0196 197 334 370 428
D10 0.0195 503 401 540 445
D10 0.0194 0 90 84 123
D10 0.0194 149 146 225 173
D10 0.0193 209 315 449 460
D10 0.0193 267 254 322 272
D10 0.0193 399 335 469 360
D10 0.0192 22 187 87 205
D10 0.0191 420 146 489 167
D10 0.0191 365 212 429 236
D10 0.0191 352 216 449 267
D10 0.0189 336 254 407 280
D10 0.0188 5 234 69 267
D10 0.0187 497 243 538 288
D10 0.0186 165 233 229 260
D10 0.0185 482 121 539 154
D10 0.0184 0 393 66 447
D10 0.0184 0 85 66 110
D10 0.0184 407 151 487 177
D10 0.0183 382 336 493 380
D10 0.0183 5 325 90 361
D10 0.0182 33 287 114 335
D10 0.0182 150 230 207 251
D10 0.0181 324 262 386 296
D10 0.0181 67 180 158 212
D10 0.0181 84 281 125 302
D10 0.0181 444 155 519 182
D10 0.0181 463 348 532 409
D10 0.0180 149 161 216 182
D10 0.0180 321 245 387 273
D10 0.0180 427 218 525 261
D10 0.0178 79 320 127 347
D10 0.0178 123 9 392 100
D10 0.0177 493 51 539 75
D10 0.0176 374 225 506 295
D10 0.0175 1 153 57 174
D10 0.0175 68 276 122 307
D10 0.0175 442 225 538 292
D10 0.0175 418 338 533 420
D10 0.0173 0 156 64 187
D10 0.0171 189 221 253 242
D10 0.0171 32 368 123 418
D10 0.0171 416 317 491 349
D10 0.0171 492 94 537 117
D10 0.0170 484 326 530 357
D10 0.0169 284 327 356 353
D10 0.0168 211 169 298 195
D10 0.0168 300 256 373 304
D10 0.0168 490 134 537 156
D10 0.0166 0 254 38 276
D10 0.0166 476 40 540 72
D10 0.0165 3 417 40 453
D10 0.0165 384 261 456 291
D10 0.0165 312 206 410 244
D10 0.0164 361 339 422 357
D10 0.0164 284 338 377 383
D10 0.0163 20 262 77 286
D10 0.0163 198 230 260 250
D10 0.0163 171 229 226 250
D10 0.0163 475 180 540 220
D10 0.0163 371 176 443 202
D10 0.0162 231 177 321 202
D10 0.0162 403 324 465 345
D10 0.0162 108 281 177 303
D10 0.0162 390 210 450 235
D10 0.0162 338 237 408 257
D10 0.0161 406 373 511 423
D10 0.0161 50 284 112 316
D10 0.0161 76 293 142 344
D10 0.0161 467 151 540 195
D10 0.0161 36 202 151 258
D10 0.0160 299 224 350 242
D10 0.0160 36 154 90 176
D10 0.0160 449 20 532 66
D10 0.0160 190 221 281 259
D10 0.0160 348 34 430 61
D10 0.0159 508 236 540 261
D10 0.0159 388 128 465 153
D10 0.0159 358 0 503 53
D10 0.0159 338 454 499 537
D10 0.0158 270 462 405 534
D10 0.0158 440 398 509 427
D10 0.0158 466 276 540 324
D10 0.0158 502 326 540 355
D10 0.0157 83 301 191 354
D10 0.0157 295 119 429 176
D10 0.0157 408 138 480 157
D10 0.0156 17 171 80 193
D10 0.0156 42 376 159 445
D10 0.0156 64 171 122 194
D10 0.0156 0 71 79 108
D10 0.0156 161 237 213 255
D10 0.0156 350 277 410 302
D10 0.0155 277 215 333 235
D10 0.0154 11 466 57 491
D10 0.0154 377 483 459 525
D10 0.0154 0 371 48 415
D10 0.0154 0 100 53 129
D10 0.0154 286 267 362 312
D10 0.0153 237 238 321 276
D10 0.0153 171 267 236 299
D10 0.0152 415 167 523 220
D10 0.0152 15 419 121 471
D10 0.0152 343 135 420 160
D10 0.0152 0 141 74 173
D10 0.0151 376 157 467 201
D10 0.0151 0 101 171 192
D10 0.0151 10 13 76 41
D10 0.0151 252 305 345 350
D10 0.0151 76 294 115 317
D10 0.0150 365 233 432 261
D10 0.0148 214 184 290 215
D10 0.0148 511 321 540 343
D10 0.0148 15 471 111 518
D10 0.0148 135 490 206 536
D10 0.0147 349 150 422 185
D10 0.0147 490 352 529 377
D10 0.0147 185 237 242 257
D10 0.0147 17 395 67 416
D10 0.0146 500 186 540 209
D10 0.0146 0 238 46 262
D10 0.0146 383 138 453 154
D10 0.0145 148 274 194 306
D10 0.0145 0 256 54 287
D10 0.0145 390 264 487 299
D10 0.0144 33 360 90 389
D10 0.0144 0 120 198 252
D10 0.0144 71 298 117 335
D10 0.0143 116 380 236 445
D10 0.0143 52 339 96 378
D10 0.0142 481 81 538 113
D10 0.0142 32 270 94 291
D10 0.0141 4 460 38 496
D10 0.0141 503 336 540 365
D10 0.0140 301 229 351 253
D10 0.0140 273 284 367 340
D10 0.0140 1 442 66 497
D10 0.0140 4 198 90 258
D10 0.0140 94 139 177 171
D10 0.0140 409 159 480 185
D10 0.0139 33 386 86 407
D10 0.0139 48 160 119 189
D10 0.0138 155 216 223 247
D10 0.0137 506 102 540 125
D10 0.0137 492 341 540 390
D10 0.0137 0 295 81 341
D10 0.0136 322 337 398 379
D10 0.0136 383 277 439 300
D10 0.0135 351 199 427 232
D10 0.0135 419 163 540 268
D10 0.0135 506 353 540 377
D10 0.0134 2 95 56 116
D10 0.0134 390 338 447 358
D10 0.0134 503 59 540 81
D10 0.0134 385 141 468 165
D10 0.0134 432 338 494 358
D10 0.0134 318 464 443 531
D10 0.0134 20 473 81 496
D10 0.0134 444 298 496 321
D10 0.0133 2 329 55 357
D10 0.0133 500 178 540 202
D10 0.0132 490 287 535 311
D10 0.0132 46 308 109 342
D10 0.0132 6 177 46 205
D10 0.0132 271 256 333 287
D10 0.0132 502 296 540 319
D10 0.0132 456 340 523 374
D10 0.0132 503 126 540 149
D10 0.0131 44 415 129 452
D10 0.0131 313 102 441 148
D10 0.0131 0 114 51 145
D10 0.0130 505 43 540 68
D10 0.0130 512 305 540 328
D10 0.0130 466 153 532 173
D10 0.0129 11 267 88 311
D10 0.0129 260 277 338 320
D10 0.0129 36 371 95 407
D10 0.0129 354 250 422 285
D10 0.0129 360 473 444 514
D10 0.0128 479 335 527 364
D10 0.0128 500 226 539 270
D10 0.0128 87 294 133 317
D10 0.0127 0 381 38 404
D10 0.0127 379 396 503 464
D10 0.0126 412 236 515 280
D10 0.0126 0 160 43 183
D10 0.0126 447 320 501 347
D10 0.0126 78 263 131 299
D10 0.0126 489 259 532 284
D10 0.0126 120 293 196 336
D10 0.0125 10 361 64 386
D10 0.0124 384 227 460 268
D10 0.0124 327 217 388 252
D10 0.0124 417 0 533 54
D10 0.0124 0 144 44 168
D10 0.0123 432 139 494 160
D10 0.0123 48 297 104 318
D10 0.0122 467 239 524 261
D10 0.0122 62 303 108 327
D10 0.0122 54 263 117 298
D10 0.0121 271 452 370 509
D10 0.0121 173 352 311 451
D10 0.0120 486 32 540 62
D10 0.0120 54 235 126 267
D10 0.0120 21 214 102 253
D10 0.0120 385 479 450 507
D10 0.0120 0 179 26 202
D10 0.0120 305 260 354 283
D10 0.0117 269 477 340 532
D10 0.0117 491 67 536 90
D10 0.0117 0 78 44 100
D10 0.0117 482 138 540 170
D10 0.0117 0 169 33 195
D10 0.0117 336 6 453 49
D10 0.0116 447 253 525 297
D10 0.0116 159 488 233 536
D10 0.0116 83 187 141 207
D10 0.0116 494 109 537 134
D10 0.0115 18 400 78 437
D10 0.0115 14 428 66 452
D10 0.0114 409 282 501 323
D10 0.0114 135 362 250 432
D10 0.0114 436 305 499 342
D10 0.0114 339 329 377 351
D10 0.0114 269 259 346 306
D10 0.0113 222 482 297 538
D10 0.0113 0 259 71 304
D10 0.0113 369 164 436 186
D10 0.0113 490 167 540 197
D10 0.0113 357 445 475 515
D10 0.0113 18 189 87 217
D10 0.0113 41 18 87 39
D10 0.0113 282 236 340 264
D10 0.0113 493 117 536 144
D10 0.0112 95 447 167 493
D10 0.0112 351 141 425 169
D10 0.0112 450 200 532 254
D10 0.0112 415 256 505 294
D10 0.0111 416 188 508 228
D10 0.0111 385 289 483 330
D10 0.0111 83 388 169 434
D10 0.0111 85 61 140 80
D10 0.0110 121 390 199 432
D10 0.0110 508 169 540 192
D10 0.0110 27 297 88 319
D10 0.0110 18 88 76 108
D10 0.0110 401 215 474 257
D10 0.0110 506 35 540 57
D10 0.0109 6 292 71 324
D10 0.0109 292 206 371 249
D10 0.0109 157 240 213 270
D10 0.0109 56 184 164 232
D10 0.0109 461 47 530 78
D10 0.0109 290 211 352 239
D10 0.0108 35 221 122 263
D10 0.0108 431 160 491 180
D10 0.0108 43 151 110 180
D10 0.0108 0 216 60 247
D10 0.0108 119 270 186 308
D10 0.0108 350 279 408 356
D10 0.0108 85 303 130 328
D10 0.0108 377 309 441 342
D10 0.0107 460 254 515 275
D10 0.0107 63 189 128 216
D10 0.0107 475 23 539 52
D10 0.0107 41 417 97 438
D10 0.0107 6 403 50 431
D10 0.0107 336 213 401 236
D10 0.0107 304 275 380 322
D10 0.0107 497 162 540 183
D10 0.0107 514 386 540 431
D10 0.0107 30 316 104 351
D10 0.0107 65 403 152 448
D10 0.0107 125 218 190 250
D10 0.0107 153 244 200 264
D10 0.0106 298 446 421 516
D10 0.0106 253 247 301 268
D10 0.0106 127 329 207 371
D10 0.0105 520 309 540 341
D10 0.0105 485 149 540 180
D10 0.0105 5 26 52 47
D10 0.0105 23 75 95 102
D10 0.0104 440 226 512 254
D10 0.0104 452 414 521 468
D10 0.0104 240 329 357 393
D10 0.0103 398 168 462 197
D10 0.0103 76 370 166 420
D10 0.0103 507 260 540 285
D10 0.0103 239 270 313 313
D10 0.0103 5 424 73 479
D10 0.0102 0 396 36 419
D10 0.0102 398 271 463 291
D10 0.0102 322 328 361 352
D10 0.0102 494 420 536 444
D10 0.0102 502 193 540 217
D10 0.0101 394 472 471 516
D10 0.0101 131 394 255 461
D10 0.0101 107 480 189 529
D10 0.0101 494 27 538 48
D10 0.0101 453 385 520 420
D10 0.0101 141 396 216 437
D10 0.0101 134 285 191 320
D10 0.0101 25 237 79 261
D10 0.0100 247 252 324 295
D10 0.0100 258 453 329 506
D10 0.0100 450 171 540 209
D10 0.0100 360 382 482 444
D10 0.0100 390 310 462 353
D10 0.0100 84 227 156 257
D10 0.0100 0 17 36 39
D20 0.5117 49 33 517 396
D20 0.3642 17 99 433 519
D20 0.2735 249 30 540 334
D20 0.2679 19 170 237 534
D20 0.2496 77 79 519 253
D20 0.2156 189 99 529 540
D20 0.1895 85 164 496 337
D20 0.1559 15 280 540 540
D20 0.1463 34 18 442 186
D20 0.1391 35 43 336 343
D20 0.1278 198 11 540 207
D20 0.1248 58 180 348 427
D20 0.1165 3 253 128 394
D20 0.1137 357 5 540 451
D20 0.1083 2 200 192 428
D20 0.1060 11 131 278 379
D20 0.0980 302 162 460 292
D20 0.0961 0 232 154 540
D20 0.0918 56 248 215 345
D20 0.0884 355 275 540 351
D20 0.0789 207 362 540 540
D20 0.0776 17 350 300 540
D20 0.0749 349 39 540 115
D20 0.0729 271 214 537 411
D20 0.0729 126 165 285 256
D20 0.0724 1 303 105 416
D20 0.0721 382 87 540 173
D20 0.0714 267 130 462 206
D20 0.0682 55 20 224 105
D20 0.0664 29 21 281 235
D20 0.0646 274 79 513 229
D20 0.0617 7 240 161 337
D20 0.0575 368 211 540 511
D20 0.0572 234 89 419 179
D20 0.0568 296 257 437 353
D20 0.0551 373 124 540 205
D20 0.0539 290 36 467 115
D20 0.0528 0 0 214 399
D20 0.0510 410 44 540 148
D20 0.0475 182 183 282 225
D20 0.0471 451 348 540 479
D20 0.0466 292 10 462 82
D20 0.0460 0 405 205 540
D20 0.0447 46 9 158 116
D20 0.0436 60 13 200 74
D20 0.0422 142 155 245 307
D20 0.0415 237 217 388 299
D20 0.0396 132 69 463 175
D20 0.0393 1 200 160 304
D20 0.0381 56 0 339 125
D20 0.0381 317 113 503 201
D20 0.0372 451 63 540 179
D20 0.0369 470 213 540 356
D20 0.0363 0 119 139 199
D20 0.0360 359 11 539 84
D20 0.0354 360 63 540 257
D20 0.0351 0 125 140 382
D20 0.0346 0 327 97 382
D20 0.0343 0 134 86 263
D20 0.0341 165 304 419 540
D20 0.0340 441 128 531 166
D20 0.0334 253 244 402 340
D20 0.0329 269 434 500 535
D20 0.0329 0 200 95 338
D20 0.0324 233 0 523 123
D20 0.0324 106 39 417 137
D20 0.0306 0 315 62 373
D20 0.0302 367 0 540 171
D20 0.0299 451 108 540 246
D20 0.0297 19 7 205 171
D20 0.0295 267 228 352 271
D20 0.0294 0 309 65 443
D20 0.0291 407 308 540 540
D20 0.0280 436 15 540 115
D20 0.0280 491 305 540 380
D20 0.0268 0 93 85 210
D20 0.0267 511 184 540 262
D20 0.0264 487 360 540 494
D20 0.0258 458 118 540 159
D20 0.0254 334 280 426 404
D20 0.0247 127 0 306 206
D20 0.0244 134 0 455 296
D20 0.0242 498 232 539 302
D20 0.0240 474 285 537 353
D20 0.0240 0 102 230 298
D20 0.0237 482 36 540 154
D20 0.0234 2 154 142 241
D20 0.0227 101 0 246 89
D20 0.0218 287 53 406 190
D20 0.0217 194 33 393 238
D20 0.0215 0 289 38 370
D20 0.0214 82 19 171 57
D20 0.0210 469 44 540 84
D20 0.0205 129 469 302 540
D20 0.0202 0 269 71 384
D20 0.0202 303 281 394 407
D20 0.0199 276 27 501 167
D20 0.0199 362 254 463 372
D20 0.0198 317 72 440 209
D20 0.0196 285 250 380 380
D20 0.0196 345 127 540 320
D20 0.0196 0 375 101 540
D20 0.0195 0 0 143 220
D20 0.0193 500 211 540 278
D20 0.0193 0 6 149 83
D20 0.0193 475 95 540 150
D20 0.0187 253 40 375 167
D20 0.0184 54 3 136 40
D20 0.0184 19 166 130 290
D20 0.0181 321 31 441 155
D20 0.0179 0 129 40 201
D20 0.0178 493 270 540 342
D20 0.0174 0 121 58 223
D20 0.0173 7 2 95 36
D20 0.0173 205 232 369 322
D20 0.0172 496 37 540 101
D20 0.0172 496 72 540 139
D20 0.0171 291 18 407 140
D20 0.0169 0 369 45 443
D20 0.0167 473 424 540 540
D20 0.0166 383 278 488 401
D20 0.0165 510 157 540 225
D20 0.0164 38 0 163 56
D20 0.0163 163 9 426 99
D20 0.0160 251 470 423 540
D20 0.0160 57 277 111 355
D20 0.0158 492 168 540 318
D20 0.0157 432 16 540 285
D20 0.0156 0 105 43 173
D20 0.0156 495 108 540 177
D20 0.0155 358 196 437 244
D20 0.0155 321 0 500 65
D20 0.0155 0 2 59 48
D20 0.0153 15 47 106 177
D20 0.0153 375 71 491 204
D20 0.0152 86 51 137 123
D20 0.0152 45 0 111 101
D20 0.0151 491 66 540 200
D20 0.0149 509 22 540 85
D20 0.0149 0 135 74 178
D20 0.0148 495 387 540 447
D20 0.0148 458 29 540 68
D20 0.0147 82 5 202 49
D20 0.0147 19 352 77 418
D20 0.0146 309 213 374 267
D20 0.0143 44 0 101 44
D20 0.0141 4 356 58 424
D20 0.0141 0 467 41 540
D20 0.0139 3 468 115 540
D20 0.0137 0 169 40 227
D20 0.0136 400 165 540 262
D20 0.0136 423 98 515 196
D20 0.0133 340 0 451 105
D20 0.0130 189 194 275 241
D20 0.0129 515 388 540 457
D20 0.0128 330 226 414 280
D20 0.0127 277 0 389 97
D20 0.0127 374 17 490 125
D20 0.0126 483 252 535 326
D20 0.0124 10 100 66 189
D20 0.0123 47 90 139 212
D20 0.0121 508 49 540 127
D20 0.0120 0 154 62 206
D20 0.0120 0 17 109 125
D20 0.0120 498 4 540 73
D20 0.0120 516 90 540 159
D20 0.0118 475 111 529 171
D20 0.0118 112 0 324 60
D20 0.0118 7 247 73 296
D20 0.0118 0 226 43 288
D20 0.0117 88 9 137 67
D20 0.0117 338 377 512 540
D20 0.0116 20 157 96 201
D20 0.0116 0 190 51 328
D20 0.0116 470 3 540 89
D20 0.0116 430 0 540 61
D20 0.0114 29 296 108 364
D20 0.0114 515 299 540 372
D20 0.0114 0 45 65 183
D20 0.0114 510 125 540 200
D20 0.0114 62 0 113 63
D20 0.0111 192 175 249 237
D20 0.0111 22 0 67 16
D20 0.0109 0 192 31 268
D20 0.0108 377 207 428 268
D20 0.0108 519 176 540 237
D20 0.0107 519 207 540 267
D20 0.0106 220 0 428 58
D20 0.0106 482 234 526 300
D20 0.0106 0 85 44 145
D20 0.0105 29 279 105 340
D20 0.0105 281 204 336 271
D20 0.0105 368 423 457 540
D20 0.0104 90 0 156 46
D20 0.0102 516 361 540 434
D20 0.0101 35 0 75 47
D20 0.0101 0 0 26 16
D20 0.0101 516 241 540 316
D20 0.0100 0 319 26 388
D40 0.3146 285 182 337 207
D40 0.2732 80 110 519 280
D40 0.2504 100 243 175 280
D40 0.2187 255 157 433 232
D40 0.2175 460 295 512 325
D40 0.2122 72 231 211 308
D40 0.2027 228 139 416 214
D40 0.1857 58 167 467 340
D40 0.1852 111 246 171 268
D40 0.1803 222 128 492 322
D40 0.1694 237 177 404 254
D40 0.1691 268 184 335 218
D40 0.1659 6 185 296 367
D40 0.1522 140 169 461 270
D40 0.1499 129 139 471 237
D40 0.1499 290 163 458 264
D40 0.1483 169 163 375 233
D40 0.1461 124 76 294 148
D40 0.1460 456 292 519 347
D40 0.1355 186 201 518 516
D40 0.1352 282 179 366 210
D40 0.1284 49 157 347 296
D40 0.1244 66 73 242 149
D40 0.1215 84 91 420 224
D40 0.1163 260 180 521 371
D40 0.1147 106 248 189 295
D40 0.1133 176 124 382 199
D40 0.1108 141 91 352 166
D40 0.1104 418 279 540 358
D40 0.1099 142 62 315 126
D40 0.1094 57 207 295 304
D40 0.1091 31 242 205 332
D40 0.1066 80 86 156 121
D40 0.1064 60 52 209 131
D40 0.1059 39 40 355 213
D40 0.1035 121 109 297 187
D40 0.1034 258 193 478 307
D40 0.1004 112 202 404 299
D40 0.1000 135 148 323 225
D40 0.1000 268 155 409 198
D40 0.0991 95 218 212 282
D40 0.0985 250 175 343 208
D40 0.0968 160 102 235 140
D40 0.0967 223 105 410 187
D40 0.0958 278 192 333 212
D40 0.0952 116 238 184 263
D40 0.0914 351 57 540 127
D40 0.0913 287 169 427 210
D40 0.0903 107 193 227 313
D40 0.0881 87 93 138 116
D40 0.0881 187 191 372 263
D40 0.0872 244 128 351 165
D40 0.0865 63 27 134 66
D40 0.0860 454 256 534 351
D40 0.0859 262 189 377 231
D40 0.0858 273 166 359 221
D40 0.0849 153 176 303 239
D40 0.0844 33 320 492 529
D40 0.0809 311 103 392 142
D40 0.0802 187 170 259 217
D40 0.0799 457 283 533 324
D40 0.0799 103 97 247 159
D40 0.0789 278 112 510 256
D40 0.0786 164 107 495 205
D40 0.0770 187 79 266 111
D40 0.0767 72 69 181 118
D40 0.0756 172 266 205 303
D40 0.0756 159 88 241 123
D40 0.0733 452 76 533 114
D40 0.0733 164 112 253 148
D40 0.0729 308 230 504 336
D40 0.0719 138 246 211 311
D40 0.0712 209 175 352 218
D40 0.0692 95 253 160 274
D40 0.0687 459 397 535 459
D40 0.0682 290 271 540 540
D40 0.0674 332 165 417 203
D40 0.0670 351 259 538 344
D40 0.0665 63 31 161 120
D40 0.0663 46 84 135 116
D40 0.0655 80 85 202 131
D40 0.0651 186 73 381 155
D40 0.0650 134 155 272 265
D40 0.0648 97 42 283 115
D40 0.0643 250 135 388 184
D40 0.0642 187 189 335 232
D40 0.0637 68 34 115 58
D40 0.0635 307 181 349 208
D40 0.0633 85 220 256 357
D40 0.0631 251 208 407 286
D40 0.0630 287 170 342 199
D40 0.0627 116 58 237 134
D40 0.0622 163 86 289 131
D40 0.0613 23 68 176 139
D40 0.0609 236 11 427 75
D40 0.0607 57 250 178 300
D40 0.0593 468 292 537 365
D40 0.0593 68 28 124 50
D40 0.0592 133 73 255 115
D40 0.0591 153 46 337 108
D40 0.0590 52 12 276 174
D40 0.0589 288 53 466 132
D40 0.0574 293 183 419 232
D40 0.0571 63 59 131 122
D40 0.0566 315 74 516 145
D40 0.0566 2 311 102 385
D40 0.0563 255 146 348 207
D40 0.0558 114 135 255 188
D40 0.0555 355 80 448 113
D40 0.0554 120 251 182 275
D40 0.0553 447 389 539 511
D40 0.0551 135 81 221 141
D40 0.0550 393 78 540 140
D40 0.0538 223 231 456 326
D40 0.0531 212 196 291 233
D40 0.0530 58 21 240 102
D40 0.0523 32 67 253 262
D40 0.0521 54 229 180 271
D40 0.0518 475 383 540 444
D40 0.0514 272 71 446 161
D40 0.0513 210 44 395 113
D40 0.0509 90 98 163 125
D40 0.0506 102 71 431 172
D40 0.0504 278 152 387 285
D40 0.0504 249 195 333 236
D40 0.0501 290 164 382 202
D40 0.0501 0 321 55 374
D40 0.0498 119 233 380 324
D40 0.0496 296 28 388 61
D40 0.0494 274 23 454 96
D40 0.0491 133 122 252 167
D40 0.0489 162 175 242 222
D40 0.0489 155 131 295 206
D40 0.0487 392 288 521 340
D40 0.0485 166 252 216 306
D40 0.0483 101 98 341 345
D40 0.0481 49 192 213 280
D40 0.0480 168 94 224 131
D40 0.0478 431 86 526 119
D40 0.0477 467 290 522 313
D40 0.0475 78 86 124 112
D40 0.0475 397 80 511 110
D40 0.0469 247 203 359 253
D40 0.0464 292 188 357 214
D40 0.0460 61 136 295 234
D40 0.0460 337 177 452 238
D40 0.0460 239 61 324 92
D40 0.0460 193 109 339 181
D40 0.0459 104 266 207 311
D40 0.0459 3 9 56 30
D40 0.0459 312 159 458 201
D40 0.0457 306 86 394 125
D40 0.0456 201 70 287 103
D40 0.0448 79 39 377 135
D40 0.0443 255 88 348 123
D40 0.0439 178 95 269 157
D40 0.0438 337 92 535 174
D40 0.0437 248 112 352 154
D40 0.0436 465 90 540 118
D40 0.0431 140 110 222 149
D40 0.0427 232 205 318 241
D40 0.0426 370 380 534 540
D40 0.0422 201 84 287 120
D40 0.0418 181 122 284 153
D40 0.0418 470 299 522 332
D40 0.0417 168 124 324 163
D40 0.0416 184 156 340 204
D40 0.0412 282 184 341 240
D40 0.0412 143 73 244 185
D40 0.0411 139 154 262 202
D40 0.0411 420 274 523 327
D40 0.0410 54 13 181 74
D40 0.0409 307 116 388 158
D40 0.0407 219 132 323 161
D40 0.0402 261 113 374 232
D40 0.0401 411 43 536 111
D40 0.0400 88 43 189 110
D40 0.0399 445 61 527 101
D40 0.0399 0 332 39 367
D40 0.0399 348 171 431 220
D40 0.0396 153 181 287 302
D40 0.0395 116 194 238 260
D40 0.0393 270 80 363 114
D40 0.0392 126 236 259 321
D40 0.0389 172 29 256 62
D40 0.0389 330 45 500 107
D40 0.0387 288 196 374 266
D40 0.0386 430 510 504 540
D40 0.0385 451 49 537 142
D40 0.0385 330 29 422 62
D40 0.0381 192 89 395 292
D40 0.0381 464 85 523 108
D40 0.0381 288 115 356 170
D40 0.0380 240 141 333 178
D40 0.0380 67 31 113 77
D40 0.0379 257 1 343 32
D40 0.0378 77 79 178 160
D40 0.0378 124 24 297 95
D40 0.0376 165 141 324 181
D40 0.0374 0 1 71 33
D40 0.0374 410 95 509 128
D40 0.0372 83 113 221 172
D40 0.0368 85 70 137 114
D40 0.0365 164 95 218 116
D40 0.0364 169 191 245 231
D40 0.0363 221 33 383 86
D40 0.0363 279 19 375 55
D40 0.0363 42 100 259 191
D40 0.0362 5 80 130 134
D40 0.0361 139 52 223 87
D40 0.0357 53 93 114 114
D40 0.0356 207 85 265 106
D40 0.0355 434 3 517 35
D40 0.0355 127 141 243 221
D40 0.0354 315 432 514 537
D40 0.0353 197 1 281 34
D40 0.0349 168 56 288 98
D40 0.0348 122 236 196 282
D40 0.0347 59 22 130 98
D40 0.0346 57 14 137 50
D40 0.0345 248 68 334 101
D40 0.0345 121 241 157 272
D40 0.0345 110 260 171 283
D40 0.0345 129 153 221 188
D40 0.0344 16 35 208 210
D40 0.0344 179 201 308 245
D40 0.0344 390 88 485 115
D40 0.0343 179 134 317 306
D40 0.0341 218 210 355 273
D40 0.0341 151 210 228 282
D40 0.0341 84 62 172 102
D40 0.0339 297 145 398 185
D40 0.0338 116 80 214 116
D40 0.0336 148 85 217 112
D40 0.0335 251 137 336 158
D40 0.0335 0 83 154 168
D40 0.0334 120 59 208 96
D40 0.0334 94 102 182 139
D40 0.0332 380 71 473 108
D40 0.0329 333 52 423 89
D40 0.0328 74 24 147 53
D40 0.0328 173 106 218 136
D40 0.0328 437 130 527 168
D40 0.0327 258 221 345 261
D40 0.0325 175 10 357 77
D40 0.0325 88 51 152 129
D40 0.0323 181 168 248 198
D40 0.0323 158 20 235 55
D40 0.0322 64 25 99 54
D40 0.0321 84 246 154 288
D40 0.0321 294 130 440 203
D40 0.0320 105 69 200 106
D40 0.0319 71 316 136 365
D40 0.0319 466 241 530 322
D40 0.0318 172 222 255 256
D40 0.0318 97 225 174 264
D40 0.0317 33 214 162 293
D40 0.0315 0 319 69 405
D40 0.0314 194 179 236 217
D40 0.0313 75 33 205 84
D40 0.0312 124 107 251 293
D40 0.0309 250 64 411 124
D40 0.0309 123 59 313 274
D40 0.0309 137 241 186 271
D40 0.0308 115 97 214 134
D40 0.0308 241 96 334 133
D40 0.0307 99 241 161 263
D40 0.0307 4 345 53 368
D40 0.0307 359 129 533 227
D40 0.0306 418 35 502 70
D40 0.0306 319 61 413 97
D40 0.0305 376 87 441 108
D40 0.0304 241 202 288 240
D40 0.0304 370 29 533 95
D40 0.0304 1 319 26 364
D40 0.0304 80 257 174 329
D40 0.0303 302 87 369 146
D40 0.0302 278 38 376 69
D40 0.0302 21 89 114 121
D40 0.0302 0 122 178 197
D40 0.0301 270 9 361 44
D40 0.0300 37 143 227 212
D40 0.0299 155 260 205 295
D40 0.0299 415 10 500 41
D40 0.0298 217 96 311 158
D40 0.0298 2 146 77 204
D40 0.0297 172 57 278 166
D40 0.0297 482 399 537 497
D40 0.0297 468 349 528 440
D40 0.0297 5 240 127 337
D40 0.0296 465 7 536 33
D40 0.0296 361 88 510 124
D40 0.0296 324 95 420 128
D40 0.0295 259 221 324 240
D40 0.0295 337 69 431 108
D40 0.0294 318 16 469 73
D40 0.0293 227 204 284 227
D40 0.0292 121 130 209 167
D40 0.0292 193 166 294 203
D40 0.0292 26 238 127 294
D40 0.0291 388 471 540 540
D40 0.0291 403 62 507 101
D40 0.0291 496 394 540 460
D40 0.0290 234 164 337 200
D40 0.0290 431 296 506 337
D40 0.0289 138 93 214 119
D40 0.0289 331 35 386 57
D40 0.0288 456 94 519 114
D40 0.0287 355 93 444 126
D40 0.0286 466 76 520 101
D40 0.0286 168 119 225 141
D40 0.0286 208 78 267 100
D40 0.0285 275 137 348 170
D40 0.0285 307 201 433 254
D40 0.0285 262 118 400 172
D40 0.0284 94 85 127 118
D40 0.0284 311 169 387 218
D40 0.0283 234 22 366 64
D40 0.0283 281 202 332 224
D40 0.0283 11 161 182 303
D40 0.0282 172 102 233 124
D40 0.0280 71 41 120 65
D40 0.0280 301 71 395 106
D40 0.0279 219 58 343 133
D40 0.0279 198 138 300 166
D40 0.0278 327 41 409 78
D40 0.0278 427 429 532 540
D40 0.0278 461 91 535 163
D40 0.0276 447 10 504 31
D40 0.0276 274 178 320 204
D40 0.0276 417 119 539 198
D40 0.0274 318 111 380 135
D40 0.0273 38 68 125 110
D40 0.0273 494 278 540 348
D40 0.0271 323 158 406 188
D40 0.0271 373 264 464 299
D40 0.0271 226 138 343 253
D40 0.0270 154 61 244 97
D40 0.0268 243 49 335 79
D40 0.0268 240 77 330 113
D40 0.0266 106 67 214 179
D40 0.0266 66 99 162 145
D40 0.0266 301 179 340 221
D40 0.0266 130 187 223 227
D40 0.0265 305 179 373 202
D40 0.0264 270 93 357 136
D40 0.0263 189 134 275 158
D40 0.0263 371 247 516 315
D40 0.0263 171 208 312 272
D40 0.0263 263 169 341 262
D40 0.0263 98 14 245 70
D40 0.0262 407 18 494 50
D40 0.0262 164 90 223 168
D40 0.0260 408 102 534 153
D40 0.0259 314 109 367 149
D40 0.0259 239 9 325 44
D40 0.0259 163 227 241 299
D40 0.0258 183 38 280 71
D40 0.0258 9 2 62 24
D40 0.0258 458 298 497 337
D40 0.0258 395 16 535 73
D40 0.0257 155 34 238 72
D40 0.0257 30 151 116 201
D40 0.0257 120 44 207 81
D40 0.0256 247 211 299 236
D40 0.0256 97 206 200 255
D40 0.0256 2 158 111 229
D40 0.0256 171 80 226 116
D40 0.0255 186 193 233 219
D40 0.0255 44 87 106 108
D40 0.0255 167 9 244 47
D40 0.0255 113 43 246 216
D40 0.0255 56 42 140 164
D40 0.0254 195 85 261 135
D40 0.0254 81 26 174 64
D40 0.0254 67 42 143 85
D40 0.0254 122 233 175 255
D40 0.0253 437 488 523 539
D40 0.0252 200 92 257 113
D40 0.0252 98 93 187 120
D40 0.0251 211 94 302 132
D40 0.0250 323 180 398 211
D40 0.0249 48 39 116 112
D40 0.0248 459 125 536 186
D40 0.0248 179 24 247 51
D40 0.0248 178 35 233 55
D40 0.0248 206 180 296 222
D40 0.0248 88 252 124 279
D40 0.0247 215 0 391 59
D40 0.0247 344 133 438 167
D40 0.0247 159 200 235 242
D40 0.0247 60 133 205 187
D40 0.0247 269 9 330 28
D40 0.0246 427 51 511 94
D40 0.0246 346 0 434 34
D40 0.0246 5 232 83 293
D40 0.0245 76 256 136 286
D40 0.0245 315 79 414 115
D40 0.0244 312 167 379 261
D40 0.0244 158 102 211 125
D40 0.0244 96 236 162 308
D40 0.0243 227 153 326 190
D40 0.0243 194 103 284 142
D40 0.0242 179 75 239 148
D40 0.0242 239 6 309 31
D40 0.0242 465 458 528 535
D40 0.0241 182 108 253 137
D40 0.0241 186 167 232 232
D40 0.0240 464 420 528 504
D40 0.0240 290 134 361 192
D40 0.0239 366 94 436 114
D40 0.0239 255 238 342 275
D40 0.0239 163 122 231 151
D40 0.0239 182 97 253 125
D40 0.0238 68 20 124 41
D40 0.0238 215 10 293 45
D40 0.0238 171 139 268 171
D40 0.0238 383 272 441 293
D40 0.0238 374 192 453 243
D40 0.0234 173 28 224 49
D40 0.0234 258 129 342 152
D40 0.0234 451 98 524 125
D40 0.0234 229 55 369 94
D40 0.0233 402 102 491 140
D40 0.0233 356 57 439 100
D40 0.0233 36 95 95 115
D40 0.0232 104 69 172 145
D40 0.0231 113 244 150 279
D40 0.0230 185 86 304 211
D40 0.0230 173 216 239 246
D40 0.0229 171 76 248 103
D40 0.0228 334 122 426 158
D40 0.0227 214 54 300 87
D40 0.0227 102 83 151 113
D40 0.0227 287 5 359 31
D40 0.0226 90 77 146 103
D40 0.0225 517 198 539 250
D40 0.0225 3 206 118 292
D40 0.0225 0 104 66 141
D40 0.0225 173 44 259 80
D40 0.0224 192 118 268 145
D40 0.0223 449 10 534 44
D40 0.0222 56 239 138 353
D40 0.0222 184 230 243 250
D40 0.0222 482 293 532 324
D40 0.0221 251 68 311 89
D40 0.0221 298 89 371 117
D40 0.0221 17 138 126 187
D40 0.0219 147 74 216 103
D40 0.0219 175 87 240 108
D40 0.0219 441 263 503 345
D40 0.0219 142 166 228 212
D40 0.0218 399 2 488 36
D40 0.0218 292 152 339 214
D40 0.0218 127 72 191 149
D40 0.0218 394 44 495 81
D40 0.0217 81 72 116 109
D40 0.0217 411 87 495 106
D40 0.0216 314 34 446 83
D40 0.0216 449 513 487 540
D40 0.0216 321 149 415 247
D40 0.0216 388 123 487 155
D40 0.0216 80 34 141 57
D40 0.0215 412 95 494 113
D40 0.0215 168 159 242 186
D40 0.0215 384 79 480 133
D40 0.0214 44 11 113 74
D40 0.0214 347 207 444 279
D40 0.0214 422 404 527 484
D40 0.0214 66 330 132 381
D40 0.0213 394 94 457 112
D40 0.0213 365 0 435 22
D40 0.0212 159 0 234 37
D40 0.0212 463 52 540 93
D40 0.0212 177 108 238 188
D40 0.0211 323 29 378 51
D40 0.0210 482 72 538 147
D40 0.0209 319 103 382 126
D40 0.0209 493 9 538 30
D40 0.0209 234 78 328 144
D40 0.0208 76 99 125 120
D40 0.0206 332 10 417 50
D40 0.0206 17 154 158 243
D40 0.0205 430 18 490 37
D40 0.0205 140 28 226 63
D40 0.0204 308 11 388 50
D40 0.0204 168 59 223 133
D40 0.0204 1 340 51 389
D40 0.0203 26 60 97 121
D40 0.0203 61 88 130 154
D40 0.0202 131 256 182 290
D40 0.0202 220 9 275 30
D40 0.0202 248 143 324 163
D40 0.0201 301 171 363 194
D40 0.0201 354 44 438 81
D40 0.0201 382 262 475 330
D40 0.0201 4 17 54 38
D40 0.0199 403 213 538 319
D40 0.0198 106 111 191 152
D40 0.0197 67 249 127 299
D40 0.0197 397 27 493 61
D40 0.0197 195 177 260 203
D40 0.0197 180 206 248 236
D40 0.0196 195 20 283 55
D40 0.0196 254 188 321 207
D40 0.0196 479 66 534 110
D40 0.0195 234 138 305 158
D40 0.0195 3 107 118 182
D40 0.0195 458 81 501 109
D40 0.0195 302 36 370 57
D40 0.0195 338 139 421 183
D40 0.0194 12 19 128 123
D40 0.0194 514 189 540 224
D40 0.0194 28 9 78 30
D40 0.0194 193 116 235 144
D40 0.0193 152 142 242 177
D40 0.0193 233 19 316 56
D40 0.0193 472 37 529 123
D40 0.0193 296 139 373 171
D40 0.0192 382 50 466 92
D40 0.0192 434 19 515 55
D40 0.0191 317 130 415 172
D40 0.0191 87 90 144 140
D40 0.0191 177 178 240 272
D40 0.0191 1 71 89 153
D40 0.0190 182 5 247 32
D40 0.0190 162 270 241 311
D40 0.0190 283 130 336 161
D40 0.0190 198 163 287 250
D40 0.0189 249 208 305 265
D40 0.0189 7 300 88 361
D40 0.0188 107 56 186 85
D40 0.0188 51 165 133 216
D40 0.0188 213 166 315 279
D40 0.0187 166 195 222 218
D40 0.0186 188 68 263 94
D40 0.0186 268 206 330 244
D40 0.0186 280 96 379 165
D40 0.0186 204 39 323 82
D40 0.0185 178 141 271 231
D40 0.0184 117 27 204 125
D40 0.0184 398 79 454 110
D40 0.0184 399 491 501 538
D40 0.0184 441 251 525 306
D40 0.0184 252 160 313 233
D40 0.0184 449 33 531 86
D40 0.0184 160 129 223 205
D40 0.0183 276 94 341 114
D40 0.0183 191 128 253 149
D40 0.0183 146 108 207 182
D40 0.0183 163 114 201 144
D40 0.0183 467 272 515 319
D40 0.0182 58 163 200 219
D40 0.0182 382 270 419 299
D40 0.0182 473 93 534 134
D40 0.0181 341 168 408 190
D40 0.0181 13 100 109 149
D40 0.0181 484 224 538 298
D40 0.0180 149 102 203 142
D40 0.0180 298 1 381 36
D40 0.0180 4 483 32 535
D40 0.0179 292 1 433 57
D40 0.0179 187 202 242 224
D40 0.0179 136 123 206 153
D40 0.0179 99 47 178 76
D40 0.0178 34 259 118 304
D40 0.0178 442 140 499 172
D40 0.0178 330 80 429 138
D40 0.0178 422 10 481 32
D40 0.0178 381 111 471 150
D40 0.0178 141 239 187 298
D40 0.0178 0 97 87 130
D40 0.0177 146 18 246 135
D40 0.0177 124 219 196 265
D40 0.0177 85 58 157 85
D40 0.0175 245 123 309 157
D40 0.0175 244 61 302 84
D40 0.0175 162 165 225 255
D40 0.0174 381 258 432 298
D40 0.0174 304 53 393 90
D40 0.0174 274 157 338 186
D40 0.0174 279 0 350 24
D40 0.0174 337 41 396 62
D40 0.0174 241 112 328 208
D40 0.0174 493 85 540 128
D40 0.0173 86 176 215 247
D40 0.0173 468 69 521 92
D40 0.0172 283 46 380 105
D40 0.0172 294 86 357 106
D40 0.0172 234 194 312 223
D40 0.0171 3 0 38 26
D40 0.0171 0 160 59 220
D40 0.0171 381 36 469 72
D40 0.0170 109 103 181 124
D40 0.0170 248 0 317 24
D40 0.0168 399 98 473 123
D40 0.0168 72 156 188 195
D40 0.0168 204 2 258 23
D40 0.0168 180 197 220 228
D40 0.0167 333 176 396 199
D40 0.0166 514 173 540 207
D40 0.0166 339 0 411 23
D40 0.0166 2 111 54 133
D40 0.0166 62 15 98 45
D40 0.0166 144 0 307 60
D40 0.0165 373 101 457 140
D40 0.0165 289 148 363 178
D40 0.0165 229 60 299 104
D40 0.0165 177 273 221 306
D40 0.0164 178 186 229 212
D40 0.0164 325 181 400 279
D40 0.0163 512 46 540 79
D40 0.0163 424 62 518 161
D40 0.0163 391 33 515 149
D40 0.0163 473 102 536 122
D40 0.0163 264 227 324 249
D40 0.0162 375 4 444 30
D40 0.0162 157 6 263 78
D40 0.0162 120 19 209 57
D40 0.0162 514 97 540 131
D40 0.0161 45 94 141 185
D40 0.0161 151 60 211 81
D40 0.0161 129 189 191 281
D40 0.0161 45 478 117 526
D40 0.0161 180 148 276 183
D40 0.0161 50 31 107 61
D40 0.0160 44 163 102 197
D40 0.0159 175 263 221 289
D40 0.0159 301 166 330 204
D40 0.0159 108 40 185 68
D40 0.0159 79 22 110 59
D40 0.0158 457 516 507 540
D40 0.0157 514 221 540 259
D40 0.0157 232 173 293 244
D40 0.0157 312 183 364 222
D40 0.0156 222 0 288 25
D40 0.0156 437 77 506 101
D40 0.0156 380 78 437 102
D40 0.0156 97 265 168 299
D40 0.0155 2 104 55 125
D40 0.0155 472 124 531 163
D40 0.0155 390 2 445 20
D40 0.0155 150 250 202 284
D40 0.0155 443 95 517 148
D40 0.0154 343 156 398 225
D40 0.0154 214 87 273 166
D40 0.0154 174 18 222 41
D40 0.0154 341 29 405 51
D40 0.0154 1 136 91 177
D40 0.0153 333 101 410 151
D40 0.0153 378 275 450 321
D40 0.0153 252 81 345 177
D40 0.0153 33 75 105 102
D40 0.0153 0 4 30 33
D40 0.0152 436 46 503 76
D40 0.0152 51 66 105 144
D40 0.0151 84 217 142 294
D40 0.0151 78 64 134 97
D40 0.0151 29 98 99 125
D40 0.0151 306 127 343 162
D40 0.0151 49 9 96 30
D40 0.0151 0 303 35 366
D40 0.0151 238 92 313 118
D40 0.0151 467 72 522 133
D40 0.0151 57 175 102 201
D40 0.0151 129 152 189 172
D40 0.0151 169 133 242 161
D40 0.0151 57 6 121 34
D40 0.0150 370 245 443 292
D40 0.0150 311 42 375 63
D40 0.0150 469 209 534 277
D40 0.0150 103 91 136 126
D40 0.0150 165 254 261 304
D40 0.0150 263 12 337 58
D40 0.0150 485 417 540 469
D40 0.0150 4 174 75 245
D40 0.0149 116 179 203 218
D40 0.0149 271 199 315 231
D40 0.0149 146 252 316 338
D40 0.0149 442 33 509 61
D40 0.0149 68 89 117 124
D40 0.0149 480 439 538 520
D40 0.0149 239 226 319 270
D40 0.0149 259 102 326 145
D40 0.0149 73 197 154 268
D40 0.0148 195 226 332 290
D40 0.0148 130 203 217 246
D40 0.0148 207 50 281 138
D40 0.0148 360 50 469 179
D40 0.0148 433 106 509 134
D40 0.0148 119 195 202 235
D40 0.0148 192 129 257 208
D40 0.0148 149 235 193 262
D40 0.0148 433 55 503 132
D40 0.0148 7 0 52 16
D40 0.0148 433 145 528 208
D40 0.0147 455 17 513 36
D40 0.0147 122 158 203 202
D40 0.0147 131 10 219 47
D40 0.0147 171 102 208 152
D40 0.0146 447 137 511 161
D40 0.0146 37 154 93 189
D40 0.0146 54 101 110 121
D40 0.0146 334 189 406 221
D40 0.0146 432 460 503 533
D40 0.0146 519 400 540 433
D40 0.0145 86 17 156 45
D40 0.0145 426 103 497 122
D40 0.0145 173 9 223 30
D40 0.0145 178 43 234 64
D40 0.0144 122 248 156 292
D40 0.0144 403 117 499 178
D40 0.0144 6 463 34 512
D40 0.0144 47 4 79 34
D40 0.0144 58 492 129 540
D40 0.0144 204 29 288 65
D40 0.0143 511 240 539 273
D40 0.0143 100 109 158 130
D40 0.0143 89 8 155 89
D40 0.0143 230 118 307 147
D40 0.0143 317 94 383 115
D40 0.0142 91 130 163 187
D40 0.0142 84 21 122 69
D40 0.0141 223 13 298 71
D40 0.0141 430 27 490 46
D40 0.0141 345 36 419 57
D40 0.0141 268 87 333 107
D40 0.0141 226 81 299 108
D40 0.0141 441 43 497 64
D40 0.0141 303 63 390 177
D40 0.0141 387 10 472 45
D40 0.0141 177 23 279 131
D40 0.0141 114 143 177 168
D40 0.0140 174 236 252 278
D40 0.0140 450 440 518 519
D40 0.0139 424 158 508 199
D40 0.0139 257 43 341 67
D40 0.0139 170 153 210 180
D40 0.0139 196 14 265 41
D40 0.0139 76 106 145 175
D40 0.0139 333 5 399 31
D40 0.0139 81 4 166 40
D40 0.0139 195 191 268 227
D40 0.0139 10 116 66 198
D40 0.0138 240 108 315 137
D40 0.0138 132 138 196 160
D40 0.0138 448 89 494 115
D40 0.0138 408 79 481 102
D40 0.0138 305 2 360 21
D40 0.0138 482 17 535 37
D40 0.0137 353 482 480 540
D40 0.0137 513 110 540 147
D40 0.0137 145 68 203 89
D40 0.0137 26 50 112 92
D40 0.0137 479 476 540 540
D40 0.0137 331 2 385 21
D40 0.0137 417 83 466 108
D40 0.0137 0 7 43 45
D40 0.0137 0 110 45 151
D40 0.0136 362 188 436 224
D40 0.0136 446 104 519 181
D40 0.0136 481 25 539 95
D40 0.0136 90 32 151 72
D40 0.0136 366 30 448 66
D40 0.0135 139 0 221 27
D40 0.0135 370 83 415 110
D40 0.0135 260 103 327 122
D40 0.0135 320 43 409 149
D40 0.0135 134 87 198 107
D40 0.0134 69 253 113 279
D40 0.0134 263 172 329 192
D40 0.0134 437 393 501 476
D40 0.0134 487 0 540 41
D40 0.0134 492 56 539 101
D40 0.0133 215 130 285 150
D40 0.0133 492 114 539 158
D40 0.0133 141 163 212 193
D40 0.0133 91 69 148 90
D40 0.0133 382 47 447 77
D40 0.0133 485 140 540 208
D40 0.0132 335 61 425 173
D40 0.0132 434 146 502 188
D40 0.0132 453 291 502 316
D40 0.0131 310 119 359 143
D40 0.0131 214 214 282 243
D40 0.0131 279 181 310 215
D40 0.0131 0 484 140 540
D40 0.0131 75 176 117 202
D40 0.0131 268 33 351 59
D40 0.0131 7 253 77 358
D40 0.0131 231 18 281 38
D40 0.0131 73 172 162 208
D40 0.0131 313 227 352 260
D40 0.0130 501 54 538 85
D40 0.0130 0 96 45 134
D40 0.0130 253 76 312 95
D40 0.0129 298 123 337 177
D40 0.0129 512 4 540 34
D40 0.0129 139 229 186 256
D40 0.0129 150 37 208 117
D40 0.0129 309 162 383 182
D40 0.0129 233 107 293 183
D40 0.0129 205 69 258 119
D40 0.0128 273 50 359 75
D40 0.0128 224 144 296 162
D40 0.0128 169 285 248 328
D40 0.0127 501 81 537 113
D40 0.0127 295 27 360 48
D40 0.0127 195 58 271 85
D40 0.0127 291 109 360 140
D40 0.0127 201 184 272 213
D40 0.0127 230 143 295 220
D40 0.0127 431 36 491 57
D40 0.0127 421 274 485 349
D40 0.0126 184 104 225 152
D40 0.0126 362 8 424 28
D40 0.0126 194 194 255 289
D40 0.0126 180 228 232 268
D40 0.0126 344 104 388 133
D40 0.0125 17 96 75 116
D40 0.0125 226 193 275 223
D40 0.0125 170 57 244 85
D40 0.0125 20 0 85 27
D40 0.0125 477 75 509 113
D40 0.0125 0 244 66 312
D40 0.0125 506 183 539 214
D40 0.0125 228 147 308 174
D40 0.0124 175 89 204 125
D40 0.0124 28 145 84 182
D40 0.0124 315 85 383 106
D40 0.0124 67 0 148 59
D40 0.0124 218 69 278 90
D40 0.0124 459 65 500 96
D40 0.0124 358 0 409 16
D40 0.0124 268 472 446 540
D40 0.0123 263 58 348 83
D40 0.0123 467 18 540 58
D40 0.0123 262 121 339 144
D40 0.0123 466 3 518 24
D40 0.0123 269 17 330 38
D40 0.0123 303 197 340 228
D40 0.0123 78 82 104 117
D40 0.0123 163 2 216 21
D40 0.0123 63 185 147 220
D40 0.0123 414 57 495 86
D40 0.0123 30 176 117 243
D40 0.0123 40 463 121 513
D40 0.0122 397 130 456 151
D40 0.0122 469 281 514 304
D40 0.0122 136 78 195 98
D40 0.0122 73 51 119 72
D40 0.0122 258 0 371 96
D40 0.0122 97 188 182 223
D40 0.0122 83 316 128 351
D40 0.0121 268 49 358 154
D40 0.0121 356 41 438 137
D40 0.0121 189 162 265 189
D40 0.0121 495 99 540 144
D40 0.0121 161 42 218 81
D40 0.0121 504 170 540 230
D40 0.0120 456 148 508 174
D40 0.0120 273 236 333 263
D40 0.0120 203 49 279 77
D40 0.0120 138 40 209 70
D40 0.0120 387 205 435 237
D40 0.0120 16 103 72 123
D40 0.0120 0 117 65 162
D40 0.0120 315 98 353 131
D40 0.0120 250 54 311 75
D40 0.0120 385 0 468 26
D40 0.0120 110 87 180 108
D40 0.0120 0 210 60 278
D40 0.0120 360 138 423 154
D40 0.0120 461 47 513 111
D40 0.0119 174 211 224 234
D40 0.0119 79 77 122 133
D40 0.0119 298 126 350 151
D40 0.0119 291 192 324 233
D40 0.0119 295 18 356 39
D40 0.0119 0 147 27 180
D40 0.0119 237 193 282 259
D40 0.0118 313 124 379 201
D40 0.0118 226 88 267 116
D40 0.0118 331 118 396 139
D40 0.0118 262 221 301 253
D40 0.0118 0 347 31 382
D40 0.0118 118 32 191 61
D40 0.0118 65 168 110 196
D40 0.0118 124 115 201 207
D40 0.0117 224 76 285 97
D40 0.0117 79 482 114 518
D40 0.0117 261 207 285 248
D40 0.0117 383 63 448 96
D40 0.0117 2 118 53 141
D40 0.0117 145 55 185 84
D40 0.0117 266 116 334 172
D40 0.0117 152 229 204 270
D40 0.0116 129 270 193 296
D40 0.0116 0 306 26 344
D40 0.0116 450 3 501 25
D40 0.0116 444 303 496 326
D40 0.0116 502 12 537 42
D40 0.0116 514 157 540 189
D40 0.0116 42 64 108 95
D40 0.0115 328 103 385 174
D40 0.0115 217 217 295 260
D40 0.0115 392 264 450 287
D40 0.0115 0 142 42 187
D40 0.0115 12 86 65 175
D40 0.0115 182 41 239 113
D40 0.0114 145 52 202 75
D40 0.0114 334 9 383 66
D40 0.0114 63 72 102 105
D40 0.0114 181 2 232 22
D40 0.0114 70 56 125 87
D40 0.0114 200 37 262 56
D40 0.0114 114 229 155 259
D40 0.0114 264 192 306 221
D40 0.0114 210 132 252 158
D40 0.0114 350 175 425 197
D40 0.0114 74 39 102 88
D40 0.0113 450 39 519 68
D40 0.0113 11 191 96 267
D40 0.0113 178 224 218 253
D40 0.0113 148 144 197 170
D40 0.0113 355 86 416 120
D40 0.0113 146 152 210 241
D40 0.0113 366 278 422 356
D40 0.0112 313 9 370 28
D40 0.0112 349 98 443 161
D40 0.0112 316 126 379 147
D40 0.0112 469 139 517 167
D40 0.0112 90 234 149 271
D40 0.0112 0 106 31 137
D40 0.0112 215 159 297 187
D40 0.0112 435 126 509 156
D40 0.0111 309 154 382 176
D40 0.0111 78 329 118 368
D40 0.0111 198 98 247 159
D40 0.0111 94 119 173 160
D40 0.0111 309 0 388 87
D40 0.0111 66 182 110 207
D40 0.0111 272 242 312 271
D40 0.0111 330 164 378 194
D40 0.0111 345 61 408 81
D40 0.0111 97 43 163 64
D40 0.0110 441 149 483 175
D40 0.0110 117 213 166 273
D40 0.0110 506 244 533 288
D40 0.0110 305 98 348 163
D40 0.0110 399 9 455 30
D40 0.0110 286 220 331 247
D40 0.0110 345 51 408 73
D40 0.0110 125 142 158 168
D40 0.0109 93 251 118 294
D40 0.0109 201 173 271 192
D40 0.0109 434 512 471 540
D40 0.0109 162 127 215 169
D40 0.0109 105 0 184 35
D40 0.0109 110 11 181 62
D40 0.0109 275 244 329 282
D40 0.0109 146 196 206 217
D40 0.0108 304 47 378 74
D40 0.0108 114 69 179 90
D40 0.0108 378 19 460 57
D40 0.0108 399 52 460 124
D40 0.0108 169 69 228 89
D40 0.0108 177 250 212 285
D40 0.0108 511 390 540 441
D40 0.0107 113 101 171 178
D40 0.0107 211 117 250 145
D40 0.0107 472 301 509 352
D40 0.0107 454 502 513 538
D40 0.0107 266 151 334 173
D40 0.0107 336 70 398 90
D40 0.0107 79 104 137 133
D40 0.0106 332 19 383 41
D40 0.0106 168 96 198 134
D40 0.0106 48 2 95 24
D40 0.0106 170 31 212 58
D40 0.0106 209 178 281 199
D40 0.0106 136 160 200 182
D40 0.0106 512 254 539 292
D40 0.0106 426 226 507 296
D40 0.0105 246 33 318 60
D40 0.0105 327 221 368 249
D40 0.0105 341 102 407 123
D40 0.0105 182 5 228 65
D40 0.0105 208 224 279 294
D40 0.0105 358 44 426 65
D40 0.0105 80 328 168 370
D40 0.0105 31 80 82 115
D40 0.0104 164 210 217 250
D40 0.0104 390 27 473 116
D40 0.0104 319 74 379 137
D40 0.0104 283 45 354 65
D40 0.0104 113 73 161 104
D40 0.0104 106 35 169 58
D40 0.0104 156 203 213 225
D40 0.0104 90 52 153 72
D40 0.0103 57 159 99 188
D40 0.0103 124 111 188 132
D40 0.0103 77 11 131 31
D40 0.0103 200 44 264 65
D40 0.0103 524 98 540 144
D40 0.0103 500 129 537 160
D40 0.0103 200 0 246 16
D40 0.0103 299 8 361 76
D40 0.0103 486 84 516 124
D40 0.0103 231 0 326 96
D40 0.0103 368 101 433 121
D40 0.0103 201 266 367 355
D40 0.0102 321 15 408 105
D40 0.0102 215 78 248 111
D40 0.0102 461 115 533 149
D40 0.0102 513 31 540 63
D40 0.0102 309 78 374 100
D40 0.0102 435 115 508 145
D40 0.0101 351 451 442 537
D40 0.0101 490 297 527 340
D40 0.0101 172 168 230 189
D40 0.0101 167 254 206 276
D40 0.0101 86 182 123 208
D40 0.0101 523 191 540 240
D40 0.0101 198 188 227 229
D40 0.0101 90 161 164 222
D40 0.0101 392 0 426 18
D40 0.0101 187 191 225 244
D40 0.0101 97 26 159 50
D40 0.0100 291 162 341 181
D40 0.0100 240 43 307 69
D40 0.0100 498 248 538 300
D40 0.0100 186 175 216 220
D40 0.0100 131 146 164 174
D40 0.0100 129 119 184 161
