D00 0.0483 219 324 281 362
D00 0.0445 244 520 288 600
D00 0.0430 485 359 554 380
D00 0.0420 182 321 300 369
D00 0.0367 467 349 549 379
D00 0.0366 172 322 194 378
D00 0.0362 233 338 286 363
D00 0.0357 155 294 316 371
D00 0.0355 230 455 308 600
D00 0.0344 153 278 174 331
D00 0.0321 165 306 202 386
D00 0.0313 357 460 383 506
D00 0.0312 347 435 392 514
D00 0.0302 244 482 295 588
D00 0.0294 200 317 276 353
D00 0.0277 0 309 33 390
D00 0.0277 355 478 404 505
D00 0.0270 229 501 282 595
D00 0.0259 481 359 587 393
D00 0.0258 146 265 181 340
D00 0.0255 178 323 202 377
D00 0.0253 144 272 165 323
D00 0.0251 155 293 194 376
D00 0.0236 441 337 525 368
D00 0.0233 179 337 309 594
D00 0.0227 350 470 395 500
D00 0.0223 167 318 226 381
D00 0.0223 253 538 280 594
D00 0.0222 458 357 548 394
D00 0.0215 488 366 554 388
D00 0.0215 351 462 409 511
D00 0.0213 157 281 187 348
D00 0.0212 224 330 312 366
D00 0.0211 197 436 280 600
D00 0.0209 257 515 294 584
D00 0.0208 157 293 241 368
D00 0.0207 163 314 186 371
D00 0.0206 356 417 411 506
D00 0.0205 245 529 272 586
D00 0.0204 143 307 275 562
D00 0.0204 535 350 600 402
D00 0.0200 242 330 296 358
D00 0.0196 0 329 29 372
D00 0.0195 226 371 333 575
D00 0.0193 0 311 61 372
D00 0.0189 172 345 193 391
D00 0.0189 492 367 591 407
D00 0.0188 1 341 27 394
D00 0.0184 204 299 352 363
D00 0.0184 323 450 421 504
D00 0.0182 172 330 210 407
D00 0.0180 252 550 296 599
D00 0.0180 361 438 433 511
D00 0.0179 236 548 282 597
D00 0.0178 517 341 600 385
D00 0.0177 340 312 397 335
D00 0.0177 234 513 268 585
D00 0.0174 487 342 571 386
D00 0.0174 350 449 375 501
D00 0.0173 166 314 198 353
D00 0.0172 183 312 297 497
D00 0.0171 174 283 282 347
D00 0.0171 241 500 327 596
D00 0.0170 332 420 441 518
D00 0.0170 228 444 278 562
D00 0.0169 160 276 204 356
D00 0.0169 230 298 294 363
D00 0.0169 2 322 38 362
D00 0.0168 68 438 110 510
D00 0.0168 1 556 28 599
D00 0.0166 150 289 178 356
D00 0.0166 425 329 506 360
D00 0.0164 160 272 184 323
D00 0.0162 236 320 285 350
D00 0.0162 498 355 600 441
D00 0.0158 245 356 388 586
D00 0.0157 340 419 382 498
D00 0.0157 0 440 31 520
D00 0.0154 179 346 201 391
D00 0.0153 227 542 312 596
D00 0.0152 145 276 215 381
D00 0.0152 430 349 528 386
D00 0.0151 140 296 280 421
D00 0.0151 477 354 528 381
D00 0.0150 527 366 600 425
D00 0.0149 1 456 25 508
D00 0.0148 553 362 599 393
D00 0.0146 249 322 281 363
D00 0.0146 468 345 517 374
D00 0.0145 345 429 425 583
D00 0.0144 210 483 266 587
D00 0.0143 324 377 412 514
D00 0.0143 567 352 600 388
D00 0.0142 231 314 266 359
D00 0.0141 495 376 600 488
D00 0.0140 179 331 249 466
D00 0.0140 0 316 51 351
D00 0.0139 174 343 240 396
D00 0.0137 0 336 41 412
D00 0.0137 368 443 406 507
D00 0.0137 89 307 123 395
D00 0.0136 174 308 374 399
D00 0.0136 0 439 25 489
D00 0.0136 192 357 271 514
D00 0.0135 176 354 205 416
D00 0.0135 118 331 228 533
D00 0.0135 0 452 86 600
D00 0.0135 209 405 251 487
D00 0.0135 284 334 425 554
D00 0.0135 79 346 114 433
D00 0.0134 249 566 284 600
D00 0.0134 141 280 169 343
D00 0.0134 362 451 392 502
D00 0.0133 327 305 411 340
D00 0.0132 333 303 386 327
D00 0.0132 477 348 600 574
D00 0.0132 1 474 25 526
D00 0.0131 203 413 266 550
D00 0.0131 219 441 260 524
D00 0.0131 343 317 414 345
D00 0.0130 416 331 479 356
D00 0.0130 181 348 222 423
D00 0.0130 148 269 177 305
D00 0.0130 241 494 275 577
D00 0.0129 510 355 565 383
D00 0.0129 0 467 31 549
D00 0.0129 221 308 283 344
D00 0.0128 167 303 390 523
D00 0.0128 544 355 593 386
D00 0.0128 1 538 39 600
D00 0.0126 68 290 304 588
D00 0.0126 207 285 317 344
D00 0.0126 562 340 600 412
D00 0.0126 137 254 172 332
D00 0.0125 77 458 102 506
D00 0.0125 164 316 234 438
D00 0.0125 157 406 262 592
D00 0.0124 478 341 538 368
D00 0.0124 448 378 567 558
D00 0.0124 297 414 408 584
D00 0.0123 258 465 312 574
D00 0.0123 191 296 270 370
D00 0.0122 505 350 534 385
D00 0.0121 542 369 599 466
D00 0.0121 200 513 308 594
D00 0.0120 323 362 460 576
D00 0.0120 180 331 219 371
D00 0.0119 236 539 265 591
D00 0.0119 87 371 108 425
D00 0.0119 220 468 260 554
D00 0.0119 303 433 407 514
D00 0.0118 243 454 372 579
D00 0.0118 206 319 318 390
D00 0.0118 213 301 458 585
D00 0.0117 566 488 600 569
D00 0.0117 168 291 194 341
D00 0.0117 438 346 577 442
D00 0.0117 512 429 599 570
D00 0.0116 235 342 305 370
D00 0.0116 135 284 187 376
D00 0.0116 450 366 541 407
D00 0.0116 97 322 116 382
D00 0.0115 496 387 587 426
D00 0.0115 343 456 402 494
D00 0.0115 249 339 311 362
D00 0.0115 42 306 77 341
D00 0.0115 476 376 570 417
D00 0.0115 232 458 264 527
D00 0.0114 84 314 110 387
D00 0.0114 98 299 134 390
D00 0.0114 12 300 72 392
D00 0.0113 6 308 72 342
D00 0.0113 348 431 373 482
D00 0.0113 543 434 600 492
D00 0.0112 63 460 121 516
D00 0.0112 262 560 288 600
D00 0.0112 233 503 308 568
D00 0.0112 200 387 242 468
D00 0.0112 0 487 40 571
D00 0.0111 172 362 194 410
D00 0.0111 389 325 486 360
D00 0.0111 167 303 219 350
D00 0.0111 370 383 486 558
D00 0.0110 57 300 82 346
D00 0.0110 0 319 34 345
D00 0.0110 188 362 213 412
D00 0.0110 293 291 531 580
D00 0.0109 154 334 197 383
D00 0.0109 491 335 546 377
D00 0.0109 156 268 217 327
D00 0.0109 42 450 122 600
D00 0.0108 235 313 326 358
D00 0.0108 242 321 364 369
D00 0.0108 370 468 401 509
D00 0.0108 537 397 600 512
D00 0.0108 233 483 264 564
D00 0.0107 557 343 599 381
D00 0.0107 547 466 597 565
D00 0.0107 182 353 218 384
D00 0.0106 565 363 600 447
D00 0.0106 0 333 71 385
D00 0.0106 254 321 373 501
D00 0.0106 567 368 600 404
D00 0.0106 134 272 156 321
D00 0.0106 189 357 233 434
D00 0.0105 157 330 330 443
D00 0.0105 165 351 231 483
D00 0.0105 359 457 409 557
D00 0.0105 372 402 427 497
D00 0.0105 218 397 281 528
D00 0.0104 578 360 600 396
D00 0.0104 518 375 581 418
D00 0.0104 332 406 402 485
D00 0.0104 381 431 414 499
D00 0.0104 363 472 392 513
D00 0.0103 180 255 310 359
D00 0.0103 388 362 547 572
D00 0.0103 0 406 32 483
D00 0.0103 535 363 584 391
D00 0.0103 32 315 70 348
D00 0.0103 1 364 103 561
D00 0.0103 143 258 164 303
D00 0.0103 523 392 585 481
D00 0.0102 377 466 415 501
D00 0.0102 383 433 447 494
D00 0.0102 59 416 100 500
D00 0.0102 440 335 488 364
D00 0.0102 205 366 257 474
D00 0.0102 18 338 155 580
D00 0.0101 183 394 248 518
D00 0.0101 193 301 297 413
D00 0.0101 80 473 114 507
D00 0.0100 74 466 105 526
D00 0.0100 186 338 212 382
D00 0.0100 70 365 107 441
D00 0.0100 222 435 255 494
D00 0.0100 240 468 272 539
D00 0.0100 350 445 387 484
D10 0.0588 189 346 278 374
D10 0.0549 451 340 600 391
D10 0.0515 490 356 589 384
D10 0.0509 186 355 263 382
D10 0.0487 165 313 293 374
D10 0.0480 525 363 600 392
D10 0.0408 469 355 551 382
D10 0.0405 175 335 285 382
D10 0.0369 198 328 285 367
D10 0.0369 451 347 538 375
D10 0.0367 178 359 233 379
D10 0.0324 180 318 270 350
D10 0.0313 215 338 279 363
D10 0.0297 359 478 413 505
D10 0.0294 499 367 580 388
D10 0.0288 172 310 257 340
D10 0.0287 173 346 246 377
D10 0.0267 545 358 598 384
D10 0.0257 174 321 236 344
D10 0.0254 0 565 47 595
D10 0.0252 348 470 431 509
D10 0.0250 493 351 564 377
D10 0.0242 189 339 262 365
D10 0.0233 517 371 599 403
D10 0.0227 171 350 220 374
D10 0.0226 0 559 73 600
D10 0.0223 361 434 417 456
D10 0.0221 168 312 222 335
D10 0.0218 224 346 282 369
D10 0.0209 171 321 341 390
D10 0.0209 161 359 208 380
D10 0.0205 556 366 600 390
D10 0.0203 440 348 513 370
D10 0.0194 494 350 600 409
D10 0.0193 367 471 423 498
D10 0.0193 440 356 575 401
D10 0.0192 189 362 256 393
D10 0.0186 0 453 100 493
D10 0.0186 188 329 263 356
D10 0.0180 431 340 503 362
D10 0.0179 491 326 597 378
D10 0.0177 401 340 535 382
D10 0.0177 514 347 600 381
D10 0.0174 224 452 273 476
D10 0.0174 0 448 71 480
D10 0.0174 178 338 234 367
D10 0.0174 339 429 441 469
D10 0.0169 452 358 523 380
D10 0.0167 22 320 75 344
D10 0.0166 531 457 600 490
D10 0.0166 139 337 238 386
D10 0.0164 0 366 42 392
D10 0.0162 13 412 94 438
D10 0.0162 343 434 399 457
D10 0.0159 0 356 74 400
D10 0.0159 255 514 316 549
D10 0.0158 550 469 600 493
D10 0.0158 172 324 246 361
D10 0.0156 172 353 262 404
D10 0.0155 163 319 209 344
D10 0.0154 179 366 230 390
D10 0.0153 153 311 198 334
D10 0.0153 254 548 353 589
D10 0.0152 299 451 409 503
D10 0.0150 0 375 43 400
D10 0.0150 0 451 46 476
D10 0.0150 519 380 596 414
D10 0.0150 352 441 406 465
D10 0.0149 213 356 277 379
D10 0.0147 217 446 304 487
D10 0.0146 167 299 242 331
D10 0.0145 549 424 600 447
D10 0.0145 497 371 600 425
D10 0.0145 205 405 255 428
D10 0.0145 374 480 434 504
D10 0.0143 160 302 210 326
D10 0.0142 136 368 193 389
D10 0.0142 371 440 424 466
D10 0.0142 1 400 109 435
D10 0.0142 171 327 220 355
D10 0.0140 362 427 416 450
D10 0.0140 7 549 112 597
D10 0.0140 193 561 275 592
D10 0.0140 0 467 92 516
D10 0.0138 5 320 56 346
D10 0.0137 398 574 478 600
D10 0.0137 0 555 44 582
D10 0.0137 68 473 166 508
D10 0.0135 0 488 45 513
D10 0.0134 361 461 413 488
D10 0.0134 22 407 83 429
D10 0.0134 32 461 93 486
D10 0.0134 512 391 587 423
D10 0.0134 389 435 442 457
D10 0.0133 204 396 255 420
D10 0.0133 33 453 130 501
D10 0.0133 161 366 206 390
D10 0.0133 0 461 62 485
D10 0.0131 506 376 576 399
D10 0.0131 557 374 600 400
D10 0.0130 223 440 292 472
D10 0.0130 348 318 424 345
D10 0.0129 328 457 447 518
D10 0.0128 529 400 600 434
D10 0.0128 80 479 132 504
D10 0.0128 366 487 424 510
D10 0.0128 132 311 180 333
D10 0.0128 229 454 328 493
D10 0.0128 12 328 66 353
D10 0.0127 0 465 71 499
D10 0.0127 238 437 430 518
D10 0.0127 107 360 213 394
D10 0.0127 233 460 282 485
D10 0.0126 535 395 594 419
D10 0.0126 303 378 362 401
D10 0.0126 540 411 600 445
D10 0.0126 361 368 414 392
D10 0.0125 138 359 192 382
D10 0.0125 243 515 315 570
D10 0.0125 264 562 343 594
D10 0.0124 143 302 188 326
D10 0.0124 34 311 82 337
D10 0.0123 349 486 397 510
D10 0.0123 293 371 392 407
D10 0.0123 147 303 234 349
D10 0.0123 237 453 295 476
D10 0.0122 367 467 465 519
D10 0.0122 221 338 342 384
D10 0.0122 256 524 300 551
D10 0.0120 183 343 309 410
D10 0.0119 217 443 263 469
D10 0.0118 14 575 80 598
D10 0.0118 0 356 41 384
D10 0.0117 210 312 267 338
D10 0.0117 359 324 490 367
D10 0.0116 42 320 91 343
D10 0.0116 55 368 105 389
D10 0.0116 199 397 282 438
D10 0.0116 239 332 342 368
D10 0.0116 0 438 54 473
D10 0.0116 79 485 153 512
D10 0.0116 237 436 348 482
D10 0.0116 508 433 600 482
D10 0.0115 561 461 600 487
D10 0.0115 45 452 97 478
D10 0.0115 123 302 172 325
D10 0.0114 9 368 68 390
D10 0.0114 19 453 85 477
D10 0.0114 0 488 79 532
D10 0.0113 126 378 186 397
D10 0.0113 276 436 392 486
D10 0.0113 0 497 44 522
D10 0.0113 152 348 198 375
D10 0.0113 297 385 351 408
D10 0.0113 0 544 44 568
D10 0.0112 206 540 291 591
D10 0.0112 546 384 598 410
D10 0.0112 380 427 433 449
D10 0.0112 0 474 54 509
D10 0.0111 244 554 329 598
D10 0.0111 0 535 43 560
D10 0.0111 265 556 321 579
D10 0.0111 56 460 105 488
D10 0.0111 218 459 263 484
D10 0.0110 246 531 324 585
D10 0.0110 227 553 276 581
D10 0.0110 345 360 428 398
D10 0.0110 242 516 370 590
D10 0.0110 199 575 264 596
D10 0.0108 164 337 207 367
D10 0.0107 0 526 88 587
D10 0.0107 247 504 309 541
D10 0.0107 14 311 66 338
D10 0.0107 138 355 232 403
D10 0.0107 401 518 497 555
D10 0.0107 463 366 529 389
D10 0.0106 352 376 407 398
D10 0.0106 353 450 404 475
D10 0.0106 389 441 441 468
D10 0.0105 164 466 240 496
D10 0.0105 561 414 600 441
D10 0.0105 70 453 170 501
D10 0.0105 309 469 404 511
D10 0.0105 205 366 267 389
D10 0.0104 4 406 60 428
D10 0.0104 271 539 373 579
D10 0.0103 0 441 33 468
D10 0.0103 44 469 100 495
D10 0.0103 236 562 280 591
D10 0.0102 377 466 452 499
D10 0.0102 33 368 90 389
D10 0.0102 0 540 63 574
D10 0.0102 192 432 276 484
D10 0.0102 67 469 114 497
D10 0.0101 323 374 401 401
D10 0.0101 102 371 202 404
D10 0.0101 4 415 61 436
D10 0.0101 0 434 145 514
D10 0.0101 509 386 573 411
D10 0.0101 371 487 469 536
D10 0.0100 43 406 97 429
D10 0.0100 253 451 372 500
D10 0.0100 253 553 295 580
D10 0.0100 363 434 453 480
D10 0.0100 75 488 123 511
D10 0.0100 253 506 355 564
D10 0.0100 76 367 122 389
D10 0.0100 236 488 279 513
D10 0.0100 343 425 398 449
D10 0.0100 209 451 255 477
D10 0.0100 551 432 600 454
D20 0.0518 161 311 284 377
D20 0.0497 445 344 596 385
D20 0.0361 423 325 587 377
D20 0.0298 150 275 292 365
D20 0.0279 431 334 535 370
D20 0.0257 134 385 539 587
D20 0.0232 0 573 42 598
D20 0.0220 133 288 254 391
D20 0.0219 0 551 53 600
D20 0.0219 0 381 395 589
D20 0.0218 459 340 600 417
D20 0.0217 341 449 431 505
D20 0.0210 173 321 241 378
D20 0.0207 417 326 515 363
D20 0.0202 67 329 466 542
D20 0.0200 214 329 595 535
D20 0.0192 169 305 261 449
D20 0.0191 390 335 549 385
D20 0.0190 366 321 528 370
D20 0.0188 507 339 600 393
D20 0.0187 44 293 90 314
D20 0.0186 45 284 89 308
D20 0.0175 331 407 440 510
D20 0.0169 147 306 218 381
D20 0.0161 518 360 598 411
D20 0.0160 184 335 268 382
D20 0.0159 372 453 600 600
D20 0.0156 484 363 600 432
D20 0.0150 0 0 408 294
D20 0.0149 158 314 247 360
D20 0.0148 197 320 270 363
D20 0.0147 61 450 468 600
D20 0.0147 0 317 310 536
D20 0.0146 167 0 600 294
D20 0.0146 0 453 224 600
D20 0.0146 161 303 236 408
D20 0.0143 338 433 495 518
D20 0.0142 0 312 81 354
D20 0.0142 354 430 442 495
D20 0.0141 476 305 600 394
D20 0.0141 0 516 35 600
D20 0.0138 0 541 108 600
D20 0.0136 259 436 443 514
D20 0.0134 87 318 260 400
D20 0.0134 0 118 290 600
D20 0.0133 179 301 266 355
D20 0.0133 155 281 254 344
D20 0.0131 452 367 600 600
D20 0.0131 61 288 93 319
D20 0.0129 0 0 145 217
D20 0.0129 381 0 600 146
D20 0.0129 312 118 600 600
D20 0.0123 0 364 147 600
D20 0.0123 348 299 535 361
D20 0.0123 0 289 96 400
D20 0.0122 0 0 600 434
D20 0.0119 0 236 516 600
D20 0.0117 188 352 256 405
D20 0.0116 522 324 600 443
D20 0.0116 163 331 303 423
D20 0.0115 342 361 590 572
D20 0.0115 366 316 584 396
D20 0.0114 0 476 87 600
D20 0.0114 44 301 90 326
D20 0.0113 0 486 32 570
D20 0.0113 0 400 105 510
D20 0.0113 380 342 561 412
D20 0.0113 441 374 600 461
D20 0.0112 554 346 600 416
D20 0.0112 15 304 100 345
D20 0.0110 40 281 95 329
D20 0.0109 140 302 226 450
D20 0.0108 0 295 77 337
D20 0.0108 0 0 265 179
D20 0.0106 18 290 79 318
D20 0.0106 0 440 24 519
D20 0.0105 347 335 596 457
D20 0.0105 391 0 600 295
D20 0.0105 62 293 111 315
D20 0.0105 159 275 247 317
D20 0.0105 319 311 498 376
D20 0.0104 0 426 41 501
D20 0.0104 0 421 89 565
D20 0.0104 381 309 504 354
D20 0.0103 0 567 23 600
D20 0.0103 26 284 73 307
D20 0.0103 97 298 322 415
D40 0.0395 0 573 50 598
D40 0.0193 0 567 82 600
D40 0.0173 0 560 33 597
D40 0.0120 16 570 61 600
D40 0.0103 100 349 206 388
D40 0.0103 80 464 114 502
D40 0.0101 67 462 151 504
