D00 0.1526 236 291 262 343
D00 0.1326 190 344 215 395
D00 0.1126 244 284 267 338
D00 0.0849 195 336 222 389
D00 0.0689 183 328 223 401
D00 0.0677 242 303 267 353
D00 0.0668 230 282 268 355
D00 0.0570 483 422 536 469
D00 0.0563 227 299 256 349
D00 0.0557 177 360 214 395
D00 0.0550 242 289 283 341
D00 0.0499 193 322 238 394
D00 0.0485 252 284 276 335
D00 0.0459 227 317 254 362
D00 0.0448 462 415 561 468
D00 0.0432 476 421 525 453
D00 0.0419 397 576 455 600
D00 0.0416 493 440 542 468
D00 0.0413 187 335 219 372
D00 0.0400 237 297 273 330
D00 0.0389 197 310 263 380
D00 0.0388 229 319 266 347
D00 0.0383 217 326 242 373
D00 0.0381 204 329 232 377
D00 0.0369 215 296 281 365
D00 0.0361 187 354 226 387
D00 0.0357 468 413 517 441
D00 0.0355 171 319 253 403
D00 0.0350 208 321 256 365
D00 0.0350 156 342 222 396
D00 0.0346 484 433 570 475
D00 0.0318 218 311 245 358
D00 0.0310 468 405 528 461
D00 0.0310 234 282 263 317
D00 0.0308 500 425 550 470
D00 0.0303 226 290 259 326
D00 0.0295 183 340 236 382
D00 0.0294 466 424 586 486
D00 0.0291 195 337 244 364
D00 0.0290 193 328 227 362
D00 0.0290 156 334 240 421
D00 0.0284 248 298 298 346
D00 0.0283 178 350 232 408
D00 0.0283 194 358 221 405
D00 0.0277 231 314 275 359
D00 0.0271 435 395 553 461
D00 0.0254 244 291 285 318
D00 0.0244 170 347 225 449
D00 0.0242 202 349 231 400
D00 0.0238 169 368 226 400
D00 0.0236 237 319 287 345
D00 0.0235 214 337 261 363
D00 0.0235 365 570 461 600
D00 0.0233 286 314 323 351
D00 0.0232 211 331 244 396
D00 0.0228 207 313 232 361
D00 0.0226 278 307 315 342
D00 0.0226 334 371 371 405
D00 0.0224 227 330 252 379
D00 0.0223 180 333 209 383
D00 0.0223 505 442 565 468
D00 0.0223 381 582 441 600
D00 0.0222 233 323 261 366
D00 0.0221 261 291 289 339
D00 0.0219 343 381 377 415
D00 0.0219 391 572 430 600
D00 0.0218 488 412 528 447
D00 0.0217 457 406 509 430
D00 0.0217 187 295 267 418
D00 0.0216 388 554 451 600
D00 0.0215 215 305 251 344
D00 0.0214 174 346 219 376
D00 0.0214 202 327 256 422
D00 0.0212 380 419 416 454
D00 0.0209 231 303 334 356
D00 0.0208 504 418 534 465
D00 0.0207 522 573 600 600
D00 0.0204 144 319 227 387
D00 0.0204 189 314 214 362
D00 0.0200 232 292 314 339
D00 0.0199 183 329 248 360
D00 0.0199 72 350 126 375
D00 0.0195 421 420 550 485
D00 0.0194 340 362 376 396
D00 0.0194 276 305 330 360
D00 0.0193 168 349 202 394
D00 0.0193 389 427 424 461
D00 0.0192 545 452 600 510
D00 0.0192 261 307 312 354
D00 0.0191 402 397 524 447
D00 0.0189 333 355 370 387
D00 0.0183 369 407 426 463
D00 0.0182 500 449 555 475
D00 0.0179 410 582 473 600
D00 0.0178 268 297 305 333
D00 0.0177 294 323 332 360
D00 0.0175 512 431 542 475
D00 0.0173 164 572 238 600
D00 0.0173 169 328 249 485
D00 0.0172 202 345 250 373
D00 0.0172 167 336 227 369
D00 0.0172 237 283 275 308
D00 0.0172 198 287 302 374
D00 0.0170 62 358 118 381
D00 0.0169 185 359 216 419
D00 0.0169 558 464 595 501
D00 0.0169 182 301 224 376
D00 0.0168 475 435 556 507
D00 0.0168 138 330 229 473
D00 0.0166 490 496 600 600
D00 0.0166 444 412 563 518
D00 0.0165 557 575 600 599
D00 0.0164 497 443 594 483
D00 0.0162 540 551 600 600
D00 0.0161 484 422 600 525
D00 0.0161 155 362 197 395
D00 0.0161 292 443 334 519
D00 0.0161 221 311 275 396
D00 0.0160 279 322 315 359
D00 0.0160 324 359 380 413
D00 0.0157 136 449 196 494
D00 0.0156 177 328 213 361
D00 0.0155 211 284 256 356
D00 0.0152 0 389 64 425
D00 0.0152 198 302 221 353
D00 0.0152 354 547 493 600
D00 0.0151 111 453 184 506
D00 0.0151 301 450 327 500
D00 0.0151 85 342 211 390
D00 0.0151 326 350 373 374
D00 0.0148 483 547 590 598
D00 0.0147 506 413 590 473
D00 0.0147 450 403 505 448
D00 0.0146 200 302 247 352
D00 0.0145 341 359 392 383
D00 0.0145 477 402 507 445
D00 0.0145 572 458 598 506
D00 0.0145 112 381 223 565
D00 0.0145 345 387 395 411
D00 0.0145 217 288 244 332
D00 0.0144 247 316 300 361
D00 0.0143 325 362 365 396
D00 0.0143 319 386 370 410
D00 0.0142 113 342 224 419
D00 0.0142 338 395 386 419
D00 0.0140 250 319 357 370
D00 0.0140 371 426 408 461
D00 0.0140 434 432 576 581
D00 0.0139 515 451 590 583
D00 0.0139 57 344 139 380
D00 0.0139 132 356 270 588
D00 0.0138 0 375 44 448
D00 0.0138 245 269 269 317
D00 0.0138 299 328 346 372
D00 0.0138 187 361 238 469
D00 0.0137 433 532 600 600
D00 0.0137 287 312 332 337
D00 0.0135 504 436 535 481
D00 0.0135 307 339 355 365
D00 0.0135 515 430 556 465
D00 0.0134 430 401 505 430
D00 0.0133 333 378 392 432
D00 0.0133 477 436 533 483
D00 0.0131 334 389 370 422
D00 0.0131 150 369 209 471
D00 0.0130 166 558 260 600
D00 0.0130 287 331 323 368
D00 0.0128 437 396 492 421
D00 0.0127 227 551 286 600
D00 0.0127 449 401 516 473
D00 0.0126 71 499 208 600
D00 0.0126 486 395 570 463
D00 0.0126 371 409 409 445
D00 0.0125 318 341 366 382
D00 0.0125 551 460 597 487
D00 0.0125 348 384 421 453
D00 0.0125 0 575 40 599
D00 0.0125 401 381 516 432
D00 0.0125 494 398 541 474
D00 0.0125 409 570 440 600
D00 0.0125 232 573 282 600
D00 0.0125 330 347 386 397
D00 0.0124 406 565 460 595
D00 0.0124 15 499 148 600
D00 0.0124 0 547 56 600
D00 0.0124 82 341 134 366
D00 0.0124 260 293 306 317
D00 0.0123 309 348 358 373
D00 0.0123 468 411 501 457
D00 0.0123 69 383 190 564
D00 0.0123 496 571 567 600
D00 0.0122 132 454 227 600
D00 0.0122 521 456 595 490
D00 0.0122 6 381 49 416
D00 0.0121 420 572 464 600
D00 0.0121 257 281 292 314
D00 0.0120 519 432 583 516
D00 0.0120 349 372 386 405
D00 0.0120 184 379 294 569
D00 0.0119 208 293 231 342
D00 0.0119 274 315 301 362
D00 0.0119 365 395 483 445
D00 0.0118 355 378 382 420
D00 0.0118 169 333 200 380
D00 0.0118 21 358 139 409
D00 0.0118 135 449 178 481
D00 0.0118 350 378 456 429
D00 0.0118 308 457 334 507
D00 0.0118 388 410 423 444
D00 0.0117 395 474 549 600
D00 0.0117 420 548 536 598
D00 0.0117 150 443 221 494
D00 0.0116 137 354 208 403
D00 0.0116 295 320 341 346
D00 0.0116 376 428 420 474
D00 0.0115 390 424 440 449
D00 0.0115 545 462 597 569
D00 0.0114 31 411 151 588
D00 0.0114 152 364 216 415
D00 0.0114 299 459 343 537
D00 0.0114 302 376 383 416
D00 0.0114 279 302 323 328
D00 0.0113 28 338 176 393
D00 0.0113 170 462 259 600
D00 0.0113 558 448 595 481
D00 0.0113 37 351 123 388
D00 0.0113 472 535 534 600
D00 0.0113 80 393 315 600
D00 0.0113 87 324 208 375
D00 0.0113 0 439 88 597
D00 0.0113 357 412 407 458
D00 0.0113 193 286 276 344
D00 0.0112 495 444 545 493
D00 0.0112 380 509 503 600
D00 0.0112 482 407 530 428
D00 0.0111 384 441 429 465
D00 0.0111 384 413 510 462
D00 0.0111 300 430 342 501
D00 0.0110 461 431 517 458
D00 0.0110 552 478 598 504
D00 0.0110 490 529 555 592
D00 0.0110 305 330 352 356
D00 0.0109 392 539 426 600
D00 0.0109 564 529 600 600
D00 0.0109 260 326 311 369
D00 0.0109 0 373 88 525
D00 0.0108 374 395 420 440
D00 0.0108 208 357 346 589
D00 0.0108 471 510 554 549
D00 0.0108 408 389 592 476
D00 0.0107 270 338 321 364
D00 0.0107 2 396 40 433
D00 0.0107 49 351 200 411
D00 0.0107 184 343 266 448
D00 0.0107 185 307 218 343
D00 0.0107 10 378 84 434
D00 0.0107 400 563 515 600
D00 0.0107 355 395 407 419
D00 0.0106 103 461 156 503
D00 0.0106 191 350 256 386
D00 0.0106 371 388 423 410
D00 0.0106 0 525 35 600
D00 0.0106 241 309 286 376
D00 0.0106 444 430 535 473
D00 0.0105 73 350 248 523
D00 0.0105 333 368 445 465
D00 0.0105 398 434 452 458
D00 0.0105 323 361 415 441
D00 0.0104 80 353 147 383
D00 0.0104 288 436 364 585
D00 0.0104 375 425 459 463
D00 0.0104 219 285 260 308
D00 0.0104 568 560 600 597
D00 0.0103 0 402 54 466
D00 0.0103 110 576 180 599
D00 0.0103 195 399 438 600
D00 0.0102 521 582 580 600
D00 0.0102 189 284 246 368
D00 0.0102 143 443 186 474
D00 0.0102 457 397 506 421
D00 0.0102 1 365 187 600
D00 0.0102 445 381 541 436
D00 0.0102 125 454 167 492
D00 0.0102 521 556 579 599
D00 0.0102 297 341 396 390
D00 0.0102 310 358 361 382
D00 0.0102 167 391 222 483
D00 0.0101 521 509 584 596
D00 0.0101 341 351 392 374
D00 0.0101 510 421 561 485
D00 0.0101 197 569 278 600
D00 0.0101 502 422 567 455
D00 0.0101 286 402 525 598
D00 0.0101 77 333 156 371
D00 0.0100 291 311 337 380
D00 0.0100 360 576 426 599
D00 0.0100 445 573 520 600
D10 0.0728 140 449 222 476
D10 0.0465 157 374 215 397
D10 0.0427 136 446 200 469
D10 0.0383 123 437 224 484
D10 0.0354 128 453 193 475
D10 0.0331 144 364 224 400
D10 0.0315 217 329 263 355
D10 0.0312 109 476 184 505
D10 0.0311 44 549 197 600
D10 0.0289 197 331 249 355
D10 0.0287 129 454 205 490
D10 0.0282 0 545 143 600
D10 0.0267 168 444 224 470
D10 0.0262 56 572 163 600
D10 0.0260 530 573 600 600
D10 0.0247 101 480 159 502
D10 0.0238 183 374 227 399
D10 0.0231 182 332 229 354
D10 0.0230 230 337 280 362
D10 0.0226 235 329 289 354
D10 0.0219 129 417 221 472
D10 0.0211 97 421 246 492
D10 0.0209 0 573 75 600
D10 0.0209 210 321 260 347
D10 0.0208 82 446 219 502
D10 0.0204 118 469 177 497
D10 0.0202 116 485 192 513
D10 0.0198 122 468 217 510
D10 0.0197 391 570 490 600
D10 0.0196 22 574 112 600
D10 0.0193 155 443 248 481
D10 0.0192 82 540 275 600
D10 0.0190 157 458 217 483
D10 0.0188 2 385 56 412
D10 0.0188 157 383 211 406
D10 0.0185 173 339 221 362
D10 0.0179 142 368 201 393
D10 0.0176 109 488 165 510
D10 0.0175 137 449 237 498
D10 0.0171 177 451 232 474
D10 0.0171 71 473 173 507
D10 0.0170 548 565 600 594
D10 0.0169 120 459 180 488
D10 0.0168 120 552 242 598
D10 0.0168 218 328 313 366
D10 0.0165 190 365 236 393
D10 0.0159 245 339 303 363
D10 0.0156 539 452 593 475
D10 0.0153 48 513 236 600
D10 0.0152 141 480 202 503
D10 0.0150 190 322 239 347
D10 0.0144 145 435 204 461
D10 0.0142 0 392 45 421
D10 0.0137 1 389 74 425
D10 0.0135 143 467 201 497
D10 0.0134 184 383 230 407
D10 0.0134 134 374 223 413
D10 0.0134 162 549 271 600
D10 0.0132 539 443 592 466
D10 0.0132 420 582 484 600
D10 0.0131 507 444 600 484
D10 0.0131 515 451 579 475
D10 0.0129 197 334 292 385
D10 0.0128 92 471 150 498
D10 0.0127 74 436 189 487
D10 0.0127 97 576 171 599
D10 0.0127 80 481 142 503
D10 0.0127 105 450 182 481
D10 0.0127 248 348 304 370
D10 0.0126 1 374 72 407
D10 0.0125 4 403 57 429
D10 0.0124 10 562 98 597
D10 0.0124 153 431 224 467
D10 0.0123 5 413 58 437
D10 0.0123 0 451 46 476
D10 0.0123 30 527 135 590
D10 0.0122 51 454 169 501
D10 0.0121 541 460 592 487
D10 0.0121 59 462 199 516
D10 0.0120 0 564 49 594
D10 0.0120 212 346 259 371
D10 0.0120 140 385 196 408
D10 0.0119 513 547 600 594
D10 0.0117 0 441 46 467
D10 0.0116 141 485 219 514
D10 0.0115 67 528 172 590
D10 0.0115 18 386 78 412
D10 0.0114 0 401 76 448
D10 0.0114 162 415 252 469
D10 0.0113 475 506 548 534
D10 0.0113 0 422 47 447
D10 0.0112 137 515 298 600
D10 0.0111 355 574 449 600
D10 0.0111 231 346 282 369
D10 0.0111 132 377 187 400
D10 0.0110 0 535 90 583
D10 0.0110 228 338 326 374
D10 0.0109 45 566 106 595
D10 0.0109 348 359 404 382
D10 0.0109 28 480 116 522
D10 0.0108 83 484 158 512
D10 0.0108 0 582 52 600
D10 0.0108 161 331 213 354
D10 0.0107 432 573 512 600
D10 0.0107 482 502 578 540
D10 0.0106 269 348 322 372
D10 0.0105 104 562 207 600
D10 0.0105 470 440 526 466
D10 0.0105 200 356 248 382
D10 0.0104 0 432 47 458
D10 0.0104 427 404 486 426
D10 0.0103 412 565 470 594
D10 0.0103 499 509 560 532
D10 0.0102 298 469 344 495
D10 0.0102 174 362 258 407
D10 0.0102 0 460 45 485
D10 0.0101 0 440 62 487
D10 0.0100 379 378 433 401
D10 0.0100 52 489 107 512
D10 0.0100 501 512 573 546
D10 0.0100 317 518 403 556
D20 0.0472 217 291 269 354
D20 0.0424 145 357 227 397
D20 0.0377 156 338 244 393
D20 0.0367 191 313 280 358
D20 0.0342 173 319 258 379
D20 0.0326 228 297 309 347
D20 0.0323 81 331 251 401
D20 0.0308 228 313 282 350
D20 0.0290 126 315 273 393
D20 0.0283 112 451 209 495
D20 0.0268 209 325 269 358
D20 0.0262 0 401 397 585
D20 0.0256 377 399 550 471
D20 0.0248 220 317 309 359
D20 0.0241 163 297 310 375
D20 0.0213 82 431 219 491
D20 0.0194 193 288 272 330
D20 0.0192 23 564 146 600
D20 0.0191 0 372 61 426
D20 0.0189 0 360 140 441
D20 0.0187 200 304 368 373
D20 0.0186 70 389 580 600
D20 0.0180 122 352 233 479
D20 0.0175 0 454 226 600
D20 0.0172 351 372 527 440
D20 0.0171 64 402 232 485
D20 0.0162 0 359 98 412
D20 0.0157 251 317 335 364
D20 0.0157 322 355 378 387
D20 0.0154 201 455 600 600
D20 0.0154 0 0 408 294
D20 0.0151 167 0 600 294
D20 0.0148 155 305 249 362
D20 0.0147 156 325 237 369
D20 0.0145 32 345 219 419
D20 0.0142 127 395 224 513
D20 0.0141 0 524 141 600
D20 0.0139 184 325 307 389
D20 0.0138 130 436 208 484
D20 0.0137 0 118 290 600
D20 0.0136 183 319 251 352
D20 0.0136 0 381 41 416
D20 0.0135 312 118 600 600
D20 0.0134 9 335 240 455
D20 0.0134 211 300 258 327
D20 0.0134 0 372 148 600
D20 0.0133 0 0 147 218
D20 0.0133 156 331 299 421
D20 0.0132 398 422 539 485
D20 0.0131 16 419 207 498
D20 0.0129 274 327 352 371
D20 0.0128 58 339 461 532
D20 0.0128 209 293 256 317
D20 0.0127 193 308 263 342
D20 0.0127 306 358 379 400
D20 0.0125 0 0 600 434
D20 0.0122 455 0 600 222
D20 0.0122 0 236 516 600
D20 0.0121 362 379 479 429
D20 0.0120 348 381 429 419
D20 0.0119 0 355 267 520
D20 0.0118 24 526 239 600
D20 0.0117 62 492 268 595
D20 0.0117 21 543 109 600
D20 0.0117 0 334 164 401
D20 0.0117 0 371 92 463
D20 0.0116 0 0 72 111
D20 0.0115 422 412 600 600
D20 0.0115 0 376 192 480
D20 0.0114 0 0 268 179
D20 0.0114 295 340 371 380
D20 0.0113 323 356 445 415
D20 0.0113 140 407 215 477
D20 0.0112 181 284 289 353
D20 0.0112 222 321 392 391
D20 0.0111 327 352 409 390
D20 0.0110 34 380 222 566
D20 0.0107 168 352 250 501
D20 0.0107 383 0 600 147
D20 0.0105 484 526 600 600
D20 0.0104 154 426 228 487
D20 0.0104 568 582 600 600
D20 0.0104 77 434 323 600
D20 0.0103 116 369 209 407
D20 0.0101 41 306 275 417
D20 0.0101 101 363 226 433
D20 0.0100 102 439 220 536
D20 0.0100 0 582 29 600
D20 0.0100 85 299 247 374
D40 0.0849 60 578 125 600
D40 0.0451 230 322 264 357
D40 0.0284 319 526 364 549
D40 0.0279 55 562 144 600
D40 0.0252 223 337 269 362
D40 0.0247 26 571 128 600
D40 0.0202 77 581 149 599
D40 0.0199 0 381 33 417
D40 0.0181 303 517 377 553
D40 0.0177 215 326 300 365
D40 0.0159 43 582 108 600
D40 0.0156 72 572 105 600
D40 0.0148 127 569 228 600
D40 0.0135 0 377 45 404
D40 0.0133 73 565 120 598
D40 0.0127 328 516 356 554
D40 0.0121 27 537 142 600
D40 0.0113 76 546 161 600
D40 0.0110 245 331 282 364
D40 0.0109 364 395 414 419
D40 0.0103 88 573 122 600
D40 0.0101 325 533 373 555
D40 0.0101 123 575 188 599
