D00 0.2641 86 356 163 469
D00 0.1990 42 346 184 487
D00 0.1879 77 348 125 433
D00 0.1866 97 375 141 465
D00 0.1748 54 340 140 457
D00 0.1465 68 368 267 478
D00 0.1402 67 338 116 414
D00 0.1184 106 403 148 462
D00 0.1003 75 346 106 405
D00 0.0983 84 353 113 415
D00 0.0935 90 395 203 470
D00 0.0901 19 329 224 528
D00 0.0893 91 373 128 445
D00 0.0765 77 348 200 435
D00 0.0758 378 386 506 460
D00 0.0752 61 398 237 505
D00 0.0647 77 378 149 500
D00 0.0609 426 370 480 394
D00 0.0608 68 340 99 395
D00 0.0607 113 429 152 461
D00 0.0606 7 336 132 496
D00 0.0577 75 407 155 466
D00 0.0573 110 385 167 471
D00 0.0551 103 394 133 456
D00 0.0550 30 313 188 437
D00 0.0508 34 345 108 449
D00 0.0505 412 394 479 461
D00 0.0500 368 377 483 437
D00 0.0472 64 338 173 413
D00 0.0460 38 393 155 474
D00 0.0459 404 410 515 464
D00 0.0456 152 376 263 464
D00 0.0443 76 362 115 395
D00 0.0427 24 333 129 415
D00 0.0418 119 381 231 460
D00 0.0410 72 336 105 376
D00 0.0406 180 398 244 467
D00 0.0403 348 392 473 450
D00 0.0393 84 371 119 402
D00 0.0386 399 368 472 396
D00 0.0381 167 377 230 438
D00 0.0379 415 369 493 404
D00 0.0368 50 343 106 399
D00 0.0367 84 367 137 410
D00 0.0357 353 364 491 419
D00 0.0355 0 259 166 503
D00 0.0339 0 402 168 512
D00 0.0338 66 353 109 386
D00 0.0334 105 419 189 466
D00 0.0332 40 387 155 566
D00 0.0322 12 335 53 423
D00 0.0318 421 375 486 444
D00 0.0317 17 347 80 460
D00 0.0315 428 417 481 463
D00 0.0314 400 376 539 442
D00 0.0313 53 314 276 452
D00 0.0311 68 382 137 449
D00 0.0310 74 330 135 398
D00 0.0309 545 237 569 294
D00 0.0307 122 410 157 461
D00 0.0302 435 377 501 397
D00 0.0297 397 401 460 452
D00 0.0296 98 416 149 518
D00 0.0294 50 263 295 531
D00 0.0291 116 439 163 465
D00 0.0287 325 400 358 462
D00 0.0284 77 374 119 419
D00 0.0280 28 336 53 387
D00 0.0268 65 414 208 557
D00 0.0267 95 381 182 538
D00 0.0266 3 354 44 444
D00 0.0266 89 380 123 410
D00 0.0264 203 419 255 465
D00 0.0264 517 485 540 538
D00 0.0262 311 385 355 469
D00 0.0261 88 427 166 478
D00 0.0259 383 394 439 442
D00 0.0258 294 359 345 385
D00 0.0253 62 358 110 433
D00 0.0249 91 347 150 431
D00 0.0248 113 417 156 491
D00 0.0245 81 336 110 390
D00 0.0243 0 332 63 471
D00 0.0238 423 379 485 412
D00 0.0237 424 394 553 454
D00 0.0234 21 323 59 401
D00 0.0233 105 361 235 417
D00 0.0232 177 364 238 424
D00 0.0232 175 403 225 429
D00 0.0231 58 339 90 391
D00 0.0230 409 384 467 437
D00 0.0229 379 374 458 401
D00 0.0229 82 364 175 421
D00 0.0227 127 424 171 463
D00 0.0226 282 375 375 466
D00 0.0225 523 185 584 313
D00 0.0224 0 390 41 483
D00 0.0224 416 372 460 401
D00 0.0223 28 332 98 394
D00 0.0220 511 472 547 546
D00 0.0219 538 219 574 305
D00 0.0219 83 393 126 463
D00 0.0219 509 485 531 537
D00 0.0216 311 377 422 459
D00 0.0216 0 394 257 568
D00 0.0216 417 414 461 455
D00 0.0215 104 419 141 453
D00 0.0214 320 408 347 460
D00 0.0213 434 431 491 459
D00 0.0210 183 361 235 384
D00 0.0209 19 344 47 398
D00 0.0208 65 329 98 364
D00 0.0206 546 213 594 318
D00 0.0204 121 400 179 458
D00 0.0201 201 394 269 465
D00 0.0200 428 361 477 387
D00 0.0199 114 362 193 451
D00 0.0198 104 431 141 467
D00 0.0197 93 384 147 427
D00 0.0197 47 326 155 391
D00 0.0197 12 330 55 377
D00 0.0196 49 346 101 375
D00 0.0196 188 383 242 436
D00 0.0194 25 326 56 361
D00 0.0194 167 395 221 423
D00 0.0194 73 430 140 551
D00 0.0192 337 408 363 459
D00 0.0190 189 366 229 395
D00 0.0190 32 377 101 478
D00 0.0190 80 354 124 382
D00 0.0188 390 380 464 413
D00 0.0188 36 329 60 378
D00 0.0186 313 357 469 441
D00 0.0186 184 385 218 433
D00 0.0186 389 404 449 432
D00 0.0184 440 411 501 459
D00 0.0184 308 432 356 460
D00 0.0183 303 367 358 389
D00 0.0182 534 391 595 424
D00 0.0181 169 371 230 405
D00 0.0181 330 392 391 460
D00 0.0180 346 386 438 434
D00 0.0179 80 351 143 390
D00 0.0177 188 405 230 445
D00 0.0177 413 355 493 394
D00 0.0176 306 401 344 462
D00 0.0176 413 430 467 459
D00 0.0176 0 0 130 199
D00 0.0176 28 350 52 409
D00 0.0175 88 342 120 399
D00 0.0175 137 368 217 429
D00 0.0175 432 407 475 447
D00 0.0174 27 334 71 420
D00 0.0174 330 481 352 536
D00 0.0172 97 470 139 549
D00 0.0171 0 328 157 600
D00 0.0171 57 398 123 492
D00 0.0170 321 490 345 543
D00 0.0169 96 479 140 504
D00 0.0168 20 338 62 364
D00 0.0167 303 364 434 408
D00 0.0166 19 360 45 420
D00 0.0166 438 365 468 400
D00 0.0165 113 494 138 545
D00 0.0165 300 457 355 544
D00 0.0164 542 380 600 437
D00 0.0163 381 376 439 423
D00 0.0162 0 468 92 563
D00 0.0162 47 338 97 365
D00 0.0160 148 398 223 467
D00 0.0160 433 372 504 423
D00 0.0160 427 369 467 429
D00 0.0160 40 335 79 371
D00 0.0160 291 384 339 467
D00 0.0159 188 379 228 420
D00 0.0159 409 361 462 387
D00 0.0158 326 410 452 458
D00 0.0158 447 370 507 393
D00 0.0158 102 320 377 573
D00 0.0157 169 356 250 393
D00 0.0157 354 346 491 398
D00 0.0156 72 491 101 560
D00 0.0156 309 351 337 390
D00 0.0156 88 346 215 394
D00 0.0155 209 439 262 464
D00 0.0155 104 410 142 442
D00 0.0155 552 246 578 301
D00 0.0154 96 413 128 464
D00 0.0154 214 426 243 466
D00 0.0153 181 370 271 410
D00 0.0152 288 347 351 393
D00 0.0150 67 500 91 555
D00 0.0150 427 365 520 399
D00 0.0150 272 362 383 403
D00 0.0150 92 390 126 419
D00 0.0149 88 402 138 448
D00 0.0149 74 338 118 363
D00 0.0149 120 434 149 479
D00 0.0149 42 336 81 402
D00 0.0148 104 485 131 535
D00 0.0148 5 437 126 555
D00 0.0147 294 349 344 376
D00 0.0147 428 399 495 434
D00 0.0147 0 292 99 439
D00 0.0147 311 441 373 555
D00 0.0146 549 387 595 413
D00 0.0146 301 368 346 452
D00 0.0146 453 406 527 463
D00 0.0146 135 383 192 470
D00 0.0145 77 475 117 561
D00 0.0144 292 360 351 413
D00 0.0144 285 405 368 549
D00 0.0143 159 364 306 489
D00 0.0142 381 354 469 394
D00 0.0142 99 394 158 437
D00 0.0142 363 393 421 442
D00 0.0141 322 470 356 554
D00 0.0140 429 439 482 463
D00 0.0139 325 431 373 459
D00 0.0139 0 359 82 542
D00 0.0138 390 364 457 433
D00 0.0138 537 245 563 299
D00 0.0138 255 502 278 554
D00 0.0138 502 380 600 463
D00 0.0138 202 400 234 456
D00 0.0137 108 345 179 406
D00 0.0137 58 327 86 373
D00 0.0137 236 366 346 449
D00 0.0137 10 329 53 355
D00 0.0137 108 467 143 499
D00 0.0136 525 492 550 541
D00 0.0136 196 361 257 382
D00 0.0135 291 356 400 428
D00 0.0134 439 384 499 408
D00 0.0133 79 346 127 372
D00 0.0133 378 418 470 462
D00 0.0133 451 378 599 437
D00 0.0133 173 391 218 457
D00 0.0133 280 427 354 462
D00 0.0133 128 352 200 414
D00 0.0133 26 330 73 355
D00 0.0133 103 433 172 507
D00 0.0131 419 404 472 429
D00 0.0131 38 282 130 443
D00 0.0131 10 337 39 387
D00 0.0131 314 367 372 450
D00 0.0130 109 420 286 552
D00 0.0130 93 483 125 553
D00 0.0130 10 393 84 476
D00 0.0130 470 394 588 450
D00 0.0130 305 370 340 402
D00 0.0129 109 365 155 440
D00 0.0129 295 411 398 460
D00 0.0128 224 384 317 459
D00 0.0128 193 424 234 464
D00 0.0128 195 372 237 405
D00 0.0128 88 472 134 514
D00 0.0128 0 487 46 569
D00 0.0127 421 394 454 447
D00 0.0127 26 347 76 373
D00 0.0127 369 493 388 544
D00 0.0127 433 389 474 427
D00 0.0127 107 483 142 516
D00 0.0126 553 389 598 472
D00 0.0126 159 350 226 401
D00 0.0126 312 416 372 458
D00 0.0125 201 371 294 442
D00 0.0125 329 426 354 465
D00 0.0124 247 503 270 555
D00 0.0124 316 440 363 462
D00 0.0123 389 394 448 422
D00 0.0123 506 381 598 420
D00 0.0123 10 370 37 430
D00 0.0123 240 481 278 562
D00 0.0122 535 158 600 283
D00 0.0122 274 377 338 441
D00 0.0122 381 384 440 408
D00 0.0122 346 407 373 459
D00 0.0122 220 404 288 463
D00 0.0121 91 457 146 509
D00 0.0121 9 437 190 600
D00 0.0121 518 486 560 537
D00 0.0121 22 368 55 444
D00 0.0121 106 502 130 553
D00 0.0121 395 427 502 474
D00 0.0120 18 322 61 344
D00 0.0120 69 326 146 370
D00 0.0120 218 503 240 555
D00 0.0120 11 352 38 409
D00 0.0120 30 349 64 389
D00 0.0120 376 407 427 456
D00 0.0119 55 450 114 542
D00 0.0119 302 408 355 499
D00 0.0119 469 403 559 469
D00 0.0119 104 420 209 514
D00 0.0118 259 355 358 424
D00 0.0118 119 436 197 468
D00 0.0118 311 481 349 536
D00 0.0117 68 331 111 352
D00 0.0116 173 365 215 396
D00 0.0115 502 492 539 542
D00 0.0115 57 492 97 547
D00 0.0115 393 400 422 449
D00 0.0115 44 428 144 478
D00 0.0115 209 479 246 563
D00 0.0114 176 376 210 426
D00 0.0114 0 380 32 453
D00 0.0114 251 402 340 468
D00 0.0114 531 233 580 331
D00 0.0113 392 420 450 450
D00 0.0113 208 384 248 455
D00 0.0112 452 395 509 444
D00 0.0112 322 348 453 390
D00 0.0112 429 355 478 411
D00 0.0112 514 507 542 545
D00 0.0112 16 488 110 545
D00 0.0112 36 356 93 383
D00 0.0111 409 395 465 421
D00 0.0111 438 425 469 466
D00 0.0111 3 67 115 253
D00 0.0111 111 444 164 538
D00 0.0111 107 487 145 561
D00 0.0111 146 357 220 388
D00 0.0111 310 392 374 509
D00 0.0110 356 384 404 462
D00 0.0110 543 262 571 304
D00 0.0110 561 387 591 431
D00 0.0110 273 372 338 401
D00 0.0110 3 338 48 365
D00 0.0110 77 469 167 556
D00 0.0110 86 491 109 548
D00 0.0109 539 252 573 281
D00 0.0109 224 426 266 462
D00 0.0109 46 331 95 354
D00 0.0109 114 513 137 558
D00 0.0109 75 385 110 445
D00 0.0109 197 376 255 424
D00 0.0108 533 199 600 351
D00 0.0108 0 30 216 218
D00 0.0108 105 449 148 494
D00 0.0108 34 485 128 574
D00 0.0108 207 375 281 404
D00 0.0107 95 478 123 524
D00 0.0107 354 381 430 414
D00 0.0107 417 395 582 517
D00 0.0107 280 409 333 460
D00 0.0107 92 361 169 399
D00 0.0107 442 360 496 384
D00 0.0106 537 188 577 279
D00 0.0106 22 320 79 374
D00 0.0106 15 451 73 546
D00 0.0106 96 349 129 407
D00 0.0106 31 319 65 350
D00 0.0105 274 396 436 517
D00 0.0105 117 331 171 352
D00 0.0105 64 320 97 350
D00 0.0105 281 472 363 525
D00 0.0105 147 390 209 442
D00 0.0105 88 334 177 374
D00 0.0105 431 355 459 395
D00 0.0105 380 390 423 427
D00 0.0105 443 370 478 405
D00 0.0104 352 394 515 512
D00 0.0104 144 342 248 420
D00 0.0103 99 400 141 428
D00 0.0103 335 417 382 461
D00 0.0103 90 329 159 357
D00 0.0103 0 337 64 387
D00 0.0103 319 387 406 434
D00 0.0102 409 395 444 445
D00 0.0102 392 330 516 419
D00 0.0102 207 412 406 565
D00 0.0102 108 480 157 503
D00 0.0102 263 434 359 523
D00 0.0102 112 412 164 440
D00 0.0101 60 306 102 383
D00 0.0101 538 384 581 417
D00 0.0101 213 382 342 525
D00 0.0101 308 375 355 422
D00 0.0101 222 495 252 558
D00 0.0101 359 367 460 478
D00 0.0101 196 363 256 399
D00 0.0101 486 396 600 507
D00 0.0100 466 389 535 451
D00 0.0100 299 358 330 394
D00 0.0100 552 357 598 427
D00 0.0100 310 391 337 448
D00 0.0100 420 346 521 464
D00 0.0100 37 359 92 416
D00 0.0100 66 485 108 539
D00 0.0100 102 464 132 505
D00 0.0100 0 322 48 344
D10 0.0306 429 374 505 400
D10 0.0305 542 186 600 215
D10 0.0285 20 161 107 194
D10 0.0277 182 368 235 389
D10 0.0230 169 363 248 401
D10 0.0206 187 366 263 394
D10 0.0202 410 366 528 407
D10 0.0186 31 169 102 189
D10 0.0180 540 394 591 419
D10 0.0172 525 387 600 430
D10 0.0169 0 168 78 195
D10 0.0159 188 375 244 399
D10 0.0152 385 349 493 390
D10 0.0148 45 367 114 407
D10 0.0133 399 360 583 425
D10 0.0129 44 159 122 187
D10 0.0129 0 93 70 120
D10 0.0129 427 404 480 428
D10 0.0128 186 371 277 409
D10 0.0123 457 378 518 399
D10 0.0122 434 412 489 440
D10 0.0119 528 172 600 218
D10 0.0118 0 147 121 203
D10 0.0117 204 377 266 400
D10 0.0117 550 197 600 220
D10 0.0114 443 367 577 407
D10 0.0112 111 348 233 392
D10 0.0111 29 359 103 398
D10 0.0110 559 181 600 206
D10 0.0108 0 175 61 203
D10 0.0105 435 187 508 212
D10 0.0104 42 397 134 454
D10 0.0103 376 339 530 405
D10 0.0103 34 378 124 437
D10 0.0103 521 387 582 411
D10 0.0102 65 382 117 411
D20 0.1202 71 373 251 467
D20 0.0885 62 355 333 483
D20 0.0683 0 324 395 507
D20 0.0663 379 382 536 464
D20 0.0560 122 384 388 476
D20 0.0529 297 381 493 456
D20 0.0456 21 379 477 555
D20 0.0442 129 399 272 469
D20 0.0408 99 407 338 508
D20 0.0393 414 411 532 465
D20 0.0360 138 369 313 454
D20 0.0340 192 377 502 480
D20 0.0337 331 375 583 480
D20 0.0335 0 345 141 464
D20 0.0334 407 398 600 475
D20 0.0325 0 212 253 485
D20 0.0312 169 403 327 468
D20 0.0295 244 379 420 466
D20 0.0294 319 356 541 445
D20 0.0291 0 133 427 532
D20 0.0273 18 257 461 453
D20 0.0268 101 415 245 481
D20 0.0266 142 352 467 454
D20 0.0252 157 330 591 504
D20 0.0246 148 401 444 518
D20 0.0237 280 359 469 427
D20 0.0233 45 447 464 600
D20 0.0224 161 357 337 426
D20 0.0218 209 385 358 462
D20 0.0217 161 392 294 500
D20 0.0215 407 376 600 447
D20 0.0195 19 338 112 388
D20 0.0189 0 0 408 294
D20 0.0188 0 230 153 561
D20 0.0188 0 15 557 441
D20 0.0185 167 0 600 294
D20 0.0184 72 344 253 424
D20 0.0183 185 450 598 600
D20 0.0178 312 118 600 600
D20 0.0176 0 399 40 483
D20 0.0176 0 451 227 600
D20 0.0175 124 432 387 558
D20 0.0170 420 421 564 482
D20 0.0170 29 276 330 600
D20 0.0168 184 363 313 405
D20 0.0165 278 421 366 463
D20 0.0160 52 236 600 600
D20 0.0157 58 314 314 443
D20 0.0155 239 356 564 570
D20 0.0153 0 0 146 225
D20 0.0153 191 413 370 494
D20 0.0151 99 451 260 536
D20 0.0150 183 376 308 434
D20 0.0150 408 428 517 476
D20 0.0149 0 39 216 592
D20 0.0148 5 331 81 376
D20 0.0147 317 343 493 409
D20 0.0146 250 400 532 513
D20 0.0142 0 0 73 116
D20 0.0140 357 410 570 507
D20 0.0134 377 0 600 146
D20 0.0133 210 458 367 541
D20 0.0132 241 370 372 441
D20 0.0132 310 410 393 460
D20 0.0129 454 0 600 220
D20 0.0129 12 327 68 359
D20 0.0128 93 191 370 496
D20 0.0122 421 409 600 600
D20 0.0122 0 363 92 494
D20 0.0121 0 0 106 71
D20 0.0120 112 485 247 546
D20 0.0120 165 343 303 395
D20 0.0119 0 0 266 178
D20 0.0119 0 65 150 456
D20 0.0118 200 375 453 600
D20 0.0118 513 124 596 278
D20 0.0116 290 345 446 395
D20 0.0116 138 423 252 516
D20 0.0115 345 407 514 477
D20 0.0115 0 402 154 496
D20 0.0114 385 327 591 464
D20 0.0112 182 416 322 531
D20 0.0109 180 274 456 528
D20 0.0106 0 0 171 114
D20 0.0105 19 326 104 368
D20 0.0105 266 408 361 546
D20 0.0104 186 431 313 475
D20 0.0104 173 251 581 441
D20 0.0103 263 472 354 526
D20 0.0103 120 345 259 401
D20 0.0100 528 0 600 110
D40 0.0617 269 358 327 381
D40 0.0455 0 267 512 526
D40 0.0387 123 408 250 463
D40 0.0382 252 349 332 384
D40 0.0338 0 249 301 458
D40 0.0328 275 366 335 387
D40 0.0302 266 349 317 376
D40 0.0294 155 391 230 439
D40 0.0287 0 122 349 540
D40 0.0265 293 355 335 386
D40 0.0252 371 364 467 400
D40 0.0217 269 359 348 393
D40 0.0212 116 383 218 433
D40 0.0208 377 377 443 397
D40 0.0201 203 439 254 465
D40 0.0200 168 402 222 428
D40 0.0199 179 428 262 468
D40 0.0192 109 427 237 476
D40 0.0187 331 362 434 398
D40 0.0186 302 361 397 396
D40 0.0181 283 349 336 377
D40 0.0174 369 369 432 393
D40 0.0162 310 368 371 389
D40 0.0157 195 343 341 390
D40 0.0157 288 353 376 390
D40 0.0156 204 363 332 403
D40 0.0152 423 428 508 467
D40 0.0144 104 365 203 416
D40 0.0141 320 353 418 390
D40 0.0140 240 358 372 408
D40 0.0138 158 394 218 422
D40 0.0134 259 353 302 382
D40 0.0132 2 417 27 474
D40 0.0131 276 337 342 386
D40 0.0131 348 369 415 391
D40 0.0129 267 361 312 389
D40 0.0128 259 344 396 391
D40 0.0128 319 360 381 384
D40 0.0125 186 360 272 419
D40 0.0124 166 490 219 514
D40 0.0124 435 440 492 463
D40 0.0123 175 347 290 387
D40 0.0122 9 397 35 458
D40 0.0122 290 480 343 506
D40 0.0118 271 339 320 366
D40 0.0117 314 370 408 407
D40 0.0117 257 368 339 406
D40 0.0114 193 433 234 467
D40 0.0106 227 341 317 380
D40 0.0105 153 484 233 521
D40 0.0104 279 475 354 516
