D00 0.1577 145 40 240 187
D00 0.1195 157 91 203 189
D00 0.1180 132 95 218 236
D00 0.1078 101 63 238 324
D00 0.0960 94 44 267 226
D00 0.0899 437 72 580 338
D00 0.0882 129 119 232 190
D00 0.0828 147 133 204 199
D00 0.0824 77 93 191 310
D00 0.0823 510 144 594 317
D00 0.0805 173 30 253 162
D00 0.0701 188 49 244 118
D00 0.0688 97 79 225 196
D00 0.0655 486 66 592 291
D00 0.0636 24 70 174 333
D00 0.0635 172 78 221 180
D00 0.0633 132 123 195 217
D00 0.0582 132 72 201 179
D00 0.0575 475 134 600 398
D00 0.0573 124 131 193 280
D00 0.0559 151 62 305 316
D00 0.0551 148 118 256 335
D00 0.0543 160 133 199 176
D00 0.0539 173 12 270 108
D00 0.0533 387 35 496 167
D00 0.0518 527 195 581 313
D00 0.0510 394 19 600 287
D00 0.0506 116 105 288 211
D00 0.0505 413 67 534 289
D00 0.0486 80 124 219 221
D00 0.0486 166 22 293 193
D00 0.0482 72 24 199 202
D00 0.0473 519 215 591 350
D00 0.0472 74 186 159 350
D00 0.0469 108 51 383 408
D00 0.0460 379 0 460 136
D00 0.0452 34 165 145 368
D00 0.0438 145 116 210 176
D00 0.0437 345 16 534 326
D00 0.0429 167 107 196 172
D00 0.0426 5 21 244 255
D00 0.0425 418 52 506 210
D00 0.0417 172 71 233 141
D00 0.0403 434 52 574 222
D00 0.0390 157 121 220 214
D00 0.0385 438 195 579 357
D00 0.0383 157 131 228 273
D00 0.0381 104 155 173 305
D00 0.0376 77 216 131 330
D00 0.0375 112 158 217 364
D00 0.0366 161 66 209 159
D00 0.0363 35 44 161 234
D00 0.0360 141 147 208 233
D00 0.0356 158 101 247 179
D00 0.0347 201 60 235 114
D00 0.0344 162 126 291 250
D00 0.0343 505 260 598 433
D00 0.0341 149 45 229 129
D00 0.0341 542 174 594 295
D00 0.0340 389 43 454 123
D00 0.0339 124 0 251 122
D00 0.0337 201 20 261 88
D00 0.0328 452 88 546 257
D00 0.0324 115 138 176 247
D00 0.0323 62 115 277 281
D00 0.0320 93 197 146 313
D00 0.0317 108 136 249 244
D00 0.0313 533 127 600 275
D00 0.0313 368 0 508 232
D00 0.0312 3 132 116 342
D00 0.0310 63 104 303 474
D00 0.0309 214 8 276 72
D00 0.0308 183 62 224 127
D00 0.0308 38 233 135 345
D00 0.0306 397 20 437 106
D00 0.0305 51 185 124 326
D00 0.0301 1 53 86 220
D00 0.0298 412 49 467 155
D00 0.0296 436 99 526 213
D00 0.0289 345 35 465 157
D00 0.0287 296 63 499 279
D00 0.0285 376 99 495 314
D00 0.0282 204 40 258 112
D00 0.0282 201 64 332 257
D00 0.0277 430 67 487 176
D00 0.0275 545 246 595 358
D00 0.0275 191 78 231 117
D00 0.0274 114 95 185 188
D00 0.0274 192 63 262 171
D00 0.0274 59 132 151 304
D00 0.0273 68 104 205 181
D00 0.0270 396 160 556 326
D00 0.0264 165 129 222 177
D00 0.0263 90 127 167 263
D00 0.0262 225 4 276 44
D00 0.0261 458 159 585 307
D00 0.0260 483 121 586 241
D00 0.0259 198 139 269 269
D00 0.0259 260 13 593 204
D00 0.0259 542 229 591 318
D00 0.0258 506 177 568 294
D00 0.0257 209 145 329 271
D00 0.0254 324 189 408 345
D00 0.0252 239 67 391 321
D00 0.0251 378 0 429 103
D00 0.0251 448 85 505 193
D00 0.0251 158 150 199 189
D00 0.0250 403 63 519 142
D00 0.0247 4 65 119 274
D00 0.0247 503 355 596 442
D00 0.0246 449 246 569 428
D00 0.0245 396 55 483 113
D00 0.0244 210 187 292 346
D00 0.0243 109 215 163 327
D00 0.0242 87 233 179 341
D00 0.0241 384 67 556 188
D00 0.0240 80 4 208 133
D00 0.0235 36 256 162 375
D00 0.0235 117 60 232 145
D00 0.0234 519 169 586 261
D00 0.0234 345 185 466 316
D00 0.0234 176 126 374 333
D00 0.0234 2 207 111 398
D00 0.0234 553 136 598 224
D00 0.0232 208 35 281 134
D00 0.0232 177 161 293 293
D00 0.0231 365 61 482 137
D00 0.0228 235 34 457 230
D00 0.0227 359 56 451 110
D00 0.0227 190 70 254 131
D00 0.0225 147 94 189 172
D00 0.0224 392 15 424 93
D00 0.0224 167 142 208 211
D00 0.0223 414 37 584 151
D00 0.0223 325 8 447 119
D00 0.0223 423 81 540 163
D00 0.0223 366 28 478 107
D00 0.0221 8 201 80 342
D00 0.0220 91 250 146 352
D00 0.0220 408 21 464 122
D00 0.0219 8 126 77 256
D00 0.0218 485 247 587 358
D00 0.0216 353 120 578 295
D00 0.0212 107 17 184 160
D00 0.0212 27 165 100 307
D00 0.0211 299 138 508 339
D00 0.0210 477 228 589 313
D00 0.0210 180 136 242 241
D00 0.0209 174 96 204 164
D00 0.0206 195 38 236 98
D00 0.0206 511 239 587 300
D00 0.0204 532 393 595 454
D00 0.0204 121 198 189 336
D00 0.0203 303 97 413 308
D00 0.0202 143 36 240 94
D00 0.0201 329 155 452 278
D00 0.0198 216 36 319 180
D00 0.0198 17 102 71 212
D00 0.0197 383 3 414 80
D00 0.0197 67 215 114 300
D00 0.0196 403 51 448 108
D00 0.0195 525 269 582 377
D00 0.0195 0 285 92 436
D00 0.0194 0 277 41 364
D00 0.0193 22 140 194 263
D00 0.0193 175 184 257 346
D00 0.0193 200 0 271 51
D00 0.0192 408 83 478 222
D00 0.0192 339 216 430 325
D00 0.0191 27 0 260 149
D00 0.0190 90 121 177 194
D00 0.0190 225 158 279 261
D00 0.0189 43 218 194 329
D00 0.0186 0 252 97 358
D00 0.0186 235 131 306 251
D00 0.0185 526 60 600 224
D00 0.0185 25 107 93 237
D00 0.0185 273 24 436 168
D00 0.0185 374 204 510 330
D00 0.0185 462 119 520 189
D00 0.0184 390 63 459 204
D00 0.0184 190 85 228 168
D00 0.0184 230 207 354 336
D00 0.0184 553 199 600 334
D00 0.0183 405 210 540 394
D00 0.0183 56 251 115 355
D00 0.0182 14 17 107 178
D00 0.0182 151 169 201 286
D00 0.0181 15 217 156 443
D00 0.0181 451 100 581 182
D00 0.0180 424 103 496 241
D00 0.0180 37 1 160 121
D00 0.0180 85 154 318 323
D00 0.0179 377 0 401 46
D00 0.0178 565 257 600 347
D00 0.0178 514 135 591 221
D00 0.0178 301 239 393 339
D00 0.0178 205 77 244 116
D00 0.0177 150 9 211 107
D00 0.0177 108 90 207 156
D00 0.0177 483 317 587 419
D00 0.0175 149 159 197 219
D00 0.0175 0 0 136 218
D00 0.0175 220 15 262 47
D00 0.0175 0 242 41 329
D00 0.0174 350 169 420 298
D00 0.0173 132 20 192 126
D00 0.0173 0 147 70 315
D00 0.0173 37 162 132 274
D00 0.0173 425 39 484 140
D00 0.0173 362 136 486 260
D00 0.0173 36 218 94 330
D00 0.0172 284 71 497 183
D00 0.0172 543 335 596 434
D00 0.0171 237 83 375 190
D00 0.0171 146 132 187 179
D00 0.0170 220 124 353 230
D00 0.0170 137 20 238 75
D00 0.0169 145 53 189 143
D00 0.0169 404 34 430 93
D00 0.0169 87 56 169 184
D00 0.0169 383 24 548 121
D00 0.0169 165 153 231 224
D00 0.0168 265 78 453 365
D00 0.0167 400 121 565 231
D00 0.0167 136 138 184 200
D00 0.0167 2 84 56 197
D00 0.0166 57 258 144 322
D00 0.0166 63 206 254 391
D00 0.0166 140 164 187 249
D00 0.0165 208 176 259 281
D00 0.0165 259 421 354 502
D00 0.0165 105 186 149 274
D00 0.0164 61 240 124 311
D00 0.0164 283 195 374 346
D00 0.0164 67 154 191 232
D00 0.0163 15 178 181 307
D00 0.0163 226 216 276 325
D00 0.0163 371 47 440 181
D00 0.0162 300 425 343 502
D00 0.0162 338 262 382 343
D00 0.0162 88 248 126 320
D00 0.0162 42 51 215 158
D00 0.0161 70 191 138 278
D00 0.0161 0 72 177 187
D00 0.0161 75 271 130 367
D00 0.0160 224 173 420 357
D00 0.0159 165 175 229 319
D00 0.0159 161 91 189 153
D00 0.0157 55 108 163 208
D00 0.0156 244 167 373 298
D00 0.0156 154 83 202 140
D00 0.0156 409 0 527 176
D00 0.0155 546 292 595 401
D00 0.0155 321 243 448 357
D00 0.0155 401 89 487 149
D00 0.0155 411 60 459 118
D00 0.0155 209 215 258 325
D00 0.0154 353 27 421 105
D00 0.0153 381 169 457 295
D00 0.0153 12 295 118 388
D00 0.0153 225 199 313 304
D00 0.0153 445 91 484 162
D00 0.0152 451 118 506 231
D00 0.0152 165 54 204 125
D00 0.0152 75 241 158 300
D00 0.0151 431 137 530 252
D00 0.0151 486 138 548 257
D00 0.0151 527 222 600 281
D00 0.0150 45 212 158 294
D00 0.0150 421 108 506 169
D00 0.0150 112 153 193 210
D00 0.0149 471 117 556 200
D00 0.0149 359 72 450 237
D00 0.0149 216 64 282 169
D00 0.0148 410 287 559 403
D00 0.0148 57 8 181 86
D00 0.0147 134 174 273 409
D00 0.0147 480 189 587 278
D00 0.0147 262 134 392 253
D00 0.0147 189 173 241 282
D00 0.0146 54 16 150 178
D00 0.0146 524 235 574 328
D00 0.0146 236 221 302 344
D00 0.0146 177 81 206 137
D00 0.0145 176 136 218 199
D00 0.0143 34 125 133 228
D00 0.0143 454 101 494 171
D00 0.0142 198 78 237 147
D00 0.0142 243 179 295 281
D00 0.0142 356 184 531 286
D00 0.0142 477 126 526 214
D00 0.0141 255 54 327 174
D00 0.0141 0 34 66 168
D00 0.0141 28 168 91 230
D00 0.0140 354 290 493 402
D00 0.0140 34 83 88 197
D00 0.0139 278 102 411 215
D00 0.0139 356 234 407 338
D00 0.0138 217 60 254 124
D00 0.0138 15 272 71 371
D00 0.0138 191 236 278 338
D00 0.0137 70 278 163 340
D00 0.0137 322 220 373 326
D00 0.0137 0 211 41 301
D00 0.0137 340 102 430 254
D00 0.0137 188 175 313 252
D00 0.0137 2 141 55 243
D00 0.0136 189 50 220 101
D00 0.0136 428 237 539 338
D00 0.0136 341 199 391 308
D00 0.0135 45 49 116 187
D00 0.0135 302 288 433 393
D00 0.0135 182 117 212 172
D00 0.0134 6 258 50 348
D00 0.0133 538 213 575 289
D00 0.0133 33 304 164 413
D00 0.0133 233 35 301 132
D00 0.0133 573 285 597 340
D00 0.0132 487 199 552 310
D00 0.0132 37 140 85 221
D00 0.0132 504 297 567 399
D00 0.0132 379 17 462 77
D00 0.0132 373 183 430 285
D00 0.0131 180 0 258 69
D00 0.0131 274 452 366 504
D00 0.0131 484 39 600 177
D00 0.0131 0 30 138 134
D00 0.0130 130 193 219 307
D00 0.0130 97 231 135 302
D00 0.0130 368 261 568 350
D00 0.0130 185 87 215 147
D00 0.0130 401 184 476 313
D00 0.0129 182 115 234 186
D00 0.0129 154 113 204 156
D00 0.0129 112 0 168 100
D00 0.0129 317 277 411 363
D00 0.0129 208 197 274 258
D00 0.0129 546 88 598 200
D00 0.0129 178 61 209 118
D00 0.0128 83 280 155 394
D00 0.0128 432 80 478 138
D00 0.0128 345 178 470 253
D00 0.0128 421 70 470 128
D00 0.0128 304 0 552 135
D00 0.0128 557 400 594 461
D00 0.0127 226 21 268 59
D00 0.0127 264 215 464 388
D00 0.0127 387 110 457 243
D00 0.0127 192 215 240 324
D00 0.0127 0 129 35 216
D00 0.0127 461 75 524 178
D00 0.0126 77 142 132 251
D00 0.0126 412 44 439 100
D00 0.0126 195 146 264 217
D00 0.0126 2 292 53 392
D00 0.0126 315 166 381 301
D00 0.0126 348 278 388 357
D00 0.0126 0 183 43 271
D00 0.0125 406 161 510 269
D00 0.0125 272 144 341 274
D00 0.0125 104 170 213 253
D00 0.0125 526 257 600 320
D00 0.0125 10 78 78 162
D00 0.0125 541 156 592 243
D00 0.0125 2 401 26 449
D00 0.0124 253 118 358 197
D00 0.0124 56 143 108 250
D00 0.0124 120 178 169 258
D00 0.0124 66 247 179 425
D00 0.0124 214 182 350 411
D00 0.0124 57 44 190 118
D00 0.0123 83 23 159 104
D00 0.0123 320 40 410 189
D00 0.0123 101 258 172 372
D00 0.0122 380 3 412 40
D00 0.0122 149 43 180 115
D00 0.0122 109 220 143 292
D00 0.0122 319 147 416 247
D00 0.0122 206 159 252 245
D00 0.0122 226 206 288 264
D00 0.0121 212 29 244 81
D00 0.0121 17 0 119 102
D00 0.0121 77 176 237 288
D00 0.0121 385 51 434 105
D00 0.0121 427 200 537 308
D00 0.0120 154 147 333 437
D00 0.0120 562 159 600 271
D00 0.0120 212 8 252 41
D00 0.0120 263 91 306 181
D00 0.0120 300 466 346 511
D00 0.0119 215 119 291 231
D00 0.0118 350 67 418 202
D00 0.0118 32 273 93 369
D00 0.0118 181 11 231 97
D00 0.0118 369 4 408 58
D00 0.0118 103 158 150 241
D00 0.0118 128 143 170 216
D00 0.0117 261 159 314 263
D00 0.0117 530 368 585 439
D00 0.0117 232 202 406 482
D00 0.0117 273 79 343 191
D00 0.0116 168 163 214 249
D00 0.0116 6 306 82 378
D00 0.0116 475 368 569 429
D00 0.0116 19 259 119 321
D00 0.0116 273 186 342 320
D00 0.0116 565 113 600 196
D00 0.0115 58 195 105 285
D00 0.0115 1 294 27 351
D00 0.0115 311 74 380 196
D00 0.0114 259 259 362 346
D00 0.0114 349 327 549 408
D00 0.0114 242 225 420 325
D00 0.0114 81 265 118 338
D00 0.0114 93 35 195 92
D00 0.0114 231 8 301 93
D00 0.0113 281 401 366 519
D00 0.0113 6 157 78 222
D00 0.0113 129 238 223 337
D00 0.0113 87 213 127 288
D00 0.0113 242 65 301 169
D00 0.0113 292 57 362 176
D00 0.0113 185 100 273 208
D00 0.0112 250 113 318 176
D00 0.0112 358 232 491 309
D00 0.0112 97 266 135 336
D00 0.0112 506 388 598 471
D00 0.0112 348 286 373 339
D00 0.0111 51 33 148 94
D00 0.0111 262 219 314 325
D00 0.0111 122 120 182 175
D00 0.0110 153 215 202 324
D00 0.0110 0 232 118 312
D00 0.0109 99 146 164 220
D00 0.0109 311 271 375 337
D00 0.0109 32 47 92 154
D00 0.0109 440 340 567 423
D00 0.0109 55 104 107 211
D00 0.0109 106 248 144 321
D00 0.0108 122 44 166 126
D00 0.0108 259 141 329 200
D00 0.0108 427 276 540 369
D00 0.0107 384 177 450 244
D00 0.0107 383 220 458 343
D00 0.0107 342 107 514 211
D00 0.0107 120 202 167 288
D00 0.0107 301 221 355 325
D00 0.0107 526 10 600 160
D00 0.0106 403 4 507 102
D00 0.0106 139 51 171 123
D00 0.0106 331 95 398 220
D00 0.0106 142 7 186 93
D00 0.0106 296 256 512 424
D00 0.0106 563 351 600 448
D00 0.0106 114 139 172 189
D00 0.0106 377 12 401 69
D00 0.0105 113 259 157 342
D00 0.0105 67 137 145 214
D00 0.0105 0 376 34 456
D00 0.0105 0 54 35 142
D00 0.0104 72 28 131 132
D00 0.0104 495 387 575 436
D00 0.0104 541 472 593 496
D00 0.0104 394 7 419 61
D00 0.0103 463 152 538 237
D00 0.0103 63 308 139 375
D00 0.0103 375 150 430 249
D00 0.0103 156 35 190 106
D00 0.0103 103 73 204 128
D00 0.0102 138 83 175 157
D00 0.0102 340 164 392 267
D00 0.0102 9 190 79 274
D00 0.0102 161 71 187 128
D00 0.0102 318 262 414 321
D00 0.0102 46 176 92 258
D00 0.0102 97 55 200 107
D00 0.0101 513 102 593 184
D00 0.0101 262 187 446 286
D00 0.0101 212 285 352 495
D00 0.0101 10 41 84 123
D00 0.0101 258 292 401 353
D00 0.0101 0 319 34 400
D00 0.0101 42 41 120 119
D00 0.0101 1 267 28 324
D00 0.0101 368 0 393 43
D00 0.0100 36 16 134 79
D00 0.0100 264 65 307 147
D00 0.0100 70 256 109 330
D00 0.0100 368 9 409 34
D00 0.0100 0 60 100 139
D10 0.1184 135 122 269 187
D10 0.0913 135 137 205 187
D10 0.0795 177 136 309 176
D10 0.0712 99 121 217 193
D10 0.0673 149 148 198 176
D10 0.0669 126 92 304 185
D10 0.0663 146 110 233 176
D10 0.0653 159 122 361 193
D10 0.0604 141 145 235 198
D10 0.0533 219 144 329 180
D10 0.0504 191 21 298 77
D10 0.0504 155 144 231 178
D10 0.0493 130 129 308 217
D10 0.0474 170 80 244 129
D10 0.0468 109 145 203 200
D10 0.0462 207 147 290 173
D10 0.0434 195 37 319 93
D10 0.0425 203 11 281 53
D10 0.0422 163 147 284 197
D10 0.0416 204 118 324 168
D10 0.0415 173 147 269 175
D10 0.0411 184 93 233 117
D10 0.0410 224 12 275 37
D10 0.0409 160 140 207 171
D10 0.0405 182 52 293 107
D10 0.0403 231 130 380 186
D10 0.0391 203 44 276 79
D10 0.0375 530 399 593 435
D10 0.0375 218 4 296 43
D10 0.0372 215 19 269 42
D10 0.0370 444 370 598 431
D10 0.0344 178 54 243 89
D10 0.0339 159 87 249 158
D10 0.0323 173 143 241 168
D10 0.0322 539 412 589 438
D10 0.0321 240 152 311 172
D10 0.0316 198 49 358 114
D10 0.0310 192 141 338 205
D10 0.0309 459 395 589 437
D10 0.0303 126 150 187 177
D10 0.0289 273 53 429 113
D10 0.0289 153 157 199 185
D10 0.0283 163 95 212 118
D10 0.0277 170 71 416 182
D10 0.0274 159 21 256 76
D10 0.0267 190 78 252 117
D10 0.0257 195 72 238 106
D10 0.0253 190 16 262 47
D10 0.0252 264 148 343 178
D10 0.0252 14 310 150 375
D10 0.0250 493 400 578 431
D10 0.0249 244 59 369 105
D10 0.0246 251 117 361 168
D10 0.0245 463 402 550 428
D10 0.0243 294 39 476 125
D10 0.0242 219 35 384 99
D10 0.0241 173 85 223 113
D10 0.0235 335 57 439 108
D10 0.0233 81 113 191 171
D10 0.0233 178 104 272 176
D10 0.0231 181 110 417 215
D10 0.0231 148 52 239 108
D10 0.0225 162 102 206 125
D10 0.0224 411 379 559 423
D10 0.0223 469 118 592 200
D10 0.0221 123 162 203 222
D10 0.0219 525 174 600 230
D10 0.0219 183 91 295 155
D10 0.0217 163 96 220 132
D10 0.0217 187 0 311 65
D10 0.0210 31 300 136 353
D10 0.0206 183 70 292 129
D10 0.0204 360 405 420 424
D10 0.0202 342 73 423 104
D10 0.0202 504 145 592 204
D10 0.0202 0 175 80 225
D10 0.0197 508 239 587 293
D10 0.0197 1 319 101 368
D10 0.0195 172 58 228 82
D10 0.0195 281 143 380 185
D10 0.0194 512 412 575 435
D10 0.0193 208 27 259 51
D10 0.0192 176 101 223 124
D10 0.0192 183 50 236 75
D10 0.0192 494 222 579 282
D10 0.0191 140 84 221 138
D10 0.0190 251 149 361 199
D10 0.0190 383 141 559 271
D10 0.0189 106 138 185 175
D10 0.0187 63 321 170 367
D10 0.0186 483 320 583 368
D10 0.0185 161 125 228 167
D10 0.0185 146 130 197 162
D10 0.0185 219 57 285 81
D10 0.0184 207 38 254 66
D10 0.0184 293 61 397 100
D10 0.0183 503 383 593 433
D10 0.0182 520 48 600 92
D10 0.0181 163 144 372 259
D10 0.0181 66 300 167 352
D10 0.0181 239 11 302 34
D10 0.0180 202 59 276 94
D10 0.0177 329 398 438 425
D10 0.0177 342 106 534 225
D10 0.0176 458 212 584 294
D10 0.0174 290 42 407 93
D10 0.0172 231 18 291 42
D10 0.0171 166 153 245 188
D10 0.0171 158 163 257 224
D10 0.0170 433 299 600 395
D10 0.0170 544 191 600 228
D10 0.0168 265 144 323 169
D10 0.0167 476 409 555 436
D10 0.0167 228 153 305 184
D10 0.0166 216 32 286 70
D10 0.0165 38 122 187 195
D10 0.0165 174 64 227 91
D10 0.0165 176 130 264 166
D10 0.0162 311 74 423 124
D10 0.0161 6 187 61 212
D10 0.0161 484 355 584 420
D10 0.0161 42 331 134 370
D10 0.0160 367 364 579 425
D10 0.0159 195 12 253 36
D10 0.0158 339 185 547 306
D10 0.0156 330 406 393 424
D10 0.0156 485 31 600 97
D10 0.0155 60 249 139 304
D10 0.0155 4 328 133 398
D10 0.0155 484 299 582 352
D10 0.0155 82 165 179 220
D10 0.0154 551 188 596 214
D10 0.0154 154 40 248 90
D10 0.0154 538 393 587 424
D10 0.0154 165 150 207 189
D10 0.0153 461 110 568 170
D10 0.0153 0 289 120 362
D10 0.0153 492 163 580 222
D10 0.0153 512 332 600 374
D10 0.0151 168 68 232 110
D10 0.0150 295 149 507 264
D10 0.0150 241 22 362 74
D10 0.0150 351 69 412 93
D10 0.0149 54 150 166 202
D10 0.0149 256 66 403 135
D10 0.0148 278 63 355 95
D10 0.0147 202 153 278 185
D10 0.0147 453 407 518 427
D10 0.0147 69 223 251 337
D10 0.0147 70 336 143 364
D10 0.0146 113 179 287 306
D10 0.0146 31 277 205 366
D10 0.0146 234 54 316 86
D10 0.0145 385 389 552 436
D10 0.0145 484 338 582 395
D10 0.0145 512 201 586 264
D10 0.0145 558 404 600 429
D10 0.0144 526 408 600 458
D10 0.0144 16 169 112 220
D10 0.0143 313 68 372 92
D10 0.0143 215 214 300 259
D10 0.0142 559 413 600 438
D10 0.0142 500 248 569 284
D10 0.0142 407 44 591 138
D10 0.0142 408 313 562 377
D10 0.0141 365 61 438 98
D10 0.0141 357 72 453 126
D10 0.0141 331 69 392 92
D10 0.0141 139 159 196 200
D10 0.0139 446 83 581 164
D10 0.0138 290 152 355 175
D10 0.0138 145 103 194 127
D10 0.0138 253 135 443 222
D10 0.0138 542 420 589 450
D10 0.0138 490 256 581 322
D10 0.0138 226 73 342 127
D10 0.0137 531 140 600 193
D10 0.0137 0 335 68 366
D10 0.0135 282 144 344 168
D10 0.0135 0 147 156 245
D10 0.0135 210 82 357 162
D10 0.0134 197 88 269 122
D10 0.0134 212 130 287 166
D10 0.0133 206 85 258 111
D10 0.0133 231 49 295 73
D10 0.0131 528 192 600 252
D10 0.0131 463 414 527 433
D10 0.0131 360 178 487 253
D10 0.0131 435 407 541 439
D10 0.0130 222 4 338 52
D10 0.0129 186 35 248 71
D10 0.0129 205 74 256 103
D10 0.0129 188 0 282 33
D10 0.0129 494 182 578 243
D10 0.0128 372 75 428 101
D10 0.0128 474 203 570 263
D10 0.0128 252 95 441 186
D10 0.0128 198 163 298 226
D10 0.0127 117 127 192 166
D10 0.0126 155 109 197 137
D10 0.0126 233 3 282 30
D10 0.0125 449 242 562 300
D10 0.0125 226 26 279 53
D10 0.0125 22 336 101 365
D10 0.0125 182 24 249 57
D10 0.0125 377 159 507 233
D10 0.0124 308 372 466 423
D10 0.0123 45 339 153 390
D10 0.0123 25 188 78 214
D10 0.0123 372 396 427 419
D10 0.0123 292 115 397 167
D10 0.0122 388 405 445 424
D10 0.0122 75 262 124 289
D10 0.0122 548 57 598 82
D10 0.0122 191 101 241 125
D10 0.0122 507 277 589 339
D10 0.0121 292 151 400 201
D10 0.0121 551 443 599 465
D10 0.0121 4 148 86 208
D10 0.0121 166 2 261 46
D10 0.0120 190 141 251 181
D10 0.0120 118 184 199 241
D10 0.0120 536 246 600 306
D10 0.0120 364 204 453 255
D10 0.0119 142 225 339 333
D10 0.0119 502 21 599 74
D10 0.0119 235 135 295 174
D10 0.0119 18 186 114 237
D10 0.0118 0 172 55 211
D10 0.0118 525 252 573 280
D10 0.0118 145 95 194 119
D10 0.0118 255 187 471 303
D10 0.0118 424 8 600 91
D10 0.0118 454 146 549 203
D10 0.0118 176 183 377 303
D10 0.0117 543 172 600 212
D10 0.0117 14 178 70 206
D10 0.0117 406 333 564 402
D10 0.0117 478 56 588 107
D10 0.0117 357 170 455 224
D10 0.0116 0 298 183 403
D10 0.0116 62 327 133 359
D10 0.0116 409 195 556 272
D10 0.0116 552 158 595 185
D10 0.0116 295 126 436 192
D10 0.0114 20 242 119 300
D10 0.0114 185 186 279 242
D10 0.0114 436 173 568 255
D10 0.0114 148 185 238 241
D10 0.0114 189 206 281 255
D10 0.0113 81 241 164 295
D10 0.0113 60 340 117 361
D10 0.0112 351 397 411 420
D10 0.0112 62 303 249 378
D10 0.0112 96 265 302 361
D10 0.0112 351 387 452 422
D10 0.0112 99 322 212 366
D10 0.0111 440 75 552 130
D10 0.0111 419 148 509 197
D10 0.0111 340 187 438 242
D10 0.0110 511 394 574 423
D10 0.0110 155 85 204 111
D10 0.0110 251 62 325 94
D10 0.0109 491 132 590 181
D10 0.0109 296 56 373 88
D10 0.0109 83 253 131 281
D10 0.0109 476 140 567 192
D10 0.0109 457 290 550 337
D10 0.0109 400 137 524 214
D10 0.0109 387 205 492 260
D10 0.0109 405 187 512 241
D10 0.0109 156 167 201 195
D10 0.0108 322 76 382 100
D10 0.0108 389 292 543 358
D10 0.0108 138 105 199 146
D10 0.0108 350 315 498 377
D10 0.0108 305 140 377 172
D10 0.0107 421 58 532 110
D10 0.0107 383 102 480 150
D10 0.0107 539 340 593 364
D10 0.0107 533 187 583 214
D10 0.0107 322 393 403 421
D10 0.0107 96 195 179 247
D10 0.0106 528 220 599 282
D10 0.0106 370 396 469 427
D10 0.0105 534 160 594 202
D10 0.0105 560 197 600 222
D10 0.0105 268 59 324 83
D10 0.0105 155 119 197 148
D10 0.0105 541 251 586 281
D10 0.0105 164 74 215 102
D10 0.0105 92 223 177 279
D10 0.0105 273 321 386 365
D10 0.0104 187 137 229 172
D10 0.0104 100 301 211 350
D10 0.0103 541 150 591 178
D10 0.0103 390 214 535 291
D10 0.0103 119 101 205 159
D10 0.0103 376 151 474 204
D10 0.0103 526 265 600 324
D10 0.0103 276 154 352 188
D10 0.0103 454 166 550 222
D10 0.0103 34 326 109 359
D10 0.0103 306 391 464 437
D10 0.0102 268 127 344 187
D10 0.0102 531 325 599 359
D10 0.0102 255 158 316 181
D10 0.0102 293 303 525 401
D10 0.0101 232 225 282 250
D10 0.0101 3 260 100 320
D10 0.0101 260 264 478 362
D10 0.0101 79 203 163 261
D10 0.0100 517 172 583 212
D10 0.0100 113 192 177 229
D10 0.0100 18 191 84 228
D10 0.0100 540 344 600 376
D10 0.0100 116 158 172 184
D20 0.1365 154 33 262 182
D20 0.1175 0 10 571 360
D20 0.1044 111 15 430 191
D20 0.0979 163 33 314 135
D20 0.0952 50 67 463 304
D20 0.0824 118 70 290 190
D20 0.0759 32 22 327 205
D20 0.0731 187 48 244 118
D20 0.0720 62 9 305 349
D20 0.0709 227 38 556 340
D20 0.0675 81 92 227 193
D20 0.0659 111 39 345 275
D20 0.0639 174 9 322 98
D20 0.0603 22 88 237 359
D20 0.0572 186 36 295 95
D20 0.0562 17 165 600 591
D20 0.0538 101 131 522 371
D20 0.0519 6 69 293 265
D20 0.0481 184 21 270 130
D20 0.0452 371 2 592 372
D20 0.0428 276 179 600 369
D20 0.0399 172 40 415 151
D20 0.0393 5 163 177 372
D20 0.0385 8 102 391 478
D20 0.0383 166 53 350 201
D20 0.0372 206 110 583 470
D20 0.0356 49 127 213 225
D20 0.0346 119 214 528 434
D20 0.0340 416 146 597 430
D20 0.0324 97 0 321 148
D20 0.0306 150 98 403 345
D20 0.0300 0 311 408 600
D20 0.0298 167 311 600 600
D20 0.0280 205 23 261 96
D20 0.0279 20 237 147 361
D20 0.0268 0 0 223 149
D20 0.0267 437 235 600 344
D20 0.0264 449 359 600 439
D20 0.0264 0 0 159 354
D20 0.0262 304 253 600 427
D20 0.0261 28 172 376 363
D20 0.0251 71 50 231 166
D20 0.0249 166 42 252 91
D20 0.0248 168 85 283 222
D20 0.0244 127 298 534 498
D20 0.0244 145 90 442 235
D20 0.0239 268 10 600 241
D20 0.0238 311 0 600 600
D20 0.0227 221 23 343 109
D20 0.0223 216 14 311 83
D20 0.0223 0 213 291 393
D20 0.0220 456 0 600 233
D20 0.0215 191 0 577 150
D20 0.0211 140 141 311 245
D20 0.0206 434 271 582 420
D20 0.0203 373 220 568 338
D20 0.0198 370 0 600 146
D20 0.0194 488 384 600 447
D20 0.0182 230 207 517 346
D20 0.0182 150 63 235 119
D20 0.0177 54 238 222 341
D20 0.0175 210 74 404 170
D20 0.0174 539 378 591 451
D20 0.0173 507 348 599 471
D20 0.0172 213 436 363 510
D20 0.0170 257 59 448 146
D20 0.0170 37 246 344 515
D20 0.0170 382 345 594 422
D20 0.0169 239 26 338 175
D20 0.0165 126 382 541 557
D20 0.0164 335 118 546 397
D20 0.0162 415 201 594 310
D20 0.0160 252 42 363 129
D20 0.0159 181 164 459 319
D20 0.0159 46 159 201 274
D20 0.0158 224 0 394 204
D20 0.0158 0 188 141 468
D20 0.0157 511 212 600 457
D20 0.0156 334 260 558 370
D20 0.0155 221 263 409 347
D20 0.0152 228 0 297 45
D20 0.0151 292 192 530 520
D20 0.0151 149 0 332 64
D20 0.0149 455 226 600 502
D20 0.0144 194 0 273 68
D20 0.0144 0 106 91 355
D20 0.0143 0 57 185 526
D20 0.0142 222 92 319 227
D20 0.0139 0 473 50 525
D20 0.0135 0 489 44 515
D20 0.0134 147 411 406 519
D20 0.0130 69 362 402 502
D20 0.0129 0 181 150 305
D20 0.0129 0 211 74 402
D20 0.0129 371 455 600 600
D20 0.0128 281 18 376 157
D20 0.0127 177 0 434 90
D20 0.0126 294 328 591 445
D20 0.0126 6 497 55 523
D20 0.0125 101 0 241 97
D20 0.0124 329 301 560 404
D20 0.0123 0 277 212 415
D20 0.0122 293 42 402 126
D20 0.0122 0 455 228 600
D20 0.0121 268 116 452 394
D20 0.0120 176 389 380 488
D20 0.0119 132 453 535 600
D20 0.0118 0 224 109 337
D20 0.0116 487 260 600 373
D20 0.0115 0 489 78 528
D20 0.0114 528 0 600 119
D20 0.0113 0 63 119 269
D20 0.0112 320 13 415 149
D20 0.0110 0 0 73 118
D20 0.0108 0 37 203 228
D20 0.0107 370 301 600 509
D20 0.0107 0 0 110 70
D20 0.0106 212 358 600 493
D20 0.0105 0 302 229 511
D20 0.0105 453 358 600 600
D20 0.0105 254 282 444 359
D20 0.0104 227 19 282 94
D20 0.0104 0 0 107 167
D20 0.0104 248 4 360 91
D20 0.0103 545 323 600 465
D20 0.0103 546 78 600 235
D20 0.0102 171 242 353 338
D40 0.1118 201 53 241 90
D40 0.1073 194 47 260 96
D40 0.0708 186 30 269 108
D40 0.0575 204 50 251 77
D40 0.0515 185 21 282 78
D40 0.0469 151 143 198 180
D40 0.0380 196 55 230 110
D40 0.0268 217 46 251 93
D40 0.0259 204 66 244 109
D40 0.0239 234 8 276 39
D40 0.0219 212 37 272 84
D40 0.0164 227 141 271 171
D40 0.0149 209 34 249 73
D40 0.0141 131 0 209 47
D40 0.0123 2 484 40 518
D40 0.0118 193 62 288 112
D40 0.0110 222 58 265 95
D40 0.0104 208 145 252 174
