D00 0.0772 170 184 214 276
D00 0.0704 188 184 212 237
D00 0.0650 548 381 594 499
D00 0.0609 181 171 219 244
D00 0.0580 534 350 600 522
D00 0.0570 153 181 238 283
D00 0.0528 516 320 594 481
D00 0.0508 0 171 102 304
D00 0.0484 122 137 238 269
D00 0.0475 529 347 581 463
D00 0.0420 148 213 211 276
D00 0.0420 5 114 183 311
D00 0.0419 556 424 598 519
D00 0.0416 180 193 208 247
D00 0.0416 417 177 456 259
D00 0.0410 558 402 600 483
D00 0.0394 480 263 600 514
D00 0.0388 92 101 215 223
D00 0.0384 70 90 241 278
D00 0.0378 29 148 148 343
D00 0.0374 153 150 210 256
D00 0.0357 378 122 462 263
D00 0.0352 6 137 128 261
D00 0.0338 174 143 245 265
D00 0.0337 532 403 583 512
D00 0.0336 6 194 86 276
D00 0.0335 426 202 449 255
D00 0.0332 95 66 213 181
D00 0.0331 426 203 466 282
D00 0.0320 70 114 175 207
D00 0.0318 573 425 598 481
D00 0.0315 181 195 220 228
D00 0.0314 0 154 210 403
D00 0.0313 0 264 94 421
D00 0.0310 54 122 299 449
D00 0.0310 292 175 532 511
D00 0.0309 543 367 589 455
D00 0.0304 0 223 46 312
D00 0.0302 27 218 145 416
D00 0.0301 429 218 460 256
D00 0.0299 454 293 566 497
D00 0.0299 23 132 181 226
D00 0.0298 393 166 484 262
D00 0.0297 494 285 581 449
D00 0.0297 387 127 426 219
D00 0.0295 3 230 81 309
D00 0.0293 393 147 447 250
D00 0.0286 379 163 595 518
D00 0.0285 88 132 189 187
D00 0.0279 4 59 189 243
D00 0.0277 27 180 126 284
D00 0.0277 322 138 342 188
D00 0.0276 362 89 441 248
D00 0.0276 50 146 151 243
D00 0.0276 161 204 256 263
D00 0.0275 51 166 200 318
D00 0.0275 101 148 149 196
D00 0.0272 447 122 561 308
D00 0.0272 155 186 229 239
D00 0.0271 109 121 280 304
D00 0.0271 183 210 215 279
D00 0.0270 117 104 198 178
D00 0.0265 151 151 257 332
D00 0.0263 425 222 492 255
D00 0.0261 118 172 381 495
D00 0.0260 0 199 124 357
D00 0.0258 439 198 577 464
D00 0.0257 139 121 189 169
D00 0.0256 17 186 110 242
D00 0.0256 498 103 600 211
D00 0.0254 349 66 373 115
D00 0.0254 531 136 594 194
D00 0.0253 492 360 594 546
D00 0.0252 76 153 140 211
D00 0.0252 159 102 230 237
D00 0.0250 357 73 383 124
D00 0.0250 86 146 199 247
D00 0.0249 126 201 241 316
D00 0.0249 564 409 591 468
D00 0.0249 378 118 418 196
D00 0.0248 194 177 221 230
D00 0.0247 416 107 587 386
D00 0.0245 395 106 538 322
D00 0.0245 143 63 258 242
D00 0.0244 114 53 234 117
D00 0.0243 130 171 210 284
D00 0.0241 21 96 180 193
D00 0.0241 0 317 41 402
D00 0.0240 171 193 253 243
D00 0.0240 488 147 594 346
D00 0.0236 510 328 565 442
D00 0.0236 113 183 224 374
D00 0.0235 173 221 209 285
D00 0.0233 196 143 462 460
D00 0.0233 102 196 231 274
D00 0.0232 34 167 131 225
D00 0.0232 110 140 161 189
D00 0.0232 157 230 218 295
D00 0.0231 0 276 44 369
D00 0.0229 379 188 468 245
D00 0.0229 173 205 214 231
D00 0.0228 365 135 498 291
D00 0.0228 351 60 391 136
D00 0.0228 120 140 202 217
D00 0.0227 108 92 202 151
D00 0.0226 90 168 139 197
D00 0.0226 386 131 411 182
D00 0.0225 4 311 131 441
D00 0.0221 56 176 115 241
D00 0.0221 123 136 185 172
D00 0.0219 53 131 156 189
D00 0.0218 139 122 214 199
D00 0.0217 416 197 495 265
D00 0.0216 40 65 199 153
D00 0.0215 12 292 75 402
D00 0.0213 530 115 600 261
D00 0.0211 68 316 108 401
D00 0.0211 186 190 224 264
D00 0.0211 352 81 416 211
D00 0.0211 109 74 206 131
D00 0.0210 30 199 95 259
D00 0.0208 183 171 249 233
D00 0.0208 399 188 516 303
D00 0.0206 152 237 196 274
D00 0.0204 314 114 350 194
D00 0.0202 147 131 195 159
D00 0.0200 179 95 291 278
D00 0.0199 0 274 59 330
D00 0.0199 329 138 351 188
D00 0.0199 394 271 546 506
D00 0.0198 40 67 253 210
D00 0.0198 1 215 63 282
D00 0.0197 536 80 600 196
D00 0.0197 35 305 170 424
D00 0.0196 333 78 464 302
D00 0.0196 166 171 207 237
D00 0.0194 553 391 582 450
D00 0.0194 383 404 495 515
D00 0.0194 69 173 129 211
D00 0.0194 141 160 253 240
D00 0.0194 134 114 210 161
D00 0.0193 139 75 237 171
D00 0.0193 525 340 571 420
D00 0.0192 1 201 229 541
D00 0.0191 67 221 263 413
D00 0.0191 24 253 225 444
D00 0.0190 394 137 419 193
D00 0.0188 181 294 227 369
D00 0.0187 44 284 121 411
D00 0.0187 438 338 578 555
D00 0.0186 66 167 176 221
D00 0.0185 393 182 450 278
D00 0.0185 567 440 600 503
D00 0.0184 541 312 596 429
D00 0.0183 357 58 408 155
D00 0.0182 546 417 594 473
D00 0.0182 335 47 396 167
D00 0.0182 410 166 444 244
D00 0.0182 10 0 33 47
D00 0.0181 472 68 600 293
D00 0.0181 0 247 67 370
D00 0.0181 0 336 93 484
D00 0.0180 408 158 537 267
D00 0.0180 225 104 584 574
D00 0.0180 433 422 476 500
D00 0.0179 377 147 422 237
D00 0.0179 343 156 451 329
D00 0.0178 477 240 600 401
D00 0.0177 1 239 29 296
D00 0.0176 552 140 600 215
D00 0.0176 62 48 244 139
D00 0.0176 6 222 186 334
D00 0.0176 165 212 200 267
D00 0.0175 410 222 505 276
D00 0.0175 365 81 392 132
D00 0.0174 544 447 588 527
D00 0.0173 403 191 451 248
D00 0.0173 553 335 600 471
D00 0.0173 119 150 171 177
D00 0.0172 412 224 527 428
D00 0.0172 196 170 260 265
D00 0.0171 531 436 600 540
D00 0.0170 321 131 358 207
D00 0.0170 374 186 554 381
D00 0.0170 175 183 231 224
D00 0.0168 366 64 432 188
D00 0.0168 377 195 472 298
D00 0.0168 117 185 218 247
D00 0.0168 342 44 380 119
D00 0.0168 520 104 591 179
D00 0.0167 358 129 413 230
D00 0.0167 512 369 569 473
D00 0.0166 283 107 508 319
D00 0.0166 0 307 30 378
D00 0.0166 171 297 254 452
D00 0.0166 156 123 205 149
D00 0.0165 105 116 172 180
D00 0.0165 522 297 582 406
D00 0.0165 81 35 406 437
D00 0.0165 30 310 93 417
D00 0.0164 357 67 400 114
D00 0.0164 347 71 377 140
D00 0.0162 21 212 87 249
D00 0.0162 57 333 101 418
D00 0.0162 54 57 194 118
D00 0.0162 5 260 188 378
D00 0.0162 409 131 465 241
D00 0.0162 527 427 600 482
D00 0.0161 399 145 432 226
D00 0.0160 532 362 568 436
D00 0.0160 323 281 409 450
D00 0.0160 2 333 27 389
D00 0.0159 70 182 110 220
D00 0.0159 390 205 483 254
D00 0.0159 368 98 410 175
D00 0.0159 355 236 502 479
D00 0.0158 148 225 187 283
D00 0.0158 148 105 199 153
D00 0.0157 185 174 216 215
D00 0.0157 539 149 588 181
D00 0.0157 126 227 199 285
D00 0.0156 46 200 106 240
D00 0.0156 68 136 173 281
D00 0.0155 344 147 435 245
D00 0.0155 107 132 173 226
D00 0.0155 527 180 600 384
D00 0.0155 322 272 462 499
D00 0.0155 356 59 382 106
D00 0.0154 0 309 63 441
D00 0.0154 0 88 106 381
D00 0.0154 136 231 275 457
D00 0.0154 187 317 232 395
D00 0.0153 0 101 116 225
D00 0.0153 363 167 448 229
D00 0.0153 544 380 573 439
D00 0.0153 397 349 478 493
D00 0.0153 187 115 240 221
D00 0.0152 145 223 217 345
D00 0.0151 373 128 406 164
D00 0.0151 341 95 391 193
D00 0.0151 16 278 81 349
D00 0.0151 76 169 116 229
D00 0.0151 385 121 450 202
D00 0.0151 12 356 152 468
D00 0.0151 358 207 501 346
D00 0.0150 352 76 391 103
D00 0.0150 455 132 600 222
D00 0.0149 506 309 555 395
D00 0.0149 567 439 600 469
D00 0.0149 111 155 139 202
D00 0.0149 51 112 160 169
D00 0.0148 490 122 583 261
D00 0.0148 7 159 91 238
D00 0.0148 115 293 242 403
D00 0.0147 43 215 95 243
D00 0.0147 181 193 292 364
D00 0.0147 313 139 335 188
D00 0.0147 308 126 416 305
D00 0.0147 504 282 599 378
D00 0.0146 21 220 128 314
D00 0.0146 19 149 120 207
D00 0.0146 455 227 580 348
D00 0.0145 549 158 595 188
D00 0.0145 340 57 364 105
D00 0.0145 63 33 190 197
D00 0.0145 150 58 260 107
D00 0.0144 581 434 600 489
D00 0.0144 358 89 384 143
D00 0.0144 517 410 591 466
D00 0.0144 403 211 456 261
D00 0.0143 183 136 273 237
D00 0.0143 174 225 243 287
D00 0.0143 84 160 135 189
D00 0.0142 74 266 323 484
D00 0.0142 546 435 593 493
D00 0.0142 363 92 397 157
D00 0.0141 88 157 175 201
D00 0.0140 112 95 259 194
D00 0.0140 186 289 297 474
D00 0.0140 414 414 467 506
D00 0.0140 210 124 249 205
D00 0.0140 424 416 490 525
D00 0.0139 1 295 27 352
D00 0.0139 190 187 298 282
D00 0.0139 71 162 128 262
D00 0.0138 336 333 527 514
D00 0.0138 63 326 142 403
D00 0.0138 0 261 42 308
D00 0.0138 130 123 179 194
D00 0.0137 210 275 458 590
D00 0.0137 431 233 482 258
D00 0.0137 375 102 401 152
D00 0.0136 394 431 484 487
D00 0.0136 151 196 208 250
D00 0.0136 489 134 588 184
D00 0.0136 104 227 300 329
D00 0.0136 138 151 326 270
D00 0.0136 558 430 595 461
D00 0.0135 0 215 33 284
D00 0.0135 338 385 468 488
D00 0.0135 422 225 454 264
D00 0.0135 327 112 354 181
D00 0.0134 158 98 221 154
D00 0.0134 186 326 221 361
D00 0.0134 157 114 206 140
D00 0.0134 343 320 457 451
D00 0.0134 414 411 587 521
D00 0.0134 298 190 489 301
D00 0.0133 148 129 179 175
D00 0.0133 385 114 410 163
D00 0.0133 385 125 428 174
D00 0.0133 121 36 269 160
D00 0.0133 129 37 257 94
D00 0.0132 170 131 213 225
D00 0.0132 283 274 366 319
D00 0.0132 358 194 400 281
D00 0.0131 79 165 121 203
D00 0.0130 377 140 419 167
D00 0.0130 370 75 404 137
D00 0.0130 482 283 555 410
D00 0.0130 72 276 217 391
D00 0.0130 8 342 34 398
D00 0.0130 13 294 162 510
D00 0.0130 555 251 597 337
D00 0.0130 122 337 168 413
D00 0.0130 410 370 529 540
D00 0.0130 157 114 188 161
D00 0.0129 63 0 292 321
D00 0.0129 318 63 418 184
D00 0.0129 171 124 369 304
D00 0.0128 330 114 369 192
D00 0.0128 348 48 372 96
D00 0.0128 293 289 377 329
D00 0.0128 158 112 203 189
D00 0.0128 189 236 212 291
D00 0.0127 64 186 181 242
D00 0.0127 392 113 480 223
D00 0.0127 433 204 523 352
D00 0.0127 151 149 237 206
D00 0.0127 433 225 457 282
D00 0.0127 519 154 600 204
D00 0.0126 338 230 449 412
D00 0.0126 205 270 353 489
D00 0.0126 7 339 82 424
D00 0.0126 134 58 211 101
D00 0.0126 324 58 371 155
D00 0.0126 350 49 454 165
D00 0.0126 487 425 587 524
D00 0.0126 330 27 353 72
D00 0.0126 25 210 73 303
D00 0.0126 395 152 419 216
D00 0.0126 189 327 241 433
D00 0.0126 451 185 600 297
D00 0.0126 23 214 179 288
D00 0.0125 432 179 515 253
D00 0.0125 375 64 487 248
D00 0.0125 0 342 34 427
D00 0.0125 286 308 427 527
D00 0.0125 4 301 54 382
D00 0.0125 93 151 143 179
D00 0.0124 81 87 172 161
D00 0.0124 294 134 355 192
D00 0.0124 368 137 412 190
D00 0.0124 68 282 110 372
D00 0.0124 117 159 169 186
D00 0.0124 12 250 65 303
D00 0.0124 138 252 261 367
D00 0.0124 158 306 405 523
D00 0.0124 88 310 240 457
D00 0.0124 503 243 600 339
D00 0.0123 417 122 492 252
D00 0.0123 169 313 226 412
D00 0.0123 390 417 482 465
D00 0.0123 111 45 336 266
D00 0.0123 86 319 197 410
D00 0.0123 50 197 109 297
D00 0.0122 452 391 600 491
D00 0.0122 17 334 116 394
D00 0.0122 43 205 156 261
D00 0.0122 540 160 600 303
D00 0.0122 424 386 464 467
D00 0.0122 76 332 101 389
D00 0.0122 0 76 77 268
D00 0.0122 151 324 260 503
D00 0.0121 558 397 592 439
D00 0.0121 338 64 367 131
D00 0.0121 74 231 220 346
D00 0.0120 122 132 173 160
D00 0.0120 533 355 562 408
D00 0.0120 515 139 583 176
D00 0.0120 339 38 362 83
D00 0.0120 199 161 236 230
D00 0.0120 461 331 600 458
D00 0.0120 574 462 598 518
D00 0.0119 140 67 263 133
D00 0.0119 496 294 545 373
D00 0.0119 546 466 571 517
D00 0.0119 259 296 377 477
D00 0.0119 30 318 134 376
D00 0.0119 431 184 456 246
D00 0.0119 145 146 327 413
D00 0.0119 162 249 314 384
D00 0.0118 313 101 423 219
D00 0.0118 106 168 157 194
D00 0.0118 218 130 240 182
D00 0.0118 391 173 439 232
D00 0.0117 163 239 232 274
D00 0.0117 365 85 410 111
D00 0.0117 148 75 226 120
D00 0.0117 344 41 423 135
D00 0.0116 375 186 423 268
D00 0.0116 316 156 600 337
D00 0.0116 199 334 263 458
D00 0.0116 215 158 331 327
D00 0.0116 436 208 466 254
D00 0.0116 89 98 157 190
D00 0.0116 160 245 203 281
D00 0.0115 510 410 570 510
D00 0.0115 147 51 229 91
D00 0.0115 170 208 227 244
D00 0.0115 350 67 391 93
D00 0.0114 420 189 451 234
D00 0.0114 427 174 477 261
D00 0.0114 113 67 193 110
D00 0.0114 68 346 172 445
D00 0.0114 137 149 187 175
D00 0.0114 504 359 600 446
D00 0.0113 131 123 181 150
D00 0.0113 17 220 97 272
D00 0.0113 340 332 391 438
D00 0.0113 110 164 176 264
D00 0.0113 286 194 412 317
D00 0.0113 141 62 209 149
D00 0.0113 3 237 40 278
D00 0.0112 429 214 488 314
D00 0.0112 147 137 195 186
D00 0.0112 59 191 103 231
D00 0.0112 23 263 129 362
D00 0.0112 311 152 356 178
D00 0.0112 92 132 145 184
D00 0.0111 415 445 504 511
D00 0.0111 528 158 581 264
D00 0.0111 64 323 186 496
D00 0.0111 365 91 600 276
D00 0.0111 169 288 238 351
D00 0.0111 550 373 581 431
D00 0.0110 393 132 439 183
D00 0.0110 333 117 400 232
D00 0.0110 563 452 590 511
D00 0.0110 582 452 600 509
D00 0.0110 199 150 262 216
D00 0.0110 214 141 284 259
D00 0.0110 26 223 77 253
D00 0.0110 443 267 563 385
D00 0.0110 17 131 123 186
D00 0.0110 416 216 458 305
D00 0.0110 5 315 94 376
D00 0.0109 84 30 235 106
D00 0.0109 338 129 360 180
D00 0.0109 347 75 417 122
D00 0.0109 252 200 458 357
D00 0.0109 525 345 554 398
D00 0.0109 126 328 227 429
D00 0.0109 188 70 273 222
D00 0.0108 566 154 600 193
D00 0.0108 191 217 354 339
D00 0.0108 456 89 588 193
D00 0.0108 91 221 208 305
D00 0.0108 14 368 72 464
D00 0.0107 350 171 423 298
D00 0.0107 494 275 576 343
D00 0.0107 306 365 436 464
D00 0.0107 422 408 486 477
D00 0.0107 357 123 404 168
D00 0.0107 564 158 600 263
D00 0.0107 32 352 137 413
D00 0.0107 316 81 376 200
D00 0.0107 110 43 212 89
D00 0.0107 553 454 581 511
D00 0.0106 246 200 288 271
D00 0.0106 445 64 564 238
D00 0.0106 414 446 457 532
D00 0.0106 8 393 118 477
D00 0.0106 334 33 370 108
D00 0.0106 491 328 547 436
D00 0.0106 3 4 41 55
D00 0.0106 330 129 477 237
D00 0.0106 538 369 575 409
D00 0.0106 190 194 245 274
D00 0.0106 443 202 506 295
D00 0.0105 184 356 248 470
D00 0.0105 509 63 598 149
D00 0.0105 160 275 233 387
D00 0.0105 462 245 532 368
D00 0.0105 329 139 370 220
D00 0.0105 451 198 533 266
D00 0.0105 347 364 419 443
D00 0.0105 174 65 250 182
D00 0.0104 305 138 344 214
D00 0.0104 150 100 212 135
D00 0.0104 360 93 400 120
D00 0.0104 89 162 150 262
D00 0.0104 558 465 593 529
D00 0.0103 300 373 491 542
D00 0.0103 43 280 96 368
D00 0.0103 242 137 391 290
D00 0.0103 557 420 594 450
D00 0.0103 191 222 224 287
D00 0.0103 72 333 119 420
D00 0.0103 167 120 196 167
D00 0.0103 516 334 562 392
D00 0.0103 21 359 103 439
D00 0.0102 461 165 563 262
D00 0.0102 402 139 429 193
D00 0.0102 367 124 410 149
D00 0.0101 193 365 316 470
D00 0.0101 219 105 256 187
D00 0.0101 375 76 418 155
D00 0.0101 171 54 243 85
D00 0.0101 45 78 169 130
D00 0.0101 226 130 248 182
D00 0.0101 534 277 599 331
D00 0.0101 130 132 161 179
D00 0.0101 384 133 430 158
D00 0.0100 173 114 224 138
D00 0.0100 379 193 418 229
D00 0.0100 79 312 161 387
D00 0.0100 301 236 414 405
D00 0.0100 2 359 26 415
D00 0.0100 356 213 383 281
D10 0.1220 0 280 70 306
D10 0.0882 256 288 378 318
D10 0.0811 200 284 391 324
D10 0.0791 281 285 439 327
D10 0.0759 0 264 90 310
D10 0.0679 302 294 397 320
D10 0.0642 248 269 409 318
D10 0.0642 178 266 372 317
D10 0.0639 21 284 91 304
D10 0.0625 263 295 353 314
D10 0.0595 155 282 316 332
D10 0.0549 310 298 422 328
D10 0.0537 169 289 273 322
D10 0.0510 0 243 113 331
D10 0.0506 3 289 63 310
D10 0.0485 232 293 330 315
D10 0.0482 149 280 260 315
D10 0.0467 510 297 600 333
D10 0.0460 351 302 444 323
D10 0.0449 0 280 92 330
D10 0.0429 538 309 594 329
D10 0.0423 140 250 337 325
D10 0.0406 183 294 256 313
D10 0.0406 394 301 481 322
D10 0.0401 344 197 426 226
D10 0.0401 330 303 406 322
D10 0.0393 155 290 234 316
D10 0.0389 161 287 225 307
D10 0.0383 253 298 347 324
D10 0.0380 302 262 456 319
D10 0.0371 300 275 491 336
D10 0.0348 382 304 451 320
D10 0.0334 517 304 586 326
D10 0.0333 424 218 509 258
D10 0.0328 208 295 288 313
D10 0.0327 363 206 422 227
D10 0.0321 404 296 503 328
D10 0.0317 359 288 478 326
D10 0.0317 253 412 406 462
D10 0.0316 21 275 123 311
D10 0.0309 280 286 353 311
D10 0.0307 278 293 416 346
D10 0.0305 490 277 600 341
D10 0.0303 365 201 440 233
D10 0.0293 139 282 217 310
D10 0.0288 188 279 314 315
D10 0.0269 185 229 296 267
D10 0.0266 487 300 561 330
D10 0.0266 395 198 519 264
D10 0.0265 0 241 74 303
D10 0.0264 433 227 494 251
D10 0.0264 490 299 585 350
D10 0.0262 434 302 492 321
D10 0.0259 287 300 365 321
D10 0.0255 322 301 437 343
D10 0.0254 311 417 428 459
D10 0.0254 123 268 283 352
D10 0.0253 201 295 318 325
D10 0.0250 0 273 43 301
D10 0.0247 44 283 109 303
D10 0.0245 280 401 465 471
D10 0.0243 194 287 262 309
D10 0.0242 210 293 376 346
D10 0.0240 230 418 352 460
D10 0.0239 0 223 166 314
D10 0.0237 308 286 374 312
D10 0.0235 295 291 465 363
D10 0.0235 149 237 210 275
D10 0.0233 154 232 305 307
D10 0.0227 362 188 454 242
D10 0.0224 217 237 280 260
D10 0.0223 213 387 415 457
D10 0.0220 156 288 352 362
D10 0.0220 378 205 473 257
D10 0.0220 470 284 571 333
D10 0.0218 163 206 212 232
D10 0.0211 556 302 600 327
D10 0.0211 20 245 130 297
D10 0.0209 198 241 281 269
D10 0.0208 171 194 260 243
D10 0.0207 345 207 404 227
D10 0.0206 0 265 160 361
D10 0.0206 146 323 240 366
D10 0.0204 169 205 276 262
D10 0.0204 0 406 136 471
D10 0.0204 467 282 600 378
D10 0.0203 182 205 231 231
D10 0.0203 366 266 475 315
D10 0.0202 435 294 531 332
D10 0.0202 477 302 529 325
D10 0.0200 140 197 224 249
D10 0.0200 149 241 243 297
D10 0.0199 205 245 337 303
D10 0.0198 250 401 372 447
D10 0.0197 349 415 456 463
D10 0.0197 4 262 54 294
D10 0.0196 183 297 257 327
D10 0.0196 158 222 260 279
D10 0.0195 147 292 208 313
D10 0.0194 509 310 576 333
D10 0.0193 172 301 288 350
D10 0.0192 255 286 325 311
D10 0.0192 135 264 232 311
D10 0.0188 11 395 120 446
D10 0.0186 0 373 170 460
D10 0.0186 454 302 511 323
D10 0.0183 234 240 386 313
D10 0.0183 324 244 511 325
D10 0.0182 0 279 52 324
D10 0.0182 335 200 394 222
D10 0.0179 193 402 365 473
D10 0.0178 295 398 407 447
D10 0.0178 51 224 236 305
D10 0.0177 243 301 316 320
D10 0.0177 0 406 81 449
D10 0.0177 134 285 233 332
D10 0.0175 352 190 413 217
D10 0.0174 516 430 600 480
D10 0.0174 495 424 587 464
D10 0.0173 1 208 86 259
D10 0.0173 23 248 223 331
D10 0.0172 546 440 592 467
D10 0.0172 49 267 147 304
D10 0.0172 325 183 432 224
D10 0.0172 180 331 227 356
D10 0.0170 274 420 373 455
D10 0.0170 158 293 250 340
D10 0.0169 405 189 570 276
D10 0.0169 137 295 259 364
D10 0.0168 435 208 543 257
D10 0.0167 446 294 501 319
D10 0.0167 103 242 263 331
D10 0.0167 511 433 568 456
D10 0.0164 526 306 600 353
D10 0.0164 542 375 589 400
D10 0.0163 3 294 92 357
D10 0.0163 153 216 206 241
D10 0.0162 34 289 97 310
D10 0.0162 392 276 527 335
D10 0.0161 187 196 242 226
D10 0.0161 534 366 580 393
D10 0.0160 533 432 586 458
D10 0.0160 495 310 550 335
D10 0.0159 402 225 456 251
D10 0.0158 89 225 210 279
D10 0.0157 69 330 216 399
D10 0.0157 130 217 216 268
D10 0.0156 333 168 487 262
D10 0.0154 228 244 284 266
D10 0.0151 203 301 271 321
D10 0.0151 19 272 62 304
D10 0.0151 224 287 294 310
D10 0.0151 152 224 203 254
D10 0.0150 347 296 489 353
D10 0.0150 261 417 439 493
D10 0.0149 367 303 463 341
D10 0.0149 125 241 212 286
D10 0.0148 164 271 240 304
D10 0.0148 322 304 398 336
D10 0.0147 334 395 439 448
D10 0.0147 448 223 529 255
D10 0.0147 59 275 116 299
D10 0.0147 440 219 503 245
D10 0.0147 429 398 600 487
D10 0.0146 323 414 484 500
D10 0.0146 217 400 327 449
D10 0.0146 0 282 31 306
D10 0.0145 109 274 209 312
D10 0.0144 60 245 190 292
D10 0.0143 479 290 547 324
D10 0.0141 347 305 428 335
D10 0.0141 21 280 75 319
D10 0.0140 420 264 590 354
D10 0.0139 292 245 399 307
D10 0.0139 217 234 312 277
D10 0.0139 320 199 418 240
D10 0.0139 466 293 518 319
D10 0.0139 527 357 600 409
D10 0.0139 441 234 502 258
D10 0.0138 152 198 209 224
D10 0.0138 40 416 158 464
D10 0.0136 510 313 593 372
D10 0.0135 84 322 202 376
D10 0.0134 74 287 251 380
D10 0.0134 332 432 443 481
D10 0.0134 2 236 59 276
D10 0.0133 28 216 81 243
D10 0.0133 80 348 176 394
D10 0.0133 391 221 482 269
D10 0.0132 167 338 223 362
D10 0.0132 68 282 125 302
D10 0.0132 5 252 52 277
D10 0.0132 4 415 62 439
D10 0.0131 485 263 584 322
D10 0.0131 10 415 108 455
D10 0.0129 133 245 191 270
D10 0.0129 439 224 542 275
D10 0.0128 411 262 507 317
D10 0.0128 503 425 558 449
D10 0.0127 542 294 592 323
D10 0.0127 0 319 90 368
D10 0.0127 156 275 210 300
D10 0.0127 399 305 474 333
D10 0.0126 541 317 590 341
D10 0.0126 23 398 211 474
D10 0.0126 177 214 219 238
D10 0.0125 293 432 404 479
D10 0.0125 414 233 462 258
D10 0.0125 522 441 578 465
D10 0.0125 390 215 448 243
D10 0.0124 454 300 551 353
D10 0.0124 335 190 393 215
D10 0.0124 301 290 349 316
D10 0.0124 141 252 196 276
D10 0.0124 267 298 365 340
D10 0.0123 474 418 574 454
D10 0.0122 325 282 408 315
D10 0.0122 316 292 364 318
D10 0.0121 185 325 245 361
D10 0.0121 500 294 563 319
D10 0.0121 174 264 280 310
D10 0.0121 138 336 216 369
D10 0.0121 190 187 242 217
D10 0.0120 539 443 596 481
D10 0.0120 529 374 571 401
D10 0.0119 6 298 57 324
D10 0.0119 49 215 102 242
D10 0.0119 175 300 232 322
D10 0.0119 550 367 599 392
D10 0.0119 331 160 450 235
D10 0.0119 203 416 305 464
D10 0.0118 239 424 380 485
D10 0.0117 15 373 118 431
D10 0.0116 8 217 63 242
D10 0.0116 526 356 570 385
D10 0.0116 344 204 441 258
D10 0.0116 387 309 446 330
D10 0.0115 210 222 286 259
D10 0.0115 292 426 353 449
D10 0.0115 331 432 411 460
D10 0.0115 8 225 60 253
D10 0.0114 375 215 430 240
D10 0.0114 267 269 349 307
D10 0.0113 177 177 271 226
D10 0.0113 6 229 85 285
D10 0.0112 0 356 90 405
D10 0.0112 391 235 448 260
D10 0.0112 209 161 309 203
D10 0.0112 173 245 222 270
D10 0.0112 255 422 339 452
D10 0.0111 471 305 535 339
D10 0.0111 40 203 120 252
D10 0.0111 191 187 292 246
D10 0.0111 450 262 546 319
D10 0.0111 190 169 289 214
D10 0.0111 388 196 440 225
D10 0.0111 558 448 596 475
D10 0.0110 78 278 154 304
D10 0.0110 522 423 576 449
D10 0.0110 279 291 331 316
D10 0.0110 64 396 174 447
D10 0.0109 172 240 248 274
D10 0.0109 82 417 197 464
D10 0.0108 0 419 59 453
D10 0.0108 520 365 563 393
D10 0.0108 427 308 481 330
D10 0.0108 300 429 384 457
D10 0.0107 187 237 252 261
D10 0.0107 8 424 154 487
D10 0.0107 2 233 47 263
D10 0.0107 110 302 219 359
D10 0.0106 100 299 303 412
D10 0.0106 331 243 436 304
D10 0.0106 194 179 244 204
D10 0.0106 6 329 58 355
D10 0.0106 41 282 155 331
D10 0.0106 497 392 581 449
D10 0.0105 14 243 62 267
D10 0.0105 201 242 291 289
D10 0.0105 544 383 587 410
D10 0.0105 377 424 473 467
D10 0.0104 0 401 59 435
D10 0.0104 187 218 341 290
D10 0.0103 195 207 255 230
D10 0.0103 27 297 130 358
D10 0.0102 153 295 221 329
D10 0.0102 329 264 526 365
D10 0.0102 125 214 200 248
D10 0.0102 424 419 531 463
D10 0.0102 473 431 556 457
D10 0.0102 356 133 404 158
D10 0.0102 523 318 577 343
D10 0.0101 143 208 200 232
D10 0.0101 72 275 218 343
D10 0.0101 163 187 212 217
D10 0.0101 22 263 73 293
D10 0.0100 0 290 29 315
D10 0.0100 1 203 71 239
D10 0.0100 164 251 213 276
D10 0.0100 540 357 590 384
D20 0.0406 0 222 386 449
D20 0.0376 44 165 457 392
D20 0.0368 0 171 567 500
D20 0.0365 141 184 290 282
D20 0.0338 0 214 91 361
D20 0.0314 204 222 573 460
D20 0.0310 0 126 259 415
D20 0.0304 79 185 244 281
D20 0.0291 54 291 460 511
D20 0.0290 0 101 375 314
D20 0.0283 0 18 423 429
D20 0.0282 0 234 47 308
D20 0.0272 63 94 564 352
D20 0.0259 349 188 600 492
D20 0.0240 0 250 187 446
D20 0.0238 161 0 591 600
D20 0.0216 140 223 216 274
D20 0.0211 0 294 146 404
D20 0.0208 167 0 600 294
D20 0.0208 148 206 241 357
D20 0.0206 0 292 291 470
D20 0.0205 167 311 600 600
D20 0.0200 0 260 51 327
D20 0.0200 136 218 302 313
D20 0.0196 51 322 236 410
D20 0.0185 0 141 151 501
D20 0.0179 30 159 333 557
D20 0.0177 0 330 172 433
D20 0.0171 130 208 497 353
D20 0.0169 0 370 391 564
D20 0.0166 108 130 453 304
D20 0.0163 295 100 600 308
D20 0.0162 0 13 151 376
D20 0.0161 454 87 600 457
D20 0.0160 0 191 58 331
D20 0.0157 326 199 491 301
D20 0.0157 163 235 393 325
D20 0.0157 80 221 244 306
D20 0.0157 152 154 306 252
D20 0.0153 141 257 423 377
D20 0.0153 0 209 38 290
D20 0.0150 144 271 484 446
D20 0.0144 0 250 74 445
D20 0.0142 32 247 294 391
D20 0.0141 77 173 320 311
D20 0.0141 425 251 600 552
D20 0.0139 0 0 208 145
D20 0.0134 0 37 216 573
D20 0.0133 296 372 600 572
D20 0.0131 166 191 384 301
D20 0.0130 0 454 221 600
D20 0.0129 0 0 255 266
D20 0.0129 271 226 460 316
D20 0.0124 376 454 600 600
D20 0.0122 0 261 46 388
D20 0.0121 372 186 447 249
D20 0.0120 0 353 147 600
D20 0.0119 454 354 600 600
D20 0.0119 213 178 486 315
D20 0.0118 0 352 221 489
D20 0.0111 455 0 600 223
D20 0.0111 62 450 459 600
D20 0.0109 383 0 600 144
D20 0.0108 384 15 600 384
D20 0.0104 0 244 29 317
D20 0.0102 88 5 406 271
D20 0.0102 266 194 588 368
D20 0.0101 103 224 411 600
D20 0.0100 0 279 26 362
D20 0.0100 256 252 521 380
D40 0.0155 0 277 35 309
D40 0.0126 190 325 227 361
D40 0.0115 0 27 369 231
