D00 0.0778 201 374 252 438
D00 0.0736 265 126 283 186
D00 0.0708 221 379 252 418
D00 0.0676 150 367 259 475
D00 0.0580 177 381 250 457
D00 0.0543 143 392 245 447
D00 0.0539 383 250 429 299
D00 0.0534 214 385 248 428
D00 0.0529 184 354 267 504
D00 0.0524 182 376 274 429
D00 0.0500 357 161 446 302
D00 0.0498 257 138 277 191
D00 0.0490 134 390 245 506
D00 0.0479 374 198 429 298
D00 0.0440 191 382 254 417
D00 0.0430 4 352 84 520
D00 0.0420 260 155 285 191
D00 0.0403 204 382 258 487
D00 0.0388 145 408 238 467
D00 0.0384 164 405 228 500
D00 0.0369 212 371 265 423
D00 0.0365 339 149 458 253
D00 0.0354 251 163 281 196
D00 0.0353 381 226 418 296
D00 0.0341 178 433 226 510
D00 0.0340 361 178 440 251
D00 0.0334 356 184 415 282
D00 0.0332 258 122 289 199
D00 0.0330 340 189 446 381
D00 0.0326 350 170 448 224
D00 0.0326 221 378 272 405
D00 0.0325 106 342 288 510
D00 0.0322 169 353 261 439
D00 0.0319 273 127 292 183
D00 0.0318 306 192 412 387
D00 0.0309 389 262 435 293
D00 0.0308 390 221 437 303
D00 0.0305 386 185 447 283
D00 0.0304 1 295 82 467
D00 0.0301 10 380 51 473
D00 0.0295 19 384 69 495
D00 0.0294 359 217 413 312
D00 0.0292 370 218 432 351
D00 0.0292 198 368 287 468
D00 0.0288 96 418 231 498
D00 0.0284 293 197 532 524
D00 0.0279 376 271 425 298
D00 0.0278 343 147 424 218
D00 0.0277 368 259 443 304
D00 0.0275 59 209 301 528
D00 0.0273 17 202 159 458
D00 0.0269 201 387 240 455
D00 0.0267 170 366 344 441
D00 0.0258 265 114 285 164
D00 0.0258 333 354 372 387
D00 0.0258 143 434 220 510
D00 0.0257 370 177 494 288
D00 0.0257 254 162 300 187
D00 0.0254 110 317 224 485
D00 0.0252 326 170 422 260
D00 0.0251 253 115 279 185
D00 0.0251 265 162 286 209
D00 0.0251 18 343 69 460
D00 0.0250 331 165 399 218
D00 0.0247 164 333 310 461
D00 0.0242 342 177 405 242
D00 0.0242 240 145 298 198
D00 0.0241 313 134 434 231
D00 0.0241 188 454 215 505
D00 0.0236 151 281 256 460
D00 0.0235 163 382 306 536
D00 0.0234 233 166 302 195
D00 0.0234 94 211 233 457
D00 0.0234 257 148 292 221
D00 0.0233 281 158 443 419
D00 0.0231 508 216 598 353
D00 0.0231 32 302 148 490
D00 0.0231 324 347 395 390
D00 0.0230 209 240 459 547
D00 0.0230 353 160 408 208
D00 0.0230 315 188 433 303
D00 0.0229 10 394 127 519
D00 0.0226 51 246 201 480
D00 0.0226 5 401 54 511
D00 0.0226 353 238 418 390
D00 0.0225 557 472 599 556
D00 0.0224 324 159 361 245
D00 0.0222 3 219 109 431
D00 0.0221 0 234 228 553
D00 0.0221 184 400 234 483
D00 0.0216 368 263 420 291
D00 0.0215 341 133 403 200
D00 0.0214 390 181 460 238
D00 0.0212 388 239 424 280
D00 0.0212 187 394 246 439
D00 0.0211 132 413 207 476
D00 0.0210 268 197 378 393
D00 0.0210 93 358 249 457
D00 0.0210 397 243 445 294
D00 0.0207 396 273 445 298
D00 0.0207 242 157 276 192
D00 0.0205 222 380 274 488
D00 0.0205 377 225 597 564
D00 0.0204 370 202 462 264
D00 0.0203 349 244 436 294
D00 0.0203 331 159 352 206
D00 0.0203 200 340 347 558
D00 0.0202 62 345 192 509
D00 0.0202 351 175 391 209
D00 0.0200 362 221 444 285
D00 0.0200 191 310 272 444
D00 0.0199 543 255 596 354
D00 0.0199 163 431 221 480
D00 0.0197 172 217 311 444
D00 0.0197 0 265 124 509
D00 0.0197 329 162 378 206
D00 0.0195 393 252 437 322
D00 0.0194 3 326 55 443
D00 0.0193 363 166 489 234
D00 0.0193 69 196 182 405
D00 0.0192 12 422 79 550
D00 0.0192 481 258 600 523
D00 0.0191 272 155 293 198
D00 0.0191 523 241 583 336
D00 0.0189 339 201 397 296
D00 0.0188 386 235 448 377
D00 0.0187 374 244 411 301
D00 0.0186 230 378 258 429
D00 0.0186 263 151 303 192
D00 0.0185 345 356 389 388
D00 0.0184 230 167 267 198
D00 0.0184 100 181 413 555
D00 0.0183 440 222 578 477
D00 0.0183 542 428 600 556
D00 0.0181 371 216 482 408
D00 0.0181 394 210 472 289
D00 0.0180 341 170 519 343
D00 0.0180 330 317 372 402
D00 0.0176 227 161 287 210
D00 0.0176 220 385 254 455
D00 0.0176 375 147 457 220
D00 0.0176 239 171 275 203
D00 0.0175 304 272 406 439
D00 0.0175 410 252 438 299
D00 0.0175 333 174 367 208
D00 0.0174 31 168 147 355
D00 0.0174 181 408 263 468
D00 0.0173 159 453 211 506
D00 0.0173 400 235 429 289
D00 0.0172 337 125 384 168
D00 0.0172 69 437 217 513
D00 0.0172 328 124 375 148
D00 0.0172 274 114 294 163
D00 0.0171 32 407 89 509
D00 0.0171 232 125 591 590
D00 0.0171 331 172 352 228
D00 0.0170 135 179 268 436
D00 0.0170 199 356 299 428
D00 0.0170 330 265 401 395
D00 0.0170 195 406 263 529
D00 0.0169 323 134 362 212
D00 0.0169 225 239 338 422
D00 0.0169 305 347 384 518
D00 0.0168 121 267 365 472
D00 0.0167 14 368 108 475
D00 0.0166 330 176 373 253
D00 0.0166 555 289 600 368
D00 0.0166 25 276 96 419
D00 0.0166 339 261 441 441
D00 0.0165 247 131 271 183
D00 0.0163 390 281 437 305
D00 0.0161 259 363 372 552
D00 0.0161 354 185 387 249
D00 0.0161 359 182 399 215
D00 0.0161 17 291 72 407
D00 0.0161 404 175 468 264
D00 0.0160 180 463 206 509
D00 0.0160 218 321 335 478
D00 0.0159 214 395 243 450
D00 0.0159 298 358 372 413
D00 0.0159 299 305 396 392
D00 0.0158 572 504 598 553
D00 0.0157 283 129 303 181
D00 0.0157 245 298 388 423
D00 0.0156 363 232 478 303
D00 0.0156 446 195 564 372
D00 0.0155 266 108 299 195
D00 0.0155 16 408 46 479
D00 0.0154 360 185 418 234
D00 0.0154 313 147 388 211
D00 0.0154 376 271 427 383
D00 0.0154 344 133 393 158
D00 0.0154 160 426 232 543
D00 0.0153 400 197 485 243
D00 0.0153 401 195 526 372
D00 0.0153 380 195 437 243
D00 0.0152 205 400 245 432
D00 0.0152 333 358 402 403
D00 0.0151 478 474 520 560
D00 0.0150 314 143 484 303
D00 0.0150 334 224 403 357
D00 0.0150 334 131 368 199
D00 0.0149 342 170 379 231
D00 0.0149 190 328 241 428
D00 0.0148 296 336 375 389
D00 0.0148 455 334 563 532
D00 0.0147 396 193 440 227
D00 0.0147 330 139 353 190
D00 0.0147 396 206 506 262
D00 0.0147 308 149 398 280
D00 0.0146 469 201 598 310
D00 0.0146 127 430 194 501
D00 0.0146 104 400 290 564
D00 0.0146 363 142 414 192
D00 0.0145 526 272 582 368
D00 0.0145 197 166 374 439
D00 0.0145 285 340 422 562
D00 0.0145 341 137 401 172
D00 0.0144 532 257 600 411
D00 0.0144 319 165 347 237
D00 0.0144 339 337 377 388
D00 0.0144 379 160 434 211
D00 0.0144 185 443 250 502
D00 0.0143 33 325 86 442
D00 0.0143 381 259 417 317
D00 0.0143 137 337 225 446
D00 0.0143 180 445 222 482
D00 0.0142 172 462 232 503
D00 0.0142 348 207 395 251
D00 0.0142 330 131 377 157
D00 0.0141 345 308 414 389
D00 0.0141 1 436 44 525
D00 0.0141 492 372 595 559
D00 0.0140 322 159 343 204
D00 0.0140 543 223 597 321
D00 0.0139 219 367 292 413
D00 0.0139 222 174 257 204
D00 0.0139 18 426 63 518
D00 0.0139 0 188 94 345
D00 0.0138 125 395 207 444
D00 0.0138 401 267 430 311
D00 0.0137 477 172 600 392
D00 0.0137 42 413 165 504
D00 0.0137 0 148 188 381
D00 0.0136 386 184 432 219
D00 0.0136 143 314 340 418
D00 0.0135 397 169 451 221
D00 0.0134 315 175 353 257
D00 0.0134 322 119 396 158
D00 0.0134 251 119 279 154
D00 0.0134 145 354 385 500
D00 0.0134 331 193 351 245
D00 0.0133 509 260 595 319
D00 0.0133 395 266 540 519
D00 0.0133 378 180 561 260
D00 0.0133 322 122 367 167
D00 0.0133 271 348 392 444
D00 0.0133 389 205 426 277
D00 0.0133 322 140 342 188
D00 0.0132 230 124 285 191
D00 0.0132 247 151 290 179
D00 0.0132 124 441 168 517
D00 0.0131 527 289 600 493
D00 0.0131 361 169 416 199
D00 0.0131 349 193 580 424
D00 0.0131 0 192 32 280
D00 0.0130 339 190 384 262
D00 0.0130 319 115 366 139
D00 0.0130 564 496 592 548
D00 0.0130 222 367 252 404
D00 0.0129 176 439 208 491
D00 0.0129 0 382 37 468
D00 0.0128 326 345 363 384
D00 0.0127 207 331 255 425
D00 0.0127 359 129 439 202
D00 0.0127 179 478 224 505
D00 0.0127 109 169 219 361
D00 0.0127 350 256 421 308
D00 0.0127 38 246 126 404
D00 0.0126 219 167 259 243
D00 0.0125 361 206 415 253
D00 0.0125 235 152 261 196
D00 0.0125 3 447 88 596
D00 0.0125 307 163 369 222
D00 0.0124 413 194 457 229
D00 0.0124 0 307 44 398
D00 0.0124 400 203 453 252
D00 0.0123 195 448 224 498
D00 0.0123 371 214 423 266
D00 0.0123 232 366 302 497
D00 0.0123 305 382 354 492
D00 0.0123 283 226 306 272
D00 0.0122 23 398 55 470
D00 0.0122 275 156 306 186
D00 0.0122 314 124 351 201
D00 0.0122 0 260 63 399
D00 0.0122 322 313 457 541
D00 0.0122 453 401 539 554
D00 0.0121 398 256 461 309
D00 0.0121 77 263 138 327
D00 0.0121 327 223 420 282
D00 0.0121 283 365 349 426
D00 0.0121 451 216 517 277
D00 0.0120 314 407 375 546
D00 0.0120 570 314 600 381
D00 0.0120 407 261 441 317
D00 0.0120 105 413 187 521
D00 0.0119 164 418 278 496
D00 0.0119 265 153 301 236
D00 0.0119 331 157 397 193
D00 0.0119 342 125 393 148
D00 0.0119 171 294 213 364
D00 0.0119 294 129 313 179
D00 0.0119 0 202 143 302
D00 0.0119 60 190 175 313
D00 0.0118 368 261 412 341
D00 0.0118 418 192 528 276
D00 0.0118 527 445 583 548
D00 0.0117 44 293 115 435
D00 0.0117 338 181 363 237
D00 0.0117 519 401 589 530
D00 0.0117 506 257 566 348
D00 0.0117 54 441 101 523
D00 0.0116 506 464 599 561
D00 0.0116 350 127 389 187
D00 0.0116 398 220 467 341
D00 0.0116 346 131 375 180
D00 0.0116 422 218 569 286
D00 0.0116 186 153 281 202
D00 0.0116 30 400 152 565
D00 0.0116 153 422 198 486
D00 0.0116 209 282 294 429
D00 0.0115 201 165 269 215
D00 0.0115 287 364 373 470
D00 0.0114 6 418 40 487
D00 0.0114 258 311 438 475
D00 0.0114 496 233 577 309
D00 0.0114 25 453 98 531
D00 0.0113 364 150 395 202
D00 0.0113 313 161 356 203
D00 0.0113 347 344 416 395
D00 0.0113 10 407 37 464
D00 0.0113 132 466 157 513
D00 0.0113 317 157 346 189
D00 0.0112 0 230 33 316
D00 0.0112 320 202 374 295
D00 0.0112 255 171 279 220
D00 0.0112 346 150 375 201
D00 0.0112 135 450 327 556
D00 0.0112 118 325 272 430
D00 0.0112 180 363 260 412
D00 0.0112 227 364 276 439
D00 0.0111 352 116 471 223
D00 0.0111 293 270 363 395
D00 0.0111 175 305 209 339
D00 0.0111 292 226 314 271
D00 0.0111 204 388 283 440
D00 0.0111 356 230 407 286
D00 0.0111 267 169 297 206
D00 0.0110 39 370 83 460
D00 0.0110 207 376 239 419
D00 0.0109 132 456 180 507
D00 0.0109 343 213 378 246
D00 0.0109 48 327 90 412
D00 0.0109 327 350 379 413
D00 0.0109 372 298 481 487
D00 0.0108 5 362 39 433
D00 0.0108 357 369 399 400
D00 0.0108 195 398 228 450
D00 0.0108 283 114 304 159
D00 0.0108 305 220 400 313
D00 0.0108 169 404 216 466
D00 0.0107 272 142 314 185
D00 0.0107 76 160 194 269
D00 0.0107 235 165 277 243
D00 0.0107 309 363 355 446
D00 0.0107 276 220 315 292
D00 0.0107 515 217 592 291
D00 0.0107 225 174 271 219
D00 0.0107 210 228 248 300
D00 0.0107 318 280 375 387
D00 0.0107 213 166 247 200
D00 0.0106 345 128 425 169
D00 0.0106 556 417 600 490
D00 0.0106 494 246 583 386
D00 0.0106 316 118 352 150
D00 0.0105 180 278 219 348
D00 0.0105 199 128 268 195
D00 0.0105 365 184 392 235
D00 0.0105 94 252 157 320
D00 0.0105 563 238 600 338
D00 0.0105 170 458 218 486
D00 0.0105 561 455 594 534
D00 0.0105 308 259 483 383
D00 0.0105 468 227 536 286
D00 0.0104 17 145 160 281
D00 0.0104 2 498 44 576
D00 0.0104 4 457 54 560
D00 0.0104 401 219 506 306
D00 0.0104 528 167 600 307
D00 0.0104 355 150 405 175
D00 0.0104 125 454 203 522
D00 0.0104 160 427 207 464
D00 0.0104 228 150 250 197
D00 0.0103 362 142 412 167
D00 0.0103 68 208 140 329
D00 0.0103 303 129 322 178
D00 0.0103 415 268 451 301
D00 0.0103 527 279 600 336
D00 0.0103 265 237 306 312
D00 0.0103 168 445 200 500
D00 0.0103 341 470 383 550
D00 0.0103 390 244 437 271
D00 0.0103 388 179 442 208
D00 0.0102 227 183 250 232
D00 0.0102 322 193 343 246
D00 0.0102 166 471 203 507
D00 0.0102 372 169 403 214
D00 0.0102 161 331 235 414
D00 0.0102 108 408 191 459
D00 0.0102 321 121 345 168
D00 0.0102 495 433 574 553
D00 0.0102 32 447 137 508
D00 0.0102 317 131 396 179
D00 0.0102 228 360 260 415
D00 0.0101 552 208 600 284
D00 0.0101 399 224 449 277
D00 0.0101 200 419 235 487
D00 0.0101 48 411 110 506
D00 0.0101 410 229 456 303
D00 0.0101 28 350 133 453
D00 0.0101 548 307 595 413
D00 0.0101 418 203 473 251
D00 0.0101 30 458 173 528
D00 0.0101 357 348 502 563
D00 0.0101 297 158 361 268
D00 0.0100 226 442 268 517
D00 0.0100 565 504 600 580
D00 0.0100 318 172 347 208
D00 0.0100 17 256 111 363
D00 0.0100 312 129 332 178
D00 0.0100 305 158 343 243
D00 0.0100 326 135 359 172
D00 0.0100 121 460 153 518
D00 0.0100 390 268 425 332
D10 0.0903 91 395 249 453
D10 0.0871 290 358 404 394
D10 0.0777 322 362 398 387
D10 0.0709 66 410 233 470
D10 0.0669 208 359 385 404
D10 0.0620 285 364 372 390
D10 0.0610 239 343 401 396
D10 0.0582 115 408 218 446
D10 0.0533 253 367 343 393
D10 0.0523 57 401 201 445
D10 0.0477 125 379 245 436
D10 0.0444 38 417 176 463
D10 0.0443 233 171 284 195
D10 0.0434 321 343 424 390
D10 0.0416 343 364 415 392
D10 0.0413 8 384 216 464
D10 0.0404 280 330 434 394
D10 0.0392 130 415 203 437
D10 0.0366 346 179 439 221
D10 0.0362 137 412 233 459
D10 0.0354 173 379 261 428
D10 0.0349 212 372 309 409
D10 0.0345 267 163 322 184
D10 0.0342 223 178 277 200
D10 0.0340 328 172 421 213
D10 0.0328 344 180 402 205
D10 0.0323 358 188 422 211
D10 0.0313 223 377 287 402
D10 0.0296 186 386 249 410
D10 0.0289 18 414 115 465
D10 0.0286 185 363 331 418
D10 0.0286 334 358 448 399
D10 0.0285 50 367 256 449
D10 0.0280 252 169 299 192
D10 0.0277 269 367 366 406
D10 0.0277 95 412 185 441
D10 0.0275 365 187 463 240
D10 0.0275 325 368 397 399
D10 0.0274 208 164 302 200
D10 0.0272 27 398 144 447
D10 0.0270 277 361 340 386
D10 0.0270 141 403 231 438
D10 0.0256 370 193 446 226
D10 0.0253 299 370 395 418
D10 0.0252 263 375 331 397
D10 0.0243 46 422 208 496
D10 0.0242 367 272 421 298
D10 0.0238 142 421 209 445
D10 0.0236 377 189 439 214
D10 0.0235 144 431 228 480
D10 0.0233 285 163 343 182
D10 0.0227 303 342 476 406
D10 0.0225 349 262 439 303
D10 0.0222 10 394 54 418
D10 0.0217 234 371 301 395
D10 0.0214 226 373 355 420
D10 0.0214 328 219 381 241
D10 0.0214 247 357 407 433
D10 0.0204 512 235 600 281
D10 0.0204 367 179 428 207
D10 0.0204 397 198 454 224
D10 0.0202 295 375 355 399
D10 0.0202 329 180 383 203
D10 0.0201 186 393 245 422
D10 0.0201 30 430 141 487
D10 0.0199 64 379 192 433
D10 0.0194 336 171 391 198
D10 0.0194 205 180 262 201
D10 0.0194 0 381 72 437
D10 0.0194 375 281 425 304
D10 0.0191 326 187 425 240
D10 0.0191 314 374 376 398
D10 0.0189 317 351 376 388
D10 0.0188 319 209 413 250
D10 0.0187 337 187 391 209
D10 0.0183 356 264 414 290
D10 0.0182 391 201 461 236
D10 0.0177 355 375 410 400
D10 0.0177 2 402 44 426
D10 0.0177 164 442 220 467
D10 0.0176 316 319 406 386
D10 0.0175 356 355 428 387
D10 0.0175 248 157 370 187
D10 0.0174 169 412 233 439
D10 0.0174 336 226 390 248
D10 0.0172 166 441 246 489
D10 0.0170 174 450 225 475
D10 0.0166 517 281 598 332
D10 0.0166 338 217 426 260
D10 0.0165 361 197 420 220
D10 0.0164 114 422 185 443
D10 0.0164 226 162 278 189
D10 0.0163 115 406 179 434
D10 0.0163 340 348 394 380
D10 0.0160 8 428 90 488
D10 0.0160 47 421 119 451
D10 0.0159 354 170 408 199
D10 0.0159 346 219 398 243
D10 0.0158 313 363 435 423
D10 0.0158 275 170 333 190
D10 0.0157 265 322 371 385
D10 0.0156 11 440 54 466
D10 0.0156 202 346 310 401
D10 0.0156 185 173 289 209
D10 0.0155 67 413 154 440
D10 0.0154 270 153 320 179
D10 0.0151 288 346 370 383
D10 0.0150 155 432 215 459
D10 0.0148 169 421 229 447
D10 0.0148 115 420 207 470
D10 0.0148 538 245 594 270
D10 0.0146 11 436 77 471
D10 0.0146 37 429 109 461
D10 0.0144 251 177 297 201
D10 0.0142 155 392 239 429
D10 0.0142 509 287 575 323
D10 0.0141 110 379 204 424
D10 0.0141 75 241 140 273
D10 0.0141 379 207 437 232
D10 0.0140 2 384 45 413
D10 0.0140 320 171 372 196
D10 0.0139 0 324 73 382
D10 0.0139 279 313 331 335
D10 0.0138 119 383 191 412
D10 0.0138 185 401 240 433
D10 0.0137 18 433 66 459
D10 0.0137 224 186 273 211
D10 0.0136 169 310 214 335
D10 0.0136 361 226 415 248
D10 0.0136 399 197 588 277
D10 0.0135 345 273 404 297
D10 0.0134 316 256 422 297
D10 0.0134 309 163 361 184
D10 0.0134 227 355 342 395
D10 0.0134 2 432 44 459
D10 0.0133 356 282 411 305
D10 0.0132 515 300 568 325
D10 0.0132 554 451 599 477
D10 0.0131 528 254 589 277
D10 0.0131 523 252 600 304
D10 0.0130 541 278 600 313
D10 0.0130 81 300 132 325
D10 0.0130 0 388 133 494
D10 0.0128 288 154 340 178
D10 0.0128 528 442 600 488
D10 0.0127 416 206 472 233
D10 0.0126 0 352 75 411
D10 0.0126 531 291 585 319
D10 0.0126 90 291 142 319
D10 0.0126 173 437 236 473
D10 0.0126 0 394 36 420
D10 0.0126 46 437 114 471
D10 0.0125 242 161 339 196
D10 0.0125 185 456 252 491
D10 0.0125 269 305 367 343
D10 0.0124 498 246 585 292
D10 0.0123 172 407 252 460
D10 0.0122 363 212 432 247
D10 0.0121 272 317 341 345
D10 0.0121 178 458 225 486
D10 0.0121 16 402 62 427
D10 0.0120 541 300 591 327
D10 0.0120 405 273 456 298
D10 0.0119 190 452 243 476
D10 0.0119 381 271 462 311
D10 0.0118 360 341 465 390
D10 0.0118 59 416 120 439
D10 0.0118 298 171 353 192
D10 0.0117 435 209 553 260
D10 0.0117 319 226 372 249
D10 0.0117 16 384 64 412
D10 0.0117 206 188 259 212
D10 0.0116 63 289 151 334
D10 0.0116 127 395 184 422
D10 0.0116 151 450 207 474
D10 0.0116 29 375 137 432
D10 0.0116 0 359 52 397
D10 0.0115 10 387 52 451
D10 0.0115 0 419 61 472
D10 0.0115 330 208 378 235
D10 0.0114 97 351 241 429
D10 0.0114 98 300 152 324
D10 0.0114 525 296 600 350
D10 0.0114 0 220 128 322
D10 0.0112 178 303 222 328
D10 0.0112 288 245 341 268
D10 0.0111 513 207 600 253
D10 0.0111 335 265 393 288
D10 0.0111 401 210 470 246
D10 0.0110 11 449 54 475
D10 0.0109 74 291 123 319
D10 0.0108 409 455 505 494
D10 0.0108 34 441 90 466
D10 0.0108 100 245 149 269
D10 0.0108 496 292 552 317
D10 0.0108 311 218 363 240
D10 0.0107 300 164 407 204
D10 0.0107 148 371 252 418
D10 0.0107 0 331 52 370
D10 0.0107 1 374 45 401
D10 0.0107 60 446 132 477
D10 0.0107 449 221 517 256
D10 0.0106 418 187 567 249
D10 0.0106 348 196 398 221
D10 0.0106 390 216 443 241
D10 0.0106 356 255 411 282
D10 0.0106 439 213 507 248
D10 0.0106 21 447 112 508
D10 0.0105 158 410 207 442
D10 0.0104 515 318 600 363
D10 0.0104 550 273 598 298
D10 0.0104 176 378 239 403
D10 0.0104 16 243 115 297
D10 0.0104 286 364 327 392
D10 0.0104 36 424 91 449
D10 0.0104 107 291 161 317
D10 0.0103 276 237 380 276
D10 0.0102 489 296 560 327
D10 0.0102 328 273 423 315
D10 0.0102 329 162 380 187
D10 0.0101 406 282 456 305
D10 0.0101 88 282 187 332
D10 0.0101 17 387 78 424
D10 0.0101 554 308 597 337
D10 0.0101 11 422 52 451
D10 0.0101 100 282 151 310
D10 0.0101 494 242 568 275
D10 0.0100 334 374 417 414
D10 0.0100 36 280 129 334
D10 0.0100 461 225 573 280
D10 0.0100 283 171 392 219
D10 0.0100 11 410 51 439
D20 0.0370 0 239 382 474
D20 0.0358 0 344 287 512
D20 0.0346 86 219 567 501
D20 0.0335 49 414 238 504
D20 0.0303 65 375 260 486
D20 0.0292 342 172 488 264
D20 0.0276 318 157 463 240
D20 0.0276 210 293 584 526
D20 0.0266 2 373 44 468
D20 0.0261 358 179 451 224
D20 0.0249 19 355 172 501
D20 0.0245 298 230 600 462
D20 0.0243 221 179 585 387
D20 0.0232 359 202 520 296
D20 0.0225 382 188 466 233
D20 0.0214 69 184 470 396
D20 0.0214 51 368 458 558
D20 0.0209 273 144 446 218
D20 0.0205 3 249 187 526
D20 0.0203 38 343 229 455
D20 0.0203 298 187 455 280
D20 0.0200 16 429 198 522
D20 0.0194 268 307 428 394
D20 0.0185 118 424 262 516
D20 0.0178 0 0 408 294
D20 0.0177 0 105 444 518
D20 0.0173 167 0 600 294
D20 0.0173 325 180 552 315
D20 0.0173 0 343 44 433
D20 0.0172 0 405 286 563
D20 0.0172 216 154 304 195
D20 0.0161 0 345 80 490
D20 0.0160 312 118 600 600
D20 0.0160 0 385 131 534
D20 0.0158 0 314 124 473
D20 0.0157 63 280 298 580
D20 0.0153 17 15 600 441
D20 0.0153 452 155 600 521
D20 0.0152 77 325 402 477
D20 0.0150 293 222 452 312
D20 0.0150 322 337 402 392
D20 0.0144 33 446 234 553
D20 0.0143 0 176 307 391
D20 0.0139 379 224 571 307
D20 0.0137 16 362 63 455
D20 0.0137 376 0 600 144
D20 0.0134 253 175 442 257
D20 0.0132 291 374 600 572
D20 0.0132 243 154 346 190
D20 0.0131 227 128 417 196
D20 0.0130 266 70 557 329
D20 0.0128 30 81 524 329
D20 0.0127 0 224 86 475
D20 0.0127 17 312 600 600
D20 0.0125 374 454 600 600
D20 0.0123 151 305 404 428
D20 0.0122 45 293 287 443
D20 0.0120 0 178 261 593
D20 0.0119 291 204 518 361
D20 0.0118 453 0 600 213
D20 0.0118 0 0 217 144
D20 0.0118 245 150 393 204
D20 0.0117 0 448 378 600
D20 0.0115 437 242 600 330
D20 0.0115 377 207 600 352
D20 0.0114 223 329 380 410
D20 0.0113 454 356 600 600
D20 0.0112 126 449 527 600
D20 0.0110 151 62 539 563
D20 0.0109 262 150 335 182
D20 0.0108 224 137 320 188
D20 0.0108 0 372 52 527
D20 0.0107 195 371 374 466
D20 0.0107 228 159 426 232
D20 0.0107 103 241 401 600
D20 0.0106 0 299 53 458
D20 0.0105 0 96 147 460
D20 0.0104 270 152 315 189
D20 0.0104 225 298 474 417
D20 0.0104 482 0 600 73
D20 0.0103 259 138 366 186
D20 0.0103 277 195 401 303
D20 0.0100 369 22 589 370
D40 0.0120 421 207 505 253
D40 0.0112 188 537 272 574
D40 0.0105 569 311 600 353
