D00 0.2324 462 422 513 498
D00 0.2220 470 434 499 490
D00 0.1907 438 409 550 565
D00 0.1767 413 372 442 422
D00 0.1624 0 432 115 543
D00 0.1434 419 388 547 505
D00 0.1391 474 449 506 494
D00 0.1374 6 396 168 551
D00 0.1307 471 441 523 509
D00 0.1236 462 424 529 544
D00 0.1189 19 466 84 536
D00 0.1178 445 407 526 490
D00 0.1159 394 401 587 582
D00 0.1086 407 362 454 430
D00 0.0972 7 421 144 501
D00 0.0939 394 363 490 454
D00 0.0895 410 365 442 401
D00 0.0884 410 521 488 557
D00 0.0849 40 408 176 476
D00 0.0792 425 373 456 423
D00 0.0758 466 427 502 470
D00 0.0745 430 429 508 482
D00 0.0703 67 431 149 475
D00 0.0703 478 459 516 500
D00 0.0675 410 392 452 423
D00 0.0655 38 450 96 526
D00 0.0655 417 387 507 466
D00 0.0639 105 419 168 454
D00 0.0638 388 341 457 412
D00 0.0635 6 488 78 532
D00 0.0614 522 524 589 587
D00 0.0596 11 383 239 501
D00 0.0588 457 412 498 482
D00 0.0576 466 414 548 505
D00 0.0570 58 433 123 496
D00 0.0561 393 369 446 409
D00 0.0544 429 400 501 500
D00 0.0541 469 405 540 471
D00 0.0541 134 418 170 453
D00 0.0534 418 362 462 412
D00 0.0516 376 315 402 354
D00 0.0512 415 370 480 428
D00 0.0506 9 485 121 540
D00 0.0502 466 431 524 477
D00 0.0485 432 425 505 546
D00 0.0478 380 326 415 358
D00 0.0477 8 387 161 467
D00 0.0476 483 452 535 535
D00 0.0474 420 354 447 402
D00 0.0466 6 463 99 569
D00 0.0458 24 489 88 551
D00 0.0449 37 480 82 523
D00 0.0443 207 574 264 596
D00 0.0437 397 352 443 399
D00 0.0427 426 499 483 562
D00 0.0420 443 395 548 456
D00 0.0394 81 416 163 466
D00 0.0391 453 443 502 530
D00 0.0380 77 397 186 459
D00 0.0374 54 424 169 517
D00 0.0374 119 414 175 468
D00 0.0371 484 411 565 465
D00 0.0370 491 369 546 391
D00 0.0367 371 321 412 349
D00 0.0365 431 379 470 420
D00 0.0361 117 414 166 444
D00 0.0360 229 527 265 600
D00 0.0346 412 341 440 388
D00 0.0345 459 385 510 472
D00 0.0343 438 510 472 556
D00 0.0341 462 437 577 519
D00 0.0340 0 369 66 424
D00 0.0330 412 389 467 433
D00 0.0328 53 447 105 506
D00 0.0328 4 334 122 519
D00 0.0327 49 405 264 541
D00 0.0326 490 462 523 514
D00 0.0326 48 454 141 532
D00 0.0323 67 364 197 469
D00 0.0322 48 470 86 515
D00 0.0320 36 497 80 538
D00 0.0320 78 436 121 473
D00 0.0319 225 575 286 596
D00 0.0317 430 354 456 399
D00 0.0316 401 521 467 584
D00 0.0316 545 523 600 600
D00 0.0315 377 360 443 433
D00 0.0312 416 345 450 379
D00 0.0312 405 359 444 383
D00 0.0311 416 377 532 433
D00 0.0311 230 569 263 598
D00 0.0308 2 370 147 440
D00 0.0306 440 452 519 501
D00 0.0305 415 527 483 597
D00 0.0302 530 548 585 597
D00 0.0298 470 421 512 459
D00 0.0295 480 446 546 497
D00 0.0290 449 447 500 480
D00 0.0284 149 535 218 595
D00 0.0281 418 368 463 389
D00 0.0281 383 323 429 348
D00 0.0280 532 536 579 576
D00 0.0278 420 394 476 421
D00 0.0278 428 470 533 556
D00 0.0277 8 499 77 565
D00 0.0275 448 430 494 466
D00 0.0273 126 403 165 456
D00 0.0271 209 437 282 469
D00 0.0271 494 360 543 384
D00 0.0271 451 434 493 495
D00 0.0269 448 461 552 531
D00 0.0266 44 482 99 536
D00 0.0265 74 423 230 483
D00 0.0259 491 393 568 447
D00 0.0259 479 470 537 508
D00 0.0256 372 361 533 487
D00 0.0255 445 395 487 465
D00 0.0254 300 358 345 386
D00 0.0252 0 383 76 522
D00 0.0252 434 385 489 435
D00 0.0252 26 463 89 505
D00 0.0251 283 355 326 433
D00 0.0250 214 551 277 600
D00 0.0248 433 366 470 397
D00 0.0246 0 491 34 561
D00 0.0246 91 395 258 461
D00 0.0245 91 429 139 462
D00 0.0243 237 556 259 598
D00 0.0242 0 386 55 441
D00 0.0242 469 397 520 453
D00 0.0241 462 450 492 501
D00 0.0239 493 407 595 522
D00 0.0237 495 428 557 480
D00 0.0236 486 436 525 492
D00 0.0235 368 343 468 450
D00 0.0233 418 360 464 381
D00 0.0230 135 406 183 450
D00 0.0229 74 418 128 485
D00 0.0228 3 365 75 396
D00 0.0227 117 554 213 598
D00 0.0227 195 568 297 599
D00 0.0225 9 372 87 405
D00 0.0224 411 507 460 556
D00 0.0224 225 353 342 471
D00 0.0223 416 330 451 358
D00 0.0222 361 330 410 354
D00 0.0222 427 527 487 571
D00 0.0221 238 499 272 600
D00 0.0220 400 332 432 372
D00 0.0220 105 389 169 470
D00 0.0219 390 330 423 370
D00 0.0218 0 406 99 484
D00 0.0218 159 510 205 590
D00 0.0217 405 467 481 560
D00 0.0217 65 447 116 478
D00 0.0217 369 320 394 359
D00 0.0216 536 493 599 578
D00 0.0216 218 429 263 465
D00 0.0212 0 389 43 425
D00 0.0211 367 317 422 363
D00 0.0211 435 530 504 593
D00 0.0210 495 544 573 600
D00 0.0210 131 418 271 465
D00 0.0210 290 366 337 387
D00 0.0208 424 375 475 401
D00 0.0207 135 571 216 599
D00 0.0206 472 360 530 383
D00 0.0206 51 366 128 394
D00 0.0206 18 362 116 398
D00 0.0206 3 384 59 413
D00 0.0205 319 339 344 385
D00 0.0204 199 420 272 471
D00 0.0203 214 391 301 466
D00 0.0203 489 484 551 536
D00 0.0201 476 363 561 395
D00 0.0201 479 402 549 438
D00 0.0201 0 398 34 433
D00 0.0199 292 350 337 392
D00 0.0197 222 415 282 464
D00 0.0197 141 427 168 474
D00 0.0195 340 391 480 540
D00 0.0195 337 451 380 533
D00 0.0195 375 321 407 373
D00 0.0194 148 413 175 455
D00 0.0193 480 426 534 467
D00 0.0193 169 525 196 577
D00 0.0193 310 340 336 386
D00 0.0193 0 512 30 582
D00 0.0192 197 442 254 465
D00 0.0191 109 389 300 505
D00 0.0191 1 371 44 408
D00 0.0191 194 467 267 597
D00 0.0190 514 423 575 466
D00 0.0190 69 389 143 478
D00 0.0190 518 519 568 573
D00 0.0189 449 376 499 454
D00 0.0188 530 569 598 600
D00 0.0188 389 376 472 495
D00 0.0186 483 379 580 481
D00 0.0186 423 400 485 450
D00 0.0185 23 332 202 537
D00 0.0185 470 468 522 524
D00 0.0185 443 381 482 419
D00 0.0185 392 388 436 423
D00 0.0184 370 312 410 337
D00 0.0184 126 427 188 458
D00 0.0184 460 472 573 556
D00 0.0182 394 544 463 600
D00 0.0182 39 438 186 589
D00 0.0182 438 390 469 439
D00 0.0181 229 483 266 574
D00 0.0181 471 459 499 512
D00 0.0181 465 410 505 450
D00 0.0180 63 374 168 439
D00 0.0179 206 422 291 600
D00 0.0179 0 552 44 599
D00 0.0178 406 352 570 459
D00 0.0174 291 370 318 425
D00 0.0174 240 547 269 600
D00 0.0172 282 576 346 598
D00 0.0172 504 420 553 452
D00 0.0171 485 414 535 447
D00 0.0170 96 426 166 487
D00 0.0170 107 571 190 600
D00 0.0170 487 374 556 428
D00 0.0169 0 361 84 451
D00 0.0168 281 358 329 385
D00 0.0165 376 324 437 400
D00 0.0165 514 497 580 549
D00 0.0165 389 489 463 567
D00 0.0164 292 362 334 415
D00 0.0164 302 336 344 398
D00 0.0162 313 445 375 577
D00 0.0162 495 481 527 534
D00 0.0162 559 550 600 598
D00 0.0162 422 504 470 544
D00 0.0161 327 469 373 515
D00 0.0161 97 349 153 371
D00 0.0160 430 334 457 372
D00 0.0160 218 581 274 600
D00 0.0160 69 356 141 384
D00 0.0160 398 323 445 346
D00 0.0160 344 480 376 536
D00 0.0158 163 398 284 456
D00 0.0158 126 432 164 468
D00 0.0158 504 570 578 600
D00 0.0158 384 335 414 381
D00 0.0158 37 368 102 392
D00 0.0158 5 528 53 600
D00 0.0158 1 541 27 593
D00 0.0157 435 333 600 554
D00 0.0156 272 364 320 416
D00 0.0156 46 356 179 417
D00 0.0156 140 398 167 447
D00 0.0156 181 485 247 588
D00 0.0156 258 347 350 430
D00 0.0156 499 373 539 400
D00 0.0155 433 369 490 389
D00 0.0155 484 410 516 461
D00 0.0155 18 382 96 412
D00 0.0155 412 521 444 560
D00 0.0155 519 439 573 485
D00 0.0155 67 446 157 492
D00 0.0154 130 521 201 581
D00 0.0154 163 548 202 586
D00 0.0154 520 546 568 583
D00 0.0154 110 402 173 438
D00 0.0153 465 354 548 388
D00 0.0153 124 429 183 488
D00 0.0153 207 438 258 483
D00 0.0153 7 391 83 422
D00 0.0153 59 463 92 520
D00 0.0152 152 500 215 566
D00 0.0152 454 545 528 600
D00 0.0152 450 392 480 446
D00 0.0152 189 541 262 599
D00 0.0152 237 427 279 509
D00 0.0151 296 462 360 595
D00 0.0151 136 542 197 592
D00 0.0151 460 394 490 451
D00 0.0150 248 366 329 446
D00 0.0149 259 353 385 462
D00 0.0149 45 467 90 496
D00 0.0149 54 468 179 553
D00 0.0149 239 458 274 536
D00 0.0148 330 480 373 555
D00 0.0148 550 537 596 576
D00 0.0148 563 469 600 565
D00 0.0148 45 508 87 544
D00 0.0148 329 338 352 384
D00 0.0147 409 529 449 599
D00 0.0146 455 360 539 469
D00 0.0146 508 367 587 393
D00 0.0146 323 353 356 387
D00 0.0145 2 507 45 546
D00 0.0145 300 356 327 400
D00 0.0144 48 377 111 399
D00 0.0144 506 352 533 389
D00 0.0144 383 306 410 347
D00 0.0144 177 514 205 568
D00 0.0142 216 488 283 597
D00 0.0142 310 347 352 378
D00 0.0141 198 440 241 526
D00 0.0141 155 561 237 600
D00 0.0141 239 357 334 406
D00 0.0141 512 412 562 443
D00 0.0141 445 466 483 545
D00 0.0140 353 469 384 528
D00 0.0139 207 442 263 552
D00 0.0139 219 416 292 524
D00 0.0139 110 373 195 447
D00 0.0138 10 513 51 577
D00 0.0138 357 349 426 416
D00 0.0138 473 572 553 600
D00 0.0138 291 351 376 389
D00 0.0138 19 507 68 545
D00 0.0138 436 376 509 402
D00 0.0138 516 435 560 471
D00 0.0137 155 532 194 568
D00 0.0137 0 403 33 463
D00 0.0137 147 417 277 578
D00 0.0137 426 520 464 559
D00 0.0137 246 508 266 571
D00 0.0137 528 441 600 562
D00 0.0137 454 391 494 427
D00 0.0137 176 361 305 469
D00 0.0137 462 381 546 420
D00 0.0136 308 370 540 584
D00 0.0135 179 431 252 461
D00 0.0135 215 432 246 473
D00 0.0135 295 573 368 600
D00 0.0135 498 456 534 504
D00 0.0135 0 567 31 600
D00 0.0135 123 408 218 447
D00 0.0135 399 575 456 598
D00 0.0135 207 467 232 517
D00 0.0134 226 438 279 551
D00 0.0134 105 403 150 460
D00 0.0134 481 366 523 392
D00 0.0134 405 511 435 553
D00 0.0134 96 358 153 380
D00 0.0134 238 508 259 570
D00 0.0133 234 422 307 564
D00 0.0133 154 559 197 593
D00 0.0133 72 439 107 490
D00 0.0132 85 401 189 532
D00 0.0132 292 525 337 600
D00 0.0132 215 423 272 452
D00 0.0131 492 469 560 513
D00 0.0131 162 569 205 598
D00 0.0130 119 422 155 461
D00 0.0130 320 481 416 580
D00 0.0129 229 424 270 474
D00 0.0129 138 485 224 591
D00 0.0128 442 357 481 385
D00 0.0128 26 513 92 568
D00 0.0128 500 436 537 490
D00 0.0128 273 371 317 461
D00 0.0128 496 405 543 460
D00 0.0128 337 478 365 524
D00 0.0128 439 344 466 381
D00 0.0128 408 571 482 600
D00 0.0128 283 339 329 404
D00 0.0127 449 384 518 413
D00 0.0127 170 435 260 473
D00 0.0127 516 376 587 456
D00 0.0127 234 536 301 600
D00 0.0127 62 457 112 487
D00 0.0126 246 528 265 593
D00 0.0126 270 359 382 402
D00 0.0126 291 357 319 403
D00 0.0126 243 483 269 556
D00 0.0126 42 357 118 386
D00 0.0126 381 354 423 387
D00 0.0125 368 306 395 346
D00 0.0125 247 474 268 527
D00 0.0125 348 481 388 553
D00 0.0125 172 517 225 594
D00 0.0125 9 493 50 539
D00 0.0125 101 429 214 514
D00 0.0124 88 426 140 501
D00 0.0124 257 343 355 390
D00 0.0124 529 384 600 500
D00 0.0124 12 358 87 386
D00 0.0124 557 382 595 414
D00 0.0124 299 353 343 433
D00 0.0123 277 363 317 395
D00 0.0123 357 495 380 539
D00 0.0123 486 350 534 373
D00 0.0123 445 572 520 600
D00 0.0122 507 373 568 406
D00 0.0122 141 424 197 447
D00 0.0122 278 548 351 600
D00 0.0122 314 488 354 569
D00 0.0122 350 449 385 509
D00 0.0122 11 376 47 420
D00 0.0121 372 567 466 600
D00 0.0121 546 376 589 403
D00 0.0121 0 570 61 600
D00 0.0121 290 379 335 430
D00 0.0121 100 575 159 599
D00 0.0121 91 441 136 479
D00 0.0120 59 467 112 547
D00 0.0120 117 375 273 443
D00 0.0120 373 502 442 581
D00 0.0120 67 360 158 395
D00 0.0120 86 557 177 599
D00 0.0120 452 400 516 436
D00 0.0120 469 388 498 440
D00 0.0119 449 363 476 402
D00 0.0119 524 393 584 438
D00 0.0119 98 340 152 363
D00 0.0119 557 574 600 598
D00 0.0119 501 356 576 384
D00 0.0118 181 505 218 574
D00 0.0118 16 520 68 569
D00 0.0118 507 439 551 498
D00 0.0118 512 533 556 595
D00 0.0118 221 395 275 446
D00 0.0118 427 556 498 600
D00 0.0118 292 435 430 594
D00 0.0118 98 348 177 458
D00 0.0118 374 362 435 399
D00 0.0118 468 368 538 410
D00 0.0118 228 545 253 596
D00 0.0118 88 443 153 536
D00 0.0117 282 379 310 433
D00 0.0117 243 349 426 419
D00 0.0117 209 374 306 436
D00 0.0117 102 382 204 495
D00 0.0117 131 375 176 455
D00 0.0117 252 439 329 594
D00 0.0117 105 345 181 373
D00 0.0117 541 367 595 390
D00 0.0117 385 524 446 564
D00 0.0117 175 532 204 584
D00 0.0116 56 406 150 457
D00 0.0116 168 560 213 592
D00 0.0116 192 484 230 519
D00 0.0116 79 423 121 458
D00 0.0115 542 361 600 414
D00 0.0115 571 531 599 583
D00 0.0115 186 449 247 551
D00 0.0115 282 373 326 399
D00 0.0115 155 424 248 485
D00 0.0115 338 495 364 541
D00 0.0115 537 440 592 486
D00 0.0114 430 343 473 410
D00 0.0114 537 393 600 454
D00 0.0114 462 351 520 372
D00 0.0114 245 493 283 583
D00 0.0114 341 496 379 572
D00 0.0114 103 422 149 475
D00 0.0114 325 480 361 538
D00 0.0113 272 525 319 600
D00 0.0113 512 421 547 469
D00 0.0113 434 540 476 600
D00 0.0112 261 387 308 475
D00 0.0112 203 444 241 479
D00 0.0112 32 517 72 553
D00 0.0112 368 530 454 597
D00 0.0112 72 444 120 527
D00 0.0112 7 532 35 584
D00 0.0112 94 441 233 591
D00 0.0111 301 502 390 595
D00 0.0111 306 472 369 527
D00 0.0111 370 472 438 560
D00 0.0111 322 500 367 596
D00 0.0111 348 503 372 550
D00 0.0111 253 428 300 505
D00 0.0110 245 444 271 494
D00 0.0110 180 438 262 510
D00 0.0110 450 508 486 557
D00 0.0110 520 508 557 555
D00 0.0109 496 347 560 392
D00 0.0109 166 464 235 519
D00 0.0109 501 495 549 555
D00 0.0109 525 383 571 413
D00 0.0109 17 498 133 583
D00 0.0108 482 553 543 598
D00 0.0108 207 447 234 499
D00 0.0108 6 452 56 523
D00 0.0108 291 385 428 529
D00 0.0108 433 439 485 521
D00 0.0108 452 541 492 600
D00 0.0107 88 400 128 466
D00 0.0107 473 392 512 428
D00 0.0107 234 476 264 540
D00 0.0106 534 437 578 469
D00 0.0106 251 446 280 518
D00 0.0106 0 384 24 444
D00 0.0106 497 362 526 395
D00 0.0106 123 570 167 599
D00 0.0106 542 561 572 600
D00 0.0106 51 495 144 557
D00 0.0106 427 398 459 444
D00 0.0105 0 364 35 397
D00 0.0105 311 526 355 600
D00 0.0105 210 410 253 466
D00 0.0105 342 352 444 475
D00 0.0104 437 417 481 474
D00 0.0104 248 419 379 574
D00 0.0104 569 335 600 373
D00 0.0104 403 394 453 465
D00 0.0104 259 504 355 595
D00 0.0104 231 437 267 501
D00 0.0104 0 360 47 486
D00 0.0103 247 534 280 600
D00 0.0103 485 513 556 598
D00 0.0103 401 318 431 354
D00 0.0103 557 413 600 540
D00 0.0103 240 405 295 458
D00 0.0103 252 370 317 405
D00 0.0103 416 319 452 348
D00 0.0103 0 202 32 271
D00 0.0103 490 383 532 446
D00 0.0103 232 405 264 457
D00 0.0103 0 275 160 478
D00 0.0103 90 340 142 376
D00 0.0103 572 493 599 547
D00 0.0102 313 334 369 387
D00 0.0102 0 449 34 519
D00 0.0102 142 522 206 559
D00 0.0102 189 581 254 600
D00 0.0102 199 459 225 510
D00 0.0102 352 468 411 560
D00 0.0101 568 372 600 404
D00 0.0101 304 507 345 587
D00 0.0101 196 354 318 419
D00 0.0101 383 313 429 335
D00 0.0101 24 368 57 411
D00 0.0100 117 564 180 593
D00 0.0100 513 362 541 397
D00 0.0100 547 432 599 476
D00 0.0100 434 575 491 598
D00 0.0100 1 431 28 478
D00 0.0100 497 342 542 381
D10 0.1284 1 488 88 523
D10 0.1256 391 512 584 573
D10 0.1062 518 526 596 555
D10 0.1031 82 428 165 460
D10 0.0849 544 490 599 508
D10 0.0845 393 521 514 569
D10 0.0816 152 560 275 595
D10 0.0713 58 429 147 472
D10 0.0711 520 486 600 521
D10 0.0690 535 484 595 504
D10 0.0644 37 436 130 482
D10 0.0628 182 567 258 591
D10 0.0625 463 507 592 563
D10 0.0605 477 420 555 453
D10 0.0569 73 435 131 460
D10 0.0558 413 425 510 468
D10 0.0548 551 528 600 550
D10 0.0540 420 530 551 565
D10 0.0528 408 401 459 425
D10 0.0521 530 520 593 545
D10 0.0519 1 497 50 524
D10 0.0515 486 413 566 444
D10 0.0511 8 480 82 507
D10 0.0502 27 433 120 461
D10 0.0491 504 480 590 505
D10 0.0489 372 370 438 389
D10 0.0488 113 430 165 455
D10 0.0487 409 527 484 557
D10 0.0477 65 441 122 467
D10 0.0472 82 439 146 465
D10 0.0468 429 434 496 457
D10 0.0461 172 499 231 519
D10 0.0459 419 484 553 552
D10 0.0451 20 415 150 468
D10 0.0430 126 540 270 596
D10 0.0418 5 504 72 531
D10 0.0414 16 440 108 468
D10 0.0411 474 532 575 563
D10 0.0409 513 491 585 508
D10 0.0406 356 363 454 398
D10 0.0397 481 487 587 550
D10 0.0397 501 423 567 447
D10 0.0395 5 501 104 555
D10 0.0395 449 538 574 574
D10 0.0395 166 553 256 587
D10 0.0393 402 528 569 594
D10 0.0390 388 374 443 400
D10 0.0380 9 429 113 492
D10 0.0372 401 414 501 457
D10 0.0363 159 571 253 598
D10 0.0363 503 513 579 549
D10 0.0362 546 495 596 520
D10 0.0361 159 566 228 590
D10 0.0359 29 485 78 518
D10 0.0357 471 370 533 390
D10 0.0352 473 423 530 448
D10 0.0344 348 371 417 389
D10 0.0344 426 425 491 449
D10 0.0344 149 493 239 528
D10 0.0344 191 498 246 521
D10 0.0338 162 491 225 514
D10 0.0333 472 378 534 396
D10 0.0331 441 537 533 560
D10 0.0331 504 379 570 398
D10 0.0330 408 411 465 435
D10 0.0324 375 523 460 554
D10 0.0321 469 424 540 466
D10 0.0320 329 370 392 388
D10 0.0319 476 463 550 499
D10 0.0318 186 550 310 593
D10 0.0316 456 444 571 505
D10 0.0315 0 439 74 471
D10 0.0314 397 399 481 440
D10 0.0310 493 487 581 515
D10 0.0307 526 380 588 399
D10 0.0306 474 470 574 512
D10 0.0305 107 415 163 444
D10 0.0304 510 415 576 438
D10 0.0302 0 431 83 460
D10 0.0300 396 538 501 591
D10 0.0299 517 384 591 412
D10 0.0294 459 522 568 555
D10 0.0291 529 514 600 565
D10 0.0291 490 479 561 500
D10 0.0291 377 398 454 427
D10 0.0288 428 512 505 552
D10 0.0286 431 440 497 467
D10 0.0282 312 367 369 387
D10 0.0279 484 374 556 399
D10 0.0279 498 374 592 406
D10 0.0278 419 403 481 426
D10 0.0278 366 403 507 469
D10 0.0274 377 488 461 515
D10 0.0274 456 545 545 564
D10 0.0273 453 462 564 530
D10 0.0273 433 379 553 431
D10 0.0270 388 360 438 385
D10 0.0269 359 377 430 396
D10 0.0269 392 496 471 527
D10 0.0266 455 364 546 394
D10 0.0266 476 415 533 440
D10 0.0262 407 364 532 409
D10 0.0262 4 465 86 504
D10 0.0262 495 427 570 462
D10 0.0258 423 413 485 438
D10 0.0257 231 572 322 598
D10 0.0256 512 419 589 452
D10 0.0255 435 527 515 554
D10 0.0254 1 363 135 406
D10 0.0253 408 424 471 447
D10 0.0253 452 425 503 449
D10 0.0253 526 499 594 544
D10 0.0251 0 404 50 429
D10 0.0250 0 490 34 516
D10 0.0248 54 423 133 457
D10 0.0247 37 496 85 525
D10 0.0246 434 503 526 538
D10 0.0245 146 534 353 598
D10 0.0245 389 382 443 416
D10 0.0244 537 474 600 513
D10 0.0243 162 555 222 582
D10 0.0240 546 386 596 409
D10 0.0240 407 434 476 455
D10 0.0239 397 533 458 555
D10 0.0238 319 364 431 393
D10 0.0238 507 493 586 529
D10 0.0236 139 497 214 523
D10 0.0235 466 510 563 545
D10 0.0235 405 503 478 544
D10 0.0235 498 402 574 436
D10 0.0234 506 386 570 408
D10 0.0232 565 534 600 559
D10 0.0232 174 486 244 519
D10 0.0232 449 373 542 404
D10 0.0231 7 447 93 481
D10 0.0230 8 392 138 449
D10 0.0229 2 395 59 421
D10 0.0228 5 368 61 392
D10 0.0226 298 366 347 387
D10 0.0220 421 535 490 566
D10 0.0220 182 506 236 529
D10 0.0219 538 531 590 564
D10 0.0218 297 359 389 391
D10 0.0216 331 372 445 403
D10 0.0215 365 403 461 437
D10 0.0215 522 433 584 458
D10 0.0215 340 377 404 395
D10 0.0214 0 481 47 507
D10 0.0212 503 544 572 567
D10 0.0212 558 485 600 516
D10 0.0211 2 451 66 474
D10 0.0210 77 447 130 477
D10 0.0209 517 438 591 469
D10 0.0208 270 576 339 597
D10 0.0206 0 413 49 438
D10 0.0206 505 467 584 498
D10 0.0205 473 449 530 479
D10 0.0204 174 524 277 590
D10 0.0204 6 545 56 569
D10 0.0203 538 471 591 498
D10 0.0203 432 507 487 534
D10 0.0201 426 454 513 502
D10 0.0201 152 575 218 596
D10 0.0201 7 535 59 560
D10 0.0200 417 499 476 521
D10 0.0200 453 379 514 397
D10 0.0200 210 498 260 522
D10 0.0197 56 449 110 477
D10 0.0197 0 433 51 458
D10 0.0197 130 485 224 520
D10 0.0196 37 505 88 535
D10 0.0196 382 519 449 545
D10 0.0196 372 433 496 480
D10 0.0195 7 514 66 541
D10 0.0194 281 366 329 388
D10 0.0191 249 569 357 600
D10 0.0190 115 439 166 464
D10 0.0189 17 375 151 431
D10 0.0188 458 467 506 492
D10 0.0184 382 413 444 434
D10 0.0184 364 360 424 383
D10 0.0183 515 505 578 537
D10 0.0183 568 517 600 544
D10 0.0183 454 508 532 531
D10 0.0182 447 458 501 486
D10 0.0182 3 520 87 579
D10 0.0181 406 491 469 512
D10 0.0180 568 480 600 505
D10 0.0180 200 506 254 529
D10 0.0180 351 415 473 460
D10 0.0179 31 514 82 542
D10 0.0179 0 554 44 580
D10 0.0178 159 503 226 534
D10 0.0178 0 418 67 452
D10 0.0177 36 511 112 544
D10 0.0176 181 488 271 530
D10 0.0176 229 566 283 594
D10 0.0175 482 506 549 532
D10 0.0175 366 490 432 511
D10 0.0174 508 390 582 425
D10 0.0173 0 393 78 435
D10 0.0173 275 358 352 398
D10 0.0172 449 413 502 438
D10 0.0171 397 463 516 532
D10 0.0171 323 359 377 384
D10 0.0170 345 508 394 530
D10 0.0170 4 518 69 556
D10 0.0168 448 517 533 542
D10 0.0168 451 491 535 528
D10 0.0168 461 360 523 382
D10 0.0167 30 451 95 474
D10 0.0167 201 489 251 517
D10 0.0166 367 477 448 507
D10 0.0166 545 442 598 466
D10 0.0166 0 454 76 490
D10 0.0165 384 420 459 448
D10 0.0162 530 574 587 597
D10 0.0162 531 563 585 591
D10 0.0162 394 507 455 536
D10 0.0161 485 383 557 412
D10 0.0161 484 405 543 431
D10 0.0161 17 422 105 453
D10 0.0161 554 525 600 569
D10 0.0161 378 499 444 521
D10 0.0161 3 525 51 551
D10 0.0160 522 409 593 442
D10 0.0159 513 462 600 533
D10 0.0159 249 550 360 594
D10 0.0159 45 486 95 515
D10 0.0159 35 468 85 496
D10 0.0158 35 346 164 383
D10 0.0158 468 549 557 581
D10 0.0157 243 566 309 593
D10 0.0156 534 393 589 420
D10 0.0156 262 363 327 394
D10 0.0156 441 498 502 522
D10 0.0155 46 521 124 548
D10 0.0155 26 507 159 553
D10 0.0153 474 386 532 407
D10 0.0153 0 505 32 532
D10 0.0153 536 450 591 474
D10 0.0153 541 374 600 403
D10 0.0152 492 460 554 487
D10 0.0152 0 564 43 592
D10 0.0151 322 376 379 395
D10 0.0151 137 536 194 561
D10 0.0151 358 542 472 593
D10 0.0150 502 450 600 502
D10 0.0150 293 411 367 435
D10 0.0150 25 455 94 494
D10 0.0149 166 497 253 540
D10 0.0149 442 370 503 389
D10 0.0147 409 487 484 519
D10 0.0147 486 497 541 524
D10 0.0147 61 360 172 405
D10 0.0147 32 524 85 549
D10 0.0147 523 404 583 430
D10 0.0146 432 449 495 477
D10 0.0146 214 449 269 473
D10 0.0145 506 441 564 466
D10 0.0145 60 373 137 401
D10 0.0145 342 360 400 383
D10 0.0145 83 442 157 480
D10 0.0145 516 370 580 391
D10 0.0144 5 361 61 383
D10 0.0143 558 505 600 536
D10 0.0143 359 481 419 503
D10 0.0142 279 395 368 434
D10 0.0142 69 452 135 489
D10 0.0142 568 496 600 521
D10 0.0141 535 552 588 581
D10 0.0141 16 529 84 563
D10 0.0141 1 469 57 495
D10 0.0140 344 505 422 533
D10 0.0140 350 514 440 544
D10 0.0140 337 525 456 578
D10 0.0140 434 472 503 505
D10 0.0140 0 442 42 467
D10 0.0139 119 405 168 432
D10 0.0139 111 529 205 571
D10 0.0139 453 477 505 500
D10 0.0137 401 536 468 569
D10 0.0137 482 439 544 468
D10 0.0137 135 492 196 512
D10 0.0136 305 369 401 402
D10 0.0136 381 431 460 458
D10 0.0136 157 544 207 571
D10 0.0136 134 564 198 592
D10 0.0135 486 486 535 514
D10 0.0134 163 540 236 577
D10 0.0134 154 477 230 510
D10 0.0133 343 480 393 502
D10 0.0133 407 575 464 598
D10 0.0132 77 523 157 548
D10 0.0131 212 555 259 584
D10 0.0131 408 442 475 465
D10 0.0131 48 476 95 507
D10 0.0131 336 408 436 440
D10 0.0131 295 405 350 428
D10 0.0130 338 498 383 525
D10 0.0130 0 459 55 483
D10 0.0130 504 553 568 578
D10 0.0130 363 531 448 561
D10 0.0129 77 365 150 393
D10 0.0129 367 450 497 502
D10 0.0129 544 424 597 448
D10 0.0129 447 403 501 427
D10 0.0128 430 469 491 491
D10 0.0128 185 479 234 507
D10 0.0128 76 411 150 447
D10 0.0127 224 506 268 528
D10 0.0127 429 489 483 511
D10 0.0126 375 473 481 515
D10 0.0125 252 582 319 600
D10 0.0125 500 395 560 420
D10 0.0125 560 470 600 497
D10 0.0125 518 450 573 475
D10 0.0124 59 433 106 464
D10 0.0124 456 387 511 408
D10 0.0123 274 565 335 593
D10 0.0123 0 422 39 448
D10 0.0123 262 466 341 495
D10 0.0122 352 498 407 524
D10 0.0122 148 507 203 530
D10 0.0122 352 489 407 513
D10 0.0122 116 537 180 558
D10 0.0121 394 560 463 596
D10 0.0120 270 404 359 447
D10 0.0120 78 343 194 381
D10 0.0120 473 476 516 502
D10 0.0120 410 456 494 487
D10 0.0120 303 403 378 431
D10 0.0119 440 482 512 518
D10 0.0119 213 526 321 589
D10 0.0118 127 545 189 568
D10 0.0118 360 415 425 434
D10 0.0118 455 553 523 576
D10 0.0117 502 429 600 486
D10 0.0115 337 488 383 515
D10 0.0114 46 459 96 486
D10 0.0114 86 377 145 399
D10 0.0114 136 384 213 412
D10 0.0114 322 415 379 432
D10 0.0113 329 507 376 530
D10 0.0113 59 461 124 498
D10 0.0113 303 408 399 442
D10 0.0113 234 498 278 522
D10 0.0113 536 488 581 515
D10 0.0113 351 517 410 539
D10 0.0112 22 482 64 528
D10 0.0111 567 543 600 569
D10 0.0111 93 402 165 436
D10 0.0111 22 545 76 568
D10 0.0111 143 481 205 504
D10 0.0109 248 367 307 390
D10 0.0109 409 562 512 600
D10 0.0109 436 476 510 568
D10 0.0109 0 544 69 591
D10 0.0109 97 355 170 381
D10 0.0108 397 481 457 503
D10 0.0107 137 553 196 582
D10 0.0107 165 535 214 561
D10 0.0107 430 479 487 501
D10 0.0107 469 404 521 428
D10 0.0107 16 524 135 574
D10 0.0107 79 529 175 564
D10 0.0106 107 524 185 553
D10 0.0106 306 374 356 395
D10 0.0106 503 564 565 591
D10 0.0105 167 468 264 519
D10 0.0105 538 459 590 486
D10 0.0105 370 425 432 445
D10 0.0105 50 439 96 471
D10 0.0105 361 406 427 428
D10 0.0105 68 458 162 499
D10 0.0105 259 359 314 384
D10 0.0105 45 492 113 529
D10 0.0105 545 413 596 438
D10 0.0104 368 347 421 372
D10 0.0103 517 460 573 486
D10 0.0102 135 501 218 544
D10 0.0102 271 421 353 453
D10 0.0101 342 415 402 433
D10 0.0100 410 476 487 508
D10 0.0100 320 498 403 538
D10 0.0100 40 535 97 558
D20 0.3104 36 407 600 571
D20 0.2629 340 416 599 581
D20 0.1919 422 419 559 566
D20 0.1708 0 441 122 545
D20 0.1672 396 473 584 582
D20 0.1646 446 409 577 521
D20 0.1502 3 489 93 533
D20 0.1441 1 412 313 575
D20 0.1344 349 472 530 564
D20 0.1218 404 517 495 558
D20 0.1076 0 472 93 569
D20 0.1075 194 416 565 540
D20 0.1055 403 377 544 490
D20 0.0997 455 505 600 586
D20 0.0865 465 441 600 568
D20 0.0859 466 417 543 486
D20 0.0811 197 462 554 591
D20 0.0795 379 364 521 453
D20 0.0793 8 378 266 519
D20 0.0792 392 370 457 425
D20 0.0769 376 407 529 520
D20 0.0750 306 349 476 416
D20 0.0722 373 355 482 426
D20 0.0699 335 504 507 582
D20 0.0698 493 523 592 579
D20 0.0686 0 339 367 539
D20 0.0679 0 459 76 535
D20 0.0668 448 385 595 479
D20 0.0640 242 427 359 470
D20 0.0629 383 331 431 355
D20 0.0583 0 382 87 556
D20 0.0568 6 453 168 585
D20 0.0548 0 491 62 560
D20 0.0536 209 426 305 468
D20 0.0535 465 447 554 498
D20 0.0534 424 493 493 562
D20 0.0528 415 431 511 477
D20 0.0523 400 384 493 431
D20 0.0517 296 457 497 540
D20 0.0507 54 404 252 475
D20 0.0505 497 508 585 556
D20 0.0503 445 336 600 600
D20 0.0499 397 497 526 572
D20 0.0497 395 343 469 412
D20 0.0493 471 410 557 457
D20 0.0489 391 338 439 360
D20 0.0489 0 367 168 463
D20 0.0488 38 451 440 598
D20 0.0487 162 407 330 480
D20 0.0481 364 519 469 557
D20 0.0471 115 508 275 597
D20 0.0469 242 344 600 600
D20 0.0465 233 392 520 491
D20 0.0463 0 165 557 591
D20 0.0452 390 501 483 551
D20 0.0443 400 393 448 422
D20 0.0439 445 516 577 559
D20 0.0438 408 529 594 595
D20 0.0436 356 386 461 427
D20 0.0432 0 394 141 509
D20 0.0415 390 333 445 393
D20 0.0405 209 382 357 475
D20 0.0401 374 326 444 361
D20 0.0401 519 538 595 592
D20 0.0395 24 486 298 583
D20 0.0395 486 430 575 477
D20 0.0393 420 378 562 447
D20 0.0390 259 431 475 565
D20 0.0379 408 340 454 361
D20 0.0378 517 499 600 571
D20 0.0365 338 343 453 394
D20 0.0365 489 490 584 540
D20 0.0362 0 488 49 533
D20 0.0349 0 293 164 572
D20 0.0337 305 422 513 504
D20 0.0337 0 359 146 415
D20 0.0333 384 343 555 416
D20 0.0332 17 15 600 441
D20 0.0330 408 370 492 417
D20 0.0327 0 368 73 413
D20 0.0326 105 419 292 493
D20 0.0324 395 512 499 599
D20 0.0323 371 362 449 403
D20 0.0319 186 428 348 512
D20 0.0316 296 378 485 453
D20 0.0314 471 375 595 440
D20 0.0314 322 480 474 551
D20 0.0312 551 513 600 587
D20 0.0309 153 483 421 587
D20 0.0309 482 399 576 442
D20 0.0303 411 342 453 387
D20 0.0302 476 466 560 514
D20 0.0301 299 356 572 519
D20 0.0301 80 427 167 471
D20 0.0299 0 504 46 587
D20 0.0299 492 365 600 516
D20 0.0299 10 445 94 519
D20 0.0298 500 387 589 430
D20 0.0297 397 454 497 562
D20 0.0291 425 497 537 547
D20 0.0287 402 492 458 562
D20 0.0287 412 447 512 493
D20 0.0286 406 330 444 358
D20 0.0285 0 442 84 489
D20 0.0284 26 494 117 542
D20 0.0283 95 541 249 596
D20 0.0283 439 457 489 554
D20 0.0282 126 420 365 578
D20 0.0282 150 451 268 594
D20 0.0281 446 406 525 463
D20 0.0276 36 428 217 513
D20 0.0276 35 476 231 558
D20 0.0275 542 463 600 597
D20 0.0273 404 401 500 451
D20 0.0272 403 347 444 372
D20 0.0265 5 506 81 584
D20 0.0264 497 550 584 598
D20 0.0262 393 335 466 371
D20 0.0260 549 483 600 554
D20 0.0259 405 355 481 396
D20 0.0256 418 349 464 372
D20 0.0254 0 473 60 521
D20 0.0250 0 251 267 600
D20 0.0250 210 395 311 461
D20 0.0250 0 435 50 517
D20 0.0250 219 442 377 540
D20 0.0248 66 370 246 457
D20 0.0246 0 426 59 483
D20 0.0245 0 463 59 600
D20 0.0243 470 483 558 535
D20 0.0241 425 341 476 362
D20 0.0241 292 522 534 600
D20 0.0237 434 363 585 415
D20 0.0234 0 474 31 544
D20 0.0233 379 389 493 483
D20 0.0233 165 432 287 479
D20 0.0231 409 382 460 450
D20 0.0230 511 441 598 484
D20 0.0229 370 337 419 359
D20 0.0228 505 424 598 466
D20 0.0225 175 427 291 569
D20 0.0223 410 345 494 379
D20 0.0222 518 380 599 418
D20 0.0222 0 365 60 396
D20 0.0222 496 440 571 497
D20 0.0221 433 350 489 371
D20 0.0219 152 516 243 592
D20 0.0219 458 545 567 588
D20 0.0216 346 500 459 542
D20 0.0216 115 394 281 461
D20 0.0216 360 479 472 597
D20 0.0215 70 522 228 587
D20 0.0214 486 461 600 535
D20 0.0214 179 492 313 598
D20 0.0211 150 343 529 488
D20 0.0211 385 316 455 421
D20 0.0211 0 0 408 294
D20 0.0211 407 347 533 388
D20 0.0210 3 344 158 393
D20 0.0210 418 364 507 400
D20 0.0209 427 380 515 423
D20 0.0209 393 529 475 577
D20 0.0209 167 0 600 294
D20 0.0208 231 417 292 464
D20 0.0208 387 326 427 377
D20 0.0207 311 0 600 600
D20 0.0205 417 332 465 354
D20 0.0204 167 534 368 598
D20 0.0203 0 538 43 600
D20 0.0203 168 539 259 594
D20 0.0203 10 497 171 558
D20 0.0202 309 320 467 392
D20 0.0202 95 456 263 544
D20 0.0202 407 340 491 441
D20 0.0198 0 492 26 528
D20 0.0195 426 358 497 384
D20 0.0194 372 342 436 377
D20 0.0193 1 523 200 600
D20 0.0192 160 507 220 575
D20 0.0192 346 532 485 598
D20 0.0192 189 416 277 463
D20 0.0191 491 364 585 396
D20 0.0189 420 466 473 556
D20 0.0188 309 469 440 589
D20 0.0187 365 350 466 471
D20 0.0187 326 451 417 489
D20 0.0187 453 463 512 553
D20 0.0184 134 480 256 552
D20 0.0183 0 0 347 600
D20 0.0183 343 472 441 511
D20 0.0182 441 388 524 438
D20 0.0182 342 438 468 529
D20 0.0182 0 397 47 469
D20 0.0180 270 444 385 583
D20 0.0179 482 420 600 496
D20 0.0178 29 351 322 475
D20 0.0176 212 408 304 537
D20 0.0174 380 324 496 384
D20 0.0174 354 327 419 356
D20 0.0174 118 423 197 463
D20 0.0169 209 437 331 600
D20 0.0169 155 439 285 509
D20 0.0169 512 397 590 453
D20 0.0168 312 390 461 487
D20 0.0168 331 461 424 502
D20 0.0167 401 327 480 361
D20 0.0167 418 335 503 367
D20 0.0167 0 355 82 392
D20 0.0167 433 524 540 569
D20 0.0167 341 330 433 365
D20 0.0164 17 511 99 556
D20 0.0163 0 494 27 576
D20 0.0162 572 499 600 573
D20 0.0162 454 354 544 387
D20 0.0160 436 344 588 392
D20 0.0160 85 397 174 448
D20 0.0160 54 352 142 387
D20 0.0159 442 554 541 599
D20 0.0157 338 461 399 522
D20 0.0157 434 345 529 375
D20 0.0157 421 333 462 400
D20 0.0157 474 567 574 600
D20 0.0156 383 510 448 552
D20 0.0152 508 479 570 553
D20 0.0152 136 453 224 493
D20 0.0152 478 380 566 420
D20 0.0150 172 492 253 580
D20 0.0150 369 467 499 530
D20 0.0149 157 367 317 459
D20 0.0149 517 414 600 540
D20 0.0148 439 507 516 555
D20 0.0148 0 315 82 506
D20 0.0148 528 341 600 377
D20 0.0146 207 355 453 456
D20 0.0146 476 473 536 554
D20 0.0146 173 480 265 523
D20 0.0144 500 369 576 412
D20 0.0143 383 554 473 599
D20 0.0141 391 321 450 349
D20 0.0141 390 478 468 540
D20 0.0141 444 341 498 362
D20 0.0140 106 563 226 600
D20 0.0139 210 539 288 596
D20 0.0137 452 351 511 371
D20 0.0137 0 509 50 546
D20 0.0136 344 333 454 436
D20 0.0136 336 490 436 530
D20 0.0136 168 492 232 551
D20 0.0133 424 348 600 458
D20 0.0133 542 441 600 503
D20 0.0133 287 344 415 388
D20 0.0132 270 371 409 475
D20 0.0131 196 472 241 542
D20 0.0130 109 508 225 565
D20 0.0130 0 440 41 488
D20 0.0130 243 492 367 599
D20 0.0129 63 341 144 376
D20 0.0128 551 460 600 526
D20 0.0128 56 462 208 528
D20 0.0128 553 550 600 600
D20 0.0128 545 383 588 413
D20 0.0128 418 394 476 468
D20 0.0128 95 437 185 484
D20 0.0128 336 438 434 475
D20 0.0127 378 445 485 483
D20 0.0126 84 352 264 431
D20 0.0126 573 464 600 539
D20 0.0126 92 341 179 375
D20 0.0125 422 477 510 532
D20 0.0124 538 384 600 443
D20 0.0123 506 469 590 518
D20 0.0123 75 447 168 492
D20 0.0123 358 453 458 492
D20 0.0123 552 365 599 432
D20 0.0122 0 0 145 226
D20 0.0122 0 356 41 427
D20 0.0122 402 317 447 377
D20 0.0121 529 418 582 487
D20 0.0121 375 374 436 420
D20 0.0121 573 523 600 600
D20 0.0121 25 334 173 420
D20 0.0121 67 340 203 388
D20 0.0120 400 460 503 503
D20 0.0119 345 495 429 566
D20 0.0118 191 552 272 600
D20 0.0118 529 373 587 407
D20 0.0118 6 421 95 473
D20 0.0117 311 360 431 436
D20 0.0117 0 340 98 438
D20 0.0116 184 488 236 529
D20 0.0115 534 364 598 392
D20 0.0115 500 351 598 385
D20 0.0114 479 521 560 600
D20 0.0114 418 548 495 600
D20 0.0113 75 388 147 461
D20 0.0113 153 471 243 515
D20 0.0112 325 340 426 378
D20 0.0112 243 336 432 401
D20 0.0111 251 534 455 600
D20 0.0111 0 376 29 450
D20 0.0111 250 563 362 600
D20 0.0111 551 418 600 488
D20 0.0110 0 187 38 267
D20 0.0110 455 0 600 223
D20 0.0110 324 352 415 407
D20 0.0109 4 513 147 579
D20 0.0109 519 561 600 600
D20 0.0108 45 425 102 503
D20 0.0108 543 356 598 379
D20 0.0107 0 501 19 554
D20 0.0107 271 413 333 477
D20 0.0107 106 332 197 367
D20 0.0107 0 532 103 600
D20 0.0106 313 479 390 524
D20 0.0106 248 540 330 596
D20 0.0105 458 489 525 565
D20 0.0105 196 459 256 524
D20 0.0105 175 573 266 600
D20 0.0105 129 428 235 574
D20 0.0104 481 497 550 567
D20 0.0104 0 460 23 523
D20 0.0104 200 396 277 443
D20 0.0103 105 493 222 540
D20 0.0103 380 465 455 519
D20 0.0102 520 348 600 475
D20 0.0102 463 331 598 416
D20 0.0101 183 505 233 592
D20 0.0100 428 329 494 355
D20 0.0100 0 413 28 489
D20 0.0100 0 523 22 589
D20 0.0100 449 370 519 414
D40 0.2922 323 450 369 475
D40 0.2630 284 444 373 478
D40 0.2355 234 436 369 482
D40 0.2044 241 430 318 469
D40 0.1546 305 458 370 481
D40 0.1388 257 448 379 493
D40 0.1356 243 439 299 466
D40 0.1197 216 416 350 477
D40 0.1011 160 420 526 533
D40 0.0960 336 451 375 483
D40 0.0916 324 441 381 481
D40 0.0795 294 442 415 484
D40 0.0746 254 444 342 475
D40 0.0709 424 524 510 564
D40 0.0694 254 433 450 495
D40 0.0674 256 418 402 477
D40 0.0643 404 401 453 424
D40 0.0642 311 464 370 495
D40 0.0638 402 523 478 554
D40 0.0616 251 426 301 454
D40 0.0577 208 428 373 506
D40 0.0569 153 446 427 564
D40 0.0522 23 412 439 550
D40 0.0515 429 533 490 559
D40 0.0511 344 447 386 477
D40 0.0510 251 448 306 473
D40 0.0509 123 396 452 500
D40 0.0502 107 422 374 521
D40 0.0483 510 529 580 566
D40 0.0461 258 428 293 467
D40 0.0445 399 509 492 570
D40 0.0445 320 449 375 506
D40 0.0438 216 437 292 468
D40 0.0431 264 457 358 484
D40 0.0410 408 387 458 429
D40 0.0405 231 433 316 499
D40 0.0398 300 440 355 472
D40 0.0376 245 447 395 531
D40 0.0373 0 493 49 528
D40 0.0364 275 437 330 470
D40 0.0351 234 395 335 460
D40 0.0336 503 526 571 552
D40 0.0331 333 469 379 492
D40 0.0326 435 542 501 563
D40 0.0316 301 450 466 507
D40 0.0300 233 448 286 472
D40 0.0299 315 445 363 487
D40 0.0292 495 512 574 548
D40 0.0285 291 465 393 514
D40 0.0285 335 457 365 501
D40 0.0279 256 423 327 457
D40 0.0272 230 383 397 471
D40 0.0270 526 536 574 574
D40 0.0267 407 515 453 551
D40 0.0252 234 410 304 479
D40 0.0248 202 423 286 484
D40 0.0238 226 421 298 459
D40 0.0237 263 431 361 466
D40 0.0232 431 539 510 587
D40 0.0227 244 430 275 470
D40 0.0225 402 525 486 594
D40 0.0224 307 425 370 479
D40 0.0222 413 404 455 437
D40 0.0217 315 435 364 462
D40 0.0215 78 518 133 542
D40 0.0208 286 397 431 489
D40 0.0204 481 454 559 492
D40 0.0204 70 510 167 546
D40 0.0202 323 413 402 473
D40 0.0198 306 412 466 469
D40 0.0197 283 471 356 492
D40 0.0197 312 476 372 506
D40 0.0196 340 433 419 490
D40 0.0194 160 391 330 503
D40 0.0188 313 451 410 535
D40 0.0187 265 453 356 522
D40 0.0185 253 434 282 477
D40 0.0185 324 460 409 502
D40 0.0184 402 527 445 558
D40 0.0182 263 413 303 470
D40 0.0181 2 446 43 481
D40 0.0179 404 389 436 426
D40 0.0177 564 523 600 554
D40 0.0177 264 397 369 453
D40 0.0175 132 443 212 484
D40 0.0174 275 427 308 468
D40 0.0172 522 525 560 569
D40 0.0168 337 455 408 485
D40 0.0167 259 460 320 483
D40 0.0167 264 425 325 486
D40 0.0167 414 398 473 444
D40 0.0166 333 434 367 468
D40 0.0166 568 343 600 378
D40 0.0165 266 436 300 476
D40 0.0165 497 445 568 481
D40 0.0164 438 516 486 564
D40 0.0161 336 442 409 474
D40 0.0159 349 464 385 497
D40 0.0157 308 449 344 485
D40 0.0150 500 530 553 562
D40 0.0149 342 475 375 508
D40 0.0145 255 461 351 499
D40 0.0145 400 405 441 435
D40 0.0144 478 503 554 550
D40 0.0142 462 532 517 562
D40 0.0141 144 461 199 485
D40 0.0140 448 517 530 559
D40 0.0139 512 508 558 563
D40 0.0138 131 351 433 472
D40 0.0135 391 522 437 553
D40 0.0134 11 360 69 383
D40 0.0134 1 483 31 526
D40 0.0134 451 536 525 572
D40 0.0133 83 527 149 547
D40 0.0133 284 429 350 488
D40 0.0133 145 452 196 478
D40 0.0132 497 500 547 538
D40 0.0132 505 460 564 487
D40 0.0130 489 534 563 576
D40 0.0130 577 529 600 564
D40 0.0127 297 440 331 478
D40 0.0127 5 439 53 471
D40 0.0125 290 415 390 517
D40 0.0124 44 499 134 542
D40 0.0122 0 437 33 472
D40 0.0120 335 441 389 512
D40 0.0120 6 261 428 477
D40 0.0119 553 355 599 379
D40 0.0119 0 200 34 235
D40 0.0118 350 471 404 494
D40 0.0118 345 408 425 470
D40 0.0117 278 429 376 558
D40 0.0117 336 476 402 506
D40 0.0116 400 503 442 542
D40 0.0115 80 508 129 536
D40 0.0114 546 527 584 570
D40 0.0113 416 412 480 456
D40 0.0113 130 437 189 470
D40 0.0112 577 511 600 549
D40 0.0111 1 428 42 462
D40 0.0110 243 410 303 446
D40 0.0109 503 464 552 497
D40 0.0109 435 494 507 575
D40 0.0108 273 384 340 472
D40 0.0108 270 471 369 508
D40 0.0106 257 453 294 487
D40 0.0104 447 545 493 581
D40 0.0104 487 520 542 554
D40 0.0102 450 530 488 570
D40 0.0102 306 479 382 523
D40 0.0101 555 499 596 543
D40 0.0100 566 491 600 528
D40 0.0100 414 417 457 450
