D00 0.0480 142 351 216 420
D00 0.0476 170 429 225 496
D00 0.0451 159 358 207 409
D00 0.0397 318 296 349 366
D00 0.0395 381 402 471 557
D00 0.0383 147 363 237 519
D00 0.0371 322 317 373 418
D00 0.0360 327 327 359 396
D00 0.0360 323 300 361 382
D00 0.0357 412 444 469 550
D00 0.0343 329 316 354 368
D00 0.0335 333 347 370 414
D00 0.0319 404 432 513 558
D00 0.0312 121 321 229 422
D00 0.0310 305 282 344 361
D00 0.0309 186 437 215 491
D00 0.0307 341 348 452 535
D00 0.0304 95 359 211 412
D00 0.0297 310 295 388 434
D00 0.0296 337 335 391 432
D00 0.0295 311 296 337 352
D00 0.0294 304 301 354 403
D00 0.0293 420 365 472 413
D00 0.0286 359 349 484 458
D00 0.0281 367 375 486 507
D00 0.0278 322 324 347 378
D00 0.0275 397 459 452 560
D00 0.0268 161 422 254 527
D00 0.0266 431 469 478 551
D00 0.0265 147 377 199 407
D00 0.0262 330 330 448 441
D00 0.0260 403 353 479 426
D00 0.0260 161 371 222 469
D00 0.0259 149 410 212 510
D00 0.0257 35 343 223 420
D00 0.0249 405 356 522 539
D00 0.0245 369 392 441 533
D00 0.0242 414 365 462 396
D00 0.0233 109 379 230 552
D00 0.0228 352 355 456 417
D00 0.0225 0 372 50 445
D00 0.0223 173 370 217 408
D00 0.0223 328 333 532 558
D00 0.0222 130 444 239 538
D00 0.0222 381 365 466 441
D00 0.0218 177 444 208 496
D00 0.0218 94 338 238 464
D00 0.0218 417 365 493 442
D00 0.0218 390 435 460 522
D00 0.0216 346 363 420 439
D00 0.0214 302 288 326 344
D00 0.0210 326 312 397 384
D00 0.0209 375 407 419 484
D00 0.0206 418 475 455 545
D00 0.0206 351 373 419 509
D00 0.0205 313 292 376 367
D00 0.0205 335 338 364 388
D00 0.0204 170 448 214 480
D00 0.0204 379 441 434 548
D00 0.0203 367 341 468 394
D00 0.0203 177 439 221 469
D00 0.0202 341 364 394 417
D00 0.0200 178 420 240 481
D00 0.0199 426 431 485 533
D00 0.0198 327 299 354 352
D00 0.0195 432 492 460 546
D00 0.0194 441 385 560 563
D00 0.0194 147 467 246 525
D00 0.0194 293 270 367 409
D00 0.0193 338 331 421 407
D00 0.0190 332 324 366 359
D00 0.0189 177 443 237 512
D00 0.0188 511 450 600 596
D00 0.0188 0 342 150 423
D00 0.0187 338 371 367 420
D00 0.0187 125 379 208 502
D00 0.0186 339 360 378 401
D00 0.0185 335 354 401 481
D00 0.0185 433 374 486 425
D00 0.0183 308 322 418 497
D00 0.0183 154 435 217 475
D00 0.0181 401 381 482 458
D00 0.0181 325 428 450 555
D00 0.0180 0 378 87 536
D00 0.0180 51 360 215 506
D00 0.0180 429 383 477 411
D00 0.0180 367 411 411 462
D00 0.0179 408 392 506 489
D00 0.0178 321 311 474 394
D00 0.0178 399 476 435 545
D00 0.0178 167 356 234 416
D00 0.0175 409 412 471 515
D00 0.0173 369 409 407 441
D00 0.0173 61 308 214 400
D00 0.0173 363 381 442 456
D00 0.0172 329 359 363 400
D00 0.0171 0 351 55 409
D00 0.0171 398 477 484 573
D00 0.0171 430 444 497 505
D00 0.0170 168 443 217 530
D00 0.0170 331 322 436 369
D00 0.0168 137 439 223 490
D00 0.0166 440 502 467 551
D00 0.0166 130 336 268 539
D00 0.0166 316 294 347 336
D00 0.0165 26 377 159 553
D00 0.0165 171 353 211 393
D00 0.0163 0 355 90 445
D00 0.0163 415 464 501 528
D00 0.0163 389 332 532 474
D00 0.0162 267 371 452 558
D00 0.0160 311 335 390 398
D00 0.0160 362 395 411 438
D00 0.0160 385 421 430 507
D00 0.0160 60 274 298 570
D00 0.0159 548 478 596 585
D00 0.0158 315 391 426 529
D00 0.0157 11 336 182 463
D00 0.0157 154 434 311 566
D00 0.0157 142 314 215 391
D00 0.0156 322 344 349 397
D00 0.0156 177 458 220 487
D00 0.0156 325 338 362 364
D00 0.0154 323 319 362 347
D00 0.0154 395 322 506 428
D00 0.0154 290 333 376 428
D00 0.0153 296 272 333 351
D00 0.0153 165 373 208 428
D00 0.0153 383 401 463 476
D00 0.0152 387 414 538 511
D00 0.0152 318 361 384 435
D00 0.0151 358 423 412 534
D00 0.0151 294 287 315 343
D00 0.0151 175 376 293 551
D00 0.0150 383 484 467 547
D00 0.0149 286 301 336 402
D00 0.0149 360 374 411 425
D00 0.0149 8 431 78 553
D00 0.0149 386 363 600 576
D00 0.0148 408 457 445 535
D00 0.0147 164 348 246 453
D00 0.0146 151 290 214 322
D00 0.0146 439 484 487 539
D00 0.0146 400 355 460 391
D00 0.0145 283 365 306 415
D00 0.0145 103 372 282 488
D00 0.0144 0 453 110 569
D00 0.0144 0 312 177 386
D00 0.0144 331 347 370 372
D00 0.0144 194 430 223 482
D00 0.0143 383 420 411 472
D00 0.0143 0 392 28 443
D00 0.0142 312 279 423 390
D00 0.0142 0 334 112 398
D00 0.0142 64 413 196 572
D00 0.0142 246 367 271 415
D00 0.0141 332 352 386 389
D00 0.0139 108 420 230 500
D00 0.0139 365 324 468 370
D00 0.0138 153 453 228 506
D00 0.0138 148 301 199 326
D00 0.0137 320 302 413 352
D00 0.0137 335 320 383 347
D00 0.0137 139 402 244 479
D00 0.0137 0 369 32 405
D00 0.0137 157 340 251 402
D00 0.0137 442 460 501 562
D00 0.0136 540 430 600 565
D00 0.0136 406 342 497 392
D00 0.0135 527 0 600 128
D00 0.0135 2 162 26 217
D00 0.0135 309 314 343 384
D00 0.0133 208 279 455 572
D00 0.0132 0 386 54 491
D00 0.0132 482 381 595 563
D00 0.0132 417 430 491 486
D00 0.0131 317 468 360 548
D00 0.0131 0 402 68 450
D00 0.0130 404 499 429 551
D00 0.0130 112 373 192 409
D00 0.0130 367 421 410 447
D00 0.0130 188 459 268 532
D00 0.0130 419 359 519 414
D00 0.0130 307 287 338 325
D00 0.0129 167 417 217 466
D00 0.0129 340 405 392 516
D00 0.0129 412 491 440 545
D00 0.0128 191 381 266 503
D00 0.0128 146 381 205 443
D00 0.0128 272 368 300 415
D00 0.0128 530 460 584 571
D00 0.0127 332 304 366 345
D00 0.0127 317 328 354 355
D00 0.0126 439 467 490 519
D00 0.0126 155 334 305 465
D00 0.0126 312 411 378 537
D00 0.0125 443 319 558 498
D00 0.0125 415 474 541 553
D00 0.0125 426 459 466 533
D00 0.0125 249 362 284 419
D00 0.0125 315 344 361 424
D00 0.0124 40 358 175 408
D00 0.0123 266 345 380 524
D00 0.0123 334 331 382 373
D00 0.0123 175 289 241 320
D00 0.0123 274 436 390 551
D00 0.0122 443 494 479 556
D00 0.0121 274 352 313 426
D00 0.0121 164 297 232 328
D00 0.0120 193 417 259 473
D00 0.0120 368 415 451 461
D00 0.0120 350 375 386 422
D00 0.0120 507 432 597 526
D00 0.0119 90 319 197 377
D00 0.0119 70 542 218 598
D00 0.0119 0 355 139 504
D00 0.0119 405 365 576 445
D00 0.0119 198 428 237 497
D00 0.0119 280 319 429 419
D00 0.0119 564 520 600 599
D00 0.0118 0 321 201 558
D00 0.0118 346 344 387 407
D00 0.0118 75 461 225 530
D00 0.0117 142 294 191 319
D00 0.0117 434 392 499 456
D00 0.0117 361 464 508 586
D00 0.0116 433 435 552 525
D00 0.0116 326 272 466 487
D00 0.0115 129 427 195 522
D00 0.0115 1 423 53 529
D00 0.0115 271 317 355 417
D00 0.0115 208 412 420 573
D00 0.0115 287 331 499 470
D00 0.0115 395 493 422 545
D00 0.0115 371 431 453 481
D00 0.0115 201 292 251 315
D00 0.0114 130 376 197 425
D00 0.0114 149 299 261 419
D00 0.0114 167 439 202 489
D00 0.0113 32 461 177 565
D00 0.0113 302 277 326 323
D00 0.0113 164 468 229 554
D00 0.0113 41 338 171 393
D00 0.0113 260 369 290 415
D00 0.0113 14 405 71 514
D00 0.0113 177 426 208 476
D00 0.0112 2 375 116 426
D00 0.0112 363 465 452 529
D00 0.0112 352 420 425 472
D00 0.0112 303 446 351 542
D00 0.0112 334 381 381 427
D00 0.0112 0 394 36 469
D00 0.0112 293 317 372 374
D00 0.0111 417 450 456 522
D00 0.0111 333 298 463 360
D00 0.0111 19 450 65 534
D00 0.0111 191 300 242 325
D00 0.0111 533 443 581 524
D00 0.0111 0 386 79 433
D00 0.0111 146 366 196 398
D00 0.0111 397 378 466 415
D00 0.0111 372 385 404 430
D00 0.0111 400 446 436 523
D00 0.0110 446 437 514 495
D00 0.0110 373 291 473 424
D00 0.0110 216 375 334 551
D00 0.0109 21 480 64 567
D00 0.0109 511 370 597 505
D00 0.0109 413 505 502 562
D00 0.0109 353 419 468 496
D00 0.0109 106 395 184 517
D00 0.0108 403 318 477 381
D00 0.0108 0 500 94 593
D00 0.0108 419 358 465 384
D00 0.0108 287 283 322 368
D00 0.0108 29 297 227 446
D00 0.0108 335 345 397 376
D00 0.0108 170 345 371 521
D00 0.0107 147 410 299 511
D00 0.0107 356 370 399 410
D00 0.0107 205 419 252 504
D00 0.0106 374 351 420 431
D00 0.0106 376 431 420 459
D00 0.0106 308 303 359 344
D00 0.0106 124 299 189 330
D00 0.0106 393 438 443 492
D00 0.0106 431 512 474 558
D00 0.0105 186 360 227 400
D00 0.0105 427 332 485 417
D00 0.0105 358 480 459 571
D00 0.0105 299 302 330 372
D00 0.0105 138 552 203 587
D00 0.0105 344 404 405 466
D00 0.0105 9 372 71 466
D00 0.0104 432 377 546 431
D00 0.0104 5 323 124 372
D00 0.0104 270 401 351 542
D00 0.0104 496 25 600 103
D00 0.0104 42 322 168 373
D00 0.0103 230 354 272 425
D00 0.0103 31 450 134 540
D00 0.0103 315 462 416 559
D00 0.0103 90 237 407 600
D00 0.0103 479 482 592 581
D00 0.0103 485 0 600 72
D00 0.0102 5 512 207 590
D00 0.0102 188 365 269 434
D00 0.0102 274 286 352 383
D00 0.0102 285 293 303 349
D00 0.0102 0 92 65 244
D00 0.0102 390 423 445 471
D00 0.0102 365 446 452 508
D00 0.0101 406 515 477 580
D00 0.0101 114 346 195 403
D00 0.0101 101 574 154 597
D00 0.0101 0 415 31 452
D00 0.0101 376 428 404 481
D00 0.0101 336 309 381 339
D00 0.0101 388 435 424 474
D00 0.0100 422 501 451 549
D00 0.0100 136 418 205 479
D00 0.0100 108 556 200 595
D00 0.0100 0 467 62 587
D00 0.0100 158 352 197 394
D00 0.0100 266 220 552 600
D10 0.0287 355 404 406 429
D10 0.0278 408 443 491 488
D10 0.0266 128 381 201 412
D10 0.0264 86 367 221 424
D10 0.0259 340 331 395 352
D10 0.0258 347 395 399 422
D10 0.0236 0 363 55 398
D10 0.0233 419 451 477 473
D10 0.0223 517 451 598 497
D10 0.0222 339 340 394 360
D10 0.0221 424 444 484 467
D10 0.0211 403 439 474 472
D10 0.0204 171 486 323 543
D10 0.0202 364 413 411 436
D10 0.0201 493 445 588 485
D10 0.0196 0 374 38 398
D10 0.0195 330 329 372 354
D10 0.0193 419 467 494 521
D10 0.0191 169 426 253 472
D10 0.0190 176 433 225 456
D10 0.0189 0 331 75 372
D10 0.0187 343 395 414 437
D10 0.0186 326 323 410 359
D10 0.0186 345 385 395 414
D10 0.0181 531 460 584 483
D10 0.0173 330 338 371 363
D10 0.0171 358 331 416 352
D10 0.0169 433 429 585 491
D10 0.0168 431 478 482 503
D10 0.0166 174 470 277 526
D10 0.0164 520 452 578 477
D10 0.0155 3 361 209 435
D10 0.0154 332 333 419 368
D10 0.0154 358 340 417 359
D10 0.0151 138 390 222 442
D10 0.0149 2 339 63 360
D10 0.0147 426 436 513 480
D10 0.0144 394 412 489 464
D10 0.0143 30 491 125 531
D10 0.0142 456 444 596 510
D10 0.0141 0 474 181 554
D10 0.0137 377 415 432 437
D10 0.0136 359 406 435 448
D10 0.0135 430 459 509 508
D10 0.0134 335 348 381 372
D10 0.0133 107 491 227 538
D10 0.0133 190 477 381 552
D10 0.0131 439 470 490 496
D10 0.0129 402 450 456 473
D10 0.0129 429 459 483 487
D10 0.0127 134 392 192 415
D10 0.0127 369 395 419 422
D10 0.0127 376 405 431 429
D10 0.0126 340 374 384 405
D10 0.0126 432 486 479 514
D10 0.0124 167 392 219 416
D10 0.0124 444 451 499 475
D10 0.0124 220 501 274 526
D10 0.0123 451 444 553 483
D10 0.0122 418 430 490 465
D10 0.0122 433 451 555 503
D10 0.0122 145 429 214 463
D10 0.0122 0 410 68 457
D10 0.0121 233 492 346 536
D10 0.0120 47 484 207 544
D10 0.0120 184 426 235 450
D10 0.0119 1 489 98 539
D10 0.0119 173 356 220 384
D10 0.0119 176 350 223 372
D10 0.0118 0 343 57 377
D10 0.0117 409 406 541 473
D10 0.0116 408 433 466 460
D10 0.0116 0 421 44 447
D10 0.0115 167 426 216 449
D10 0.0115 0 367 28 393
D10 0.0114 250 404 301 426
D10 0.0113 472 436 574 475
D10 0.0113 380 440 462 491
D10 0.0112 409 473 470 511
D10 0.0111 309 374 398 426
D10 0.0110 539 447 600 483
D10 0.0109 210 494 301 532
D10 0.0109 352 323 441 358
D10 0.0108 64 496 132 525
D10 0.0108 89 383 218 449
D10 0.0107 293 485 366 532
D10 0.0107 236 508 292 530
D10 0.0106 212 473 323 525
D10 0.0105 0 412 35 441
D10 0.0105 391 466 467 525
D10 0.0105 391 420 463 453
D10 0.0104 41 377 174 421
D10 0.0104 200 432 253 457
D10 0.0103 0 378 51 415
D10 0.0103 175 384 229 411
D10 0.0103 410 339 461 359
D10 0.0103 0 348 80 395
D10 0.0102 172 394 272 444
D10 0.0102 1 492 66 527
D10 0.0101 450 415 571 464
D10 0.0101 50 499 108 522
D10 0.0100 415 486 460 514
D10 0.0100 366 395 460 440
D20 0.0629 152 361 207 413
D20 0.0456 123 352 229 421
D20 0.0408 0 415 299 576
D20 0.0393 38 391 473 575
D20 0.0328 118 376 208 414
D20 0.0318 61 453 267 561
D20 0.0303 134 429 258 545
D20 0.0290 86 492 311 582
D20 0.0289 0 330 389 530
D20 0.0286 129 472 292 552
D20 0.0272 334 355 391 420
D20 0.0264 134 347 301 431
D20 0.0248 156 491 268 538
D20 0.0240 98 440 367 569
D20 0.0221 0 473 250 593
D20 0.0216 322 340 472 435
D20 0.0216 13 359 245 505
D20 0.0214 143 338 232 465
D20 0.0213 63 311 564 553
D20 0.0211 114 449 538 600
D20 0.0211 343 367 408 429
D20 0.0200 167 346 225 408
D20 0.0198 69 408 254 531
D20 0.0194 31 346 225 445
D20 0.0191 152 372 252 425
D20 0.0187 255 360 559 588
D20 0.0186 409 511 600 587
D20 0.0182 160 468 258 526
D20 0.0179 0 0 408 294
D20 0.0178 247 363 306 419
D20 0.0176 167 0 600 294
D20 0.0175 14 429 181 569
D20 0.0175 147 336 262 411
D20 0.0172 94 482 240 545
D20 0.0170 127 501 270 565
D20 0.0166 409 436 587 525
D20 0.0166 349 388 411 441
D20 0.0164 0 118 290 600
D20 0.0163 0 165 557 591
D20 0.0161 312 118 600 600
D20 0.0158 347 471 592 588
D20 0.0153 17 15 600 441
D20 0.0152 126 381 230 451
D20 0.0150 0 0 216 147
D20 0.0150 91 533 270 600
D20 0.0150 0 366 150 600
D20 0.0148 75 338 308 460
D20 0.0146 454 0 600 220
D20 0.0145 192 492 431 582
D20 0.0144 376 0 600 147
D20 0.0144 252 337 415 428
D20 0.0143 156 454 239 563
D20 0.0142 95 390 237 494
D20 0.0141 318 463 489 561
D20 0.0139 153 454 339 539
D20 0.0139 52 515 239 591
D20 0.0134 108 325 439 484
D20 0.0134 252 384 300 414
D20 0.0129 420 409 600 600
D20 0.0128 188 351 269 423
D20 0.0127 0 305 221 425
D20 0.0126 49 389 215 582
D20 0.0126 145 370 197 430
D20 0.0126 213 435 488 571
D20 0.0123 171 509 291 557
D20 0.0122 321 345 385 399
D20 0.0120 117 548 240 593
D20 0.0119 135 396 405 541
D20 0.0118 140 520 288 584
D20 0.0118 0 275 182 550
D20 0.0117 478 526 600 600
D20 0.0116 386 482 541 574
D20 0.0115 178 444 282 575
D20 0.0115 406 399 580 481
D20 0.0114 0 0 72 115
D20 0.0113 342 285 600 552
D20 0.0112 0 0 106 160
D20 0.0112 406 493 481 547
D20 0.0111 139 376 298 463
D20 0.0111 268 371 302 409
D20 0.0111 407 548 515 591
D20 0.0111 32 214 331 483
D20 0.0111 110 441 221 580
D20 0.0111 109 364 291 600
D20 0.0110 399 519 526 582
D20 0.0109 136 500 232 535
D20 0.0108 528 0 600 111
D20 0.0107 312 508 498 583
D20 0.0104 181 470 246 552
D20 0.0103 187 347 503 530
D20 0.0102 202 353 338 421
D20 0.0101 232 385 313 425
D20 0.0101 161 534 347 600
D20 0.0100 0 527 119 600
D20 0.0100 69 0 296 224
D40 0.1234 155 383 201 411
D40 0.0650 150 366 205 414
D40 0.0374 495 548 600 592
D40 0.0320 439 533 600 596
D40 0.0318 159 391 208 415
D40 0.0295 533 557 598 592
D40 0.0225 520 520 595 588
D40 0.0209 485 495 600 596
D40 0.0201 556 550 597 588
D40 0.0199 181 501 280 535
D40 0.0198 359 400 402 432
D40 0.0182 173 378 217 413
D40 0.0180 341 379 381 417
D40 0.0178 348 390 393 424
D40 0.0175 149 375 185 412
D40 0.0175 434 392 508 440
D40 0.0172 190 508 254 532
D40 0.0170 218 508 276 531
D40 0.0150 251 394 301 420
D40 0.0137 448 403 496 432
D40 0.0135 422 549 539 590
D40 0.0132 4 252 379 453
D40 0.0128 0 178 508 519
D40 0.0126 549 570 598 595
D40 0.0125 563 530 600 598
D40 0.0125 267 379 303 417
D40 0.0123 467 520 564 583
D40 0.0121 447 555 501 581
D40 0.0121 423 529 534 578
D40 0.0118 336 374 376 404
D40 0.0118 152 381 230 425
D40 0.0117 441 387 485 427
D40 0.0116 455 413 507 436
D40 0.0114 476 562 593 600
D40 0.0112 168 505 239 535
D40 0.0111 423 525 468 550
D40 0.0110 141 389 207 435
D40 0.0105 160 396 202 429
D40 0.0105 238 384 314 424
D40 0.0105 199 501 261 525
D40 0.0102 447 405 535 443
