D00 0.1501 301 292 326 337
D00 0.0885 293 298 334 331
D00 0.0774 283 309 329 338
D00 0.0557 296 309 348 337
D00 0.0472 277 293 334 341
D00 0.0456 306 296 351 332
D00 0.0421 0 443 97 582
D00 0.0395 339 291 365 333
D00 0.0393 293 306 320 343
D00 0.0366 291 318 337 340
D00 0.0360 234 312 286 337
D00 0.0354 297 284 333 317
D00 0.0347 1 476 57 584
D00 0.0332 245 301 298 329
D00 0.0310 346 287 372 329
D00 0.0309 1 414 128 543
D00 0.0307 28 380 145 570
D00 0.0298 297 282 341 345
D00 0.0292 12 460 73 570
D00 0.0270 252 293 311 318
D00 0.0243 249 289 288 323
D00 0.0240 224 320 276 341
D00 0.0239 356 292 382 335
D00 0.0238 327 288 358 329
D00 0.0235 1 511 41 582
D00 0.0232 306 305 332 345
D00 0.0227 376 299 402 345
D00 0.0225 368 293 393 336
D00 0.0224 158 339 207 363
D00 0.0220 309 284 351 316
D00 0.0207 275 308 360 343
D00 0.0205 0 394 158 497
D00 0.0205 216 312 269 337
D00 0.0203 6 502 55 559
D00 0.0202 472 526 510 600
D00 0.0201 3 482 86 544
D00 0.0201 210 485 249 574
D00 0.0200 60 366 179 482
D00 0.0197 264 306 311 337
D00 0.0196 228 302 278 330
D00 0.0194 142 340 205 400
D00 0.0194 164 343 201 379
D00 0.0193 224 295 302 336
D00 0.0190 294 299 332 368
D00 0.0187 203 507 242 587
D00 0.0187 0 530 59 599
D00 0.0185 333 282 368 315
D00 0.0183 279 290 315 330
D00 0.0181 505 338 600 425
D00 0.0181 0 341 191 563
D00 0.0181 18 454 102 536
D00 0.0177 301 313 324 355
D00 0.0176 125 359 191 419
D00 0.0176 92 360 187 449
D00 0.0171 166 332 218 355
D00 0.0170 125 530 164 600
D00 0.0169 65 403 179 588
D00 0.0168 72 376 173 428
D00 0.0168 2 387 137 456
D00 0.0167 259 286 321 309
D00 0.0166 170 341 231 362
D00 0.0164 243 295 274 335
D00 0.0162 303 505 339 582
D00 0.0161 311 512 333 564
D00 0.0160 99 352 217 420
D00 0.0159 133 552 157 599
D00 0.0158 26 475 89 583
D00 0.0158 14 457 153 600
D00 0.0156 0 373 76 565
D00 0.0156 407 426 446 502
D00 0.0154 50 423 149 523
D00 0.0153 480 533 503 587
D00 0.0153 145 333 221 374
D00 0.0152 414 438 438 490
D00 0.0152 363 309 411 336
D00 0.0150 541 351 598 441
D00 0.0149 209 523 233 575
D00 0.0147 71 404 166 505
D00 0.0147 234 304 263 341
D00 0.0146 50 393 155 447
D00 0.0146 85 383 162 459
D00 0.0146 0 508 100 592
D00 0.0146 121 374 171 424
D00 0.0142 252 271 339 331
D00 0.0142 153 352 195 390
D00 0.0142 29 448 131 507
D00 0.0142 0 539 29 592
D00 0.0140 133 371 199 407
D00 0.0138 42 350 198 432
D00 0.0137 269 293 302 334
D00 0.0136 217 512 241 567
D00 0.0136 108 379 222 568
D00 0.0135 373 307 420 355
D00 0.0135 24 379 147 427
D00 0.0134 290 320 322 352
D00 0.0134 0 391 33 477
D00 0.0134 199 306 286 342
D00 0.0133 508 357 593 405
D00 0.0133 22 488 63 554
D00 0.0133 112 383 162 433
D00 0.0132 166 346 214 393
D00 0.0132 257 283 297 315
D00 0.0132 14 428 119 490
D00 0.0131 40 361 277 583
D00 0.0131 120 574 167 599
D00 0.0130 491 371 596 563
D00 0.0130 77 411 137 479
D00 0.0130 148 366 199 394
D00 0.0129 116 337 239 400
D00 0.0129 30 410 138 469
D00 0.0129 0 398 29 433
D00 0.0128 0 427 58 537
D00 0.0128 40 444 121 574
D00 0.0128 251 302 280 339
D00 0.0127 203 321 260 344
D00 0.0127 346 276 389 340
D00 0.0126 67 430 127 500
D00 0.0125 0 465 74 526
D00 0.0125 0 527 34 567
D00 0.0125 457 333 587 399
D00 0.0122 293 479 333 560
D00 0.0122 165 345 237 375
D00 0.0122 439 354 577 582
D00 0.0121 204 470 264 590
D00 0.0119 0 371 118 436
D00 0.0119 15 337 162 473
D00 0.0119 154 326 236 363
D00 0.0118 10 472 139 550
D00 0.0118 311 529 334 582
D00 0.0118 358 281 400 346
D00 0.0117 332 312 368 343
D00 0.0117 569 381 600 446
D00 0.0117 364 319 414 346
D00 0.0115 32 405 212 534
D00 0.0115 211 533 246 594
D00 0.0115 399 323 515 369
D00 0.0115 9 412 78 519
D00 0.0115 0 504 29 558
D00 0.0115 372 326 442 360
D00 0.0114 284 430 359 588
D00 0.0113 509 373 596 419
D00 0.0113 232 307 403 584
D00 0.0113 353 294 400 320
D00 0.0113 384 294 410 339
D00 0.0112 110 346 199 486
D00 0.0111 140 347 194 373
D00 0.0111 302 293 356 355
D00 0.0111 219 471 256 560
D00 0.0110 148 358 213 412
D00 0.0110 265 311 328 359
D00 0.0110 150 380 263 569
D00 0.0110 20 508 58 582
D00 0.0110 532 353 600 503
D00 0.0110 211 362 348 588
D00 0.0110 302 505 327 555
D00 0.0110 93 342 193 396
D00 0.0109 130 385 181 412
D00 0.0109 418 446 451 510
D00 0.0108 222 325 257 353
D00 0.0108 383 303 489 358
D00 0.0108 493 357 555 418
D00 0.0108 2 557 40 594
D00 0.0107 297 316 346 355
D00 0.0107 176 333 204 373
D00 0.0107 372 290 404 325
D00 0.0107 548 367 600 416
D00 0.0106 227 312 254 347
D00 0.0105 188 383 299 571
D00 0.0105 115 557 173 600
D00 0.0105 130 349 185 397
D00 0.0105 293 363 532 600
D00 0.0105 48 457 111 521
D00 0.0105 220 290 284 322
D00 0.0104 234 280 311 320
D00 0.0104 145 329 205 360
D00 0.0104 346 300 413 353
D00 0.0104 490 303 600 405
D00 0.0103 91 572 163 600
D00 0.0103 168 355 196 401
D00 0.0103 502 371 567 406
D00 0.0103 48 361 161 413
D00 0.0102 305 277 356 297
D00 0.0102 100 397 174 479
D00 0.0102 264 348 372 539
D00 0.0102 102 399 151 452
D00 0.0102 494 348 574 396
D00 0.0101 148 357 180 404
D00 0.0101 208 540 234 589
D00 0.0100 160 323 206 389
D00 0.0100 9 526 47 567
D00 0.0100 122 382 182 445
D10 0.0411 253 320 323 339
D10 0.0349 245 312 313 335
D10 0.0315 227 313 336 343
D10 0.0311 230 320 286 340
D10 0.0208 0 487 74 542
D10 0.0192 394 346 473 371
D10 0.0189 178 341 242 361
D10 0.0184 299 319 361 341
D10 0.0184 371 336 447 364
D10 0.0177 0 498 52 523
D10 0.0171 0 563 46 592
D10 0.0171 0 506 50 533
D10 0.0170 163 335 257 367
D10 0.0164 362 340 478 380
D10 0.0162 342 321 459 365
D10 0.0157 3 574 58 598
D10 0.0154 250 378 303 401
D10 0.0153 0 553 43 581
D10 0.0151 372 330 425 355
D10 0.0151 361 340 422 361
D10 0.0150 0 553 73 598
D10 0.0150 246 329 308 349
D10 0.0149 406 342 500 376
D10 0.0148 155 376 207 401
D10 0.0146 1 514 47 545
D10 0.0146 1 533 42 560
D10 0.0145 190 332 252 353
D10 0.0144 154 385 207 409
D10 0.0144 424 350 482 371
D10 0.0142 379 322 496 367
D10 0.0141 229 329 284 350
D10 0.0141 0 542 42 570
D10 0.0139 415 442 510 481
D10 0.0137 9 394 127 445
D10 0.0135 0 488 51 514
D10 0.0132 270 328 324 349
D10 0.0132 211 313 291 344
D10 0.0131 129 374 213 417
D10 0.0131 213 330 266 351
D10 0.0130 0 441 88 489
D10 0.0128 171 325 266 357
D10 0.0124 241 386 296 408
D10 0.0123 329 339 439 383
D10 0.0123 336 325 509 388
D10 0.0123 227 322 331 355
D10 0.0123 7 523 51 552
D10 0.0120 377 349 440 369
D10 0.0120 46 466 130 514
D10 0.0119 1 410 103 466
D10 0.0118 0 528 65 586
D10 0.0116 0 468 86 524
D10 0.0115 158 462 208 486
D10 0.0115 191 348 248 371
D10 0.0114 215 536 261 561
D10 0.0114 217 497 261 519
D10 0.0114 352 331 411 353
D10 0.0113 434 451 494 473
D10 0.0111 138 385 191 411
D10 0.0109 144 367 235 407
D10 0.0109 16 505 64 534
D10 0.0107 513 558 600 599
D10 0.0107 230 370 325 408
D10 0.0106 7 545 115 596
D10 0.0106 148 454 242 493
D10 0.0106 12 433 111 480
D10 0.0106 212 340 265 361
D10 0.0106 446 443 500 469
D10 0.0105 214 544 261 570
D10 0.0105 301 329 361 350
D10 0.0104 28 475 108 527
D10 0.0104 15 451 106 503
D10 0.0102 549 574 600 599
D10 0.0101 416 340 472 366
D10 0.0101 11 555 64 581
D10 0.0101 551 452 600 475
D10 0.0100 189 489 275 538
D10 0.0100 150 465 216 496
D10 0.0100 407 354 481 381
D20 0.1197 268 288 382 338
D20 0.0876 250 293 336 336
D20 0.0758 295 296 364 333
D20 0.0646 284 291 343 326
D20 0.0521 269 300 328 330
D20 0.0496 282 295 430 349
D20 0.0484 312 294 405 333
D20 0.0474 322 300 373 328
D20 0.0445 302 292 357 321
D20 0.0390 333 289 368 325
D20 0.0350 239 308 325 337
D20 0.0342 0 511 44 597
D20 0.0334 255 282 338 322
D20 0.0324 210 298 355 343
D20 0.0315 290 285 338 309
D20 0.0290 340 301 392 328
D20 0.0268 125 398 540 594
D20 0.0265 305 283 369 314
D20 0.0253 0 396 393 593
D20 0.0247 222 268 375 336
D20 0.0245 308 286 350 335
D20 0.0229 342 285 374 337
D20 0.0222 331 309 385 334
D20 0.0222 262 290 310 323
D20 0.0213 293 276 337 343
D20 0.0211 288 308 374 344
D20 0.0210 323 284 362 333
D20 0.0210 325 298 467 357
D20 0.0194 354 293 401 336
D20 0.0165 0 453 222 600
D20 0.0161 374 453 600 600
D20 0.0160 343 301 429 344
D20 0.0160 287 273 421 332
D20 0.0157 235 300 397 366
D20 0.0154 213 340 596 538
D20 0.0152 274 285 321 315
D20 0.0152 57 344 469 539
D20 0.0150 363 302 410 328
D20 0.0139 0 0 408 294
D20 0.0139 302 318 422 362
D20 0.0136 0 371 146 600
D20 0.0136 167 0 600 294
D20 0.0131 452 371 600 600
D20 0.0125 165 303 318 349
D20 0.0125 0 475 73 600
D20 0.0124 0 331 307 533
D20 0.0123 0 118 290 600
D20 0.0122 526 0 600 113
D20 0.0121 0 0 144 215
D20 0.0121 208 312 345 366
D20 0.0119 0 462 50 545
D20 0.0119 125 343 305 418
D20 0.0118 312 118 600 600
D20 0.0117 446 340 600 422
D20 0.0115 310 309 412 347
D20 0.0114 332 284 394 347
D20 0.0114 258 315 367 361
D20 0.0113 0 525 103 600
D20 0.0112 0 0 600 434
D20 0.0110 454 0 600 212
D20 0.0109 0 236 516 600
D20 0.0108 0 497 29 574
D20 0.0108 163 319 311 369
D20 0.0108 316 280 395 320
D20 0.0106 0 549 39 598
D20 0.0105 161 325 341 400
D20 0.0104 0 417 56 571
D20 0.0103 299 275 361 302
D20 0.0101 227 306 290 347
D20 0.0100 174 280 397 350
D20 0.0100 0 0 267 177
D40 0.0156 517 365 600 413
D40 0.0123 550 373 600 424
D40 0.0119 568 387 600 427
D40 0.0112 213 530 244 568
