D00 0.2402 430 147 560 377
D00 0.1973 441 236 568 464
D00 0.1816 456 145 575 297
D00 0.1567 413 112 562 279
D00 0.1497 472 167 588 416
D00 0.1416 12 233 230 452
D00 0.1239 466 150 556 250
D00 0.1192 413 252 535 414
D00 0.1088 365 205 587 442
D00 0.1065 79 267 212 419
D00 0.1038 397 248 479 286
D00 0.1037 399 253 447 283
D00 0.1023 147 253 211 316
D00 0.1014 497 172 550 243
D00 0.0986 452 283 551 420
D00 0.0984 489 144 543 232
D00 0.0978 266 282 314 378
D00 0.0974 53 184 266 400
D00 0.0926 446 103 600 338
D00 0.0902 254 269 327 419
D00 0.0878 230 127 263 165
D00 0.0872 454 141 547 212
D00 0.0862 380 134 471 295
D00 0.0861 67 325 197 461
D00 0.0847 259 296 297 380
D00 0.0835 430 302 600 522
D00 0.0830 126 227 217 403
D00 0.0829 508 356 599 528
D00 0.0813 510 251 590 412
D00 0.0813 378 239 495 383
D00 0.0800 0 328 97 482
D00 0.0799 425 290 503 449
D00 0.0774 381 159 435 216
D00 0.0754 511 177 560 270
D00 0.0752 386 237 444 286
D00 0.0729 483 292 575 440
D00 0.0725 210 113 266 172
D00 0.0725 501 167 592 302
D00 0.0721 267 270 347 365
D00 0.0697 507 318 552 421
D00 0.0693 372 157 530 351
D00 0.0690 65 218 340 456
D00 0.0687 393 244 429 280
D00 0.0684 443 314 482 412
D00 0.0666 457 305 520 379
D00 0.0658 265 305 290 361
D00 0.0653 152 262 201 353
D00 0.0650 536 232 600 389
D00 0.0648 480 172 553 295
D00 0.0642 397 170 433 211
D00 0.0631 279 293 331 396
D00 0.0630 126 342 186 415
D00 0.0625 123 308 216 419
D00 0.0619 266 289 346 458
D00 0.0619 442 124 578 232
D00 0.0609 269 286 384 406
D00 0.0608 519 139 600 362
D00 0.0603 382 195 503 302
D00 0.0592 0 310 137 554
D00 0.0590 375 138 438 262
D00 0.0589 458 262 510 351
D00 0.0575 513 181 545 238
D00 0.0574 448 272 514 397
D00 0.0559 445 290 490 388
D00 0.0553 97 223 215 333
D00 0.0553 221 261 334 373
D00 0.0543 215 157 260 249
D00 0.0543 393 159 449 274
D00 0.0534 134 193 234 350
D00 0.0533 463 412 594 528
D00 0.0533 118 240 261 442
D00 0.0532 25 307 250 497
D00 0.0528 196 94 261 153
D00 0.0523 224 112 255 161
D00 0.0521 403 311 484 440
D00 0.0517 364 221 484 321
D00 0.0514 393 343 571 492
D00 0.0509 294 207 561 354
D00 0.0509 236 292 313 459
D00 0.0502 515 322 591 464
D00 0.0497 422 410 492 441
D00 0.0496 528 425 585 524
D00 0.0495 144 225 217 298
D00 0.0490 6 362 161 474
D00 0.0488 226 121 265 197
D00 0.0486 397 239 441 321
D00 0.0483 104 345 181 470
D00 0.0480 363 242 452 407
D00 0.0479 392 401 531 513
D00 0.0479 158 259 207 298
D00 0.0477 478 312 541 388
D00 0.0477 217 213 531 444
D00 0.0475 452 131 530 186
D00 0.0475 374 102 438 218
D00 0.0474 149 287 206 404
D00 0.0472 496 155 583 247
D00 0.0468 4 362 61 472
D00 0.0467 440 147 525 261
D00 0.0464 330 186 546 290
D00 0.0463 111 260 204 312
D00 0.0461 270 297 298 352
D00 0.0460 298 283 553 472
D00 0.0460 158 249 378 445
D00 0.0453 394 199 438 295
D00 0.0446 188 123 272 256
D00 0.0445 443 317 524 412
D00 0.0445 419 339 541 447
D00 0.0444 378 128 423 208
D00 0.0441 116 357 174 430
D00 0.0437 255 297 334 357
D00 0.0436 123 176 305 321
D00 0.0436 247 275 309 354
D00 0.0435 466 221 562 380
D00 0.0432 370 382 590 533
D00 0.0432 88 340 207 423
D00 0.0431 382 165 421 203
D00 0.0428 544 406 595 515
D00 0.0427 218 135 270 169
D00 0.0426 380 358 522 465
D00 0.0418 344 302 478 438
D00 0.0409 432 262 506 321
D00 0.0409 234 136 260 185
D00 0.0409 451 321 476 380
D00 0.0408 370 61 435 180
D00 0.0408 402 76 537 199
D00 0.0405 198 85 240 121
D00 0.0404 276 300 374 356
D00 0.0401 469 273 525 363
D00 0.0398 162 218 297 418
D00 0.0396 387 171 442 239
D00 0.0393 266 323 314 439
D00 0.0391 196 285 317 404
D00 0.0390 502 165 537 224
D00 0.0389 202 180 521 310
D00 0.0389 376 99 508 265
D00 0.0387 430 363 476 448
D00 0.0386 376 406 484 444
D00 0.0385 74 259 200 352
D00 0.0384 220 102 267 149
D00 0.0383 390 179 425 217
D00 0.0382 389 233 466 351
D00 0.0380 388 276 463 427
D00 0.0379 277 264 409 369
D00 0.0378 389 220 467 288
D00 0.0378 533 288 600 437
D00 0.0378 248 311 291 395
D00 0.0372 25 267 135 318
D00 0.0371 40 357 182 444
D00 0.0370 127 333 219 476
D00 0.0369 325 118 558 398
D00 0.0365 229 100 275 171
D00 0.0365 95 253 309 384
D00 0.0364 224 173 253 233
D00 0.0360 165 266 219 388
D00 0.0360 282 323 331 438
D00 0.0359 262 257 322 340
D00 0.0359 180 79 235 125
D00 0.0357 390 104 425 163
D00 0.0357 364 49 481 171
D00 0.0356 502 97 600 259
D00 0.0356 7 380 80 502
D00 0.0354 142 278 234 435
D00 0.0354 169 245 221 294
D00 0.0352 387 183 428 277
D00 0.0352 218 124 293 168
D00 0.0350 62 293 479 473
D00 0.0348 96 213 402 357
D00 0.0348 210 139 263 205
D00 0.0346 82 242 158 314
D00 0.0344 398 139 445 217
D00 0.0343 377 59 421 138
D00 0.0342 474 143 535 196
D00 0.0340 400 254 495 306
D00 0.0340 119 187 179 257
D00 0.0338 522 188 550 247
D00 0.0337 136 337 209 402
D00 0.0336 207 132 259 159
D00 0.0336 138 246 197 298
D00 0.0335 106 292 272 402
D00 0.0333 276 288 329 343
D00 0.0333 171 55 267 134
D00 0.0332 296 308 349 418
D00 0.0329 300 304 433 428
D00 0.0328 229 270 294 386
D00 0.0325 377 164 422 244
D00 0.0323 418 438 575 518
D00 0.0322 394 78 438 161
D00 0.0321 223 123 265 151
D00 0.0321 479 170 543 214
D00 0.0320 334 203 465 301
D00 0.0316 177 122 271 167
D00 0.0316 165 264 197 322
D00 0.0315 108 234 186 305
D00 0.0314 179 237 317 358
D00 0.0313 0 333 35 424
D00 0.0313 461 170 511 250
D00 0.0311 2 396 113 478
D00 0.0310 261 312 316 353
D00 0.0310 338 280 435 379
D00 0.0310 423 322 470 410
D00 0.0308 267 315 350 370
D00 0.0308 432 386 506 444
D00 0.0307 558 247 598 323
D00 0.0307 251 324 297 437
D00 0.0306 522 219 588 335
D00 0.0306 150 305 314 457
D00 0.0306 436 329 477 388
D00 0.0305 152 253 253 368
D00 0.0305 494 440 600 560
D00 0.0304 385 121 412 166
D00 0.0304 359 41 444 139
D00 0.0303 398 234 435 271
D00 0.0303 171 178 254 248
D00 0.0300 114 281 205 374
D00 0.0299 489 327 540 423
D00 0.0299 391 92 482 208
D00 0.0299 402 134 470 234
D00 0.0298 389 321 515 407
D00 0.0298 456 230 505 304
D00 0.0298 168 250 223 331
D00 0.0298 490 197 552 255
D00 0.0296 0 277 76 428
D00 0.0296 190 95 284 184
D00 0.0295 416 157 497 279
D00 0.0294 215 121 248 167
D00 0.0294 412 269 474 392
D00 0.0294 501 294 550 382
D00 0.0292 458 68 559 220
D00 0.0291 408 162 439 208
D00 0.0290 470 335 561 430
D00 0.0289 545 363 595 478
D00 0.0289 258 320 312 391
D00 0.0289 422 454 485 516
D00 0.0288 271 333 388 456
D00 0.0288 463 316 499 393
D00 0.0287 62 382 175 476
D00 0.0287 503 185 543 217
D00 0.0286 480 210 525 305
D00 0.0285 533 215 600 295
D00 0.0285 277 310 413 379
D00 0.0285 146 344 204 446
D00 0.0284 534 454 580 512
D00 0.0283 152 256 209 281
D00 0.0282 389 458 530 523
D00 0.0281 89 303 198 391
D00 0.0280 254 294 501 422
D00 0.0280 218 134 279 237
D00 0.0280 305 276 378 384
D00 0.0279 251 345 334 481
D00 0.0278 380 215 425 290
D00 0.0276 346 245 440 340
D00 0.0276 374 248 431 316
D00 0.0276 484 146 579 207
D00 0.0275 352 160 438 292
D00 0.0274 508 464 589 523
D00 0.0273 405 180 441 216
D00 0.0272 289 285 483 378
D00 0.0272 451 151 503 232
D00 0.0272 459 359 600 585
D00 0.0271 381 85 416 151
D00 0.0270 0 186 154 374
D00 0.0270 275 227 336 352
D00 0.0269 374 372 484 504
D00 0.0269 295 256 348 350
D00 0.0267 81 183 178 312
D00 0.0266 398 262 515 349
D00 0.0266 318 253 542 387
D00 0.0266 227 149 261 215
D00 0.0265 208 107 253 139
D00 0.0264 120 272 200 332
D00 0.0263 184 162 261 226
D00 0.0262 140 357 168 415
D00 0.0262 159 190 252 305
D00 0.0262 256 313 283 369
D00 0.0261 156 254 244 300
D00 0.0260 398 112 433 174
D00 0.0260 496 235 572 360
D00 0.0260 341 147 458 250
D00 0.0260 107 179 167 241
D00 0.0260 482 446 581 512
D00 0.0259 431 108 529 218
D00 0.0259 381 254 432 365
D00 0.0259 88 264 157 336
D00 0.0259 121 378 193 457
D00 0.0258 284 232 450 458
D00 0.0257 415 380 500 493
D00 0.0255 468 183 526 240
D00 0.0254 476 315 510 395
D00 0.0254 162 294 201 372
D00 0.0253 239 114 268 160
D00 0.0253 299 249 485 338
D00 0.0252 386 121 443 189
D00 0.0252 47 346 181 530
D00 0.0251 387 415 450 440
D00 0.0251 234 309 282 415
D00 0.0251 221 175 285 248
D00 0.0251 235 243 402 402
D00 0.0251 430 246 492 293
D00 0.0250 265 375 352 461
D00 0.0250 392 143 421 194
D00 0.0249 172 276 246 406
D00 0.0249 180 278 285 379
D00 0.0249 92 344 181 400
D00 0.0249 175 326 387 510
D00 0.0248 381 65 453 147
D00 0.0248 219 112 267 134
D00 0.0247 434 400 473 438
D00 0.0246 385 74 412 125
D00 0.0246 519 401 590 479
D00 0.0245 267 308 309 340
D00 0.0245 90 370 259 461
D00 0.0245 308 310 376 442
D00 0.0245 108 208 173 271
D00 0.0244 194 59 244 138
D00 0.0244 0 380 38 475
D00 0.0244 234 308 311 360
D00 0.0243 255 329 498 503
D00 0.0243 471 375 568 501
D00 0.0243 506 410 574 511
D00 0.0242 143 265 192 306
D00 0.0241 403 167 455 213
D00 0.0241 384 172 414 221
D00 0.0241 0 312 44 394
D00 0.0241 168 283 195 342
D00 0.0240 367 412 437 444
D00 0.0239 85 371 185 431
D00 0.0239 173 225 238 288
D00 0.0237 403 102 430 154
D00 0.0237 543 457 599 522
D00 0.0236 360 74 413 161
D00 0.0236 367 42 411 118
D00 0.0235 400 180 432 254
D00 0.0235 299 310 366 374
D00 0.0235 290 139 474 277
D00 0.0234 202 102 244 163
D00 0.0234 49 290 164 436
D00 0.0233 366 309 497 385
D00 0.0233 372 75 407 136
D00 0.0232 412 350 463 449
D00 0.0230 330 288 399 407
D00 0.0230 540 163 597 279
D00 0.0230 444 107 515 174
D00 0.0230 556 350 599 441
D00 0.0228 177 147 345 372
D00 0.0228 227 186 265 245
D00 0.0227 355 376 472 454
D00 0.0226 394 92 421 146
D00 0.0226 109 360 230 439
D00 0.0225 101 77 247 134
D00 0.0225 285 267 324 333
D00 0.0224 206 81 260 125
D00 0.0224 211 172 255 211
D00 0.0224 410 394 469 440
D00 0.0223 197 182 270 241
D00 0.0222 367 112 415 158
D00 0.0222 373 300 419 380
D00 0.0222 196 130 255 173
D00 0.0221 283 399 344 455
D00 0.0220 362 140 415 223
D00 0.0220 112 376 160 472
D00 0.0220 227 400 540 529
D00 0.0219 178 232 446 333
D00 0.0219 434 472 474 512
D00 0.0218 441 139 502 187
D00 0.0218 0 412 64 491
D00 0.0218 96 219 161 284
D00 0.0217 387 240 414 281
D00 0.0217 207 337 451 442
D00 0.0216 327 312 398 371
D00 0.0216 15 107 207 341
D00 0.0216 504 356 570 432
D00 0.0216 262 327 292 371
D00 0.0216 365 172 429 210
D00 0.0215 386 162 428 189
D00 0.0215 476 192 514 256
D00 0.0214 279 282 309 337
D00 0.0214 388 267 445 334
D00 0.0212 311 317 355 394
D00 0.0212 76 353 368 490
D00 0.0211 214 183 249 239
D00 0.0211 375 155 412 212
D00 0.0211 48 245 142 304
D00 0.0210 299 347 348 449
D00 0.0210 381 34 551 242
D00 0.0210 243 220 311 345
D00 0.0208 289 284 397 341
D00 0.0208 170 199 280 344
D00 0.0208 428 209 526 338
D00 0.0208 406 104 443 163
D00 0.0208 225 149 264 175
D00 0.0207 398 421 485 520
D00 0.0207 469 156 519 228
D00 0.0206 192 75 231 111
D00 0.0206 335 350 447 444
D00 0.0206 252 318 295 346
D00 0.0205 2 341 27 400
D00 0.0205 373 207 463 266
D00 0.0204 462 139 510 203
D00 0.0204 569 248 598 302
D00 0.0204 174 264 219 304
D00 0.0204 164 328 220 429
D00 0.0204 253 286 289 353
D00 0.0203 391 34 516 158
D00 0.0203 0 278 44 367
D00 0.0202 144 322 203 382
D00 0.0202 204 56 286 123
D00 0.0202 184 100 245 141
D00 0.0201 308 303 418 355
D00 0.0201 234 133 288 160
D00 0.0201 306 200 434 394
D00 0.0201 403 97 470 157
D00 0.0201 318 327 462 401
D00 0.0201 376 389 445 446
D00 0.0200 432 177 496 242
D00 0.0199 131 367 160 424
D00 0.0198 444 336 467 398
D00 0.0198 227 266 425 553
D00 0.0198 85 391 184 451
D00 0.0197 392 254 426 326
D00 0.0197 180 240 230 309
D00 0.0196 385 65 429 117
D00 0.0196 4 254 104 386
D00 0.0195 435 416 518 446
D00 0.0195 363 259 413 362
D00 0.0195 271 231 388 346
D00 0.0194 360 244 432 274
D00 0.0194 458 361 506 453
D00 0.0193 209 155 308 244
D00 0.0193 373 127 409 161
D00 0.0192 228 378 323 461
D00 0.0192 91 224 142 303
D00 0.0192 363 187 415 274
D00 0.0191 389 136 424 169
D00 0.0190 240 296 288 372
D00 0.0190 184 312 282 412
D00 0.0190 467 319 529 364
D00 0.0190 222 310 372 418
D00 0.0189 376 314 433 424
D00 0.0189 350 315 423 439
D00 0.0189 43 277 124 350
D00 0.0189 565 325 600 413
D00 0.0188 233 108 273 139
D00 0.0187 350 19 415 126
D00 0.0187 417 161 487 220
D00 0.0186 429 481 493 518
D00 0.0186 217 90 284 142
D00 0.0186 136 350 177 391
D00 0.0185 460 2 600 274
D00 0.0185 376 103 403 150
D00 0.0185 173 313 210 386
D00 0.0185 376 65 403 116
D00 0.0184 458 313 487 374
D00 0.0183 518 123 580 229
D00 0.0183 356 33 400 106
D00 0.0182 434 82 600 190
D00 0.0182 516 338 543 404
D00 0.0182 373 27 465 119
D00 0.0182 180 213 220 278
D00 0.0182 370 118 414 190
D00 0.0181 452 466 577 521
D00 0.0180 565 382 600 466
D00 0.0180 522 289 574 380
D00 0.0180 406 420 472 442
D00 0.0179 137 62 242 120
D00 0.0179 367 326 430 387
D00 0.0179 272 299 320 328
D00 0.0178 220 142 407 275
D00 0.0178 5 269 69 338
D00 0.0177 542 335 594 421
D00 0.0177 410 124 458 208
D00 0.0177 510 189 570 232
D00 0.0177 280 453 540 552
D00 0.0176 564 268 600 384
D00 0.0176 346 40 391 85
D00 0.0176 410 90 506 168
D00 0.0176 264 326 306 354
D00 0.0176 375 256 438 289
D00 0.0175 396 215 420 272
D00 0.0175 224 336 289 457
D00 0.0175 170 75 289 243
D00 0.0175 450 335 494 440
D00 0.0174 88 402 219 471
D00 0.0174 404 317 501 371
D00 0.0174 53 305 122 381
D00 0.0174 449 320 508 364
D00 0.0174 563 204 600 306
D00 0.0174 25 389 90 461
D00 0.0173 131 195 160 248
D00 0.0173 307 283 355 361
D00 0.0172 482 325 520 410
D00 0.0172 520 462 592 585
D00 0.0172 154 240 216 276
D00 0.0172 363 66 399 129
D00 0.0172 3 152 98 298
D00 0.0172 260 415 359 461
D00 0.0172 290 263 337 315
D00 0.0172 430 131 490 176
D00 0.0172 399 188 432 225
D00 0.0171 28 386 143 575
D00 0.0171 7 427 94 483
D00 0.0171 441 157 495 208
D00 0.0171 436 53 518 183
D00 0.0171 443 445 495 522
D00 0.0171 382 148 418 182
D00 0.0170 316 390 472 480
D00 0.0170 343 248 451 291
D00 0.0170 432 266 485 363
D00 0.0170 353 156 438 199
D00 0.0170 266 387 393 479
D00 0.0170 410 121 462 167
D00 0.0169 394 285 437 377
D00 0.0169 230 247 286 346
D00 0.0169 0 204 90 343
D00 0.0169 320 325 382 387
D00 0.0169 121 343 193 381
D00 0.0168 135 295 208 352
D00 0.0168 561 423 600 525
D00 0.0168 267 331 301 402
D00 0.0168 156 355 228 465
D00 0.0167 402 84 430 135
D00 0.0166 122 186 151 235
D00 0.0166 407 256 460 340
D00 0.0166 368 271 429 332
D00 0.0165 403 216 428 273
D00 0.0165 190 187 235 250
D00 0.0165 452 191 500 245
D00 0.0165 355 296 404 368
D00 0.0164 142 357 197 413
D00 0.0164 419 111 496 199
D00 0.0164 513 348 561 412
D00 0.0164 209 294 263 395
D00 0.0164 226 84 266 133
D00 0.0164 401 218 451 270
D00 0.0164 193 106 310 220
D00 0.0163 334 241 402 353
D00 0.0163 518 440 594 496
D00 0.0162 394 350 442 450
D00 0.0161 506 199 584 260
D00 0.0161 432 133 484 212
D00 0.0161 414 332 497 388
D00 0.0161 157 279 202 306
D00 0.0160 201 145 262 179
D00 0.0160 392 52 438 127
D00 0.0160 203 123 427 403
D00 0.0160 396 148 432 183
D00 0.0160 398 430 592 600
D00 0.0159 433 380 460 437
D00 0.0159 404 183 463 253
D00 0.0158 280 264 373 324
D00 0.0158 509 347 536 411
D00 0.0158 342 57 430 112
D00 0.0158 382 349 482 421
D00 0.0158 420 463 596 547
D00 0.0157 0 314 50 452
D00 0.0157 385 56 412 107
D00 0.0157 265 283 291 340
D00 0.0156 534 256 591 318
D00 0.0155 0 414 35 500
D00 0.0155 153 284 225 342
D00 0.0155 138 356 193 383
D00 0.0155 407 194 442 266
D00 0.0154 174 234 209 287
D00 0.0154 96 284 173 357
D00 0.0154 270 86 498 340
D00 0.0154 169 174 255 209
D00 0.0154 293 286 332 325
D00 0.0153 48 374 416 545
D00 0.0153 360 183 436 231
D00 0.0153 254 295 311 335
D00 0.0153 107 311 167 394
D00 0.0153 449 266 489 340
D00 0.0153 164 368 308 465
D00 0.0153 521 168 563 238
D00 0.0152 430 308 468 381
D00 0.0152 502 171 558 212
D00 0.0152 475 266 518 332
D00 0.0152 92 350 224 532
D00 0.0152 6 360 257 587
D00 0.0152 210 317 305 372
D00 0.0152 185 15 279 142
D00 0.0152 161 273 224 311
D00 0.0151 209 166 281 219
D00 0.0151 3 369 81 434
D00 0.0151 482 365 553 465
D00 0.0151 39 364 119 466
D00 0.0151 207 409 342 467
D00 0.0151 64 344 145 455
D00 0.0151 545 471 586 513
D00 0.0150 360 52 396 88
D00 0.0150 163 343 215 392
D00 0.0150 441 410 508 506
D00 0.0149 286 296 319 348
D00 0.0149 97 295 308 576
D00 0.0149 149 40 259 211
D00 0.0149 21 404 195 487
D00 0.0149 524 201 569 274
D00 0.0149 496 210 541 280
D00 0.0148 467 176 498 230
D00 0.0148 295 307 348 357
D00 0.0148 401 263 465 296
D00 0.0147 403 336 452 417
D00 0.0147 203 260 263 362
D00 0.0147 485 112 567 186
D00 0.0147 309 378 426 455
D00 0.0147 215 140 249 186
D00 0.0146 460 261 503 312
D00 0.0146 459 246 489 295
D00 0.0146 303 274 340 337
D00 0.0146 87 111 220 233
D00 0.0146 203 283 306 339
D00 0.0145 407 44 468 142
D00 0.0145 418 150 471 200
D00 0.0145 470 336 513 435
D00 0.0145 211 457 445 558
D00 0.0145 378 239 428 262
D00 0.0145 509 365 546 434
D00 0.0145 275 312 307 365
D00 0.0145 319 235 421 317
D00 0.0145 85 241 147 278
D00 0.0145 500 177 543 205
D00 0.0144 448 169 485 232
D00 0.0144 546 294 600 372
D00 0.0144 513 149 555 230
D00 0.0144 448 395 528 450
D00 0.0144 264 396 318 474
D00 0.0143 315 254 369 346
D00 0.0143 282 305 323 370
D00 0.0143 269 333 349 389
D00 0.0143 218 139 295 182
D00 0.0143 16 286 107 340
D00 0.0143 512 204 553 233
D00 0.0142 199 182 250 220
D00 0.0142 0 333 66 411
D00 0.0142 329 333 400 450
D00 0.0142 320 331 362 417
D00 0.0142 65 323 136 398
D00 0.0142 514 316 542 374
D00 0.0142 491 160 548 203
D00 0.0141 44 321 111 400
D00 0.0141 430 410 497 465
D00 0.0141 294 409 332 446
D00 0.0141 193 36 270 109
D00 0.0141 177 336 248 452
D00 0.0141 2 315 27 374
D00 0.0140 395 190 420 246
D00 0.0140 376 47 402 97
D00 0.0140 93 257 175 297
D00 0.0140 186 258 227 295
D00 0.0140 176 94 230 167
D00 0.0139 420 486 473 514
D00 0.0139 274 290 321 318
D00 0.0139 571 265 598 323
D00 0.0138 341 44 395 124
D00 0.0138 273 274 300 329
D00 0.0138 400 278 433 342
D00 0.0137 133 318 181 390
D00 0.0137 468 121 514 179
D00 0.0137 243 117 281 168
D00 0.0137 280 196 472 267
D00 0.0137 215 195 257 226
D00 0.0136 557 278 594 352
D00 0.0136 182 215 254 268
D00 0.0136 2 367 27 430
D00 0.0136 1 407 29 466
D00 0.0136 529 480 590 519
D00 0.0136 473 98 525 186
D00 0.0135 242 324 278 389
D00 0.0135 236 138 297 231
D00 0.0135 461 184 489 237
D00 0.0135 207 75 247 108
D00 0.0135 498 280 538 356
D00 0.0134 414 175 452 240
D00 0.0134 185 258 232 339
D00 0.0134 557 481 594 520
D00 0.0134 488 219 517 276
D00 0.0133 403 254 432 306
D00 0.0133 234 124 288 148
D00 0.0133 360 81 420 117
D00 0.0133 378 43 439 104
D00 0.0133 102 256 144 326
D00 0.0132 332 368 465 536
D00 0.0132 235 166 272 241
D00 0.0132 3 251 49 323
D00 0.0132 459 167 489 219
D00 0.0132 253 403 368 504
D00 0.0132 106 367 169 410
D00 0.0132 504 322 535 382
D00 0.0132 529 383 600 446
D00 0.0132 76 127 181 266
D00 0.0131 175 136 257 190
D00 0.0131 115 337 162 408
D00 0.0131 217 155 270 189
D00 0.0131 340 40 428 93
D00 0.0131 459 427 529 520
D00 0.0131 144 281 200 323
D00 0.0130 242 475 340 562
D00 0.0130 361 300 458 355
D00 0.0130 357 9 446 97
D00 0.0130 446 335 485 368
D00 0.0129 410 141 438 194
D00 0.0129 25 133 160 241
D00 0.0129 157 319 260 376
D00 0.0129 509 306 561 366
D00 0.0129 188 356 362 451
D00 0.0129 497 434 580 483
D00 0.0128 139 363 189 394
D00 0.0128 369 253 424 278
D00 0.0128 271 405 325 452
D00 0.0128 32 354 83 443
D00 0.0128 151 304 223 361
D00 0.0128 264 340 289 394
D00 0.0128 0 300 69 373
D00 0.0128 79 398 153 470
D00 0.0128 458 336 485 397
D00 0.0128 574 389 597 445
D00 0.0127 196 204 264 286
D00 0.0127 157 71 225 130
D00 0.0127 295 345 331 413
D00 0.0126 148 387 203 472
D00 0.0126 442 463 483 505
D00 0.0126 491 242 529 310
D00 0.0126 120 386 168 442
D00 0.0125 202 155 249 213
D00 0.0125 123 376 180 417
D00 0.0125 0 399 87 569
D00 0.0125 356 31 383 79
D00 0.0124 475 256 506 301
D00 0.0124 471 490 597 599
D00 0.0124 393 322 440 396
D00 0.0124 367 93 394 138
D00 0.0124 445 230 484 296
D00 0.0124 509 164 600 223
D00 0.0123 466 312 507 356
D00 0.0123 142 393 247 470
D00 0.0123 414 266 481 317
D00 0.0122 331 317 369 378
D00 0.0122 361 132 437 174
D00 0.0122 206 394 359 532
D00 0.0122 18 159 123 252
D00 0.0122 369 385 449 485
D00 0.0122 192 127 235 161
D00 0.0122 518 68 588 195
D00 0.0121 134 259 184 323
D00 0.0121 185 253 271 329
D00 0.0121 201 112 304 160
D00 0.0121 388 318 425 383
D00 0.0121 25 226 112 297
D00 0.0121 370 187 419 214
D00 0.0121 0 269 31 339
D00 0.0121 410 94 439 146
D00 0.0120 68 294 143 368
D00 0.0120 529 248 571 327
D00 0.0120 324 302 360 365
D00 0.0120 541 430 595 484
D00 0.0120 347 286 413 347
D00 0.0120 292 303 333 342
D00 0.0120 110 186 148 254
D00 0.0120 305 334 341 403
D00 0.0120 484 43 580 190
D00 0.0119 287 354 322 420
D00 0.0119 172 241 240 272
D00 0.0119 285 242 343 299
D00 0.0119 303 387 379 451
D00 0.0119 411 467 469 513
D00 0.0119 183 417 391 575
D00 0.0118 363 118 399 153
D00 0.0118 197 205 328 300
D00 0.0118 573 350 598 409
D00 0.0118 413 157 452 193
D00 0.0118 222 177 264 203
D00 0.0118 433 467 520 518
D00 0.0118 441 420 536 460
D00 0.0117 156 311 196 352
D00 0.0117 85 198 153 267
D00 0.0117 259 419 449 490
D00 0.0117 294 371 418 542
D00 0.0116 167 122 222 165
D00 0.0116 351 59 388 94
D00 0.0116 139 345 278 418
D00 0.0116 210 329 262 431
D00 0.0116 468 203 503 269
D00 0.0116 387 57 486 108
D00 0.0116 230 492 381 576
D00 0.0116 295 374 331 446
D00 0.0116 468 286 500 348
D00 0.0116 339 130 464 190
D00 0.0115 196 219 222 268
D00 0.0115 240 148 267 195
D00 0.0115 276 344 312 412
D00 0.0115 526 325 567 400
D00 0.0115 341 78 407 132
D00 0.0114 143 357 269 538
D00 0.0114 309 324 378 360
D00 0.0114 229 265 319 322
D00 0.0114 537 270 580 339
D00 0.0113 447 257 489 307
D00 0.0113 250 212 366 313
D00 0.0113 173 295 204 350
D00 0.0113 133 373 175 404
D00 0.0113 326 159 425 236
D00 0.0113 567 467 600 528
D00 0.0113 448 399 494 438
D00 0.0113 340 10 392 94
D00 0.0112 427 123 465 185
D00 0.0112 539 80 600 214
D00 0.0112 500 230 539 300
D00 0.0112 0 234 60 387
D00 0.0112 378 143 404 188
D00 0.0112 105 283 144 355
D00 0.0112 402 286 468 359
D00 0.0112 399 75 448 124
D00 0.0111 328 324 355 375
D00 0.0111 361 24 395 85
D00 0.0111 336 288 387 364
D00 0.0111 71 238 135 290
D00 0.0111 123 363 172 394
D00 0.0111 358 483 569 585
D00 0.0111 344 34 378 73
D00 0.0110 400 33 476 102
D00 0.0110 244 314 282 352
D00 0.0110 338 15 482 234
D00 0.0110 430 295 511 358
D00 0.0110 123 88 212 144
D00 0.0110 188 365 304 545
D00 0.0110 389 416 457 500
D00 0.0110 385 196 429 220
D00 0.0109 102 415 176 483
D00 0.0109 406 372 448 442
D00 0.0109 376 354 422 448
D00 0.0109 175 58 246 110
D00 0.0109 38 428 156 480
D00 0.0109 482 485 584 535
D00 0.0109 461 295 490 359
D00 0.0109 417 51 496 122
D00 0.0109 370 324 407 362
D00 0.0109 127 245 172 309
D00 0.0108 285 324 322 391
D00 0.0108 449 472 490 512
D00 0.0108 519 240 561 313
D00 0.0108 0 525 32 586
D00 0.0108 545 453 585 495
D00 0.0108 117 408 151 475
D00 0.0108 420 112 449 159
D00 0.0108 233 68 298 140
D00 0.0107 529 234 574 296
D00 0.0107 422 422 489 489
D00 0.0107 554 442 600 568
D00 0.0107 397 396 434 448
D00 0.0107 389 62 424 99
D00 0.0107 302 405 355 448
D00 0.0107 508 222 551 287
D00 0.0107 179 286 218 355
D00 0.0106 0 124 110 242
D00 0.0106 193 0 308 110
D00 0.0106 520 279 559 353
D00 0.0106 189 261 241 307
D00 0.0106 218 33 278 89
D00 0.0106 381 290 415 358
D00 0.0106 253 339 286 380
D00 0.0106 468 450 515 530
D00 0.0106 410 343 463 396
D00 0.0105 126 369 212 421
D00 0.0105 289 415 337 465
D00 0.0105 316 210 430 257
D00 0.0104 548 316 589 387
D00 0.0104 338 41 367 81
D00 0.0104 476 360 529 448
D00 0.0104 188 116 242 185
D00 0.0103 12 415 112 513
D00 0.0103 458 147 492 197
D00 0.0103 197 110 227 157
D00 0.0103 470 89 550 168
D00 0.0103 459 408 504 443
D00 0.0103 558 114 600 248
D00 0.0103 34 399 124 454
D00 0.0102 123 203 151 257
D00 0.0102 1 432 27 488
D00 0.0102 522 331 551 393
D00 0.0102 281 376 374 434
D00 0.0102 61 382 162 435
D00 0.0102 305 182 446 247
D00 0.0102 254 410 302 462
D00 0.0102 175 328 239 392
D00 0.0102 377 202 421 256
D00 0.0101 510 250 550 325
D00 0.0101 406 135 442 170
D00 0.0101 392 405 422 446
D00 0.0101 385 191 412 244
D00 0.0101 295 316 334 380
D00 0.0101 281 265 310 319
D00 0.0101 53 76 198 133
D00 0.0101 503 143 534 198
D00 0.0101 510 452 572 495
D00 0.0101 424 168 462 227
D00 0.0101 367 230 420 270
D00 0.0101 513 208 546 265
D00 0.0100 96 25 250 254
D00 0.0100 528 467 572 498
D00 0.0100 138 457 361 558
D00 0.0100 424 119 467 154
D00 0.0100 485 253 515 303
D00 0.0100 466 155 500 210
D00 0.0100 350 265 414 324
D00 0.0100 83 76 221 167
D00 0.0100 538 446 578 485
D00 0.0100 350 332 412 399
D00 0.0100 495 228 525 286
D00 0.0100 200 364 270 466
D00 0.0100 423 402 453 442
D00 0.0100 529 350 584 410
D00 0.0100 447 327 488 357
D10 0.1563 396 238 533 302
D10 0.1373 405 132 545 202
D10 0.1263 384 254 501 292
D10 0.1199 394 241 553 347
D10 0.1168 437 265 513 305
D10 0.1118 449 139 524 174
D10 0.1042 451 273 506 296
D10 0.1010 532 241 600 280
D10 0.0960 402 385 562 449
D10 0.0906 415 121 533 172
D10 0.0897 439 131 515 165
D10 0.0871 437 230 585 309
D10 0.0854 15 243 200 314
D10 0.0837 414 404 579 467
D10 0.0780 410 265 496 288
D10 0.0777 495 223 588 280
D10 0.0766 466 150 529 177
D10 0.0740 400 414 526 455
D10 0.0704 454 260 570 311
D10 0.0704 389 397 509 440
D10 0.0703 459 142 535 196
D10 0.0686 12 266 131 307
D10 0.0645 450 394 578 444
D10 0.0620 461 280 511 303
D10 0.0619 368 396 533 474
D10 0.0611 405 367 574 487
D10 0.0604 12 365 205 478
D10 0.0588 23 327 227 450
D10 0.0584 454 271 529 322
D10 0.0566 98 243 205 299
D10 0.0559 434 222 555 283
D10 0.0532 348 376 520 454
D10 0.0531 427 133 494 157
D10 0.0525 408 233 483 260
D10 0.0514 396 262 477 284
D10 0.0500 470 308 540 366
D10 0.0493 430 236 487 253
D10 0.0492 384 223 505 290
D10 0.0490 481 188 550 232
D10 0.0482 355 331 574 451
D10 0.0472 394 241 478 280
D10 0.0466 558 251 600 282
D10 0.0464 540 254 600 293
D10 0.0460 407 281 578 434
D10 0.0459 475 199 573 266
D10 0.0440 46 259 138 298
D10 0.0437 504 231 600 307
D10 0.0420 467 269 535 303
D10 0.0420 450 262 571 353
D10 0.0412 367 408 575 517
D10 0.0410 397 410 480 441
D10 0.0404 419 120 499 154
D10 0.0403 406 252 512 320
D10 0.0384 475 413 583 462
D10 0.0382 410 372 521 437
D10 0.0377 469 264 520 292
D10 0.0367 472 171 543 213
D10 0.0362 508 247 582 283
D10 0.0362 423 223 495 253
D10 0.0352 480 242 592 331
D10 0.0352 324 224 545 327
D10 0.0347 535 237 595 265
D10 0.0346 461 158 522 184
D10 0.0345 420 273 521 334
D10 0.0343 123 230 233 309
D10 0.0341 430 141 493 165
D10 0.0336 59 226 196 286
D10 0.0335 477 371 576 434
D10 0.0334 428 254 490 286
D10 0.0332 479 319 532 348
D10 0.0331 8 404 180 510
D10 0.0329 476 281 530 305
D10 0.0327 418 201 542 266
D10 0.0319 382 115 482 168
D10 0.0319 393 421 532 497
D10 0.0317 422 227 513 272
D10 0.0312 445 227 498 249
D10 0.0308 493 313 579 372
D10 0.0308 338 408 491 463
D10 0.0307 46 272 195 335
D10 0.0307 442 150 503 175
D10 0.0305 402 95 514 155
D10 0.0304 435 420 586 499
D10 0.0303 27 273 115 298
D10 0.0300 495 185 543 217
D10 0.0298 469 188 530 214
D10 0.0296 15 390 124 455
D10 0.0296 412 228 470 250
D10 0.0290 494 204 548 234
D10 0.0284 430 244 486 270
D10 0.0276 466 329 559 396
D10 0.0272 72 251 136 288
D10 0.0272 310 391 478 448
D10 0.0272 56 334 187 396
D10 0.0271 469 178 531 204
D10 0.0264 484 207 549 249
D10 0.0264 478 306 543 342
D10 0.0262 230 358 545 489
D10 0.0261 75 314 195 377
D10 0.0260 497 274 583 336
D10 0.0258 19 371 153 434
D10 0.0253 451 220 516 253
D10 0.0253 514 203 598 266
D10 0.0251 442 262 490 293
D10 0.0250 517 380 589 457
D10 0.0249 457 234 507 254
D10 0.0248 19 274 123 333
D10 0.0247 475 166 535 196
D10 0.0246 63 372 290 476
D10 0.0245 475 281 587 370
D10 0.0245 258 315 347 365
D10 0.0244 463 348 564 421
D10 0.0244 366 114 415 137
D10 0.0243 19 409 144 468
D10 0.0242 512 334 596 391
D10 0.0241 512 236 573 262
D10 0.0241 407 181 531 242
D10 0.0241 146 242 250 295
D10 0.0239 409 132 465 156
D10 0.0235 174 112 239 132
D10 0.0234 489 326 537 357
D10 0.0234 488 314 553 353
D10 0.0234 384 131 429 157
D10 0.0233 472 196 527 224
D10 0.0233 34 352 173 414
D10 0.0233 504 244 563 270
D10 0.0230 475 372 600 487
D10 0.0225 525 261 583 286
D10 0.0224 391 205 481 269
D10 0.0221 497 392 600 437
D10 0.0221 0 310 90 362
D10 0.0220 106 266 192 305
D10 0.0220 455 109 574 181
D10 0.0219 376 123 422 152
D10 0.0219 71 292 197 357
D10 0.0218 445 292 534 357
D10 0.0217 473 225 520 249
D10 0.0217 359 446 573 551
D10 0.0216 487 156 536 184
D10 0.0216 568 245 600 272
D10 0.0214 394 344 478 396
D10 0.0214 477 140 543 174
D10 0.0212 470 289 520 316
D10 0.0212 225 113 278 134
D10 0.0211 385 85 428 111
D10 0.0210 555 270 597 297
D10 0.0210 355 291 440 336
D10 0.0210 393 122 439 152
D10 0.0209 393 94 438 120
D10 0.0207 400 237 454 261
D10 0.0206 366 104 414 129
D10 0.0202 453 254 502 284
D10 0.0201 493 176 540 206
D10 0.0201 475 310 525 336
D10 0.0200 135 335 216 388
D10 0.0200 504 253 560 278
D10 0.0198 532 341 593 379
D10 0.0198 367 132 417 158
D10 0.0198 344 232 452 275
D10 0.0197 385 113 430 139
D10 0.0197 488 224 540 250
D10 0.0196 373 301 423 323
D10 0.0196 179 226 304 264
D10 0.0195 376 141 423 162
D10 0.0195 257 401 455 469
D10 0.0192 478 276 547 313
D10 0.0191 489 273 542 297
D10 0.0191 507 339 568 379
D10 0.0190 403 270 474 293
D10 0.0190 274 328 330 353
D10 0.0190 250 418 504 517
D10 0.0190 418 274 500 309
D10 0.0189 520 346 572 372
D10 0.0188 354 57 401 83
D10 0.0187 456 212 534 262
D10 0.0187 474 205 524 235
D10 0.0187 376 93 420 122
D10 0.0185 441 243 512 349
D10 0.0185 436 154 505 190
D10 0.0184 495 217 562 258
D10 0.0184 385 103 429 129
D10 0.0183 467 133 523 161
D10 0.0183 206 87 258 115
D10 0.0181 335 326 420 371
D10 0.0181 452 124 508 150
D10 0.0181 531 264 594 304
D10 0.0181 410 356 463 382
D10 0.0180 503 214 551 242
D10 0.0179 484 257 550 294
D10 0.0178 472 294 535 334
D10 0.0177 22 314 161 374
D10 0.0176 385 76 429 102
D10 0.0176 487 132 583 186
D10 0.0176 447 164 514 201
D10 0.0176 316 303 407 348
D10 0.0175 498 310 550 334
D10 0.0175 278 219 475 287
D10 0.0174 43 237 140 290
D10 0.0173 410 110 484 146
D10 0.0173 123 295 202 352
D10 0.0173 23 292 143 355
D10 0.0170 134 384 338 458
D10 0.0170 223 102 299 131
D10 0.0169 358 374 470 435
D10 0.0169 399 86 449 110
D10 0.0169 283 319 339 346
D10 0.0168 346 49 391 77
D10 0.0168 286 324 356 358
D10 0.0168 195 141 256 165
D10 0.0167 209 78 260 98
D10 0.0167 519 296 598 354
D10 0.0167 10 152 197 272
D10 0.0166 452 179 503 205
D10 0.0166 345 298 415 329
D10 0.0166 367 85 413 111
D10 0.0165 165 138 248 167
D10 0.0165 495 234 549 261
D10 0.0165 402 113 450 141
D10 0.0165 518 408 600 440
D10 0.0164 391 141 437 162
D10 0.0164 502 335 548 364
D10 0.0164 385 288 471 336
D10 0.0164 25 252 119 288
D10 0.0163 275 308 328 338
D10 0.0163 512 257 591 317
D10 0.0163 381 319 481 371
D10 0.0162 14 427 118 482
D10 0.0162 536 293 592 333
D10 0.0161 401 104 449 129
D10 0.0161 393 300 439 325
D10 0.0161 463 215 510 244
D10 0.0160 415 340 477 381
D10 0.0159 384 66 431 92
D10 0.0158 288 400 407 446
D10 0.0158 570 261 600 289
D10 0.0157 286 290 335 319
D10 0.0157 345 65 395 90
D10 0.0157 50 283 135 323
D10 0.0155 195 123 253 149
D10 0.0155 17 331 136 394
D10 0.0155 453 188 502 214
D10 0.0154 153 245 210 269
D10 0.0154 288 282 336 308
D10 0.0154 357 123 410 149
D10 0.0154 529 355 582 383
D10 0.0154 383 58 433 81
D10 0.0153 367 76 412 101
D10 0.0153 276 332 347 368
D10 0.0153 531 337 582 365
D10 0.0153 524 411 600 464
D10 0.0153 400 91 469 124
D10 0.0152 285 300 336 328
D10 0.0152 365 66 411 92
D10 0.0152 296 311 390 358
D10 0.0152 483 233 527 258
D10 0.0152 287 235 356 259
D10 0.0152 480 288 567 345
D10 0.0151 504 262 556 287
D10 0.0150 346 115 403 135
D10 0.0150 502 304 567 341
D10 0.0150 184 133 248 158
D10 0.0148 340 106 428 146
D10 0.0147 358 236 429 265
D10 0.0147 151 356 208 384
D10 0.0146 23 317 98 352
D10 0.0146 365 337 453 385
D10 0.0146 6 321 61 344
D10 0.0145 488 300 540 325
D10 0.0145 144 348 202 375
D10 0.0145 13 349 105 414
D10 0.0144 196 70 271 115
D10 0.0144 409 141 463 164
D10 0.0144 377 50 462 93
D10 0.0143 552 299 594 326
D10 0.0142 512 225 565 252
D10 0.0142 388 74 489 133
D10 0.0142 467 248 528 287
D10 0.0142 423 339 502 397
D10 0.0141 167 134 225 158
D10 0.0141 301 417 437 459
D10 0.0141 385 152 428 175
D10 0.0141 507 345 550 371
D10 0.0140 175 123 237 147
D10 0.0140 440 210 507 248
D10 0.0140 555 280 596 308
D10 0.0139 515 355 561 382
D10 0.0139 508 327 559 356
D10 0.0139 284 304 354 341
D10 0.0139 0 342 75 402
D10 0.0139 456 243 504 267
D10 0.0138 433 355 475 381
D10 0.0138 262 346 347 395
D10 0.0138 526 405 591 430
D10 0.0138 400 348 456 375
D10 0.0138 45 294 121 330
D10 0.0137 141 111 254 158
D10 0.0137 431 175 498 210
D10 0.0137 494 266 559 304
D10 0.0137 0 324 80 382
D10 0.0137 139 409 297 465
D10 0.0136 396 224 462 255
D10 0.0136 288 247 340 266
D10 0.0135 362 337 413 364
D10 0.0135 552 346 595 372
D10 0.0135 488 290 541 317
D10 0.0135 460 366 531 461
D10 0.0135 77 413 309 514
D10 0.0135 496 151 548 174
D10 0.0135 441 88 562 163
D10 0.0135 441 169 494 196
D10 0.0134 520 351 598 416
D10 0.0134 358 94 407 122
D10 0.0134 486 253 533 280
D10 0.0133 208 150 259 175
D10 0.0133 216 81 342 126
D10 0.0133 153 309 197 335
D10 0.0132 139 396 248 448
D10 0.0132 70 196 160 242
D10 0.0132 436 114 494 140
D10 0.0132 406 296 501 355
D10 0.0132 527 222 595 260
D10 0.0132 355 305 420 339
D10 0.0131 443 232 482 262
D10 0.0131 352 329 404 357
D10 0.0131 167 214 340 281
D10 0.0131 177 256 230 279
D10 0.0131 546 284 599 324
D10 0.0131 32 116 232 231
D10 0.0130 115 206 163 230
D10 0.0130 446 238 510 275
D10 0.0130 5 448 182 555
D10 0.0130 5 328 62 354
D10 0.0130 339 101 411 132
D10 0.0129 347 139 422 164
D10 0.0129 367 287 430 322
D10 0.0129 399 58 453 81
D10 0.0128 367 54 430 87
D10 0.0127 509 318 559 345
D10 0.0126 0 265 76 311
D10 0.0126 440 404 498 435
D10 0.0126 342 311 397 334
D10 0.0126 0 394 251 577
D10 0.0125 417 212 483 248
D10 0.0125 304 307 378 340
D10 0.0125 201 400 311 449
D10 0.0125 305 320 359 345
D10 0.0125 220 67 271 90
D10 0.0125 392 136 456 168
D10 0.0124 6 416 86 470
D10 0.0124 349 115 444 163
D10 0.0124 40 279 122 307
D10 0.0124 417 165 489 201
D10 0.0123 173 148 258 178
D10 0.0123 38 307 119 363
D10 0.0122 205 58 284 100
D10 0.0122 175 419 398 519
D10 0.0122 234 227 337 263
D10 0.0122 512 300 563 325
D10 0.0122 412 147 482 181
D10 0.0121 219 74 286 101
D10 0.0121 561 232 600 268
D10 0.0121 545 331 599 371
D10 0.0120 515 357 579 400
D10 0.0120 269 337 317 363
D10 0.0120 270 342 337 378
D10 0.0120 351 136 447 183
D10 0.0120 491 285 559 324
D10 0.0120 504 239 559 292
D10 0.0119 6 284 71 320
D10 0.0119 159 142 214 163
D10 0.0119 267 219 360 252
D10 0.0119 237 343 319 393
D10 0.0119 306 329 359 354
D10 0.0118 430 160 485 186
D10 0.0118 489 243 535 269
D10 0.0118 489 149 573 206
D10 0.0118 279 357 329 381
D10 0.0118 418 100 492 134
D10 0.0118 283 241 362 276
D10 0.0118 279 335 364 385
D10 0.0117 277 237 335 256
D10 0.0116 514 248 569 304
D10 0.0116 392 71 457 106
D10 0.0116 17 224 114 273
D10 0.0116 290 273 336 299
D10 0.0116 512 347 546 391
D10 0.0116 145 311 202 350
D10 0.0115 526 271 578 296
D10 0.0115 364 48 411 74
D10 0.0115 518 285 580 326
D10 0.0115 562 290 600 317
D10 0.0114 159 163 225 187
D10 0.0114 421 364 466 390
D10 0.0114 1 349 38 391
D10 0.0114 232 111 309 136
D10 0.0114 90 207 147 229
D10 0.0113 383 308 430 332
D10 0.0113 344 315 409 353
D10 0.0113 490 408 571 440
D10 0.0113 7 304 79 343
D10 0.0112 425 188 480 212
D10 0.0112 372 333 437 371
D10 0.0112 543 307 587 335
D10 0.0112 258 200 463 263
D10 0.0112 51 206 144 253
D10 0.0111 399 152 446 175
D10 0.0111 294 297 365 332
D10 0.0111 263 356 307 381
D10 0.0110 334 303 389 326
D10 0.0110 150 354 239 399
D10 0.0109 84 212 153 245
D10 0.0109 94 283 175 323
D10 0.0109 354 247 416 268
D10 0.0109 470 299 516 326
D10 0.0109 399 66 452 91
D10 0.0109 501 403 560 429
D10 0.0109 321 56 405 93
D10 0.0109 160 123 214 146
D10 0.0109 524 322 587 363
D10 0.0108 444 344 482 375
D10 0.0108 236 407 329 453
D10 0.0108 159 317 202 343
D10 0.0108 390 405 449 434
D10 0.0108 197 91 350 144
D10 0.0108 376 196 422 221
D10 0.0107 523 308 572 334
D10 0.0107 116 264 181 291
D10 0.0107 544 349 598 389
D10 0.0106 89 351 170 389
D10 0.0106 516 330 555 373
D10 0.0106 384 45 452 77
D10 0.0106 434 348 490 387
D10 0.0106 32 329 91 355
D10 0.0105 395 227 441 248
D10 0.0105 179 246 232 268
D10 0.0105 181 162 250 185
D10 0.0105 42 263 98 296
D10 0.0104 501 281 552 308
D10 0.0104 408 81 482 114
D10 0.0104 347 76 398 99
D10 0.0104 371 329 418 356
D10 0.0104 513 312 577 352
D10 0.0104 106 303 190 340
D10 0.0104 327 66 383 87
D10 0.0103 385 303 446 337
D10 0.0103 0 341 55 380
D10 0.0103 506 275 570 315
D10 0.0103 163 152 226 174
D10 0.0103 441 349 525 408
D10 0.0103 172 408 265 448
D10 0.0102 426 336 473 367
D10 0.0102 286 273 372 320
D10 0.0102 290 231 409 269
D10 0.0102 430 84 516 131
D10 0.0101 424 388 485 429
D10 0.0101 542 394 600 445
D10 0.0101 473 237 530 275
D10 0.0101 498 166 544 194
D10 0.0101 126 279 192 307
D10 0.0101 493 114 587 165
D10 0.0101 496 386 565 427
D10 0.0101 217 83 285 116
D10 0.0101 354 307 435 361
D10 0.0100 333 319 390 347
D10 0.0100 285 228 341 249
D10 0.0100 310 238 369 256
D10 0.0100 452 205 500 234
D20 0.5293 6 143 600 531
D20 0.4537 0 170 313 494
D20 0.3572 12 234 215 463
D20 0.3260 405 126 587 478
D20 0.2898 427 137 567 300
D20 0.2534 263 228 596 532
D20 0.2378 346 119 587 321
D20 0.2199 19 163 261 374
D20 0.2063 337 58 600 573
D20 0.1989 155 125 560 420
D20 0.1790 0 108 536 336
D20 0.1667 118 147 269 271
D20 0.1561 411 137 548 224
D20 0.1550 0 235 396 600
D20 0.1543 450 232 599 507
D20 0.1517 249 101 558 275
D20 0.1473 456 175 597 329
D20 0.1442 0 274 152 512
D20 0.1427 450 285 572 447
D20 0.1360 499 223 598 403
D20 0.1342 386 142 521 294
D20 0.1323 22 321 191 458
D20 0.1286 21 252 184 378
D20 0.1246 66 130 348 312
D20 0.1238 43 209 223 350
D20 0.1213 46 353 589 558
D20 0.1101 451 208 575 395
D20 0.1098 106 184 230 324
D20 0.1060 174 87 256 128
D20 0.1034 393 298 592 476
D20 0.0953 352 297 600 588
D20 0.0952 151 101 274 242
D20 0.0931 73 236 209 398
D20 0.0896 411 166 553 260
D20 0.0888 376 197 558 309
D20 0.0843 0 252 103 451
D20 0.0834 17 0 600 294
D20 0.0832 380 92 523 209
D20 0.0831 0 14 407 442
D20 0.0793 482 115 600 446
D20 0.0762 551 236 600 314
D20 0.0754 165 89 272 148
D20 0.0737 468 165 551 238
D20 0.0734 500 290 594 450
D20 0.0717 0 357 316 573
D20 0.0708 390 240 482 285
D20 0.0704 395 325 537 448
D20 0.0677 378 123 498 245
D20 0.0676 0 48 168 406
D20 0.0667 422 46 600 361
D20 0.0666 102 105 328 256
D20 0.0659 7 364 162 481
D20 0.0657 142 173 315 254
D20 0.0629 60 202 442 387
D20 0.0625 121 202 271 295
D20 0.0619 442 140 527 186
D20 0.0597 110 263 542 449
D20 0.0597 461 145 539 218
D20 0.0562 158 247 504 573
D20 0.0551 0 191 192 600
D20 0.0536 0 206 149 364
D20 0.0529 448 184 572 281
D20 0.0524 179 95 271 189
D20 0.0523 368 65 488 187
D20 0.0506 456 345 595 485
D20 0.0498 179 75 296 138
D20 0.0479 0 314 89 508
D20 0.0473 480 189 551 260
D20 0.0463 523 218 600 333
D20 0.0462 341 385 587 529
D20 0.0456 115 72 271 139
D20 0.0452 529 234 600 289
D20 0.0449 402 429 593 524
D20 0.0441 198 336 586 503
D20 0.0422 386 86 430 167
D20 0.0406 392 127 488 199
D20 0.0404 127 145 479 273
D20 0.0401 187 143 274 254
D20 0.0397 417 133 511 176
D20 0.0396 417 242 498 296
D20 0.0391 416 364 536 511
D20 0.0390 68 179 163 217
D20 0.0387 451 248 516 305
D20 0.0387 145 122 267 198
D20 0.0383 39 299 196 393
D20 0.0381 469 176 523 255
D20 0.0374 221 415 600 567
D20 0.0372 468 266 523 351
D20 0.0371 144 70 541 224
D20 0.0353 99 444 560 600
D20 0.0352 321 352 508 446
D20 0.0345 147 164 254 206
D20 0.0341 477 286 535 373
D20 0.0338 461 280 575 373
D20 0.0333 153 195 247 249
D20 0.0329 383 105 458 180
D20 0.0323 553 259 599 346
D20 0.0317 485 201 537 288
D20 0.0316 450 132 508 210
D20 0.0315 362 18 566 282
D20 0.0313 201 83 256 146
D20 0.0309 84 77 289 214
D20 0.0308 290 34 546 366
D20 0.0304 445 159 511 226
D20 0.0303 16 317 149 411
D20 0.0301 61 2 285 371
D20 0.0301 370 75 426 139
D20 0.0296 428 148 513 198
D20 0.0292 468 254 536 322
D20 0.0292 239 118 497 225
D20 0.0288 0 397 181 600
D20 0.0287 184 61 275 119
D20 0.0280 368 113 448 160
D20 0.0280 158 102 243 138
D20 0.0279 53 119 240 271
D20 0.0278 178 112 267 159
D20 0.0278 403 218 462 298
D20 0.0273 393 122 484 166
D20 0.0268 419 398 600 600
D20 0.0266 495 210 570 280
D20 0.0265 467 231 528 304
D20 0.0265 479 317 586 410
D20 0.0262 340 166 503 266
D20 0.0262 152 178 248 229
D20 0.0260 545 234 600 408
D20 0.0257 502 282 551 375
D20 0.0252 140 161 206 212
D20 0.0252 0 452 310 600
D20 0.0244 394 161 486 207
D20 0.0244 338 63 451 169
D20 0.0243 360 97 422 157
D20 0.0241 436 224 488 303
D20 0.0236 97 187 175 234
D20 0.0233 127 173 182 254
D20 0.0231 479 271 547 345
D20 0.0230 571 229 600 302
D20 0.0227 541 280 592 368
D20 0.0224 554 326 599 413
D20 0.0221 176 50 346 125
D20 0.0220 485 285 600 589
D20 0.0215 507 240 577 313
D20 0.0215 439 121 500 188
D20 0.0214 133 104 263 168
D20 0.0213 435 185 517 237
D20 0.0213 163 133 269 172
D20 0.0212 493 244 544 331
D20 0.0209 197 96 308 143
D20 0.0208 419 109 499 164
D20 0.0206 518 325 572 414
D20 0.0199 14 280 129 372
D20 0.0196 489 230 553 301
D20 0.0194 170 181 280 313
D20 0.0193 443 202 527 253
D20 0.0191 178 152 264 197
D20 0.0187 461 205 506 300
D20 0.0187 322 449 565 550
D20 0.0185 532 262 586 344
D20 0.0177 0 301 61 462
D20 0.0177 395 105 483 152
D20 0.0176 514 272 564 360
D20 0.0175 114 99 224 253
D20 0.0175 455 0 600 241
D20 0.0175 8 338 114 429
D20 0.0173 177 137 325 230
D20 0.0172 176 88 231 153
D20 0.0170 148 84 379 184
D20 0.0167 320 143 484 221
D20 0.0167 255 65 448 132
D20 0.0167 532 308 584 393
D20 0.0166 332 44 486 136
D20 0.0166 158 172 221 255
D20 0.0165 368 110 429 143
D20 0.0164 318 98 480 177
D20 0.0164 330 48 409 89
D20 0.0163 195 34 293 149
D20 0.0161 149 77 231 125
D20 0.0159 497 186 600 288
D20 0.0159 545 310 600 475
D20 0.0159 149 161 219 192
D20 0.0158 216 475 514 593
D20 0.0157 415 203 470 280
D20 0.0156 379 93 454 145
D20 0.0154 422 116 473 192
D20 0.0152 338 125 434 163
D20 0.0152 342 67 499 269
D20 0.0151 155 143 257 184
D20 0.0150 384 142 462 192
D20 0.0147 563 296 600 382
D20 0.0147 206 61 316 112
D20 0.0146 162 116 233 170
D20 0.0142 225 49 432 111
D20 0.0141 347 34 391 101
D20 0.0141 349 66 428 115
D20 0.0141 325 59 419 139
D20 0.0141 22 36 399 244
D20 0.0140 140 33 319 197
D20 0.0136 0 0 151 244
D20 0.0135 511 351 597 410
D20 0.0134 151 442 433 569
D20 0.0134 3 291 57 381
D20 0.0133 127 31 501 174
D20 0.0133 0 408 108 516
D20 0.0133 196 31 385 101
D20 0.0131 451 196 496 276
D20 0.0130 360 89 420 127
D20 0.0130 371 131 443 177
D20 0.0129 219 12 402 83
D20 0.0129 177 494 398 586
D20 0.0128 426 209 493 268
D20 0.0126 284 176 468 251
D20 0.0126 103 168 155 229
D20 0.0125 576 255 600 295
D20 0.0125 143 229 325 319
D20 0.0123 0 304 103 388
D20 0.0122 197 167 298 282
D20 0.0121 246 0 600 234
D20 0.0120 309 88 442 148
D20 0.0120 379 0 600 142
D20 0.0118 124 155 190 205
D20 0.0117 0 120 137 321
D20 0.0114 497 268 578 326
D20 0.0113 279 37 416 94
D20 0.0111 310 32 504 204
D20 0.0108 0 247 78 375
D20 0.0106 159 152 219 219
D20 0.0106 75 277 140 359
D20 0.0105 295 60 407 107
D20 0.0104 218 75 391 127
D20 0.0101 121 159 170 224
D40 0.1624 110 162 252 291
D40 0.1193 20 246 191 350
D40 0.1018 128 192 226 279
D40 0.0969 133 180 248 251
D40 0.0919 19 210 173 312
D40 0.0914 193 205 282 246
D40 0.0889 193 93 245 125
D40 0.0875 133 213 216 263
D40 0.0866 65 182 225 304
D40 0.0839 85 170 226 237
D40 0.0803 21 249 152 302
D40 0.0749 211 216 268 243
D40 0.0683 115 222 192 273
D40 0.0681 207 103 260 126
D40 0.0677 14 268 106 306
D40 0.0670 164 167 278 258
D40 0.0629 170 103 230 127
D40 0.0622 101 178 196 262
D40 0.0614 116 215 211 298
D40 0.0606 9 233 123 322
D40 0.0596 130 195 202 249
D40 0.0554 159 201 308 254
D40 0.0536 143 225 202 251
D40 0.0535 5 224 76 269
D40 0.0526 70 228 214 333
D40 0.0516 396 148 514 204
D40 0.0490 22 226 143 288
D40 0.0489 387 140 458 217
D40 0.0485 201 89 264 142
D40 0.0483 16 176 186 276
D40 0.0483 143 224 254 274
D40 0.0473 3 176 123 302
D40 0.0472 106 153 247 221
D40 0.0467 135 219 178 258
D40 0.0465 95 174 175 216
D40 0.0459 161 214 260 257
D40 0.0450 65 249 140 319
D40 0.0449 378 161 447 210
D40 0.0449 9 375 84 464
D40 0.0447 392 168 434 200
D40 0.0442 469 307 538 365
D40 0.0440 139 214 191 246
D40 0.0438 351 435 514 516
D40 0.0433 10 218 97 295
D40 0.0433 213 193 264 243
D40 0.0432 109 179 162 206
D40 0.0427 223 224 285 246
D40 0.0424 225 100 265 131
D40 0.0423 148 96 236 132
D40 0.0414 157 204 223 254
D40 0.0406 199 224 264 248
D40 0.0404 206 179 288 250
D40 0.0391 403 171 441 211
D40 0.0390 184 186 261 249
D40 0.0383 137 171 192 195
D40 0.0376 15 234 66 260
D40 0.0373 24 272 167 334
D40 0.0372 112 168 200 207
D40 0.0372 17 274 81 299
D40 0.0368 394 153 485 238
D40 0.0367 385 134 485 187
D40 0.0361 130 206 184 288
D40 0.0355 233 212 276 244
D40 0.0350 170 225 227 251
D40 0.0349 143 206 200 235
D40 0.0348 80 264 146 337
D40 0.0342 79 183 156 214
D40 0.0342 379 412 550 507
D40 0.0336 10 257 124 373
D40 0.0331 337 57 387 81
D40 0.0330 148 228 195 265
D40 0.0329 120 235 175 259
D40 0.0326 116 182 156 219
D40 0.0325 118 173 173 196
D40 0.0314 97 242 189 297
D40 0.0311 134 202 177 240
D40 0.0309 120 172 187 235
D40 0.0308 199 210 244 246
D40 0.0308 150 186 210 241
D40 0.0307 133 239 198 275
D40 0.0299 218 210 332 247
D40 0.0289 164 213 228 278
D40 0.0286 143 169 220 216
D40 0.0286 457 276 523 337
D40 0.0285 51 186 177 239
D40 0.0283 80 194 181 282
D40 0.0280 126 178 182 204
D40 0.0278 166 99 207 130
D40 0.0277 391 192 487 278
D40 0.0276 220 163 257 201
D40 0.0276 152 234 211 257
D40 0.0273 70 188 127 213
D40 0.0269 145 177 200 203
D40 0.0268 204 206 258 237
D40 0.0263 374 451 487 508
D40 0.0263 137 198 191 223
D40 0.0263 208 97 294 136
D40 0.0262 392 176 469 220
D40 0.0262 22 204 135 265
D40 0.0262 53 180 130 222
D40 0.0260 168 228 215 264
D40 0.0260 183 85 233 117
D40 0.0259 165 213 199 263
D40 0.0259 224 203 255 246
D40 0.0257 212 112 260 135
D40 0.0255 57 285 140 342
D40 0.0251 16 276 108 326
D40 0.0251 397 165 462 203
D40 0.0246 116 193 177 228
D40 0.0245 63 142 204 250
D40 0.0243 154 143 240 246
D40 0.0240 414 420 502 496
D40 0.0237 130 182 195 220
D40 0.0236 483 316 532 355
D40 0.0235 186 107 257 137
D40 0.0235 160 112 217 133
D40 0.0235 479 200 534 254
D40 0.0233 130 243 183 267
D40 0.0232 2 238 77 308
D40 0.0231 123 250 192 287
D40 0.0229 97 177 140 209
D40 0.0229 463 239 529 357
D40 0.0226 7 337 92 431
D40 0.0217 329 49 379 77
D40 0.0211 403 158 441 195
D40 0.0210 100 238 171 274
D40 0.0207 25 379 136 460
D40 0.0207 11 242 61 266
D40 0.0205 190 158 261 209
D40 0.0205 465 287 542 347
D40 0.0204 321 48 402 86
D40 0.0204 294 420 493 494
D40 0.0203 63 196 113 223
D40 0.0203 140 210 321 280
D40 0.0202 121 209 181 250
D40 0.0202 42 282 167 372
D40 0.0202 476 306 522 345
D40 0.0201 185 212 217 260
D40 0.0197 80 249 143 287
D40 0.0197 484 217 523 256
D40 0.0196 22 226 74 254
D40 0.0196 375 431 487 488
D40 0.0194 184 182 366 249
D40 0.0194 11 251 87 343
D40 0.0194 12 249 77 285
D40 0.0193 186 196 234 268
D40 0.0192 7 266 73 322
D40 0.0191 184 92 219 129
D40 0.0191 101 173 155 199
D40 0.0190 546 410 600 477
D40 0.0189 405 187 455 212
D40 0.0189 42 155 182 216
D40 0.0189 21 187 131 241
D40 0.0187 468 283 511 325
D40 0.0186 34 164 149 251
D40 0.0185 440 198 516 304
D40 0.0185 569 415 599 455
D40 0.0181 477 208 515 248
D40 0.0181 156 171 224 195
D40 0.0180 497 321 538 365
D40 0.0180 164 87 241 156
D40 0.0180 88 211 163 315
D40 0.0179 148 164 200 189
D40 0.0178 92 170 157 258
D40 0.0178 163 196 199 247
D40 0.0177 146 233 180 288
D40 0.0176 130 187 159 238
D40 0.0176 6 230 46 265
D40 0.0176 159 241 207 277
D40 0.0176 487 218 538 275
D40 0.0175 152 187 209 212
D40 0.0174 527 286 588 364
D40 0.0171 303 455 490 523
D40 0.0171 157 175 244 208
D40 0.0170 424 392 489 478
D40 0.0169 190 163 314 240
D40 0.0169 131 223 162 273
D40 0.0168 400 206 483 254
D40 0.0167 8 263 74 295
D40 0.0167 7 303 100 392
D40 0.0167 68 192 147 223
D40 0.0164 210 155 261 190
D40 0.0164 115 231 158 266
D40 0.0163 203 223 288 256
D40 0.0163 28 214 85 261
D40 0.0162 85 264 160 306
D40 0.0162 408 186 495 234
D40 0.0162 354 469 472 515
D40 0.0161 231 105 293 128
D40 0.0159 11 178 87 257
D40 0.0159 56 187 106 232
D40 0.0159 196 203 226 252
D40 0.0157 412 179 468 206
D40 0.0156 138 127 236 200
D40 0.0153 63 175 154 295
D40 0.0152 241 218 309 244
D40 0.0151 223 200 273 256
D40 0.0151 406 218 462 267
D40 0.0151 237 192 314 248
D40 0.0151 444 420 546 496
D40 0.0151 189 227 226 262
D40 0.0151 466 190 505 231
D40 0.0150 111 166 161 228
D40 0.0149 350 185 432 230
D40 0.0149 94 282 136 323
D40 0.0149 130 165 183 188
D40 0.0148 24 237 71 272
D40 0.0146 464 271 499 317
D40 0.0145 473 287 508 348
D40 0.0145 133 104 222 140
D40 0.0145 157 165 189 206
D40 0.0144 12 280 66 308
D40 0.0144 177 201 226 241
D40 0.0143 194 170 255 195
D40 0.0143 441 367 509 458
D40 0.0143 180 229 257 260
D40 0.0142 161 191 240 230
D40 0.0142 458 199 519 240
D40 0.0142 447 412 547 453
D40 0.0142 77 177 117 210
D40 0.0141 19 210 64 265
D40 0.0141 218 233 276 255
D40 0.0141 2 210 52 279
D40 0.0138 234 91 274 128
D40 0.0138 258 197 346 245
D40 0.0137 546 303 600 379
D40 0.0137 334 453 453 503
D40 0.0137 347 47 375 86
D40 0.0136 101 196 154 221
D40 0.0136 439 392 541 444
D40 0.0136 67 167 157 208
D40 0.0136 34 196 100 257
D40 0.0135 421 224 465 255
D40 0.0135 223 160 263 185
D40 0.0135 234 207 379 253
D40 0.0133 500 298 551 357
D40 0.0131 486 378 556 444
D40 0.0129 171 74 226 133
D40 0.0127 75 268 133 301
D40 0.0126 472 402 570 447
D40 0.0125 251 498 323 542
D40 0.0125 137 178 170 228
D40 0.0125 563 430 600 458
D40 0.0124 485 295 528 335
D40 0.0123 78 293 149 368
D40 0.0123 553 332 597 391
D40 0.0123 159 197 220 223
D40 0.0123 481 279 515 336
D40 0.0123 459 390 530 483
D40 0.0122 402 190 462 224
D40 0.0122 155 177 190 229
D40 0.0120 552 400 599 452
D40 0.0120 414 170 469 197
D40 0.0120 240 173 333 210
D40 0.0119 60 206 113 230
D40 0.0118 573 341 598 400
D40 0.0118 475 423 565 466
D40 0.0117 388 435 457 514
D40 0.0116 408 157 479 192
D40 0.0116 142 104 238 171
D40 0.0115 84 293 135 332
D40 0.0115 405 223 443 258
D40 0.0115 416 418 494 459
D40 0.0113 366 406 454 464
D40 0.0113 148 170 181 216
D40 0.0112 27 323 106 382
D40 0.0111 49 178 118 277
D40 0.0111 0 532 52 592
D40 0.0110 533 277 585 334
D40 0.0110 359 412 461 528
D40 0.0110 214 160 299 205
D40 0.0110 140 168 169 208
D40 0.0109 254 507 305 533
D40 0.0107 331 434 455 484
D40 0.0107 351 465 511 539
D40 0.0107 288 42 389 80
D40 0.0107 157 107 195 137
D40 0.0107 162 170 198 216
D40 0.0105 386 193 466 246
D40 0.0105 512 287 564 345
D40 0.0105 230 185 448 248
D40 0.0104 97 158 180 199
D40 0.0104 41 274 98 309
D40 0.0104 417 217 467 244
D40 0.0103 130 169 159 210
D40 0.0103 255 223 334 249
D40 0.0103 411 201 473 238
D40 0.0102 430 200 496 238
D40 0.0102 0 546 32 585
D40 0.0102 392 148 453 181
D40 0.0101 222 89 323 128
D40 0.0101 483 264 514 312
D40 0.0101 5 342 34 401
D40 0.0100 561 419 594 471
D40 0.0100 572 323 598 380
D40 0.0100 373 191 410 225
D40 0.0100 571 427 598 479
D40 0.0100 0 414 32 457
