D00 0.1044 562 565 597 599
D00 0.0894 517 557 600 599
D00 0.0733 557 539 600 600
D00 0.0440 553 580 599 600
D00 0.0408 531 460 600 600
D00 0.0387 483 543 600 597
D00 0.0375 397 476 434 571
D00 0.0360 576 557 600 598
D00 0.0352 527 398 598 432
D00 0.0338 539 517 600 595
D00 0.0318 436 384 511 414
D00 0.0309 483 410 598 593
D00 0.0304 405 501 429 560
D00 0.0280 409 494 439 565
D00 0.0278 502 391 600 480
D00 0.0268 435 394 495 420
D00 0.0267 427 388 485 412
D00 0.0260 515 412 600 459
D00 0.0257 444 375 481 408
D00 0.0256 491 571 575 599
D00 0.0252 533 393 581 423
D00 0.0249 449 391 526 422
D00 0.0225 437 393 574 577
D00 0.0224 538 566 586 598
D00 0.0221 346 573 398 598
D00 0.0221 387 449 448 576
D00 0.0218 510 428 578 460
D00 0.0216 423 366 489 418
D00 0.0216 550 554 593 590
D00 0.0206 290 362 359 397
D00 0.0206 278 351 338 409
D00 0.0206 510 393 581 446
D00 0.0204 367 416 441 588
D00 0.0204 347 559 446 598
D00 0.0201 225 530 269 600
D00 0.0200 443 379 469 420
D00 0.0199 226 570 268 599
D00 0.0196 564 481 600 589
D00 0.0195 527 394 600 555
D00 0.0195 564 554 600 584
D00 0.0192 482 575 548 597
D00 0.0190 541 405 597 502
D00 0.0186 437 398 510 431
D00 0.0185 388 460 425 546
D00 0.0183 513 430 600 475
D00 0.0183 438 364 472 398
D00 0.0181 274 365 317 414
D00 0.0180 546 400 600 448
D00 0.0179 295 357 353 385
D00 0.0177 368 383 389 430
D00 0.0176 388 504 443 566
D00 0.0175 450 395 550 435
D00 0.0172 519 418 563 454
D00 0.0171 247 350 373 419
D00 0.0170 515 404 574 427
D00 0.0168 544 454 600 508
D00 0.0167 264 371 306 460
D00 0.0165 379 405 417 484
D00 0.0164 552 392 599 425
D00 0.0164 462 368 600 504
D00 0.0163 286 361 324 400
D00 0.0163 358 564 383 600
D00 0.0162 396 491 421 553
D00 0.0160 272 343 379 396
D00 0.0160 387 552 459 599
D00 0.0160 547 444 596 556
D00 0.0159 567 398 600 434
D00 0.0158 449 384 478 425
D00 0.0158 282 372 307 422
D00 0.0158 564 402 600 485
D00 0.0155 388 431 426 517
D00 0.0152 428 359 479 380
D00 0.0152 396 422 443 542
D00 0.0152 229 345 347 456
D00 0.0151 380 374 463 544
D00 0.0151 286 357 397 411
D00 0.0150 425 390 471 422
D00 0.0150 309 367 369 392
D00 0.0150 370 393 406 476
D00 0.0149 396 572 454 598
D00 0.0148 392 421 481 580
D00 0.0148 378 486 430 580
D00 0.0148 281 375 330 402
D00 0.0146 354 565 410 593
D00 0.0146 459 403 519 429
D00 0.0146 474 415 575 456
D00 0.0146 220 560 258 597
D00 0.0145 342 363 380 396
D00 0.0145 549 420 600 470
D00 0.0145 357 367 383 413
D00 0.0145 557 466 596 499
D00 0.0142 524 428 585 526
D00 0.0141 396 475 419 531
D00 0.0141 468 380 529 417
D00 0.0140 333 357 384 381
D00 0.0140 295 347 369 378
D00 0.0139 502 424 569 478
D00 0.0139 386 420 409 472
D00 0.0139 512 359 597 420
D00 0.0138 327 567 419 600
D00 0.0138 304 372 373 403
D00 0.0137 551 439 600 488
D00 0.0137 487 493 600 583
D00 0.0136 347 366 375 412
D00 0.0135 265 352 309 425
D00 0.0135 405 475 427 532
D00 0.0134 294 375 352 400
D00 0.0134 413 523 438 568
D00 0.0133 398 530 434 565
D00 0.0133 367 367 390 413
D00 0.0133 383 428 411 498
D00 0.0133 328 360 388 418
D00 0.0133 377 392 399 439
D00 0.0132 363 390 519 594
D00 0.0131 378 418 399 471
D00 0.0131 443 369 499 431
D00 0.0131 243 571 286 600
D00 0.0131 183 386 299 570
D00 0.0131 350 538 393 600
D00 0.0130 205 518 252 600
D00 0.0130 366 573 431 597
D00 0.0129 294 476 330 559
D00 0.0129 526 407 571 445
D00 0.0129 224 458 311 600
D00 0.0129 388 530 455 580
D00 0.0128 573 408 599 461
D00 0.0128 533 412 594 438
D00 0.0128 476 556 556 600
D00 0.0128 342 350 392 372
D00 0.0127 403 565 461 590
D00 0.0127 18 507 102 554
D00 0.0127 411 356 479 407
D00 0.0127 379 451 417 530
D00 0.0125 347 375 391 421
D00 0.0125 391 414 423 478
D00 0.0124 408 465 462 567
D00 0.0124 369 400 390 449
D00 0.0124 251 363 325 439
D00 0.0124 439 366 506 398
D00 0.0124 359 383 382 429
D00 0.0124 228 550 297 600
D00 0.0123 475 419 597 493
D00 0.0123 291 350 343 375
D00 0.0123 53 460 182 579
D00 0.0123 514 441 571 465
D00 0.0122 573 429 599 480
D00 0.0122 527 423 588 450
D00 0.0122 334 376 383 400
D00 0.0121 189 363 439 590
D00 0.0121 457 376 504 407
D00 0.0121 269 379 303 416
D00 0.0120 0 515 82 560
D00 0.0119 20 483 151 552
D00 0.0119 209 326 302 459
D00 0.0118 568 455 600 491
D00 0.0118 44 504 110 539
D00 0.0117 322 574 384 598
D00 0.0117 296 351 330 395
D00 0.0117 500 582 561 600
D00 0.0117 418 350 468 375
D00 0.0117 273 372 376 427
D00 0.0116 231 381 304 459
D00 0.0116 523 560 576 593
D00 0.0116 478 401 566 431
D00 0.0116 144 420 266 587
D00 0.0116 427 375 469 407
D00 0.0115 361 377 397 451
D00 0.0115 355 454 423 579
D00 0.0115 382 394 413 458
D00 0.0115 403 377 542 540
D00 0.0114 197 475 275 600
D00 0.0114 367 386 412 429
D00 0.0114 407 570 478 600
D00 0.0114 549 474 588 507
D00 0.0113 273 379 314 434
D00 0.0113 511 383 575 418
D00 0.0113 563 424 600 526
D00 0.0113 396 456 418 511
D00 0.0112 376 378 399 421
D00 0.0112 508 399 561 466
D00 0.0112 507 562 554 593
D00 0.0112 204 366 344 507
D00 0.0112 121 371 341 586
D00 0.0112 303 492 324 546
D00 0.0111 255 377 370 574
D00 0.0111 37 511 102 582
D00 0.0111 395 438 418 490
D00 0.0111 338 559 389 599
D00 0.0110 518 475 592 559
D00 0.0110 350 363 411 419
D00 0.0110 281 370 324 458
D00 0.0110 323 350 379 390
D00 0.0109 146 380 328 481
D00 0.0109 234 544 261 598
D00 0.0109 393 561 440 592
D00 0.0109 455 379 509 442
D00 0.0109 0 523 45 571
D00 0.0108 502 514 575 592
D00 0.0107 110 441 204 591
D00 0.0107 416 506 449 565
D00 0.0107 352 352 387 407
D00 0.0107 372 376 437 497
D00 0.0107 285 492 323 582
D00 0.0107 536 469 597 523
D00 0.0107 352 358 403 380
D00 0.0106 301 346 418 392
D00 0.0106 348 372 426 537
D00 0.0106 381 406 440 469
D00 0.0106 516 421 546 464
D00 0.0105 371 390 434 443
D00 0.0105 282 386 306 446
D00 0.0105 287 371 340 420
D00 0.0104 126 573 177 598
D00 0.0104 52 499 143 543
D00 0.0104 253 390 297 474
D00 0.0104 465 392 499 433
D00 0.0104 215 368 291 445
D00 0.0103 387 456 409 511
D00 0.0103 395 514 424 563
D00 0.0102 6 525 56 552
D00 0.0101 297 378 414 574
D00 0.0101 332 379 369 416
D00 0.0101 273 387 299 446
D00 0.0101 188 517 236 600
D00 0.0100 401 518 464 571
D00 0.0100 356 387 405 410
D00 0.0100 241 557 271 600
D00 0.0100 0 498 116 574
D00 0.0100 400 450 431 517
D10 0.0635 507 554 598 586
D10 0.0620 377 547 440 567
D10 0.0578 411 378 590 428
D10 0.0504 365 539 448 573
D10 0.0499 461 544 600 596
D10 0.0496 524 394 599 422
D10 0.0489 370 553 446 580
D10 0.0441 525 564 597 592
D10 0.0378 498 558 570 580
D10 0.0377 491 563 579 594
D10 0.0350 443 366 586 413
D10 0.0339 441 384 519 414
D10 0.0331 511 397 578 417
D10 0.0330 522 389 582 413
D10 0.0324 382 537 436 562
D10 0.0319 217 575 277 598
D10 0.0302 484 386 577 413
D10 0.0295 339 531 444 582
D10 0.0294 414 522 593 586
D10 0.0292 383 530 496 577
D10 0.0291 501 544 585 576
D10 0.0291 503 528 596 590
D10 0.0288 478 391 585 425
D10 0.0287 350 549 458 592
D10 0.0265 554 555 594 584
D10 0.0264 429 394 573 440
D10 0.0252 409 550 554 591
D10 0.0248 211 549 316 597
D10 0.0245 541 471 595 495
D10 0.0244 465 388 532 410
D10 0.0239 542 403 597 429
D10 0.0229 378 561 452 593
D10 0.0227 368 542 515 594
D10 0.0226 412 395 481 420
D10 0.0220 213 564 266 595
D10 0.0214 443 379 501 404
D10 0.0204 543 387 597 414
D10 0.0203 474 554 557 583
D10 0.0195 542 478 593 504
D10 0.0194 513 463 600 502
D10 0.0192 395 399 480 429
D10 0.0189 402 557 461 577
D10 0.0188 324 515 489 587
D10 0.0187 464 395 531 418
D10 0.0187 403 547 460 567
D10 0.0186 540 545 592 572
D10 0.0185 482 397 560 417
D10 0.0183 481 567 549 591
D10 0.0181 475 488 547 517
D10 0.0180 402 388 475 412
D10 0.0175 421 540 526 574
D10 0.0172 214 568 306 600
D10 0.0172 541 462 595 487
D10 0.0169 457 561 559 596
D10 0.0168 324 414 382 435
D10 0.0167 463 539 566 579
D10 0.0167 325 406 380 429
D10 0.0165 354 557 413 581
D10 0.0162 436 485 536 521
D10 0.0161 458 377 538 407
D10 0.0158 359 565 423 592
D10 0.0158 235 565 290 594
D10 0.0158 354 548 417 568
D10 0.0157 480 503 588 571
D10 0.0157 299 561 406 598
D10 0.0157 414 544 493 570
D10 0.0155 378 507 467 567
D10 0.0154 382 396 444 420
D10 0.0152 417 378 476 403
D10 0.0149 203 521 292 593
D10 0.0149 490 547 556 570
D10 0.0149 464 491 524 514
D10 0.0147 401 498 561 572
D10 0.0147 424 403 487 427
D10 0.0147 446 463 589 530
D10 0.0146 479 483 583 519
D10 0.0145 390 531 456 564
D10 0.0141 287 538 466 600
D10 0.0138 221 391 309 450
D10 0.0137 241 576 302 599
D10 0.0136 489 494 569 523
D10 0.0135 474 497 530 519
D10 0.0135 322 566 384 592
D10 0.0133 224 374 316 433
D10 0.0132 423 534 505 564
D10 0.0131 248 551 364 596
D10 0.0131 418 491 515 532
D10 0.0129 395 549 487 586
D10 0.0129 233 382 300 415
D10 0.0129 306 405 405 441
D10 0.0129 381 388 444 411
D10 0.0128 93 502 156 535
D10 0.0127 418 487 495 516
D10 0.0127 542 487 591 513
D10 0.0126 384 404 441 427
D10 0.0125 344 506 437 568
D10 0.0124 497 490 562 513
D10 0.0124 520 441 581 465
D10 0.0123 190 533 376 600
D10 0.0122 458 487 578 543
D10 0.0121 270 489 320 514
D10 0.0121 438 547 509 567
D10 0.0120 516 363 600 413
D10 0.0119 261 432 306 456
D10 0.0119 418 368 473 391
D10 0.0119 222 391 289 425
D10 0.0119 163 521 267 592
D10 0.0119 490 472 593 510
D10 0.0118 531 446 599 482
D10 0.0118 386 525 432 556
D10 0.0117 466 404 531 428
D10 0.0117 108 499 157 524
D10 0.0116 304 556 386 585
D10 0.0116 534 432 594 458
D10 0.0116 347 535 430 566
D10 0.0116 456 408 528 439
D10 0.0115 442 528 541 569
D10 0.0115 260 480 313 505
D10 0.0114 472 441 595 512
D10 0.0113 484 379 554 402
D10 0.0113 297 531 410 584
D10 0.0112 224 554 271 582
D10 0.0112 166 573 247 600
D10 0.0112 406 473 506 512
D10 0.0111 521 532 594 568
D10 0.0111 280 481 326 506
D10 0.0111 36 465 171 531
D10 0.0110 392 409 468 438
D10 0.0109 442 553 526 580
D10 0.0108 520 489 580 513
D10 0.0108 213 396 263 421
D10 0.0108 456 479 531 509
D10 0.0108 186 361 327 455
D10 0.0107 289 489 334 513
D10 0.0106 505 457 582 489
D10 0.0106 564 544 600 569
D10 0.0106 401 452 455 476
D10 0.0106 243 427 304 462
D10 0.0105 499 376 577 407
D10 0.0105 493 532 572 568
D10 0.0105 196 377 285 437
D10 0.0104 403 457 474 488
D10 0.0104 151 576 214 598
D10 0.0104 509 471 574 493
D10 0.0103 554 535 597 559
D10 0.0101 409 467 483 497
D10 0.0101 447 412 503 435
D10 0.0101 528 502 600 569
D10 0.0101 471 547 534 569
D10 0.0100 101 499 188 544
D10 0.0100 414 536 471 561
D10 0.0100 236 525 329 589
D10 0.0100 484 481 538 506
D10 0.0100 549 441 597 467
D10 0.0100 508 481 574 504
D10 0.0100 542 497 591 521
D10 0.0100 531 379 586 404
D20 0.0621 430 379 600 430
D20 0.0509 385 389 492 425
D20 0.0491 462 389 600 450
D20 0.0447 519 391 600 427
D20 0.0433 415 363 583 418
D20 0.0420 442 513 600 596
D20 0.0400 325 411 600 598
D20 0.0390 368 373 536 435
D20 0.0328 499 565 600 600
D20 0.0315 386 366 507 413
D20 0.0313 180 548 287 597
D20 0.0311 565 522 600 600
D20 0.0310 429 386 519 426
D20 0.0309 400 387 564 443
D20 0.0295 211 572 285 600
D20 0.0276 368 489 583 590
D20 0.0266 126 398 560 588
D20 0.0258 367 383 467 418
D20 0.0252 410 393 599 477
D20 0.0251 126 530 300 600
D20 0.0243 502 397 585 439
D20 0.0229 424 470 600 570
D20 0.0225 435 373 526 412
D20 0.0222 489 453 600 598
D20 0.0219 529 386 600 454
D20 0.0219 316 358 503 422
D20 0.0215 353 373 591 501
D20 0.0212 351 558 450 596
D20 0.0207 59 491 269 591
D20 0.0206 288 351 375 392
D20 0.0205 393 396 468 420
D20 0.0194 425 392 586 562
D20 0.0189 189 492 304 600
D20 0.0185 477 340 600 436
D20 0.0184 365 458 447 593
D20 0.0182 492 542 590 594
D20 0.0180 216 542 264 600
D20 0.0177 471 414 600 538
D20 0.0173 329 381 502 456
D20 0.0173 7 460 317 600
D20 0.0172 261 349 421 421
D20 0.0170 417 380 479 419
D20 0.0169 396 380 529 489
D20 0.0169 424 338 573 405
D20 0.0167 371 397 462 434
D20 0.0167 393 458 530 572
D20 0.0165 502 372 600 480
D20 0.0163 206 393 295 451
D20 0.0161 252 476 560 597
D20 0.0160 346 364 470 411
D20 0.0159 304 351 585 451
D20 0.0159 192 377 301 489
D20 0.0158 274 365 460 437
D20 0.0155 0 397 404 584
D20 0.0154 456 397 564 436
D20 0.0150 0 0 408 294
D20 0.0149 140 476 412 600
D20 0.0149 543 514 594 600
D20 0.0148 373 510 466 586
D20 0.0148 167 0 600 294
D20 0.0147 370 544 447 590
D20 0.0142 379 506 439 566
D20 0.0142 391 361 482 399
D20 0.0141 388 388 456 411
D20 0.0139 397 375 479 406
D20 0.0139 363 337 531 408
D20 0.0136 0 118 290 600
D20 0.0136 394 433 577 528
D20 0.0135 329 379 447 427
D20 0.0135 222 335 599 543
D20 0.0134 466 373 574 409
D20 0.0132 147 475 275 600
D20 0.0132 391 523 441 587
D20 0.0131 383 389 439 426
D20 0.0130 213 529 314 600
D20 0.0130 25 524 239 600
D20 0.0128 326 525 552 600
D20 0.0128 382 353 477 385
D20 0.0128 195 411 277 458
D20 0.0128 389 480 481 600
D20 0.0127 142 409 324 592
D20 0.0127 312 118 600 600
D20 0.0125 462 415 569 455
D20 0.0124 302 343 388 381
D20 0.0123 502 379 583 423
D20 0.0122 0 0 600 434
D20 0.0121 0 236 516 600
D20 0.0120 139 562 261 600
D20 0.0120 227 386 312 547
D20 0.0120 200 581 263 600
D20 0.0120 119 546 240 596
D20 0.0120 452 315 600 600
D20 0.0118 455 0 600 221
D20 0.0117 391 376 486 539
D20 0.0117 387 404 477 443
D20 0.0115 545 376 600 523
D20 0.0115 562 380 600 449
D20 0.0115 0 0 145 219
D20 0.0110 407 346 518 396
D20 0.0110 194 529 248 600
D20 0.0110 253 402 296 484
D20 0.0109 222 392 272 468
D20 0.0109 326 489 489 581
D20 0.0109 205 371 362 467
D20 0.0109 413 510 545 585
D20 0.0108 288 339 478 404
D20 0.0107 471 521 570 586
D20 0.0107 374 377 452 405
D20 0.0106 376 366 475 481
D20 0.0105 242 353 326 507
D20 0.0105 208 406 414 593
D20 0.0105 0 410 179 600
D20 0.0104 227 576 268 600
D20 0.0104 170 407 293 535
D20 0.0103 168 526 385 600
D20 0.0102 227 368 503 499
D20 0.0101 308 503 445 598
D20 0.0101 552 398 600 476
D20 0.0101 441 454 559 547
D40 0.0340 12 534 149 599
D40 0.0295 2 563 43 593
D40 0.0265 0 555 67 597
D40 0.0256 61 555 152 597
D40 0.0235 29 502 190 598
D40 0.0224 3 573 54 598
D40 0.0189 181 555 269 600
D40 0.0185 187 410 283 465
D40 0.0183 192 575 256 598
D40 0.0180 65 521 165 588
D40 0.0177 0 462 293 599
D40 0.0175 2 554 42 582
D40 0.0171 69 564 128 592
D40 0.0165 144 399 295 479
D40 0.0162 38 511 130 591
D40 0.0158 198 423 246 449
D40 0.0158 82 545 189 595
D40 0.0157 216 429 294 476
D40 0.0156 81 545 134 593
D40 0.0154 232 432 280 457
D40 0.0148 234 440 280 467
D40 0.0148 58 574 121 597
D40 0.0143 6 522 104 586
D40 0.0140 195 432 245 457
D40 0.0139 73 485 235 584
D40 0.0139 44 561 120 595
D40 0.0137 0 548 35 600
D40 0.0133 109 507 159 531
D40 0.0130 202 427 271 460
D40 0.0129 72 555 126 582
D40 0.0128 248 426 284 463
D40 0.0127 171 415 251 458
D40 0.0126 86 573 147 597
D40 0.0126 84 497 160 541
D40 0.0126 121 416 278 502
D40 0.0126 37 470 189 566
D40 0.0126 93 478 214 548
D40 0.0123 201 412 246 442
D40 0.0119 210 559 251 597
D40 0.0117 114 469 269 569
D40 0.0116 149 509 195 534
D40 0.0115 87 504 184 563
D40 0.0113 50 404 285 546
D40 0.0113 216 416 257 453
D40 0.0112 47 502 151 566
D40 0.0112 234 450 281 476
D40 0.0111 97 564 152 593
D40 0.0110 166 428 270 482
D40 0.0107 105 523 207 586
D40 0.0107 223 410 303 462
D40 0.0105 187 564 244 593
D40 0.0104 117 573 168 598
D40 0.0103 0 349 533 600
D40 0.0103 98 433 253 525
D40 0.0103 195 396 253 454
D40 0.0102 119 494 195 573
D40 0.0100 3 539 41 576
