D00 0.1547 62 411 176 535
D00 0.1152 99 418 173 507
D00 0.1117 31 402 159 575
D00 0.0894 118 430 168 483
D00 0.0886 95 351 181 513
D00 0.0828 255 310 277 359
D00 0.0758 88 435 156 543
D00 0.0708 35 351 203 547
D00 0.0587 114 433 160 461
D00 0.0576 249 302 284 373
D00 0.0556 111 375 169 489
D00 0.0524 46 447 190 600
D00 0.0513 27 453 162 535
D00 0.0509 76 457 140 525
D00 0.0490 89 395 214 576
D00 0.0487 81 412 169 472
D00 0.0486 0 446 117 585
D00 0.0474 266 410 303 499
D00 0.0470 125 440 173 500
D00 0.0457 150 328 179 376
D00 0.0423 489 406 600 469
D00 0.0420 251 282 280 354
D00 0.0415 0 460 62 596
D00 0.0414 259 315 287 366
D00 0.0411 528 407 600 569
D00 0.0408 118 435 184 543
D00 0.0406 252 394 325 566
D00 0.0398 248 303 271 352
D00 0.0396 545 429 600 493
D00 0.0396 0 466 41 554
D00 0.0388 248 319 288 347
D00 0.0374 54 376 170 491
D00 0.0363 5 428 103 535
D00 0.0360 118 412 156 474
D00 0.0357 266 420 313 542
D00 0.0355 158 319 186 369
D00 0.0353 0 365 155 521
D00 0.0349 307 303 388 346
D00 0.0341 66 366 291 563
D00 0.0335 179 285 203 328
D00 0.0335 143 315 186 383
D00 0.0320 122 446 167 477
D00 0.0320 84 421 139 513
D00 0.0320 116 305 193 493
D00 0.0316 253 309 296 400
D00 0.0313 477 401 600 516
D00 0.0311 98 432 217 518
D00 0.0308 43 426 159 495
D00 0.0308 0 491 34 581
D00 0.0308 102 388 154 472
D00 0.0308 91 474 141 557
D00 0.0304 105 434 152 512
D00 0.0302 322 310 376 338
D00 0.0301 273 425 297 486
D00 0.0300 130 346 182 475
D00 0.0293 240 272 272 303
D00 0.0291 268 424 347 588
D00 0.0290 243 272 273 344
D00 0.0290 546 456 596 566
D00 0.0289 67 469 163 583
D00 0.0288 243 292 304 422
D00 0.0288 2 456 56 524
D00 0.0288 122 420 205 498
D00 0.0278 250 306 314 364
D00 0.0277 133 328 178 404
D00 0.0277 556 435 597 475
D00 0.0275 95 428 155 484
D00 0.0275 96 452 195 564
D00 0.0275 325 310 408 355
D00 0.0270 254 330 390 584
D00 0.0270 86 454 168 514
D00 0.0269 7 471 84 555
D00 0.0268 249 422 297 540
D00 0.0268 264 300 410 359
D00 0.0267 92 395 237 496
D00 0.0267 0 415 62 544
D00 0.0265 507 426 597 481
D00 0.0264 81 482 136 534
D00 0.0262 2 500 27 558
D00 0.0262 141 336 171 384
D00 0.0260 357 382 381 433
D00 0.0260 115 333 170 455
D00 0.0259 188 285 210 327
D00 0.0258 567 443 599 483
D00 0.0255 282 438 331 558
D00 0.0252 313 302 368 329
D00 0.0251 237 303 313 487
D00 0.0250 129 341 260 540
D00 0.0250 253 325 296 356
D00 0.0247 9 467 106 523
D00 0.0247 80 318 229 500
D00 0.0244 252 327 281 370
D00 0.0244 130 414 184 483
D00 0.0238 278 434 308 509
D00 0.0238 429 367 600 447
D00 0.0236 293 300 428 406
D00 0.0236 92 465 124 519
D00 0.0234 565 436 600 520
D00 0.0233 244 372 301 519
D00 0.0232 348 359 390 442
D00 0.0227 163 298 198 367
D00 0.0226 48 428 128 529
D00 0.0226 169 291 197 337
D00 0.0224 232 329 344 542
D00 0.0224 312 306 356 340
D00 0.0224 532 389 600 494
D00 0.0223 0 523 45 600
D00 0.0223 553 506 596 582
D00 0.0222 316 318 370 345
D00 0.0221 176 358 374 571
D00 0.0218 101 473 131 526
D00 0.0217 519 433 594 519
D00 0.0217 292 502 332 589
D00 0.0215 333 297 384 339
D00 0.0214 135 443 179 482
D00 0.0213 248 320 271 374
D00 0.0210 502 412 580 448
D00 0.0210 253 312 296 339
D00 0.0210 236 273 263 315
D00 0.0209 108 422 151 458
D00 0.0209 339 314 380 350
D00 0.0209 1 474 28 531
D00 0.0207 128 378 161 467
D00 0.0206 231 262 264 295
D00 0.0204 15 402 149 483
D00 0.0204 32 296 155 496
D00 0.0203 518 396 600 452
D00 0.0203 6 507 83 592
D00 0.0203 311 314 448 378
D00 0.0196 240 311 280 397
D00 0.0196 1 518 27 577
D00 0.0195 262 321 313 435
D00 0.0194 24 492 140 595
D00 0.0194 520 466 593 585
D00 0.0191 137 352 170 420
D00 0.0190 127 292 192 404
D00 0.0189 262 406 294 475
D00 0.0187 325 297 377 363
D00 0.0187 349 374 374 428
D00 0.0187 174 289 205 354
D00 0.0185 265 379 304 457
D00 0.0182 240 442 308 575
D00 0.0182 347 307 390 342
D00 0.0181 239 313 281 339
D00 0.0181 1 540 29 595
D00 0.0180 419 377 541 429
D00 0.0180 261 292 286 346
D00 0.0179 566 428 600 464
D00 0.0179 252 274 278 319
D00 0.0178 5 215 225 548
D00 0.0177 265 303 364 343
D00 0.0176 298 361 408 566
D00 0.0175 250 341 294 458
D00 0.0175 104 467 160 547
D00 0.0175 128 342 185 379
D00 0.0175 170 276 197 321
D00 0.0175 7 465 37 521
D00 0.0174 537 500 594 559
D00 0.0173 273 325 429 463
D00 0.0173 217 400 300 559
D00 0.0172 383 353 525 421
D00 0.0171 101 319 185 422
D00 0.0171 5 483 52 537
D00 0.0171 341 304 428 346
D00 0.0171 558 487 594 553
D00 0.0169 428 357 600 568
D00 0.0168 283 485 326 574
D00 0.0167 321 323 384 357
D00 0.0167 134 439 211 572
D00 0.0167 344 334 487 402
D00 0.0167 231 269 282 326
D00 0.0167 219 312 304 356
D00 0.0166 573 453 598 508
D00 0.0165 96 462 136 504
D00 0.0165 153 419 320 575
D00 0.0165 89 361 165 451
D00 0.0164 328 307 404 427
D00 0.0164 341 302 393 328
D00 0.0163 142 429 192 506
D00 0.0163 165 325 193 372
D00 0.0163 477 377 587 439
D00 0.0163 118 428 255 554
D00 0.0163 141 370 199 481
D00 0.0162 539 413 600 466
D00 0.0162 340 319 427 363
D00 0.0161 237 280 304 349
D00 0.0161 331 318 393 376
D00 0.0161 6 380 86 516
D00 0.0161 115 308 174 395
D00 0.0159 278 300 354 330
D00 0.0158 484 441 591 547
D00 0.0158 261 329 287 386
D00 0.0157 358 376 574 479
D00 0.0157 83 457 116 513
D00 0.0156 284 290 400 338
D00 0.0156 149 315 183 354
D00 0.0153 229 304 289 443
D00 0.0153 271 372 337 514
D00 0.0153 62 475 125 524
D00 0.0153 59 484 129 550
D00 0.0152 329 360 376 437
D00 0.0151 348 319 405 346
D00 0.0151 172 262 210 333
D00 0.0151 548 520 585 555
D00 0.0151 334 304 367 346
D00 0.0150 132 362 159 415
D00 0.0149 298 293 364 321
D00 0.0148 0 532 113 600
D00 0.0148 97 381 195 467
D00 0.0148 325 299 462 359
D00 0.0147 157 296 193 330
D00 0.0147 338 392 385 435
D00 0.0147 132 345 161 394
D00 0.0147 11 461 48 505
D00 0.0146 248 475 336 582
D00 0.0146 182 316 306 512
D00 0.0145 273 404 296 455
D00 0.0145 284 293 532 566
D00 0.0145 3 501 52 559
D00 0.0145 0 449 79 507
D00 0.0144 569 463 600 541
D00 0.0144 72 358 142 470
D00 0.0144 228 279 289 382
D00 0.0143 136 416 166 470
D00 0.0143 298 459 351 569
D00 0.0143 564 384 600 466
D00 0.0143 150 293 197 318
D00 0.0142 253 316 329 350
D00 0.0142 241 267 289 290
D00 0.0141 279 414 322 498
D00 0.0141 210 302 361 435
D00 0.0141 266 322 298 375
D00 0.0141 84 500 149 571
D00 0.0140 147 326 197 446
D00 0.0140 179 264 203 313
D00 0.0139 108 347 169 412
D00 0.0139 149 350 176 402
D00 0.0139 102 471 147 512
D00 0.0139 280 418 305 479
D00 0.0136 306 324 389 404
D00 0.0136 228 302 277 349
D00 0.0136 118 372 154 451
D00 0.0136 219 272 335 370
D00 0.0135 133 277 187 362
D00 0.0135 342 336 518 456
D00 0.0135 292 317 378 361
D00 0.0135 561 514 590 563
D00 0.0135 156 341 184 389
D00 0.0135 276 382 368 544
D00 0.0134 297 531 327 594
D00 0.0133 443 391 514 424
D00 0.0133 125 361 178 433
D00 0.0133 274 505 319 586
D00 0.0133 268 312 337 414
D00 0.0132 264 435 292 491
D00 0.0132 274 451 299 511
D00 0.0131 89 454 129 495
D00 0.0131 327 337 439 393
D00 0.0131 103 490 144 527
D00 0.0131 20 365 156 443
D00 0.0130 465 395 557 440
D00 0.0130 102 465 240 589
D00 0.0130 560 532 595 600
D00 0.0129 577 429 600 493
D00 0.0129 435 382 504 416
D00 0.0129 340 337 383 428
D00 0.0129 145 451 176 506
D00 0.0129 253 342 336 457
D00 0.0128 155 319 200 389
D00 0.0127 16 311 190 393
D00 0.0127 142 311 170 364
D00 0.0127 64 412 118 502
D00 0.0127 102 435 135 496
D00 0.0127 119 355 155 420
D00 0.0127 14 474 45 527
D00 0.0127 76 322 179 372
D00 0.0126 267 305 296 352
D00 0.0126 341 328 396 355
D00 0.0126 122 291 169 317
D00 0.0126 124 244 373 544
D00 0.0126 226 268 254 305
D00 0.0125 231 425 282 537
D00 0.0124 5 456 41 493
D00 0.0124 0 342 116 467
D00 0.0124 338 383 367 430
D00 0.0123 228 278 285 306
D00 0.0123 258 331 310 385
D00 0.0123 490 414 556 441
D00 0.0122 324 295 375 318
D00 0.0122 293 529 318 583
D00 0.0122 503 348 600 468
D00 0.0122 356 322 474 372
D00 0.0121 281 476 370 581
D00 0.0121 7 488 52 514
D00 0.0121 52 326 164 418
D00 0.0121 336 316 366 362
D00 0.0120 441 317 600 481
D00 0.0119 358 311 415 336
D00 0.0119 500 414 575 504
D00 0.0119 89 284 202 384
D00 0.0119 517 419 565 449
D00 0.0118 123 321 174 371
D00 0.0118 101 301 191 360
D00 0.0118 97 498 136 537
D00 0.0117 247 335 288 415
D00 0.0117 284 445 319 520
D00 0.0117 448 393 563 476
D00 0.0116 179 276 219 321
D00 0.0116 315 343 465 574
D00 0.0116 18 444 59 512
D00 0.0115 335 339 594 524
D00 0.0115 154 413 229 536
D00 0.0114 237 310 265 355
D00 0.0114 157 280 192 314
D00 0.0114 285 310 348 335
D00 0.0114 114 338 166 386
D00 0.0114 472 463 600 600
D00 0.0114 141 378 165 438
D00 0.0114 285 295 346 316
D00 0.0113 139 461 168 514
D00 0.0113 573 540 597 593
D00 0.0112 118 368 337 495
D00 0.0112 436 360 555 416
D00 0.0112 308 289 389 383
D00 0.0112 342 293 394 357
D00 0.0112 228 256 284 303
D00 0.0112 227 351 288 493
D00 0.0112 237 289 264 341
D00 0.0112 0 428 37 530
D00 0.0112 536 512 585 593
D00 0.0111 413 367 495 413
D00 0.0111 362 312 447 354
D00 0.0111 59 404 127 469
D00 0.0111 574 401 598 454
D00 0.0111 258 294 308 343
D00 0.0111 341 331 379 367
D00 0.0110 189 264 211 312
D00 0.0110 141 291 189 338
D00 0.0110 240 419 300 488
D00 0.0110 115 461 161 503
D00 0.0109 196 284 219 325
D00 0.0109 3 331 138 400
D00 0.0109 369 409 573 524
D00 0.0109 182 301 213 338
D00 0.0109 88 414 133 482
D00 0.0109 8 472 68 513
D00 0.0109 352 393 402 437
D00 0.0109 351 300 422 330
D00 0.0108 276 310 350 372
D00 0.0108 125 474 184 580
D00 0.0108 72 265 183 458
D00 0.0108 130 284 178 309
D00 0.0108 487 495 600 569
D00 0.0107 0 566 33 600
D00 0.0107 256 340 278 395
D00 0.0107 126 295 164 330
D00 0.0107 171 284 210 311
D00 0.0106 178 315 202 365
D00 0.0106 18 393 131 446
D00 0.0106 308 279 417 352
D00 0.0106 101 416 135 464
D00 0.0105 1 496 40 522
D00 0.0105 167 269 198 304
D00 0.0105 192 468 323 585
D00 0.0105 351 334 413 429
D00 0.0105 2 391 56 499
D00 0.0105 58 502 124 575
D00 0.0105 123 300 280 449
D00 0.0105 279 460 312 539
D00 0.0104 345 313 568 415
D00 0.0104 305 430 378 566
D00 0.0104 401 341 507 396
D00 0.0104 305 502 339 575
D00 0.0104 124 464 165 528
D00 0.0104 82 401 138 456
D00 0.0104 545 508 573 554
D00 0.0103 256 444 301 501
D00 0.0103 572 513 597 564
D00 0.0103 543 453 596 509
D00 0.0102 21 467 59 529
D00 0.0102 542 363 598 455
D00 0.0102 203 237 452 535
D00 0.0102 37 430 102 502
D00 0.0102 572 494 597 548
D00 0.0101 252 260 279 298
D00 0.0101 311 300 361 374
D00 0.0101 144 426 177 474
D00 0.0101 126 408 160 449
D00 0.0101 1 558 64 598
D00 0.0101 342 292 379 323
D00 0.0101 349 308 414 393
D00 0.0101 271 412 313 466
D00 0.0101 173 433 263 584
D00 0.0101 88 348 149 412
D00 0.0101 7 411 105 467
D00 0.0100 110 494 160 574
D00 0.0100 529 521 599 570
D00 0.0100 371 308 443 338
D00 0.0100 243 271 394 390
D00 0.0100 26 323 149 373
D00 0.0100 119 284 204 339
D10 0.0840 530 428 597 461
D10 0.0640 90 425 170 473
D10 0.0626 106 433 159 459
D10 0.0625 505 418 600 455
D10 0.0551 123 439 170 470
D10 0.0510 546 426 595 449
D10 0.0500 473 406 600 466
D10 0.0490 116 431 189 482
D10 0.0457 56 463 158 524
D10 0.0373 437 383 600 456
D10 0.0356 22 470 154 550
D10 0.0341 69 483 158 539
D10 0.0332 549 438 595 470
D10 0.0325 93 424 151 452
D10 0.0323 349 412 430 438
D10 0.0316 558 432 600 457
D10 0.0307 129 448 178 476
D10 0.0305 115 414 208 471
D10 0.0304 22 480 125 520
D10 0.0300 509 424 579 447
D10 0.0283 344 414 398 436
D10 0.0280 96 463 186 526
D10 0.0271 129 432 180 462
D10 0.0250 135 441 192 468
D10 0.0247 142 346 184 374
D10 0.0246 71 413 161 463
D10 0.0240 119 425 162 451
D10 0.0237 97 486 193 540
D10 0.0236 76 490 139 527
D10 0.0228 309 394 424 439
D10 0.0227 350 423 408 443
D10 0.0226 38 489 107 512
D10 0.0214 371 416 442 436
D10 0.0213 479 414 574 451
D10 0.0211 255 319 308 347
D10 0.0210 63 488 125 514
D10 0.0210 91 487 140 516
D10 0.0208 133 355 177 381
D10 0.0207 98 471 164 512
D10 0.0206 361 407 468 440
D10 0.0206 490 427 593 482
D10 0.0206 330 383 480 442
D10 0.0202 153 338 201 365
D10 0.0202 348 417 447 449
D10 0.0199 108 447 160 476
D10 0.0199 87 439 145 464
D10 0.0197 89 414 275 508
D10 0.0196 15 484 87 516
D10 0.0195 528 416 588 444
D10 0.0195 56 473 130 512
D10 0.0190 80 392 166 452
D10 0.0186 83 476 132 508
D10 0.0184 100 468 155 496
D10 0.0183 278 394 385 441
D10 0.0180 68 503 159 561
D10 0.0179 116 478 166 505
D10 0.0178 127 456 170 488
D10 0.0175 311 412 419 454
D10 0.0174 127 431 239 484
D10 0.0173 78 461 253 562
D10 0.0172 96 496 148 522
D10 0.0171 98 452 164 493
D10 0.0168 318 409 391 437
D10 0.0165 351 405 404 432
D10 0.0164 84 468 134 497
D10 0.0163 327 419 401 446
D10 0.0163 543 525 588 550
D10 0.0160 120 467 166 497
D10 0.0159 544 449 596 477
D10 0.0156 423 394 545 439
D10 0.0155 53 474 207 583
D10 0.0155 518 516 598 559
D10 0.0153 99 506 201 560
D10 0.0152 132 365 175 391
D10 0.0149 113 487 166 513
D10 0.0148 145 341 210 375
D10 0.0148 17 501 122 565
D10 0.0147 337 404 387 431
D10 0.0147 262 406 355 447
D10 0.0146 76 431 135 455
D10 0.0146 554 458 597 485
D10 0.0146 94 459 147 485
D10 0.0145 145 329 186 358
D10 0.0144 380 392 501 438
D10 0.0144 24 492 99 524
D10 0.0142 278 412 378 459
D10 0.0139 0 485 78 533
D10 0.0138 122 384 164 409
D10 0.0137 31 481 91 506
D10 0.0136 270 414 318 436
D10 0.0135 253 323 326 360
D10 0.0135 282 411 367 438
D10 0.0134 502 431 569 452
D10 0.0133 123 375 166 402
D10 0.0132 139 350 198 384
D10 0.0132 364 407 432 431
D10 0.0132 62 428 150 486
D10 0.0132 253 336 298 364
D10 0.0130 220 527 321 570
D10 0.0128 50 493 136 544
D10 0.0127 157 510 248 554
D10 0.0126 269 373 344 404
D10 0.0125 96 489 293 577
D10 0.0125 552 517 594 544
D10 0.0124 395 414 458 435
D10 0.0123 83 505 134 531
D10 0.0123 0 227 45 250
D10 0.0123 372 423 438 442
D10 0.0123 118 344 190 392
D10 0.0122 525 439 587 465
D10 0.0122 104 491 172 526
D10 0.0121 52 496 116 521
D10 0.0121 185 516 275 561
D10 0.0121 256 415 299 437
D10 0.0121 93 413 145 442
D10 0.0120 112 393 157 416
D10 0.0120 266 374 364 428
D10 0.0120 104 385 152 410
D10 0.0120 91 499 153 537
D10 0.0120 125 419 187 457
D10 0.0120 165 447 369 567
D10 0.0119 87 449 140 475
D10 0.0117 122 392 208 454
D10 0.0116 152 319 193 346
D10 0.0116 137 489 247 541
D10 0.0115 337 338 424 381
D10 0.0115 46 522 147 584
D10 0.0115 227 313 276 338
D10 0.0115 351 402 492 460
D10 0.0115 114 357 165 382
D10 0.0114 261 363 334 396
D10 0.0113 269 401 344 434
D10 0.0113 137 446 211 479
D10 0.0113 153 309 196 333
D10 0.0112 274 394 457 472
D10 0.0112 481 506 586 560
D10 0.0111 480 525 588 580
D10 0.0111 76 337 174 385
D10 0.0111 570 423 600 448
D10 0.0111 529 453 598 491
D10 0.0111 6 496 52 521
D10 0.0111 471 423 562 463
D10 0.0110 112 413 155 439
D10 0.0110 139 375 182 401
D10 0.0109 163 330 212 356
D10 0.0109 261 377 313 399
D10 0.0107 115 365 162 392
D10 0.0107 205 516 341 586
D10 0.0106 263 526 357 580
D10 0.0106 399 400 479 432
D10 0.0105 238 407 317 453
D10 0.0105 444 505 513 532
D10 0.0105 419 402 558 463
D10 0.0104 132 452 195 491
D10 0.0104 76 459 128 487
D10 0.0103 94 394 143 417
D10 0.0103 24 543 136 595
D10 0.0103 263 311 324 336
D10 0.0103 235 367 325 412
D10 0.0103 27 339 146 389
D10 0.0103 285 367 343 392
D10 0.0102 315 424 376 444
D10 0.0102 146 366 192 391
D10 0.0101 516 466 600 519
D10 0.0101 544 532 587 560
D10 0.0101 127 460 185 502
D10 0.0101 352 349 446 391
D10 0.0101 205 506 309 562
D10 0.0101 32 374 146 429
D10 0.0101 290 547 403 591
D10 0.0100 265 405 308 431
D10 0.0100 84 523 184 582
D20 0.1145 31 420 176 536
D20 0.0743 0 372 395 574
D20 0.0609 0 398 224 583
D20 0.0539 86 331 532 535
D20 0.0485 242 303 394 394
D20 0.0479 9 455 161 567
D20 0.0461 250 329 415 434
D20 0.0411 71 434 211 547
D20 0.0408 315 355 500 437
D20 0.0388 168 378 596 573
D20 0.0335 149 304 193 379
D20 0.0326 249 304 369 355
D20 0.0323 31 454 277 600
D20 0.0308 169 300 212 324
D20 0.0301 0 362 180 522
D20 0.0297 247 307 338 416
D20 0.0283 247 317 325 367
D20 0.0281 130 289 313 369
D20 0.0274 98 445 541 600
D20 0.0272 260 334 543 455
D20 0.0271 84 435 165 497
D20 0.0268 0 494 148 600
D20 0.0264 318 325 486 414
D20 0.0263 19 317 329 525
D20 0.0260 225 275 271 299
D20 0.0260 242 304 304 384
D20 0.0259 0 411 127 529
D20 0.0258 78 456 162 514
D20 0.0255 128 328 199 377
D20 0.0242 0 255 152 586
D20 0.0238 237 282 405 354
D20 0.0236 230 305 486 424
D20 0.0229 78 414 156 482
D20 0.0229 549 414 600 484
D20 0.0225 17 165 600 591
D20 0.0225 177 294 223 319
D20 0.0225 195 311 437 561
D20 0.0224 155 290 207 357
D20 0.0224 148 337 191 367
D20 0.0222 328 374 444 431
D20 0.0222 263 316 384 371
D20 0.0221 51 275 456 472
D20 0.0220 269 322 600 524
D20 0.0217 216 264 263 290
D20 0.0216 46 467 137 518
D20 0.0212 162 302 356 387
D20 0.0208 161 293 203 319
D20 0.0206 259 311 355 472
D20 0.0205 175 285 206 341
D20 0.0201 153 293 232 333
D20 0.0200 261 374 440 453
D20 0.0198 189 269 278 304
D20 0.0197 389 364 576 437
D20 0.0195 133 297 215 390
D20 0.0194 281 297 366 336
D20 0.0193 141 318 219 367
D20 0.0192 206 256 255 279
D20 0.0191 217 298 345 365
D20 0.0186 145 299 248 358
D20 0.0186 0 15 557 441
D20 0.0185 0 0 408 294
D20 0.0184 318 305 414 441
D20 0.0180 167 0 600 294
D20 0.0179 50 496 195 600
D20 0.0179 258 325 328 391
D20 0.0175 0 379 106 596
D20 0.0174 332 364 587 492
D20 0.0172 0 212 269 600
D20 0.0171 327 342 404 424
D20 0.0171 109 338 189 385
D20 0.0171 312 118 600 600
D20 0.0169 446 426 600 530
D20 0.0167 107 302 206 437
D20 0.0166 105 302 270 388
D20 0.0166 60 447 142 506
D20 0.0166 377 375 501 428
D20 0.0165 342 355 464 416
D20 0.0165 307 361 387 435
D20 0.0163 150 282 286 344
D20 0.0162 165 288 269 324
D20 0.0162 241 288 345 339
D20 0.0162 367 453 600 600
D20 0.0162 165 302 199 340
D20 0.0161 208 311 294 355
D20 0.0160 132 286 211 327
D20 0.0159 113 302 381 434
D20 0.0159 235 273 296 301
D20 0.0158 433 508 600 589
D20 0.0158 269 332 382 394
D20 0.0154 435 469 600 556
D20 0.0154 109 444 332 565
D20 0.0150 189 267 577 460
D20 0.0149 299 341 395 478
D20 0.0148 181 301 238 324
D20 0.0148 235 353 494 500
D20 0.0148 0 246 218 461
D20 0.0147 420 385 508 428
D20 0.0147 270 289 357 324
D20 0.0147 131 349 400 512
D20 0.0146 151 300 198 324
D20 0.0145 89 369 292 600
D20 0.0145 347 376 409 438
D20 0.0143 282 340 370 423
D20 0.0143 182 258 270 292
D20 0.0143 0 473 78 600
D20 0.0143 175 278 280 314
D20 0.0142 336 341 429 469
D20 0.0142 2 340 167 440
D20 0.0139 214 283 268 304
D20 0.0138 86 313 198 381
D20 0.0136 155 317 275 371
D20 0.0135 453 363 600 600
D20 0.0134 43 324 191 419
D20 0.0132 325 395 420 436
D20 0.0132 176 435 375 600
D20 0.0130 186 296 291 383
D20 0.0129 146 314 199 352
D20 0.0125 201 273 439 386
D20 0.0125 126 300 203 351
D20 0.0123 281 385 392 428
D20 0.0121 211 489 414 589
D20 0.0121 276 363 372 519
D20 0.0120 168 308 211 332
D20 0.0119 65 346 195 477
D20 0.0117 69 402 154 456
D20 0.0117 322 362 409 506
D20 0.0115 0 0 145 221
D20 0.0114 259 477 549 597
D20 0.0113 466 536 599 600
D20 0.0113 196 264 251 286
D20 0.0113 318 305 583 428
D20 0.0112 526 477 600 600
D20 0.0112 179 303 295 343
D20 0.0110 265 358 365 402
D20 0.0108 454 0 600 217
D20 0.0108 573 394 600 476
D20 0.0107 90 525 301 600
D20 0.0105 26 532 163 600
D20 0.0105 293 406 501 585
D20 0.0105 206 286 305 338
D20 0.0103 88 200 407 583
D20 0.0103 114 292 194 336
D20 0.0101 242 264 307 292
D20 0.0100 420 274 600 549
D40 0.0215 241 275 289 298
D40 0.0211 435 483 510 521
D40 0.0208 3 569 95 600
D40 0.0207 22 576 80 599
D40 0.0200 443 498 499 523
D40 0.0197 441 490 490 516
D40 0.0182 235 281 278 302
D40 0.0174 215 256 261 279
D40 0.0143 560 426 593 470
D40 0.0137 0 573 50 599
D40 0.0129 442 482 488 507
D40 0.0127 542 520 578 554
D40 0.0117 2 556 40 597
D40 0.0114 271 385 379 429
D40 0.0112 444 508 501 529
D40 0.0112 346 386 456 431
D40 0.0112 351 365 450 411
D40 0.0111 248 282 299 302
D40 0.0110 352 408 387 438
D40 0.0109 420 393 509 436
D40 0.0108 207 249 253 271
D40 0.0106 436 500 510 537
D40 0.0106 252 171 304 244
D40 0.0106 254 275 312 296
D40 0.0105 39 582 96 600
D40 0.0103 358 399 394 435
