D00 0.2240 131 333 265 441
D00 0.1995 395 395 418 447
D00 0.1966 126 379 249 445
D00 0.1754 165 362 256 437
D00 0.1706 172 395 217 442
D00 0.1395 211 335 253 424
D00 0.1333 145 388 218 447
D00 0.1220 388 384 442 446
D00 0.1188 195 323 266 436
D00 0.1094 173 350 311 425
D00 0.1089 140 355 245 476
D00 0.1039 78 333 224 443
D00 0.1015 315 318 438 435
D00 0.1009 100 366 300 454
D00 0.0973 354 354 449 444
D00 0.0901 379 372 425 452
D00 0.0863 178 379 238 435
D00 0.0837 382 359 487 446
D00 0.0777 218 343 245 406
D00 0.0762 301 334 399 426
D00 0.0730 111 395 237 462
D00 0.0728 177 410 227 439
D00 0.0700 389 410 426 443
D00 0.0694 370 391 471 444
D00 0.0686 166 308 256 423
D00 0.0676 130 378 199 436
D00 0.0669 388 404 413 450
D00 0.0651 341 345 421 428
D00 0.0635 126 245 271 451
D00 0.0632 418 360 527 447
D00 0.0619 391 388 423 431
D00 0.0606 200 353 368 414
D00 0.0595 289 309 381 405
D00 0.0587 39 342 180 451
D00 0.0585 392 406 459 444
D00 0.0576 140 345 219 437
D00 0.0565 200 375 254 430
D00 0.0564 218 331 276 423
D00 0.0552 148 401 211 433
D00 0.0550 182 308 353 435
D00 0.0548 321 315 402 393
D00 0.0547 370 396 418 447
D00 0.0546 244 327 421 414
D00 0.0540 61 382 211 450
D00 0.0534 164 406 218 468
D00 0.0529 107 318 343 473
D00 0.0516 282 358 324 441
D00 0.0510 19 330 189 406
D00 0.0497 221 322 252 395
D00 0.0495 171 419 213 445
D00 0.0488 305 325 359 413
D00 0.0488 369 316 467 453
D00 0.0485 191 358 263 419
D00 0.0481 222 358 251 414
D00 0.0478 407 376 477 440
D00 0.0476 280 356 387 411
D00 0.0473 195 338 296 405
D00 0.0470 393 401 436 435
D00 0.0469 312 328 376 388
D00 0.0459 164 379 272 469
D00 0.0451 428 383 495 446
D00 0.0448 6 333 137 442
D00 0.0445 358 332 439 411
D00 0.0442 125 307 233 416
D00 0.0438 436 393 548 449
D00 0.0435 100 348 193 429
D00 0.0434 170 406 238 450
D00 0.0430 192 323 250 393
D00 0.0427 141 393 200 424
D00 0.0420 350 383 432 436
D00 0.0416 256 341 369 399
D00 0.0416 444 352 577 454
D00 0.0415 188 389 224 437
D00 0.0408 389 397 425 470
D00 0.0401 328 344 393 410
D00 0.0399 393 421 437 447
D00 0.0396 30 322 180 375
D00 0.0390 143 242 392 445
D00 0.0389 200 375 289 441
D00 0.0389 83 363 172 440
D00 0.0381 316 318 351 384
D00 0.0381 205 365 313 411
D00 0.0379 394 360 457 429
D00 0.0373 213 365 260 445
D00 0.0366 25 340 153 384
D00 0.0365 116 372 220 506
D00 0.0359 157 267 307 417
D00 0.0358 381 420 422 447
D00 0.0357 448 377 515 442
D00 0.0356 222 372 347 422
D00 0.0355 155 400 255 493
D00 0.0351 248 350 331 413
D00 0.0350 317 346 375 436
D00 0.0349 355 364 406 445
D00 0.0349 112 355 292 523
D00 0.0347 352 330 510 427
D00 0.0347 57 312 221 397
D00 0.0341 137 394 180 434
D00 0.0339 311 298 384 375
D00 0.0333 147 414 213 450
D00 0.0332 416 398 471 445
D00 0.0324 64 338 184 389
D00 0.0323 477 399 527 450
D00 0.0321 211 377 277 415
D00 0.0312 96 391 191 438
D00 0.0310 159 372 207 440
D00 0.0309 147 332 247 401
D00 0.0309 287 327 341 412
D00 0.0307 300 295 434 388
D00 0.0307 361 407 438 451
D00 0.0306 271 370 320 396
D00 0.0305 488 394 553 455
D00 0.0305 49 354 165 414
D00 0.0305 215 334 246 375
D00 0.0303 216 311 318 410
D00 0.0303 118 381 186 420
D00 0.0303 184 401 240 431
D00 0.0298 260 253 445 422
D00 0.0295 17 370 234 470
D00 0.0292 421 360 487 424
D00 0.0292 288 361 351 429
D00 0.0292 473 367 555 444
D00 0.0292 334 325 386 381
D00 0.0290 169 405 202 450
D00 0.0289 36 256 234 426
D00 0.0288 266 359 311 439
D00 0.0286 351 353 388 420
D00 0.0286 458 398 507 448
D00 0.0282 145 381 221 420
D00 0.0281 141 414 223 483
D00 0.0280 407 391 438 441
D00 0.0277 322 341 361 381
D00 0.0277 269 316 359 435
D00 0.0275 236 344 299 421
D00 0.0273 128 405 198 443
D00 0.0273 398 334 478 411
D00 0.0272 279 365 313 420
D00 0.0270 337 304 401 365
D00 0.0268 83 321 199 368
D00 0.0266 44 359 124 443
D00 0.0262 136 360 176 429
D00 0.0259 211 310 261 386
D00 0.0257 193 350 295 491
D00 0.0257 211 357 261 402
D00 0.0256 206 282 288 438
D00 0.0255 155 390 192 439
D00 0.0255 383 367 430 421
D00 0.0254 20 381 157 455
D00 0.0254 205 382 251 414
D00 0.0253 148 150 327 481
D00 0.0253 191 332 413 477
D00 0.0251 332 370 397 436
D00 0.0251 205 347 253 391
D00 0.0250 208 352 240 413
D00 0.0250 401 377 428 432
D00 0.0250 454 351 535 428
D00 0.0250 351 328 402 410
D00 0.0248 386 400 523 455
D00 0.0245 109 334 221 396
D00 0.0244 214 373 256 405
D00 0.0244 340 336 381 400
D00 0.0243 266 362 324 407
D00 0.0242 342 321 446 373
D00 0.0239 218 338 315 462
D00 0.0239 276 333 316 404
D00 0.0239 370 389 413 427
D00 0.0237 485 335 600 444
D00 0.0237 16 353 125 411
D00 0.0237 297 376 329 442
D00 0.0235 53 336 136 374
D00 0.0234 228 343 258 403
D00 0.0233 291 376 316 432
D00 0.0233 397 393 450 423
D00 0.0233 406 416 477 449
D00 0.0232 300 344 352 393
D00 0.0229 364 372 443 521
D00 0.0228 304 293 346 381
D00 0.0228 419 389 485 427
D00 0.0227 181 400 229 477
D00 0.0226 272 350 398 455
D00 0.0224 106 372 191 469
D00 0.0223 364 382 428 417
D00 0.0223 399 381 467 418
D00 0.0220 305 368 338 436
D00 0.0219 229 360 279 436
D00 0.0218 66 382 128 448
D00 0.0218 444 405 481 444
D00 0.0217 481 416 544 453
D00 0.0216 426 412 478 440
D00 0.0216 72 156 252 474
D00 0.0215 319 310 368 363
D00 0.0214 316 350 369 401
D00 0.0214 223 354 284 406
D00 0.0213 285 357 338 401
D00 0.0212 457 412 569 457
D00 0.0209 410 331 577 421
D00 0.0206 94 300 221 363
D00 0.0204 110 364 166 417
D00 0.0203 301 204 480 460
D00 0.0203 482 383 600 458
D00 0.0202 73 334 151 363
D00 0.0201 245 283 392 451
D00 0.0201 112 339 174 406
D00 0.0201 71 341 136 433
D00 0.0201 161 452 241 490
D00 0.0199 326 387 492 461
D00 0.0199 229 368 259 418
D00 0.0199 346 368 379 436
D00 0.0198 69 408 232 488
D00 0.0198 208 174 353 438
D00 0.0197 135 336 389 543
D00 0.0196 295 336 489 481
D00 0.0196 166 315 252 374
D00 0.0194 473 397 513 437
D00 0.0192 297 345 360 457
D00 0.0192 412 372 477 407
D00 0.0192 415 410 507 451
D00 0.0191 430 380 495 417
D00 0.0191 379 318 459 387
D00 0.0190 66 308 182 358
D00 0.0190 311 369 433 473
D00 0.0190 132 383 163 431
D00 0.0188 1 365 97 460
D00 0.0188 182 342 247 379
D00 0.0188 3 309 149 395
D00 0.0186 53 338 114 364
D00 0.0185 355 377 386 444
D00 0.0183 202 346 245 373
D00 0.0183 515 393 580 459
D00 0.0182 27 384 267 517
D00 0.0182 126 316 230 370
D00 0.0182 229 370 459 462
D00 0.0181 453 397 493 437
D00 0.0180 102 381 157 432
D00 0.0180 434 368 475 433
D00 0.0179 436 422 488 448
D00 0.0179 448 416 516 451
D00 0.0178 252 314 330 396
D00 0.0178 115 374 166 446
D00 0.0178 207 331 238 384
D00 0.0177 87 329 157 414
D00 0.0176 344 324 410 359
D00 0.0176 330 316 392 351
D00 0.0175 45 337 115 397
D00 0.0175 197 394 250 443
D00 0.0174 459 390 523 427
D00 0.0174 182 461 236 485
D00 0.0174 224 294 275 401
D00 0.0174 377 405 405 450
D00 0.0173 435 335 515 408
D00 0.0173 163 416 290 526
D00 0.0173 73 411 191 459
D00 0.0173 512 366 591 442
D00 0.0172 209 392 257 419
D00 0.0172 201 317 294 380
D00 0.0171 440 390 469 441
D00 0.0171 49 391 108 454
D00 0.0170 232 328 258 384
D00 0.0169 177 415 207 462
D00 0.0169 507 417 571 455
D00 0.0168 311 325 338 381
D00 0.0168 114 394 171 422
D00 0.0168 306 286 366 342
D00 0.0168 359 356 413 408
D00 0.0167 275 385 317 439
D00 0.0167 355 344 384 397
D00 0.0166 499 407 541 446
D00 0.0166 363 387 398 448
D00 0.0166 283 361 308 400
D00 0.0166 279 267 389 388
D00 0.0166 132 338 195 409
D00 0.0165 220 385 268 436
D00 0.0165 335 359 372 428
D00 0.0165 141 397 333 575
D00 0.0165 217 342 273 379
D00 0.0163 342 304 446 354
D00 0.0163 147 397 186 456
D00 0.0163 478 359 584 412
D00 0.0163 455 414 490 450
D00 0.0163 389 339 449 405
D00 0.0161 321 297 382 329
D00 0.0161 65 346 126 368
D00 0.0160 214 384 245 436
D00 0.0160 67 373 148 425
D00 0.0160 108 204 223 411
D00 0.0159 402 416 427 459
D00 0.0159 303 380 363 442
D00 0.0159 366 250 485 421
D00 0.0158 363 372 393 425
D00 0.0158 347 283 447 413
D00 0.0157 49 301 254 488
D00 0.0157 379 394 461 550
D00 0.0157 400 349 435 419
D00 0.0156 316 294 351 357
D00 0.0156 104 426 253 510
D00 0.0155 406 314 505 404
D00 0.0154 328 289 390 342
D00 0.0154 507 477 599 560
D00 0.0154 255 378 335 431
D00 0.0154 353 389 419 504
D00 0.0154 420 391 451 440
D00 0.0154 380 357 545 478
D00 0.0153 83 335 265 600
D00 0.0153 514 432 567 458
D00 0.0152 121 317 182 379
D00 0.0152 29 341 97 432
D00 0.0151 248 360 311 400
D00 0.0151 5 334 93 396
D00 0.0151 67 0 296 393
D00 0.0151 70 362 201 524
D00 0.0149 99 356 154 406
D00 0.0149 405 362 468 397
D00 0.0149 163 298 228 394
D00 0.0148 333 344 366 392
D00 0.0148 401 294 526 446
D00 0.0147 468 391 498 443
D00 0.0146 135 372 200 410
D00 0.0145 167 426 217 494
D00 0.0144 326 293 375 318
D00 0.0144 483 385 538 437
D00 0.0144 532 0 600 158
D00 0.0143 113 395 229 573
D00 0.0142 177 354 237 413
D00 0.0142 298 317 333 391
D00 0.0141 86 343 156 373
D00 0.0141 311 308 336 362
D00 0.0141 495 432 548 456
D00 0.0140 271 376 309 408
D00 0.0140 326 336 376 367
D00 0.0139 314 307 375 339
D00 0.0139 156 410 197 466
D00 0.0138 468 0 600 217
D00 0.0138 344 306 408 341
D00 0.0137 92 389 143 440
D00 0.0137 446 394 499 421
D00 0.0137 229 107 312 267
D00 0.0137 174 443 226 484
D00 0.0137 406 372 445 410
D00 0.0135 49 427 291 567
D00 0.0135 446 354 500 430
D00 0.0135 379 372 418 409
D00 0.0135 127 371 168 410
D00 0.0135 144 301 236 351
D00 0.0134 123 410 201 520
D00 0.0134 358 318 398 385
D00 0.0134 546 487 597 575
D00 0.0134 403 414 597 575
D00 0.0134 488 407 515 453
D00 0.0133 439 367 521 416
D00 0.0133 356 361 397 398
D00 0.0132 336 328 386 354
D00 0.0132 16 332 115 373
D00 0.0131 448 383 479 435
D00 0.0131 327 278 428 362
D00 0.0131 265 198 375 397
D00 0.0130 127 421 213 461
D00 0.0130 168 330 221 416
D00 0.0130 237 380 385 443
D00 0.0130 374 326 441 358
D00 0.0130 333 414 534 575
D00 0.0130 335 310 386 335
D00 0.0129 68 345 125 391
D00 0.0129 253 333 304 405
D00 0.0129 218 381 281 470
D00 0.0129 80 353 148 385
D00 0.0129 350 331 389 370
D00 0.0128 351 319 404 347
D00 0.0128 324 369 358 436
D00 0.0127 79 356 135 404
D00 0.0127 522 442 576 463
D00 0.0127 412 349 493 394
D00 0.0127 265 347 518 552
D00 0.0127 334 291 398 321
D00 0.0126 248 351 334 499
D00 0.0126 107 337 161 382
D00 0.0126 430 383 461 434
D00 0.0126 342 336 428 386
D00 0.0125 461 502 598 563
D00 0.0124 72 401 167 445
D00 0.0124 238 378 294 427
D00 0.0124 169 334 240 369
D00 0.0124 372 366 404 417
D00 0.0124 479 407 506 453
D00 0.0124 362 316 430 352
D00 0.0124 210 392 288 511
D00 0.0123 153 347 193 424
D00 0.0123 59 357 150 487
D00 0.0123 185 464 249 495
D00 0.0123 524 428 589 461
D00 0.0122 14 307 130 360
D00 0.0122 502 347 566 436
D00 0.0122 415 351 456 414
D00 0.0122 195 362 230 423
D00 0.0122 382 442 500 551
D00 0.0122 341 301 394 325
D00 0.0122 359 412 411 440
D00 0.0121 98 324 167 359
D00 0.0121 32 413 138 459
D00 0.0121 291 346 315 397
D00 0.0121 311 292 359 317
D00 0.0121 461 377 534 469
D00 0.0120 301 196 411 392
D00 0.0120 162 464 225 496
D00 0.0120 253 298 377 370
D00 0.0120 431 407 460 450
D00 0.0119 534 345 600 455
D00 0.0119 192 312 232 377
D00 0.0119 223 378 317 530
D00 0.0119 311 301 360 326
D00 0.0119 362 304 413 376
D00 0.0118 380 413 418 486
D00 0.0118 366 373 564 539
D00 0.0118 345 319 376 372
D00 0.0117 295 282 404 345
D00 0.0117 307 305 341 341
D00 0.0117 381 419 460 458
D00 0.0117 274 376 302 429
D00 0.0116 401 403 446 469
D00 0.0116 436 376 490 401
D00 0.0116 21 342 180 547
D00 0.0116 423 488 576 548
D00 0.0116 544 391 600 458
D00 0.0115 328 387 376 438
D00 0.0115 376 475 466 555
D00 0.0115 366 454 569 560
D00 0.0114 141 437 219 503
D00 0.0114 387 335 450 365
D00 0.0114 48 321 120 368
D00 0.0114 306 263 542 401
D00 0.0114 60 354 116 404
D00 0.0114 203 325 240 363
D00 0.0114 153 448 216 479
D00 0.0113 316 390 415 438
D00 0.0113 294 285 336 360
D00 0.0113 372 345 422 398
D00 0.0113 0 328 68 441
D00 0.0113 459 341 568 391
D00 0.0113 331 396 405 462
D00 0.0113 159 460 211 484
D00 0.0112 249 412 455 575
D00 0.0112 538 442 600 556
D00 0.0112 105 417 188 482
D00 0.0112 302 283 348 327
D00 0.0112 468 449 596 552
D00 0.0111 429 267 577 462
D00 0.0111 183 419 267 487
D00 0.0111 362 334 432 365
D00 0.0111 303 359 343 396
D00 0.0111 206 486 341 547
D00 0.0111 165 317 219 365
D00 0.0110 181 426 242 513
D00 0.0110 340 296 380 355
D00 0.0110 320 319 369 342
D00 0.0110 242 294 296 397
D00 0.0110 387 321 466 362
D00 0.0109 319 387 343 438
D00 0.0109 287 389 343 446
D00 0.0109 427 367 481 392
D00 0.0109 547 10 597 113
D00 0.0109 296 363 326 408
D00 0.0108 195 0 360 246
D00 0.0108 43 399 169 498
D00 0.0108 289 317 369 372
D00 0.0108 168 296 281 367
D00 0.0107 321 327 368 354
D00 0.0107 390 492 492 543
D00 0.0107 310 396 334 443
D00 0.0107 299 345 327 395
D00 0.0107 196 337 230 391
D00 0.0107 398 353 458 386
D00 0.0107 530 500 593 557
D00 0.0106 483 374 597 545
D00 0.0106 17 0 163 209
D00 0.0106 280 366 341 485
D00 0.0106 26 400 101 464
D00 0.0106 124 389 173 461
D00 0.0106 399 391 472 504
D00 0.0106 517 317 591 425
D00 0.0105 103 290 184 391
D00 0.0105 393 502 534 561
D00 0.0105 409 510 443 544
D00 0.0105 147 326 198 374
D00 0.0105 368 197 558 463
D00 0.0105 104 338 161 362
D00 0.0105 2 227 42 307
D00 0.0105 407 477 509 555
D00 0.0104 369 326 406 394
D00 0.0104 67 205 190 399
D00 0.0104 199 266 264 395
D00 0.0103 211 0 454 377
D00 0.0103 514 410 545 455
D00 0.0103 169 424 224 457
D00 0.0103 116 416 187 450
D00 0.0103 134 117 272 408
D00 0.0103 150 417 244 552
D00 0.0102 157 336 210 386
D00 0.0102 236 320 272 390
D00 0.0102 327 302 357 349
D00 0.0102 261 365 301 418
D00 0.0101 113 315 177 350
D00 0.0101 404 345 468 376
D00 0.0101 395 356 422 410
D00 0.0101 352 290 418 345
D00 0.0100 139 313 201 348
D00 0.0100 244 370 291 403
D00 0.0100 239 361 269 410
D00 0.0100 58 397 117 437
D00 0.0100 194 413 236 447
D00 0.0100 135 328 173 392
D00 0.0100 0 289 105 373
D10 0.0542 221 368 327 403
D10 0.0485 265 367 345 404
D10 0.0448 270 376 320 396
D10 0.0424 0 331 159 404
D10 0.0385 14 323 167 375
D10 0.0353 12 341 135 385
D10 0.0349 303 345 388 391
D10 0.0333 274 355 367 401
D10 0.0292 285 368 339 394
D10 0.0261 323 356 378 382
D10 0.0261 189 392 244 423
D10 0.0249 146 428 238 481
D10 0.0247 230 376 306 400
D10 0.0246 318 353 401 403
D10 0.0244 366 394 418 421
D10 0.0243 373 385 423 410
D10 0.0242 144 386 207 414
D10 0.0241 163 408 270 459
D10 0.0233 355 381 423 417
D10 0.0228 246 369 311 396
D10 0.0226 511 368 600 411
D10 0.0222 195 382 248 413
D10 0.0212 181 368 250 409
D10 0.0205 343 366 394 391
D10 0.0201 272 381 318 405
D10 0.0200 359 376 415 402
D10 0.0190 164 384 223 411
D10 0.0188 300 356 353 384
D10 0.0181 341 357 391 383
D10 0.0176 391 385 439 410
D10 0.0170 222 384 286 409
D10 0.0160 189 347 242 372
D10 0.0160 306 365 361 390
D10 0.0158 292 375 347 398
D10 0.0158 350 362 418 398
D10 0.0158 332 347 383 376
D10 0.0156 339 369 405 407
D10 0.0156 2 204 140 260
D10 0.0155 280 377 341 412
D10 0.0155 415 433 471 454
D10 0.0153 157 421 283 487
D10 0.0152 176 375 237 399
D10 0.0150 148 372 221 408
D10 0.0149 495 359 587 400
D10 0.0147 195 401 249 430
D10 0.0147 190 365 244 392
D10 0.0147 382 377 430 401
D10 0.0146 152 356 244 412
D10 0.0145 436 433 489 454
D10 0.0143 0 347 92 395
D10 0.0142 190 355 243 383
D10 0.0141 187 338 240 364
D10 0.0140 387 431 429 454
D10 0.0138 536 377 593 400
D10 0.0138 358 402 412 431
D10 0.0138 528 363 598 397
D10 0.0137 399 432 450 454
D10 0.0137 147 450 242 499
D10 0.0136 0 318 107 379
D10 0.0133 456 433 508 454
D10 0.0131 348 384 399 411
D10 0.0129 143 421 199 447
D10 0.0128 341 388 413 424
D10 0.0128 41 224 118 252
D10 0.0127 96 431 205 478
D10 0.0127 396 423 487 457
D10 0.0126 476 432 528 455
D10 0.0125 223 366 286 395
D10 0.0125 415 444 471 463
D10 0.0121 497 376 584 422
D10 0.0120 184 421 238 445
D10 0.0118 530 442 584 463
D10 0.0118 140 376 193 402
D10 0.0117 13 364 103 414
D10 0.0116 169 430 213 454
D10 0.0114 435 443 489 462
D10 0.0112 539 380 600 415
D10 0.0111 24 343 105 375
D10 0.0110 156 407 371 512
D10 0.0108 136 427 205 457
D10 0.0108 504 442 560 462
D10 0.0108 475 442 529 461
D10 0.0107 343 336 392 363
D10 0.0107 61 444 113 463
D10 0.0107 161 343 232 377
D10 0.0107 31 226 89 249
D10 0.0107 370 367 421 391
D10 0.0107 320 411 422 459
D10 0.0107 427 423 518 456
D10 0.0106 367 431 415 453
D10 0.0106 455 443 508 461
D10 0.0105 282 358 331 388
D10 0.0105 518 368 579 392
D10 0.0105 478 368 568 412
D10 0.0105 163 444 291 508
D10 0.0102 0 343 72 378
D10 0.0101 459 421 547 457
D10 0.0100 455 385 508 411
D20 0.1714 95 359 260 446
D20 0.1441 112 342 335 437
D20 0.1105 15 323 298 450
D20 0.1086 88 303 430 443
D20 0.0900 354 361 519 447
D20 0.0840 303 354 470 443
D20 0.0693 187 330 482 440
D20 0.0661 174 347 390 417
D20 0.0648 273 337 436 427
D20 0.0583 12 312 401 505
D20 0.0515 101 374 540 567
D20 0.0432 396 377 579 453
D20 0.0418 268 322 583 453
D20 0.0415 0 264 579 528
D20 0.0354 0 254 272 427
D20 0.0349 46 227 335 476
D20 0.0308 140 352 438 467
D20 0.0301 322 313 521 425
D20 0.0287 63 448 466 600
D20 0.0245 181 256 505 423
D20 0.0240 17 15 600 441
D20 0.0229 243 368 436 449
D20 0.0226 0 367 333 568
D20 0.0214 10 184 234 505
D20 0.0208 125 302 378 587
D20 0.0204 0 0 408 294
D20 0.0204 244 406 560 600
D20 0.0199 167 0 600 294
D20 0.0196 334 359 580 476
D20 0.0194 0 134 364 534
D20 0.0193 360 454 600 600
D20 0.0191 312 118 600 600
D20 0.0181 187 267 454 535
D20 0.0178 0 452 230 600
D20 0.0174 0 310 189 412
D20 0.0172 341 357 427 407
D20 0.0161 0 355 151 600
D20 0.0158 0 356 220 486
D20 0.0155 454 0 600 222
D20 0.0150 423 481 600 555
D20 0.0150 0 0 256 427
D20 0.0147 0 0 146 226
D20 0.0147 186 187 586 495
D20 0.0145 322 285 600 533
D20 0.0141 453 364 600 600
D20 0.0137 290 387 454 467
D20 0.0135 98 40 401 483
D20 0.0125 330 0 600 180
D20 0.0122 0 0 262 179
D20 0.0120 526 0 600 114
D20 0.0113 207 441 490 568
D20 0.0111 121 94 519 586
D20 0.0109 0 76 152 450
D20 0.0107 342 395 584 528
D20 0.0105 322 494 545 586
D20 0.0103 490 0 600 71
D20 0.0101 307 285 480 493
D20 0.0101 0 340 135 445
D40 0.0365 278 371 313 399
D40 0.0329 52 330 139 366
D40 0.0280 65 338 128 362
D40 0.0172 77 321 166 363
D40 0.0146 258 371 304 400
D40 0.0137 84 330 147 358
D40 0.0123 125 308 198 352
D40 0.0123 58 334 106 366
D40 0.0122 16 164 365 393
D40 0.0105 0 0 202 210
D40 0.0102 130 318 179 345
