D00 0.1967 359 312 406 338
D00 0.1544 229 298 247 357
D00 0.1255 331 449 410 600
D00 0.1196 210 444 296 596
D00 0.1147 355 306 429 341
D00 0.1092 210 401 246 497
D00 0.1086 226 273 250 363
D00 0.1068 236 290 254 354
D00 0.0931 332 287 434 344
D00 0.0927 197 372 275 516
D00 0.0872 350 522 396 600
D00 0.0872 365 306 393 340
D00 0.0870 237 264 254 330
D00 0.0828 217 415 241 481
D00 0.0800 351 296 399 339
D00 0.0772 344 499 430 600
D00 0.0771 205 432 290 527
D00 0.0768 229 254 260 367
D00 0.0766 232 462 285 510
D00 0.0754 314 393 393 563
D00 0.0707 275 329 423 598
D00 0.0703 230 266 248 330
D00 0.0694 202 330 356 582
D00 0.0677 216 380 253 479
D00 0.0674 221 298 255 388
D00 0.0621 252 317 380 534
D00 0.0592 341 435 390 568
D00 0.0569 358 542 415 600
D00 0.0569 183 394 317 561
D00 0.0568 227 421 392 588
D00 0.0567 205 271 262 423
D00 0.0564 211 428 269 496
D00 0.0560 254 391 518 600
D00 0.0553 228 301 264 357
D00 0.0552 192 313 302 533
D00 0.0545 210 269 255 366
D00 0.0540 341 481 381 584
D00 0.0531 333 378 444 591
D00 0.0528 328 420 378 539
D00 0.0526 324 417 361 510
D00 0.0520 292 293 425 356
D00 0.0519 316 289 435 392
D00 0.0511 220 264 279 395
D00 0.0504 244 461 287 544
D00 0.0502 244 480 455 592
D00 0.0501 163 429 347 600
D00 0.0487 207 474 270 586
D00 0.0476 159 384 270 579
D00 0.0473 222 374 251 444
D00 0.0464 220 294 244 352
D00 0.0463 329 306 445 367
D00 0.0425 361 300 404 367
D00 0.0417 330 276 394 340
D00 0.0414 332 463 372 559
D00 0.0409 198 552 284 595
D00 0.0402 365 548 394 599
D00 0.0399 166 486 289 597
D00 0.0394 230 317 256 359
D00 0.0388 193 413 256 510
D00 0.0385 296 296 414 481
D00 0.0383 239 265 267 348
D00 0.0383 296 313 479 531
D00 0.0383 234 245 257 321
D00 0.0380 531 443 600 600
D00 0.0378 305 265 427 338
D00 0.0378 219 392 242 448
D00 0.0371 343 485 489 594
D00 0.0369 245 258 265 316
D00 0.0367 334 456 365 528
D00 0.0364 210 447 261 532
D00 0.0364 191 279 241 381
D00 0.0363 178 292 259 467
D00 0.0362 129 313 304 600
D00 0.0361 286 446 387 600
D00 0.0359 294 368 384 522
D00 0.0359 224 407 249 472
D00 0.0357 228 308 264 409
D00 0.0355 248 471 281 516
D00 0.0354 221 250 254 332
D00 0.0352 229 288 289 357
D00 0.0352 215 287 434 525
D00 0.0348 225 290 249 336
D00 0.0347 220 293 345 497
D00 0.0345 315 400 354 498
D00 0.0343 265 242 285 295
D00 0.0341 212 323 256 448
D00 0.0338 300 520 451 600
D00 0.0336 151 379 434 584
D00 0.0332 324 509 393 595
D00 0.0323 217 305 280 462
D00 0.0317 354 287 390 329
D00 0.0317 211 310 252 362
D00 0.0314 256 250 275 306
D00 0.0313 199 410 242 467
D00 0.0310 323 394 379 497
D00 0.0306 211 385 311 505
D00 0.0305 204 561 259 591
D00 0.0301 348 314 421 353
D00 0.0301 331 446 355 502
D00 0.0300 366 283 406 346
D00 0.0298 227 400 375 517
D00 0.0294 356 540 474 598
D00 0.0292 250 407 439 541
D00 0.0292 367 314 429 384
D00 0.0291 231 277 301 411
D00 0.0289 152 425 269 526
D00 0.0288 341 301 457 418
D00 0.0286 202 288 240 354
D00 0.0280 210 434 237 490
D00 0.0275 359 299 463 351
D00 0.0275 275 294 312 368
D00 0.0273 353 371 600 598
D00 0.0273 360 569 401 600
D00 0.0273 283 317 306 365
D00 0.0270 333 418 423 546
D00 0.0268 222 458 331 570
D00 0.0264 422 434 590 587
D00 0.0263 214 442 249 486
D00 0.0263 245 274 403 391
D00 0.0262 361 354 488 565
D00 0.0262 333 557 408 600
D00 0.0260 144 280 367 534
D00 0.0259 312 369 356 445
D00 0.0258 306 264 356 290
D00 0.0255 244 258 293 352
D00 0.0253 311 339 387 468
D00 0.0249 201 464 242 546
D00 0.0249 112 408 240 589
D00 0.0244 335 299 402 383
D00 0.0244 205 369 258 439
D00 0.0244 493 385 600 572
D00 0.0243 363 318 400 350
D00 0.0243 238 238 272 324
D00 0.0238 389 353 425 387
D00 0.0238 59 441 142 600
D00 0.0237 346 312 391 341
D00 0.0237 185 547 251 599
D00 0.0235 218 270 243 326
D00 0.0233 548 499 597 598
D00 0.0233 313 273 369 296
D00 0.0232 181 522 387 600
D00 0.0232 279 265 388 323
D00 0.0231 243 290 470 427
D00 0.0230 269 273 512 367
D00 0.0230 256 234 276 285
D00 0.0227 274 251 295 301
D00 0.0227 275 309 299 357
D00 0.0227 263 250 288 316
D00 0.0226 290 276 378 346
D00 0.0225 144 321 280 493
D00 0.0225 199 569 247 597
D00 0.0224 193 326 242 444
D00 0.0224 0 291 246 599
D00 0.0223 297 316 368 451
D00 0.0222 232 415 276 511
D00 0.0221 186 516 264 590
D00 0.0219 343 472 415 561
D00 0.0217 196 260 272 355
D00 0.0217 218 469 272 526
D00 0.0216 75 351 276 557
D00 0.0215 378 341 437 392
D00 0.0215 302 352 345 431
D00 0.0215 352 487 400 581
D00 0.0213 18 375 163 600
D00 0.0212 81 411 161 578
D00 0.0212 227 367 250 421
D00 0.0212 284 318 323 397
D00 0.0211 248 267 321 388
D00 0.0210 0 418 90 579
D00 0.0210 167 271 272 393
D00 0.0208 256 373 438 491
D00 0.0208 331 464 356 518
D00 0.0207 189 391 248 451
D00 0.0207 216 359 246 433
D00 0.0205 308 442 363 551
D00 0.0205 267 272 304 359
D00 0.0203 375 299 413 340
D00 0.0202 250 259 279 328
D00 0.0202 287 302 318 362
D00 0.0202 443 506 600 597
D00 0.0202 338 435 363 497
D00 0.0201 244 469 310 519
D00 0.0201 228 318 271 349
D00 0.0200 542 462 600 532
D00 0.0200 249 227 282 315
D00 0.0199 335 419 394 492
D00 0.0199 239 448 361 541
D00 0.0198 300 255 348 296
D00 0.0198 353 311 414 413
D00 0.0197 226 389 260 466
D00 0.0197 275 267 296 320
D00 0.0197 78 297 464 600
D00 0.0197 317 400 381 455
D00 0.0196 317 305 525 397
D00 0.0195 264 329 440 451
D00 0.0193 292 263 342 287
D00 0.0192 294 339 334 419
D00 0.0191 564 528 600 600
D00 0.0190 161 399 272 488
D00 0.0189 403 479 544 595
D00 0.0188 175 467 285 556
D00 0.0188 505 370 600 494
D00 0.0186 279 358 353 501
D00 0.0186 207 279 579 600
D00 0.0186 225 327 250 366
D00 0.0186 305 475 365 589
D00 0.0185 263 318 307 362
D00 0.0185 445 360 572 546
D00 0.0185 340 327 505 481
D00 0.0185 112 320 230 522
D00 0.0185 349 498 374 566
D00 0.0184 294 264 375 304
D00 0.0184 220 318 243 372
D00 0.0184 317 287 386 364
D00 0.0184 199 489 242 596
D00 0.0184 276 263 314 345
D00 0.0182 189 289 213 342
D00 0.0182 192 281 225 349
D00 0.0182 274 313 334 371
D00 0.0180 229 315 291 375
D00 0.0180 199 272 389 442
D00 0.0180 266 459 352 592
D00 0.0179 171 283 225 378
D00 0.0179 387 414 586 532
D00 0.0178 220 370 275 431
D00 0.0176 335 326 429 442
D00 0.0176 235 499 294 593
D00 0.0175 97 438 147 554
D00 0.0174 285 276 325 356
D00 0.0174 306 386 347 461
D00 0.0173 233 424 329 503
D00 0.0173 363 288 424 327
D00 0.0173 267 244 303 322
D00 0.0173 322 424 346 489
D00 0.0173 357 519 383 585
D00 0.0172 318 312 381 420
D00 0.0172 257 534 405 600
D00 0.0171 272 282 346 407
D00 0.0171 224 258 249 300
D00 0.0170 4 461 119 598
D00 0.0170 164 293 234 434
D00 0.0170 198 272 221 322
D00 0.0170 206 280 233 334
D00 0.0170 237 292 267 334
D00 0.0170 208 482 233 536
D00 0.0170 351 561 452 600
D00 0.0169 197 258 241 336
D00 0.0169 176 416 248 475
D00 0.0168 297 252 333 285
D00 0.0168 448 520 498 600
D00 0.0168 250 473 315 585
D00 0.0168 219 327 261 355
D00 0.0167 497 469 586 592
D00 0.0167 77 473 129 590
D00 0.0166 331 381 394 474
D00 0.0166 319 383 346 435
D00 0.0166 297 415 403 501
D00 0.0166 325 404 359 470
D00 0.0165 324 272 379 321
D00 0.0165 262 250 462 334
D00 0.0164 291 325 315 375
D00 0.0163 563 477 600 585
D00 0.0162 114 422 161 532
D00 0.0162 284 269 306 319
D00 0.0162 225 447 267 487
D00 0.0162 102 452 169 600
D00 0.0161 339 481 364 542
D00 0.0161 169 412 237 509
D00 0.0160 132 439 175 516
D00 0.0160 232 381 258 434
D00 0.0159 352 423 413 476
D00 0.0159 321 266 374 291
D00 0.0159 358 312 388 355
D00 0.0158 251 258 324 334
D00 0.0158 284 331 307 384
D00 0.0158 195 558 236 594
D00 0.0157 209 262 249 317
D00 0.0157 284 289 306 341
D00 0.0157 176 291 209 354
D00 0.0156 293 306 374 381
D00 0.0156 0 407 45 485
D00 0.0155 333 412 371 483
D00 0.0154 245 357 330 507
D00 0.0154 183 305 273 357
D00 0.0154 337 474 379 532
D00 0.0154 250 479 293 530
D00 0.0153 535 542 600 600
D00 0.0153 370 564 416 600
D00 0.0153 295 489 406 580
D00 0.0153 99 382 178 536
D00 0.0152 363 581 411 600
D00 0.0152 54 525 102 600
D00 0.0152 52 455 217 600
D00 0.0151 209 307 313 356
D00 0.0150 352 326 480 390
D00 0.0150 297 328 329 391
D00 0.0149 282 293 568 451
D00 0.0148 311 373 336 427
D00 0.0147 275 288 296 342
D00 0.0147 260 239 288 276
D00 0.0147 293 343 315 396
D00 0.0146 171 441 236 551
D00 0.0146 532 424 598 498
D00 0.0146 189 273 214 321
D00 0.0145 3 338 109 540
D00 0.0143 387 308 439 341
D00 0.0143 231 346 261 415
D00 0.0142 266 277 287 330
D00 0.0142 341 278 381 314
D00 0.0141 348 538 380 596
D00 0.0141 306 340 340 400
D00 0.0141 56 476 113 589
D00 0.0141 292 290 316 340
D00 0.0140 129 500 241 597
D00 0.0140 119 436 190 589
D00 0.0140 197 318 245 348
D00 0.0140 0 476 45 565
D00 0.0140 231 417 259 482
D00 0.0140 262 279 292 349
D00 0.0138 236 327 257 389
D00 0.0138 302 355 325 405
D00 0.0138 321 409 345 461
D00 0.0138 177 280 261 342
D00 0.0137 252 287 278 342
D00 0.0137 282 253 306 298
D00 0.0137 378 512 517 600
D00 0.0135 237 547 303 600
D00 0.0135 0 465 66 592
D00 0.0135 359 552 400 582
D00 0.0135 391 376 586 489
D00 0.0134 293 323 412 400
D00 0.0134 388 334 461 389
D00 0.0134 72 522 119 600
D00 0.0133 106 425 150 505
D00 0.0133 255 268 296 319
D00 0.0133 323 401 360 437
D00 0.0133 310 445 388 504
D00 0.0133 332 441 487 562
D00 0.0133 243 314 285 351
D00 0.0132 168 329 338 459
D00 0.0132 221 452 257 497
D00 0.0132 383 336 414 385
D00 0.0132 289 262 321 324
D00 0.0131 157 272 244 359
D00 0.0131 257 311 316 415
D00 0.0131 110 423 207 529
D00 0.0130 306 270 360 316
D00 0.0130 413 424 501 576
D00 0.0130 334 307 382 338
D00 0.0130 0 544 54 600
D00 0.0129 141 426 181 501
D00 0.0129 182 259 222 334
D00 0.0129 319 367 346 416
D00 0.0129 243 278 286 331
D00 0.0128 287 259 323 291
D00 0.0128 248 432 294 515
D00 0.0128 215 471 244 527
D00 0.0127 271 252 347 351
D00 0.0127 203 319 258 396
D00 0.0127 3 395 78 522
D00 0.0127 372 321 551 539
D00 0.0127 93 491 144 599
D00 0.0127 205 537 260 588
D00 0.0127 310 407 341 486
D00 0.0127 562 411 600 501
D00 0.0127 237 328 295 440
D00 0.0126 216 330 246 410
D00 0.0126 252 237 306 302
D00 0.0126 385 315 482 368
D00 0.0126 334 450 398 519
D00 0.0126 299 372 331 437
D00 0.0126 141 448 168 498
D00 0.0125 378 302 440 330
D00 0.0125 12 444 73 554
D00 0.0125 62 383 152 538
D00 0.0125 316 263 347 305
D00 0.0125 419 529 490 600
D00 0.0124 163 341 240 474
D00 0.0124 47 363 212 519
D00 0.0124 172 566 241 600
D00 0.0124 355 258 442 350
D00 0.0123 214 245 291 340
D00 0.0123 210 552 245 595
D00 0.0123 1 426 55 529
D00 0.0123 288 455 398 531
D00 0.0122 511 516 600 591
D00 0.0122 209 462 236 522
D00 0.0122 238 444 283 498
D00 0.0121 280 256 339 312
D00 0.0121 93 473 136 561
D00 0.0121 466 525 515 600
D00 0.0121 32 497 95 596
D00 0.0120 233 309 282 338
D00 0.0120 326 376 355 428
D00 0.0120 252 299 300 350
D00 0.0120 151 448 174 497
D00 0.0120 206 311 240 377
D00 0.0120 199 302 257 345
D00 0.0120 29 313 146 508
D00 0.0119 228 339 250 402
D00 0.0119 167 300 200 361
D00 0.0118 198 426 230 481
D00 0.0118 272 236 296 282
D00 0.0118 0 429 29 481
D00 0.0118 309 359 357 403
D00 0.0118 290 356 321 418
D00 0.0117 278 433 344 523
D00 0.0117 441 476 511 594
D00 0.0117 348 353 412 456
D00 0.0117 202 428 240 458
D00 0.0117 271 324 304 389
D00 0.0116 297 266 333 300
D00 0.0116 345 564 387 600
D00 0.0116 265 309 292 355
D00 0.0116 386 525 464 591
D00 0.0115 439 346 568 456
D00 0.0115 0 288 33 372
D00 0.0115 343 466 371 521
D00 0.0115 124 434 163 496
D00 0.0115 87 449 132 535
D00 0.0114 109 446 143 519
D00 0.0114 200 400 271 457
D00 0.0114 179 283 206 331
D00 0.0114 0 454 36 530
D00 0.0113 394 339 524 458
D00 0.0113 242 487 279 525
D00 0.0113 74 282 260 483
D00 0.0113 220 308 259 338
D00 0.0113 207 255 232 308
D00 0.0113 205 432 255 475
D00 0.0112 360 279 396 316
D00 0.0112 301 316 347 390
D00 0.0112 545 358 597 461
D00 0.0112 160 272 352 364
D00 0.0111 29 544 93 600
D00 0.0111 344 483 390 544
D00 0.0111 219 528 277 594
D00 0.0111 178 314 203 364
D00 0.0111 505 436 585 491
D00 0.0110 277 249 354 288
D00 0.0110 135 436 221 513
D00 0.0110 166 293 344 410
D00 0.0110 569 539 600 577
D00 0.0110 240 320 265 370
D00 0.0110 231 235 310 366
D00 0.0109 433 333 497 387
D00 0.0109 251 231 280 262
D00 0.0109 183 311 215 351
D00 0.0109 388 348 440 377
D00 0.0108 572 558 598 600
D00 0.0108 536 481 597 561
D00 0.0108 354 364 438 478
D00 0.0108 0 531 108 600
D00 0.0107 456 367 585 433
D00 0.0107 184 238 245 350
D00 0.0107 323 386 377 436
D00 0.0107 247 234 267 287
D00 0.0106 196 485 230 550
D00 0.0106 300 319 326 366
D00 0.0106 387 347 429 415
D00 0.0106 359 425 397 500
D00 0.0106 276 241 316 313
D00 0.0106 445 360 538 401
D00 0.0106 343 446 372 504
D00 0.0105 296 273 330 333
D00 0.0105 559 547 597 587
D00 0.0105 291 300 338 348
D00 0.0104 518 472 582 546
D00 0.0104 354 491 382 555
D00 0.0104 209 386 237 436
D00 0.0104 275 255 322 280
D00 0.0104 515 368 591 438
D00 0.0103 353 436 418 510
D00 0.0103 131 404 172 497
D00 0.0103 314 457 359 505
D00 0.0103 312 401 336 448
D00 0.0102 453 328 490 358
D00 0.0102 438 341 552 391
D00 0.0102 145 284 212 411
D00 0.0102 47 414 125 547
D00 0.0102 81 344 164 505
D00 0.0102 0 514 36 599
D00 0.0101 336 280 370 331
D00 0.0101 349 454 440 541
D00 0.0101 0 556 31 596
D00 0.0101 120 260 300 442
D00 0.0101 210 397 261 435
D00 0.0101 119 454 168 507
D00 0.0101 0 411 27 463
D00 0.0100 189 294 250 333
D00 0.0100 147 452 178 521
D00 0.0100 190 263 231 314
D00 0.0100 218 480 257 553
D00 0.0100 350 320 399 374
D00 0.0100 211 514 248 593
D00 0.0100 380 317 455 443
D00 0.0100 374 418 462 553
D10 0.1587 524 467 600 489
D10 0.1551 220 461 285 504
D10 0.1425 489 450 600 496
D10 0.1383 229 469 280 496
D10 0.1146 210 449 323 511
D10 0.1038 184 415 243 436
D10 0.0981 334 422 406 453
D10 0.0940 235 468 302 512
D10 0.0874 163 410 259 443
D10 0.0871 392 525 487 550
D10 0.0864 358 310 432 342
D10 0.0805 437 442 600 512
D10 0.0801 353 432 411 454
D10 0.0780 368 522 474 559
D10 0.0688 330 416 395 442
D10 0.0682 324 304 408 340
D10 0.0678 199 549 293 590
D10 0.0662 349 516 487 594
D10 0.0651 331 414 427 463
D10 0.0637 185 449 280 503
D10 0.0637 215 448 295 547
D10 0.0626 318 408 405 449
D10 0.0611 507 465 600 512
D10 0.0599 536 470 600 502
D10 0.0590 383 527 455 546
D10 0.0576 177 432 304 526
D10 0.0563 360 523 438 553
D10 0.0563 198 449 371 540
D10 0.0557 370 321 445 343
D10 0.0541 479 453 600 537
D10 0.0517 215 460 264 487
D10 0.0505 226 376 310 404
D10 0.0491 222 555 286 579
D10 0.0489 195 517 305 592
D10 0.0485 237 453 359 504
D10 0.0472 340 317 399 340
D10 0.0471 242 464 293 490
D10 0.0470 196 406 242 431
D10 0.0466 235 329 297 354
D10 0.0462 212 431 288 499
D10 0.0450 413 521 497 561
D10 0.0448 497 466 583 494
D10 0.0440 164 408 233 430
D10 0.0439 228 385 283 409
D10 0.0438 564 469 600 493
D10 0.0436 463 437 593 486
D10 0.0427 319 397 452 488
D10 0.0421 373 505 520 572
D10 0.0410 358 544 443 596
D10 0.0400 350 517 435 569
D10 0.0399 187 420 240 446
D10 0.0393 376 326 463 351
D10 0.0389 245 485 292 511
D10 0.0388 243 476 333 507
D10 0.0374 325 406 382 433
D10 0.0366 539 434 600 488
D10 0.0364 221 318 317 359
D10 0.0358 225 378 272 402
D10 0.0357 246 337 304 359
D10 0.0353 224 541 317 582
D10 0.0352 160 539 289 595
D10 0.0351 313 414 361 437
D10 0.0347 359 429 444 458
D10 0.0344 306 317 393 345
D10 0.0342 191 503 385 596
D10 0.0340 432 528 488 552
D10 0.0336 259 329 308 355
D10 0.0326 313 312 385 335
D10 0.0322 345 311 476 366
D10 0.0321 234 548 291 573
D10 0.0320 222 451 268 482
D10 0.0318 241 385 310 407
D10 0.0314 226 479 331 540
D10 0.0313 368 520 430 543
D10 0.0311 533 541 599 574
D10 0.0305 439 454 574 494
D10 0.0304 391 526 507 582
D10 0.0299 135 389 262 458
D10 0.0297 155 415 222 436
D10 0.0297 299 388 410 459
D10 0.0295 214 498 289 572
D10 0.0292 315 368 368 390
D10 0.0292 331 275 384 294
D10 0.0292 339 428 445 480
D10 0.0291 555 457 600 491
D10 0.0290 323 421 373 444
D10 0.0284 372 555 433 580
D10 0.0282 528 421 600 527
D10 0.0279 279 300 396 352
D10 0.0277 134 400 252 436
D10 0.0275 348 477 481 560
D10 0.0269 351 438 402 462
D10 0.0268 140 454 277 529
D10 0.0267 341 397 443 453
D10 0.0267 247 320 301 348
D10 0.0264 226 478 283 519
D10 0.0261 530 451 591 483
D10 0.0259 335 479 418 527
D10 0.0259 152 409 256 474
D10 0.0257 118 505 293 598
D10 0.0256 412 533 483 557
D10 0.0249 206 561 269 590
D10 0.0248 152 378 248 428
D10 0.0245 283 405 375 446
D10 0.0244 234 375 343 423
D10 0.0241 270 337 317 360
D10 0.0240 491 406 600 500
D10 0.0239 197 406 243 454
D10 0.0239 355 416 410 444
D10 0.0233 301 368 349 391
D10 0.0231 383 550 460 585
D10 0.0231 255 471 326 497
D10 0.0226 268 377 323 401
D10 0.0226 404 491 600 585
D10 0.0225 223 356 318 409
D10 0.0225 196 291 244 314
D10 0.0225 363 539 429 579
D10 0.0224 309 358 359 383
D10 0.0224 317 376 366 399
D10 0.0222 212 371 296 415
D10 0.0219 402 329 482 354
D10 0.0218 305 315 410 367
D10 0.0218 225 537 390 599
D10 0.0216 385 533 449 559
D10 0.0214 216 476 264 503
D10 0.0214 515 477 578 502
D10 0.0214 302 532 392 586
D10 0.0212 219 384 259 411
D10 0.0211 567 477 600 502
D10 0.0211 256 488 323 510
D10 0.0209 199 463 263 498
D10 0.0207 273 467 373 516
D10 0.0205 349 488 404 511
D10 0.0203 436 526 519 573
D10 0.0202 344 281 391 304
D10 0.0202 279 330 327 355
D10 0.0201 305 297 391 332
D10 0.0200 464 518 600 591
D10 0.0198 189 479 276 541
D10 0.0197 257 318 367 371
D10 0.0196 313 424 391 489
D10 0.0196 194 376 274 422
D10 0.0196 423 519 482 547
D10 0.0195 314 269 394 309
D10 0.0195 308 375 395 434
D10 0.0194 540 537 594 563
D10 0.0193 313 409 535 539
D10 0.0193 320 364 400 393
D10 0.0192 367 560 420 595
D10 0.0192 238 369 297 394
D10 0.0191 218 487 348 579
D10 0.0190 364 439 422 460
D10 0.0189 304 360 385 402
D10 0.0189 348 477 422 509
D10 0.0189 227 553 311 598
D10 0.0189 253 548 310 570
D10 0.0189 199 405 270 477
D10 0.0188 437 332 490 353
D10 0.0188 443 534 494 558
D10 0.0188 186 396 241 424
D10 0.0187 513 477 596 547
D10 0.0187 289 339 340 362
D10 0.0186 301 376 348 400
D10 0.0185 0 466 59 499
D10 0.0185 292 414 344 438
D10 0.0184 258 369 315 393
D10 0.0183 308 325 387 356
D10 0.0183 225 345 355 421
D10 0.0183 247 526 368 584
D10 0.0182 369 533 426 560
D10 0.0182 230 449 288 486
D10 0.0182 389 420 592 501
D10 0.0182 389 366 441 389
D10 0.0180 240 335 340 393
D10 0.0180 381 358 472 395
D10 0.0179 358 498 458 547
D10 0.0178 314 355 388 387
D10 0.0177 195 391 271 443
D10 0.0177 334 348 431 390
D10 0.0176 269 402 394 480
D10 0.0176 553 456 600 529
D10 0.0175 217 406 311 476
D10 0.0175 505 529 599 573
D10 0.0174 234 561 290 590
D10 0.0174 240 366 377 438
D10 0.0174 268 385 324 409
D10 0.0174 266 480 342 502
D10 0.0174 126 448 245 502
D10 0.0173 251 555 309 578
D10 0.0173 287 474 364 504
D10 0.0173 563 544 600 569
D10 0.0171 224 392 266 421
D10 0.0171 249 459 337 493
D10 0.0171 298 330 353 354
D10 0.0169 356 525 403 548
D10 0.0168 212 547 271 575
D10 0.0168 282 368 329 391
D10 0.0166 239 310 291 338
D10 0.0166 308 348 359 374
D10 0.0165 323 281 378 305
D10 0.0163 371 329 455 374
D10 0.0163 291 302 342 325
D10 0.0162 217 390 316 443
D10 0.0162 351 275 401 293
D10 0.0162 288 542 368 573
D10 0.0161 451 473 594 559
D10 0.0161 271 320 316 348
D10 0.0160 445 339 499 362
D10 0.0160 385 544 444 572
D10 0.0160 402 489 505 548
D10 0.0160 126 547 246 595
D10 0.0159 338 403 408 436
D10 0.0159 303 404 350 432
D10 0.0159 518 543 600 593
D10 0.0158 297 311 355 335
D10 0.0157 241 547 338 591
D10 0.0157 356 426 501 487
D10 0.0157 303 421 350 443
D10 0.0156 443 468 566 520
D10 0.0156 341 479 393 506
D10 0.0155 211 489 273 528
D10 0.0155 297 470 356 495
D10 0.0155 357 361 427 390
D10 0.0155 283 264 334 286
D10 0.0155 307 339 362 363
D10 0.0154 227 369 271 394
D10 0.0154 553 551 597 581
D10 0.0154 325 395 377 422
D10 0.0154 188 300 237 326
D10 0.0153 395 507 481 555
D10 0.0153 113 396 218 446
D10 0.0153 120 459 166 487
D10 0.0153 380 562 440 592
D10 0.0153 534 479 595 519
D10 0.0152 185 328 240 353
D10 0.0152 227 389 304 422
D10 0.0152 332 321 399 352
D10 0.0151 397 537 475 577
D10 0.0151 577 456 600 492
D10 0.0151 297 321 355 345
D10 0.0151 210 393 248 423
D10 0.0150 219 381 355 459
D10 0.0150 383 338 443 361
D10 0.0150 493 462 560 486
D10 0.0150 261 311 307 336
D10 0.0149 292 358 339 383
D10 0.0148 197 365 312 435
D10 0.0148 251 301 300 325
D10 0.0148 385 312 452 339
D10 0.0147 438 509 556 564
D10 0.0147 387 512 450 552
D10 0.0147 205 449 250 479
D10 0.0147 215 412 253 436
D10 0.0147 216 403 254 429
D10 0.0147 391 451 583 553
D10 0.0146 350 511 411 549
D10 0.0145 362 329 502 389
D10 0.0144 282 335 382 390
D10 0.0144 5 534 96 582
D10 0.0143 291 347 339 373
D10 0.0143 181 292 225 315
D10 0.0143 248 346 304 369
D10 0.0143 314 549 401 600
D10 0.0142 292 293 342 316
D10 0.0142 413 322 471 346
D10 0.0142 149 418 231 448
D10 0.0141 521 546 583 568
D10 0.0141 146 406 205 429
D10 0.0141 179 319 228 346
D10 0.0141 446 328 513 357
D10 0.0141 0 475 50 509
D10 0.0140 312 478 359 502
D10 0.0139 242 291 290 314
D10 0.0139 319 544 377 569
D10 0.0139 394 359 454 384
D10 0.0138 113 412 218 470
D10 0.0138 486 504 590 567
D10 0.0138 190 283 235 309
D10 0.0137 244 494 284 519
D10 0.0136 273 302 319 324
D10 0.0135 272 346 317 372
D10 0.0135 105 448 180 499
D10 0.0135 278 546 381 593
D10 0.0135 184 561 286 600
D10 0.0135 423 436 542 480
D10 0.0134 227 336 270 360
D10 0.0134 209 497 254 524
D10 0.0134 319 384 365 410
D10 0.0133 516 459 568 489
D10 0.0132 210 377 254 400
D10 0.0131 348 463 445 506
D10 0.0131 393 336 475 365
D10 0.0130 258 367 353 411
D10 0.0130 329 459 409 512
D10 0.0130 265 413 354 454
D10 0.0130 338 433 454 516
D10 0.0130 227 495 275 522
D10 0.0130 293 272 343 296
D10 0.0129 337 433 394 471
D10 0.0129 469 411 582 475
D10 0.0128 196 355 276 409
D10 0.0128 173 437 258 489
D10 0.0128 113 449 158 479
D10 0.0128 187 309 237 339
D10 0.0127 326 290 382 319
D10 0.0127 323 363 436 447
D10 0.0127 338 487 380 513
D10 0.0127 208 281 250 308
D10 0.0126 359 427 409 471
D10 0.0126 282 311 328 335
D10 0.0125 170 328 215 354
D10 0.0125 351 495 402 520
D10 0.0125 336 520 407 584
D10 0.0124 487 537 581 582
D10 0.0124 377 416 487 466
D10 0.0124 323 469 361 496
D10 0.0124 231 534 297 569
D10 0.0124 452 528 503 553
D10 0.0123 200 505 242 530
D10 0.0123 402 367 465 390
D10 0.0123 11 407 204 532
D10 0.0122 322 372 396 404
D10 0.0122 171 551 243 589
D10 0.0122 0 470 37 495
D10 0.0122 225 369 269 416
D10 0.0121 262 292 310 315
D10 0.0121 0 454 51 491
D10 0.0121 277 482 374 539
D10 0.0120 451 336 523 365
D10 0.0120 410 332 499 370
D10 0.0119 300 282 352 307
D10 0.0119 113 468 159 495
D10 0.0118 430 535 492 575
D10 0.0118 137 460 183 487
D10 0.0118 342 359 403 382
D10 0.0118 426 452 520 490
D10 0.0118 191 428 239 459
D10 0.0118 313 394 357 423
D10 0.0118 256 495 306 518
D10 0.0117 129 467 174 494
D10 0.0117 294 287 363 321
D10 0.0117 214 333 295 392
D10 0.0116 128 451 173 480
D10 0.0116 113 376 214 427
D10 0.0116 372 422 416 454
D10 0.0116 331 477 369 504
D10 0.0115 213 486 259 517
D10 0.0114 274 547 332 568
D10 0.0113 70 368 124 390
D10 0.0113 272 357 319 383
D10 0.0113 357 532 401 559
D10 0.0113 0 448 90 502
D10 0.0112 317 474 388 530
D10 0.0112 258 534 331 566
D10 0.0111 357 398 560 484
D10 0.0111 257 394 318 418
D10 0.0111 234 346 283 368
D10 0.0111 302 384 347 410
D10 0.0111 331 552 385 582
D10 0.0111 243 282 289 307
D10 0.0111 281 423 335 444
D10 0.0110 0 549 68 584
D10 0.0110 435 462 533 499
D10 0.0109 0 469 74 517
D10 0.0109 385 442 529 507
D10 0.0109 22 545 82 568
D10 0.0108 462 459 547 489
D10 0.0108 569 450 600 480
D10 0.0108 107 459 151 486
D10 0.0108 416 443 498 482
D10 0.0108 214 505 262 530
D10 0.0107 394 558 469 596
D10 0.0107 198 336 246 361
D10 0.0107 492 476 578 524
D10 0.0107 193 459 245 485
D10 0.0106 410 539 493 595
D10 0.0106 504 451 566 481
D10 0.0106 342 267 391 289
D10 0.0105 374 437 458 468
D10 0.0105 542 410 600 475
D10 0.0105 335 536 391 578
D10 0.0105 336 491 406 554
D10 0.0105 215 420 252 445
D10 0.0105 362 282 409 304
D10 0.0105 89 465 168 520
D10 0.0105 262 393 356 437
D10 0.0104 560 486 600 513
D10 0.0104 173 309 214 338
D10 0.0104 336 469 379 496
D10 0.0104 2 438 125 515
D10 0.0104 365 411 440 446
D10 0.0103 177 338 228 362
D10 0.0103 159 502 258 568
D10 0.0103 209 407 260 443
D10 0.0103 282 404 334 430
D10 0.0103 113 441 156 469
D10 0.0103 358 542 400 570
D10 0.0102 271 415 328 437
D10 0.0102 366 522 407 557
D10 0.0102 173 494 251 543
D10 0.0101 278 293 364 336
D10 0.0100 367 488 423 510
D10 0.0100 28 549 92 585
D20 0.0803 348 305 438 344
D20 0.0678 212 435 297 581
D20 0.0662 122 382 534 593
D20 0.0656 227 460 287 513
D20 0.0635 280 418 600 600
D20 0.0559 148 428 295 527
D20 0.0558 339 299 470 353
D20 0.0541 250 272 422 355
D20 0.0495 14 324 416 566
D20 0.0468 15 409 352 597
D20 0.0454 206 313 288 517
D20 0.0438 214 443 279 502
D20 0.0429 201 414 367 512
D20 0.0408 335 482 572 596
D20 0.0399 216 282 390 378
D20 0.0396 343 521 495 600
D20 0.0391 308 292 403 338
D20 0.0386 320 376 411 522
D20 0.0332 218 296 314 467
D20 0.0324 261 327 600 553
D20 0.0302 305 264 455 346
D20 0.0301 304 325 397 478
D20 0.0300 268 261 400 331
D20 0.0298 226 277 312 382
D20 0.0296 117 395 278 499
D20 0.0295 352 315 496 368
D20 0.0292 338 419 406 468
D20 0.0289 244 299 376 429
D20 0.0281 221 310 315 355
D20 0.0268 186 305 455 536
D20 0.0262 342 453 486 587
D20 0.0261 198 472 341 590
D20 0.0251 241 266 339 362
D20 0.0249 324 405 402 454
D20 0.0246 544 406 600 546
D20 0.0245 165 478 471 600
D20 0.0242 357 286 431 338
D20 0.0239 206 353 374 460
D20 0.0236 224 364 265 438
D20 0.0233 77 480 294 592
D20 0.0231 235 323 341 496
D20 0.0220 332 411 455 558
D20 0.0215 265 308 403 379
D20 0.0214 99 442 281 549
D20 0.0212 181 290 245 354
D20 0.0208 492 378 600 492
D20 0.0208 0 165 557 591
D20 0.0205 327 363 455 479
D20 0.0205 277 311 426 420
D20 0.0201 411 348 600 600
D20 0.0200 182 293 343 401
D20 0.0199 260 257 361 397
D20 0.0197 158 270 444 434
D20 0.0196 538 438 600 492
D20 0.0191 0 313 251 537
D20 0.0190 510 444 600 570
D20 0.0190 231 523 420 600
D20 0.0188 299 272 386 317
D20 0.0184 242 393 411 499
D20 0.0184 152 324 252 488
D20 0.0182 162 273 332 365
D20 0.0182 318 364 364 443
D20 0.0179 228 325 355 403
D20 0.0177 0 0 408 294
D20 0.0176 266 311 308 383
D20 0.0173 167 0 600 294
D20 0.0172 0 463 250 600
D20 0.0171 320 304 400 350
D20 0.0171 387 308 503 353
D20 0.0171 172 284 213 359
D20 0.0170 310 345 356 419
D20 0.0168 383 522 598 600
D20 0.0166 111 522 320 600
D20 0.0166 48 364 296 519
D20 0.0166 17 15 600 441
D20 0.0166 359 327 538 396
D20 0.0164 247 305 323 384
D20 0.0163 189 266 230 350
D20 0.0162 572 444 600 514
D20 0.0161 254 294 302 363
D20 0.0160 0 118 290 600
D20 0.0160 336 390 419 461
D20 0.0157 312 118 600 600
D20 0.0156 231 318 303 372
D20 0.0156 182 281 261 332
D20 0.0155 0 363 152 600
D20 0.0155 287 263 368 304
D20 0.0154 554 523 600 600
D20 0.0151 249 321 341 363
D20 0.0146 412 326 529 370
D20 0.0144 49 285 373 487
D20 0.0144 373 529 435 600
D20 0.0143 238 261 295 328
D20 0.0143 206 272 311 325
D20 0.0140 231 355 277 426
D20 0.0139 125 284 278 376
D20 0.0138 254 248 378 311
D20 0.0137 304 294 589 447
D20 0.0136 458 360 600 452
D20 0.0134 173 410 246 463
D20 0.0132 185 368 329 493
D20 0.0132 295 332 356 390
D20 0.0132 179 305 224 356
D20 0.0132 314 387 395 435
D20 0.0132 167 316 264 362
D20 0.0131 547 464 600 600
D20 0.0130 225 290 313 341
D20 0.0128 224 263 321 311
D20 0.0127 293 284 362 341
D20 0.0126 0 342 88 495
D20 0.0126 0 444 46 520
D20 0.0126 258 324 298 357
D20 0.0124 381 288 457 344
D20 0.0124 156 299 233 349
D20 0.0122 0 0 145 219
D20 0.0121 511 501 600 600
D20 0.0121 310 328 453 441
D20 0.0121 454 0 600 216
D20 0.0120 0 293 93 438
D20 0.0119 143 278 259 348
D20 0.0119 446 433 600 581
D20 0.0118 162 300 203 376
D20 0.0118 432 339 515 383
D20 0.0117 7 374 198 486
D20 0.0117 270 256 353 295
D20 0.0117 275 337 319 415
D20 0.0116 229 365 306 413
D20 0.0116 0 397 35 478
D20 0.0114 300 306 377 358
D20 0.0114 193 258 248 320
D20 0.0114 361 561 472 600
D20 0.0114 315 270 571 370
D20 0.0114 32 524 249 600
D20 0.0113 302 329 391 374
D20 0.0113 0 283 124 524
D20 0.0113 417 344 584 421
D20 0.0113 271 241 512 344
D20 0.0113 64 506 109 591
D20 0.0112 292 315 359 371
D20 0.0112 204 247 365 333
D20 0.0112 247 344 328 422
D20 0.0111 545 454 600 508
D20 0.0111 111 368 204 517
D20 0.0111 349 388 438 499
D20 0.0111 175 312 207 352
D20 0.0109 158 330 325 444
D20 0.0109 383 341 485 384
D20 0.0107 126 378 239 476
D20 0.0107 102 333 266 438
D20 0.0106 325 0 600 177
D20 0.0105 296 375 373 427
D20 0.0104 527 0 600 109
D20 0.0104 175 296 235 331
D20 0.0103 5 340 190 449
D20 0.0102 0 526 110 600
D20 0.0102 274 366 337 427
D20 0.0102 316 353 385 409
D20 0.0102 367 413 418 472
D20 0.0101 0 244 237 457
D20 0.0100 0 476 72 600
D40 0.0864 219 456 289 527
D40 0.0694 239 470 281 508
D40 0.0289 355 427 400 457
D40 0.0277 329 404 402 477
D40 0.0220 72 274 457 479
D40 0.0203 207 536 288 594
D40 0.0191 329 463 358 502
D40 0.0186 28 248 600 567
D40 0.0185 202 269 570 471
D40 0.0179 230 464 270 503
D40 0.0173 357 559 440 600
D40 0.0171 337 421 393 468
D40 0.0148 348 408 438 473
D40 0.0144 331 418 374 451
D40 0.0143 562 433 600 517
D40 0.0138 0 255 327 468
D40 0.0127 313 560 401 600
D40 0.0116 365 432 406 465
D40 0.0107 242 535 326 597
D40 0.0101 48 523 105 595
D40 0.0101 582 458 600 502
