D00 0.3082 377 442 403 496
D00 0.2938 346 411 411 505
D00 0.2747 245 457 276 501
D00 0.2381 320 395 430 517
D00 0.2322 110 420 167 484
D00 0.2262 368 428 415 503
D00 0.2167 220 446 282 499
D00 0.2095 74 399 290 490
D00 0.2002 97 418 214 488
D00 0.1987 380 458 409 500
D00 0.1958 212 415 467 491
D00 0.1815 245 434 283 512
D00 0.1717 75 382 199 487
D00 0.1497 351 440 405 496
D00 0.1465 200 422 291 500
D00 0.1423 250 451 288 497
D00 0.1400 139 428 280 498
D00 0.1399 371 444 441 499
D00 0.1354 351 408 461 498
D00 0.1320 298 393 535 496
D00 0.1278 331 412 394 478
D00 0.1259 290 405 408 493
D00 0.1198 100 397 186 472
D00 0.1101 116 426 194 466
D00 0.0941 300 443 409 499
D00 0.0920 115 378 164 468
D00 0.0906 176 423 375 502
D00 0.0893 243 442 307 497
D00 0.0882 235 404 299 505
D00 0.0868 101 442 195 496
D00 0.0867 92 407 172 505
D00 0.0850 371 466 404 497
D00 0.0820 384 445 418 495
D00 0.0797 118 426 169 451
D00 0.0770 116 441 155 503
D00 0.0763 371 452 408 525
D00 0.0744 28 386 172 464
D00 0.0710 117 434 162 473
D00 0.0705 227 448 351 497
D00 0.0700 361 418 403 486
D00 0.0684 215 427 324 516
D00 0.0664 129 413 188 500
D00 0.0659 329 410 387 449
D00 0.0653 350 395 435 474
D00 0.0652 86 370 170 455
D00 0.0640 168 448 270 493
D00 0.0617 109 401 202 543
D00 0.0594 258 409 289 496
D00 0.0591 88 413 165 467
D00 0.0540 344 418 423 569
D00 0.0536 254 432 278 495
D00 0.0527 50 347 242 491
D00 0.0526 320 397 407 454
D00 0.0526 123 396 411 488
D00 0.0525 425 424 564 496
D00 0.0524 373 394 498 486
D00 0.0520 468 437 534 496
D00 0.0515 79 437 154 501
D00 0.0514 68 418 304 535
D00 0.0513 128 421 227 472
D00 0.0509 147 437 225 498
D00 0.0505 246 347 456 499
D00 0.0499 234 460 280 517
D00 0.0491 112 432 168 524
D00 0.0491 372 433 402 478
D00 0.0491 320 418 376 502
D00 0.0489 186 452 305 508
D00 0.0482 223 452 275 480
D00 0.0479 83 363 146 435
D00 0.0474 110 379 233 470
D00 0.0473 226 437 454 525
D00 0.0470 258 419 357 498
D00 0.0467 381 467 437 495
D00 0.0466 385 428 518 490
D00 0.0451 328 450 429 511
D00 0.0434 357 450 391 496
D00 0.0429 329 442 387 496
D00 0.0420 233 397 345 487
D00 0.0417 173 392 289 512
D00 0.0410 120 410 154 460
D00 0.0409 245 469 296 500
D00 0.0402 311 376 452 477
D00 0.0401 134 425 183 458
D00 0.0398 343 461 410 501
D00 0.0396 75 400 151 484
D00 0.0392 95 451 157 492
D00 0.0389 214 423 291 571
D00 0.0388 0 383 122 493
D00 0.0387 124 450 175 502
D00 0.0370 231 475 275 500
D00 0.0363 102 354 160 424
D00 0.0363 546 575 595 600
D00 0.0361 347 432 399 474
D00 0.0361 297 413 390 458
D00 0.0361 141 395 283 467
D00 0.0359 245 469 271 514
D00 0.0354 18 412 140 469
D00 0.0351 451 427 519 487
D00 0.0350 489 447 546 499
D00 0.0349 362 446 399 481
D00 0.0347 155 427 266 473
D00 0.0347 104 379 153 442
D00 0.0347 125 406 173 468
D00 0.0342 247 380 409 462
D00 0.0339 39 374 157 438
D00 0.0339 407 403 469 466
D00 0.0335 0 418 41 506
D00 0.0334 414 413 535 476
D00 0.0328 354 418 396 460
D00 0.0327 120 414 193 449
D00 0.0326 315 402 380 436
D00 0.0324 118 435 237 522
D00 0.0322 132 431 166 489
D00 0.0321 101 395 146 464
D00 0.0320 173 379 229 402
D00 0.0320 66 389 148 446
D00 0.0319 334 460 372 496
D00 0.0313 383 413 423 493
D00 0.0312 336 428 392 457
D00 0.0310 397 422 452 501
D00 0.0307 246 411 286 469
D00 0.0307 383 455 423 526
D00 0.0306 235 419 280 484
D00 0.0304 177 461 257 500
D00 0.0302 200 467 273 497
D00 0.0301 417 413 499 459
D00 0.0299 307 439 531 533
D00 0.0296 326 379 378 454
D00 0.0294 212 397 289 469
D00 0.0294 28 399 229 547
D00 0.0293 481 452 524 493
D00 0.0292 129 444 215 480
D00 0.0289 253 407 311 475
D00 0.0288 395 446 430 495
D00 0.0282 6 401 83 476
D00 0.0281 413 417 477 491
D00 0.0281 415 410 479 445
D00 0.0280 295 464 408 512
D00 0.0278 253 407 294 454
D00 0.0278 264 440 297 494
D00 0.0275 122 462 149 507
D00 0.0275 250 400 381 449
D00 0.0271 385 469 409 516
D00 0.0271 57 442 131 504
D00 0.0271 133 389 206 457
D00 0.0271 106 411 165 449
D00 0.0270 227 453 262 499
D00 0.0269 6 395 110 450
D00 0.0269 65 352 176 429
D00 0.0269 459 445 512 495
D00 0.0268 230 465 347 509
D00 0.0268 293 309 488 528
D00 0.0268 377 476 413 501
D00 0.0268 432 430 500 494
D00 0.0266 311 445 365 496
D00 0.0264 242 440 276 478
D00 0.0261 459 411 590 481
D00 0.0261 80 425 172 571
D00 0.0261 108 466 153 497
D00 0.0260 382 397 452 461
D00 0.0258 345 398 388 461
D00 0.0257 105 425 152 466
D00 0.0256 246 463 284 544
D00 0.0256 152 462 279 510
D00 0.0256 119 354 164 406
D00 0.0253 72 381 126 432
D00 0.0253 0 379 61 495
D00 0.0251 468 449 520 479
D00 0.0246 309 373 374 430
D00 0.0245 146 452 201 501
D00 0.0244 312 463 385 497
D00 0.0244 188 376 267 402
D00 0.0244 86 378 128 419
D00 0.0243 117 457 160 487
D00 0.0242 421 394 566 461
D00 0.0240 407 447 460 495
D00 0.0240 104 443 151 481
D00 0.0240 209 440 277 475
D00 0.0239 368 412 416 473
D00 0.0238 1 444 27 499
D00 0.0237 393 397 519 453
D00 0.0235 475 440 542 474
D00 0.0234 242 414 288 436
D00 0.0234 302 420 351 502
D00 0.0234 177 387 242 409
D00 0.0232 330 453 357 498
D00 0.0232 457 398 540 496
D00 0.0231 123 357 185 457
D00 0.0230 96 360 153 400
D00 0.0229 2 424 99 514
D00 0.0227 344 378 487 443
D00 0.0227 209 369 268 390
D00 0.0227 403 462 446 495
D00 0.0227 125 365 162 437
D00 0.0226 354 468 396 499
D00 0.0225 256 436 287 477
D00 0.0224 344 439 488 511
D00 0.0222 8 339 149 452
D00 0.0220 94 369 139 411
D00 0.0220 135 351 169 386
D00 0.0220 51 383 128 472
D00 0.0219 168 372 218 408
D00 0.0217 120 448 171 477
D00 0.0216 542 552 600 600
D00 0.0216 272 430 312 497
D00 0.0215 255 468 317 494
D00 0.0215 486 467 537 498
D00 0.0215 524 576 581 599
D00 0.0215 253 463 289 518
D00 0.0213 120 356 163 382
D00 0.0212 227 456 309 547
D00 0.0210 395 402 460 435
D00 0.0209 343 381 406 445
D00 0.0208 443 436 510 472
D00 0.0207 348 457 399 524
D00 0.0205 379 436 421 477
D00 0.0205 234 394 295 447
D00 0.0205 419 400 456 456
D00 0.0204 187 384 268 412
D00 0.0204 142 426 177 479
D00 0.0201 343 455 380 506
D00 0.0201 94 464 146 507
D00 0.0201 151 426 196 494
D00 0.0200 218 378 275 399
D00 0.0199 104 452 137 501
D00 0.0199 189 409 271 476
D00 0.0199 411 572 456 599
D00 0.0197 120 397 158 440
D00 0.0196 303 428 405 563
D00 0.0195 181 367 259 394
D00 0.0195 501 443 571 504
D00 0.0195 486 543 522 576
D00 0.0192 279 375 349 403
D00 0.0191 428 428 463 496
D00 0.0191 184 437 241 505
D00 0.0191 120 363 151 417
D00 0.0191 81 322 191 456
D00 0.0190 279 420 328 502
D00 0.0189 179 451 226 489
D00 0.0187 331 394 373 428
D00 0.0187 425 415 465 453
D00 0.0187 251 384 375 427
D00 0.0187 0 448 62 508
D00 0.0187 235 437 268 491
D00 0.0186 240 407 289 429
D00 0.0185 111 371 143 429
D00 0.0185 123 341 178 397
D00 0.0185 312 413 371 441
D00 0.0184 299 393 371 424
D00 0.0184 152 427 210 465
D00 0.0184 299 363 363 416
D00 0.0183 198 465 307 589
D00 0.0182 37 451 106 506
D00 0.0182 96 387 140 427
D00 0.0182 439 456 527 500
D00 0.0180 287 384 359 414
D00 0.0180 173 444 213 502
D00 0.0180 360 463 461 508
D00 0.0179 507 463 551 501
D00 0.0179 375 389 459 431
D00 0.0179 203 363 288 395
D00 0.0179 175 369 227 392
D00 0.0179 539 565 588 595
D00 0.0179 418 406 471 431
D00 0.0178 167 416 233 466
D00 0.0178 93 403 246 600
D00 0.0178 328 400 361 445
D00 0.0178 94 356 215 425
D00 0.0178 271 365 339 393
D00 0.0177 360 471 405 514
D00 0.0176 27 380 99 470
D00 0.0175 505 569 599 600
D00 0.0174 96 458 185 553
D00 0.0174 190 456 282 546
D00 0.0174 236 369 294 389
D00 0.0173 258 403 291 434
D00 0.0172 209 446 257 501
D00 0.0171 370 424 456 576
D00 0.0171 128 363 176 414
D00 0.0171 6 353 86 464
D00 0.0171 259 369 313 390
D00 0.0170 244 383 305 437
D00 0.0170 290 425 379 521
D00 0.0170 313 358 414 451
D00 0.0170 170 381 314 434
D00 0.0168 115 461 157 531
D00 0.0168 268 410 503 600
D00 0.0168 380 449 437 480
D00 0.0168 364 380 429 439
D00 0.0168 298 383 364 465
D00 0.0168 402 378 548 439
D00 0.0168 357 453 436 550
D00 0.0168 244 408 328 452
D00 0.0167 296 367 348 391
D00 0.0166 106 465 183 507
D00 0.0166 85 459 334 591
D00 0.0166 237 430 329 569
D00 0.0165 230 466 271 542
D00 0.0165 307 358 356 400
D00 0.0165 474 460 513 498
D00 0.0165 334 378 384 425
D00 0.0165 103 358 152 384
D00 0.0164 264 411 299 445
D00 0.0164 377 418 464 474
D00 0.0164 483 549 540 581
D00 0.0163 268 378 324 399
D00 0.0163 192 452 249 490
D00 0.0162 426 462 462 496
D00 0.0162 480 548 587 596
D00 0.0160 213 374 281 421
D00 0.0160 131 378 171 452
D00 0.0160 305 378 358 400
D00 0.0159 268 418 296 479
D00 0.0159 189 337 376 509
D00 0.0159 174 368 247 411
D00 0.0158 409 408 449 445
D00 0.0158 148 403 193 465
D00 0.0157 166 467 223 497
D00 0.0156 63 474 139 505
D00 0.0156 408 408 447 483
D00 0.0155 139 375 210 406
D00 0.0154 253 450 302 480
D00 0.0154 219 360 275 382
D00 0.0154 69 461 109 501
D00 0.0154 139 450 182 491
D00 0.0153 287 447 341 495
D00 0.0153 391 478 450 499
D00 0.0152 0 430 79 487
D00 0.0151 46 410 138 510
D00 0.0151 109 373 154 403
D00 0.0151 392 416 459 453
D00 0.0151 326 368 375 413
D00 0.0150 328 477 384 498
D00 0.0150 85 396 132 436
D00 0.0149 323 384 362 416
D00 0.0149 155 361 231 399
D00 0.0149 270 375 351 478
D00 0.0149 219 387 275 411
D00 0.0148 137 357 186 381
D00 0.0148 0 404 34 468
D00 0.0147 472 465 556 506
D00 0.0146 320 454 348 497
D00 0.0146 366 438 401 464
D00 0.0146 159 458 227 509
D00 0.0146 356 404 396 438
D00 0.0145 298 428 332 497
D00 0.0145 20 358 134 415
D00 0.0145 403 394 466 425
D00 0.0145 61 442 98 504
D00 0.0144 276 387 335 410
D00 0.0144 229 375 300 401
D00 0.0144 167 428 275 569
D00 0.0144 426 574 476 600
D00 0.0144 163 451 208 490
D00 0.0144 84 357 142 389
D00 0.0143 92 422 140 485
D00 0.0143 113 341 161 387
D00 0.0143 376 406 589 548
D00 0.0143 416 465 490 497
D00 0.0142 230 388 283 429
D00 0.0142 467 440 500 488
D00 0.0142 332 459 374 529
D00 0.0142 143 345 178 378
D00 0.0142 259 398 306 441
D00 0.0142 254 374 318 423
D00 0.0142 222 407 280 451
D00 0.0142 433 411 475 475
D00 0.0142 318 363 383 395
D00 0.0141 159 368 209 391
D00 0.0141 18 442 84 506
D00 0.0141 177 380 206 416
D00 0.0141 322 373 361 405
D00 0.0140 411 386 476 440
D00 0.0140 333 419 373 472
D00 0.0139 419 556 463 600
D00 0.0139 134 442 214 563
D00 0.0139 368 391 406 458
D00 0.0139 215 462 464 585
D00 0.0139 229 363 320 395
D00 0.0139 315 383 354 437
D00 0.0139 445 393 512 478
D00 0.0139 80 446 119 504
D00 0.0138 326 510 380 531
D00 0.0138 238 547 281 593
D00 0.0138 545 568 574 600
D00 0.0137 446 431 502 459
D00 0.0137 445 421 486 486
D00 0.0137 397 403 437 474
D00 0.0137 277 358 383 439
D00 0.0137 111 452 204 600
D00 0.0137 193 478 259 501
D00 0.0137 326 517 379 540
D00 0.0137 241 372 333 405
D00 0.0136 355 382 419 414
D00 0.0136 326 470 362 499
D00 0.0136 3 461 37 502
D00 0.0136 464 431 531 464
D00 0.0135 468 441 566 524
D00 0.0135 33 386 118 435
D00 0.0135 497 450 558 475
D00 0.0134 365 412 405 448
D00 0.0134 141 410 400 598
D00 0.0134 127 365 174 390
D00 0.0133 0 446 35 524
D00 0.0133 94 453 125 502
D00 0.0133 228 481 278 578
D00 0.0132 101 383 148 410
D00 0.0132 450 450 503 477
D00 0.0132 495 478 548 503
D00 0.0131 154 573 227 600
D00 0.0131 477 383 600 530
D00 0.0131 268 408 341 466
D00 0.0131 240 417 279 455
D00 0.0130 167 474 242 504
D00 0.0130 338 363 402 418
D00 0.0130 126 467 215 505
D00 0.0129 219 418 265 485
D00 0.0129 274 457 329 496
D00 0.0129 194 357 266 385
D00 0.0129 299 404 358 448
D00 0.0129 502 517 598 594
D00 0.0129 56 406 128 442
D00 0.0128 309 354 373 386
D00 0.0128 423 437 450 491
D00 0.0128 0 367 164 536
D00 0.0128 91 418 140 455
D00 0.0128 51 478 109 503
D00 0.0128 347 373 412 406
D00 0.0128 161 390 221 475
D00 0.0127 35 434 163 600
D00 0.0127 212 353 297 387
D00 0.0127 0 366 64 445
D00 0.0127 279 355 345 386
D00 0.0127 388 396 425 467
D00 0.0127 133 471 171 504
D00 0.0127 343 392 406 423
D00 0.0126 261 380 316 461
D00 0.0126 144 360 180 395
D00 0.0126 241 379 290 419
D00 0.0125 296 469 357 494
D00 0.0124 24 474 97 506
D00 0.0124 75 363 133 400
D00 0.0124 238 360 293 382
D00 0.0124 411 438 442 492
D00 0.0124 306 462 343 496
D00 0.0123 435 453 472 492
D00 0.0123 161 406 257 454
D00 0.0123 440 419 487 454
D00 0.0123 455 452 495 491
D00 0.0123 51 462 89 502
D00 0.0123 335 470 407 538
D00 0.0123 120 357 207 400
D00 0.0122 472 554 521 578
D00 0.0122 148 349 197 389
D00 0.0122 385 346 535 494
D00 0.0122 382 384 451 415
D00 0.0121 323 483 386 533
D00 0.0121 127 572 203 600
D00 0.0121 204 392 281 442
D00 0.0121 318 417 361 453
D00 0.0120 318 379 347 421
D00 0.0120 159 376 209 445
D00 0.0120 258 373 294 402
D00 0.0120 280 390 354 443
D00 0.0120 269 359 321 382
D00 0.0119 306 510 361 532
D00 0.0119 156 362 193 395
D00 0.0119 403 565 480 600
D00 0.0119 309 369 338 409
D00 0.0119 421 446 490 482
D00 0.0118 501 562 576 593
D00 0.0118 196 462 355 545
D00 0.0117 410 545 551 599
D00 0.0117 423 415 451 472
D00 0.0116 387 551 492 598
D00 0.0116 219 472 269 511
D00 0.0116 275 382 313 413
D00 0.0115 403 561 446 595
D00 0.0115 356 439 562 595
D00 0.0115 306 517 361 539
D00 0.0114 177 361 206 400
D00 0.0114 510 459 599 506
D00 0.0113 325 462 437 585
D00 0.0113 246 482 270 530
D00 0.0113 246 556 290 582
D00 0.0113 290 345 353 394
D00 0.0112 146 471 261 600
D00 0.0112 401 379 454 447
D00 0.0112 145 372 181 406
D00 0.0112 451 527 584 587
D00 0.0112 258 392 292 424
D00 0.0111 513 422 587 498
D00 0.0111 281 459 429 543
D00 0.0111 140 350 186 423
D00 0.0111 297 405 359 427
D00 0.0111 187 543 321 600
D00 0.0111 216 363 365 415
D00 0.0110 0 459 126 524
D00 0.0110 123 544 270 600
D00 0.0110 482 422 556 479
D00 0.0110 180 384 250 466
D00 0.0110 69 448 148 554
D00 0.0110 211 427 278 465
D00 0.0109 447 469 501 496
D00 0.0108 156 413 206 447
D00 0.0108 243 352 328 387
D00 0.0108 241 473 307 513
D00 0.0108 427 442 535 518
D00 0.0107 373 374 441 405
D00 0.0107 158 358 208 381
D00 0.0107 214 498 333 599
D00 0.0107 0 458 31 487
D00 0.0107 154 472 192 503
D00 0.0107 458 431 490 480
D00 0.0107 323 485 526 582
D00 0.0106 334 387 384 409
D00 0.0106 194 372 223 407
D00 0.0106 487 532 534 573
D00 0.0106 116 505 366 600
D00 0.0106 162 480 383 579
D00 0.0105 349 382 389 416
D00 0.0105 331 360 466 420
D00 0.0105 475 402 543 432
D00 0.0105 299 370 328 408
D00 0.0105 41 337 162 403
D00 0.0105 370 425 433 464
D00 0.0104 168 350 216 390
D00 0.0104 292 446 318 495
D00 0.0104 430 430 483 457
D00 0.0104 454 541 535 579
D00 0.0104 338 475 389 515
D00 0.0103 310 510 398 544
D00 0.0103 387 391 427 424
D00 0.0103 416 472 454 499
D00 0.0103 161 368 188 410
D00 0.0103 328 426 361 484
D00 0.0103 486 562 537 587
D00 0.0103 233 371 263 407
D00 0.0103 178 345 242 394
D00 0.0103 335 376 385 401
D00 0.0102 219 391 261 422
D00 0.0102 517 473 558 505
D00 0.0102 0 449 30 476
D00 0.0101 138 376 166 426
D00 0.0101 344 367 398 391
D00 0.0101 319 501 368 537
D00 0.0101 0 443 45 482
D00 0.0100 281 369 308 407
D00 0.0100 249 387 301 409
D00 0.0100 312 436 338 492
D00 0.0100 200 354 339 442
D10 0.1282 167 444 287 485
D10 0.0987 147 438 259 476
D10 0.0797 176 452 270 474
D10 0.0678 170 445 253 469
D10 0.0561 129 427 225 466
D10 0.0534 314 419 395 469
D10 0.0528 160 451 233 473
D10 0.0464 168 452 246 490
D10 0.0462 101 432 161 477
D10 0.0459 115 424 163 449
D10 0.0388 129 426 203 451
D10 0.0371 326 430 383 454
D10 0.0366 193 458 277 489
D10 0.0355 84 426 155 465
D10 0.0351 83 444 155 482
D10 0.0347 112 457 156 487
D10 0.0325 202 444 275 468
D10 0.0321 120 416 168 442
D10 0.0293 345 415 396 438
D10 0.0290 91 440 150 468
D10 0.0238 325 439 381 463
D10 0.0237 164 432 236 463
D10 0.0227 49 433 149 480
D10 0.0227 113 478 157 503
D10 0.0226 339 407 389 429
D10 0.0218 307 435 378 470
D10 0.0217 314 422 373 449
D10 0.0212 279 415 384 458
D10 0.0212 204 399 294 436
D10 0.0209 201 448 262 481
D10 0.0207 88 423 148 449
D10 0.0206 229 406 285 428
D10 0.0200 183 428 273 467
D10 0.0199 231 414 284 436
D10 0.0199 136 413 217 446
D10 0.0191 87 458 145 487
D10 0.0190 356 420 403 446
D10 0.0187 85 473 152 505
D10 0.0183 138 450 208 475
D10 0.0179 75 451 139 475
D10 0.0173 357 405 409 427
D10 0.0173 155 458 217 487
D10 0.0172 348 406 436 458
D10 0.0169 280 430 380 481
D10 0.0167 75 432 140 458
D10 0.0164 358 410 426 443
D10 0.0164 99 414 152 441
D10 0.0163 299 432 361 453
D10 0.0161 156 436 211 471
D10 0.0158 340 447 397 480
D10 0.0153 127 478 177 502
D10 0.0148 343 510 399 531
D10 0.0147 122 402 167 429
D10 0.0144 63 442 128 465
D10 0.0144 422 404 501 434
D10 0.0142 293 487 403 533
D10 0.0138 320 502 408 536
D10 0.0138 334 396 383 419
D10 0.0136 390 404 446 429
D10 0.0136 190 401 272 428
D10 0.0135 400 397 454 420
D10 0.0127 75 489 172 536
D10 0.0126 392 450 449 479
D10 0.0123 378 413 433 437
D10 0.0123 184 479 246 501
D10 0.0122 325 448 378 478
D10 0.0121 350 395 401 418
D10 0.0121 111 489 159 509
D10 0.0121 382 441 438 466
D10 0.0117 47 448 123 480
D10 0.0115 345 499 398 522
D10 0.0114 258 406 309 428
D10 0.0114 380 395 435 419
D10 0.0113 300 440 358 464
D10 0.0113 91 489 145 508
D10 0.0112 278 401 357 430
D10 0.0111 116 393 159 416
D10 0.0111 385 435 455 473
D10 0.0111 145 479 199 502
D10 0.0110 377 421 430 446
D10 0.0109 156 416 221 437
D10 0.0108 164 479 221 502
D10 0.0108 110 489 209 536
D10 0.0107 165 424 232 450
D10 0.0107 37 422 135 468
D10 0.0107 377 425 445 463
D10 0.0106 328 501 380 522
D10 0.0105 354 505 418 534
D10 0.0103 418 451 469 477
D10 0.0102 233 420 281 444
D10 0.0102 376 430 427 455
D10 0.0101 361 428 401 456
D10 0.0101 453 403 526 432
D20 0.2626 96 418 291 487
D20 0.2171 230 413 425 504
D20 0.2154 51 395 429 501
D20 0.1836 35 408 190 495
D20 0.1397 332 412 520 498
D20 0.1313 82 393 225 482
D20 0.1207 284 375 577 506
D20 0.1172 109 422 203 466
D20 0.1121 10 328 514 533
D20 0.1101 8 372 268 496
D20 0.1090 15 379 181 475
D20 0.0829 184 455 289 501
D20 0.0781 128 386 596 546
D20 0.0776 98 379 277 467
D20 0.0739 116 445 281 495
D20 0.0697 404 418 580 499
D20 0.0645 316 445 411 497
D20 0.0638 90 435 163 489
D20 0.0607 0 379 370 554
D20 0.0525 129 425 242 471
D20 0.0523 210 334 480 510
D20 0.0520 111 422 256 527
D20 0.0464 76 419 159 473
D20 0.0431 382 391 559 478
D20 0.0427 128 408 223 457
D20 0.0426 79 453 159 503
D20 0.0403 365 448 463 496
D20 0.0393 36 441 474 600
D20 0.0392 235 449 334 496
D20 0.0380 246 454 412 514
D20 0.0358 59 296 310 545
D20 0.0351 1 444 176 522
D20 0.0348 303 438 375 498
D20 0.0346 17 420 249 548
D20 0.0343 466 438 587 507
D20 0.0317 164 381 259 413
D20 0.0313 480 455 557 504
D20 0.0296 415 408 498 451
D20 0.0290 225 381 404 457
D20 0.0281 120 362 295 434
D20 0.0279 17 165 600 591
D20 0.0274 145 392 280 502
D20 0.0267 272 459 383 497
D20 0.0252 85 353 232 453
D20 0.0247 153 381 329 457
D20 0.0239 12 424 131 510
D20 0.0237 155 373 234 408
D20 0.0230 0 15 557 441
D20 0.0225 312 295 600 530
D20 0.0222 451 371 600 499
D20 0.0217 91 360 364 476
D20 0.0216 0 283 203 542
D20 0.0211 33 458 132 505
D20 0.0205 352 452 600 600
D20 0.0205 236 404 559 600
D20 0.0204 62 443 183 557
D20 0.0201 269 380 362 416
D20 0.0197 0 0 408 294
D20 0.0196 280 445 414 549
D20 0.0194 391 459 492 497
D20 0.0193 167 0 600 294
D20 0.0189 418 449 511 495
D20 0.0188 28 253 387 474
D20 0.0185 312 118 600 600
D20 0.0184 0 364 158 600
D20 0.0183 263 371 350 406
D20 0.0180 368 352 580 463
D20 0.0178 0 118 290 600
D20 0.0178 141 382 272 430
D20 0.0172 360 405 452 455
D20 0.0164 0 343 138 509
D20 0.0160 502 460 588 506
D20 0.0159 331 356 466 469
D20 0.0157 0 461 237 595
D20 0.0156 354 445 540 514
D20 0.0154 194 407 291 450
D20 0.0153 337 378 417 422
D20 0.0151 237 245 553 572
D20 0.0149 178 360 364 425
D20 0.0145 366 379 450 420
D20 0.0145 119 368 212 411
D20 0.0145 262 416 376 458
D20 0.0145 497 473 560 505
D20 0.0142 349 370 427 411
D20 0.0141 410 342 600 595
D20 0.0140 320 368 399 412
D20 0.0139 352 359 528 434
D20 0.0135 329 361 412 400
D20 0.0134 453 537 600 600
D20 0.0132 0 0 146 226
D20 0.0131 169 366 289 405
D20 0.0131 0 470 165 544
D20 0.0127 455 0 600 225
D20 0.0123 130 343 214 379
D20 0.0119 138 227 484 490
D20 0.0118 263 431 371 481
D20 0.0117 0 0 211 145
D20 0.0113 413 445 600 550
D20 0.0109 107 537 287 600
D20 0.0108 385 0 600 146
D20 0.0107 35 479 172 577
D20 0.0104 364 362 449 398
D20 0.0103 0 0 72 112
D20 0.0103 141 348 246 483
D20 0.0103 48 505 289 600
D20 0.0102 482 546 569 586
D20 0.0101 106 338 281 410
D40 0.0703 109 444 254 495
D40 0.0653 115 441 157 482
D40 0.0530 224 520 273 542
D40 0.0523 76 385 307 500
D40 0.0412 120 387 207 434
D40 0.0411 552 574 598 599
D40 0.0390 11 308 505 561
D40 0.0365 166 387 221 409
D40 0.0358 121 452 281 515
D40 0.0341 210 514 286 546
D40 0.0331 153 381 235 415
D40 0.0308 123 390 186 422
D40 0.0280 500 437 597 474
D40 0.0280 417 409 506 451
D40 0.0278 147 390 218 419
D40 0.0276 133 394 191 414
D40 0.0271 91 449 167 518
D40 0.0269 240 520 290 541
D40 0.0265 114 391 179 453
D40 0.0265 480 428 579 494
D40 0.0262 116 448 193 519
D40 0.0262 62 382 136 433
D40 0.0255 163 387 259 422
D40 0.0252 146 388 204 409
D40 0.0223 0 418 42 470
D40 0.0220 437 417 521 461
D40 0.0220 107 374 181 427
D40 0.0217 171 394 230 416
D40 0.0215 145 394 232 441
D40 0.0210 514 444 585 465
D40 0.0208 128 387 179 409
D40 0.0208 542 556 600 600
D40 0.0207 41 392 122 439
D40 0.0202 1 427 28 480
D40 0.0200 123 398 164 440
D40 0.0200 561 563 600 595
D40 0.0197 111 518 160 543
D40 0.0194 125 380 162 418
D40 0.0192 279 389 373 427
D40 0.0187 168 467 265 505
D40 0.0185 74 393 125 421
D40 0.0182 234 517 278 554
D40 0.0174 239 467 330 500
D40 0.0173 202 389 292 427
D40 0.0170 430 415 494 439
D40 0.0169 85 511 166 546
D40 0.0169 126 402 176 428
D40 0.0167 188 220 600 571
D40 0.0166 0 517 44 541
D40 0.0162 530 446 600 476
D40 0.0154 182 397 280 434
D40 0.0152 226 511 271 533
D40 0.0152 0 411 65 460
D40 0.0151 140 399 182 438
D40 0.0150 13 466 182 546
D40 0.0150 442 423 502 449
D40 0.0149 444 407 528 447
D40 0.0148 101 463 274 551
D40 0.0146 219 396 277 420
D40 0.0146 228 466 402 543
D40 0.0145 106 474 174 544
D40 0.0145 269 392 345 421
D40 0.0143 324 576 377 599
D40 0.0142 295 396 356 419
D40 0.0141 125 569 221 600
D40 0.0139 63 402 119 429
D40 0.0139 266 504 364 536
D40 0.0137 51 481 241 586
D40 0.0137 0 430 34 458
D40 0.0136 0 495 174 565
D40 0.0136 503 478 556 503
D40 0.0135 420 352 506 382
D40 0.0135 257 477 318 498
D40 0.0134 29 467 154 516
D40 0.0133 234 513 262 547
D40 0.0132 197 395 263 418
D40 0.0132 141 403 199 428
D40 0.0132 275 510 333 532
D40 0.0131 352 518 406 540
D40 0.0130 244 512 270 547
D40 0.0129 101 525 154 548
D40 0.0129 449 415 513 437
D40 0.0129 115 298 157 344
D40 0.0128 233 512 320 545
D40 0.0127 4 403 91 450
D40 0.0127 257 398 357 436
D40 0.0126 217 501 296 539
D40 0.0125 568 581 600 600
D40 0.0124 336 510 420 544
D40 0.0124 112 384 156 410
D40 0.0123 506 450 571 473
D40 0.0122 513 450 600 496
D40 0.0121 0 509 33 536
D40 0.0120 140 342 219 378
D40 0.0120 559 450 600 475
D40 0.0119 212 536 375 600
D40 0.0119 115 341 189 383
D40 0.0119 295 510 353 532
D40 0.0117 156 349 208 372
D40 0.0116 230 491 395 569
D40 0.0115 6 421 52 451
D40 0.0115 27 490 148 535
D40 0.0115 241 389 333 428
D40 0.0115 166 340 215 362
D40 0.0115 545 440 593 471
D40 0.0114 0 509 61 546
D40 0.0114 94 537 270 600
D40 0.0112 171 400 249 428
D40 0.0112 252 550 332 588
D40 0.0111 206 525 260 547
D40 0.0111 491 433 569 463
D40 0.0111 507 442 570 488
D40 0.0110 258 518 312 539
D40 0.0109 228 402 271 431
D40 0.0109 358 362 436 399
D40 0.0108 93 487 188 574
D40 0.0108 244 503 329 537
D40 0.0107 25 512 147 554
D40 0.0107 160 399 204 435
D40 0.0107 340 575 395 598
D40 0.0106 67 332 207 429
D40 0.0106 247 488 371 533
D40 0.0106 243 511 288 533
D40 0.0106 380 563 454 600
D40 0.0105 111 490 283 575
D40 0.0105 259 511 311 532
D40 0.0105 468 465 566 515
D40 0.0104 470 401 600 484
D40 0.0104 576 567 600 600
D40 0.0104 404 344 487 376
D40 0.0103 213 516 251 543
D40 0.0102 288 569 374 600
D40 0.0102 104 517 186 553
D40 0.0102 169 514 339 593
D40 0.0101 325 570 408 600
D40 0.0101 338 354 421 389
D40 0.0101 112 510 159 534
D40 0.0101 511 467 564 507
D40 0.0100 121 309 160 337
D40 0.0100 153 350 228 389
