D00 0.0269 1 553 27 599
D00 0.0224 0 574 47 599
D00 0.0204 0 530 41 600
D00 0.0201 128 342 291 600
D00 0.0186 156 386 261 583
D00 0.0181 301 357 345 435
D00 0.0178 0 567 77 600
D00 0.0167 154 528 195 600
D00 0.0167 332 530 373 600
D00 0.0166 537 574 597 598
D00 0.0155 309 364 336 413
D00 0.0149 310 375 354 455
D00 0.0142 296 344 361 457
D00 0.0136 300 366 344 391
D00 0.0133 318 369 371 465
D00 0.0133 184 340 361 600
D00 0.0131 327 575 378 599
D00 0.0128 422 476 463 562
D00 0.0125 556 562 597 594
D00 0.0123 325 393 358 459
D00 0.0121 216 381 332 573
D00 0.0120 294 356 403 471
D00 0.0120 0 441 84 597
D00 0.0119 145 504 184 585
D00 0.0118 0 356 96 479
D00 0.0118 39 338 233 600
D00 0.0118 567 570 600 600
D00 0.0117 307 357 352 404
D00 0.0117 222 536 287 600
D00 0.0115 309 352 336 395
D00 0.0114 473 574 553 600
D00 0.0114 0 441 54 504
D00 0.0113 311 264 356 288
D00 0.0113 317 373 345 424
D00 0.0113 339 510 381 581
D00 0.0113 292 373 340 421
D00 0.0113 272 332 380 443
D00 0.0112 309 382 337 433
D00 0.0110 157 504 191 569
D00 0.0109 478 408 542 465
D00 0.0109 323 266 359 303
D00 0.0109 292 358 339 401
D00 0.0109 186 349 297 543
D00 0.0109 135 513 173 600
D00 0.0107 261 359 355 410
D00 0.0107 261 378 371 567
D00 0.0106 149 534 178 600
D00 0.0106 301 374 344 402
D00 0.0106 165 514 199 578
D00 0.0105 286 272 369 420
D00 0.0104 180 460 302 592
D00 0.0104 537 562 578 592
D00 0.0104 513 435 596 591
D00 0.0104 493 425 527 463
D00 0.0103 458 549 526 600
D00 0.0103 0 348 50 407
D00 0.0103 489 375 597 559
D00 0.0103 312 552 377 600
D00 0.0103 285 372 370 431
D00 0.0102 165 547 201 600
D00 0.0102 457 364 600 448
D00 0.0102 0 515 28 587
D00 0.0101 319 390 346 444
D00 0.0101 0 352 32 387
D00 0.0101 0 471 54 527
D00 0.0101 339 572 416 600
D00 0.0100 222 542 254 593
D10 0.0324 0 476 69 506
D10 0.0318 537 557 595 580
D10 0.0310 158 486 232 517
D10 0.0305 536 565 596 591
D10 0.0255 524 550 600 589
D10 0.0233 170 523 248 557
D10 0.0219 0 488 49 511
D10 0.0214 427 538 517 573
D10 0.0213 457 548 600 597
D10 0.0201 178 535 245 561
D10 0.0201 167 496 226 521
D10 0.0200 0 463 88 502
D10 0.0200 166 470 257 521
D10 0.0199 166 541 247 574
D10 0.0193 338 551 437 586
D10 0.0185 160 482 220 507
D10 0.0184 0 345 75 372
D10 0.0183 0 470 49 497
D10 0.0183 451 545 511 564
D10 0.0183 167 546 224 568
D10 0.0179 157 455 244 504
D10 0.0178 539 547 594 571
D10 0.0173 499 564 584 593
D10 0.0172 0 480 83 519
D10 0.0172 163 513 237 548
D10 0.0170 158 488 249 533
D10 0.0169 166 526 222 552
D10 0.0169 0 479 38 504
D10 0.0165 193 531 258 569
D10 0.0162 18 480 79 502
D10 0.0161 347 557 410 577
D10 0.0161 171 555 236 580
D10 0.0156 187 490 245 512
D10 0.0152 476 533 593 582
D10 0.0151 0 572 79 600
D10 0.0151 202 527 253 551
D10 0.0149 341 544 418 572
D10 0.0149 162 535 210 561
D10 0.0147 153 546 199 568
D10 0.0145 19 471 79 495
D10 0.0145 10 336 84 364
D10 0.0144 178 502 272 571
D10 0.0144 0 563 44 595
D10 0.0142 177 564 246 591
D10 0.0142 211 544 259 571
D10 0.0141 420 520 600 589
D10 0.0139 332 544 480 598
D10 0.0138 123 474 219 523
D10 0.0137 157 550 218 585
D10 0.0136 348 563 426 594
D10 0.0136 202 361 310 410
D10 0.0135 243 302 294 325
D10 0.0135 190 518 246 542
D10 0.0134 188 520 336 592
D10 0.0132 188 497 244 521
D10 0.0132 161 516 209 543
D10 0.0131 201 553 255 581
D10 0.0130 169 506 227 533
D10 0.0130 0 353 63 385
D10 0.0130 510 557 575 580
D10 0.0129 421 550 539 594
D10 0.0128 461 538 517 561
D10 0.0128 178 484 271 544
D10 0.0127 366 554 449 580
D10 0.0127 232 377 284 401
D10 0.0125 180 453 276 500
D10 0.0125 488 573 576 600
D10 0.0125 299 359 344 384
D10 0.0124 206 542 365 599
D10 0.0123 0 517 47 541
D10 0.0122 136 536 220 582
D10 0.0120 452 540 550 577
D10 0.0120 241 539 331 578
D10 0.0119 210 563 263 593
D10 0.0119 153 554 199 579
D10 0.0118 155 497 203 523
D10 0.0118 180 502 251 538
D10 0.0117 0 547 96 597
D10 0.0117 0 508 79 551
D10 0.0117 434 537 498 562
D10 0.0116 210 536 301 584
D10 0.0115 148 524 232 572
D10 0.0115 240 369 295 392
D10 0.0114 0 497 47 522
D10 0.0114 297 550 403 595
D10 0.0113 121 458 218 504
D10 0.0113 321 432 422 478
D10 0.0112 502 376 600 429
D10 0.0112 446 432 543 471
D10 0.0112 220 344 326 395
D10 0.0111 487 441 537 466
D10 0.0111 277 559 376 597
D10 0.0111 355 541 463 576
D10 0.0110 0 526 46 548
D10 0.0110 198 378 283 421
D10 0.0110 148 457 282 558
D10 0.0109 239 432 313 459
D10 0.0109 552 536 600 561
D10 0.0108 366 559 469 597
D10 0.0107 337 546 386 568
D10 0.0106 456 447 530 474
D10 0.0106 0 427 64 461
D10 0.0106 119 330 170 354
D10 0.0105 223 355 353 416
D10 0.0104 297 572 373 600
D10 0.0104 0 460 48 488
D10 0.0104 116 445 260 532
D10 0.0103 229 437 322 471
D10 0.0103 163 563 209 593
D10 0.0103 155 506 200 533
D10 0.0103 221 535 270 562
D10 0.0102 272 353 351 391
D10 0.0101 540 460 595 485
D10 0.0101 485 423 536 450
D10 0.0101 257 546 314 568
D10 0.0101 222 385 275 410
D10 0.0101 398 547 497 588
D10 0.0101 296 441 390 479
D10 0.0100 533 447 600 481
D10 0.0100 0 553 42 582
D10 0.0100 432 483 535 517
D10 0.0100 61 466 242 548
D20 0.0552 159 489 275 598
D20 0.0397 169 541 267 596
D20 0.0307 142 469 231 600
D20 0.0274 204 522 256 596
D20 0.0271 89 479 323 600
D20 0.0231 170 521 253 579
D20 0.0229 157 488 225 552
D20 0.0226 167 492 372 595
D20 0.0219 190 524 298 600
D20 0.0216 143 407 274 600
D20 0.0207 162 566 262 600
D20 0.0204 63 393 466 589
D20 0.0195 523 568 600 600
D20 0.0193 165 518 217 599
D20 0.0192 160 497 205 573
D20 0.0183 29 491 251 596
D20 0.0175 221 528 270 600
D20 0.0174 203 393 600 587
D20 0.0157 159 478 232 529
D20 0.0156 169 451 250 577
D20 0.0156 203 546 324 595
D20 0.0153 193 548 260 586
D20 0.0151 186 574 255 597
D20 0.0148 170 499 246 563
D20 0.0148 0 0 408 294
D20 0.0145 0 430 301 598
D20 0.0143 167 0 600 294
D20 0.0143 131 463 483 600
D20 0.0143 372 0 600 146
D20 0.0140 371 454 600 600
D20 0.0140 548 557 600 596
D20 0.0139 202 558 268 596
D20 0.0139 170 554 232 597
D20 0.0132 557 574 600 598
D20 0.0131 0 118 290 600
D20 0.0131 0 527 25 600
D20 0.0129 191 349 359 423
D20 0.0127 312 118 600 600
D20 0.0121 478 570 587 600
D20 0.0120 564 530 600 600
D20 0.0120 0 0 600 434
D20 0.0120 77 525 264 600
D20 0.0119 177 373 359 600
D20 0.0118 209 479 287 597
D20 0.0118 0 582 28 600
D20 0.0118 0 0 219 146
D20 0.0117 0 236 516 600
D20 0.0115 210 539 251 578
D20 0.0115 453 369 600 600
D20 0.0113 143 335 525 541
D20 0.0111 0 331 381 542
D20 0.0111 0 369 148 600
D20 0.0111 0 551 19 599
D20 0.0110 0 433 45 509
D20 0.0107 540 538 593 600
D20 0.0104 0 539 111 600
D20 0.0103 169 388 259 535
D20 0.0102 0 420 84 569
D20 0.0101 0 554 52 600
D20 0.0101 199 526 419 600
D40 0.0838 378 447 443 478
D40 0.0492 387 439 430 473
D40 0.0404 412 480 456 507
D40 0.0381 386 460 447 482
D40 0.0294 355 434 452 480
D40 0.0275 379 452 457 491
D40 0.0273 409 472 455 496
D40 0.0249 424 482 458 517
D40 0.0236 398 473 465 514
D40 0.0233 384 464 459 503
D40 0.0228 328 418 478 490
D40 0.0217 249 354 345 388
D40 0.0213 279 359 333 381
D40 0.0210 366 451 425 475
D40 0.0193 387 431 442 490
D40 0.0177 362 444 476 503
D40 0.0171 209 574 266 598
D40 0.0150 171 574 233 598
D40 0.0147 414 469 459 531
D40 0.0138 387 433 485 481
D40 0.0137 369 431 435 465
D40 0.0136 201 565 287 600
D40 0.0132 420 465 451 506
D40 0.0129 336 415 435 470
D40 0.0129 372 416 468 469
D40 0.0129 398 450 434 489
D40 0.0125 218 558 260 595
D40 0.0124 396 467 443 496
D40 0.0124 402 438 443 472
D40 0.0118 247 365 328 393
D40 0.0118 373 439 411 472
D40 0.0115 159 492 203 528
D40 0.0115 424 481 474 507
D40 0.0113 261 349 333 379
D40 0.0111 165 486 214 518
D40 0.0110 341 449 439 495
D40 0.0109 415 458 454 488
D40 0.0108 321 568 408 600
D40 0.0108 170 559 211 595
D40 0.0107 562 386 600 411
D40 0.0105 163 510 200 549
D40 0.0104 398 439 452 505
D40 0.0102 411 481 496 520
D40 0.0100 198 569 244 599
D40 0.0100 249 360 308 383
