D00 0.2291 179 503 271 599
D00 0.1708 205 510 254 600
D00 0.1283 224 514 252 572
D00 0.1082 175 534 244 600
D00 0.0898 213 503 269 574
D00 0.0759 213 511 250 555
D00 0.0732 200 493 308 595
D00 0.0662 192 519 254 562
D00 0.0621 215 526 246 591
D00 0.0524 340 572 402 594
D00 0.0506 171 564 242 598
D00 0.0453 152 547 230 598
D00 0.0439 208 482 253 568
D00 0.0437 207 526 279 587
D00 0.0437 179 486 281 562
D00 0.0430 187 515 239 580
D00 0.0425 213 457 248 488
D00 0.0419 181 547 229 590
D00 0.0410 486 473 600 581
D00 0.0408 169 463 344 592
D00 0.0388 575 505 598 558
D00 0.0388 200 538 239 595
D00 0.0383 215 531 254 563
D00 0.0378 219 522 263 555
D00 0.0374 545 465 598 565
D00 0.0359 197 536 356 598
D00 0.0357 178 524 219 592
D00 0.0342 203 506 245 542
D00 0.0333 527 509 600 563
D00 0.0330 184 531 229 570
D00 0.0329 159 563 222 592
D00 0.0328 226 526 260 586
D00 0.0319 440 456 600 540
D00 0.0317 214 493 258 545
D00 0.0310 220 464 254 496
D00 0.0308 230 502 261 556
D00 0.0308 136 568 219 599
D00 0.0303 195 534 252 578
D00 0.0295 179 550 209 596
D00 0.0288 203 557 260 600
D00 0.0286 242 513 326 595
D00 0.0282 197 469 270 544
D00 0.0278 165 494 240 588
D00 0.0275 50 525 89 600
D00 0.0275 220 545 251 597
D00 0.0273 537 490 600 596
D00 0.0273 213 498 248 531
D00 0.0273 227 501 292 565
D00 0.0271 230 503 375 600
D00 0.0263 207 454 253 478
D00 0.0262 250 546 411 599
D00 0.0254 563 481 600 579
D00 0.0252 211 466 315 558
D00 0.0251 219 511 279 550
D00 0.0250 236 514 271 567
D00 0.0249 220 462 276 485
D00 0.0242 14 500 71 598
D00 0.0240 277 457 312 490
D00 0.0232 514 458 596 542
D00 0.0229 570 528 599 565
D00 0.0228 326 557 404 598
D00 0.0228 560 518 598 559
D00 0.0226 527 537 599 598
D00 0.0225 552 500 600 552
D00 0.0225 124 575 194 598
D00 0.0220 175 515 247 549
D00 0.0217 214 446 262 485
D00 0.0213 448 472 538 515
D00 0.0212 228 473 263 540
D00 0.0209 224 468 251 515
D00 0.0206 263 548 325 600
D00 0.0206 32 574 85 598
D00 0.0206 220 506 266 532
D00 0.0204 12 465 98 600
D00 0.0203 184 526 241 552
D00 0.0203 238 484 273 551
D00 0.0201 284 572 368 599
D00 0.0199 276 574 332 597
D00 0.0199 205 464 242 495
D00 0.0197 553 522 600 589
D00 0.0191 217 454 258 530
D00 0.0188 192 551 243 583
D00 0.0186 2 467 27 518
D00 0.0186 295 477 362 508
D00 0.0185 332 569 377 596
D00 0.0183 219 454 277 478
D00 0.0182 285 466 322 499
D00 0.0181 286 449 320 482
D00 0.0180 58 554 82 599
D00 0.0180 220 486 254 520
D00 0.0179 26 548 89 600
D00 0.0178 385 442 579 515
D00 0.0176 525 458 594 491
D00 0.0173 214 473 247 507
D00 0.0173 250 459 318 488
D00 0.0173 296 472 347 496
D00 0.0172 280 552 349 600
D00 0.0172 269 453 316 477
D00 0.0172 198 444 246 482
D00 0.0170 298 527 435 597
D00 0.0169 196 505 230 552
D00 0.0167 244 484 326 555
D00 0.0166 168 541 211 580
D00 0.0166 187 512 220 561
D00 0.0165 119 554 203 600
D00 0.0163 0 452 36 528
D00 0.0161 263 439 322 492
D00 0.0161 273 457 335 506
D00 0.0161 568 541 600 600
D00 0.0161 504 549 581 600
D00 0.0160 222 548 309 600
D00 0.0159 51 574 105 598
D00 0.0158 342 580 398 600
D00 0.0158 1 538 39 599
D00 0.0157 467 488 556 528
D00 0.0157 215 496 273 528
D00 0.0156 217 542 265 570
D00 0.0156 159 520 220 568
D00 0.0156 278 535 312 600
D00 0.0156 205 476 241 537
D00 0.0155 528 569 598 600
D00 0.0155 460 512 591 589
D00 0.0155 279 479 332 504
D00 0.0154 187 461 240 484
D00 0.0153 48 548 109 600
D00 0.0153 541 463 577 498
D00 0.0153 247 493 284 556
D00 0.0152 430 464 521 507
D00 0.0150 0 555 29 597
D00 0.0149 44 560 78 597
D00 0.0149 360 569 445 599
D00 0.0149 244 513 286 577
D00 0.0149 231 454 259 491
D00 0.0149 274 499 347 600
D00 0.0148 176 580 233 600
D00 0.0148 361 568 410 596
D00 0.0147 457 453 583 510
D00 0.0147 360 456 436 484
D00 0.0145 536 443 600 522
D00 0.0144 271 528 385 590
D00 0.0144 571 465 600 544
D00 0.0143 208 432 252 496
D00 0.0143 259 470 313 494
D00 0.0143 214 492 296 539
D00 0.0143 193 499 237 528
D00 0.0142 228 473 336 519
D00 0.0142 281 483 347 514
D00 0.0140 294 458 331 489
D00 0.0140 285 560 321 596
D00 0.0139 546 453 586 509
D00 0.0139 186 452 239 475
D00 0.0138 12 523 49 598
D00 0.0138 220 523 311 573
D00 0.0137 347 449 418 478
D00 0.0137 303 544 386 599
D00 0.0134 234 474 300 532
D00 0.0133 221 566 267 598
D00 0.0133 207 451 290 517
D00 0.0131 489 516 585 562
D00 0.0130 18 568 65 598
D00 0.0129 408 573 465 598
D00 0.0129 481 571 563 600
D00 0.0129 304 469 376 497
D00 0.0128 243 480 270 529
D00 0.0128 282 487 412 597
D00 0.0128 227 470 289 491
D00 0.0128 350 545 424 594
D00 0.0128 444 463 575 600
D00 0.0127 538 489 595 541
D00 0.0127 60 495 97 583
D00 0.0127 557 458 595 528
D00 0.0127 155 552 203 587
D00 0.0127 117 582 179 600
D00 0.0126 351 461 410 483
D00 0.0126 302 485 374 515
D00 0.0126 66 554 90 599
D00 0.0125 169 559 200 599
D00 0.0124 268 569 307 599
D00 0.0124 509 496 593 550
D00 0.0123 469 407 600 596
D00 0.0123 571 493 599 533
D00 0.0123 232 470 282 513
D00 0.0122 233 524 285 554
D00 0.0120 300 444 326 486
D00 0.0120 471 488 532 515
D00 0.0120 46 494 112 600
D00 0.0119 210 439 247 470
D00 0.0119 455 479 514 508
D00 0.0119 22 567 116 600
D00 0.0119 455 571 531 600
D00 0.0119 556 556 596 597
D00 0.0118 582 530 600 582
D00 0.0118 400 431 553 493
D00 0.0118 555 463 594 499
D00 0.0118 312 581 376 600
D00 0.0118 268 474 383 514
D00 0.0117 120 512 213 600
D00 0.0117 277 428 313 483
D00 0.0116 254 463 320 514
D00 0.0116 233 539 279 599
D00 0.0116 235 516 287 543
D00 0.0116 208 470 237 512
D00 0.0116 282 467 309 510
D00 0.0115 21 537 62 600
D00 0.0115 272 445 301 485
D00 0.0115 301 570 344 599
D00 0.0115 254 463 355 537
D00 0.0115 320 563 367 594
D00 0.0114 262 509 307 588
D00 0.0114 498 483 579 539
D00 0.0113 143 561 190 595
D00 0.0113 223 479 270 502
D00 0.0113 102 540 174 600
D00 0.0112 67 516 106 600
D00 0.0112 155 581 215 600
D00 0.0112 297 471 329 510
D00 0.0112 246 539 302 593
D00 0.0112 398 499 451 522
D00 0.0111 0 446 54 506
D00 0.0111 377 443 438 478
D00 0.0110 237 451 334 578
D00 0.0109 478 470 576 518
D00 0.0109 34 522 70 600
D00 0.0108 273 553 301 598
D00 0.0108 1 450 27 500
D00 0.0107 3 464 39 503
D00 0.0107 546 450 587 483
D00 0.0107 368 430 444 461
D00 0.0107 13 555 45 597
D00 0.0107 399 396 593 554
D00 0.0107 257 507 294 568
D00 0.0106 395 493 583 574
D00 0.0106 412 481 562 539
D00 0.0106 351 554 391 589
D00 0.0105 308 465 337 503
D00 0.0105 272 477 322 519
D00 0.0105 237 508 289 532
D00 0.0105 187 444 247 539
D00 0.0104 564 489 592 543
D00 0.0104 40 495 82 583
D00 0.0103 224 486 289 518
D00 0.0103 375 553 456 600
D00 0.0103 110 567 169 600
D00 0.0102 248 446 307 483
D00 0.0102 272 461 301 500
D00 0.0102 474 552 553 600
D00 0.0102 323 487 396 517
D00 0.0102 420 479 516 518
D00 0.0101 343 496 418 523
D00 0.0101 0 479 37 507
D00 0.0101 322 459 399 485
D10 0.0925 526 540 598 569
D10 0.0761 341 565 416 592
D10 0.0696 548 535 596 560
D10 0.0512 299 562 410 596
D10 0.0492 528 519 600 559
D10 0.0464 499 526 599 579
D10 0.0441 321 567 391 592
D10 0.0435 512 545 600 590
D10 0.0427 508 547 581 566
D10 0.0420 536 516 597 544
D10 0.0409 559 543 600 565
D10 0.0402 139 561 222 596
D10 0.0396 456 511 600 588
D10 0.0374 1 565 62 593
D10 0.0370 509 503 600 546
D10 0.0350 535 553 593 578
D10 0.0312 308 574 383 596
D10 0.0307 306 550 455 599
D10 0.0295 407 564 487 592
D10 0.0283 526 510 594 534
D10 0.0282 509 554 577 576
D10 0.0273 376 449 454 477
D10 0.0270 4 486 76 518
D10 0.0270 351 557 407 585
D10 0.0261 149 555 214 583
D10 0.0247 414 556 498 582
D10 0.0247 208 500 251 521
D10 0.0246 548 453 598 477
D10 0.0236 563 523 600 555
D10 0.0229 368 566 439 589
D10 0.0228 189 508 245 532
D10 0.0223 10 496 69 521
D10 0.0218 571 535 600 561
D10 0.0216 188 541 244 572
D10 0.0215 540 460 591 488
D10 0.0213 358 573 428 596
D10 0.0209 407 558 466 580
D10 0.0207 0 556 47 584
D10 0.0206 396 566 457 590
D10 0.0205 486 544 570 571
D10 0.0201 172 385 223 407
D10 0.0199 458 549 591 595
D10 0.0199 165 377 218 402
D10 0.0197 356 559 469 596
D10 0.0189 174 501 238 520
D10 0.0189 562 530 600 581
D10 0.0188 490 504 574 534
D10 0.0186 27 489 83 515
D10 0.0186 496 533 579 566
D10 0.0185 204 561 256 593
D10 0.0185 401 453 467 476
D10 0.0181 276 568 380 600
D10 0.0181 209 573 276 597
D10 0.0180 125 566 194 593
D10 0.0176 361 440 438 470
D10 0.0172 529 557 596 598
D10 0.0172 221 499 267 521
D10 0.0171 181 517 240 542
D10 0.0166 549 444 599 467
D10 0.0166 323 557 385 584
D10 0.0163 164 509 231 530
D10 0.0163 6 481 61 507
D10 0.0163 471 490 569 530
D10 0.0160 548 468 597 494
D10 0.0160 564 507 600 533
D10 0.0159 6 506 56 532
D10 0.0158 363 554 445 586
D10 0.0158 293 566 357 593
D10 0.0157 523 451 594 482
D10 0.0157 209 491 250 512
D10 0.0156 368 456 444 483
D10 0.0154 392 446 494 482
D10 0.0153 360 452 421 476
D10 0.0152 1 516 46 541
D10 0.0152 422 550 520 589
D10 0.0151 201 551 246 582
D10 0.0150 221 570 310 599
D10 0.0145 210 557 295 596
D10 0.0145 164 545 221 573
D10 0.0143 118 553 203 586
D10 0.0143 394 460 456 481
D10 0.0142 173 527 231 551
D10 0.0140 539 499 593 526
D10 0.0139 221 542 278 569
D10 0.0138 509 516 578 539
D10 0.0135 394 443 455 468
D10 0.0135 214 552 268 581
D10 0.0135 441 565 505 591
D10 0.0134 2 550 72 589
D10 0.0134 40 497 91 521
D10 0.0134 494 559 573 596
D10 0.0133 547 573 598 599
D10 0.0132 445 531 572 581
D10 0.0132 8 524 54 548
D10 0.0131 0 442 70 472
D10 0.0131 325 532 437 590
D10 0.0129 11 488 93 529
D10 0.0127 88 572 172 600
D10 0.0125 141 510 208 530
D10 0.0125 497 437 595 483
D10 0.0124 475 552 557 582
D10 0.0123 499 458 581 489
D10 0.0123 295 553 376 588
D10 0.0122 416 573 475 598
D10 0.0120 489 450 574 478
D10 0.0118 9 470 102 518
D10 0.0117 223 490 268 512
D10 0.0117 24 549 137 597
D10 0.0115 534 532 585 564
D10 0.0114 412 461 478 482
D10 0.0114 559 562 600 593
D10 0.0113 154 518 221 540
D10 0.0113 67 575 127 598
D10 0.0113 521 441 594 471
D10 0.0112 128 543 212 576
D10 0.0111 570 553 600 579
D10 0.0111 564 499 600 523
D10 0.0110 506 500 571 526
D10 0.0110 21 505 73 530
D10 0.0109 541 477 591 499
D10 0.0109 406 455 502 493
D10 0.0109 453 557 511 579
D10 0.0109 162 536 221 561
D10 0.0107 443 558 543 600
D10 0.0106 240 500 326 541
D10 0.0105 231 533 285 562
D10 0.0104 57 558 164 598
D10 0.0104 245 564 304 592
D10 0.0103 481 442 563 469
D10 0.0103 523 469 579 492
D10 0.0102 54 565 102 594
D10 0.0102 512 525 578 553
D10 0.0100 267 432 318 454
D10 0.0100 14 521 102 592
D10 0.0100 355 443 411 467
D20 0.2122 132 510 276 600
D20 0.1462 50 496 314 598
D20 0.1456 168 535 265 594
D20 0.0904 127 484 417 598
D20 0.0720 181 491 322 597
D20 0.0683 173 556 245 599
D20 0.0546 47 422 479 581
D20 0.0525 58 536 260 600
D20 0.0522 129 556 230 598
D20 0.0491 161 503 262 577
D20 0.0488 162 459 278 593
D20 0.0468 193 548 288 599
D20 0.0405 0 557 83 598
D20 0.0389 457 468 600 560
D20 0.0386 94 485 265 570
D20 0.0386 0 461 82 600
D20 0.0365 210 527 288 585
D20 0.0358 176 503 255 551
D20 0.0349 0 572 53 597
D20 0.0343 152 455 600 600
D20 0.0336 196 534 411 600
D20 0.0327 486 495 600 591
D20 0.0320 555 487 600 566
D20 0.0310 0 469 229 600
D20 0.0308 317 554 444 596
D20 0.0308 453 530 600 600
D20 0.0298 550 527 600 600
D20 0.0284 200 484 249 564
D20 0.0284 145 529 236 580
D20 0.0281 159 495 251 533
D20 0.0281 0 482 82 522
D20 0.0279 319 482 599 597
D20 0.0277 212 456 311 490
D20 0.0275 433 443 600 526
D20 0.0260 546 450 600 598
D20 0.0260 287 563 412 600
D20 0.0256 194 464 335 556
D20 0.0256 137 512 237 554
D20 0.0255 0 530 45 600
D20 0.0252 511 553 600 600
D20 0.0247 0 564 40 593
D20 0.0244 0 471 46 543
D20 0.0243 210 472 263 542
D20 0.0241 242 502 534 589
D20 0.0240 128 394 341 600
D20 0.0235 342 421 507 489
D20 0.0230 208 565 319 600
D20 0.0226 159 484 248 520
D20 0.0225 573 503 600 582
D20 0.0225 352 444 448 479
D20 0.0222 280 473 360 510
D20 0.0214 119 521 218 595
D20 0.0211 160 473 246 508
D20 0.0207 194 455 266 491
D20 0.0206 282 523 451 600
D20 0.0204 7 475 76 555
D20 0.0204 173 462 252 498
D20 0.0201 199 448 362 521
D20 0.0201 542 452 600 510
D20 0.0198 101 569 204 600
D20 0.0197 4 436 92 473
D20 0.0197 318 544 515 600
D20 0.0194 0 381 287 599
D20 0.0191 192 499 251 528
D20 0.0189 125 504 227 538
D20 0.0187 187 444 281 542
D20 0.0185 214 452 287 481
D20 0.0184 187 428 340 503
D20 0.0184 204 461 255 521
D20 0.0182 143 469 266 535
D20 0.0180 217 466 282 494
D20 0.0177 200 466 480 567
D20 0.0175 8 495 53 583
D20 0.0174 225 463 291 484
D20 0.0174 0 528 150 600
D20 0.0174 236 544 312 600
D20 0.0170 527 500 600 551
D20 0.0170 357 564 479 600
D20 0.0169 14 522 71 600
D20 0.0169 302 441 470 503
D20 0.0168 566 458 600 552
D20 0.0167 351 458 580 564
D20 0.0166 578 488 600 557
D20 0.0166 364 440 552 510
D20 0.0166 263 463 346 502
D20 0.0165 507 429 600 553
D20 0.0161 0 0 408 294
D20 0.0161 172 415 297 524
D20 0.0159 348 493 446 525
D20 0.0159 162 380 221 411
D20 0.0158 167 0 600 294
D20 0.0158 230 555 385 600
D20 0.0155 239 446 324 485
D20 0.0154 144 498 226 523
D20 0.0154 481 566 581 600
D20 0.0153 347 388 508 458
D20 0.0152 364 416 483 466
D20 0.0151 148 478 220 505
D20 0.0151 500 455 597 494
D20 0.0151 221 436 312 473
D20 0.0151 0 462 80 506
D20 0.0149 239 448 418 510
D20 0.0149 168 406 329 481
D20 0.0149 377 436 469 474
D20 0.0148 337 452 424 487
D20 0.0148 167 311 600 600
D20 0.0147 283 462 449 525
D20 0.0146 582 520 600 571
D20 0.0144 225 471 311 511
D20 0.0143 0 446 111 557
D20 0.0143 173 395 231 453
D20 0.0143 0 118 290 600
D20 0.0143 163 453 246 488
D20 0.0143 364 403 538 475
D20 0.0142 312 118 600 600
D20 0.0142 3 458 58 527
D20 0.0141 112 438 264 519
D20 0.0141 64 549 195 597
D20 0.0141 146 487 223 514
D20 0.0139 297 466 384 501
D20 0.0139 404 547 567 599
D20 0.0139 166 371 227 424
D20 0.0138 174 491 234 512
D20 0.0138 140 464 226 499
D20 0.0136 202 487 255 518
D20 0.0135 265 424 318 446
D20 0.0134 188 470 240 493
D20 0.0134 337 457 507 524
D20 0.0132 254 469 396 520
D20 0.0132 387 506 558 600
D20 0.0131 0 165 557 591
D20 0.0131 0 0 600 434
D20 0.0130 200 563 266 600
D20 0.0130 336 484 423 519
D20 0.0130 242 417 325 451
D20 0.0129 0 441 69 490
D20 0.0128 175 481 233 502
D20 0.0128 251 479 343 518
D20 0.0127 418 413 600 600
D20 0.0125 332 413 583 534
D20 0.0125 353 425 444 465
D20 0.0125 462 433 594 496
D20 0.0124 154 389 277 489
D20 0.0123 3 495 40 558
D20 0.0123 407 567 507 600
D20 0.0122 554 456 594 492
D20 0.0122 578 530 600 598
D20 0.0122 360 452 483 499
D20 0.0119 109 512 204 546
D20 0.0119 122 474 206 508
D20 0.0119 264 429 442 492
D20 0.0119 12 494 66 543
D20 0.0118 555 504 600 540
D20 0.0118 0 0 145 225
D20 0.0117 211 474 264 506
D20 0.0116 178 372 452 600
D20 0.0116 241 494 374 600
D20 0.0115 280 456 363 493
D20 0.0114 573 515 600 544
D20 0.0114 237 479 408 558
D20 0.0114 185 417 502 537
D20 0.0113 381 398 498 446
D20 0.0113 182 436 286 479
D20 0.0113 343 571 426 600
D20 0.0112 150 421 257 565
D20 0.0112 2 581 63 600
D20 0.0111 286 409 462 475
D20 0.0111 0 567 24 600
D20 0.0111 455 0 600 217
D20 0.0110 177 417 287 464
D20 0.0110 189 471 240 540
D20 0.0109 18 463 94 530
D20 0.0108 315 446 410 480
D20 0.0108 169 448 237 475
D20 0.0107 0 581 29 600
D20 0.0106 166 472 222 494
D20 0.0106 122 405 248 469
D20 0.0106 182 498 227 526
D20 0.0106 266 394 531 600
D20 0.0105 137 427 262 485
D20 0.0105 199 479 245 502
D20 0.0105 351 408 433 447
D20 0.0104 34 476 83 542
D20 0.0104 139 440 206 467
D20 0.0104 212 426 306 460
D20 0.0103 303 479 460 554
D20 0.0103 108 528 210 571
D20 0.0103 78 490 229 545
D20 0.0102 236 435 372 491
D20 0.0102 0 425 55 570
D20 0.0102 177 373 221 404
D20 0.0102 307 473 426 514
D20 0.0102 161 434 242 470
D40 0.0647 177 557 248 599
D40 0.0612 189 570 242 597
D40 0.0273 210 556 243 598
D40 0.0272 10 489 71 514
D40 0.0227 295 480 348 505
D40 0.0214 197 580 252 600
D40 0.0214 3 483 40 519
D40 0.0211 17 452 81 473
D40 0.0211 0 445 83 481
D40 0.0167 247 424 307 446
D40 0.0167 8 491 51 527
D40 0.0161 18 482 77 506
D40 0.0161 233 418 320 450
D40 0.0160 257 575 314 597
D40 0.0154 160 377 212 402
D40 0.0151 237 566 328 600
D40 0.0150 10 482 93 521
D40 0.0149 27 443 87 467
D40 0.0145 418 387 474 411
D40 0.0144 0 452 51 475
D40 0.0142 4 500 41 537
D40 0.0142 246 462 307 485
D40 0.0141 287 487 341 512
D40 0.0140 240 466 311 495
D40 0.0137 220 558 305 596
D40 0.0134 0 490 32 528
D40 0.0133 28 492 72 525
D40 0.0129 37 485 80 518
D40 0.0127 8 477 52 511
D40 0.0125 223 426 311 460
D40 0.0122 185 422 233 449
D40 0.0120 299 457 386 490
D40 0.0119 397 381 478 415
D40 0.0119 155 443 210 466
D40 0.0118 357 497 439 523
D40 0.0115 18 460 79 483
D40 0.0114 354 408 438 447
D40 0.0111 132 510 196 530
D40 0.0110 304 463 359 484
D40 0.0109 307 447 399 480
D40 0.0105 171 412 245 455
D40 0.0104 174 443 230 465
D40 0.0104 200 423 250 447
D40 0.0104 12 468 81 499
D40 0.0103 374 376 508 433
D40 0.0103 350 440 419 470
D40 0.0102 184 433 236 456
D40 0.0102 320 462 382 483
D40 0.0101 247 433 307 454
D40 0.0101 0 447 31 481
D40 0.0100 427 394 481 418
D40 0.0100 190 408 228 446
