D00 0.2930 266 388 316 498
D00 0.2234 280 397 331 506
D00 0.2137 281 412 312 498
D00 0.2020 277 389 309 474
D00 0.1952 255 369 325 537
D00 0.1535 244 358 311 486
D00 0.1354 260 386 363 506
D00 0.1310 274 383 300 448
D00 0.1301 268 365 304 461
D00 0.1243 291 430 315 492
D00 0.1157 226 354 347 582
D00 0.1083 275 412 307 458
D00 0.0931 256 404 319 466
D00 0.0902 216 388 329 506
D00 0.0869 249 412 305 518
D00 0.0844 267 331 333 488
D00 0.0825 285 438 321 522
D00 0.0759 283 421 316 468
D00 0.0755 170 271 195 314
D00 0.0715 257 406 375 572
D00 0.0691 289 414 349 516
D00 0.0672 247 385 312 451
D00 0.0665 269 427 313 540
D00 0.0650 276 369 404 539
D00 0.0615 274 408 341 471
D00 0.0573 166 368 337 534
D00 0.0558 246 301 380 515
D00 0.0537 270 389 332 456
D00 0.0491 250 317 296 446
D00 0.0488 268 403 312 447
D00 0.0488 246 300 268 348
D00 0.0474 266 315 310 449
D00 0.0465 278 448 316 503
D00 0.0458 64 441 93 490
D00 0.0439 178 265 202 309
D00 0.0431 265 376 295 437
D00 0.0430 284 401 379 483
D00 0.0428 247 357 450 582
D00 0.0422 152 281 192 310
D00 0.0421 56 430 101 496
D00 0.0410 286 431 326 477
D00 0.0404 229 423 315 490
D00 0.0404 281 368 351 473
D00 0.0385 275 431 306 489
D00 0.0373 265 415 301 473
D00 0.0371 205 330 315 469
D00 0.0370 278 424 335 573
D00 0.0367 280 371 316 449
D00 0.0363 254 306 277 356
D00 0.0363 281 435 360 491
D00 0.0359 292 458 316 512
D00 0.0352 20 577 82 599
D00 0.0343 297 450 323 504
D00 0.0337 174 384 387 600
D00 0.0337 254 346 434 475
D00 0.0326 278 419 317 446
D00 0.0320 56 458 100 488
D00 0.0319 277 379 306 423
D00 0.0308 231 343 291 452
D00 0.0305 249 284 322 465
D00 0.0300 291 450 331 535
D00 0.0294 163 255 199 318
D00 0.0288 233 410 314 576
D00 0.0288 272 398 304 431
D00 0.0278 259 430 316 476
D00 0.0274 160 290 200 315
D00 0.0274 203 436 355 559
D00 0.0272 240 293 276 365
D00 0.0270 36 425 125 521
D00 0.0270 262 372 338 432
D00 0.0270 168 281 208 310
D00 0.0270 274 355 296 419
D00 0.0267 254 441 322 497
D00 0.0259 41 448 115 495
D00 0.0251 295 435 337 499
D00 0.0246 0 557 83 600
D00 0.0243 222 362 359 476
D00 0.0239 238 301 262 346
D00 0.0237 16 426 111 600
D00 0.0235 131 300 345 508
D00 0.0234 281 429 328 456
D00 0.0233 254 398 301 440
D00 0.0231 299 418 377 545
D00 0.0231 276 348 307 432
D00 0.0226 65 447 110 527
D00 0.0225 167 261 196 298
D00 0.0224 0 574 56 599
D00 0.0221 248 303 286 389
D00 0.0220 242 359 303 433
D00 0.0220 141 290 189 315
D00 0.0219 335 300 403 330
D00 0.0219 69 315 309 572
D00 0.0218 568 415 600 454
D00 0.0218 262 337 292 416
D00 0.0218 273 387 326 427
D00 0.0218 205 402 294 476
D00 0.0211 553 403 600 451
D00 0.0208 242 433 338 513
D00 0.0206 249 286 279 346
D00 0.0205 245 284 269 332
D00 0.0203 320 418 398 492
D00 0.0202 146 271 198 321
D00 0.0201 33 374 138 566
D00 0.0201 350 415 389 490
D00 0.0199 71 411 127 506
D00 0.0199 566 409 600 490
D00 0.0199 294 430 406 600
D00 0.0198 238 311 279 337
D00 0.0198 278 452 350 504
D00 0.0198 546 388 598 479
D00 0.0197 358 429 382 479
D00 0.0196 0 529 44 600
D00 0.0196 115 415 348 567
D00 0.0195 281 407 328 449
D00 0.0192 1 552 27 599
D00 0.0190 344 307 415 337
D00 0.0188 304 379 405 477
D00 0.0187 151 391 279 571
D00 0.0187 315 293 369 318
D00 0.0183 239 409 298 460
D00 0.0182 448 359 501 383
D00 0.0181 57 454 86 500
D00 0.0181 324 301 382 324
D00 0.0180 61 449 108 481
D00 0.0180 25 386 107 500
D00 0.0179 264 391 303 422
D00 0.0178 160 286 187 329
D00 0.0178 289 458 328 489
D00 0.0176 141 273 187 303
D00 0.0176 34 441 95 543
D00 0.0174 271 286 522 557
D00 0.0174 255 321 279 376
D00 0.0172 297 284 346 309
D00 0.0171 200 209 363 551
D00 0.0169 67 462 105 498
D00 0.0169 534 375 600 525
D00 0.0166 332 294 388 319
D00 0.0166 226 296 289 429
D00 0.0166 0 501 94 599
D00 0.0165 573 426 598 478
D00 0.0164 193 420 298 519
D00 0.0164 243 319 273 359
D00 0.0163 182 454 317 600
D00 0.0160 285 447 316 480
D00 0.0160 4 345 107 535
D00 0.0159 231 281 270 351
D00 0.0159 41 576 109 599
D00 0.0158 245 318 287 345
D00 0.0158 437 353 514 392
D00 0.0157 166 278 196 334
D00 0.0156 164 269 215 305
D00 0.0156 46 437 86 492
D00 0.0155 261 307 286 356
D00 0.0155 54 427 145 591
D00 0.0155 1 379 26 433
D00 0.0155 290 324 390 480
D00 0.0154 36 456 128 570
D00 0.0153 294 371 381 450
D00 0.0152 42 439 104 476
D00 0.0152 356 313 437 351
D00 0.0151 237 284 261 330
D00 0.0151 66 438 119 489
D00 0.0150 300 449 349 561
D00 0.0149 241 281 300 404
D00 0.0147 227 433 287 535
D00 0.0147 310 289 394 323
D00 0.0147 544 421 596 449
D00 0.0147 278 284 331 307
D00 0.0146 420 347 488 378
D00 0.0144 289 449 342 478
D00 0.0144 509 374 600 459
D00 0.0144 285 467 318 496
D00 0.0143 291 289 354 319
D00 0.0143 291 425 340 465
D00 0.0142 211 462 432 600
D00 0.0141 150 351 282 500
D00 0.0141 337 364 509 504
D00 0.0141 374 323 454 362
D00 0.0141 458 365 510 391
D00 0.0140 277 349 356 432
D00 0.0139 392 333 476 372
D00 0.0139 555 430 598 455
D00 0.0139 405 561 476 593
D00 0.0139 17 444 95 498
D00 0.0139 263 323 287 377
D00 0.0138 206 361 276 457
D00 0.0138 0 382 32 461
D00 0.0137 14 428 79 520
D00 0.0136 366 312 426 336
D00 0.0135 528 420 600 464
D00 0.0133 15 458 74 574
D00 0.0133 337 430 386 477
D00 0.0133 492 369 597 563
D00 0.0133 31 553 104 600
D00 0.0132 147 295 184 326
D00 0.0132 249 450 298 557
D00 0.0131 357 303 416 328
D00 0.0131 56 378 114 478
D00 0.0130 295 463 343 512
D00 0.0130 69 419 106 483
D00 0.0130 130 283 185 307
D00 0.0130 252 301 296 347
D00 0.0130 260 451 319 587
D00 0.0129 447 355 504 418
D00 0.0128 423 331 594 597
D00 0.0127 377 321 434 345
D00 0.0127 255 367 286 423
D00 0.0127 268 327 298 400
D00 0.0127 1 399 26 450
D00 0.0127 544 359 599 448
D00 0.0126 340 407 398 470
D00 0.0126 567 400 600 438
D00 0.0125 211 427 277 483
D00 0.0125 573 554 598 599
D00 0.0125 253 315 295 366
D00 0.0125 0 460 43 539
D00 0.0124 259 461 317 526
D00 0.0124 13 395 78 491
D00 0.0124 388 330 443 354
D00 0.0123 331 395 425 487
D00 0.0123 335 309 390 333
D00 0.0121 15 530 67 600
D00 0.0121 0 410 33 495
D00 0.0120 228 318 274 345
D00 0.0120 0 563 39 594
D00 0.0120 567 518 600 600
D00 0.0119 187 272 210 313
D00 0.0119 320 354 574 578
D00 0.0119 1 477 55 590
D00 0.0119 406 339 463 365
D00 0.0118 520 396 600 441
D00 0.0118 556 429 599 509
D00 0.0118 279 303 330 415
D00 0.0117 0 493 32 582
D00 0.0117 263 361 293 401
D00 0.0116 361 409 409 501
D00 0.0116 6 344 81 471
D00 0.0116 0 356 42 435
D00 0.0116 455 406 566 587
D00 0.0116 245 302 288 328
D00 0.0116 354 438 399 486
D00 0.0115 268 383 301 408
D00 0.0115 481 375 591 430
D00 0.0114 285 441 478 566
D00 0.0114 262 289 312 384
D00 0.0114 300 469 324 523
D00 0.0114 254 424 290 479
D00 0.0113 170 265 208 290
D00 0.0113 365 421 390 471
D00 0.0112 308 301 359 323
D00 0.0112 266 340 321 416
D00 0.0111 272 278 350 313
D00 0.0111 76 415 153 530
D00 0.0111 0 448 29 514
D00 0.0110 361 319 419 342
D00 0.0110 36 530 84 600
D00 0.0109 416 373 534 563
D00 0.0109 542 404 594 432
D00 0.0109 277 276 330 297
D00 0.0109 27 502 134 598
D00 0.0109 338 316 472 372
D00 0.0108 446 359 555 407
D00 0.0108 339 412 425 566
D00 0.0108 28 420 100 484
D00 0.0108 239 418 282 483
D00 0.0108 574 445 597 498
D00 0.0108 264 443 299 493
D00 0.0108 135 282 194 333
D00 0.0107 47 463 97 512
D00 0.0107 266 470 372 600
D00 0.0107 189 306 462 490
D00 0.0107 228 302 272 328
D00 0.0107 542 424 600 559
D00 0.0106 116 576 174 600
D00 0.0106 1 475 26 527
D00 0.0106 320 299 453 352
D00 0.0106 91 249 433 600
D00 0.0106 444 395 485 474
D00 0.0106 364 507 506 596
D00 0.0106 279 292 331 316
D00 0.0106 241 279 295 337
D00 0.0105 99 396 233 577
D00 0.0105 386 341 495 386
D00 0.0105 62 430 99 465
D00 0.0105 286 395 347 447
D00 0.0104 221 445 256 480
D00 0.0104 581 418 600 468
D00 0.0103 79 466 114 531
D00 0.0103 32 562 72 598
D00 0.0103 272 461 304 509
D00 0.0102 339 359 393 462
D00 0.0102 443 365 491 389
D00 0.0101 557 459 598 541
D00 0.0101 0 428 66 559
D00 0.0101 528 406 584 501
D00 0.0101 293 386 325 442
D00 0.0101 334 438 391 538
D00 0.0101 1 492 26 546
D00 0.0100 261 311 444 428
D00 0.0100 178 286 202 330
D00 0.0100 217 432 261 504
D00 0.0100 261 292 287 338
D00 0.0100 304 441 356 512
D10 0.0660 251 406 309 447
D10 0.0490 240 413 299 439
D10 0.0356 0 574 84 600
D10 0.0329 201 410 305 469
D10 0.0311 241 454 322 501
D10 0.0296 71 424 127 448
D10 0.0289 258 468 312 493
D10 0.0286 5 550 120 598
D10 0.0283 64 433 116 456
D10 0.0281 357 549 512 594
D10 0.0275 255 429 306 459
D10 0.0261 359 534 477 583
D10 0.0253 340 520 527 591
D10 0.0250 211 397 311 441
D10 0.0242 4 460 103 501
D10 0.0240 226 435 320 488
D10 0.0235 21 571 115 600
D10 0.0234 4 431 104 490
D10 0.0227 36 468 92 492
D10 0.0226 58 416 144 458
D10 0.0224 243 459 307 486
D10 0.0224 60 459 108 488
D10 0.0219 279 420 329 447
D10 0.0214 276 417 349 456
D10 0.0210 233 424 302 465
D10 0.0209 58 441 103 470
D10 0.0206 4 564 63 595
D10 0.0206 222 417 296 452
D10 0.0201 0 534 172 600
D10 0.0196 283 427 369 464
D10 0.0192 281 459 376 502
D10 0.0191 48 434 100 457
D10 0.0189 252 392 302 423
D10 0.0189 278 411 330 439
D10 0.0188 225 405 290 431
D10 0.0186 245 449 306 478
D10 0.0183 25 460 87 487
D10 0.0177 49 422 120 452
D10 0.0177 36 413 128 472
D10 0.0176 250 439 306 468
D10 0.0176 12 470 76 493
D10 0.0176 272 457 314 489
D10 0.0175 268 395 360 447
D10 0.0174 81 415 134 442
D10 0.0171 295 437 383 471
D10 0.0169 0 457 75 491
D10 0.0169 68 469 119 494
D10 0.0166 267 476 313 503
D10 0.0163 278 402 332 429
D10 0.0162 287 439 343 468
D10 0.0161 51 449 133 496
D10 0.0160 222 451 281 477
D10 0.0159 388 555 464 586
D10 0.0159 287 445 368 482
D10 0.0156 39 450 93 481
D10 0.0156 299 470 358 495
D10 0.0153 377 542 575 600
D10 0.0151 196 374 300 437
D10 0.0150 0 524 94 590
D10 0.0150 412 554 539 593
D10 0.0148 63 377 115 399
D10 0.0148 15 473 90 506
D10 0.0147 0 461 49 486
D10 0.0143 219 438 293 473
D10 0.0143 225 464 303 496
D10 0.0140 29 439 100 475
D10 0.0140 62 435 126 473
D10 0.0138 61 431 165 485
D10 0.0137 35 465 127 519
D10 0.0137 302 447 406 500
D10 0.0134 297 460 359 487
D10 0.0134 286 400 367 434
D10 0.0133 295 477 345 502
D10 0.0133 216 454 291 488
D10 0.0133 299 395 402 454
D10 0.0133 46 425 101 446
D10 0.0132 280 394 334 419
D10 0.0132 293 423 361 449
D10 0.0130 312 466 386 497
D10 0.0129 32 566 86 596
D10 0.0129 280 376 382 434
D10 0.0128 5 479 60 504
D10 0.0128 169 395 284 449
D10 0.0126 215 414 278 437
D10 0.0126 359 545 438 575
D10 0.0126 61 550 176 598
D10 0.0125 302 474 376 505
D10 0.0125 66 450 118 479
D10 0.0121 86 431 141 455
D10 0.0121 227 432 283 459
D10 0.0121 96 423 151 447
D10 0.0121 420 532 533 582
D10 0.0120 46 477 97 502
D10 0.0120 544 431 596 455
D10 0.0120 158 358 208 382
D10 0.0120 26 526 133 587
D10 0.0119 307 451 374 476
D10 0.0119 183 520 281 558
D10 0.0118 19 393 116 452
D10 0.0118 323 432 430 484
D10 0.0118 13 430 93 462
D10 0.0118 64 478 110 503
D10 0.0117 218 392 299 427
D10 0.0117 250 384 299 411
D10 0.0116 217 443 269 469
D10 0.0116 0 479 89 524
D10 0.0115 238 473 310 506
D10 0.0114 92 513 163 543
D10 0.0113 0 489 46 514
D10 0.0113 203 533 275 561
D10 0.0113 111 504 183 535
D10 0.0113 295 414 360 439
D10 0.0112 401 515 600 591
D10 0.0111 320 433 380 459
D10 0.0111 166 512 262 550
D10 0.0110 35 369 125 406
D10 0.0110 202 528 258 551
D10 0.0109 441 396 487 419
D10 0.0109 139 311 188 334
D10 0.0108 64 468 169 523
D10 0.0108 171 432 283 484
D10 0.0108 0 549 65 588
D10 0.0107 335 441 385 467
D10 0.0107 78 415 189 463
D10 0.0107 0 497 45 523
D10 0.0107 335 459 426 501
D10 0.0106 346 432 391 459
D10 0.0106 67 488 171 537
D10 0.0106 0 451 48 478
D10 0.0105 354 460 403 486
D10 0.0104 89 411 160 444
D10 0.0104 148 349 200 374
D10 0.0104 207 451 259 476
D10 0.0104 458 552 579 595
D10 0.0104 321 460 380 486
D10 0.0103 363 466 435 495
D10 0.0103 75 461 130 486
D10 0.0103 63 385 115 407
D10 0.0102 119 330 172 355
D10 0.0102 0 412 80 458
D10 0.0102 110 339 164 363
D10 0.0102 129 320 180 344
D10 0.0102 350 453 447 493
D10 0.0101 353 470 405 493
D10 0.0101 414 558 471 583
D10 0.0101 35 485 129 536
D10 0.0100 73 367 122 392
D10 0.0100 520 421 600 464
D10 0.0100 55 573 137 600
D10 0.0100 302 392 379 423
D20 0.0774 255 392 393 493
D20 0.0739 242 399 310 455
D20 0.0712 173 392 321 486
D20 0.0661 0 339 394 535
D20 0.0476 242 355 533 523
D20 0.0460 339 551 472 591
D20 0.0424 119 377 524 562
D20 0.0406 70 369 337 504
D20 0.0321 0 401 347 582
D20 0.0320 224 418 310 471
D20 0.0315 7 402 128 513
D20 0.0312 188 416 329 520
D20 0.0286 17 305 600 555
D20 0.0269 47 421 118 498
D20 0.0251 223 385 312 437
D20 0.0242 4 374 187 567
D20 0.0241 183 366 309 448
D20 0.0239 320 521 491 589
D20 0.0239 0 427 110 558
D20 0.0238 272 423 380 471
D20 0.0235 39 385 156 500
D20 0.0228 19 447 114 502
D20 0.0227 264 425 437 514
D20 0.0224 268 403 357 457
D20 0.0222 269 348 488 463
D20 0.0217 60 443 459 600
D20 0.0211 12 336 292 474
D20 0.0211 26 410 259 524
D20 0.0208 0 450 242 600
D20 0.0205 72 278 445 471
D20 0.0205 333 533 449 582
D20 0.0195 192 446 596 600
D20 0.0188 270 400 477 486
D20 0.0187 38 427 157 551
D20 0.0184 350 552 431 582
D20 0.0182 0 0 408 294
D20 0.0182 390 557 474 594
D20 0.0181 0 361 112 490
D20 0.0180 0 92 600 600
D20 0.0178 167 0 600 294
D20 0.0176 266 369 389 448
D20 0.0174 7 422 91 497
D20 0.0173 63 404 134 480
D20 0.0173 133 340 322 434
D20 0.0171 0 566 78 600
D20 0.0166 312 118 600 600
D20 0.0164 0 118 290 600
D20 0.0160 145 365 375 600
D20 0.0158 26 404 107 483
D20 0.0155 454 361 600 441
D20 0.0153 0 505 152 600
D20 0.0152 308 346 600 588
D20 0.0149 3 316 185 500
D20 0.0148 331 563 447 600
D20 0.0147 194 261 580 458
D20 0.0145 270 420 507 577
D20 0.0140 416 407 600 600
D20 0.0138 52 442 287 562
D20 0.0134 20 454 141 528
D20 0.0132 135 222 514 525
D20 0.0130 63 407 153 450
D20 0.0130 44 399 226 483
D20 0.0129 360 560 442 590
D20 0.0128 0 461 87 600
D20 0.0126 0 433 43 510
D20 0.0125 0 581 56 600
D20 0.0124 325 550 405 588
D20 0.0122 348 497 566 590
D20 0.0121 312 366 440 484
D20 0.0121 50 439 181 514
D20 0.0120 0 0 145 223
D20 0.0120 0 345 89 580
D20 0.0120 116 275 198 312
D20 0.0120 69 376 164 471
D20 0.0120 109 420 315 503
D20 0.0119 106 379 318 464
D20 0.0116 48 386 122 465
D20 0.0115 341 555 401 580
D20 0.0115 133 448 321 537
D20 0.0113 454 0 600 222
D20 0.0110 18 463 186 563
D20 0.0110 269 325 600 478
D20 0.0109 39 359 210 453
D20 0.0109 23 526 233 600
D20 0.0108 0 527 80 600
D20 0.0108 71 236 302 539
D20 0.0108 103 322 191 362
D20 0.0107 0 248 239 456
D20 0.0106 305 467 461 594
D20 0.0106 238 407 404 600
D20 0.0104 84 392 131 460
D20 0.0102 62 353 181 531
D20 0.0102 0 526 26 600
D20 0.0100 115 292 196 330
D20 0.0100 384 0 600 146
D20 0.0100 72 416 126 459
D40 0.0199 569 567 600 600
D40 0.0193 390 561 465 592
D40 0.0174 453 360 530 400
D40 0.0155 359 540 481 596
D40 0.0152 523 566 600 600
D40 0.0147 441 347 600 421
D40 0.0147 21 225 600 524
D40 0.0135 464 366 519 393
D40 0.0135 406 571 464 596
D40 0.0134 375 556 444 580
D40 0.0134 357 527 447 585
D40 0.0121 459 359 577 409
D40 0.0110 518 388 599 433
D40 0.0109 554 563 597 594
D40 0.0105 500 551 600 596
D40 0.0100 551 581 600 600
D40 0.0100 38 576 80 599
