D00 0.1110 192 420 233 526
D00 0.1099 164 403 265 547
D00 0.0752 195 406 237 487
D00 0.0650 182 454 226 538
D00 0.0645 319 300 448 362
D00 0.0632 347 308 425 357
D00 0.0623 176 498 222 528
D00 0.0613 170 490 227 542
D00 0.0593 164 452 249 580
D00 0.0578 200 426 226 484
D00 0.0534 202 503 272 568
D00 0.0534 304 428 383 590
D00 0.0527 332 487 370 577
D00 0.0511 187 395 253 507
D00 0.0463 140 481 261 599
D00 0.0453 205 419 233 473
D00 0.0439 341 521 365 574
D00 0.0427 362 319 414 348
D00 0.0414 161 489 209 576
D00 0.0412 339 512 377 591
D00 0.0409 185 482 216 528
D00 0.0405 199 441 224 507
D00 0.0400 172 497 236 573
D00 0.0389 170 411 243 468
D00 0.0373 345 311 483 369
D00 0.0370 369 315 437 352
D00 0.0363 118 360 257 552
D00 0.0358 357 290 416 350
D00 0.0353 339 306 406 343
D00 0.0341 178 510 225 600
D00 0.0338 169 501 209 533
D00 0.0338 312 345 337 393
D00 0.0334 202 406 226 459
D00 0.0333 260 429 362 588
D00 0.0327 189 420 262 473
D00 0.0327 347 528 371 582
D00 0.0323 319 440 372 560
D00 0.0310 213 519 284 589
D00 0.0309 152 460 238 536
D00 0.0306 303 457 360 573
D00 0.0306 222 350 375 553
D00 0.0304 0 332 85 439
D00 0.0300 170 551 235 600
D00 0.0299 313 288 420 343
D00 0.0296 2 350 58 455
D00 0.0294 246 287 267 340
D00 0.0292 247 324 283 411
D00 0.0285 0 372 80 532
D00 0.0282 369 309 419 339
D00 0.0278 335 457 386 573
D00 0.0273 221 510 263 577
D00 0.0271 338 322 408 360
D00 0.0269 66 423 250 579
D00 0.0267 261 324 427 567
D00 0.0266 198 368 242 465
D00 0.0266 190 455 217 519
D00 0.0262 525 357 600 399
D00 0.0261 275 434 313 529
D00 0.0261 197 433 251 491
D00 0.0260 368 327 423 356
D00 0.0258 248 302 286 379
D00 0.0257 0 441 44 525
D00 0.0255 256 325 278 377
D00 0.0253 238 288 259 339
D00 0.0251 176 566 228 595
D00 0.0247 283 288 423 379
D00 0.0245 246 306 268 360
D00 0.0244 208 339 232 384
D00 0.0243 304 333 346 401
D00 0.0242 181 501 255 553
D00 0.0242 2 384 55 490
D00 0.0242 281 503 323 593
D00 0.0242 244 355 283 444
D00 0.0241 185 321 302 508
D00 0.0240 183 521 261 594
D00 0.0239 364 299 410 329
D00 0.0237 165 434 228 520
D00 0.0236 346 287 480 351
D00 0.0236 244 315 272 384
D00 0.0234 319 476 403 584
D00 0.0233 0 423 59 556
D00 0.0233 237 274 258 319
D00 0.0231 349 314 396 350
D00 0.0230 315 450 373 509
D00 0.0228 318 352 344 400
D00 0.0227 0 365 223 573
D00 0.0227 238 280 275 366
D00 0.0224 372 302 405 351
D00 0.0223 295 318 408 373
D00 0.0223 267 416 307 504
D00 0.0222 156 502 205 551
D00 0.0221 254 307 278 360
D00 0.0221 382 308 515 354
D00 0.0219 352 324 437 369
D00 0.0217 264 327 287 375
D00 0.0217 424 319 497 350
D00 0.0217 280 496 372 590
D00 0.0216 337 302 459 409
D00 0.0216 273 484 314 572
D00 0.0216 313 521 374 583
D00 0.0214 365 295 443 341
D00 0.0213 347 502 370 562
D00 0.0212 250 407 332 558
D00 0.0212 161 526 211 600
D00 0.0212 538 366 595 392
D00 0.0211 378 325 450 359
D00 0.0208 257 319 294 400
D00 0.0207 155 429 239 479
D00 0.0207 245 275 267 320
D00 0.0207 0 467 32 533
D00 0.0204 191 398 237 452
D00 0.0198 200 337 241 415
D00 0.0198 13 402 69 509
D00 0.0196 325 455 363 493
D00 0.0196 267 455 307 546
D00 0.0195 188 427 227 463
D00 0.0195 204 306 409 488
D00 0.0194 442 327 517 356
D00 0.0193 179 383 230 464
D00 0.0193 191 433 219 495
D00 0.0192 232 532 303 596
D00 0.0192 0 303 88 401
D00 0.0192 324 414 395 551
D00 0.0192 0 446 81 600
D00 0.0191 333 463 369 538
D00 0.0190 501 341 600 389
D00 0.0189 312 312 418 404
D00 0.0189 117 428 233 530
D00 0.0189 283 440 344 560
D00 0.0188 6 352 69 413
D00 0.0186 231 273 266 350
D00 0.0185 556 520 598 600
D00 0.0183 284 400 405 531
D00 0.0183 272 302 430 437
D00 0.0179 340 491 364 555
D00 0.0179 226 527 268 566
D00 0.0177 0 310 119 555
D00 0.0177 195 438 235 465
D00 0.0177 401 324 542 364
D00 0.0177 238 307 260 360
D00 0.0176 255 350 277 409
D00 0.0176 0 382 33 450
D00 0.0176 247 341 270 397
D00 0.0175 189 340 240 383
D00 0.0175 333 337 449 544
D00 0.0175 233 478 306 582
D00 0.0174 498 343 600 457
D00 0.0174 164 472 216 526
D00 0.0173 222 506 286 558
D00 0.0173 260 459 324 573
D00 0.0172 453 329 600 396
D00 0.0170 332 533 369 563
D00 0.0170 309 309 533 396
D00 0.0170 227 309 269 389
D00 0.0170 263 308 288 359
D00 0.0169 315 431 443 567
D00 0.0169 249 282 281 345
D00 0.0169 379 309 414 356
D00 0.0167 274 396 350 534
D00 0.0167 363 292 410 316
D00 0.0167 351 297 395 335
D00 0.0166 177 559 208 599
D00 0.0166 393 317 476 349
D00 0.0165 302 355 347 385
D00 0.0164 493 374 598 568
D00 0.0164 156 509 192 584
D00 0.0163 189 342 233 438
D00 0.0163 135 487 214 539
D00 0.0162 261 505 312 590
D00 0.0162 513 450 598 600
D00 0.0161 281 455 323 544
D00 0.0161 178 507 206 566
D00 0.0161 147 508 223 566
D00 0.0160 229 492 362 577
D00 0.0160 254 343 292 435
D00 0.0159 333 297 401 369
D00 0.0159 4 326 172 473
D00 0.0158 308 333 377 390
D00 0.0158 549 363 600 408
D00 0.0158 232 272 261 302
D00 0.0157 14 458 68 566
D00 0.0157 249 335 326 477
D00 0.0157 230 377 273 447
D00 0.0157 572 553 598 600
D00 0.0156 0 476 44 553
D00 0.0156 130 474 212 588
D00 0.0155 330 514 359 566
D00 0.0155 145 389 234 516
D00 0.0155 293 436 367 520
D00 0.0154 292 522 334 598
D00 0.0154 226 342 280 415
D00 0.0153 303 353 360 414
D00 0.0153 143 571 219 600
D00 0.0152 383 307 462 342
D00 0.0151 199 362 268 446
D00 0.0150 450 326 584 369
D00 0.0150 0 323 66 383
D00 0.0149 321 329 587 558
D00 0.0149 199 451 235 493
D00 0.0149 28 398 156 589
D00 0.0148 438 356 586 584
D00 0.0147 182 499 215 551
D00 0.0147 537 354 600 479
D00 0.0147 376 300 430 327
D00 0.0146 320 504 366 561
D00 0.0146 250 313 308 371
D00 0.0146 292 529 316 584
D00 0.0146 341 289 402 322
D00 0.0144 13 362 77 398
D00 0.0143 246 361 271 420
D00 0.0143 330 333 433 385
D00 0.0143 330 437 369 498
D00 0.0143 264 340 286 397
D00 0.0142 193 546 283 600
D00 0.0142 281 420 325 504
D00 0.0142 179 474 231 514
D00 0.0142 119 519 224 600
D00 0.0142 162 498 193 540
D00 0.0142 379 303 433 369
D00 0.0142 235 322 504 470
D00 0.0141 352 337 409 363
D00 0.0141 195 510 244 581
D00 0.0141 4 367 100 467
D00 0.0140 213 345 241 389
D00 0.0140 237 325 261 379
D00 0.0140 266 459 421 575
D00 0.0139 207 517 257 558
D00 0.0139 283 434 306 492
D00 0.0138 208 406 243 456
D00 0.0138 248 523 355 582
D00 0.0137 275 287 392 338
D00 0.0136 200 345 225 389
D00 0.0136 548 479 595 587
D00 0.0136 337 545 370 584
D00 0.0136 1 492 28 543
D00 0.0135 161 327 185 375
D00 0.0135 253 412 316 479
D00 0.0135 332 540 389 598
D00 0.0135 254 284 298 364
D00 0.0134 185 411 226 448
D00 0.0133 276 532 313 593
D00 0.0133 291 263 339 288
D00 0.0133 326 310 385 354
D00 0.0132 178 442 249 506
D00 0.0132 293 353 366 500
D00 0.0132 0 372 40 425
D00 0.0132 7 320 103 375
D00 0.0131 204 352 255 401
D00 0.0131 308 421 382 502
D00 0.0131 187 482 242 540
D00 0.0130 363 334 470 382
D00 0.0130 259 401 294 469
D00 0.0130 219 320 257 383
D00 0.0130 235 283 281 305
D00 0.0130 382 417 415 452
D00 0.0129 252 381 278 438
D00 0.0129 387 330 481 369
D00 0.0128 214 391 263 454
D00 0.0128 284 452 305 513
D00 0.0127 152 555 206 599
D00 0.0127 187 517 214 578
D00 0.0127 170 310 193 356
D00 0.0127 162 327 202 405
D00 0.0127 294 360 355 396
D00 0.0127 370 341 490 540
D00 0.0127 0 515 44 600
D00 0.0126 286 298 375 364
D00 0.0125 451 322 507 348
D00 0.0125 9 367 56 394
D00 0.0125 305 515 433 587
D00 0.0125 329 463 359 515
D00 0.0125 210 350 247 431
D00 0.0124 292 345 356 381
D00 0.0124 301 539 325 590
D00 0.0123 564 356 600 432
D00 0.0123 300 438 423 513
D00 0.0123 559 375 600 400
D00 0.0123 0 551 67 600
D00 0.0123 171 353 193 402
D00 0.0123 564 544 591 596
D00 0.0123 327 293 383 338
D00 0.0123 179 301 202 346
D00 0.0122 542 339 599 423
D00 0.0122 255 437 300 523
D00 0.0122 521 358 584 384
D00 0.0122 1 278 104 454
D00 0.0121 6 331 132 400
D00 0.0121 168 354 214 444
D00 0.0121 265 452 377 538
D00 0.0121 241 278 296 335
D00 0.0121 200 384 223 444
D00 0.0120 358 316 400 372
D00 0.0120 226 276 273 297
D00 0.0120 252 277 278 319
D00 0.0120 518 379 590 496
D00 0.0119 555 354 596 390
D00 0.0119 188 352 237 399
D00 0.0119 191 557 223 599
D00 0.0119 217 483 260 550
D00 0.0118 4 437 53 493
D00 0.0118 186 543 215 597
D00 0.0118 131 452 199 542
D00 0.0117 263 371 480 491
D00 0.0116 319 339 356 397
D00 0.0116 14 499 70 598
D00 0.0116 313 281 534 361
D00 0.0116 204 312 237 382
D00 0.0116 1 346 51 399
D00 0.0116 169 325 192 377
D00 0.0115 6 339 90 385
D00 0.0115 303 515 358 599
D00 0.0115 178 340 225 413
D00 0.0115 303 340 331 386
D00 0.0115 11 412 100 561
D00 0.0114 206 297 261 390
D00 0.0114 175 422 218 485
D00 0.0114 263 294 584 434
D00 0.0114 528 460 581 571
D00 0.0114 282 521 308 578
D00 0.0114 188 441 239 482
D00 0.0114 0 494 35 578
D00 0.0114 56 333 203 509
D00 0.0114 333 525 412 574
D00 0.0114 0 319 27 366
D00 0.0113 348 548 373 595
D00 0.0113 379 337 434 362
D00 0.0113 454 334 528 363
D00 0.0113 0 447 29 503
D00 0.0113 378 393 419 459
D00 0.0113 142 524 191 600
D00 0.0112 411 306 572 357
D00 0.0112 342 515 388 567
D00 0.0112 511 317 600 411
D00 0.0112 6 457 36 512
D00 0.0112 349 461 407 569
D00 0.0111 142 344 229 461
D00 0.0111 169 518 197 577
D00 0.0111 6 446 68 518
D00 0.0111 411 329 479 353
D00 0.0111 265 334 301 367
D00 0.0110 15 370 61 408
D00 0.0110 275 433 299 491
D00 0.0110 274 318 347 451
D00 0.0110 405 348 534 537
D00 0.0109 153 314 193 389
D00 0.0109 236 343 263 394
D00 0.0109 332 326 431 432
D00 0.0109 346 481 372 543
D00 0.0108 537 429 600 564
D00 0.0108 545 555 597 598
D00 0.0108 518 362 594 437
D00 0.0108 305 484 480 582
D00 0.0107 423 333 500 364
D00 0.0107 297 272 349 296
D00 0.0107 283 482 306 540
D00 0.0107 161 312 185 356
D00 0.0107 26 387 88 485
D00 0.0107 303 482 382 547
D00 0.0107 228 275 252 316
D00 0.0107 313 341 414 505
D00 0.0107 307 314 384 445
D00 0.0106 371 291 436 321
D00 0.0106 262 291 288 338
D00 0.0106 324 328 383 373
D00 0.0106 202 456 249 530
D00 0.0105 339 525 377 554
D00 0.0105 283 369 338 484
D00 0.0105 348 338 565 443
D00 0.0105 198 465 232 522
D00 0.0105 222 272 277 325
D00 0.0105 0 291 66 368
D00 0.0105 289 488 337 573
D00 0.0105 26 336 92 370
D00 0.0104 424 313 481 339
D00 0.0104 178 314 227 389
D00 0.0104 307 336 341 372
D00 0.0103 320 542 367 570
D00 0.0103 388 340 449 396
D00 0.0103 512 0 600 136
D00 0.0103 188 292 211 336
D00 0.0103 251 284 302 306
D00 0.0103 195 334 230 373
D00 0.0103 390 317 423 361
D00 0.0103 328 281 392 311
D00 0.0102 18 355 124 410
D00 0.0102 316 545 416 592
D00 0.0102 236 285 301 397
D00 0.0102 318 286 463 483
D00 0.0102 317 438 355 496
D00 0.0102 182 352 221 386
D00 0.0101 276 453 298 512
D00 0.0101 517 419 587 536
D00 0.0101 355 285 402 308
D00 0.0101 395 339 455 362
D00 0.0100 168 346 218 393
D00 0.0100 170 293 195 337
D00 0.0100 358 315 446 473
D00 0.0100 228 289 253 337
D00 0.0100 180 283 203 327
D00 0.0100 318 330 344 380
D10 0.0885 170 494 250 541
D10 0.0762 176 497 234 526
D10 0.0683 163 477 276 551
D10 0.0632 185 410 274 463
D10 0.0624 177 506 250 532
D10 0.0529 161 397 269 448
D10 0.0500 192 504 271 540
D10 0.0493 181 466 269 529
D10 0.0488 3 433 56 457
D10 0.0487 201 356 258 381
D10 0.0482 149 417 246 458
D10 0.0480 0 441 48 463
D10 0.0476 127 407 267 473
D10 0.0464 201 421 269 450
D10 0.0452 178 482 246 523
D10 0.0451 102 472 260 558
D10 0.0413 189 423 290 485
D10 0.0412 142 499 223 539
D10 0.0391 200 430 255 457
D10 0.0390 0 430 63 477
D10 0.0377 201 455 285 488
D10 0.0375 205 393 308 451
D10 0.0368 163 424 231 448
D10 0.0352 182 488 224 521
D10 0.0346 200 500 266 524
D10 0.0343 212 508 276 534
D10 0.0334 198 432 269 472
D10 0.0329 212 412 275 442
D10 0.0326 126 410 238 444
D10 0.0323 188 347 279 388
D10 0.0320 209 349 263 375
D10 0.0314 157 506 211 530
D10 0.0312 184 441 276 510
D10 0.0305 151 416 223 440
D10 0.0302 207 424 286 461
D10 0.0297 193 423 240 451
D10 0.0295 265 341 329 363
D10 0.0294 196 502 316 568
D10 0.0293 211 446 293 480
D10 0.0289 194 463 273 498
D10 0.0287 208 510 281 551
D10 0.0281 125 471 234 527
D10 0.0278 223 411 334 467
D10 0.0276 211 365 266 389
D10 0.0270 189 488 254 514
D10 0.0265 189 370 277 436
D10 0.0261 0 338 50 363
D10 0.0259 173 427 240 463
D10 0.0257 99 391 256 452
D10 0.0255 200 413 249 442
D10 0.0253 186 472 259 509
D10 0.0246 146 426 251 488
D10 0.0240 195 364 249 387
D10 0.0240 203 492 309 541
D10 0.0238 203 450 265 477
D10 0.0236 178 514 242 540
D10 0.0230 369 317 526 366
D10 0.0230 254 333 351 372
D10 0.0229 187 349 242 376
D10 0.0228 175 357 233 382
D10 0.0226 209 406 426 536
D10 0.0226 199 465 315 525
D10 0.0223 218 404 275 432
D10 0.0216 223 520 304 558
D10 0.0215 151 443 249 515
D10 0.0212 220 440 284 467
D10 0.0210 213 469 278 492
D10 0.0210 320 460 367 489
D10 0.0209 0 574 73 600
D10 0.0207 255 339 302 363
D10 0.0206 0 329 73 375
D10 0.0205 199 459 253 486
D10 0.0205 152 517 246 588
D10 0.0205 1 422 48 451
D10 0.0204 200 438 241 466
D10 0.0203 129 503 232 560
D10 0.0201 280 451 377 497
D10 0.0199 121 505 204 536
D10 0.0199 274 303 395 356
D10 0.0198 224 375 272 398
D10 0.0196 146 488 219 524
D10 0.0195 232 421 286 449
D10 0.0193 220 522 339 582
D10 0.0193 187 478 231 506
D10 0.0189 223 500 289 524
D10 0.0188 267 347 330 371
D10 0.0187 184 517 260 558
D10 0.0187 261 331 314 356
D10 0.0184 2 399 69 433
D10 0.0183 194 469 241 494
D10 0.0181 252 429 358 486
D10 0.0180 219 523 273 554
D10 0.0179 227 446 338 502
D10 0.0178 18 404 74 427
D10 0.0176 9 390 79 424
D10 0.0176 232 431 290 457
D10 0.0174 134 375 252 434
D10 0.0174 440 546 600 599
D10 0.0174 307 309 385 339
D10 0.0173 165 355 261 398
D10 0.0173 233 393 276 422
D10 0.0173 99 491 213 537
D10 0.0172 0 449 45 474
D10 0.0170 318 452 397 499
D10 0.0170 11 428 78 461
D10 0.0170 203 485 285 519
D10 0.0168 236 460 293 484
D10 0.0168 233 535 298 560
D10 0.0166 235 384 276 410
D10 0.0166 0 410 66 461
D10 0.0164 1 347 50 371
D10 0.0163 201 350 290 412
D10 0.0163 166 512 211 539
D10 0.0162 198 406 250 430
D10 0.0162 231 515 297 544
D10 0.0160 331 468 380 495
D10 0.0160 207 369 274 404
D10 0.0159 3 330 59 357
D10 0.0158 204 339 255 368
D10 0.0155 235 407 303 445
D10 0.0154 182 561 270 596
D10 0.0154 280 498 371 547
D10 0.0153 289 348 342 375
D10 0.0153 137 404 219 436
D10 0.0152 234 365 275 391
D10 0.0152 1 389 78 451
D10 0.0151 299 468 359 494
D10 0.0150 202 478 265 501
D10 0.0149 308 452 363 480
D10 0.0149 326 333 400 367
D10 0.0148 252 448 491 567
D10 0.0148 313 344 390 376
D10 0.0147 27 396 85 419
D10 0.0147 247 404 295 429
D10 0.0146 302 365 347 392
D10 0.0146 325 319 388 344
D10 0.0145 212 533 267 561
D10 0.0145 297 430 393 488
D10 0.0144 227 463 300 498
D10 0.0143 229 373 334 429
D10 0.0143 214 320 263 341
D10 0.0141 207 390 278 429
D10 0.0141 289 494 362 529
D10 0.0141 20 441 73 464
D10 0.0141 503 548 600 591
D10 0.0140 105 535 242 600
D10 0.0139 218 379 277 417
D10 0.0139 157 432 224 456
D10 0.0139 301 375 348 400
D10 0.0139 294 311 356 333
D10 0.0138 4 412 56 440
D10 0.0138 217 335 317 389
D10 0.0137 0 501 61 537
D10 0.0136 167 367 220 391
D10 0.0136 256 464 354 524
D10 0.0136 144 515 198 540
D10 0.0135 308 349 357 375
D10 0.0135 391 341 480 378
D10 0.0135 405 481 490 521
D10 0.0135 421 553 540 595
D10 0.0135 244 376 285 399
D10 0.0135 251 394 356 447
D10 0.0134 293 465 376 514
D10 0.0134 175 406 231 431
D10 0.0134 313 356 366 383
D10 0.0133 263 436 383 516
D10 0.0133 254 483 352 548
D10 0.0133 215 311 263 334
D10 0.0133 233 347 277 372
D10 0.0132 229 538 303 574
D10 0.0131 192 537 268 574
D10 0.0131 276 299 352 329
D10 0.0131 421 489 470 513
D10 0.0131 4 496 53 525
D10 0.0131 0 565 50 594
D10 0.0130 299 316 374 346
D10 0.0130 248 529 313 566
D10 0.0130 233 356 275 382
D10 0.0129 0 549 91 600
D10 0.0129 276 413 378 470
D10 0.0129 296 508 354 531
D10 0.0129 157 477 222 513
D10 0.0128 299 341 349 364
D10 0.0127 322 477 367 503
D10 0.0127 0 482 58 521
D10 0.0127 508 427 594 469
D10 0.0126 365 327 501 387
D10 0.0126 263 366 356 408
D10 0.0126 545 554 592 580
D10 0.0125 205 375 259 396
D10 0.0125 282 446 356 483
D10 0.0124 135 423 205 443
D10 0.0123 295 335 402 389
D10 0.0123 288 460 347 486
D10 0.0123 423 512 600 593
D10 0.0122 237 434 307 472
D10 0.0122 382 551 501 594
D10 0.0121 194 321 250 341
D10 0.0120 238 303 348 356
D10 0.0120 216 473 296 507
D10 0.0120 0 515 45 541
D10 0.0120 249 394 296 420
D10 0.0118 248 419 318 455
D10 0.0118 120 556 221 599
D10 0.0117 5 368 50 394
D10 0.0117 544 564 594 593
D10 0.0117 549 460 599 486
D10 0.0116 333 527 427 572
D10 0.0116 399 354 470 384
D10 0.0115 483 529 589 583
D10 0.0115 272 420 338 454
D10 0.0115 403 349 465 371
D10 0.0114 223 338 269 366
D10 0.0114 285 331 343 353
D10 0.0113 249 450 300 475
D10 0.0113 224 360 281 397
D10 0.0113 171 440 227 466
D10 0.0113 236 319 280 343
D10 0.0113 345 521 496 586
D10 0.0113 342 347 399 370
D10 0.0112 110 417 218 452
D10 0.0112 216 565 283 591
D10 0.0111 271 381 344 413
D10 0.0111 204 396 262 420
D10 0.0111 246 329 290 356
D10 0.0111 247 400 319 433
D10 0.0110 12 431 104 476
D10 0.0110 302 482 368 519
D10 0.0110 403 335 484 365
D10 0.0109 259 525 307 552
D10 0.0109 533 463 600 496
D10 0.0109 196 329 248 353
D10 0.0109 271 432 319 458
D10 0.0109 324 469 410 514
D10 0.0109 257 414 309 438
D10 0.0109 236 311 279 334
D10 0.0108 280 428 349 463
D10 0.0108 195 447 233 475
D10 0.0108 255 320 301 345
D10 0.0108 233 353 338 409
D10 0.0108 128 499 194 525
D10 0.0108 326 328 386 355
D10 0.0108 315 340 373 364
D10 0.0107 272 351 346 387
D10 0.0107 555 545 595 571
D10 0.0107 125 416 195 437
D10 0.0106 440 530 560 581
D10 0.0106 342 548 466 592
D10 0.0106 305 303 364 327
D10 0.0106 18 387 110 428
D10 0.0106 239 493 307 530
D10 0.0106 0 533 148 600
D10 0.0105 248 342 311 374
D10 0.0105 0 505 80 552
D10 0.0105 101 509 205 551
D10 0.0105 1 477 42 506
D10 0.0105 0 432 30 458
D10 0.0105 490 434 586 487
D10 0.0105 319 497 365 521
D10 0.0105 273 502 339 537
D10 0.0105 267 307 343 337
D10 0.0105 166 348 222 374
D10 0.0104 410 529 504 570
D10 0.0104 236 371 294 405
D10 0.0104 321 487 366 512
D10 0.0104 308 360 372 396
D10 0.0104 336 415 427 456
D10 0.0104 226 489 288 513
D10 0.0103 0 506 35 533
D10 0.0103 251 385 297 410
D10 0.0103 247 507 301 533
D10 0.0102 10 383 62 413
D10 0.0102 178 550 247 587
D10 0.0102 507 449 596 501
D10 0.0101 294 442 353 468
D10 0.0101 492 553 576 583
D10 0.0101 152 566 207 593
D10 0.0101 267 302 324 325
D10 0.0101 301 413 534 530
D10 0.0101 8 357 58 384
D10 0.0101 214 328 262 354
D10 0.0101 280 410 349 442
D10 0.0101 221 543 277 568
D10 0.0100 369 538 559 600
D10 0.0100 313 473 384 529
D10 0.0100 444 564 517 595
D10 0.0100 198 547 278 586
D20 0.2428 74 373 440 586
D20 0.2373 156 390 334 587
D20 0.1950 172 399 274 553
D20 0.1557 159 461 299 592
D20 0.1364 179 350 287 508
D20 0.1025 41 436 346 598
D20 0.0800 114 338 572 548
D20 0.0769 5 345 328 548
D20 0.0763 172 474 283 555
D20 0.0703 196 410 279 461
D20 0.0698 186 397 296 482
D20 0.0698 164 327 362 541
D20 0.0602 171 478 390 587
D20 0.0569 132 443 593 600
D20 0.0568 125 449 274 548
D20 0.0529 194 416 257 487
D20 0.0516 170 481 240 537
D20 0.0505 161 314 281 451
D20 0.0504 211 326 312 487
D20 0.0503 182 430 262 527
D20 0.0489 180 391 363 501
D20 0.0488 178 509 326 590
D20 0.0467 199 354 267 466
D20 0.0465 113 398 278 496
D20 0.0455 122 496 277 600
D20 0.0443 101 332 332 487
D20 0.0441 172 501 256 553
D20 0.0425 208 387 282 453
D20 0.0398 105 357 284 455
D20 0.0391 183 439 363 562
D20 0.0371 234 410 344 583
D20 0.0340 232 365 337 524
D20 0.0337 0 339 82 487
D20 0.0335 184 333 350 449
D20 0.0333 17 165 600 591
D20 0.0326 267 294 435 371
D20 0.0325 236 356 279 446
D20 0.0311 199 506 290 559
D20 0.0307 192 300 309 427
D20 0.0304 165 365 252 495
D20 0.0296 192 461 257 544
D20 0.0284 0 383 62 450
D20 0.0283 0 405 209 600
D20 0.0279 165 301 451 484
D20 0.0279 218 431 442 598
D20 0.0277 188 341 278 384
D20 0.0275 0 406 50 479
D20 0.0274 167 556 268 599
D20 0.0272 55 405 280 536
D20 0.0269 224 308 410 394
D20 0.0269 195 326 270 410
D20 0.0266 225 399 285 477
D20 0.0263 220 465 316 586
D20 0.0258 66 459 245 596
D20 0.0249 0 15 557 441
D20 0.0246 243 375 522 600
D20 0.0244 195 438 273 501
D20 0.0238 187 522 403 600
D20 0.0235 0 301 309 467
D20 0.0233 209 340 283 432
D20 0.0232 2 360 61 421
D20 0.0228 217 489 274 565
D20 0.0227 204 316 252 387
D20 0.0226 176 313 293 386
D20 0.0222 206 384 345 462
D20 0.0219 260 385 360 545
D20 0.0217 214 415 309 501
D20 0.0208 39 523 263 600
D20 0.0207 309 304 405 346
D20 0.0206 198 346 246 388
D20 0.0205 239 412 406 519
D20 0.0201 258 341 355 383
D20 0.0199 0 0 408 294
D20 0.0195 224 515 305 580
D20 0.0192 167 0 600 294
D20 0.0191 241 333 417 433
D20 0.0189 158 349 255 390
D20 0.0188 260 354 392 501
D20 0.0187 312 118 600 600
D20 0.0186 0 336 123 432
D20 0.0186 264 283 405 346
D20 0.0182 203 327 334 402
D20 0.0180 310 319 405 365
D20 0.0180 238 309 335 468
D20 0.0179 250 384 295 467
D20 0.0175 0 118 290 600
D20 0.0175 215 318 276 384
D20 0.0171 548 548 600 600
D20 0.0170 1 339 222 449
D20 0.0168 0 315 47 389
D20 0.0166 245 509 332 585
D20 0.0165 0 391 33 457
D20 0.0163 120 237 397 600
D20 0.0160 244 401 327 483
D20 0.0159 0 425 38 507
D20 0.0158 0 366 39 443
D20 0.0158 514 567 600 600
D20 0.0157 278 316 383 410
D20 0.0156 221 411 315 463
D20 0.0155 192 332 235 399
D20 0.0153 416 408 600 600
D20 0.0151 254 486 498 587
D20 0.0151 134 336 247 438
D20 0.0150 301 340 393 384
D20 0.0149 77 329 270 411
D20 0.0149 282 347 366 393
D20 0.0149 222 542 341 591
D20 0.0149 162 330 245 407
D20 0.0146 0 374 51 530
D20 0.0146 226 298 366 365
D20 0.0144 442 535 600 600
D20 0.0144 220 448 274 537
D20 0.0144 9 376 80 436
D20 0.0143 285 429 445 534
D20 0.0138 0 369 127 467
D20 0.0137 299 331 425 474
D20 0.0137 248 323 339 364
D20 0.0136 171 283 264 413
D20 0.0136 198 335 263 373
D20 0.0135 331 319 600 526
D20 0.0131 0 310 211 411
D20 0.0131 314 472 595 599
D20 0.0130 281 396 446 496
D20 0.0129 216 344 257 379
D20 0.0129 231 311 302 388
D20 0.0128 502 549 600 596
D20 0.0126 188 523 274 600
D20 0.0126 241 419 293 497
D20 0.0125 287 295 382 335
D20 0.0125 0 307 57 456
D20 0.0124 235 493 296 566
D20 0.0124 142 390 236 457
D20 0.0123 157 322 257 374
D20 0.0121 454 0 600 221
D20 0.0120 210 352 266 403
D20 0.0120 257 295 353 333
D20 0.0119 0 0 144 222
D20 0.0118 198 298 268 374
D20 0.0118 262 316 306 386
D20 0.0114 152 417 232 470
D20 0.0113 10 364 94 412
D20 0.0113 262 296 359 438
D20 0.0112 244 286 332 326
D20 0.0110 0 428 50 587
D20 0.0110 0 312 31 371
D20 0.0110 509 408 595 549
D20 0.0109 161 523 236 600
D20 0.0109 184 303 276 344
D20 0.0108 247 302 334 346
D20 0.0106 0 562 61 600
D20 0.0106 204 311 294 357
D20 0.0104 430 436 600 522
D20 0.0103 301 355 384 400
D20 0.0103 225 362 274 419
D20 0.0103 0 0 73 113
D20 0.0103 428 568 520 600
D20 0.0102 0 398 43 434
D20 0.0101 247 362 325 445
D20 0.0101 280 409 326 487
D20 0.0101 282 433 353 496
D20 0.0100 179 305 247 368
D40 0.0735 178 497 226 527
D40 0.0646 171 475 264 555
D40 0.0638 195 417 275 469
D40 0.0547 169 505 266 592
D40 0.0507 173 574 229 599
D40 0.0433 202 425 237 465
D40 0.0424 174 540 290 595
D40 0.0396 165 566 255 600
D40 0.0347 553 575 598 600
D40 0.0327 200 417 249 456
D40 0.0318 212 401 279 452
D40 0.0295 239 573 295 596
D40 0.0287 176 495 209 537
D40 0.0275 173 507 236 544
D40 0.0266 222 554 307 597
D40 0.0250 256 558 295 593
D40 0.0239 9 571 106 600
D40 0.0219 218 424 273 460
D40 0.0217 204 571 293 598
D40 0.0214 237 398 277 438
D40 0.0211 3 576 65 600
D40 0.0210 130 532 259 600
D40 0.0204 206 495 289 589
D40 0.0201 0 390 46 443
D40 0.0194 525 567 600 600
D40 0.0193 167 570 208 600
D40 0.0184 571 565 598 600
D40 0.0183 189 574 263 597
D40 0.0177 1 372 48 425
D40 0.0175 233 407 289 461
D40 0.0167 205 433 260 471
D40 0.0159 0 387 34 427
D40 0.0159 144 431 239 478
D40 0.0158 250 541 303 592
D40 0.0158 229 565 290 591
D40 0.0156 570 582 600 600
D40 0.0151 248 568 315 598
D40 0.0150 0 406 32 445
D40 0.0149 1 416 43 455
D40 0.0149 18 582 83 600
D40 0.0144 7 374 55 403
D40 0.0142 1 403 46 429
D40 0.0140 0 427 34 462
D40 0.0136 228 532 316 584
D40 0.0133 4 393 55 421
D40 0.0125 212 437 277 485
D40 0.0123 247 388 280 429
D40 0.0121 154 411 196 441
D40 0.0119 191 565 224 600
D40 0.0115 149 411 233 459
D40 0.0115 241 378 274 419
D40 0.0114 251 399 281 453
D40 0.0114 184 581 249 600
D40 0.0114 6 274 56 299
D40 0.0113 160 419 208 449
D40 0.0112 0 266 63 308
D40 0.0111 170 556 220 600
D40 0.0110 234 433 280 471
D40 0.0109 17 399 63 433
D40 0.0104 48 573 91 600
D40 0.0104 205 553 273 596
D40 0.0100 4 432 38 478
