D00 0.3255 56 421 294 599
D00 0.3139 37 459 161 597
D00 0.2780 83 429 179 588
D00 0.2718 43 473 258 577
D00 0.2492 68 527 130 598
D00 0.2384 240 428 304 555
D00 0.2219 79 503 150 592
D00 0.2180 139 437 178 523
D00 0.2055 108 408 201 567
D00 0.2024 262 439 300 540
D00 0.2005 129 447 172 549
D00 0.1931 28 524 141 592
D00 0.1888 442 473 527 586
D00 0.1672 150 444 176 509
D00 0.1663 128 388 235 531
D00 0.1618 100 490 154 570
D00 0.1608 110 450 165 574
D00 0.1596 241 474 292 561
D00 0.1596 134 440 364 566
D00 0.1554 430 424 574 596
D00 0.1478 149 400 194 502
D00 0.1474 5 514 219 585
D00 0.1441 46 548 124 600
D00 0.1364 439 476 489 542
D00 0.1348 132 411 188 537
D00 0.1280 159 391 205 474
D00 0.1251 211 452 308 576
D00 0.1201 225 499 284 560
D00 0.1187 170 391 211 447
D00 0.1179 108 385 300 548
D00 0.1171 421 456 513 562
D00 0.1155 264 460 289 528
D00 0.1117 443 482 480 523
D00 0.1114 490 385 557 450
D00 0.1061 449 490 505 573
D00 0.1028 446 388 575 457
D00 0.1020 89 519 137 586
D00 0.1014 240 422 344 580
D00 0.0963 261 425 317 501
D00 0.0958 271 451 296 522
D00 0.0929 142 377 268 493
D00 0.0914 121 470 161 552
D00 0.0907 57 571 113 596
D00 0.0847 6 497 120 598
D00 0.0830 182 373 215 437
D00 0.0830 235 505 282 594
D00 0.0822 407 409 551 540
D00 0.0775 88 535 123 592
D00 0.0766 251 470 313 576
D00 0.0759 96 470 213 557
D00 0.0759 172 401 209 431
D00 0.0757 454 491 488 549
D00 0.0755 264 442 333 554
D00 0.0743 142 458 168 524
D00 0.0742 434 482 477 507
D00 0.0742 230 376 322 554
D00 0.0740 458 517 527 577
D00 0.0731 0 423 214 584
D00 0.0710 148 376 219 453
D00 0.0700 118 389 227 465
D00 0.0691 91 488 200 591
D00 0.0677 431 459 486 524
D00 0.0672 37 497 149 574
D00 0.0670 11 563 118 599
D00 0.0649 113 438 182 502
D00 0.0647 64 525 181 600
D00 0.0647 509 398 551 439
D00 0.0643 241 508 282 551
D00 0.0634 499 377 552 428
D00 0.0623 167 382 418 559
D00 0.0622 201 511 282 571
D00 0.0618 69 559 119 594
D00 0.0616 502 408 565 446
D00 0.0607 61 404 206 508
D00 0.0591 170 477 434 578
D00 0.0576 167 406 197 464
D00 0.0563 183 430 305 527
D00 0.0559 249 449 298 511
D00 0.0558 81 479 160 546
D00 0.0556 112 407 197 490
D00 0.0555 164 349 229 466
D00 0.0539 43 436 180 522
D00 0.0537 482 376 583 435
D00 0.0537 381 373 582 514
D00 0.0515 114 460 190 532
D00 0.0515 262 452 294 498
D00 0.0514 484 372 545 409
D00 0.0513 480 392 595 481
D00 0.0510 177 392 214 425
D00 0.0508 400 448 520 519
D00 0.0506 257 413 318 471
D00 0.0506 150 400 212 437
D00 0.0505 454 410 578 512
D00 0.0494 406 494 515 591
D00 0.0486 461 539 528 597
D00 0.0479 457 361 562 418
D00 0.0476 209 485 297 545
D00 0.0474 116 498 148 558
D00 0.0467 76 546 153 600
D00 0.0466 137 449 201 511
D00 0.0464 182 493 296 600
D00 0.0461 461 502 496 562
D00 0.0457 133 441 179 486
D00 0.0455 268 433 338 481
D00 0.0452 253 480 285 545
D00 0.0450 503 394 552 420
D00 0.0439 207 338 231 386
D00 0.0436 143 435 213 495
D00 0.0435 489 412 563 465
D00 0.0434 43 580 106 597
D00 0.0430 265 460 311 523
D00 0.0430 207 423 321 499
D00 0.0427 279 442 362 579
D00 0.0425 467 373 593 556
D00 0.0423 86 458 170 526
D00 0.0423 449 472 516 542
D00 0.0421 269 444 303 486
D00 0.0420 389 424 522 588
D00 0.0420 440 466 470 513
D00 0.0414 249 517 297 600
D00 0.0413 492 366 542 393
D00 0.0407 72 447 151 569
D00 0.0406 486 483 595 588
D00 0.0405 0 459 80 600
D00 0.0404 105 508 140 569
D00 0.0402 500 386 550 411
D00 0.0401 276 445 307 508
D00 0.0398 145 422 187 484
D00 0.0396 506 391 575 426
D00 0.0396 7 454 134 564
D00 0.0388 168 353 348 497
D00 0.0387 255 366 323 498
D00 0.0387 437 455 569 538
D00 0.0378 145 444 177 477
D00 0.0377 465 529 511 570
D00 0.0374 378 453 496 545
D00 0.0363 260 474 342 597
D00 0.0362 320 509 361 600
D00 0.0360 408 447 473 508
D00 0.0359 255 377 300 457
D00 0.0359 240 402 367 518
D00 0.0352 74 518 304 599
D00 0.0351 189 358 223 430
D00 0.0347 172 335 220 434
D00 0.0343 257 488 302 558
D00 0.0343 119 489 157 534
D00 0.0341 266 428 325 464
D00 0.0340 456 434 526 548
D00 0.0338 71 394 207 458
D00 0.0338 446 489 501 533
D00 0.0334 273 437 314 475
D00 0.0333 163 407 266 548
D00 0.0332 195 331 228 389
D00 0.0330 0 401 117 599
D00 0.0330 499 418 547 450
D00 0.0330 104 515 155 600
D00 0.0329 478 502 535 584
D00 0.0326 0 526 44 600
D00 0.0326 148 457 187 536
D00 0.0321 251 403 304 510
D00 0.0321 503 370 537 415
D00 0.0320 212 518 266 600
D00 0.0319 83 355 303 489
D00 0.0317 472 347 594 449
D00 0.0312 14 535 98 600
D00 0.0303 152 418 220 540
D00 0.0302 379 404 507 488
D00 0.0301 110 487 183 548
D00 0.0299 310 444 380 583
D00 0.0297 415 430 507 499
D00 0.0294 267 403 301 460
D00 0.0294 441 534 507 594
D00 0.0293 165 405 222 457
D00 0.0292 216 330 239 381
D00 0.0291 167 364 206 437
D00 0.0290 107 396 175 461
D00 0.0288 118 459 229 600
D00 0.0288 473 538 521 575
D00 0.0285 131 443 253 510
D00 0.0285 135 477 165 541
D00 0.0285 201 318 239 394
D00 0.0285 18 573 94 598
D00 0.0284 467 388 547 423
D00 0.0283 476 421 546 475
D00 0.0281 243 516 275 566
D00 0.0277 0 485 42 568
D00 0.0275 95 401 162 430
D00 0.0275 146 454 185 490
D00 0.0273 476 357 539 389
D00 0.0273 367 380 480 469
D00 0.0271 442 475 505 512
D00 0.0269 338 511 381 600
D00 0.0269 182 382 243 433
D00 0.0268 258 366 296 429
D00 0.0267 92 531 134 562
D00 0.0266 551 551 596 600
D00 0.0265 122 385 198 441
D00 0.0265 130 391 188 475
D00 0.0263 263 395 290 445
D00 0.0261 18 482 139 542
D00 0.0261 131 358 249 430
D00 0.0260 524 452 600 600
D00 0.0260 443 420 512 522
D00 0.0259 454 509 512 549
D00 0.0258 499 369 585 415
D00 0.0257 469 449 547 566
D00 0.0255 302 510 344 596
D00 0.0255 63 550 102 596
D00 0.0254 181 389 227 451
D00 0.0253 233 506 327 600
D00 0.0253 115 401 188 433
D00 0.0251 312 499 352 578
D00 0.0248 130 500 394 600
D00 0.0248 0 481 59 540
D00 0.0247 334 464 393 599
D00 0.0242 160 390 195 438
D00 0.0240 432 408 535 473
D00 0.0240 110 397 165 422
D00 0.0239 186 338 219 402
D00 0.0236 448 468 489 506
D00 0.0236 505 375 560 402
D00 0.0234 388 466 475 588
D00 0.0234 323 451 456 582
D00 0.0233 334 532 368 599
D00 0.0232 472 403 545 448
D00 0.0231 196 355 221 405
D00 0.0230 481 533 549 580
D00 0.0229 277 482 328 566
D00 0.0229 460 373 541 448
D00 0.0228 53 536 125 580
D00 0.0228 159 381 213 421
D00 0.0228 107 511 148 545
D00 0.0228 197 521 248 600
D00 0.0227 276 414 415 582
D00 0.0227 273 328 315 361
D00 0.0226 430 478 474 533
D00 0.0226 133 458 177 504
D00 0.0226 500 360 551 383
D00 0.0225 347 349 392 391
D00 0.0223 532 530 594 599
D00 0.0223 185 337 240 428
D00 0.0221 236 387 314 463
D00 0.0220 92 412 167 509
D00 0.0219 322 350 448 462
D00 0.0219 254 313 282 358
D00 0.0218 316 529 348 598
D00 0.0217 292 330 347 357
D00 0.0217 461 432 528 494
D00 0.0216 490 426 582 477
D00 0.0216 487 402 547 432
D00 0.0215 222 525 276 581
D00 0.0213 470 494 505 553
D00 0.0213 2 500 27 556
D00 0.0212 270 306 329 361
D00 0.0212 505 367 561 391
D00 0.0208 88 397 153 455
D00 0.0208 268 501 318 583
D00 0.0207 178 373 211 411
D00 0.0207 123 507 183 600
D00 0.0206 435 456 472 495
D00 0.0206 287 317 334 350
D00 0.0205 459 457 501 525
D00 0.0205 383 403 444 472
D00 0.0205 474 520 519 561
D00 0.0204 480 365 528 399
D00 0.0203 245 431 303 487
D00 0.0203 4 461 83 538
D00 0.0203 278 485 397 600
D00 0.0203 381 396 513 451
D00 0.0203 518 384 600 460
D00 0.0200 72 267 314 591
D00 0.0199 0 492 32 529
D00 0.0199 180 518 256 570
D00 0.0198 480 553 556 600
D00 0.0198 90 396 145 422
D00 0.0197 149 406 191 446
D00 0.0197 459 558 512 600
D00 0.0196 543 457 600 519
D00 0.0195 352 346 387 377
D00 0.0195 450 510 485 563
D00 0.0195 354 358 404 383
D00 0.0195 0 510 30 586
D00 0.0194 277 419 309 463
D00 0.0193 490 509 561 579
D00 0.0193 270 341 312 391
D00 0.0192 4 550 61 600
D00 0.0191 489 354 562 396
D00 0.0191 209 367 309 489
D00 0.0190 65 580 120 600
D00 0.0190 41 557 92 597
D00 0.0189 399 423 449 470
D00 0.0188 507 418 599 542
D00 0.0187 241 538 277 600
D00 0.0187 422 493 491 559
D00 0.0186 189 329 215 381
D00 0.0185 257 343 320 432
D00 0.0185 389 378 448 437
D00 0.0185 104 534 139 591
D00 0.0185 260 461 360 529
D00 0.0182 274 388 311 451
D00 0.0182 115 479 167 522
D00 0.0182 270 381 298 437
D00 0.0180 321 482 360 559
D00 0.0179 297 311 346 334
D00 0.0179 203 355 231 400
D00 0.0179 129 396 190 423
D00 0.0179 357 352 419 406
D00 0.0179 341 489 481 600
D00 0.0179 329 502 370 576
D00 0.0178 11 452 136 503
D00 0.0178 146 511 261 600
D00 0.0178 351 446 416 582
D00 0.0178 464 539 501 585
D00 0.0178 121 506 160 575
D00 0.0177 263 315 305 355
D00 0.0177 292 496 338 575
D00 0.0177 173 531 237 600
D00 0.0177 264 424 294 473
D00 0.0177 311 544 374 600
D00 0.0177 312 395 502 589
D00 0.0176 190 366 244 413
D00 0.0175 157 444 194 499
D00 0.0175 494 378 531 423
D00 0.0175 365 365 440 447
D00 0.0174 276 479 305 537
D00 0.0174 441 452 520 503
D00 0.0173 268 450 328 493
D00 0.0172 337 357 385 383
D00 0.0172 517 551 582 597
D00 0.0171 468 566 537 600
D00 0.0171 415 465 463 502
D00 0.0171 281 511 329 593
D00 0.0170 354 350 405 373
D00 0.0170 1 540 27 596
D00 0.0170 519 382 568 439
D00 0.0170 337 553 382 598
D00 0.0169 517 411 555 453
D00 0.0169 81 404 139 426
D00 0.0168 383 444 458 490
D00 0.0168 414 552 504 599
D00 0.0168 6 496 53 523
D00 0.0167 246 477 296 523
D00 0.0167 350 337 411 387
D00 0.0167 476 440 545 502
D00 0.0167 465 455 533 517
D00 0.0167 320 519 344 576
D00 0.0166 92 540 203 595
D00 0.0165 271 356 334 457
D00 0.0164 510 362 544 406
D00 0.0164 510 520 581 586
D00 0.0163 377 425 437 467
D00 0.0161 20 412 174 476
D00 0.0161 147 476 174 539
D00 0.0161 477 555 523 590
D00 0.0161 140 465 172 496
D00 0.0160 535 494 600 578
D00 0.0160 449 541 487 600
D00 0.0159 154 460 206 550
D00 0.0159 301 479 345 560
D00 0.0159 350 387 428 459
D00 0.0158 306 318 357 348
D00 0.0158 282 464 321 530
D00 0.0158 329 540 354 594
D00 0.0158 329 519 353 576
D00 0.0157 42 510 106 600
D00 0.0157 117 392 157 449
D00 0.0157 352 534 385 600
D00 0.0157 331 336 391 386
D00 0.0156 205 548 255 600
D00 0.0155 160 299 237 445
D00 0.0155 79 416 145 475
D00 0.0155 273 365 311 430
D00 0.0155 243 459 280 517
D00 0.0155 29 409 153 550
D00 0.0153 412 441 455 472
D00 0.0153 251 525 280 581
D00 0.0152 360 360 396 396
D00 0.0152 352 439 474 514
D00 0.0152 449 399 531 436
D00 0.0151 347 543 373 595
D00 0.0151 1 489 44 515
D00 0.0151 114 374 181 431
D00 0.0151 478 479 521 549
D00 0.0150 278 309 326 333
D00 0.0150 473 471 541 536
D00 0.0150 442 500 475 554
D00 0.0149 254 381 284 434
D00 0.0149 366 465 441 593
D00 0.0149 283 357 401 452
D00 0.0148 176 329 210 390
D00 0.0148 494 447 571 562
D00 0.0148 357 512 399 600
D00 0.0148 402 386 434 448
D00 0.0148 5 485 69 518
D00 0.0148 495 392 533 444
D00 0.0147 0 500 85 567
D00 0.0147 491 525 526 575
D00 0.0147 218 548 286 600
D00 0.0146 96 356 209 444
D00 0.0146 326 572 376 597
D00 0.0146 85 385 152 431
D00 0.0146 448 443 499 493
D00 0.0145 438 380 520 433
D00 0.0145 405 402 448 452
D00 0.0145 260 306 289 352
D00 0.0144 224 331 248 378
D00 0.0144 410 408 458 478
D00 0.0144 368 412 425 461
D00 0.0143 294 308 331 341
D00 0.0143 412 455 461 489
D00 0.0143 172 390 242 497
D00 0.0143 254 517 289 569
D00 0.0143 145 373 188 437
D00 0.0143 330 507 352 555
D00 0.0143 483 488 550 559
D00 0.0142 122 454 160 518
D00 0.0142 433 569 502 600
D00 0.0142 409 399 444 434
D00 0.0141 378 524 492 582
D00 0.0141 504 355 535 398
D00 0.0140 227 465 289 527
D00 0.0140 184 540 263 593
D00 0.0140 352 337 421 451
D00 0.0140 286 351 414 518
D00 0.0140 415 516 479 600
D00 0.0140 356 355 383 399
D00 0.0140 3 566 41 600
D00 0.0140 446 437 482 508
D00 0.0139 107 407 149 443
D00 0.0139 466 482 510 523
D00 0.0139 303 342 420 382
D00 0.0139 499 442 585 500
D00 0.0138 348 449 441 489
D00 0.0138 261 307 322 339
D00 0.0138 366 361 452 400
D00 0.0138 405 372 470 425
D00 0.0137 273 336 366 391
D00 0.0137 518 369 553 416
D00 0.0136 131 323 290 459
D00 0.0136 289 334 330 360
D00 0.0135 286 315 353 362
D00 0.0135 261 542 329 600
D00 0.0135 10 581 77 600
D00 0.0135 188 365 271 453
D00 0.0134 384 393 430 443
D00 0.0134 348 341 375 381
D00 0.0134 6 494 36 545
D00 0.0134 318 521 407 600
D00 0.0133 499 417 558 495
D00 0.0133 49 440 123 544
D00 0.0132 341 355 400 413
D00 0.0132 286 347 317 388
D00 0.0132 557 465 600 595
D00 0.0131 318 346 383 375
D00 0.0131 523 467 591 532
D00 0.0131 6 500 53 556
D00 0.0130 15 347 237 542
D00 0.0130 398 392 458 425
D00 0.0130 538 413 600 487
D00 0.0130 99 404 139 466
D00 0.0130 243 559 290 600
D00 0.0129 276 529 313 597
D00 0.0129 342 443 392 549
D00 0.0129 166 317 227 395
D00 0.0129 375 353 462 417
D00 0.0128 369 457 460 502
D00 0.0128 76 567 128 600
D00 0.0128 104 384 169 418
D00 0.0128 224 451 289 502
D00 0.0128 16 505 67 597
D00 0.0127 129 507 219 580
D00 0.0127 569 462 600 533
D00 0.0127 363 366 414 391
D00 0.0127 200 375 231 423
D00 0.0126 175 482 257 543
D00 0.0126 495 344 544 413
D00 0.0125 374 365 422 413
D00 0.0125 437 522 493 571
D00 0.0125 132 497 170 562
D00 0.0124 178 363 211 397
D00 0.0124 347 333 394 372
D00 0.0123 260 537 288 593
D00 0.0123 305 336 375 363
D00 0.0122 530 571 588 599
D00 0.0122 286 457 439 532
D00 0.0122 364 342 392 382
D00 0.0122 343 573 394 598
D00 0.0122 426 435 478 480
D00 0.0122 452 447 517 479
D00 0.0122 78 408 143 439
D00 0.0122 331 364 408 446
D00 0.0121 413 411 440 465
D00 0.0121 153 533 215 600
D00 0.0121 300 551 347 597
D00 0.0121 409 429 474 464
D00 0.0120 280 332 320 380
D00 0.0120 314 329 368 355
D00 0.0120 528 400 579 433
D00 0.0120 72 494 139 556
D00 0.0120 396 548 461 600
D00 0.0120 466 349 532 379
D00 0.0120 338 519 363 575
D00 0.0120 334 491 365 551
D00 0.0119 524 355 600 422
D00 0.0119 311 527 336 584
D00 0.0119 141 410 173 471
D00 0.0119 1 504 42 533
D00 0.0119 100 555 130 600
D00 0.0119 154 313 206 414
D00 0.0119 410 383 487 413
D00 0.0119 500 498 540 571
D00 0.0119 12 436 134 486
D00 0.0119 307 573 361 597
D00 0.0119 336 340 385 363
D00 0.0118 533 385 592 428
D00 0.0118 2 438 54 531
D00 0.0118 337 496 381 562
D00 0.0118 335 334 435 405
D00 0.0118 411 405 460 428
D00 0.0118 472 443 513 508
D00 0.0118 251 343 295 392
D00 0.0117 125 406 170 445
D00 0.0117 235 486 271 544
D00 0.0116 165 419 210 486
D00 0.0116 268 319 336 384
D00 0.0116 288 438 333 503
D00 0.0116 392 368 443 413
D00 0.0116 571 542 598 597
D00 0.0116 129 390 160 434
D00 0.0115 290 434 365 488
D00 0.0115 415 392 497 422
D00 0.0115 195 390 259 442
D00 0.0115 451 577 517 600
D00 0.0115 375 383 422 434
D00 0.0115 287 305 336 325
D00 0.0115 310 461 351 543
D00 0.0114 205 325 234 364
D00 0.0114 61 479 123 571
D00 0.0114 17 479 99 524
D00 0.0114 354 340 406 363
D00 0.0114 494 471 565 531
D00 0.0114 116 416 162 484
D00 0.0113 317 564 367 592
D00 0.0113 424 383 495 470
D00 0.0113 103 487 140 548
D00 0.0113 485 576 553 600
D00 0.0113 346 547 409 600
D00 0.0112 349 504 390 571
D00 0.0112 17 486 81 549
D00 0.0111 309 311 337 355
D00 0.0111 170 358 198 410
D00 0.0111 7 509 35 567
D00 0.0111 111 390 142 430
D00 0.0110 52 382 178 427
D00 0.0110 67 441 135 505
D00 0.0110 137 475 170 505
D00 0.0110 30 544 77 600
D00 0.0110 245 323 275 365
D00 0.0110 449 425 508 463
D00 0.0110 182 347 225 377
D00 0.0110 289 341 330 372
D00 0.0110 401 571 475 600
D00 0.0109 193 542 230 600
D00 0.0109 289 527 362 600
D00 0.0109 424 401 508 433
D00 0.0109 522 315 600 499
D00 0.0108 159 370 191 423
D00 0.0107 102 396 133 436
D00 0.0107 400 417 435 456
D00 0.0107 186 563 273 600
D00 0.0107 408 381 445 416
D00 0.0107 134 383 177 419
D00 0.0107 281 404 322 459
D00 0.0107 107 439 155 514
D00 0.0106 301 322 388 374
D00 0.0106 359 484 399 555
D00 0.0106 321 496 345 548
D00 0.0106 489 428 532 490
D00 0.0105 505 488 570 553
D00 0.0105 0 416 73 555
D00 0.0105 222 346 250 389
D00 0.0105 144 487 223 546
D00 0.0105 318 563 402 600
D00 0.0104 412 391 479 441
D00 0.0104 212 355 241 396
D00 0.0104 417 411 494 440
D00 0.0104 246 319 369 483
D00 0.0104 451 532 484 579
D00 0.0103 203 462 264 554
D00 0.0103 379 367 436 390
D00 0.0103 564 389 600 484
D00 0.0102 495 351 541 376
D00 0.0102 507 339 587 408
D00 0.0102 444 448 482 482
D00 0.0102 513 361 574 403
D00 0.0101 253 299 280 341
D00 0.0101 13 488 46 534
D00 0.0101 416 408 452 442
D00 0.0101 384 356 431 426
D00 0.0101 365 392 415 445
D00 0.0101 359 486 470 541
D00 0.0101 116 525 148 582
D00 0.0101 239 368 283 424
D00 0.0101 376 356 418 384
D00 0.0101 289 574 341 597
D00 0.0101 47 461 113 522
D00 0.0100 177 455 225 552
D00 0.0100 369 346 407 396
D00 0.0100 471 436 518 467
D00 0.0100 259 561 310 600
D00 0.0100 161 346 207 396
D10 0.2338 137 497 304 552
D10 0.2038 176 512 303 547
D10 0.1733 105 464 317 553
D10 0.1364 203 517 287 542
D10 0.1250 538 459 600 485
D10 0.1239 460 417 557 453
D10 0.1131 355 442 446 467
D10 0.1118 90 493 260 561
D10 0.1097 243 420 440 466
D10 0.1093 139 403 318 472
D10 0.1059 209 484 293 548
D10 0.0967 471 426 545 448
D10 0.0965 448 523 564 584
D10 0.0965 150 510 294 575
D10 0.0960 377 448 458 472
D10 0.0940 298 433 480 476
D10 0.0885 262 340 316 359
D10 0.0868 248 431 395 488
D10 0.0859 509 454 600 491
D10 0.0856 429 487 480 512
D10 0.0855 119 439 182 474
D10 0.0843 100 433 185 486
D10 0.0836 262 429 369 461
D10 0.0827 185 415 313 459
D10 0.0814 324 433 421 457
D10 0.0803 471 549 556 582
D10 0.0792 465 433 535 454
D10 0.0782 216 429 307 454
D10 0.0778 355 434 505 487
D10 0.0766 208 519 294 572
D10 0.0766 470 420 596 490
D10 0.0762 152 423 261 458
D10 0.0758 416 479 486 519
D10 0.0756 175 520 261 540
D10 0.0719 192 474 324 569
D10 0.0716 256 368 307 390
D10 0.0713 427 405 574 468
D10 0.0712 319 422 458 462
D10 0.0710 264 345 313 372
D10 0.0706 154 520 270 549
D10 0.0690 177 431 285 452
D10 0.0683 415 481 475 505
D10 0.0668 214 366 307 392
D10 0.0666 241 420 331 461
D10 0.0663 269 424 351 452
D10 0.0657 161 429 307 480
D10 0.0655 251 332 322 367
D10 0.0654 231 502 316 561
D10 0.0649 241 425 303 447
D10 0.0647 548 467 600 491
D10 0.0642 499 422 557 448
D10 0.0637 263 356 311 386
D10 0.0606 164 432 228 455
D10 0.0593 224 508 286 537
D10 0.0593 276 435 358 455
D10 0.0590 461 543 513 570
D10 0.0586 481 558 569 591
D10 0.0582 453 531 523 579
D10 0.0576 235 513 281 548
D10 0.0572 124 435 179 457
D10 0.0570 201 368 280 388
D10 0.0565 142 429 229 478
D10 0.0563 178 460 295 537
D10 0.0563 138 442 178 465
D10 0.0557 277 339 337 358
D10 0.0555 469 552 528 577
D10 0.0554 156 393 307 449
D10 0.0552 447 426 539 461
D10 0.0541 107 430 179 464
D10 0.0535 364 448 504 509
D10 0.0532 315 407 503 473
D10 0.0529 410 452 468 471
D10 0.0519 157 404 208 431
D10 0.0514 452 438 590 510
D10 0.0513 130 511 247 546
D10 0.0508 245 429 325 482
D10 0.0506 185 511 270 537
D10 0.0503 364 435 430 461
D10 0.0501 204 373 301 400
D10 0.0498 333 443 412 461
D10 0.0498 463 382 546 411
D10 0.0490 208 409 365 503
D10 0.0488 243 358 315 395
D10 0.0483 249 375 302 397
D10 0.0474 185 357 316 408
D10 0.0472 167 420 221 451
D10 0.0470 193 367 249 387
D10 0.0468 567 461 600 484
D10 0.0467 313 435 391 452
D10 0.0466 251 497 290 541
D10 0.0455 154 436 238 467
D10 0.0455 384 450 469 490
D10 0.0452 170 526 246 546
D10 0.0450 404 459 464 485
D10 0.0449 504 408 573 445
D10 0.0445 422 470 471 501
D10 0.0442 364 420 489 467
D10 0.0434 290 428 367 449
D10 0.0429 268 434 350 475
D10 0.0422 151 441 200 465
D10 0.0418 559 453 600 480
D10 0.0418 126 463 261 534
D10 0.0410 501 555 571 580
D10 0.0409 247 393 400 460
D10 0.0404 442 479 489 505
D10 0.0403 459 378 534 401
D10 0.0399 106 523 241 575
D10 0.0397 145 411 199 436
D10 0.0395 439 430 558 480
D10 0.0394 156 431 201 456
D10 0.0390 170 409 215 442
D10 0.0386 194 377 265 398
D10 0.0386 390 471 485 510
D10 0.0381 396 417 533 463
D10 0.0379 490 418 574 464
D10 0.0377 237 397 328 448
D10 0.0373 214 459 303 513
D10 0.0373 291 421 418 454
D10 0.0360 219 506 331 586
D10 0.0359 486 414 548 443
D10 0.0358 202 357 260 384
D10 0.0357 476 562 540 588
D10 0.0357 171 442 300 510
D10 0.0355 244 483 334 547
D10 0.0352 180 372 310 434
D10 0.0349 241 523 290 554
D10 0.0348 494 461 591 503
D10 0.0348 203 355 302 386
D10 0.0348 431 493 481 524
D10 0.0346 254 347 333 389
D10 0.0346 151 520 221 542
D10 0.0344 266 417 320 440
D10 0.0343 277 347 335 370
D10 0.0343 241 467 293 494
D10 0.0339 426 541 525 591
D10 0.0338 476 433 545 467
D10 0.0332 259 495 299 523
D10 0.0330 550 537 597 559
D10 0.0329 146 433 185 455
D10 0.0328 307 445 475 501
D10 0.0326 299 435 409 464
D10 0.0321 357 451 429 471
D10 0.0318 271 432 320 458
D10 0.0318 196 527 276 563
D10 0.0318 124 401 200 434
D10 0.0318 223 436 302 468
D10 0.0318 441 406 543 447
D10 0.0315 426 450 525 504
D10 0.0315 531 432 600 484
D10 0.0315 439 422 523 449
D10 0.0314 451 386 527 406
D10 0.0314 494 544 590 594
D10 0.0314 274 327 342 360
D10 0.0310 130 422 196 482
D10 0.0310 143 436 193 473
D10 0.0307 532 533 595 565
D10 0.0305 258 443 369 506
D10 0.0300 260 338 350 374
D10 0.0300 449 504 490 534
D10 0.0297 156 418 197 448
D10 0.0288 451 534 501 564
D10 0.0288 447 466 562 521
D10 0.0288 273 441 328 467
D10 0.0287 518 470 586 493
D10 0.0287 501 430 567 454
D10 0.0287 468 440 527 464
D10 0.0286 427 459 474 486
D10 0.0284 243 527 311 564
D10 0.0283 278 368 337 388
D10 0.0283 409 522 511 582
D10 0.0282 257 489 319 529
D10 0.0281 182 367 224 386
D10 0.0279 186 376 232 398
D10 0.0276 429 541 501 572
D10 0.0274 393 437 480 479
D10 0.0273 70 485 158 546
D10 0.0273 222 412 303 446
D10 0.0272 449 485 498 515
D10 0.0271 183 437 279 463
D10 0.0271 508 399 582 434
D10 0.0270 279 358 334 384
D10 0.0268 484 504 585 570
D10 0.0267 87 437 162 471
D10 0.0266 270 375 324 396
D10 0.0266 455 514 496 541
D10 0.0264 550 544 595 568
D10 0.0264 484 467 559 497
D10 0.0264 405 488 468 511
D10 0.0262 250 514 300 545
D10 0.0261 327 426 398 451
D10 0.0261 334 525 384 547
D10 0.0260 140 414 196 455
D10 0.0260 191 357 236 383
D10 0.0259 235 490 293 532
D10 0.0257 92 491 158 531
D10 0.0255 447 553 500 577
D10 0.0254 108 514 216 554
D10 0.0251 457 523 501 554
D10 0.0250 135 420 185 447
D10 0.0249 515 422 581 445
D10 0.0248 551 447 600 495
D10 0.0246 210 538 293 596
D10 0.0244 502 409 600 472
D10 0.0242 443 470 492 496
D10 0.0241 447 434 511 455
D10 0.0240 462 555 527 593
D10 0.0240 250 458 295 486
D10 0.0240 103 449 167 476
D10 0.0239 515 562 581 591
D10 0.0238 142 526 209 547
D10 0.0236 192 493 283 534
D10 0.0236 385 358 468 381
D10 0.0234 158 416 214 469
D10 0.0233 76 520 140 560
D10 0.0233 507 461 577 484
D10 0.0232 458 505 508 532
D10 0.0231 264 410 371 449
D10 0.0231 513 528 595 577
D10 0.0228 460 482 574 549
D10 0.0228 120 404 180 427
D10 0.0228 258 440 306 464
D10 0.0227 319 517 402 557
D10 0.0226 95 532 140 562
D10 0.0225 266 486 312 516
D10 0.0224 398 433 447 463
D10 0.0224 476 450 567 495
D10 0.0224 513 429 600 520
D10 0.0224 523 465 600 514
D10 0.0222 382 348 467 373
D10 0.0222 325 443 423 478
D10 0.0220 449 561 552 600
D10 0.0220 28 449 162 503
D10 0.0218 455 415 525 440
D10 0.0218 330 397 443 455
D10 0.0216 98 522 142 552
D10 0.0214 350 419 426 456
D10 0.0213 540 527 590 551
D10 0.0213 261 505 313 531
D10 0.0211 474 534 532 566
D10 0.0209 149 525 250 562
D10 0.0209 504 544 567 574
D10 0.0208 186 385 245 412
D10 0.0207 485 470 577 514
D10 0.0206 141 396 201 424
D10 0.0206 42 514 133 574
D10 0.0205 472 471 527 493
D10 0.0203 208 381 296 412
D10 0.0203 253 366 337 403
D10 0.0203 172 406 254 446
D10 0.0203 472 393 542 417
D10 0.0202 259 318 309 350
D10 0.0202 232 532 278 558
D10 0.0201 326 519 375 544
D10 0.0200 72 540 126 572
D10 0.0200 251 383 298 407
D10 0.0199 394 442 440 470
D10 0.0197 154 426 189 467
D10 0.0197 380 458 445 481
D10 0.0195 103 512 147 543
D10 0.0193 424 444 479 466
D10 0.0193 98 453 173 493
D10 0.0192 450 475 517 510
D10 0.0191 529 544 583 571
D10 0.0191 411 351 478 371
D10 0.0190 78 465 168 526
D10 0.0189 93 518 177 570
D10 0.0189 229 446 299 485
D10 0.0189 291 441 365 462
D10 0.0188 499 445 582 482
D10 0.0188 375 360 439 380
D10 0.0187 84 497 148 521
D10 0.0186 363 354 454 387
D10 0.0186 56 415 180 466
D10 0.0186 448 389 532 422
D10 0.0185 529 553 584 582
D10 0.0185 285 417 351 441
D10 0.0184 114 421 169 450
D10 0.0184 518 395 582 420
D10 0.0183 424 499 488 537
D10 0.0182 122 411 180 437
D10 0.0182 174 376 213 398
D10 0.0181 459 510 524 548
D10 0.0181 154 449 214 477
D10 0.0181 473 475 544 508
D10 0.0180 119 493 222 544
D10 0.0179 112 495 157 523
D10 0.0178 424 383 513 410
D10 0.0177 94 433 150 458
D10 0.0177 300 340 361 359
D10 0.0176 421 360 490 381
D10 0.0175 249 428 297 458
D10 0.0175 103 481 164 522
D10 0.0174 203 457 289 491
D10 0.0174 550 476 597 504
D10 0.0173 252 474 292 504
D10 0.0172 258 484 291 516
D10 0.0171 261 407 307 432
D10 0.0171 249 450 298 476
D10 0.0171 92 541 138 572
D10 0.0170 436 452 487 472
D10 0.0169 491 461 550 485
D10 0.0169 441 439 512 468
D10 0.0169 474 446 600 550
D10 0.0169 95 487 155 513
D10 0.0168 512 523 580 556
D10 0.0168 270 496 324 522
D10 0.0165 247 372 347 433
D10 0.0165 505 365 579 395
D10 0.0164 67 525 129 550
D10 0.0164 525 374 597 405
D10 0.0163 486 572 550 597
D10 0.0163 167 384 209 414
D10 0.0163 486 529 560 570
D10 0.0162 58 511 135 549
D10 0.0162 551 551 593 582
D10 0.0161 505 477 590 525
D10 0.0160 262 534 319 559
D10 0.0160 362 348 436 374
D10 0.0160 541 561 589 595
D10 0.0160 570 457 600 503
D10 0.0159 280 332 375 365
D10 0.0159 496 439 558 465
D10 0.0158 153 440 263 483
D10 0.0158 272 478 324 506
D10 0.0158 468 456 534 490
D10 0.0158 519 535 574 561
D10 0.0156 86 463 163 501
D10 0.0156 432 378 504 400
D10 0.0155 500 479 561 504
D10 0.0155 512 376 574 402
D10 0.0154 234 540 326 596
D10 0.0153 528 413 586 438
D10 0.0153 65 483 143 520
D10 0.0151 548 440 596 472
D10 0.0151 520 478 580 504
D10 0.0150 423 546 482 568
D10 0.0150 185 533 249 557
D10 0.0149 175 372 226 406
D10 0.0149 353 525 402 547
D10 0.0149 387 463 462 499
D10 0.0149 521 386 585 412
D10 0.0146 204 415 280 442
D10 0.0146 20 562 92 595
D10 0.0144 455 561 505 591
D10 0.0144 571 441 600 487
D10 0.0143 477 444 544 481
D10 0.0143 398 493 474 525
D10 0.0143 78 515 138 541
D10 0.0142 195 520 249 549
D10 0.0142 188 516 236 542
D10 0.0142 75 473 152 511
D10 0.0142 104 411 157 437
D10 0.0141 528 404 587 428
D10 0.0141 163 510 228 536
D10 0.0140 172 357 217 381
D10 0.0140 491 539 542 577
D10 0.0140 214 469 281 492
D10 0.0139 166 363 222 393
D10 0.0138 458 491 526 530
D10 0.0138 108 477 164 503
D10 0.0136 77 445 149 481
D10 0.0136 476 525 532 553
D10 0.0136 274 407 327 431
D10 0.0136 446 460 495 485
D10 0.0136 121 466 172 494
D10 0.0135 475 402 542 432
D10 0.0135 248 542 294 568
D10 0.0135 277 449 337 475
D10 0.0134 494 484 564 518
D10 0.0134 144 540 261 596
D10 0.0134 114 507 179 549
D10 0.0134 522 426 592 462
D10 0.0133 545 385 597 410
D10 0.0132 84 442 140 466
D10 0.0132 47 551 111 584
D10 0.0131 425 349 500 375
D10 0.0130 39 537 117 578
D10 0.0130 262 54 362 87
D10 0.0129 428 516 483 539
D10 0.0128 74 506 138 530
D10 0.0128 162 367 208 388
D10 0.0128 38 520 114 557
D10 0.0128 131 516 189 543
D10 0.0128 137 529 214 558
D10 0.0127 469 502 538 538
D10 0.0127 181 402 243 428
D10 0.0127 415 550 489 583
D10 0.0127 425 411 508 441
D10 0.0127 165 533 228 555
D10 0.0126 379 422 431 450
D10 0.0126 544 536 600 586
D10 0.0126 151 489 264 538
D10 0.0126 561 527 600 552
D10 0.0126 357 431 404 458
D10 0.0126 418 532 492 566
D10 0.0125 253 394 297 418
D10 0.0125 107 525 149 567
D10 0.0125 273 457 323 486
D10 0.0125 478 516 532 540
D10 0.0123 268 466 311 494
D10 0.0123 56 533 121 560
D10 0.0122 267 461 329 502
D10 0.0122 256 537 327 573
D10 0.0121 440 448 506 479
D10 0.0121 468 450 521 475
D10 0.0121 523 507 600 556
D10 0.0119 1 532 89 590
D10 0.0118 469 487 522 514
D10 0.0118 121 485 163 512
D10 0.0117 394 480 455 503
D10 0.0117 422 368 492 392
D10 0.0116 92 459 155 485
D10 0.0116 521 488 576 513
D10 0.0116 290 345 370 372
D10 0.0116 145 452 218 492
D10 0.0115 481 512 548 548
D10 0.0115 284 64 359 88
D10 0.0115 47 501 121 537
D10 0.0115 192 537 260 572
D10 0.0114 416 433 467 460
D10 0.0114 235 535 290 573
D10 0.0112 560 562 600 595
D10 0.0112 390 365 465 394
D10 0.0112 513 440 579 468
D10 0.0112 10 514 96 567
D10 0.0111 540 517 590 543
D10 0.0111 6 562 63 595
D10 0.0111 212 542 269 567
D10 0.0110 112 523 160 553
D10 0.0110 259 378 319 412
D10 0.0110 188 446 276 480
D10 0.0108 287 442 390 482
D10 0.0108 229 486 287 512
D10 0.0108 503 513 570 547
D10 0.0107 559 377 600 401
D10 0.0107 28 511 97 546
D10 0.0107 245 37 384 91
D10 0.0107 337 532 382 556
D10 0.0106 292 376 350 397
D10 0.0105 226 422 277 450
D10 0.0105 194 428 244 453
D10 0.0105 356 454 430 485
D10 0.0104 499 526 554 551
D10 0.0104 416 506 473 532
D10 0.0104 232 404 292 430
D10 0.0103 282 469 335 496
D10 0.0103 534 389 599 423
D10 0.0103 483 492 551 528
D10 0.0103 191 394 262 418
D10 0.0103 62 497 124 521
D10 0.0102 96 422 147 450
D10 0.0101 191 562 281 600
D10 0.0101 53 516 117 540
D10 0.0100 181 521 225 547
D10 0.0100 112 527 185 562
D10 0.0100 453 351 512 372
D20 0.3149 8 402 595 588
D20 0.2127 39 408 349 572
D20 0.1866 436 466 548 585
D20 0.1656 220 442 600 598
D20 0.1645 147 411 318 556
D20 0.1611 414 413 580 597
D20 0.1472 129 429 471 577
D20 0.1414 393 368 575 449
D20 0.1372 150 361 326 457
D20 0.1334 426 504 585 593
D20 0.1326 235 427 345 563
D20 0.1310 2 499 153 600
D20 0.1010 222 382 588 550
D20 0.0920 385 462 521 572
D20 0.0909 446 381 584 467
D20 0.0894 192 455 325 563
D20 0.0891 175 337 334 416
D20 0.0878 165 389 226 445
D20 0.0864 0 394 239 597
D20 0.0848 324 476 566 589
D20 0.0824 130 393 330 495
D20 0.0754 209 342 323 387
D20 0.0734 392 400 572 490
D20 0.0732 426 358 563 425
D20 0.0715 116 352 407 539
D20 0.0711 433 481 494 540
D20 0.0703 454 397 597 515
D20 0.0692 229 324 333 376
D20 0.0684 127 397 215 447
D20 0.0652 451 511 513 574
D20 0.0636 17 165 600 591
D20 0.0630 217 346 335 471
D20 0.0621 196 478 502 584
D20 0.0621 447 371 547 408
D20 0.0618 454 533 535 580
D20 0.0617 214 473 360 584
D20 0.0575 364 341 560 406
D20 0.0572 169 383 261 433
D20 0.0557 6 436 185 544
D20 0.0539 233 451 301 528
D20 0.0529 448 478 515 551
D20 0.0528 247 337 316 380
D20 0.0524 499 403 577 448
D20 0.0520 469 443 600 575
D20 0.0520 188 349 288 389
D20 0.0518 343 383 528 470
D20 0.0512 118 374 269 469
D20 0.0509 460 391 554 445
D20 0.0496 299 431 513 578
D20 0.0495 213 351 568 475
D20 0.0495 460 533 597 597
D20 0.0482 427 363 530 399
D20 0.0472 247 328 313 362
D20 0.0460 1 552 112 600
D20 0.0459 229 386 449 464
D20 0.0447 349 332 600 600
D20 0.0446 176 359 225 437
D20 0.0445 17 15 600 441
D20 0.0442 238 437 432 523
D20 0.0440 397 460 479 507
D20 0.0437 231 313 314 358
D20 0.0417 189 341 230 426
D20 0.0409 195 333 251 389
D20 0.0406 216 331 368 401
D20 0.0404 150 378 217 434
D20 0.0397 394 511 523 589
D20 0.0396 238 370 365 489
D20 0.0389 187 387 503 496
D20 0.0389 254 363 299 452
D20 0.0387 204 303 342 382
D20 0.0385 211 406 310 449
D20 0.0384 474 518 551 580
D20 0.0382 421 381 548 524
D20 0.0382 253 472 333 528
D20 0.0376 161 400 265 450
D20 0.0375 29 407 200 500
D20 0.0374 438 498 503 557
D20 0.0372 224 337 304 367
D20 0.0372 349 351 528 430
D20 0.0372 451 500 535 599
D20 0.0371 459 549 543 594
D20 0.0370 241 478 304 543
D20 0.0362 153 486 299 582
D20 0.0362 169 360 281 414
D20 0.0358 0 291 387 600
D20 0.0355 197 376 304 417
D20 0.0353 230 343 397 430
D20 0.0350 532 544 595 600
D20 0.0349 192 488 297 543
D20 0.0346 267 438 346 488
D20 0.0343 391 347 537 390
D20 0.0341 190 350 254 407
D20 0.0338 215 327 295 381
D20 0.0334 105 427 184 496
D20 0.0330 442 385 540 428
D20 0.0329 252 311 303 374
D20 0.0327 403 485 489 529
D20 0.0326 189 321 297 402
D20 0.0322 460 352 599 438
D20 0.0318 244 352 310 400
D20 0.0317 204 342 235 383
D20 0.0315 116 402 186 477
D20 0.0313 247 320 296 348
D20 0.0310 252 326 377 370
D20 0.0308 100 515 292 600
D20 0.0307 180 509 319 600
D20 0.0302 261 405 326 461
D20 0.0301 182 393 299 442
D20 0.0301 506 517 594 589
D20 0.0295 171 322 264 458
D20 0.0293 293 360 472 456
D20 0.0290 365 425 456 470
D20 0.0289 478 342 600 600
D20 0.0289 210 339 267 383
D20 0.0287 519 404 600 552
D20 0.0276 358 344 492 384
D20 0.0274 54 375 220 455
D20 0.0273 355 419 506 506
D20 0.0272 107 391 195 433
D20 0.0270 221 441 303 497
D20 0.0262 339 414 435 459
D20 0.0262 406 370 513 407
D20 0.0262 269 522 526 600
D20 0.0261 176 330 231 391
D20 0.0261 460 368 528 395
D20 0.0261 236 323 292 365
D20 0.0261 501 412 581 474
D20 0.0260 311 0 600 600
D20 0.0258 259 365 318 430
D20 0.0258 0 0 291 600
D20 0.0257 260 453 338 512
D20 0.0253 240 309 301 341
D20 0.0247 254 335 343 392
D20 0.0245 446 357 523 388
D20 0.0245 259 311 338 359
D20 0.0242 225 382 304 434
D20 0.0240 174 380 222 421
D20 0.0235 0 0 408 294
D20 0.0234 473 561 564 600
D20 0.0234 441 470 524 523
D20 0.0232 113 315 310 595
D20 0.0230 170 348 423 453
D20 0.0228 167 0 600 294
D20 0.0227 185 352 245 387
D20 0.0226 226 318 554 427
D20 0.0222 394 431 464 481
D20 0.0220 428 406 532 446
D20 0.0220 519 475 600 600
D20 0.0218 158 324 368 495
D20 0.0216 348 325 499 375
D20 0.0213 211 335 242 374
D20 0.0211 0 476 44 547
D20 0.0210 242 373 296 420
D20 0.0209 527 437 600 488
D20 0.0209 79 447 172 502
D20 0.0208 411 371 517 438
D20 0.0207 271 346 322 388
D20 0.0207 353 325 440 360
D20 0.0206 257 398 345 443
D20 0.0206 246 328 327 418
D20 0.0205 216 348 288 374
D20 0.0204 509 371 600 494
D20 0.0203 244 393 297 443
D20 0.0200 552 450 600 510
D20 0.0200 573 435 600 506
D20 0.0200 413 358 497 384
D20 0.0198 0 341 277 537
D20 0.0197 251 301 285 358
D20 0.0193 148 339 273 406
D20 0.0192 260 366 414 445
D20 0.0190 92 411 174 464
D20 0.0190 417 434 469 511
D20 0.0189 0 399 115 558
D20 0.0189 432 435 521 476
D20 0.0188 244 503 425 598
D20 0.0188 232 302 398 369
D20 0.0187 263 334 446 402
D20 0.0178 498 361 585 403
D20 0.0178 155 350 214 422
D20 0.0177 366 359 490 405
D20 0.0176 86 424 161 487
D20 0.0174 374 394 436 463
D20 0.0174 366 331 426 355
D20 0.0173 364 334 461 367
D20 0.0173 430 527 501 586
D20 0.0173 7 389 188 465
D20 0.0173 315 433 469 524
D20 0.0173 465 350 537 402
D20 0.0173 454 421 531 466
D20 0.0169 408 425 500 468
D20 0.0169 552 515 599 595
D20 0.0168 245 405 301 470
D20 0.0168 205 358 273 394
D20 0.0167 383 361 499 491
D20 0.0167 0 486 77 600
D20 0.0166 283 324 432 373
D20 0.0166 225 331 284 356
D20 0.0165 433 368 501 393
D20 0.0164 265 350 372 387
D20 0.0163 228 368 296 404
D20 0.0163 208 340 256 366
D20 0.0162 0 469 120 575
D20 0.0161 357 536 507 600
D20 0.0160 67 279 558 531
D20 0.0158 495 528 560 599
D20 0.0158 290 313 372 353
D20 0.0157 308 398 470 476
D20 0.0157 419 445 502 492
D20 0.0156 208 460 288 537
D20 0.0154 556 414 600 533
D20 0.0154 211 412 402 600
D20 0.0154 350 344 432 379
D20 0.0154 64 478 146 553
D20 0.0151 217 322 265 370
D20 0.0150 358 385 422 452
D20 0.0150 459 495 545 551
D20 0.0149 356 337 424 365
D20 0.0148 405 388 495 427
D20 0.0146 397 412 471 462
D20 0.0146 295 332 382 367
D20 0.0145 410 538 561 600
D20 0.0144 73 459 153 532
D20 0.0143 530 411 600 470
D20 0.0142 241 495 331 600
D20 0.0142 340 331 473 417
D20 0.0141 177 323 274 379
D20 0.0141 0 572 93 600
D20 0.0140 227 320 281 346
D20 0.0139 287 459 337 536
D20 0.0139 353 320 419 348
D20 0.0137 407 406 489 446
D20 0.0135 126 369 207 418
D20 0.0133 462 478 550 529
D20 0.0133 69 389 151 427
D20 0.0133 272 327 314 376
D20 0.0132 265 386 358 431
D20 0.0132 259 310 311 334
D20 0.0132 0 190 162 554
D20 0.0131 279 365 324 449
D20 0.0130 329 295 585 495
D20 0.0130 200 360 256 431
D20 0.0128 245 313 274 357
D20 0.0128 308 311 373 338
D20 0.0128 520 390 583 457
D20 0.0127 225 353 273 385
D20 0.0127 342 321 395 344
D20 0.0126 231 334 464 575
D20 0.0126 226 312 279 334
D20 0.0125 0 0 145 223
D20 0.0125 454 0 600 220
D20 0.0124 245 303 292 327
D20 0.0124 104 317 319 446
D20 0.0123 316 318 381 347
D20 0.0123 307 326 373 358
D20 0.0122 397 505 491 550
D20 0.0122 437 349 510 376
D20 0.0118 274 364 324 404
D20 0.0118 203 307 295 345
D20 0.0117 184 334 239 373
D20 0.0117 293 440 363 500
D20 0.0117 555 377 600 490
D20 0.0116 0 224 296 506
D20 0.0115 211 351 294 431
D20 0.0115 210 389 294 422
D20 0.0114 270 392 365 459
D20 0.0114 294 359 394 394
D20 0.0113 381 0 600 146
D20 0.0113 529 376 600 428
D20 0.0113 446 377 511 414
D20 0.0113 330 334 412 371
D20 0.0113 381 340 447 363
D20 0.0111 144 347 222 395
D20 0.0111 443 356 487 386
D20 0.0109 93 332 236 429
D20 0.0107 0 531 48 600
D20 0.0107 578 456 600 520
D20 0.0107 312 406 421 451
D20 0.0107 269 368 376 403
D20 0.0106 221 345 280 408
D20 0.0105 248 299 325 339
D20 0.0104 0 0 267 178
D20 0.0104 279 409 340 450
D20 0.0103 283 357 334 393
D20 0.0103 337 327 402 357
D20 0.0103 355 380 459 496
D20 0.0102 241 551 331 598
D20 0.0102 227 302 274 370
D20 0.0102 0 0 73 111
D20 0.0101 0 367 164 511
D20 0.0100 0 454 36 529
D20 0.0100 363 408 428 444
D40 0.0811 252 340 308 361
D40 0.0805 259 346 308 373
D40 0.0753 259 356 306 386
D40 0.0503 257 487 290 532
D40 0.0464 245 347 315 391
D40 0.0435 246 331 300 357
D40 0.0425 253 487 300 549
D40 0.0417 458 531 514 578
D40 0.0393 260 420 299 453
D40 0.0385 235 497 313 557
D40 0.0384 269 363 312 391
D40 0.0378 255 489 338 571
D40 0.0372 254 417 302 442
D40 0.0369 257 370 298 400
D40 0.0367 267 477 295 540
D40 0.0358 451 378 525 400
D40 0.0290 235 410 320 451
D40 0.0290 226 351 318 416
D40 0.0290 272 421 314 454
D40 0.0287 264 514 355 564
D40 0.0286 252 474 340 526
D40 0.0271 229 348 298 374
D40 0.0261 260 333 293 372
D40 0.0259 230 507 352 589
D40 0.0254 244 472 367 556
D40 0.0253 294 512 350 581
D40 0.0248 248 364 296 392
D40 0.0241 279 352 320 387
D40 0.0224 275 338 310 377
D40 0.0221 240 336 285 367
D40 0.0220 258 377 296 414
D40 0.0219 260 401 294 438
D40 0.0219 269 488 308 529
D40 0.0218 279 335 321 361
D40 0.0217 316 519 347 557
D40 0.0216 291 521 353 556
D40 0.0216 557 566 595 600
D40 0.0215 264 455 347 508
D40 0.0204 277 520 329 572
D40 0.0195 255 530 345 581
D40 0.0192 307 526 340 566
D40 0.0189 251 517 306 570
D40 0.0188 282 488 335 513
D40 0.0187 254 323 284 365
D40 0.0184 284 475 351 508
D40 0.0182 271 482 325 535
D40 0.0179 198 361 236 392
D40 0.0176 274 500 328 555
D40 0.0176 303 500 361 561
D40 0.0175 457 546 500 581
D40 0.0175 190 441 297 489
D40 0.0171 477 382 532 412
D40 0.0170 545 553 600 600
D40 0.0169 516 417 571 449
D40 0.0161 184 460 291 507
D40 0.0161 263 359 303 411
D40 0.0159 318 525 365 549
D40 0.0156 288 534 337 560
D40 0.0156 325 513 356 549
D40 0.0156 69 440 159 488
D40 0.0155 296 477 344 524
D40 0.0155 307 511 340 549
D40 0.0152 450 539 493 572
D40 0.0152 279 414 323 445
D40 0.0148 272 518 312 557
D40 0.0147 253 339 287 381
D40 0.0147 5 447 82 518
D40 0.0146 224 399 298 436
D40 0.0145 313 313 368 335
D40 0.0145 44 279 421 490
D40 0.0145 135 454 227 505
D40 0.0143 255 407 286 450
D40 0.0141 238 353 287 386
D40 0.0140 278 449 374 494
D40 0.0139 459 381 511 409
D40 0.0135 314 319 367 346
D40 0.0135 298 504 333 569
D40 0.0135 282 369 320 399
D40 0.0134 310 515 376 548
D40 0.0134 236 372 286 400
D40 0.0134 280 471 321 511
D40 0.0133 250 388 290 425
D40 0.0133 297 536 332 576
D40 0.0131 582 450 600 493
D40 0.0129 268 495 398 572
D40 0.0128 0 424 145 512
D40 0.0128 92 431 151 480
D40 0.0128 154 449 264 494
D40 0.0126 146 466 250 517
D40 0.0125 282 497 335 521
D40 0.0123 266 507 298 562
D40 0.0122 214 362 261 391
D40 0.0122 299 495 345 547
D40 0.0118 302 309 379 343
D40 0.0117 0 546 30 588
D40 0.0116 176 478 279 534
D40 0.0114 286 516 338 543
D40 0.0114 281 499 322 537
D40 0.0112 282 541 366 592
D40 0.0112 310 533 352 558
D40 0.0110 273 377 310 414
D40 0.0109 406 409 465 440
D40 0.0109 292 362 329 391
D40 0.0109 305 491 340 528
D40 0.0108 325 526 355 566
D40 0.0107 302 463 341 499
D40 0.0107 314 473 347 508
D40 0.0107 2 436 104 488
D40 0.0107 281 464 389 525
D40 0.0105 316 535 347 578
D40 0.0105 297 440 386 512
D40 0.0104 291 510 319 564
D40 0.0104 342 520 377 552
D40 0.0104 286 487 384 541
D40 0.0103 38 478 126 525
D40 0.0102 551 581 598 600
D40 0.0102 7 531 35 590
D40 0.0101 59 458 147 509
D40 0.0101 98 428 140 464
D40 0.0101 571 458 599 500
