D00 0.1403 90 345 205 469
D00 0.1366 17 350 207 545
D00 0.1349 431 401 507 447
D00 0.1330 406 383 531 456
D00 0.1225 287 354 319 404
D00 0.1125 488 448 598 577
D00 0.1063 436 410 490 441
D00 0.1043 365 370 516 443
D00 0.1021 424 392 480 440
D00 0.0956 423 393 581 539
D00 0.0898 277 345 326 416
D00 0.0898 125 385 185 451
D00 0.0890 152 353 206 425
D00 0.0855 111 399 168 467
D00 0.0805 57 369 182 495
D00 0.0802 137 370 196 436
D00 0.0792 14 487 110 534
D00 0.0780 503 458 594 535
D00 0.0761 2 450 87 575
D00 0.0748 435 406 540 468
D00 0.0710 494 469 579 517
D00 0.0633 161 347 208 398
D00 0.0618 102 350 199 417
D00 0.0616 62 366 276 561
D00 0.0616 205 478 251 526
D00 0.0610 536 461 597 567
D00 0.0578 475 443 530 486
D00 0.0567 460 425 527 482
D00 0.0565 438 399 472 443
D00 0.0561 4 495 70 561
D00 0.0552 474 451 557 495
D00 0.0542 11 468 106 520
D00 0.0540 164 472 261 572
D00 0.0539 132 350 231 455
D00 0.0533 289 345 346 404
D00 0.0525 74 409 169 473
D00 0.0515 216 471 246 518
D00 0.0512 427 372 497 453
D00 0.0506 185 481 254 539
D00 0.0504 47 335 311 478
D00 0.0499 441 419 498 447
D00 0.0498 213 472 256 549
D00 0.0492 116 415 155 458
D00 0.0490 143 388 185 429
D00 0.0487 152 379 193 420
D00 0.0486 106 382 222 485
D00 0.0477 481 452 538 478
D00 0.0474 162 368 200 410
D00 0.0471 94 386 159 487
D00 0.0467 167 355 208 383
D00 0.0465 315 331 371 354
D00 0.0459 520 483 580 533
D00 0.0456 445 434 573 600
D00 0.0454 278 349 315 386
D00 0.0439 120 339 212 395
D00 0.0435 218 492 253 529
D00 0.0435 13 500 80 538
D00 0.0425 401 371 472 436
D00 0.0423 206 490 252 579
D00 0.0420 133 397 177 438
D00 0.0419 454 418 513 465
D00 0.0414 124 406 166 449
D00 0.0412 466 444 575 513
D00 0.0407 270 351 312 405
D00 0.0403 212 488 254 514
D00 0.0403 445 397 546 508
D00 0.0398 162 364 203 391
D00 0.0397 402 356 506 425
D00 0.0394 219 508 255 600
D00 0.0385 78 367 186 436
D00 0.0384 5 460 66 542
D00 0.0382 326 323 374 347
D00 0.0376 418 389 461 429
D00 0.0376 12 478 75 528
D00 0.0365 163 472 259 522
D00 0.0361 302 338 381 408
D00 0.0358 184 475 249 511
D00 0.0351 471 438 516 472
D00 0.0350 419 411 471 438
D00 0.0349 511 478 574 507
D00 0.0349 211 499 249 539
D00 0.0349 553 497 600 576
D00 0.0345 439 375 571 464
D00 0.0344 489 460 554 487
D00 0.0343 524 489 600 597
D00 0.0337 296 344 327 398
D00 0.0334 14 503 116 550
D00 0.0331 59 320 246 423
D00 0.0330 529 467 596 517
D00 0.0329 525 494 598 546
D00 0.0329 485 449 518 493
D00 0.0327 23 497 98 525
D00 0.0323 170 339 217 385
D00 0.0322 504 432 595 505
D00 0.0319 462 411 500 455
D00 0.0317 44 476 112 524
D00 0.0313 196 481 289 587
D00 0.0311 36 456 122 514
D00 0.0310 246 406 266 460
D00 0.0309 427 387 512 496
D00 0.0307 30 571 110 600
D00 0.0306 152 338 225 408
D00 0.0304 193 498 248 523
D00 0.0301 224 500 251 557
D00 0.0298 223 484 264 569
D00 0.0298 3 337 140 515
D00 0.0297 128 343 257 505
D00 0.0295 239 381 273 467
D00 0.0290 0 515 60 576
D00 0.0290 566 512 600 600
D00 0.0288 172 510 254 588
D00 0.0281 140 345 210 380
D00 0.0281 134 406 265 578
D00 0.0280 457 402 502 438
D00 0.0279 215 455 255 522
D00 0.0277 485 443 540 513
D00 0.0274 507 486 568 515
D00 0.0274 292 362 331 410
D00 0.0273 501 470 568 497
D00 0.0270 86 391 185 543
D00 0.0267 490 462 534 500
D00 0.0266 175 359 215 397
D00 0.0264 528 497 584 524
D00 0.0263 174 370 296 558
D00 0.0262 238 408 259 460
D00 0.0261 130 567 198 600
D00 0.0258 336 325 366 361
D00 0.0254 569 456 600 521
D00 0.0252 476 471 573 550
D00 0.0251 532 412 600 529
D00 0.0251 13 494 58 529
D00 0.0251 574 529 598 586
D00 0.0250 19 549 99 600
D00 0.0250 228 536 248 597
D00 0.0249 0 524 41 600
D00 0.0248 50 466 124 500
D00 0.0248 205 470 246 499
D00 0.0245 444 450 532 491
D00 0.0244 288 342 354 379
D00 0.0244 194 501 248 554
D00 0.0242 355 342 496 413
D00 0.0241 5 429 45 488
D00 0.0240 134 362 200 395
D00 0.0240 321 338 378 360
D00 0.0239 479 473 555 508
D00 0.0239 551 456 600 536
D00 0.0238 101 411 321 525
D00 0.0238 182 444 272 532
D00 0.0238 506 499 588 566
D00 0.0237 47 489 123 546
D00 0.0236 29 313 182 458
D00 0.0234 119 402 186 497
D00 0.0231 19 490 86 516
D00 0.0231 480 398 587 510
D00 0.0229 459 433 549 549
D00 0.0229 492 439 524 481
D00 0.0227 205 468 281 534
D00 0.0226 32 558 144 600
D00 0.0226 453 375 522 444
D00 0.0224 58 388 169 455
D00 0.0223 373 375 519 539
D00 0.0222 322 355 388 403
D00 0.0222 258 339 306 415
D00 0.0222 224 484 261 518
D00 0.0221 119 457 250 549
D00 0.0219 400 409 485 448
D00 0.0219 264 351 293 400
D00 0.0219 282 338 330 386
D00 0.0218 11 509 56 548
D00 0.0217 113 382 185 419
D00 0.0216 122 321 324 592
D00 0.0214 432 360 544 419
D00 0.0214 372 381 459 415
D00 0.0213 151 343 256 432
D00 0.0212 250 389 279 460
D00 0.0211 423 397 454 441
D00 0.0210 306 340 338 395
D00 0.0209 2 443 32 488
D00 0.0209 124 394 178 422
D00 0.0209 543 543 600 600
D00 0.0209 572 512 598 567
D00 0.0208 306 360 352 401
D00 0.0205 433 396 491 425
D00 0.0205 77 439 232 592
D00 0.0205 14 497 99 591
D00 0.0203 232 493 258 547
D00 0.0202 461 451 519 476
D00 0.0201 468 457 524 501
D00 0.0200 107 551 191 599
D00 0.0200 135 497 233 577
D00 0.0199 360 354 396 399
D00 0.0197 443 408 487 462
D00 0.0197 61 348 103 424
D00 0.0196 1 532 30 580
D00 0.0196 124 373 192 408
D00 0.0195 318 322 380 365
D00 0.0194 138 550 220 599
D00 0.0194 65 572 147 600
D00 0.0193 305 333 363 374
D00 0.0193 216 508 244 566
D00 0.0191 56 478 116 505
D00 0.0191 195 526 246 600
D00 0.0191 30 506 106 531
D00 0.0191 331 331 386 374
D00 0.0187 284 368 311 408
D00 0.0186 29 465 121 565
D00 0.0182 294 338 333 371
D00 0.0180 50 453 150 576
D00 0.0180 448 425 514 516
D00 0.0180 219 538 243 597
D00 0.0180 537 477 573 526
D00 0.0179 235 508 258 568
D00 0.0179 219 479 267 507
D00 0.0178 389 418 527 483
D00 0.0177 570 556 600 596
D00 0.0176 66 357 144 465
D00 0.0176 388 395 478 461
D00 0.0175 129 516 201 577
D00 0.0175 101 409 145 470
D00 0.0175 291 355 344 385
D00 0.0175 506 458 556 513
D00 0.0174 173 352 251 484
D00 0.0173 278 365 318 436
D00 0.0173 570 436 600 498
D00 0.0173 0 446 46 525
D00 0.0172 0 507 36 569
D00 0.0172 28 564 92 593
D00 0.0171 210 540 268 600
D00 0.0171 81 551 158 600
D00 0.0170 155 326 322 434
D00 0.0170 197 445 245 517
D00 0.0169 140 328 234 376
D00 0.0168 2 520 46 559
D00 0.0168 412 381 479 420
D00 0.0167 247 381 267 433
D00 0.0167 150 387 216 425
D00 0.0167 230 528 261 600
D00 0.0167 542 501 590 537
D00 0.0167 54 487 115 514
D00 0.0166 411 382 450 438
D00 0.0166 253 347 283 410
D00 0.0165 476 407 519 469
D00 0.0165 177 347 228 373
D00 0.0165 459 460 518 484
D00 0.0165 159 415 261 513
D00 0.0165 568 475 600 545
D00 0.0164 501 447 534 490
D00 0.0164 31 470 105 495
D00 0.0163 254 330 331 482
D00 0.0162 274 337 300 384
D00 0.0162 5 501 48 539
D00 0.0161 24 479 95 505
D00 0.0161 167 502 244 537
D00 0.0161 72 358 103 400
D00 0.0159 462 379 579 429
D00 0.0159 199 344 351 572
D00 0.0159 288 373 344 422
D00 0.0158 558 518 596 560
D00 0.0158 148 562 179 600
D00 0.0157 443 390 509 429
D00 0.0157 159 386 229 489
D00 0.0157 240 357 276 435
D00 0.0157 34 461 86 524
D00 0.0156 1 550 29 598
D00 0.0154 384 398 462 432
D00 0.0154 260 367 296 407
D00 0.0154 468 387 510 449
D00 0.0153 46 582 113 600
D00 0.0153 524 505 579 530
D00 0.0152 141 389 209 454
D00 0.0152 225 456 250 505
D00 0.0151 169 371 221 420
D00 0.0151 525 530 600 585
D00 0.0150 205 495 284 546
D00 0.0149 449 469 540 512
D00 0.0149 321 331 364 398
D00 0.0148 158 380 201 439
D00 0.0148 247 363 268 412
D00 0.0148 442 430 499 454
D00 0.0146 345 340 378 390
D00 0.0146 137 581 191 600
D00 0.0146 103 573 173 598
D00 0.0146 130 419 226 536
D00 0.0145 341 372 403 409
D00 0.0145 380 357 490 479
D00 0.0145 338 322 393 344
D00 0.0145 387 393 454 419
D00 0.0144 237 349 325 434
D00 0.0144 255 371 276 418
D00 0.0144 554 482 597 520
D00 0.0143 53 497 115 522
D00 0.0143 66 344 115 388
D00 0.0143 300 369 377 412
D00 0.0141 354 358 407 420
D00 0.0141 77 465 132 509
D00 0.0141 97 386 163 439
D00 0.0141 208 416 260 515
D00 0.0140 304 331 345 359
D00 0.0140 344 317 373 352
D00 0.0140 255 373 295 461
D00 0.0139 495 483 556 529
D00 0.0139 90 445 153 545
D00 0.0139 417 421 470 446
D00 0.0138 24 512 96 561
D00 0.0138 56 504 130 536
D00 0.0138 145 354 193 385
D00 0.0138 336 330 394 350
D00 0.0137 230 400 265 474
D00 0.0137 328 314 373 338
D00 0.0136 110 510 182 570
D00 0.0136 126 423 171 463
D00 0.0136 426 336 521 469
D00 0.0135 67 361 94 411
D00 0.0133 233 493 276 582
D00 0.0133 184 351 225 387
D00 0.0133 0 570 63 600
D00 0.0133 68 455 114 510
D00 0.0132 477 363 600 474
D00 0.0132 441 415 470 458
D00 0.0132 450 491 492 567
D00 0.0132 163 441 235 528
D00 0.0132 188 468 237 503
D00 0.0131 315 338 348 392
D00 0.0131 547 452 593 505
D00 0.0131 30 488 68 534
D00 0.0131 401 343 503 397
D00 0.0130 48 529 106 600
D00 0.0130 423 349 487 416
D00 0.0130 96 570 138 600
D00 0.0129 425 357 465 435
D00 0.0129 431 358 508 403
D00 0.0128 330 370 376 404
D00 0.0128 427 400 473 468
D00 0.0128 362 375 439 426
D00 0.0126 457 393 554 440
D00 0.0126 513 475 550 521
D00 0.0126 39 537 85 599
D00 0.0126 17 519 65 556
D00 0.0126 561 537 597 577
D00 0.0125 558 569 598 600
D00 0.0125 230 486 304 597
D00 0.0125 514 388 592 464
D00 0.0125 314 322 355 351
D00 0.0124 559 497 592 548
D00 0.0123 146 565 251 600
D00 0.0123 546 528 600 568
D00 0.0122 206 560 251 600
D00 0.0122 449 440 509 482
D00 0.0122 376 575 444 597
D00 0.0122 441 483 505 537
D00 0.0121 225 349 287 486
D00 0.0121 459 496 484 542
D00 0.0121 254 415 276 463
D00 0.0121 102 456 184 581
D00 0.0121 111 325 263 401
D00 0.0121 62 470 99 516
D00 0.0120 269 376 308 408
D00 0.0120 0 361 66 501
D00 0.0119 47 372 124 484
D00 0.0119 242 366 301 423
D00 0.0119 137 507 173 571
D00 0.0118 327 381 499 594
D00 0.0118 232 463 258 510
D00 0.0118 144 577 218 600
D00 0.0118 143 493 212 553
D00 0.0118 538 501 581 570
D00 0.0118 174 379 205 427
D00 0.0118 447 352 499 439
D00 0.0117 54 561 100 596
D00 0.0116 66 510 112 545
D00 0.0116 96 565 163 591
D00 0.0116 222 526 251 568
D00 0.0116 194 514 245 541
D00 0.0116 217 400 281 523
D00 0.0115 582 472 600 526
D00 0.0115 323 347 382 371
D00 0.0115 527 466 566 511
D00 0.0115 386 352 462 418
D00 0.0115 263 408 287 458
D00 0.0115 89 531 173 587
D00 0.0115 531 492 566 541
D00 0.0115 431 354 493 388
D00 0.0114 235 376 264 441
D00 0.0114 363 353 450 450
D00 0.0113 160 522 230 596
D00 0.0112 76 582 138 600
D00 0.0112 237 426 258 474
D00 0.0111 306 370 355 431
D00 0.0111 364 370 395 409
D00 0.0111 286 347 360 457
D00 0.0111 312 384 404 420
D00 0.0111 453 435 500 468
D00 0.0111 442 516 506 578
D00 0.0110 32 515 107 540
D00 0.0110 539 369 600 498
D00 0.0110 444 452 521 573
D00 0.0110 183 460 248 492
D00 0.0109 159 426 310 600
D00 0.0109 55 358 86 430
D00 0.0109 264 334 290 381
D00 0.0109 21 582 85 600
D00 0.0109 581 539 600 592
D00 0.0108 326 354 357 404
D00 0.0108 224 440 402 570
D00 0.0108 57 528 138 589
D00 0.0107 439 507 488 550
D00 0.0107 493 402 582 445
D00 0.0107 65 483 141 535
D00 0.0107 346 336 390 367
D00 0.0106 293 378 317 419
D00 0.0106 179 493 227 527
D00 0.0106 256 340 279 389
D00 0.0106 337 346 369 399
D00 0.0106 564 534 600 561
D00 0.0106 310 386 373 439
D00 0.0106 143 541 184 598
D00 0.0106 437 376 470 433
D00 0.0105 451 489 477 533
D00 0.0105 150 359 184 409
D00 0.0105 209 365 261 475
D00 0.0104 260 366 380 551
D00 0.0104 184 388 274 497
D00 0.0104 460 513 485 563
D00 0.0103 547 424 600 492
D00 0.0103 174 488 232 567
D00 0.0102 337 329 478 388
D00 0.0102 281 343 454 560
D00 0.0101 456 365 506 417
D00 0.0101 194 481 230 523
D00 0.0101 512 0 600 131
D00 0.0101 56 458 108 491
D00 0.0101 33 494 85 554
D00 0.0101 127 450 190 549
D00 0.0101 180 440 220 468
D00 0.0100 290 380 320 446
D00 0.0100 227 488 278 535
D00 0.0100 79 341 160 425
D00 0.0100 214 468 277 503
D00 0.0100 239 521 273 592
D00 0.0100 232 350 293 411
D10 0.0602 132 548 229 586
D10 0.0545 275 383 326 405
D10 0.0545 65 357 149 386
D10 0.0518 102 538 250 593
D10 0.0480 77 340 206 392
D10 0.0459 139 557 206 576
D10 0.0425 458 450 572 503
D10 0.0420 117 554 195 582
D10 0.0418 69 365 127 391
D10 0.0417 71 353 194 412
D10 0.0405 147 537 247 579
D10 0.0378 257 371 342 407
D10 0.0377 442 427 547 483
D10 0.0377 524 460 600 493
D10 0.0368 307 332 366 354
D10 0.0354 485 434 587 494
D10 0.0341 1 538 71 574
D10 0.0335 254 385 307 407
D10 0.0335 135 560 210 594
D10 0.0307 455 414 512 440
D10 0.0307 96 401 167 437
D10 0.0302 297 339 355 360
D10 0.0301 100 444 250 510
D10 0.0300 281 348 327 375
D10 0.0296 166 546 233 569
D10 0.0290 109 412 158 440
D10 0.0288 71 529 220 582
D10 0.0288 512 471 583 496
D10 0.0285 526 492 592 529
D10 0.0283 447 406 503 433
D10 0.0278 108 432 229 484
D10 0.0275 287 376 389 408
D10 0.0270 143 473 256 521
D10 0.0268 191 474 292 521
D10 0.0264 0 549 83 584
D10 0.0263 127 543 204 574
D10 0.0262 60 360 109 386
D10 0.0259 12 498 67 524
D10 0.0255 81 404 163 456
D10 0.0254 64 327 195 377
D10 0.0254 91 355 186 382
D10 0.0253 160 456 259 507
D10 0.0249 260 357 309 383
D10 0.0247 521 478 586 506
D10 0.0247 79 364 172 393
D10 0.0245 383 561 492 596
D10 0.0240 422 452 531 499
D10 0.0238 141 401 192 429
D10 0.0234 102 422 150 451
D10 0.0234 80 405 145 428
D10 0.0232 428 461 566 527
D10 0.0231 474 481 583 540
D10 0.0229 439 536 597 598
D10 0.0228 3 535 53 562
D10 0.0227 262 393 314 412
D10 0.0225 544 498 594 523
D10 0.0224 291 333 347 352
D10 0.0221 282 340 332 363
D10 0.0221 104 391 177 428
D10 0.0220 546 506 595 531
D10 0.0219 508 555 600 597
D10 0.0218 15 490 74 515
D10 0.0216 460 410 580 474
D10 0.0216 61 368 174 432
D10 0.0216 0 571 90 600
D10 0.0213 314 385 386 406
D10 0.0211 482 522 587 584
D10 0.0208 5 531 89 565
D10 0.0208 70 351 127 377
D10 0.0207 44 354 124 394
D10 0.0206 114 564 184 590
D10 0.0206 176 553 238 576
D10 0.0204 464 423 522 446
D10 0.0203 72 347 164 378
D10 0.0202 177 521 271 585
D10 0.0201 132 410 183 439
D10 0.0201 74 390 151 425
D10 0.0200 403 572 487 598
D10 0.0196 35 338 169 401
D10 0.0195 83 414 145 438
D10 0.0195 528 570 600 600
D10 0.0191 367 564 453 593
D10 0.0190 195 457 293 506
D10 0.0190 313 512 410 545
D10 0.0190 70 369 145 406
D10 0.0189 207 332 267 353
D10 0.0188 136 358 201 379
D10 0.0188 488 499 586 565
D10 0.0183 7 525 62 553
D10 0.0183 487 562 577 593
D10 0.0181 28 540 106 572
D10 0.0181 122 420 172 450
D10 0.0181 485 502 562 533
D10 0.0180 2 552 54 579
D10 0.0180 284 392 332 412
D10 0.0179 403 568 470 591
D10 0.0179 5 506 57 532
D10 0.0177 170 530 244 567
D10 0.0176 13 545 83 568
D10 0.0176 5 564 80 591
D10 0.0175 247 382 331 420
D10 0.0175 294 346 349 371
D10 0.0174 402 429 514 478
D10 0.0174 368 374 456 409
D10 0.0169 140 440 222 467
D10 0.0169 119 364 196 394
D10 0.0168 543 487 594 514
D10 0.0168 415 474 530 519
D10 0.0167 92 434 145 459
D10 0.0167 38 530 119 563
D10 0.0165 68 373 115 400
D10 0.0165 38 535 137 580
D10 0.0164 126 411 236 466
D10 0.0163 82 548 189 590
D10 0.0163 139 390 226 435
D10 0.0163 159 393 210 421
D10 0.0162 195 339 258 359
D10 0.0162 418 558 530 595
D10 0.0161 0 543 43 569
D10 0.0161 441 395 496 423
D10 0.0159 539 454 594 480
D10 0.0159 503 451 591 483
D10 0.0158 171 444 229 465
D10 0.0157 156 558 239 594
D10 0.0155 156 435 256 488
D10 0.0155 224 490 282 511
D10 0.0154 551 563 597 593
D10 0.0153 475 492 554 526
D10 0.0151 302 393 359 413
D10 0.0151 289 381 361 416
D10 0.0150 504 575 577 597
D10 0.0149 86 381 170 417
D10 0.0148 407 515 488 543
D10 0.0148 17 519 102 556
D10 0.0147 115 546 181 570
D10 0.0147 320 519 386 539
D10 0.0145 532 548 599 587
D10 0.0145 94 373 181 406
D10 0.0144 462 562 543 592
D10 0.0142 56 401 131 432
D10 0.0142 431 567 495 590
D10 0.0142 465 507 560 549
D10 0.0141 274 558 378 596
D10 0.0141 101 349 178 373
D10 0.0140 438 468 516 495
D10 0.0140 119 430 173 460
D10 0.0139 385 575 453 596
D10 0.0139 550 514 595 542
D10 0.0138 29 550 103 586
D10 0.0138 25 536 94 559
D10 0.0138 315 523 392 551
D10 0.0137 5 515 55 543
D10 0.0137 349 450 512 502
D10 0.0137 515 505 572 530
D10 0.0135 222 477 348 517
D10 0.0135 65 531 150 563
D10 0.0134 38 390 155 452
D10 0.0133 245 394 292 414
D10 0.0132 196 544 300 594
D10 0.0130 472 572 554 599
D10 0.0130 458 474 531 507
D10 0.0130 191 535 241 562
D10 0.0129 121 386 181 411
D10 0.0129 344 474 513 524
D10 0.0128 465 483 543 516
D10 0.0128 440 458 518 487
D10 0.0127 553 552 596 581
D10 0.0126 171 452 232 471
D10 0.0126 537 433 600 489
D10 0.0126 292 548 395 588
D10 0.0124 220 505 265 533
D10 0.0124 248 375 296 404
D10 0.0124 296 515 378 543
D10 0.0124 453 504 532 534
D10 0.0124 189 333 244 355
D10 0.0124 45 545 111 566
D10 0.0124 140 405 208 439
D10 0.0124 330 559 438 595
D10 0.0124 78 542 164 572
D10 0.0124 554 543 596 570
D10 0.0123 236 386 283 408
D10 0.0123 357 549 461 590
D10 0.0123 438 576 506 597
D10 0.0122 214 514 254 542
D10 0.0122 142 553 274 600
D10 0.0122 338 340 395 360
D10 0.0122 433 487 546 540
D10 0.0121 266 340 313 365
D10 0.0121 289 476 383 508
D10 0.0120 239 557 340 596
D10 0.0120 65 420 144 453
D10 0.0120 78 385 140 411
D10 0.0120 466 410 545 442
D10 0.0120 218 338 275 359
D10 0.0118 301 324 356 346
D10 0.0118 469 547 576 589
D10 0.0118 280 313 383 355
D10 0.0117 40 574 138 600
D10 0.0117 227 459 344 501
D10 0.0117 225 498 280 521
D10 0.0117 446 517 497 540
D10 0.0116 312 346 372 370
D10 0.0116 397 468 499 498
D10 0.0116 356 350 412 372
D10 0.0116 303 384 397 419
D10 0.0116 169 384 221 411
D10 0.0115 208 490 299 534
D10 0.0115 428 479 504 506
D10 0.0115 168 404 225 427
D10 0.0115 204 544 247 568
D10 0.0114 176 366 230 391
D10 0.0114 128 428 208 463
D10 0.0113 539 497 600 547
D10 0.0112 396 507 483 535
D10 0.0112 62 492 165 528
D10 0.0112 204 463 247 486
D10 0.0112 552 431 596 452
D10 0.0112 0 498 47 522
D10 0.0112 482 517 542 539
D10 0.0111 541 396 591 420
D10 0.0111 435 430 488 454
D10 0.0111 446 508 498 532
D10 0.0111 295 482 355 502
D10 0.0110 97 556 165 579
D10 0.0110 169 371 239 404
D10 0.0110 367 512 471 546
D10 0.0110 540 404 590 428
D10 0.0109 225 481 283 505
D10 0.0109 278 553 355 583
D10 0.0108 450 566 515 589
D10 0.0108 345 515 434 541
D10 0.0108 424 473 488 492
D10 0.0107 276 566 335 591
D10 0.0106 462 518 521 539
D10 0.0105 66 395 118 421
D10 0.0105 507 509 576 546
D10 0.0105 463 551 540 583
D10 0.0102 395 519 460 539
D10 0.0102 258 565 315 590
D10 0.0102 388 477 492 508
D10 0.0102 349 338 419 364
D10 0.0102 60 414 123 437
D10 0.0102 318 394 382 415
D10 0.0101 419 385 473 412
D10 0.0101 405 547 504 591
D10 0.0101 204 524 247 551
D10 0.0101 291 487 362 514
D10 0.0101 467 404 526 431
D10 0.0101 184 518 247 557
D10 0.0100 166 550 217 580
D10 0.0100 527 528 596 566
D10 0.0100 129 415 200 453
D20 0.2661 269 341 440 414
D20 0.2263 0 382 556 569
D20 0.2228 5 395 247 584
D20 0.2143 262 346 566 439
D20 0.1905 0 446 136 578
D20 0.1521 1 416 161 516
D20 0.1431 338 367 575 487
D20 0.1403 413 378 554 469
D20 0.1342 162 347 589 529
D20 0.1324 331 371 527 446
D20 0.1312 431 403 505 449
D20 0.1302 27 358 191 527
D20 0.1275 271 352 376 407
D20 0.1257 20 476 208 591
D20 0.1226 275 346 330 412
D20 0.1181 427 394 584 500
D20 0.1153 458 438 597 530
D20 0.1078 289 363 483 419
D20 0.1014 0 332 336 561
D20 0.0949 339 358 421 404
D20 0.0934 0 444 421 600
D20 0.0883 329 405 600 584
D20 0.0821 505 464 600 509
D20 0.0816 187 331 492 422
D20 0.0769 9 471 105 556
D20 0.0753 3 492 113 594
D20 0.0739 60 342 210 449
D20 0.0700 471 455 600 590
D20 0.0675 75 339 493 462
D20 0.0675 95 489 262 586
D20 0.0666 454 413 521 474
D20 0.0661 167 442 600 600
D20 0.0654 0 524 186 600
D20 0.0618 280 359 321 401
D20 0.0615 483 455 580 500
D20 0.0585 189 341 373 410
D20 0.0585 30 401 169 485
D20 0.0561 280 327 389 389
D20 0.0554 9 453 117 498
D20 0.0550 165 472 277 591
D20 0.0534 346 369 457 410
D20 0.0526 102 417 164 471
D20 0.0517 284 367 342 407
D20 0.0492 392 442 582 566
D20 0.0488 86 383 236 487
D20 0.0486 305 347 402 399
D20 0.0482 447 413 503 442
D20 0.0478 294 367 408 407
D20 0.0470 115 459 265 551
D20 0.0461 246 351 326 399
D20 0.0459 456 432 580 492
D20 0.0454 271 357 317 385
D20 0.0446 52 523 236 588
D20 0.0420 32 432 179 558
D20 0.0416 462 435 536 480
D20 0.0414 0 378 97 557
D20 0.0413 404 503 600 593
D20 0.0404 0 315 160 600
D20 0.0397 394 346 600 541
D20 0.0393 309 329 375 356
D20 0.0389 64 358 144 400
D20 0.0384 0 435 69 581
D20 0.0381 7 543 133 595
D20 0.0375 87 433 260 524
D20 0.0375 445 409 572 474
D20 0.0367 0 515 70 576
D20 0.0366 57 324 217 405
D20 0.0365 103 342 210 380
D20 0.0363 276 350 321 376
D20 0.0360 294 333 376 373
D20 0.0356 540 449 600 504
D20 0.0354 40 461 129 506
D20 0.0345 165 468 280 532
D20 0.0344 2 428 59 489
D20 0.0336 44 548 204 592
D20 0.0329 515 424 600 553
D20 0.0312 0 552 87 597
D20 0.0310 417 416 542 485
D20 0.0308 252 331 351 406
D20 0.0307 17 165 600 591
D20 0.0303 358 398 513 462
D20 0.0299 473 375 600 559
D20 0.0299 293 353 443 450
D20 0.0297 179 489 355 585
D20 0.0295 180 479 302 553
D20 0.0294 10 502 142 565
D20 0.0289 36 444 140 490
D20 0.0285 276 329 374 436
D20 0.0285 325 516 532 591
D20 0.0285 8 315 253 494
D20 0.0284 117 521 284 599
D20 0.0282 129 346 331 425
D20 0.0280 4 281 550 510
D20 0.0276 444 474 581 549
D20 0.0273 167 465 254 509
D20 0.0271 0 526 50 600
D20 0.0257 314 330 437 382
D20 0.0255 114 351 413 572
D20 0.0255 271 338 349 384
D20 0.0254 341 343 399 391
D20 0.0254 163 339 227 385
D20 0.0252 143 451 266 517
D20 0.0249 0 455 58 536
D20 0.0248 337 390 485 439
D20 0.0247 232 264 600 591
D20 0.0246 158 497 253 543
D20 0.0245 32 569 145 600
D20 0.0243 61 344 161 384
D20 0.0242 393 429 560 514
D20 0.0241 15 221 218 555
D20 0.0240 198 495 293 595
D20 0.0240 348 483 549 559
D20 0.0240 112 449 328 600
D20 0.0239 200 367 466 472
D20 0.0236 347 342 477 404
D20 0.0236 17 15 600 441
D20 0.0234 113 406 195 460
D20 0.0230 69 357 108 389
D20 0.0230 66 349 113 422
D20 0.0230 565 439 600 510
D20 0.0228 10 350 127 513
D20 0.0227 104 431 213 471
D20 0.0223 126 503 242 571
D20 0.0223 65 366 165 414
D20 0.0222 421 394 525 538
D20 0.0222 86 566 194 600
D20 0.0219 383 541 542 598
D20 0.0217 525 455 588 523
D20 0.0214 216 499 507 590
D20 0.0212 360 383 463 423
D20 0.0211 448 394 541 442
D20 0.0210 39 352 155 467
D20 0.0210 480 412 534 486
D20 0.0205 135 382 254 529
D20 0.0205 83 389 161 455
D20 0.0203 335 410 528 486
D20 0.0203 140 338 277 402
D20 0.0202 524 472 600 600
D20 0.0201 438 447 547 540
D20 0.0201 363 350 408 405
D20 0.0200 0 116 291 600
D20 0.0200 323 335 391 365
D20 0.0199 22 486 153 542
D20 0.0198 334 328 390 405
D20 0.0195 0 0 408 294
D20 0.0195 178 339 230 363
D20 0.0194 554 422 600 540
D20 0.0193 451 252 600 580
D20 0.0193 54 509 156 550
D20 0.0192 219 332 273 353
D20 0.0190 167 0 600 294
D20 0.0189 355 358 412 386
D20 0.0186 428 482 539 580
D20 0.0186 255 369 349 416
D20 0.0185 349 345 438 386
D20 0.0184 289 538 495 600
D20 0.0181 77 377 178 427
D20 0.0180 376 322 550 446
D20 0.0180 478 519 595 600
D20 0.0180 165 446 331 527
D20 0.0178 251 348 315 381
D20 0.0175 27 527 107 592
D20 0.0174 61 338 122 393
D20 0.0173 56 426 151 471
D20 0.0171 465 404 525 451
D20 0.0169 232 416 500 582
D20 0.0169 55 482 220 554
D20 0.0169 167 334 262 367
D20 0.0169 476 426 579 467
D20 0.0168 223 340 340 443
D20 0.0166 198 356 318 407
D20 0.0166 72 518 180 561
D20 0.0165 315 343 388 377
D20 0.0164 225 330 335 382
D20 0.0163 77 334 185 373
D20 0.0161 311 0 600 600
D20 0.0161 0 405 53 521
D20 0.0161 287 489 499 551
D20 0.0160 161 355 244 400
D20 0.0160 152 372 237 420
D20 0.0160 317 300 600 471
D20 0.0158 369 360 438 405
D20 0.0157 438 524 560 600
D20 0.0156 455 477 554 520
D20 0.0156 199 529 388 600
D20 0.0156 206 485 408 557
D20 0.0155 185 468 382 536
D20 0.0155 340 342 428 427
D20 0.0154 324 468 534 533
D20 0.0154 360 550 492 594
D20 0.0153 42 334 149 417
D20 0.0151 171 515 245 576
D20 0.0150 349 350 404 373
D20 0.0147 573 454 600 538
D20 0.0145 77 356 137 433
D20 0.0143 520 347 600 526
D20 0.0142 318 386 512 524
D20 0.0139 323 324 406 359
D20 0.0138 408 500 497 540
D20 0.0137 388 494 502 578
D20 0.0137 301 327 537 577
D20 0.0136 90 412 147 485
D20 0.0136 573 523 600 600
D20 0.0136 403 526 523 582
D20 0.0134 35 439 103 512
D20 0.0134 139 419 306 513
D20 0.0133 56 490 151 595
D20 0.0132 496 436 559 507
D20 0.0132 350 342 467 461
D20 0.0132 441 491 504 547
D20 0.0130 259 338 321 372
D20 0.0128 92 354 183 410
D20 0.0128 417 538 500 597
D20 0.0125 233 505 342 592
D20 0.0124 519 548 600 600
D20 0.0124 242 366 399 453
D20 0.0124 189 327 282 357
D20 0.0123 205 503 288 556
D20 0.0123 324 506 494 566
D20 0.0122 491 413 583 454
D20 0.0122 156 329 308 383
D20 0.0122 382 564 501 600
D20 0.0122 267 390 437 475
D20 0.0121 256 506 404 596
D20 0.0121 301 417 390 451
D20 0.0121 0 0 144 220
D20 0.0119 0 496 62 547
D20 0.0118 441 508 504 569
D20 0.0118 0 300 185 445
D20 0.0118 46 362 123 410
D20 0.0117 340 336 426 372
D20 0.0117 422 442 520 481
D20 0.0116 213 530 286 599
D20 0.0116 90 510 204 600
D20 0.0115 386 412 480 448
D20 0.0115 272 312 394 368
D20 0.0114 376 446 510 600
D20 0.0114 577 432 600 496
D20 0.0114 130 371 313 473
D20 0.0113 106 544 217 600
D20 0.0113 454 0 600 221
D20 0.0112 64 348 101 398
D20 0.0111 302 445 517 507
D20 0.0110 96 362 159 443
D20 0.0110 438 564 559 600
D20 0.0109 397 484 496 521
D20 0.0109 231 546 349 594
D20 0.0109 190 414 453 517
D20 0.0108 296 323 365 350
D20 0.0107 460 343 600 452
D20 0.0107 295 302 424 407
D20 0.0106 0 441 40 499
D20 0.0104 534 425 598 491
D20 0.0103 447 527 540 573
D20 0.0103 206 465 291 509
D20 0.0103 277 420 467 489
D20 0.0103 313 407 404 443
D20 0.0103 176 343 248 374
D20 0.0102 407 506 523 562
D20 0.0102 294 496 445 582
D20 0.0101 317 376 407 440
D40 0.2465 3 450 71 493
D40 0.2002 11 458 63 486
D40 0.1744 20 432 150 536
D40 0.1680 96 427 150 483
D40 0.1517 10 442 104 522
D40 0.1471 102 447 145 478
D40 0.1055 14 434 138 492
D40 0.1028 79 445 149 491
D40 0.0960 107 439 150 469
D40 0.0863 6 460 51 497
D40 0.0779 19 406 182 502
D40 0.0753 287 365 322 406
D40 0.0744 93 458 141 485
D40 0.0666 3 450 74 548
D40 0.0640 58 423 156 496
D40 0.0566 349 370 429 405
D40 0.0561 6 427 79 504
D40 0.0533 6 463 65 517
D40 0.0519 111 435 163 479
D40 0.0511 13 467 78 492
D40 0.0506 98 415 175 490
D40 0.0506 14 436 67 483
D40 0.0506 292 383 349 406
D40 0.0478 355 361 403 400
D40 0.0461 7 446 41 488
D40 0.0459 95 448 182 487
D40 0.0450 60 439 201 505
D40 0.0437 61 457 142 500
D40 0.0435 450 420 506 448
D40 0.0418 3 390 125 518
D40 0.0408 477 440 522 474
D40 0.0402 569 462 600 500
D40 0.0391 286 372 360 406
D40 0.0390 0 532 78 580
D40 0.0388 20 452 87 479
D40 0.0386 22 466 146 520
D40 0.0385 27 414 155 473
D40 0.0382 480 451 557 482
D40 0.0369 467 427 514 463
D40 0.0356 160 475 261 514
D40 0.0349 549 462 596 489
D40 0.0348 89 462 151 495
D40 0.0342 107 557 200 597
D40 0.0333 11 477 64 504
D40 0.0330 35 450 230 544
D40 0.0324 111 459 166 482
D40 0.0321 20 458 93 507
D40 0.0310 68 396 168 541
D40 0.0291 361 384 436 406
D40 0.0283 103 335 210 373
D40 0.0277 135 564 193 591
D40 0.0276 171 337 211 372
D40 0.0274 159 490 256 532
D40 0.0272 107 465 257 530
D40 0.0265 150 514 244 586
D40 0.0263 0 538 45 574
D40 0.0261 117 443 148 487
D40 0.0261 506 470 576 497
D40 0.0259 79 468 133 494
D40 0.0257 124 425 157 473
D40 0.0250 494 461 566 487
D40 0.0245 131 536 227 591
D40 0.0243 39 514 133 558
D40 0.0238 330 375 398 402
D40 0.0235 181 480 246 506
D40 0.0233 484 445 548 469
D40 0.0233 93 448 127 492
D40 0.0231 150 505 242 555
D40 0.0231 17 525 116 571
D40 0.0230 69 361 108 395
D40 0.0229 75 458 162 529
D40 0.0224 117 451 179 474
D40 0.0224 0 433 47 527
D40 0.0223 2 455 33 502
D40 0.0220 345 357 400 387
D40 0.0217 77 451 134 479
D40 0.0215 143 485 239 521
D40 0.0214 21 402 98 502
D40 0.0210 570 448 600 486
D40 0.0208 142 553 186 582
D40 0.0206 161 330 216 384
D40 0.0205 11 485 58 520
D40 0.0204 171 490 242 513
D40 0.0204 68 439 143 473
D40 0.0204 358 377 402 406
D40 0.0202 459 441 516 467
D40 0.0201 484 436 586 479
D40 0.0201 104 469 157 492
D40 0.0200 0 552 74 598
D40 0.0197 25 442 85 469
D40 0.0195 54 568 155 600
D40 0.0194 105 442 217 476
D40 0.0192 410 575 479 596
D40 0.0191 8 442 51 472
D40 0.0187 89 537 191 580
D40 0.0186 133 349 203 374
D40 0.0186 556 471 598 510
D40 0.0183 48 498 137 541
D40 0.0181 29 443 103 489
D40 0.0181 147 340 206 366
D40 0.0180 172 531 254 595
D40 0.0180 117 441 177 467
D40 0.0179 55 527 160 568
D40 0.0176 127 444 229 510
D40 0.0174 95 435 130 479
D40 0.0172 1 546 35 585
D40 0.0170 318 379 362 407
D40 0.0170 119 524 215 573
D40 0.0169 21 473 76 511
D40 0.0169 474 419 520 453
D40 0.0168 552 453 595 481
D40 0.0165 531 445 600 493
D40 0.0164 302 370 337 406
D40 0.0164 0 557 43 594
D40 0.0162 581 449 600 498
D40 0.0158 66 473 136 506
D40 0.0156 104 462 202 498
D40 0.0155 59 461 124 487
D40 0.0155 372 375 443 414
D40 0.0154 476 434 534 458
D40 0.0152 397 511 497 547
D40 0.0152 353 383 452 421
D40 0.0151 577 470 600 510
D40 0.0149 499 454 576 476
D40 0.0148 553 493 596 529
D40 0.0147 2 415 85 473
D40 0.0146 38 451 76 497
D40 0.0146 297 388 364 415
D40 0.0145 174 472 239 497
D40 0.0145 533 461 583 493
D40 0.0145 501 448 575 491
D40 0.0141 64 522 147 555
D40 0.0141 162 451 225 471
D40 0.0141 111 340 186 366
D40 0.0141 13 539 67 573
D40 0.0141 0 472 52 508
D40 0.0139 135 541 177 575
D40 0.0137 48 337 130 403
D40 0.0136 186 336 225 367
D40 0.0136 161 454 250 495
D40 0.0136 7 477 41 526
D40 0.0136 39 381 141 466
D40 0.0135 123 553 173 583
D40 0.0135 499 423 590 464
D40 0.0133 37 534 101 583
D40 0.0132 0 574 54 598
D40 0.0131 146 445 240 477
D40 0.0129 20 426 116 468
D40 0.0129 70 547 175 592
D40 0.0128 560 573 600 598
D40 0.0128 57 525 119 551
D40 0.0126 446 502 482 537
D40 0.0125 171 479 216 509
D40 0.0125 148 556 179 597
D40 0.0125 418 504 489 536
D40 0.0123 151 502 224 537
D40 0.0122 56 535 121 558
D40 0.0122 47 527 128 590
D40 0.0121 567 502 600 539
D40 0.0121 164 497 229 522
D40 0.0120 85 470 180 507
D40 0.0118 163 513 224 565
D40 0.0118 57 516 117 542
D40 0.0116 12 428 70 464
D40 0.0115 147 491 210 513
D40 0.0115 168 331 212 356
D40 0.0115 231 556 327 596
D40 0.0115 117 475 219 511
D40 0.0115 109 454 141 497
D40 0.0115 16 375 76 488
D40 0.0113 101 490 229 544
D40 0.0111 130 454 172 484
D40 0.0110 295 385 332 414
D40 0.0110 124 463 161 494
D40 0.0109 378 365 413 406
D40 0.0109 125 330 204 360
D40 0.0108 173 439 213 467
D40 0.0108 446 536 541 580
D40 0.0107 108 530 185 567
D40 0.0107 119 457 206 484
D40 0.0107 181 332 230 356
D40 0.0106 120 344 173 375
D40 0.0105 72 502 176 540
D40 0.0105 9 423 37 478
D40 0.0104 149 542 194 574
D40 0.0104 37 550 85 586
D40 0.0102 59 324 147 389
D40 0.0102 368 367 437 396
D40 0.0102 73 368 118 405
D40 0.0102 17 319 184 399
D40 0.0101 430 495 498 528
D40 0.0101 180 523 240 572
D40 0.0101 454 511 488 545
D40 0.0100 109 439 156 508
D40 0.0100 213 527 246 568
