D00 0.0891 403 462 467 537
D00 0.0672 0 502 144 599
D00 0.0666 450 513 526 570
D00 0.0541 1 544 101 595
D00 0.0530 370 463 480 567
D00 0.0527 97 480 150 525
D00 0.0527 386 455 451 514
D00 0.0505 5 573 64 597
D00 0.0503 409 488 473 548
D00 0.0483 117 477 153 512
D00 0.0481 87 488 145 513
D00 0.0459 456 521 509 600
D00 0.0455 462 486 536 554
D00 0.0441 13 479 152 554
D00 0.0426 83 485 149 547
D00 0.0418 14 559 85 597
D00 0.0385 40 474 157 524
D00 0.0353 343 479 452 581
D00 0.0350 48 472 171 586
D00 0.0332 0 513 73 594
D00 0.0323 0 555 55 598
D00 0.0323 75 491 143 528
D00 0.0321 406 481 463 519
D00 0.0320 64 463 167 543
D00 0.0302 108 471 156 545
D00 0.0299 462 525 509 562
D00 0.0292 279 385 307 430
D00 0.0290 342 536 401 596
D00 0.0286 436 529 516 581
D00 0.0284 434 498 526 600
D00 0.0279 490 482 554 551
D00 0.0276 108 485 142 534
D00 0.0276 371 472 456 525
D00 0.0274 323 455 421 596
D00 0.0274 0 437 186 587
D00 0.0265 358 460 433 515
D00 0.0263 91 461 155 517
D00 0.0261 131 473 157 515
D00 0.0255 23 531 80 600
D00 0.0253 392 498 461 555
D00 0.0250 350 484 390 581
D00 0.0248 67 498 137 557
D00 0.0248 290 383 316 433
D00 0.0246 413 492 456 530
D00 0.0238 21 504 98 594
D00 0.0238 395 468 438 505
D00 0.0238 47 451 175 515
D00 0.0231 96 500 140 539
D00 0.0231 383 402 464 512
D00 0.0227 432 544 501 600
D00 0.0220 313 518 445 587
D00 0.0219 280 370 322 444
D00 0.0216 394 462 434 531
D00 0.0215 57 510 146 589
D00 0.0213 330 526 375 600
D00 0.0213 426 466 474 526
D00 0.0213 262 373 316 430
D00 0.0212 31 532 126 597
D00 0.0208 314 471 385 590
D00 0.0203 342 511 403 572
D00 0.0200 471 533 544 599
D00 0.0200 110 473 154 498
D00 0.0198 353 541 389 572
D00 0.0197 357 475 381 523
D00 0.0196 415 504 445 549
D00 0.0196 502 480 592 581
D00 0.0195 349 468 415 528
D00 0.0194 120 464 164 508
D00 0.0194 269 381 300 424
D00 0.0191 106 495 153 523
D00 0.0189 107 483 168 516
D00 0.0187 407 502 452 582
D00 0.0187 503 490 533 544
D00 0.0183 551 573 600 599
D00 0.0183 69 433 193 533
D00 0.0183 53 484 133 541
D00 0.0183 466 528 499 580
D00 0.0181 35 508 125 556
D00 0.0180 287 390 320 455
D00 0.0179 342 470 380 549
D00 0.0178 20 549 65 589
D00 0.0178 413 521 487 589
D00 0.0177 346 493 376 572
D00 0.0176 534 551 600 600
D00 0.0175 44 517 113 580
D00 0.0174 139 429 207 462
D00 0.0173 462 550 520 599
D00 0.0172 332 421 501 582
D00 0.0172 80 470 150 504
D00 0.0171 459 539 490 592
D00 0.0171 459 537 528 571
D00 0.0171 99 497 166 553
D00 0.0171 24 570 104 599
D00 0.0167 572 555 599 600
D00 0.0167 335 543 445 593
D00 0.0165 137 442 192 466
D00 0.0163 353 533 423 582
D00 0.0163 372 497 437 588
D00 0.0159 114 500 153 539
D00 0.0158 1 527 43 598
D00 0.0158 378 350 435 372
D00 0.0158 149 407 216 462
D00 0.0158 207 574 289 600
D00 0.0157 449 495 531 533
D00 0.0157 90 516 144 543
D00 0.0155 350 477 373 523
D00 0.0154 369 342 424 363
D00 0.0154 323 519 386 577
D00 0.0154 390 396 533 555
D00 0.0154 295 376 328 442
D00 0.0153 292 393 335 474
D00 0.0153 0 472 86 576
D00 0.0152 15 564 48 599
D00 0.0152 392 535 459 600
D00 0.0150 482 505 575 600
D00 0.0150 158 419 224 452
D00 0.0150 0 569 38 600
D00 0.0149 84 498 184 593
D00 0.0148 34 526 88 579
D00 0.0148 387 484 444 537
D00 0.0148 455 567 493 600
D00 0.0147 447 564 539 600
D00 0.0147 457 519 493 567
D00 0.0146 435 475 484 539
D00 0.0145 39 458 271 561
D00 0.0145 130 483 158 535
D00 0.0144 84 465 212 568
D00 0.0144 7 539 75 578
D00 0.0144 114 439 157 518
D00 0.0143 375 411 440 495
D00 0.0143 332 474 394 527
D00 0.0143 334 563 385 600
D00 0.0141 273 391 317 476
D00 0.0141 456 357 505 383
D00 0.0141 370 464 417 498
D00 0.0140 331 477 372 568
D00 0.0139 393 436 434 493
D00 0.0139 297 489 367 599
D00 0.0139 36 549 82 588
D00 0.0138 397 350 453 372
D00 0.0138 76 485 126 516
D00 0.0137 348 541 374 591
D00 0.0136 358 490 381 551
D00 0.0135 313 500 354 578
D00 0.0135 345 532 378 568
D00 0.0134 276 394 321 421
D00 0.0134 2 238 28 296
D00 0.0134 417 570 494 600
D00 0.0134 91 487 126 535
D00 0.0133 256 465 309 505
D00 0.0133 20 490 123 532
D00 0.0133 281 398 308 447
D00 0.0132 277 372 310 409
D00 0.0132 167 410 234 444
D00 0.0131 358 517 382 567
D00 0.0131 359 474 395 542
D00 0.0131 482 572 557 600
D00 0.0131 63 514 118 562
D00 0.0130 463 361 501 395
D00 0.0130 97 485 178 534
D00 0.0130 398 371 477 494
D00 0.0130 294 495 424 576
D00 0.0129 475 522 526 584
D00 0.0129 163 432 217 457
D00 0.0129 244 577 306 598
D00 0.0129 301 420 437 559
D00 0.0128 124 480 176 504
D00 0.0128 390 571 463 600
D00 0.0128 358 546 398 581
D00 0.0128 84 435 189 485
D00 0.0128 543 484 599 579
D00 0.0127 309 553 396 599
D00 0.0127 357 486 427 557
D00 0.0127 448 356 497 400
D00 0.0127 300 400 326 451
D00 0.0127 417 350 471 373
D00 0.0127 339 477 413 510
D00 0.0127 0 481 57 539
D00 0.0127 19 581 79 600
D00 0.0126 74 507 131 535
D00 0.0126 159 400 223 436
D00 0.0126 388 342 442 363
D00 0.0125 3 231 53 341
D00 0.0125 205 406 259 432
D00 0.0125 253 392 313 448
D00 0.0125 5 517 94 569
D00 0.0125 548 441 600 484
D00 0.0125 95 472 202 523
D00 0.0124 272 476 314 507
D00 0.0124 493 547 565 600
D00 0.0124 291 360 316 405
D00 0.0123 476 469 544 534
D00 0.0123 364 477 426 503
D00 0.0123 437 357 489 383
D00 0.0123 123 453 149 502
D00 0.0122 387 556 488 598
D00 0.0122 573 429 598 478
D00 0.0121 373 353 443 385
D00 0.0121 0 498 67 564
D00 0.0121 104 418 207 498
D00 0.0120 424 538 498 573
D00 0.0118 356 549 384 599
D00 0.0117 320 514 344 566
D00 0.0117 469 568 512 600
D00 0.0117 437 349 490 373
D00 0.0117 264 472 320 497
D00 0.0116 554 522 600 600
D00 0.0116 431 350 511 391
D00 0.0116 78 511 122 548
D00 0.0116 258 392 356 477
D00 0.0116 113 431 180 464
D00 0.0116 85 447 217 509
D00 0.0115 385 426 440 472
D00 0.0115 311 524 359 600
D00 0.0115 309 496 339 565
D00 0.0115 316 574 372 598
D00 0.0115 123 420 190 471
D00 0.0114 193 415 249 439
D00 0.0114 277 364 311 395
D00 0.0114 404 430 448 462
D00 0.0114 161 435 202 469
D00 0.0113 456 349 505 373
D00 0.0112 176 391 245 445
D00 0.0112 509 572 594 600
D00 0.0111 519 520 585 600
D00 0.0111 290 385 353 448
D00 0.0111 406 496 437 545
D00 0.0111 127 457 160 492
D00 0.0110 384 350 451 403
D00 0.0110 393 521 445 569
D00 0.0110 422 430 465 460
D00 0.0109 423 349 486 405
D00 0.0109 409 354 478 386
D00 0.0109 126 437 163 469
D00 0.0109 407 417 464 457
D00 0.0109 342 565 439 600
D00 0.0109 199 380 264 437
D00 0.0109 415 518 441 569
D00 0.0109 362 518 416 564
D00 0.0109 147 424 202 450
D00 0.0109 127 478 173 524
D00 0.0108 360 550 416 598
D00 0.0108 209 392 278 427
D00 0.0108 338 541 365 592
D00 0.0108 391 412 463 442
D00 0.0108 516 463 587 550
D00 0.0107 261 488 319 512
D00 0.0107 360 524 396 575
D00 0.0107 136 450 191 474
D00 0.0107 384 391 462 461
D00 0.0107 32 562 67 600
D00 0.0107 305 393 339 455
D00 0.0107 446 557 487 595
D00 0.0106 0 488 36 570
D00 0.0106 157 413 209 440
D00 0.0105 126 472 177 495
D00 0.0105 230 492 360 600
D00 0.0105 352 449 443 540
D00 0.0105 13 491 89 550
D00 0.0105 254 497 308 521
D00 0.0104 125 513 162 546
D00 0.0104 496 526 571 583
D00 0.0104 460 351 519 404
D00 0.0104 397 357 454 382
D00 0.0103 0 401 119 567
D00 0.0103 43 504 120 538
D00 0.0103 46 541 106 592
D00 0.0102 268 397 331 434
D00 0.0102 257 363 295 395
D00 0.0102 379 553 436 597
D00 0.0102 88 472 131 522
D00 0.0101 176 413 207 456
D00 0.0101 475 367 523 391
D00 0.0101 251 357 298 381
D00 0.0101 353 349 414 371
D00 0.0100 540 462 600 515
D00 0.0100 438 366 489 392
D00 0.0100 419 410 486 498
D00 0.0100 119 502 186 554
D00 0.0100 276 420 336 483
D10 0.0777 349 458 451 494
D10 0.0728 525 467 600 493
D10 0.0619 505 457 600 489
D10 0.0599 342 453 435 479
D10 0.0578 363 463 435 486
D10 0.0557 544 463 600 486
D10 0.0506 492 466 593 499
D10 0.0500 376 457 440 479
D10 0.0480 302 454 460 507
D10 0.0462 348 538 434 576
D10 0.0439 353 545 407 567
D10 0.0430 337 442 461 488
D10 0.0417 4 470 154 531
D10 0.0402 470 449 600 506
D10 0.0396 359 539 419 563
D10 0.0373 504 472 578 491
D10 0.0366 490 435 600 479
D10 0.0362 342 463 412 482
D10 0.0354 504 464 580 484
D10 0.0353 557 470 600 492
D10 0.0295 426 433 597 487
D10 0.0290 470 462 557 485
D10 0.0287 18 458 156 505
D10 0.0279 330 454 399 473
D10 0.0276 434 462 527 486
D10 0.0268 526 448 600 481
D10 0.0263 415 456 557 503
D10 0.0258 41 483 144 521
D10 0.0257 424 464 490 484
D10 0.0251 330 541 400 572
D10 0.0249 273 431 442 488
D10 0.0245 399 439 538 482
D10 0.0244 461 468 562 504
D10 0.0236 424 470 511 499
D10 0.0231 357 524 473 579
D10 0.0227 314 457 422 491
D10 0.0226 354 470 420 496
D10 0.0224 482 470 588 528
D10 0.0223 352 442 438 472
D10 0.0223 364 531 443 563
D10 0.0222 369 503 476 564
D10 0.0210 388 446 441 469
D10 0.0204 480 472 544 491
D10 0.0203 106 526 162 548
D10 0.0202 302 447 406 479
D10 0.0200 347 552 396 576
D10 0.0198 548 433 597 457
D10 0.0197 405 433 462 455
D10 0.0195 538 473 600 504
D10 0.0194 488 525 589 566
D10 0.0193 5 486 113 541
D10 0.0193 66 482 137 506
D10 0.0192 338 537 389 564
D10 0.0192 322 469 440 520
D10 0.0191 416 454 476 477
D10 0.0186 270 458 394 500
D10 0.0186 55 489 131 511
D10 0.0184 89 516 179 555
D10 0.0183 548 441 597 468
D10 0.0181 115 518 168 543
D10 0.0180 517 430 600 461
D10 0.0178 409 443 466 467
D10 0.0175 368 528 431 553
D10 0.0172 505 537 600 579
D10 0.0172 321 543 406 590
D10 0.0171 559 451 600 478
D10 0.0170 98 517 151 543
D10 0.0169 205 479 288 506
D10 0.0168 332 419 454 471
D10 0.0167 125 526 181 548
D10 0.0167 8 553 62 583
D10 0.0166 128 442 183 466
D10 0.0165 452 422 534 450
D10 0.0164 311 436 419 472
D10 0.0164 384 520 458 553
D10 0.0163 461 446 571 479
D10 0.0162 339 444 408 467
D10 0.0160 145 433 201 459
D10 0.0160 413 430 486 458
D10 0.0159 406 424 463 447
D10 0.0157 1 539 68 577
D10 0.0155 495 540 571 569
D10 0.0154 373 545 435 568
D10 0.0154 0 564 46 594
D10 0.0153 199 574 281 600
D10 0.0151 463 429 546 457
D10 0.0149 341 520 430 566
D10 0.0148 2 494 80 526
D10 0.0148 0 544 51 569
D10 0.0148 449 451 536 477
D10 0.0147 27 478 119 508
D10 0.0147 350 542 467 594
D10 0.0145 398 516 453 543
D10 0.0145 364 553 427 578
D10 0.0145 388 431 453 460
D10 0.0144 507 453 578 475
D10 0.0144 553 563 598 595
D10 0.0142 0 535 49 560
D10 0.0142 402 487 452 512
D10 0.0141 450 417 583 465
D10 0.0141 440 426 505 447
D10 0.0140 538 424 594 449
D10 0.0140 516 478 582 499
D10 0.0139 356 528 406 555
D10 0.0139 384 421 456 450
D10 0.0139 0 468 79 497
D10 0.0138 109 443 161 464
D10 0.0138 408 419 538 465
D10 0.0137 321 462 385 481
D10 0.0136 33 571 115 600
D10 0.0135 311 454 374 473
D10 0.0135 329 554 378 578
D10 0.0135 89 525 145 549
D10 0.0135 34 564 96 592
D10 0.0135 135 519 192 542
D10 0.0134 552 555 598 581
D10 0.0134 458 543 513 567
D10 0.0133 481 425 543 448
D10 0.0133 511 535 573 559
D10 0.0132 236 574 315 600
D10 0.0132 479 454 547 474
D10 0.0132 311 527 404 572
D10 0.0132 281 547 389 595
D10 0.0131 438 433 506 454
D10 0.0130 522 547 600 594
D10 0.0130 512 512 591 547
D10 0.0129 273 473 391 517
D10 0.0129 377 503 452 539
D10 0.0127 402 498 454 523
D10 0.0126 0 472 92 518
D10 0.0126 537 546 594 568
D10 0.0126 18 486 107 516
D10 0.0125 433 477 524 508
D10 0.0125 437 454 503 475
D10 0.0124 568 457 600 489
D10 0.0124 390 534 445 558
D10 0.0124 12 503 89 535
D10 0.0123 347 480 402 506
D10 0.0122 501 421 583 452
D10 0.0121 288 413 385 455
D10 0.0121 337 488 388 513
D10 0.0120 115 519 217 554
D10 0.0120 0 522 67 557
D10 0.0120 365 513 442 548
D10 0.0119 197 552 310 597
D10 0.0119 32 555 133 598
D10 0.0119 525 532 598 564
D10 0.0118 510 525 570 552
D10 0.0118 274 472 331 496
D10 0.0118 326 469 405 500
D10 0.0117 154 519 212 542
D10 0.0117 235 550 352 596
D10 0.0117 0 497 51 522
D10 0.0117 311 560 379 595
D10 0.0117 162 570 266 600
D10 0.0117 143 526 203 548
D10 0.0117 508 434 575 457
D10 0.0116 77 440 151 468
D10 0.0116 481 438 567 468
D10 0.0115 1 227 46 252
D10 0.0115 180 576 246 598
D10 0.0114 4 507 61 531
D10 0.0114 212 489 278 510
D10 0.0113 493 478 548 500
D10 0.0113 272 480 331 504
D10 0.0113 194 467 295 502
D10 0.0113 120 434 172 460
D10 0.0113 380 561 451 595
D10 0.0112 321 444 383 466
D10 0.0112 29 494 115 525
D10 0.0112 59 470 141 502
D10 0.0112 213 473 276 496
D10 0.0111 305 423 361 447
D10 0.0110 420 438 500 468
D10 0.0110 551 444 600 496
D10 0.0110 5 507 96 556
D10 0.0110 0 484 59 518
D10 0.0107 270 368 314 387
D10 0.0107 220 423 278 444
D10 0.0107 483 543 571 589
D10 0.0107 279 443 369 481
D10 0.0106 516 442 586 467
D10 0.0106 388 555 442 579
D10 0.0105 463 548 534 582
D10 0.0105 527 504 599 538
D10 0.0105 277 459 349 487
D10 0.0104 438 434 548 469
D10 0.0104 135 512 230 547
D10 0.0103 129 451 181 474
D10 0.0103 458 553 510 578
D10 0.0103 175 518 228 541
D10 0.0103 307 575 365 598
D10 0.0103 364 493 442 527
D10 0.0103 1 480 63 505
D10 0.0102 180 536 376 600
D10 0.0102 144 544 289 600
D10 0.0102 577 464 600 498
D10 0.0101 354 337 440 369
D10 0.0101 2 234 44 261
D10 0.0100 110 451 159 472
D10 0.0100 354 487 409 513
D10 0.0100 108 534 162 557
D10 0.0100 71 523 159 567
D10 0.0100 395 528 465 562
D10 0.0100 346 562 393 592
D10 0.0100 38 548 110 586
D20 0.1494 386 466 555 560
D20 0.1080 212 418 600 582
D20 0.1017 375 495 537 587
D20 0.1001 357 457 493 548
D20 0.0771 381 433 532 520
D20 0.0759 362 461 452 501
D20 0.0654 435 488 590 576
D20 0.0634 282 458 519 566
D20 0.0567 1 131 41 179
D20 0.0529 406 449 592 538
D20 0.0526 309 433 478 504
D20 0.0522 41 451 549 600
D20 0.0508 322 481 487 583
D20 0.0482 409 472 502 519
D20 0.0479 421 511 561 600
D20 0.0464 395 435 457 493
D20 0.0433 0 466 165 547
D20 0.0430 365 401 487 512
D20 0.0408 357 452 600 600
D20 0.0393 199 477 503 598
D20 0.0390 404 452 481 506
D20 0.0389 423 492 534 544
D20 0.0378 381 407 567 491
D20 0.0378 274 427 509 530
D20 0.0359 274 404 472 481
D20 0.0356 344 379 570 575
D20 0.0351 7 454 163 514
D20 0.0337 440 402 600 481
D20 0.0332 483 500 570 548
D20 0.0301 324 520 501 600
D20 0.0287 49 477 151 515
D20 0.0286 310 463 453 530
D20 0.0282 147 383 321 455
D20 0.0271 0 473 206 600
D20 0.0263 395 426 471 468
D20 0.0262 2 222 42 309
D20 0.0258 443 381 600 600
D20 0.0257 240 384 431 460
D20 0.0254 139 362 568 547
D20 0.0254 342 470 436 514
D20 0.0245 377 506 470 551
D20 0.0243 473 430 593 569
D20 0.0237 0 520 49 600
D20 0.0236 272 508 448 593
D20 0.0235 341 373 473 490
D20 0.0233 356 439 449 481
D20 0.0231 207 374 329 437
D20 0.0229 208 397 304 435
D20 0.0225 507 426 600 466
D20 0.0224 111 399 288 472
D20 0.0218 12 381 383 584
D20 0.0215 469 508 600 600
D20 0.0212 405 447 509 485
D20 0.0212 416 531 505 581
D20 0.0209 434 408 557 556
D20 0.0209 0 406 177 485
D20 0.0206 5 150 39 185
D20 0.0199 31 424 194 507
D20 0.0197 541 416 600 475
D20 0.0195 545 550 600 600
D20 0.0194 500 399 600 526
D20 0.0194 239 386 512 508
D20 0.0194 241 445 439 517
D20 0.0193 137 413 461 527
D20 0.0192 221 379 303 423
D20 0.0192 249 473 427 565
D20 0.0191 426 468 490 547
D20 0.0191 195 476 297 509
D20 0.0190 123 433 207 472
D20 0.0188 0 126 64 296
D20 0.0186 226 388 352 449
D20 0.0182 436 475 540 519
D20 0.0181 377 454 441 490
D20 0.0180 404 373 546 480
D20 0.0180 242 473 334 511
D20 0.0178 0 488 115 596
D20 0.0177 347 348 501 426
D20 0.0176 0 555 62 600
D20 0.0175 450 427 583 509
D20 0.0173 411 427 515 462
D20 0.0172 309 536 441 598
D20 0.0171 560 573 600 599
D20 0.0169 14 448 298 570
D20 0.0165 510 568 600 600
D20 0.0164 381 536 536 600
D20 0.0164 0 119 55 195
D20 0.0163 18 482 129 520
D20 0.0163 0 0 408 294
D20 0.0162 0 193 58 322
D20 0.0161 167 0 600 294
D20 0.0159 58 387 226 468
D20 0.0159 480 416 586 456
D20 0.0158 315 392 460 459
D20 0.0158 254 378 356 433
D20 0.0157 483 389 600 460
D20 0.0157 427 368 600 445
D20 0.0156 354 486 453 535
D20 0.0154 230 462 404 534
D20 0.0154 89 418 263 491
D20 0.0154 7 415 254 538
D20 0.0152 0 118 290 600
D20 0.0151 511 469 600 566
D20 0.0151 387 382 489 478
D20 0.0150 0 165 557 591
D20 0.0150 0 135 25 174
D20 0.0149 484 542 592 595
D20 0.0148 376 417 464 458
D20 0.0148 527 436 600 486
D20 0.0146 212 395 373 477
D20 0.0145 279 354 462 429
D20 0.0145 406 415 498 481
D20 0.0145 0 472 77 513
D20 0.0145 222 532 410 600
D20 0.0144 432 455 487 521
D20 0.0144 364 350 453 389
D20 0.0143 136 380 445 489
D20 0.0142 19 437 155 487
D20 0.0141 480 434 588 471
D20 0.0141 383 522 476 568
D20 0.0141 141 395 257 451
D20 0.0141 357 523 436 574
D20 0.0141 269 396 387 448
D20 0.0140 42 482 357 597
D20 0.0139 122 413 233 466
D20 0.0137 312 118 600 600
D20 0.0136 499 508 600 552
D20 0.0136 563 424 600 494
D20 0.0135 65 475 234 557
D20 0.0135 98 373 269 452
D20 0.0135 229 416 406 497
D20 0.0134 146 415 320 492
D20 0.0134 159 379 281 434
D20 0.0134 251 491 381 600
D20 0.0133 455 0 600 222
D20 0.0132 0 0 600 434
D20 0.0132 563 396 600 473
D20 0.0132 437 467 502 505
D20 0.0132 8 231 35 287
D20 0.0131 285 415 419 465
D20 0.0129 422 434 477 476
D20 0.0129 69 440 234 518
D20 0.0129 343 425 442 467
D20 0.0127 176 432 422 575
D20 0.0127 60 436 154 471
D20 0.0125 546 403 600 546
D20 0.0123 0 425 104 553
D20 0.0122 434 550 555 600
D20 0.0122 347 344 434 377
D20 0.0122 510 405 600 450
D20 0.0121 88 402 195 485
D20 0.0121 186 403 318 468
D20 0.0121 380 345 471 380
D20 0.0121 0 490 46 570
D20 0.0121 49 525 268 600
D20 0.0120 230 450 357 509
D20 0.0119 28 466 135 505
D20 0.0119 374 341 502 394
D20 0.0118 0 370 146 600
D20 0.0117 378 556 474 599
D20 0.0116 0 574 34 598
D20 0.0116 558 428 597 462
D20 0.0115 0 0 144 219
D20 0.0115 248 374 303 407
D20 0.0114 155 413 277 463
D20 0.0114 228 357 344 424
D20 0.0114 410 430 457 461
D20 0.0114 3 138 53 247
D20 0.0113 119 460 383 556
D20 0.0113 373 360 472 454
D20 0.0113 29 377 300 493
D20 0.0112 0 204 36 281
D20 0.0112 431 357 512 400
D20 0.0112 0 461 59 600
D20 0.0112 525 373 600 496
D20 0.0111 175 407 265 445
D20 0.0111 381 357 473 399
D20 0.0111 135 358 310 433
D20 0.0111 305 339 473 400
D20 0.0110 122 439 310 508
D20 0.0110 568 435 600 473
D20 0.0110 0 71 63 205
D20 0.0108 573 443 600 515
D20 0.0108 0 137 36 214
D20 0.0108 427 434 535 469
D20 0.0108 463 406 565 448
D20 0.0107 392 407 473 446
D20 0.0107 317 405 434 524
D20 0.0107 450 470 514 553
D20 0.0107 124 537 309 600
D20 0.0107 290 369 403 450
D20 0.0107 0 326 341 526
D20 0.0106 174 464 341 524
D20 0.0106 265 465 361 503
D20 0.0106 350 507 444 557
D20 0.0104 107 395 216 452
D20 0.0104 386 414 438 490
D20 0.0104 338 453 418 501
D20 0.0104 274 477 350 507
D20 0.0104 551 451 600 510
D20 0.0103 2 225 28 277
D20 0.0103 573 538 600 600
D20 0.0101 526 0 600 118
D20 0.0100 3 143 61 181
D20 0.0100 391 368 519 435
D20 0.0100 578 420 600 484
D40 0.3424 398 460 447 490
D40 0.3127 423 506 509 549
D40 0.3081 405 472 545 566
D40 0.2979 462 512 535 548
D40 0.2397 396 458 459 508
D40 0.2323 361 452 581 574
D40 0.1980 429 505 554 559
D40 0.1972 398 463 502 534
D40 0.1827 425 515 483 542
D40 0.1644 489 517 541 548
D40 0.1427 240 481 290 506
D40 0.1301 418 488 493 539
D40 0.1183 362 456 484 514
D40 0.1180 468 525 538 559
D40 0.1017 480 502 550 552
D40 0.0964 381 442 478 494
D40 0.0954 418 519 531 575
D40 0.0949 254 395 301 423
D40 0.0929 404 467 463 496
D40 0.0773 420 493 470 531
D40 0.0750 326 430 536 539
D40 0.0680 408 468 468 520
D40 0.0662 406 476 457 505
D40 0.0655 232 388 307 428
D40 0.0626 379 450 495 566
D40 0.0622 436 491 577 582
D40 0.0605 438 524 516 550
D40 0.0605 233 475 312 509
D40 0.0564 414 503 478 558
D40 0.0536 396 451 466 483
D40 0.0501 424 505 465 546
D40 0.0488 400 445 451 468
D40 0.0484 386 436 512 522
D40 0.0473 372 463 446 498
D40 0.0462 353 499 579 600
D40 0.0457 396 455 534 506
D40 0.0440 418 523 472 548
D40 0.0429 417 488 469 513
D40 0.0421 413 463 476 485
D40 0.0408 489 533 550 558
D40 0.0404 367 510 509 585
D40 0.0394 437 472 562 536
D40 0.0373 296 450 480 571
D40 0.0369 501 502 534 546
D40 0.0367 235 474 285 500
D40 0.0361 425 527 502 563
D40 0.0361 493 508 546 539
D40 0.0355 439 526 566 598
D40 0.0353 274 389 309 426
D40 0.0352 426 467 474 501
D40 0.0343 261 386 303 416
D40 0.0326 374 459 447 530
D40 0.0322 496 524 558 551
D40 0.0322 462 530 544 577
D40 0.0309 232 404 294 429
D40 0.0305 498 497 590 568
D40 0.0304 225 487 285 509
D40 0.0298 498 437 600 574
D40 0.0293 481 522 571 564
D40 0.0288 442 508 481 550
D40 0.0282 475 514 512 553
D40 0.0279 417 475 494 510
D40 0.0277 421 401 600 593
D40 0.0268 458 503 518 565
D40 0.0267 444 510 524 538
D40 0.0265 384 416 465 485
D40 0.0255 251 487 309 511
D40 0.0248 262 476 303 507
D40 0.0247 210 480 296 512
D40 0.0241 260 379 316 434
D40 0.0234 349 438 445 495
D40 0.0233 406 442 441 485
D40 0.0232 416 538 521 594
D40 0.0229 401 520 486 568
D40 0.0222 255 470 293 502
D40 0.0217 240 495 290 520
D40 0.0207 348 388 534 508
D40 0.0205 212 414 270 436
D40 0.0199 413 517 450 552
D40 0.0197 483 506 523 547
D40 0.0193 456 510 492 553
D40 0.0191 224 402 307 440
D40 0.0187 432 485 485 520
D40 0.0182 240 412 298 435
D40 0.0181 384 456 430 484
D40 0.0177 230 485 300 523
D40 0.0173 393 444 435 475
D40 0.0171 241 391 284 426
D40 0.0170 436 479 506 556
D40 0.0169 293 476 394 512
D40 0.0168 96 331 600 588
D40 0.0168 0 464 76 502
D40 0.0166 499 512 576 548
D40 0.0165 424 449 460 491
D40 0.0165 440 491 479 539
D40 0.0164 433 496 526 532
D40 0.0155 503 467 593 538
D40 0.0154 360 342 417 362
D40 0.0153 328 453 423 508
D40 0.0151 439 461 482 490
D40 0.0150 240 467 291 518
D40 0.0148 208 402 279 434
D40 0.0148 476 544 538 566
D40 0.0147 502 514 549 565
D40 0.0143 418 440 465 472
D40 0.0143 485 494 542 533
D40 0.0134 305 533 393 581
D40 0.0132 465 454 566 518
D40 0.0131 265 405 304 439
D40 0.0131 512 502 558 554
D40 0.0130 0 470 52 494
D40 0.0128 302 482 363 504
D40 0.0124 0 462 51 485
D40 0.0123 315 489 372 512
D40 0.0122 506 450 596 509
D40 0.0121 241 457 342 504
D40 0.0121 254 377 299 401
D40 0.0119 447 469 494 499
D40 0.0118 387 460 421 496
D40 0.0117 418 526 457 562
D40 0.0115 337 336 423 366
D40 0.0111 282 466 382 501
D40 0.0109 204 422 257 444
D40 0.0108 314 530 380 567
D40 0.0108 236 386 291 413
D40 0.0104 524 519 566 555
D40 0.0103 187 414 273 452
D40 0.0102 467 504 501 549
D40 0.0101 324 482 381 506
D40 0.0101 459 453 533 545
D40 0.0101 351 332 407 354
D40 0.0100 236 475 267 509
