D00 0.0439 349 419 369 474
D00 0.0425 341 418 361 474
D00 0.0359 346 425 372 500
D00 0.0354 408 435 461 457
D00 0.0309 343 435 377 532
D00 0.0301 351 453 370 514
D00 0.0296 340 407 361 449
D00 0.0296 359 454 379 513
D00 0.0279 334 409 368 497
D00 0.0276 351 429 387 516
D00 0.0250 358 437 380 492
D00 0.0223 334 404 364 434
D00 0.0223 351 464 385 553
D00 0.0216 347 407 370 449
D00 0.0213 415 440 469 464
D00 0.0204 357 422 380 472
D00 0.0204 342 444 362 501
D00 0.0193 342 402 377 477
D00 0.0191 327 410 358 440
D00 0.0185 359 483 379 538
D00 0.0183 5 461 57 484
D00 0.0179 337 420 388 491
D00 0.0176 3 456 40 489
D00 0.0171 329 414 374 435
D00 0.0171 414 433 486 460
D00 0.0168 359 449 396 533
D00 0.0164 0 469 46 493
D00 0.0163 337 408 385 429
D00 0.0163 331 412 355 459
D00 0.0152 418 428 467 451
D00 0.0152 366 457 390 510
D00 0.0148 0 452 51 507
D00 0.0146 308 408 357 429
D00 0.0144 3 472 40 509
D00 0.0143 332 427 355 481
D00 0.0143 348 475 375 543
D00 0.0141 359 504 381 555
D00 0.0141 528 35 600 190
D00 0.0141 461 0 600 236
D00 0.0140 337 425 391 548
D00 0.0138 360 480 396 567
D00 0.0136 346 415 397 435
D00 0.0133 353 408 410 428
D00 0.0131 1 458 28 504
D00 0.0128 338 454 367 528
D00 0.0128 365 440 391 490
D00 0.0126 352 418 384 454
D00 0.0126 0 468 72 512
D00 0.0121 12 452 69 479
D00 0.0120 354 442 409 506
D00 0.0119 470 430 600 492
D00 0.0119 368 505 390 556
D00 0.0118 326 426 371 527
D00 0.0118 367 473 389 527
D00 0.0117 504 450 600 504
D00 0.0116 405 429 466 473
D00 0.0116 511 0 600 143
D00 0.0114 6 489 57 514
D00 0.0114 324 402 362 473
D00 0.0114 18 460 79 482
D00 0.0113 144 423 199 444
D00 0.0111 0 498 42 581
D00 0.0106 554 450 600 526
D00 0.0106 335 405 390 456
D00 0.0106 344 412 419 556
D00 0.0104 408 424 448 453
D00 0.0103 331 421 372 447
D00 0.0101 0 447 32 484
D00 0.0100 357 432 403 479
D00 0.0100 341 491 380 563
D10 0.0300 399 435 457 456
D10 0.0276 313 509 374 527
D10 0.0252 393 430 474 462
D10 0.0234 202 461 289 488
D10 0.0230 286 503 393 537
D10 0.0196 305 501 367 523
D10 0.0156 199 471 266 490
D10 0.0154 354 417 489 465
D10 0.0152 387 427 450 449
D10 0.0135 316 496 381 528
D10 0.0131 550 460 599 485
D10 0.0129 359 408 420 428
D10 0.0129 277 507 358 531
D10 0.0125 358 416 421 435
D10 0.0122 191 463 254 486
D10 0.0121 261 463 319 484
D10 0.0121 552 499 599 523
D10 0.0121 382 438 459 466
D10 0.0120 381 434 496 480
D10 0.0118 174 464 277 501
D10 0.0117 338 499 381 523
D10 0.0114 264 494 374 531
D10 0.0112 214 491 304 529
D10 0.0112 6 498 57 519
D10 0.0111 240 500 294 522
D10 0.0108 524 451 600 496
D10 0.0104 286 501 345 523
D10 0.0103 524 489 600 528
D10 0.0100 265 0 600 223
D10 0.0100 308 512 379 546
D20 0.0178 206 448 300 486
D20 0.0164 360 429 466 462
D20 0.0162 0 0 145 224
D20 0.0147 153 446 320 509
D20 0.0142 455 0 600 224
D20 0.0140 0 0 408 294
D20 0.0139 167 0 600 294
D20 0.0138 0 446 84 484
D20 0.0132 0 311 408 600
D20 0.0128 353 420 453 453
D20 0.0127 0 118 290 600
D20 0.0125 358 428 490 486
D20 0.0123 297 415 352 435
D20 0.0123 167 311 600 600
D20 0.0123 453 437 600 512
D20 0.0121 202 442 376 514
D20 0.0119 348 410 439 441
D20 0.0119 312 118 600 600
D20 0.0117 347 406 418 431
D20 0.0117 197 456 309 501
D20 0.0117 374 456 600 600
D20 0.0113 0 0 600 434
D20 0.0113 0 458 226 600
D20 0.0112 301 406 363 432
D20 0.0112 184 465 321 522
D20 0.0109 130 459 539 600
D20 0.0109 0 0 73 119
D20 0.0106 0 145 600 600
D20 0.0106 0 450 127 504
D20 0.0102 339 0 600 180
D20 0.0101 205 472 380 548
D40 0.1260 237 463 293 485
D40 0.0310 207 458 303 488
D40 0.0265 222 469 287 488
D40 0.0206 263 459 301 487
D40 0.0199 254 452 293 483
D40 0.0193 239 452 280 483
D40 0.0178 251 468 307 490
D40 0.0158 234 443 296 488
D40 0.0135 235 461 320 496
D40 0.0108 240 477 291 502
D40 0.0106 229 467 300 510
D40 0.0104 257 460 291 495
