D00 0.0889 10 217 161 449
D00 0.0626 391 383 439 463
D00 0.0550 18 320 158 461
D00 0.0520 377 362 454 534
D00 0.0462 343 375 448 486
D00 0.0447 519 407 588 536
D00 0.0444 4 318 177 594
D00 0.0437 0 241 95 409
D00 0.0418 307 330 474 600
D00 0.0411 31 363 150 561
D00 0.0394 57 210 180 407
D00 0.0392 48 249 303 574
D00 0.0389 538 421 600 562
D00 0.0382 0 211 133 366
D00 0.0374 208 268 465 580
D00 0.0354 4 182 224 538
D00 0.0342 53 215 172 292
D00 0.0342 337 387 445 594
D00 0.0341 294 207 524 551
D00 0.0335 0 313 97 471
D00 0.0331 315 331 458 468
D00 0.0329 15 189 162 324
D00 0.0326 113 219 386 548
D00 0.0321 394 394 445 509
D00 0.0320 298 366 418 561
D00 0.0318 498 380 599 510
D00 0.0315 54 385 172 521
D00 0.0307 163 227 600 600
D00 0.0306 0 356 196 485
D00 0.0303 478 335 600 585
D00 0.0302 357 258 495 478
D00 0.0300 38 272 186 498
D00 0.0299 72 202 189 273
D00 0.0298 45 234 149 344
D00 0.0290 450 361 562 566
D00 0.0290 372 249 590 587
D00 0.0284 507 406 567 507
D00 0.0281 12 233 134 313
D00 0.0279 293 279 415 457
D00 0.0277 0 289 137 429
D00 0.0275 401 398 432 454
D00 0.0269 0 257 272 459
D00 0.0268 389 340 539 583
D00 0.0267 63 338 247 600
D00 0.0267 333 242 447 442
D00 0.0266 408 406 440 476
D00 0.0265 516 445 598 600
D00 0.0263 0 118 383 600
D00 0.0263 273 360 507 488
D00 0.0258 408 313 522 496
D00 0.0257 0 292 64 430
D00 0.0256 12 264 123 350
D00 0.0253 97 229 217 429
D00 0.0252 433 289 571 519
D00 0.0250 396 367 467 493
D00 0.0250 547 475 595 589
D00 0.0249 365 398 438 454
D00 0.0249 14 271 76 386
D00 0.0244 517 419 563 472
D00 0.0242 263 212 443 472
D00 0.0242 254 200 277 239
D00 0.0241 570 473 600 543
D00 0.0234 1 392 117 590
D00 0.0231 79 229 161 311
D00 0.0227 353 377 493 546
D00 0.0225 41 344 263 442
D00 0.0223 361 373 543 479
D00 0.0221 61 322 188 432
D00 0.0220 372 344 490 461
D00 0.0217 314 201 371 222
D00 0.0217 529 456 582 570
D00 0.0216 508 31 591 193
D00 0.0215 245 208 294 231
D00 0.0214 234 343 435 515
D00 0.0214 50 414 190 585
D00 0.0211 88 197 182 337
D00 0.0211 46 270 150 387
D00 0.0209 272 197 386 312
D00 0.0209 288 385 430 483
D00 0.0208 0 284 104 368
D00 0.0208 241 317 359 433
D00 0.0205 540 393 596 499
D00 0.0203 525 42 564 135
D00 0.0203 9 248 89 332
D00 0.0203 265 208 349 356
D00 0.0201 523 426 578 496
D00 0.0200 195 342 390 600
D00 0.0200 267 395 385 590
D00 0.0199 263 242 381 429
D00 0.0199 103 393 216 591
D00 0.0199 8 320 82 408
D00 0.0196 556 454 600 530
D00 0.0195 309 204 374 235
D00 0.0195 0 342 43 428
D00 0.0193 2 255 59 365
D00 0.0191 117 212 192 289
D00 0.0191 477 386 568 491
D00 0.0191 474 249 600 490
D00 0.0190 385 395 437 438
D00 0.0190 510 408 589 472
D00 0.0189 0 177 251 352
D00 0.0189 249 365 544 566
D00 0.0188 381 420 458 600
D00 0.0188 252 201 303 225
D00 0.0187 247 199 269 238
D00 0.0186 11 383 233 542
D00 0.0185 263 319 387 480
D00 0.0185 401 398 457 468
D00 0.0183 394 271 485 436
D00 0.0182 369 411 435 494
D00 0.0180 554 527 599 600
D00 0.0180 282 222 307 274
D00 0.0178 275 206 316 285
D00 0.0178 102 279 179 434
D00 0.0176 291 197 358 227
D00 0.0176 85 217 164 265
D00 0.0174 483 0 595 120
D00 0.0174 101 235 175 377
D00 0.0174 18 386 130 486
D00 0.0172 329 387 409 517
D00 0.0172 405 392 465 551
D00 0.0171 393 341 449 444
D00 0.0171 297 213 412 405
D00 0.0171 95 301 212 478
D00 0.0171 404 339 578 456
D00 0.0170 279 205 377 261
D00 0.0169 499 401 558 462
D00 0.0168 59 383 150 435
D00 0.0168 289 213 363 290
D00 0.0167 537 440 597 509
D00 0.0167 69 253 134 361
D00 0.0167 510 417 551 457
D00 0.0166 157 260 424 464
D00 0.0165 84 269 142 337
D00 0.0165 50 198 247 290
D00 0.0165 325 197 390 226
D00 0.0164 91 189 208 253
D00 0.0163 301 196 366 249
D00 0.0163 325 398 417 464
D00 0.0162 313 207 409 301
D00 0.0162 413 415 452 504
D00 0.0161 79 401 154 466
D00 0.0160 320 207 381 273
D00 0.0160 51 223 244 332
D00 0.0160 281 218 334 327
D00 0.0158 0 526 33 600
D00 0.0157 0 401 338 595
D00 0.0156 451 342 499 411
D00 0.0156 430 272 515 431
D00 0.0156 8 360 85 441
D00 0.0154 296 314 598 497
D00 0.0154 290 194 396 237
D00 0.0154 0 235 115 520
D00 0.0153 332 207 384 230
D00 0.0153 81 307 311 477
D00 0.0152 102 221 166 290
D00 0.0152 125 203 182 239
D00 0.0151 449 241 560 445
D00 0.0151 104 212 169 249
D00 0.0151 204 116 460 480
D00 0.0151 31 297 130 352
D00 0.0149 261 200 287 240
D00 0.0149 87 369 166 433
D00 0.0148 298 208 351 232
D00 0.0147 527 298 600 495
D00 0.0147 314 400 388 449
D00 0.0147 18 315 113 370
D00 0.0147 280 235 372 340
D00 0.0147 573 540 598 596
D00 0.0147 127 214 273 440
D00 0.0147 0 254 40 332
D00 0.0146 234 202 286 224
D00 0.0146 521 439 563 468
D00 0.0146 561 473 597 512
D00 0.0146 264 237 316 343
D00 0.0145 53 254 245 387
D00 0.0144 231 365 351 561
D00 0.0144 121 217 191 352
D00 0.0144 9 418 161 532
D00 0.0144 18 340 109 427
D00 0.0144 494 31 569 151
D00 0.0143 133 340 365 516
D00 0.0143 99 399 175 546
D00 0.0143 514 351 589 479
D00 0.0143 460 364 508 413
D00 0.0142 270 213 302 279
D00 0.0142 246 272 364 382
D00 0.0142 404 390 439 429
D00 0.0142 524 430 571 461
D00 0.0141 282 186 347 240
D00 0.0141 509 439 567 542
D00 0.0141 235 211 316 354
D00 0.0141 121 205 213 262
D00 0.0140 537 48 600 182
D00 0.0140 348 337 432 451
D00 0.0139 19 458 161 600
D00 0.0139 47 291 115 410
D00 0.0139 531 442 568 483
D00 0.0138 6 227 108 284
D00 0.0138 529 499 582 599
D00 0.0138 535 66 560 125
D00 0.0137 0 346 63 480
D00 0.0137 410 402 577 525
D00 0.0136 451 369 548 470
D00 0.0136 411 315 499 424
D00 0.0136 60 192 317 415
D00 0.0136 334 222 428 320
D00 0.0136 78 381 201 489
D00 0.0136 61 412 147 498
D00 0.0135 30 211 151 265
D00 0.0135 241 306 310 420
D00 0.0135 251 315 313 378
D00 0.0134 307 231 381 308
D00 0.0134 144 396 257 590
D00 0.0133 410 429 524 600
D00 0.0133 501 408 542 447
D00 0.0133 527 435 586 475
D00 0.0133 467 11 576 89
D00 0.0132 281 214 329 266
D00 0.0132 0 235 71 312
D00 0.0131 299 189 367 218
D00 0.0131 303 250 343 334
D00 0.0130 72 287 125 340
D00 0.0130 290 223 316 274
D00 0.0130 468 373 517 421
D00 0.0129 519 20 579 120
D00 0.0129 90 292 154 414
D00 0.0129 26 400 104 543
D00 0.0129 124 256 190 405
D00 0.0129 525 63 578 167
D00 0.0128 64 419 141 568
D00 0.0128 248 192 285 261
D00 0.0127 380 249 491 372
D00 0.0127 253 341 328 426
D00 0.0127 313 396 384 547
D00 0.0126 568 341 600 432
D00 0.0126 484 388 543 447
D00 0.0126 562 407 600 511
D00 0.0125 0 203 98 319
D00 0.0125 278 199 331 224
D00 0.0125 94 252 153 320
D00 0.0125 288 190 339 214
D00 0.0125 526 435 555 489
D00 0.0125 281 196 434 278
D00 0.0125 112 356 279 491
D00 0.0125 131 313 186 422
D00 0.0125 289 201 338 277
D00 0.0125 259 195 324 320
D00 0.0124 402 422 435 498
D00 0.0124 424 353 524 450
D00 0.0124 10 385 84 517
D00 0.0124 435 332 494 397
D00 0.0123 308 214 358 266
D00 0.0123 526 58 553 117
D00 0.0123 329 227 391 289
D00 0.0123 499 446 580 505
D00 0.0123 516 426 546 479
D00 0.0123 412 386 449 452
D00 0.0122 57 404 129 465
D00 0.0122 262 194 307 267
D00 0.0122 168 326 330 458
D00 0.0122 398 431 445 561
D00 0.0122 376 365 429 450
D00 0.0122 101 407 151 497
D00 0.0121 269 271 338 348
D00 0.0121 318 219 456 368
D00 0.0121 0 315 72 375
D00 0.0120 128 307 362 417
D00 0.0120 441 0 600 173
D00 0.0120 0 296 74 355
D00 0.0120 242 302 306 347
D00 0.0120 66 224 144 273
D00 0.0120 0 368 30 439
D00 0.0119 356 240 447 338
D00 0.0119 128 211 177 264
D00 0.0119 369 296 539 430
D00 0.0119 177 217 319 438
D00 0.0119 189 364 305 562
D00 0.0119 483 321 582 470
D00 0.0119 256 186 405 254
D00 0.0118 427 337 487 436
D00 0.0118 496 417 554 488
D00 0.0118 285 185 322 219
D00 0.0118 134 197 193 231
D00 0.0118 242 197 300 242
D00 0.0117 438 457 573 600
D00 0.0117 458 356 489 404
D00 0.0117 406 462 468 600
D00 0.0116 501 48 557 121
D00 0.0116 260 193 310 232
D00 0.0116 36 190 174 254
D00 0.0115 568 373 600 459
D00 0.0115 358 458 495 600
D00 0.0115 429 298 486 406
D00 0.0115 324 191 377 215
D00 0.0115 566 495 600 581
D00 0.0115 338 396 386 484
D00 0.0114 478 383 528 431
D00 0.0114 370 465 439 597
D00 0.0114 411 277 497 386
D00 0.0114 98 225 155 252
D00 0.0114 536 57 574 135
D00 0.0113 288 461 427 600
D00 0.0113 111 203 222 325
D00 0.0113 549 464 600 504
D00 0.0113 226 299 337 396
D00 0.0112 356 413 414 534
D00 0.0112 247 279 291 350
D00 0.0112 144 303 257 479
D00 0.0111 492 400 532 436
D00 0.0111 0 276 27 330
D00 0.0111 87 285 128 325
D00 0.0111 302 226 346 303
D00 0.0110 574 501 598 555
D00 0.0110 419 407 446 462
D00 0.0109 337 209 510 411
D00 0.0109 27 133 209 310
D00 0.0109 317 215 367 242
D00 0.0109 217 191 358 414
D00 0.0109 371 83 587 471
D00 0.0109 414 432 438 492
D00 0.0108 371 278 441 430
D00 0.0108 517 465 592 521
D00 0.0108 269 200 321 242
D00 0.0107 75 490 203 599
D00 0.0107 129 231 177 283
D00 0.0107 97 276 135 315
D00 0.0106 468 375 561 432
D00 0.0106 347 417 437 467
D00 0.0106 340 395 600 599
D00 0.0105 247 310 296 363
D00 0.0105 567 123 600 200
D00 0.0105 412 378 491 456
D00 0.0105 282 212 348 246
D00 0.0105 0 320 36 402
D00 0.0105 563 489 596 530
D00 0.0104 64 290 114 368
D00 0.0104 256 185 278 227
D00 0.0104 124 309 168 392
D00 0.0104 395 194 537 444
D00 0.0104 248 238 298 342
D00 0.0104 266 176 325 229
D00 0.0104 268 186 303 221
D00 0.0103 146 204 204 294
D00 0.0103 0 448 70 600
D00 0.0103 269 231 326 295
D00 0.0103 327 211 388 246
D00 0.0102 397 479 447 590
D00 0.0102 143 280 202 419
D00 0.0102 535 245 600 402
D00 0.0102 271 205 298 253
D00 0.0102 292 387 368 520
D00 0.0101 390 527 439 600
D00 0.0101 346 237 410 300
D00 0.0101 224 362 348 467
D00 0.0101 542 550 592 599
D00 0.0101 111 228 171 267
D00 0.0100 43 390 113 446
D00 0.0100 14 340 64 429
D00 0.0100 253 215 302 239
D00 0.0100 542 31 595 131
D00 0.0100 282 205 308 255
D00 0.0100 240 190 357 284
D00 0.0100 378 432 429 559
D00 0.0100 266 225 350 274
D00 0.0100 226 316 289 433
D10 0.1689 32 389 181 439
D10 0.1403 70 400 176 434
D10 0.1141 9 361 192 444
D10 0.1089 272 393 448 443
D10 0.0886 273 401 382 431
D10 0.0845 83 407 167 428
D10 0.0831 53 406 149 439
D10 0.0824 246 319 317 345
D10 0.0726 251 375 400 434
D10 0.0701 70 372 199 433
D10 0.0688 59 412 146 431
D10 0.0643 286 407 366 427
D10 0.0623 39 397 167 469
D10 0.0568 18 377 138 431
D10 0.0514 244 306 339 347
D10 0.0405 323 397 441 465
D10 0.0379 246 395 361 436
D10 0.0355 353 379 447 440
D10 0.0348 223 291 369 363
D10 0.0343 232 318 328 361
D10 0.0340 66 379 247 452
D10 0.0334 112 406 181 426
D10 0.0328 301 408 380 437
D10 0.0320 46 353 167 424
D10 0.0312 315 368 471 456
D10 0.0308 72 407 155 459
D10 0.0297 296 408 420 456
D10 0.0283 6 394 110 446
D10 0.0276 247 326 300 349
D10 0.0268 108 396 218 438
D10 0.0260 0 339 274 510
D10 0.0258 103 411 174 433
D10 0.0256 399 394 442 421
D10 0.0251 246 392 411 477
D10 0.0248 244 338 431 436
D10 0.0246 339 410 428 445
D10 0.0239 218 346 503 512
D10 0.0235 258 208 314 230
D10 0.0229 387 387 458 437
D10 0.0218 180 309 349 377
D10 0.0217 281 397 351 424
D10 0.0212 372 367 492 443
D10 0.0212 261 353 366 423
D10 0.0210 0 314 407 476
D10 0.0208 0 387 148 488
D10 0.0206 271 409 351 437
D10 0.0199 99 352 188 422
D10 0.0198 399 385 466 417
D10 0.0197 58 414 130 447
D10 0.0196 394 388 437 413
D10 0.0186 67 396 140 427
D10 0.0185 233 379 335 426
D10 0.0183 392 399 433 431
D10 0.0182 234 286 324 342
D10 0.0181 240 301 408 398
D10 0.0180 15 372 396 562
D10 0.0179 209 314 313 350
D10 0.0177 170 302 322 353
D10 0.0175 270 312 326 337
D10 0.0174 145 361 436 490
D10 0.0169 368 399 436 440
D10 0.0167 96 388 170 429
D10 0.0166 262 283 352 341
D10 0.0166 70 345 323 441
D10 0.0165 266 319 375 363
D10 0.0162 119 392 191 426
D10 0.0158 298 391 402 436
D10 0.0158 8 439 173 573
D10 0.0157 54 423 151 488
D10 0.0155 440 3 527 42
D10 0.0155 306 357 428 422
D10 0.0155 375 357 463 417
D10 0.0154 7 410 107 466
D10 0.0149 245 202 334 240
D10 0.0148 43 402 115 436
D10 0.0147 54 405 256 523
D10 0.0144 251 330 337 397
D10 0.0143 277 208 332 231
D10 0.0143 237 402 424 525
D10 0.0142 7 352 99 416
D10 0.0141 329 413 394 439
D10 0.0140 102 404 458 594
D10 0.0139 76 419 143 442
D10 0.0139 268 405 331 428
D10 0.0138 423 326 486 360
D10 0.0138 439 339 488 363
D10 0.0135 397 390 502 448
D10 0.0135 97 413 164 451
D10 0.0135 496 471 546 494
D10 0.0133 268 200 321 224
D10 0.0132 70 412 183 498
D10 0.0131 309 439 475 573
D10 0.0131 311 398 367 426
D10 0.0130 239 314 292 341
D10 0.0129 174 272 356 350
D10 0.0128 269 216 322 240
D10 0.0127 60 444 255 569
D10 0.0126 95 401 230 468
D10 0.0125 293 244 378 291
D10 0.0123 421 13 515 48
D10 0.0123 263 536 349 576
D10 0.0122 371 420 430 448
D10 0.0121 268 328 327 353
D10 0.0121 185 321 301 365
D10 0.0121 407 356 499 416
D10 0.0121 496 404 544 432
D10 0.0120 454 12 515 35
D10 0.0120 208 316 359 414
D10 0.0119 359 425 437 481
D10 0.0119 421 374 523 431
D10 0.0118 173 359 368 439
D10 0.0118 129 409 364 522
D10 0.0118 233 442 417 570
D10 0.0117 82 379 159 422
D10 0.0117 309 263 358 286
D10 0.0116 461 375 506 404
D10 0.0115 426 330 499 378
D10 0.0114 261 311 303 343
D10 0.0114 335 407 409 434
D10 0.0114 378 394 431 424
D10 0.0113 395 298 481 351
D10 0.0113 30 488 218 594
D10 0.0112 35 439 127 489
D10 0.0112 317 254 368 280
D10 0.0112 237 354 328 417
D10 0.0111 249 409 352 460
D10 0.0111 441 347 488 374
D10 0.0110 25 434 146 513
D10 0.0110 416 382 490 413
D10 0.0110 114 369 262 431
D10 0.0109 321 404 363 433
D10 0.0107 242 261 416 354
D10 0.0107 511 414 562 441
D10 0.0107 134 448 357 566
D10 0.0106 404 401 452 429
D10 0.0106 399 410 439 440
D10 0.0106 473 5 543 34
D10 0.0106 434 370 500 406
D10 0.0105 508 497 596 542
D10 0.0105 281 507 454 596
D10 0.0104 300 254 349 280
D10 0.0104 287 537 378 579
D10 0.0104 375 279 465 336
D10 0.0104 267 395 327 422
D10 0.0103 119 407 190 439
D10 0.0103 453 365 497 396
D10 0.0103 31 332 141 396
D10 0.0103 511 397 600 445
D10 0.0102 397 316 481 371
D10 0.0102 249 329 306 365
D10 0.0101 0 350 65 406
D10 0.0101 420 320 472 347
D10 0.0100 444 20 509 40
D10 0.0100 486 395 534 422
D10 0.0100 269 334 378 395
D10 0.0100 375 439 545 573
D10 0.0100 0 445 338 600
D10 0.0100 479 462 569 504
D20 0.0448 10 279 509 566
D20 0.0399 208 304 570 543
D20 0.0387 0 245 391 474
D20 0.0334 0 260 255 557
D20 0.0308 264 347 452 449
D20 0.0305 27 321 184 434
D20 0.0275 154 158 600 587
D20 0.0264 0 65 444 524
D20 0.0253 168 319 480 479
D20 0.0242 338 363 492 456
D20 0.0213 0 157 148 528
D20 0.0207 335 217 600 505
D20 0.0201 290 367 600 585
D20 0.0200 21 145 342 432
D20 0.0190 0 0 408 294
D20 0.0186 167 0 600 294
D20 0.0176 370 0 600 145
D20 0.0169 0 351 146 600
D20 0.0167 0 51 213 600
D20 0.0163 0 452 218 600
D20 0.0158 452 230 600 590
D20 0.0157 132 446 527 600
D20 0.0156 372 452 600 600
D20 0.0156 166 239 468 430
D20 0.0149 454 0 600 212
D20 0.0143 0 408 437 600
D20 0.0142 218 351 456 600
D20 0.0142 257 44 552 522
D20 0.0141 29 356 155 483
D20 0.0137 63 348 300 600
D20 0.0137 0 0 217 145
D20 0.0133 377 371 559 466
D20 0.0131 143 0 522 147
D20 0.0130 0 0 146 222
D20 0.0126 76 339 191 454
D20 0.0125 245 194 333 232
D20 0.0124 245 264 332 397
D20 0.0122 0 162 218 379
D20 0.0119 527 0 600 111
D20 0.0119 483 0 600 72
D20 0.0118 0 45 261 338
D20 0.0118 386 0 600 291
D20 0.0107 240 187 395 254
D20 0.0106 434 0 567 109
D20 0.0106 256 332 366 457
D20 0.0104 547 465 600 600
D20 0.0104 384 44 600 600
D20 0.0103 573 466 600 547
D40 0.0671 352 392 443 450
D40 0.0453 317 379 462 463
D40 0.0396 383 393 448 473
D40 0.0288 383 369 452 447
D40 0.0279 252 319 298 344
D40 0.0244 245 360 475 487
D40 0.0244 397 404 434 448
D40 0.0243 370 380 489 457
D40 0.0199 4 172 391 389
D40 0.0190 406 414 439 457
D40 0.0162 374 413 435 455
D40 0.0147 252 298 324 355
D40 0.0137 244 314 304 355
D40 0.0122 206 170 566 381
D40 0.0115 345 412 446 491
D40 0.0111 0 269 27 322
D40 0.0108 380 399 427 439
D40 0.0104 0 85 312 294
D40 0.0101 395 430 435 457
D40 0.0100 368 408 417 444
