D00 0.1558 341 479 384 567
D00 0.1141 333 466 401 583
D00 0.1119 312 404 398 550
D00 0.0990 317 423 361 448
D00 0.0827 324 459 392 538
D00 0.0776 345 506 375 581
D00 0.0736 293 336 427 574
D00 0.0713 346 491 376 553
D00 0.0661 333 483 422 549
D00 0.0647 317 440 428 569
D00 0.0645 333 481 465 580
D00 0.0637 326 488 378 589
D00 0.0628 272 394 386 571
D00 0.0594 323 429 370 525
D00 0.0580 317 416 369 471
D00 0.0569 340 497 367 563
D00 0.0544 340 489 388 527
D00 0.0511 291 293 381 449
D00 0.0502 319 413 376 445
D00 0.0486 319 422 352 465
D00 0.0484 304 418 356 443
D00 0.0468 271 325 387 513
D00 0.0464 319 398 376 505
D00 0.0442 306 305 426 432
D00 0.0435 406 525 465 582
D00 0.0432 304 333 362 438
D00 0.0430 334 472 383 519
D00 0.0414 311 390 367 451
D00 0.0409 290 418 367 454
D00 0.0392 314 367 383 440
D00 0.0389 340 505 421 585
D00 0.0388 426 537 462 576
D00 0.0385 301 450 385 574
D00 0.0379 325 401 362 438
D00 0.0372 308 380 390 473
D00 0.0369 355 507 380 570
D00 0.0367 356 522 471 578
D00 0.0363 409 534 458 563
D00 0.0359 296 294 521 594
D00 0.0355 326 427 357 481
D00 0.0347 302 341 405 459
D00 0.0340 348 538 371 587
D00 0.0334 336 459 368 513
D00 0.0317 299 301 360 408
D00 0.0314 310 321 385 414
D00 0.0313 330 479 371 546
D00 0.0312 309 327 458 476
D00 0.0310 390 524 458 560
D00 0.0305 292 435 498 582
D00 0.0304 323 353 435 420
D00 0.0303 308 412 354 495
D00 0.0298 289 268 321 302
D00 0.0294 422 534 477 593
D00 0.0288 340 528 366 581
D00 0.0287 329 445 358 508
D00 0.0281 302 443 386 513
D00 0.0271 333 522 374 597
D00 0.0270 196 257 600 600
D00 0.0266 248 437 421 598
D00 0.0262 348 529 388 581
D00 0.0249 300 264 324 307
D00 0.0249 309 429 356 455
D00 0.0247 433 547 468 585
D00 0.0234 268 415 383 502
D00 0.0233 349 499 402 560
D00 0.0233 340 456 405 518
D00 0.0231 377 494 485 577
D00 0.0231 273 287 365 380
D00 0.0224 420 527 453 572
D00 0.0222 154 310 399 598
D00 0.0221 284 315 346 425
D00 0.0221 234 357 358 541
D00 0.0220 321 434 350 497
D00 0.0215 318 365 355 436
D00 0.0215 314 520 398 582
D00 0.0215 341 327 473 413
D00 0.0214 292 496 427 600
D00 0.0214 295 310 352 372
D00 0.0212 381 542 487 590
D00 0.0211 237 288 442 498
D00 0.0208 384 350 452 413
D00 0.0208 356 538 380 586
D00 0.0198 307 339 345 406
D00 0.0194 323 310 455 389
D00 0.0194 341 356 482 542
D00 0.0193 346 506 452 554
D00 0.0192 304 313 395 371
D00 0.0192 328 510 364 578
D00 0.0190 358 513 545 585
D00 0.0189 284 285 379 339
D00 0.0187 359 328 589 600
D00 0.0184 290 298 505 439
D00 0.0183 278 408 368 473
D00 0.0181 278 260 332 311
D00 0.0180 296 404 360 439
D00 0.0180 305 299 441 362
D00 0.0179 301 391 420 504
D00 0.0178 278 427 352 534
D00 0.0178 418 515 481 575
D00 0.0177 64 574 116 599
D00 0.0176 345 502 381 532
D00 0.0174 289 281 335 304
D00 0.0170 311 407 349 454
D00 0.0170 67 528 112 600
D00 0.0168 413 558 472 592
D00 0.0166 291 265 334 292
D00 0.0165 353 514 399 588
D00 0.0165 374 333 443 399
D00 0.0165 343 556 374 591
D00 0.0164 414 553 462 580
D00 0.0163 310 375 346 447
D00 0.0160 280 303 340 362
D00 0.0160 313 482 365 569
D00 0.0155 295 274 346 298
D00 0.0154 312 426 342 481
D00 0.0153 317 357 349 406
D00 0.0153 396 510 506 565
D00 0.0151 330 445 369 483
D00 0.0151 297 323 337 360
D00 0.0150 314 346 364 402
D00 0.0149 305 331 344 369
D00 0.0149 1 362 26 414
D00 0.0149 279 262 313 294
D00 0.0146 284 360 350 449
D00 0.0146 266 279 408 361
D00 0.0145 382 425 526 583
D00 0.0144 416 527 464 555
D00 0.0144 331 530 455 597
D00 0.0144 399 501 453 569
D00 0.0144 275 473 365 554
D00 0.0142 299 327 337 392
D00 0.0141 330 441 383 497
D00 0.0141 309 434 345 511
D00 0.0141 554 518 600 600
D00 0.0140 1 321 168 600
D00 0.0137 288 273 322 337
D00 0.0137 245 301 365 434
D00 0.0137 62 299 327 593
D00 0.0137 404 524 502 598
D00 0.0136 343 338 418 408
D00 0.0133 374 380 451 416
D00 0.0133 193 389 462 575
D00 0.0132 344 465 390 506
D00 0.0132 433 553 484 595
D00 0.0132 311 364 340 414
D00 0.0128 280 276 317 310
D00 0.0128 330 427 379 461
D00 0.0127 312 416 399 456
D00 0.0127 341 544 379 573
D00 0.0126 239 412 276 491
D00 0.0126 362 520 390 573
D00 0.0126 336 328 423 380
D00 0.0126 34 369 142 572
D00 0.0125 445 420 568 587
D00 0.0124 298 491 379 550
D00 0.0124 288 293 335 344
D00 0.0124 71 558 107 598
D00 0.0123 346 554 391 579
D00 0.0123 406 358 459 408
D00 0.0123 239 355 272 447
D00 0.0122 310 325 364 378
D00 0.0122 331 554 372 580
D00 0.0122 0 518 42 600
D00 0.0121 568 551 600 600
D00 0.0121 319 474 360 511
D00 0.0121 0 454 89 600
D00 0.0120 310 269 463 407
D00 0.0120 370 450 462 567
D00 0.0120 50 566 134 600
D00 0.0119 384 538 461 573
D00 0.0119 363 370 439 409
D00 0.0118 412 546 537 591
D00 0.0118 41 459 130 600
D00 0.0118 340 543 398 596
D00 0.0117 566 496 600 580
D00 0.0116 0 363 33 440
D00 0.0116 269 342 379 431
D00 0.0115 399 366 450 394
D00 0.0114 357 513 420 563
D00 0.0114 246 427 268 481
D00 0.0113 290 267 353 321
D00 0.0113 332 389 381 440
D00 0.0112 386 518 456 596
D00 0.0112 293 287 328 322
D00 0.0112 256 509 296 579
D00 0.0112 269 326 349 375
D00 0.0111 360 186 583 534
D00 0.0111 412 454 501 587
D00 0.0111 263 289 325 375
D00 0.0111 218 376 395 492
D00 0.0111 361 495 430 546
D00 0.0110 246 381 265 435
D00 0.0109 329 313 421 354
D00 0.0109 312 342 350 380
D00 0.0109 479 351 600 586
D00 0.0108 292 249 316 293
D00 0.0108 302 347 331 396
D00 0.0107 216 338 396 450
D00 0.0107 541 473 600 591
D00 0.0106 382 331 519 407
D00 0.0106 364 314 496 386
D00 0.0106 80 526 129 600
D00 0.0105 321 543 370 587
D00 0.0105 251 413 336 543
D00 0.0105 557 453 600 532
D00 0.0104 0 338 41 417
D00 0.0103 263 522 288 571
D00 0.0103 250 429 280 495
D00 0.0103 383 344 446 381
D00 0.0103 512 422 598 568
D00 0.0103 354 438 431 539
D00 0.0103 435 567 471 599
D00 0.0102 421 552 454 593
D00 0.0102 348 539 414 575
D00 0.0102 230 344 264 437
D00 0.0101 330 412 443 523
D00 0.0101 74 369 176 573
D00 0.0100 363 332 546 460
D00 0.0100 290 318 328 379
D00 0.0100 80 440 159 594
D10 0.1160 339 487 395 519
D10 0.0713 334 481 417 525
D10 0.0706 330 488 379 512
D10 0.0649 243 415 341 437
D10 0.0597 345 481 399 509
D10 0.0512 334 484 442 551
D10 0.0510 265 413 369 447
D10 0.0488 287 418 353 441
D10 0.0465 301 477 384 523
D10 0.0461 244 393 378 451
D10 0.0412 311 395 407 435
D10 0.0409 242 417 300 435
D10 0.0408 312 368 444 428
D10 0.0364 252 424 325 442
D10 0.0361 0 499 48 522
D10 0.0358 265 407 385 470
D10 0.0325 317 479 368 507
D10 0.0321 522 564 600 596
D10 0.0312 347 496 411 523
D10 0.0309 321 430 370 457
D10 0.0294 0 489 64 533
D10 0.0279 532 554 600 586
D10 0.0272 234 402 355 436
D10 0.0272 358 518 463 559
D10 0.0260 237 419 338 451
D10 0.0256 254 408 324 432
D10 0.0254 0 506 46 531
D10 0.0253 325 447 414 513
D10 0.0252 356 489 421 511
D10 0.0248 359 480 420 504
D10 0.0242 321 423 379 448
D10 0.0240 325 440 372 464
D10 0.0230 352 371 506 421
D10 0.0230 273 485 377 546
D10 0.0229 303 378 428 465
D10 0.0223 338 468 384 500
D10 0.0218 279 377 373 436
D10 0.0215 314 408 398 458
D10 0.0214 67 572 146 600
D10 0.0212 262 274 317 296
D10 0.0208 426 393 514 421
D10 0.0206 332 451 382 472
D10 0.0204 344 395 479 430
D10 0.0202 289 407 348 434
D10 0.0200 347 502 387 532
D10 0.0200 520 558 584 580
D10 0.0198 437 402 525 427
D10 0.0197 278 424 375 490
D10 0.0197 303 488 361 511
D10 0.0194 496 550 596 591
D10 0.0193 339 404 405 424
D10 0.0191 3 489 56 515
D10 0.0189 530 364 600 394
D10 0.0188 339 390 425 420
D10 0.0187 346 499 420 539
D10 0.0181 318 495 370 520
D10 0.0180 377 526 447 551
D10 0.0175 66 548 172 597
D10 0.0175 407 380 536 423
D10 0.0171 427 404 495 423
D10 0.0170 348 466 414 504
D10 0.0167 364 405 431 425
D10 0.0166 348 472 445 514
D10 0.0166 0 456 66 490
D10 0.0163 93 577 158 598
D10 0.0162 509 369 600 405
D10 0.0162 335 458 383 484
D10 0.0162 0 395 88 436
D10 0.0161 550 376 600 398
D10 0.0161 349 541 461 591
D10 0.0160 479 375 560 402
D10 0.0159 77 565 134 593
D10 0.0155 554 508 600 533
D10 0.0154 274 281 322 305
D10 0.0153 381 562 462 592
D10 0.0152 331 415 391 437
D10 0.0152 0 444 97 486
D10 0.0151 95 551 218 595
D10 0.0151 391 396 518 433
D10 0.0150 388 405 454 425
D10 0.0150 490 361 591 396
D10 0.0149 171 566 251 592
D10 0.0148 290 521 385 581
D10 0.0147 562 556 600 580
D10 0.0146 236 423 285 443
D10 0.0146 504 517 596 556
D10 0.0145 260 424 359 464
D10 0.0145 372 490 481 551
D10 0.0143 19 401 101 429
D10 0.0143 255 537 358 575
D10 0.0141 397 522 555 582
D10 0.0140 34 546 136 597
D10 0.0138 449 399 546 436
D10 0.0138 209 399 316 441
D10 0.0137 266 545 322 567
D10 0.0137 84 572 189 600
D10 0.0137 533 541 598 576
D10 0.0136 4 452 58 478
D10 0.0136 451 372 552 410
D10 0.0136 0 404 47 428
D10 0.0135 263 266 314 289
D10 0.0132 294 282 348 304
D10 0.0132 552 546 597 570
D10 0.0132 0 473 63 511
D10 0.0132 294 430 350 454
D10 0.0131 0 515 44 542
D10 0.0131 320 555 368 580
D10 0.0131 353 530 431 566
D10 0.0131 505 528 599 583
D10 0.0131 325 543 417 592
D10 0.0130 236 407 285 432
D10 0.0129 270 469 376 514
D10 0.0129 287 328 335 355
D10 0.0129 4 469 57 494
D10 0.0129 561 367 600 392
D10 0.0129 302 286 442 342
D10 0.0129 554 499 600 525
D10 0.0129 254 311 311 334
D10 0.0129 468 406 532 429
D10 0.0129 275 548 379 587
D10 0.0128 31 396 126 435
D10 0.0127 427 548 568 592
D10 0.0127 0 535 42 560
D10 0.0127 0 389 66 424
D10 0.0127 532 513 600 545
D10 0.0127 370 390 452 420
D10 0.0127 231 377 337 432
D10 0.0126 226 416 276 435
D10 0.0126 470 366 552 395
D10 0.0124 317 468 363 500
D10 0.0123 95 567 156 592
D10 0.0122 0 408 66 441
D10 0.0121 520 526 577 548
D10 0.0121 262 518 309 540
D10 0.0121 137 552 258 594
D10 0.0121 0 374 93 426
D10 0.0121 364 517 434 544
D10 0.0121 61 537 256 600
D10 0.0120 245 275 299 296
D10 0.0120 449 384 532 415
D10 0.0120 297 336 341 364
D10 0.0120 0 526 43 551
D10 0.0117 395 367 579 430
D10 0.0117 111 480 159 504
D10 0.0117 19 452 79 476
D10 0.0117 367 566 433 588
D10 0.0117 397 518 451 546
D10 0.0117 249 302 337 345
D10 0.0116 90 535 142 560
D10 0.0116 322 424 414 491
D10 0.0115 303 281 377 308
D10 0.0115 459 354 598 412
D10 0.0115 459 393 538 425
D10 0.0115 258 319 344 365
D10 0.0115 270 314 333 350
D10 0.0114 299 541 372 574
D10 0.0114 254 545 301 569
D10 0.0113 10 405 110 447
D10 0.0113 319 394 362 419
D10 0.0113 20 460 77 485
D10 0.0113 403 554 460 580
D10 0.0113 498 369 562 391
D10 0.0112 260 555 312 578
D10 0.0112 266 552 344 582
D10 0.0112 266 532 345 565
D10 0.0112 211 416 315 459
D10 0.0112 61 559 122 598
D10 0.0112 161 568 224 590
D10 0.0112 415 511 533 563
D10 0.0112 507 377 571 398
D10 0.0111 358 551 442 583
D10 0.0111 525 490 600 535
D10 0.0111 262 535 309 563
D10 0.0111 156 396 208 420
D10 0.0111 253 461 302 485
D10 0.0111 283 546 348 567
D10 0.0111 563 515 600 539
D10 0.0110 74 553 121 580
D10 0.0110 99 358 150 380
D10 0.0110 294 556 358 579
D10 0.0109 463 411 540 440
D10 0.0109 152 575 233 600
D10 0.0109 82 544 131 568
D10 0.0109 0 504 59 554
D10 0.0108 50 405 109 426
D10 0.0108 86 526 132 552
D10 0.0108 318 564 368 589
D10 0.0108 291 479 349 504
D10 0.0107 8 450 111 504
D10 0.0107 177 358 227 382
D10 0.0107 251 428 327 459
D10 0.0107 0 438 66 474
D10 0.0106 522 348 600 388
D10 0.0106 493 521 569 549
D10 0.0106 98 349 150 373
D10 0.0106 297 358 342 383
D10 0.0106 453 379 571 426
D10 0.0105 10 468 111 521
D10 0.0105 352 515 403 541
D10 0.0105 254 320 309 344
D10 0.0104 52 392 125 423
D10 0.0104 56 524 147 587
D10 0.0103 332 503 373 533
D10 0.0103 442 327 600 400
D10 0.0103 420 390 564 441
D10 0.0103 284 292 327 316
D10 0.0102 265 303 319 327
D10 0.0102 349 460 399 486
D10 0.0101 369 539 455 573
D10 0.0101 396 499 600 574
D10 0.0101 245 518 292 540
D10 0.0100 262 526 309 553
D10 0.0100 189 576 250 597
D10 0.0100 254 282 310 306
D10 0.0100 329 411 446 457
D10 0.0100 247 505 354 563
D10 0.0100 476 341 590 389
D20 0.0446 310 335 458 429
D20 0.0414 250 441 400 554
D20 0.0354 324 377 458 420
D20 0.0342 330 439 385 528
D20 0.0336 224 383 585 587
D20 0.0323 310 399 424 538
D20 0.0298 262 476 409 583
D20 0.0287 514 568 600 600
D20 0.0274 318 474 581 592
D20 0.0268 254 408 391 519
D20 0.0260 91 328 478 553
D20 0.0255 0 381 430 587
D20 0.0254 353 356 469 416
D20 0.0231 322 387 387 440
D20 0.0228 321 425 385 490
D20 0.0215 360 346 537 420
D20 0.0214 388 380 517 421
D20 0.0209 335 516 481 599
D20 0.0206 326 293 600 566
D20 0.0192 413 537 600 600
D20 0.0192 295 296 449 383
D20 0.0189 230 357 387 449
D20 0.0177 144 447 537 600
D20 0.0164 305 369 438 474
D20 0.0162 0 0 408 294
D20 0.0159 167 0 600 294
D20 0.0157 303 328 539 461
D20 0.0156 415 408 600 600
D20 0.0154 552 549 600 600
D20 0.0152 252 288 393 379
D20 0.0148 0 118 290 600
D20 0.0141 0 454 239 600
D20 0.0141 0 472 45 547
D20 0.0141 351 469 412 539
D20 0.0139 315 407 401 444
D20 0.0133 252 312 390 427
D20 0.0132 0 236 516 600
D20 0.0131 0 0 600 434
D20 0.0131 423 372 524 413
D20 0.0127 0 443 45 522
D20 0.0127 247 268 336 305
D20 0.0126 0 0 219 147
D20 0.0126 506 537 600 600
D20 0.0124 232 522 420 600
D20 0.0123 337 310 558 412
D20 0.0120 373 0 600 146
D20 0.0120 270 285 330 345
D20 0.0118 254 0 600 600
D20 0.0117 446 242 600 588
D20 0.0116 453 0 600 214
D20 0.0115 456 564 581 600
D20 0.0115 267 277 328 309
D20 0.0114 0 378 87 529
D20 0.0112 294 364 368 414
D20 0.0111 0 497 43 577
D20 0.0111 0 364 146 600
D20 0.0110 566 490 600 568
D20 0.0107 248 383 364 461
D20 0.0107 0 415 67 566
D20 0.0105 0 327 88 469
D20 0.0105 331 452 411 506
D20 0.0104 207 303 369 393
D20 0.0103 374 501 543 600
D20 0.0100 155 411 377 585
D20 0.0100 467 514 600 592
D40 0.1086 322 375 391 421
D40 0.0974 331 385 382 413
D40 0.0731 414 395 476 419
D40 0.0664 333 394 392 419
D40 0.0632 401 379 483 419
D40 0.0486 408 386 465 414
D40 0.0474 548 574 598 600
D40 0.0427 326 375 373 405
D40 0.0406 311 304 388 347
D40 0.0379 319 365 369 416
D40 0.0342 233 324 574 550
D40 0.0285 293 310 371 359
D40 0.0273 323 311 378 337
D40 0.0271 320 394 390 436
D40 0.0270 290 295 407 364
D40 0.0266 328 404 382 428
D40 0.0261 386 366 463 414
D40 0.0255 331 384 368 430
D40 0.0248 429 384 475 416
D40 0.0237 43 303 600 596
D40 0.0235 328 366 421 416
D40 0.0227 420 404 485 423
D40 0.0215 560 565 600 593
D40 0.0214 280 301 351 352
D40 0.0212 530 560 600 600
D40 0.0201 236 259 571 462
D40 0.0199 303 323 343 360
D40 0.0195 315 361 353 401
D40 0.0191 439 391 484 419
D40 0.0190 285 310 330 338
D40 0.0186 292 287 397 337
D40 0.0185 352 381 399 416
D40 0.0184 293 318 338 349
D40 0.0183 313 318 367 347
D40 0.0182 407 376 460 405
D40 0.0180 324 304 379 328
D40 0.0179 322 311 410 354
D40 0.0179 316 355 392 410
D40 0.0174 343 372 388 410
D40 0.0173 315 309 523 416
D40 0.0172 284 302 328 327
D40 0.0152 576 568 600 600
D40 0.0151 568 582 600 600
D40 0.0150 328 318 387 344
D40 0.0148 384 390 462 420
D40 0.0138 319 384 363 407
D40 0.0134 304 276 485 382
D40 0.0133 305 310 360 338
D40 0.0131 418 378 453 417
D40 0.0131 98 268 473 465
D40 0.0123 189 190 600 529
D40 0.0117 397 379 444 415
D40 0.0117 261 293 334 339
D40 0.0117 303 331 358 367
D40 0.0114 302 347 367 400
D40 0.0112 290 293 319 342
D40 0.0108 296 302 328 351
D40 0.0108 428 573 477 596
D40 0.0105 297 301 369 332
D40 0.0104 313 358 355 383
D40 0.0104 311 328 365 354
D40 0.0100 315 311 347 358
