D00 0.3353 126 393 298 593
D00 0.2514 182 396 287 555
D00 0.2349 238 475 273 589
D00 0.2342 218 385 302 585
D00 0.2130 221 450 282 595
D00 0.2083 103 471 274 585
D00 0.1957 159 461 212 545
D00 0.1844 144 437 269 562
D00 0.1635 243 454 281 558
D00 0.1552 229 514 272 600
D00 0.1388 149 481 202 552
D00 0.1277 244 485 291 596
D00 0.1237 102 400 250 552
D00 0.1223 235 405 296 534
D00 0.1208 35 422 269 598
D00 0.1193 142 469 231 559
D00 0.1184 180 484 276 595
D00 0.1182 173 448 339 592
D00 0.1155 256 399 294 509
D00 0.1139 216 402 276 476
D00 0.1116 247 479 270 551
D00 0.1106 168 454 232 531
D00 0.1100 67 494 226 599
D00 0.0999 161 373 391 588
D00 0.0991 245 524 269 588
D00 0.0984 211 498 274 576
D00 0.0944 121 369 282 513
D00 0.0937 206 409 283 512
D00 0.0913 138 497 195 573
D00 0.0911 237 516 263 577
D00 0.0873 405 345 577 426
D00 0.0873 241 438 317 593
D00 0.0859 95 518 288 598
D00 0.0817 89 454 228 546
D00 0.0747 224 506 307 600
D00 0.0744 192 409 264 485
D00 0.0732 268 403 297 484
D00 0.0731 176 438 251 515
D00 0.0718 184 390 293 469
D00 0.0709 158 498 194 541
D00 0.0703 242 403 293 472
D00 0.0672 415 357 541 411
D00 0.0666 116 476 206 595
D00 0.0659 239 489 265 559
D00 0.0655 417 308 593 600
D00 0.0650 114 501 226 563
D00 0.0650 241 514 281 580
D00 0.0645 254 416 312 547
D00 0.0622 236 533 289 600
D00 0.0616 63 395 199 546
D00 0.0610 250 431 284 524
D00 0.0610 89 532 151 600
D00 0.0600 159 480 247 539
D00 0.0599 225 408 255 469
D00 0.0598 230 473 273 540
D00 0.0586 177 464 206 526
D00 0.0584 385 331 511 404
D00 0.0578 109 487 204 539
D00 0.0575 20 489 171 600
D00 0.0572 252 470 277 539
D00 0.0566 212 355 308 505
D00 0.0557 450 358 566 573
D00 0.0553 168 472 200 535
D00 0.0553 198 467 280 546
D00 0.0519 211 493 369 599
D00 0.0518 465 354 592 469
D00 0.0509 150 499 267 568
D00 0.0494 249 534 277 596
D00 0.0492 156 342 288 469
D00 0.0483 128 448 203 555
D00 0.0479 0 466 116 600
D00 0.0477 78 368 211 499
D00 0.0475 21 364 263 528
D00 0.0470 423 362 489 401
D00 0.0466 108 519 222 584
D00 0.0463 250 496 277 565
D00 0.0454 248 392 348 563
D00 0.0445 435 371 558 424
D00 0.0439 367 299 487 398
D00 0.0438 109 534 185 600
D00 0.0437 156 490 216 575
D00 0.0436 19 392 153 538
D00 0.0434 383 328 600 457
D00 0.0427 34 367 169 486
D00 0.0425 235 543 267 587
D00 0.0423 137 507 194 545
D00 0.0421 108 474 401 600
D00 0.0406 202 535 273 594
D00 0.0405 3 442 200 579
D00 0.0404 85 505 134 593
D00 0.0404 165 478 220 523
D00 0.0400 142 420 240 508
D00 0.0399 222 412 289 458
D00 0.0394 411 339 536 534
D00 0.0392 215 397 325 483
D00 0.0382 243 514 269 561
D00 0.0379 52 466 175 572
D00 0.0376 80 509 179 592
D00 0.0372 0 374 111 507
D00 0.0371 159 507 188 565
D00 0.0368 360 302 439 346
D00 0.0366 253 355 433 589
D00 0.0362 297 323 557 562
D00 0.0361 239 480 306 544
D00 0.0361 0 362 153 447
D00 0.0360 137 530 202 598
D00 0.0359 262 407 319 479
D00 0.0356 52 370 185 435
D00 0.0354 242 552 271 597
D00 0.0353 68 541 134 600
D00 0.0353 94 348 264 437
D00 0.0349 141 345 372 486
D00 0.0349 74 376 155 422
D00 0.0349 431 345 504 406
D00 0.0345 0 525 45 600
D00 0.0344 416 329 479 399
D00 0.0344 224 535 265 576
D00 0.0343 70 355 206 416
D00 0.0341 6 531 147 600
D00 0.0340 125 364 245 466
D00 0.0336 490 392 595 594
D00 0.0335 92 559 143 600
D00 0.0328 161 426 214 517
D00 0.0327 223 377 300 452
D00 0.0326 332 338 540 440
D00 0.0316 374 309 426 337
D00 0.0311 167 462 222 504
D00 0.0310 35 444 145 555
D00 0.0310 247 452 274 522
D00 0.0307 380 310 456 356
D00 0.0304 274 451 376 600
D00 0.0303 200 441 440 576
D00 0.0301 150 470 210 513
D00 0.0300 261 421 291 466
D00 0.0298 228 433 274 519
D00 0.0298 502 381 597 484
D00 0.0296 440 368 520 408
D00 0.0294 214 416 250 475
D00 0.0293 84 379 164 521
D00 0.0292 84 573 135 599
D00 0.0290 234 542 335 596
D00 0.0285 159 305 308 561
D00 0.0284 8 508 84 594
D00 0.0284 2 442 99 558
D00 0.0283 152 519 191 588
D00 0.0282 88 338 227 396
D00 0.0282 100 376 165 439
D00 0.0274 484 364 581 438
D00 0.0274 273 420 333 540
D00 0.0274 94 373 157 408
D00 0.0272 268 477 336 588
D00 0.0272 41 361 164 409
D00 0.0269 201 351 271 456
D00 0.0268 375 363 558 481
D00 0.0267 99 567 171 600
D00 0.0265 321 448 405 600
D00 0.0262 255 368 313 469
D00 0.0262 163 494 203 526
D00 0.0261 380 359 499 574
D00 0.0257 272 398 296 453
D00 0.0257 117 540 241 595
D00 0.0256 365 393 568 594
D00 0.0256 386 362 516 428
D00 0.0255 256 490 308 579
D00 0.0254 189 326 489 544
D00 0.0254 101 539 131 597
D00 0.0251 294 498 393 597
D00 0.0250 338 296 455 362
D00 0.0250 236 320 325 478
D00 0.0247 185 328 285 432
D00 0.0246 245 535 395 600
D00 0.0246 43 437 181 522
D00 0.0245 363 301 417 329
D00 0.0245 214 423 262 499
D00 0.0244 278 409 304 464
D00 0.0242 224 470 338 557
D00 0.0242 254 489 287 552
D00 0.0242 10 375 127 428
D00 0.0239 3 480 57 589
D00 0.0239 142 332 255 417
D00 0.0239 100 385 151 412
D00 0.0239 526 359 600 566
D00 0.0238 6 399 132 477
D00 0.0238 442 339 570 402
D00 0.0238 98 446 214 511
D00 0.0237 61 400 191 478
D00 0.0236 235 500 324 568
D00 0.0236 78 500 146 562
D00 0.0235 176 455 212 497
D00 0.0235 417 371 496 416
D00 0.0234 106 431 181 541
D00 0.0234 156 335 224 368
D00 0.0233 237 346 372 533
D00 0.0233 165 386 241 494
D00 0.0233 81 447 130 540
D00 0.0232 263 430 288 499
D00 0.0231 398 315 463 391
D00 0.0230 427 311 600 415
D00 0.0229 335 364 458 576
D00 0.0229 429 356 481 387
D00 0.0228 161 525 247 589
D00 0.0226 214 408 259 448
D00 0.0226 147 344 213 376
D00 0.0225 15 463 75 575
D00 0.0224 96 360 176 403
D00 0.0224 22 493 107 576
D00 0.0223 180 452 249 493
D00 0.0222 384 317 434 345
D00 0.0222 462 388 569 444
D00 0.0221 43 539 203 600
D00 0.0220 218 481 272 521
D00 0.0220 255 413 307 458
D00 0.0218 43 564 135 600
D00 0.0218 246 564 281 600
D00 0.0218 96 546 164 587
D00 0.0218 428 361 534 460
D00 0.0217 239 487 285 530
D00 0.0217 486 328 600 528
D00 0.0217 324 477 375 589
D00 0.0216 48 392 157 445
D00 0.0216 94 530 123 590
D00 0.0215 257 527 287 587
D00 0.0215 290 315 508 411
D00 0.0215 94 391 158 459
D00 0.0213 126 321 261 377
D00 0.0213 209 370 452 489
D00 0.0213 121 358 240 408
D00 0.0212 372 304 432 373
D00 0.0211 0 548 72 600
D00 0.0210 196 427 248 499
D00 0.0209 215 391 271 439
D00 0.0207 231 525 275 569
D00 0.0207 386 347 470 411
D00 0.0206 514 354 600 453
D00 0.0206 196 317 260 348
D00 0.0205 167 322 247 364
D00 0.0205 292 409 363 547
D00 0.0205 0 548 29 599
D00 0.0205 104 376 220 426
D00 0.0205 12 391 123 447
D00 0.0204 310 525 355 600
D00 0.0203 151 377 267 429
D00 0.0202 233 564 268 600
D00 0.0202 411 320 528 384
D00 0.0201 341 458 390 574
D00 0.0201 121 386 185 449
D00 0.0200 299 478 358 588
D00 0.0200 261 444 300 523
D00 0.0199 118 402 211 486
D00 0.0198 57 465 118 535
D00 0.0198 87 432 148 497
D00 0.0198 232 461 294 529
D00 0.0197 126 559 182 600
D00 0.0197 111 349 198 389
D00 0.0197 267 373 338 496
D00 0.0196 188 551 310 600
D00 0.0195 99 356 180 469
D00 0.0195 46 502 128 600
D00 0.0194 0 336 180 600
D00 0.0194 219 342 465 447
D00 0.0192 123 516 190 558
D00 0.0192 182 421 224 500
D00 0.0191 63 343 182 392
D00 0.0190 464 377 539 416
D00 0.0190 105 411 165 480
D00 0.0190 0 390 65 526
D00 0.0190 161 499 234 554
D00 0.0189 55 487 126 552
D00 0.0189 197 321 259 378
D00 0.0188 153 367 214 430
D00 0.0188 396 328 494 456
D00 0.0188 335 409 397 545
D00 0.0187 166 338 247 382
D00 0.0187 4 381 85 459
D00 0.0186 215 316 281 349
D00 0.0186 88 448 160 554
D00 0.0184 137 480 186 540
D00 0.0184 185 434 255 476
D00 0.0183 159 348 221 412
D00 0.0183 213 304 564 455
D00 0.0183 369 325 450 399
D00 0.0183 104 523 174 578
D00 0.0182 206 450 310 535
D00 0.0182 137 408 253 467
D00 0.0182 207 496 271 541
D00 0.0181 322 305 342 357
D00 0.0180 218 428 264 460
D00 0.0179 230 493 268 521
D00 0.0179 250 460 279 505
D00 0.0179 220 431 332 518
D00 0.0179 331 456 374 542
D00 0.0179 186 334 249 368
D00 0.0178 226 507 268 551
D00 0.0178 258 382 292 452
D00 0.0178 75 407 135 524
D00 0.0177 207 309 270 340
D00 0.0176 122 331 204 375
D00 0.0176 300 442 390 554
D00 0.0176 25 530 94 600
D00 0.0175 307 573 359 599
D00 0.0174 76 522 128 577
D00 0.0174 109 368 163 392
D00 0.0173 84 363 151 399
D00 0.0172 473 432 555 600
D00 0.0172 192 329 245 355
D00 0.0172 250 321 301 348
D00 0.0171 131 392 250 446
D00 0.0171 61 574 121 599
D00 0.0171 108 381 175 416
D00 0.0171 241 330 294 353
D00 0.0170 342 375 422 536
D00 0.0170 419 364 461 396
D00 0.0170 90 393 145 420
D00 0.0170 134 357 195 381
D00 0.0169 380 300 419 358
D00 0.0169 152 516 208 556
D00 0.0169 1 359 105 410
D00 0.0169 154 316 302 394
D00 0.0168 175 562 271 600
D00 0.0168 372 270 566 499
D00 0.0168 293 333 418 516
D00 0.0168 340 442 383 524
D00 0.0167 436 355 490 427
D00 0.0167 242 542 280 570
D00 0.0166 98 581 154 600
D00 0.0165 158 484 203 516
D00 0.0165 480 379 552 524
D00 0.0164 505 391 583 445
D00 0.0163 362 306 460 448
D00 0.0162 206 324 270 359
D00 0.0162 251 554 291 596
D00 0.0161 221 549 262 600
D00 0.0161 15 336 185 407
D00 0.0161 264 530 303 600
D00 0.0161 409 445 586 573
D00 0.0160 6 417 85 499
D00 0.0160 64 372 139 407
D00 0.0159 244 494 279 521
D00 0.0159 273 421 309 500
D00 0.0159 102 439 171 504
D00 0.0159 82 556 122 597
D00 0.0158 170 356 274 413
D00 0.0158 231 311 284 337
D00 0.0158 172 330 230 356
D00 0.0156 532 396 600 474
D00 0.0156 112 555 160 596
D00 0.0156 239 485 271 511
D00 0.0156 307 546 418 596
D00 0.0156 210 519 264 559
D00 0.0156 279 544 350 600
D00 0.0155 358 287 476 345
D00 0.0155 377 375 419 460
D00 0.0155 244 409 345 466
D00 0.0155 107 370 148 427
D00 0.0154 129 430 205 501
D00 0.0154 44 418 128 501
D00 0.0154 318 393 380 527
D00 0.0154 266 325 303 356
D00 0.0154 141 394 205 455
D00 0.0153 455 487 581 600
D00 0.0153 331 500 429 598
D00 0.0152 146 552 216 600
D00 0.0152 232 422 305 487
D00 0.0152 491 330 600 423
D00 0.0151 359 353 443 512
D00 0.0151 53 410 157 464
D00 0.0150 130 395 178 472
D00 0.0150 281 361 331 463
D00 0.0150 355 430 441 598
D00 0.0150 170 453 201 509
D00 0.0150 147 527 186 568
D00 0.0150 289 563 378 600
D00 0.0149 316 551 365 599
D00 0.0149 199 340 260 397
D00 0.0148 23 436 106 521
D00 0.0148 447 354 494 392
D00 0.0148 242 545 300 586
D00 0.0148 282 319 307 360
D00 0.0148 114 376 171 401
D00 0.0147 428 382 483 408
D00 0.0146 314 296 348 379
D00 0.0146 214 530 252 581
D00 0.0146 8 486 101 542
D00 0.0145 84 397 149 433
D00 0.0145 235 307 299 356
D00 0.0144 165 350 234 446
D00 0.0144 168 498 204 553
D00 0.0143 247 569 321 600
D00 0.0143 73 376 138 473
D00 0.0143 172 347 227 372
D00 0.0143 156 352 221 385
D00 0.0142 358 423 407 532
D00 0.0142 351 289 424 331
D00 0.0142 74 456 121 513
D00 0.0142 126 348 186 375
D00 0.0141 486 387 558 427
D00 0.0141 116 342 200 446
D00 0.0141 93 513 123 568
D00 0.0141 236 368 276 442
D00 0.0140 19 530 62 600
D00 0.0140 523 400 582 506
D00 0.0140 497 401 569 546
D00 0.0140 213 318 292 379
D00 0.0140 182 321 239 346
D00 0.0140 2 565 40 600
D00 0.0139 462 400 600 509
D00 0.0139 184 312 343 453
D00 0.0139 397 366 465 423
D00 0.0139 77 429 184 485
D00 0.0138 429 347 478 374
D00 0.0138 292 528 477 600
D00 0.0138 185 346 237 393
D00 0.0138 378 364 472 466
D00 0.0137 263 429 300 457
D00 0.0137 82 486 135 535
D00 0.0137 444 357 479 404
D00 0.0137 176 364 226 415
D00 0.0137 267 420 313 451
D00 0.0137 436 455 525 600
D00 0.0136 164 517 195 573
D00 0.0136 116 358 176 383
D00 0.0136 0 466 47 556
D00 0.0136 169 521 210 588
D00 0.0136 221 356 257 432
D00 0.0136 453 353 513 428
D00 0.0136 355 478 408 588
D00 0.0135 346 285 441 403
D00 0.0135 456 361 507 402
D00 0.0134 123 367 186 389
D00 0.0134 113 389 155 425
D00 0.0134 404 323 465 360
D00 0.0134 0 384 45 469
D00 0.0134 416 332 474 371
D00 0.0133 90 454 141 511
D00 0.0133 254 466 324 535
D00 0.0133 0 365 67 439
D00 0.0133 0 338 214 467
D00 0.0133 489 464 530 554
D00 0.0133 356 293 408 321
D00 0.0133 44 478 97 560
D00 0.0132 218 443 295 500
D00 0.0132 330 304 350 357
D00 0.0132 487 408 581 465
D00 0.0132 125 582 181 600
D00 0.0132 292 317 316 361
D00 0.0132 211 343 249 377
D00 0.0131 17 429 118 484
D00 0.0131 394 305 505 357
D00 0.0131 95 552 144 581
D00 0.0131 129 466 195 526
D00 0.0130 239 325 299 432
D00 0.0130 94 354 159 388
D00 0.0130 285 574 344 599
D00 0.0130 238 506 286 548
D00 0.0130 318 404 530 532
D00 0.0129 153 523 192 551
D00 0.0129 220 333 257 368
D00 0.0129 359 386 408 492
D00 0.0129 332 288 477 485
D00 0.0129 95 529 136 569
D00 0.0129 391 305 423 347
D00 0.0129 136 339 193 366
D00 0.0128 25 569 99 600
D00 0.0128 397 308 438 374
D00 0.0128 185 402 248 458
D00 0.0127 61 449 136 502
D00 0.0127 173 548 233 598
D00 0.0127 355 300 419 388
D00 0.0127 467 535 600 600
D00 0.0127 239 422 275 487
D00 0.0127 138 361 204 393
D00 0.0126 56 381 130 417
D00 0.0126 312 307 334 356
D00 0.0126 514 467 589 599
D00 0.0126 101 347 155 418
D00 0.0126 395 311 452 337
D00 0.0126 261 313 291 353
D00 0.0126 467 359 530 410
D00 0.0125 303 393 353 497
D00 0.0125 386 304 441 329
D00 0.0125 164 376 202 439
D00 0.0125 326 525 374 600
D00 0.0125 553 524 599 600
D00 0.0125 114 411 192 460
D00 0.0124 233 581 281 600
D00 0.0124 108 532 141 589
D00 0.0123 109 335 181 367
D00 0.0123 8 512 58 571
D00 0.0123 422 360 471 440
D00 0.0123 195 360 249 436
D00 0.0122 179 308 285 351
D00 0.0122 115 429 155 494
D00 0.0122 138 540 173 592
D00 0.0122 232 303 283 326
D00 0.0122 176 383 230 432
D00 0.0121 111 398 175 436
D00 0.0120 269 513 320 600
D00 0.0120 74 322 210 381
D00 0.0120 554 410 600 491
D00 0.0120 403 315 448 351
D00 0.0120 0 429 37 516
D00 0.0120 250 311 299 338
D00 0.0120 435 364 471 407
D00 0.0119 353 492 488 600
D00 0.0119 244 503 279 530
D00 0.0119 343 388 390 494
D00 0.0118 488 480 540 590
D00 0.0118 0 538 33 579
D00 0.0118 375 403 425 510
D00 0.0118 0 419 52 489
D00 0.0118 67 464 143 523
D00 0.0117 8 555 50 596
D00 0.0117 472 480 522 590
D00 0.0117 102 344 171 377
D00 0.0117 323 570 396 600
D00 0.0117 267 503 372 565
D00 0.0117 250 516 289 559
D00 0.0117 137 375 192 424
D00 0.0117 154 385 192 447
D00 0.0116 249 457 387 535
D00 0.0116 199 503 250 570
D00 0.0116 196 355 246 405
D00 0.0116 204 573 261 599
D00 0.0116 323 302 357 393
D00 0.0116 222 339 274 363
D00 0.0116 64 512 120 566
D00 0.0116 168 385 218 467
D00 0.0116 187 454 225 513
D00 0.0116 342 281 530 377
D00 0.0115 319 561 346 600
D00 0.0115 345 334 442 428
D00 0.0115 284 328 367 484
D00 0.0115 27 390 96 494
D00 0.0115 344 547 459 597
D00 0.0115 475 348 553 430
D00 0.0114 241 527 300 568
D00 0.0114 193 313 248 337
D00 0.0114 70 523 112 595
D00 0.0113 447 521 548 600
D00 0.0112 139 327 206 361
D00 0.0112 249 431 287 474
D00 0.0112 173 380 211 418
D00 0.0112 174 410 213 490
D00 0.0112 330 421 374 508
D00 0.0111 466 404 530 546
D00 0.0111 373 301 406 344
D00 0.0111 321 392 361 475
D00 0.0111 151 566 193 600
D00 0.0110 220 352 256 386
D00 0.0110 233 328 283 369
D00 0.0110 348 464 374 521
D00 0.0110 538 442 600 587
D00 0.0110 2 88 87 258
D00 0.0110 245 469 296 512
D00 0.0110 428 338 463 391
D00 0.0110 96 489 161 534
D00 0.0109 334 483 368 552
D00 0.0109 445 323 571 377
D00 0.0109 64 295 288 589
D00 0.0109 112 540 162 577
D00 0.0108 11 344 128 394
D00 0.0108 123 367 183 411
D00 0.0108 423 360 496 494
D00 0.0108 478 271 600 450
D00 0.0108 194 314 418 412
D00 0.0108 201 330 241 387
D00 0.0108 22 520 77 577
D00 0.0107 141 510 177 566
D00 0.0107 545 341 600 484
D00 0.0107 217 570 297 600
D00 0.0107 177 512 223 577
D00 0.0107 385 400 410 453
D00 0.0106 257 332 294 363
D00 0.0106 374 402 406 466
D00 0.0106 321 440 367 524
D00 0.0106 93 419 144 474
D00 0.0106 95 444 156 484
D00 0.0106 233 375 262 432
D00 0.0106 304 304 340 387
D00 0.0105 104 407 166 445
D00 0.0105 232 502 267 530
D00 0.0105 248 582 302 600
D00 0.0105 135 407 174 446
D00 0.0105 134 418 173 491
D00 0.0105 106 453 146 534
D00 0.0105 138 577 206 600
D00 0.0105 545 418 597 528
D00 0.0104 434 331 486 383
D00 0.0104 253 320 282 359
D00 0.0104 367 538 515 600
D00 0.0103 229 348 264 416
D00 0.0103 0 410 73 464
D00 0.0103 274 307 314 371
D00 0.0103 387 373 450 441
D00 0.0103 321 237 554 434
D00 0.0102 267 481 298 540
D00 0.0102 393 381 445 487
D00 0.0102 195 357 245 381
D00 0.0102 261 304 307 347
D00 0.0102 51 582 111 600
D00 0.0102 301 316 325 362
D00 0.0102 490 419 540 533
D00 0.0101 140 371 204 406
D00 0.0101 327 300 412 457
D00 0.0101 97 384 140 446
D00 0.0101 375 351 432 446
D00 0.0101 386 466 453 598
D00 0.0101 313 287 438 342
D00 0.0100 33 502 88 558
D00 0.0100 53 363 125 396
D00 0.0100 374 441 424 550
D00 0.0100 468 377 527 486
D00 0.0100 55 399 129 434
D00 0.0100 82 465 113 523
D00 0.0100 205 456 260 528
D00 0.0100 250 302 299 324
D00 0.0100 229 343 266 376
D00 0.0100 145 398 183 436
D10 0.1054 90 500 207 542
D10 0.0884 168 476 284 532
D10 0.0661 215 404 304 449
D10 0.0661 109 509 192 532
D10 0.0649 218 407 276 429
D10 0.0633 66 477 211 555
D10 0.0602 83 506 164 535
D10 0.0542 189 488 275 513
D10 0.0539 138 460 216 517
D10 0.0534 382 361 485 398
D10 0.0509 172 524 281 574
D10 0.0473 98 515 183 536
D10 0.0470 183 396 274 445
D10 0.0465 42 495 193 575
D10 0.0437 69 507 157 552
D10 0.0414 389 369 455 390
D10 0.0410 195 405 260 427
D10 0.0407 153 469 208 493
D10 0.0382 202 380 290 434
D10 0.0382 172 470 251 513
D10 0.0370 415 371 483 402
D10 0.0369 206 534 267 563
D10 0.0367 55 488 177 541
D10 0.0366 212 411 266 438
D10 0.0362 194 433 279 493
D10 0.0361 149 500 250 555
D10 0.0353 84 516 140 538
D10 0.0347 372 349 502 411
D10 0.0345 72 508 130 531
D10 0.0332 216 398 272 422
D10 0.0324 164 520 262 557
D10 0.0317 189 479 272 505
D10 0.0309 400 375 464 397
D10 0.0302 90 513 191 567
D10 0.0296 122 465 203 498
D10 0.0295 214 494 270 522
D10 0.0279 194 396 257 421
D10 0.0275 152 533 257 582
D10 0.0270 157 475 206 503
D10 0.0263 55 502 126 536
D10 0.0261 186 452 278 516
D10 0.0253 156 507 222 548
D10 0.0249 220 541 266 570
D10 0.0248 183 451 260 492
D10 0.0237 130 498 194 528
D10 0.0233 171 498 273 540
D10 0.0227 177 536 254 561
D10 0.0225 208 449 267 475
D10 0.0222 171 486 227 515
D10 0.0222 249 330 302 353
D10 0.0220 364 350 468 392
D10 0.0218 169 496 249 523
D10 0.0214 110 540 185 576
D10 0.0209 373 368 431 389
D10 0.0207 74 494 145 531
D10 0.0206 138 462 202 487
D10 0.0203 174 475 225 507
D10 0.0202 180 545 252 569
D10 0.0201 366 368 467 408
D10 0.0197 21 504 127 564
D10 0.0196 163 460 213 486
D10 0.0187 213 439 264 469
D10 0.0187 188 546 266 584
D10 0.0187 206 458 270 483
D10 0.0186 21 487 126 542
D10 0.0185 178 466 241 497
D10 0.0182 391 359 452 385
D10 0.0181 249 338 301 361
D10 0.0178 247 397 292 421
D10 0.0176 145 547 214 583
D10 0.0174 244 397 347 449
D10 0.0173 383 376 441 398
D10 0.0170 170 516 252 542
D10 0.0170 101 449 198 499
D10 0.0169 198 504 270 532
D10 0.0167 92 524 147 551
D10 0.0167 128 552 183 579
D10 0.0166 139 544 188 570
D10 0.0165 63 516 120 540
D10 0.0160 267 329 318 353
D10 0.0159 222 358 271 381
D10 0.0159 374 360 429 383
D10 0.0158 106 466 201 523
D10 0.0157 204 353 290 414
D10 0.0157 186 413 250 437
D10 0.0156 201 514 268 543
D10 0.0155 116 523 184 551
D10 0.0155 169 399 245 433
D10 0.0155 122 510 178 543
D10 0.0154 258 405 493 534
D10 0.0152 187 449 246 476
D10 0.0152 207 468 272 494
D10 0.0151 222 429 275 459
D10 0.0149 305 448 534 571
D10 0.0149 155 528 229 567
D10 0.0148 179 458 229 485
D10 0.0148 131 477 195 501
D10 0.0147 221 523 266 554
D10 0.0147 45 510 116 547
D10 0.0146 182 416 256 455
D10 0.0145 421 382 475 408
D10 0.0144 99 511 150 542
D10 0.0144 118 469 182 492
D10 0.0142 63 497 114 526
D10 0.0141 218 431 285 473
D10 0.0141 182 552 248 578
D10 0.0140 351 365 480 433
D10 0.0140 146 485 199 516
D10 0.0139 219 474 271 513
D10 0.0139 159 524 218 550
D10 0.0137 161 553 222 578
D10 0.0137 13 494 92 550
D10 0.0137 68 519 134 558
D10 0.0136 415 358 469 387
D10 0.0136 222 349 273 372
D10 0.0135 176 395 232 419
D10 0.0133 346 360 447 401
D10 0.0132 2 521 78 578
D10 0.0132 241 484 333 537
D10 0.0131 235 531 325 586
D10 0.0130 223 442 271 483
D10 0.0129 246 543 293 570
D10 0.0126 1 551 43 581
D10 0.0125 137 561 254 600
D10 0.0125 175 435 245 474
D10 0.0125 0 503 73 561
D10 0.0124 231 339 285 362
D10 0.0122 99 544 159 569
D10 0.0121 233 329 316 366
D10 0.0121 240 348 291 371
D10 0.0121 248 380 348 432
D10 0.0121 222 366 270 388
D10 0.0120 205 385 259 412
D10 0.0119 396 378 467 412
D10 0.0118 201 429 255 460
D10 0.0118 139 411 230 461
D10 0.0116 205 357 254 381
D10 0.0116 7 542 53 571
D10 0.0115 93 453 158 491
D10 0.0115 40 491 103 531
D10 0.0113 26 532 116 585
D10 0.0113 118 535 181 563
D10 0.0113 243 503 336 557
D10 0.0113 1 561 44 593
D10 0.0112 18 519 81 559
D10 0.0111 159 408 232 444
D10 0.0111 9 533 55 562
D10 0.0110 178 381 249 418
D10 0.0110 268 337 318 361
D10 0.0110 268 486 372 541
D10 0.0109 242 466 335 520
D10 0.0108 92 535 145 561
D10 0.0108 57 530 126 567
D10 0.0107 247 552 293 580
D10 0.0106 0 483 64 541
D10 0.0105 5 546 71 587
D10 0.0105 0 428 71 481
D10 0.0105 173 451 223 475
D10 0.0104 245 528 314 567
D10 0.0104 40 450 121 502
D10 0.0103 11 525 57 552
D10 0.0103 232 461 274 504
D10 0.0102 241 452 278 494
D10 0.0101 87 543 134 568
D10 0.0101 69 455 128 492
D10 0.0101 250 393 313 426
D10 0.0100 177 422 237 446
D10 0.0100 240 357 290 380
D10 0.0100 155 447 221 484
D20 0.3087 23 390 402 593
D20 0.1568 51 452 280 591
D20 0.1153 86 343 567 556
D20 0.0892 0 360 227 600
D20 0.0838 178 366 301 497
D20 0.0808 112 440 592 600
D20 0.0714 17 165 600 591
D20 0.0681 219 406 305 458
D20 0.0630 2 502 194 600
D20 0.0577 27 468 211 572
D20 0.0565 103 510 280 600
D20 0.0558 188 521 274 575
D20 0.0529 150 359 408 524
D20 0.0504 17 15 600 441
D20 0.0485 157 481 267 539
D20 0.0451 64 359 313 553
D20 0.0449 218 497 385 599
D20 0.0433 216 328 309 483
D20 0.0413 201 386 345 487
D20 0.0412 279 347 600 599
D20 0.0403 216 387 288 448
D20 0.0389 166 456 272 527
D20 0.0386 163 501 279 559
D20 0.0328 212 432 448 598
D20 0.0305 178 539 273 592
D20 0.0290 56 217 336 600
D20 0.0283 311 0 600 600
D20 0.0278 188 390 269 456
D20 0.0276 0 0 291 600
D20 0.0271 174 410 264 469
D20 0.0270 197 470 274 556
D20 0.0269 246 487 502 589
D20 0.0265 339 451 600 600
D20 0.0263 207 368 273 440
D20 0.0250 0 0 408 294
D20 0.0240 184 335 488 472
D20 0.0239 167 0 600 294
D20 0.0236 0 525 37 600
D20 0.0234 252 375 295 460
D20 0.0224 102 475 202 533
D20 0.0222 0 431 170 585
D20 0.0221 218 441 382 559
D20 0.0205 78 538 241 600
D20 0.0199 454 360 600 600
D20 0.0186 234 314 316 353
D20 0.0180 215 373 332 446
D20 0.0178 178 376 267 426
D20 0.0177 321 316 485 408
D20 0.0173 190 262 553 508
D20 0.0172 160 394 257 441
D20 0.0168 207 365 389 461
D20 0.0165 232 348 278 444
D20 0.0164 192 347 297 430
D20 0.0164 0 461 105 600
D20 0.0163 259 321 309 347
D20 0.0159 0 274 427 530
D20 0.0154 335 355 502 445
D20 0.0150 222 411 411 516
D20 0.0148 209 349 268 415
D20 0.0147 0 541 156 600
D20 0.0143 160 402 232 474
D20 0.0141 247 322 340 359
D20 0.0135 299 293 457 367
D20 0.0134 455 0 600 224
D20 0.0134 424 199 600 600
D20 0.0130 240 306 326 461
D20 0.0127 0 0 146 225
D20 0.0125 270 320 316 359
D20 0.0125 224 330 310 366
D20 0.0124 93 308 366 504
D20 0.0124 0 197 168 554
D20 0.0120 307 525 539 600
D20 0.0118 383 0 600 145
D20 0.0115 225 340 286 398
D20 0.0112 278 321 327 346
D20 0.0112 192 312 337 394
D20 0.0110 483 527 600 600
D20 0.0108 288 339 474 429
D20 0.0108 443 488 600 595
D20 0.0107 526 0 600 115
D20 0.0107 527 477 600 600
D20 0.0106 343 247 600 452
D20 0.0105 110 439 205 492
D20 0.0104 0 0 72 112
D20 0.0103 250 306 338 346
D20 0.0103 0 0 266 180
D20 0.0103 263 308 306 369
D20 0.0102 276 464 446 572
D20 0.0101 0 251 241 469
D20 0.0101 309 374 481 470
D40 0.1249 224 407 289 448
D40 0.0867 257 407 292 450
D40 0.0617 245 407 290 431
D40 0.0358 170 452 269 514
D40 0.0309 231 406 263 458
D40 0.0288 222 404 264 438
D40 0.0288 122 539 198 592
D40 0.0286 248 410 287 464
D40 0.0257 242 404 318 459
D40 0.0256 193 483 276 542
D40 0.0255 199 433 263 492
D40 0.0238 347 294 424 335
D40 0.0237 266 402 297 440
D40 0.0235 224 489 270 532
D40 0.0235 227 396 290 430
D40 0.0212 137 276 564 472
D40 0.0199 144 538 186 576
D40 0.0199 211 529 263 567
D40 0.0193 250 403 309 437
D40 0.0186 357 301 412 328
D40 0.0175 168 490 250 547
D40 0.0162 134 546 180 585
D40 0.0156 182 501 266 558
D40 0.0142 250 393 282 441
D40 0.0141 177 523 252 572
D40 0.0130 201 538 250 574
D40 0.0129 159 538 200 576
D40 0.0129 43 281 374 488
D40 0.0128 345 307 427 353
D40 0.0122 214 452 266 491
D40 0.0122 123 411 205 459
D40 0.0121 190 489 252 529
D40 0.0118 349 310 406 334
D40 0.0112 79 529 142 567
D40 0.0109 350 292 402 319
D40 0.0108 388 306 471 348
D40 0.0101 230 432 265 495
D40 0.0100 202 461 260 502
