D00 0.2222 101 572 146 598
D00 0.1403 81 560 152 600
D00 0.1266 108 535 163 600
D00 0.1201 71 546 180 596
D00 0.0956 406 350 444 387
D00 0.0923 391 337 441 384
D00 0.0899 373 337 476 390
D00 0.0859 12 532 192 598
D00 0.0817 465 375 593 499
D00 0.0769 1 447 32 497
D00 0.0765 88 569 154 592
D00 0.0760 0 414 92 575
D00 0.0742 19 420 155 590
D00 0.0733 0 434 43 514
D00 0.0719 93 517 189 596
D00 0.0674 355 321 457 380
D00 0.0671 446 370 570 563
D00 0.0668 367 327 515 403
D00 0.0661 489 403 600 537
D00 0.0660 398 344 456 399
D00 0.0641 229 332 264 433
D00 0.0625 116 557 148 598
D00 0.0611 413 358 453 395
D00 0.0604 237 324 257 381
D00 0.0585 226 361 253 434
D00 0.0582 3 438 61 551
D00 0.0562 62 479 193 600
D00 0.0554 390 353 496 406
D00 0.0541 394 333 600 551
D00 0.0500 402 340 584 452
D00 0.0492 236 360 258 422
D00 0.0471 375 328 429 376
D00 0.0470 440 372 561 471
D00 0.0464 96 564 189 600
D00 0.0443 398 349 543 421
D00 0.0442 497 435 600 595
D00 0.0435 2 459 28 515
D00 0.0433 478 412 544 474
D00 0.0429 489 416 580 496
D00 0.0401 245 323 265 380
D00 0.0397 222 317 277 446
D00 0.0390 67 577 144 598
D00 0.0384 228 384 249 441
D00 0.0381 492 360 599 462
D00 0.0369 396 364 446 389
D00 0.0365 509 434 592 515
D00 0.0362 212 346 259 449
D00 0.0358 230 311 263 393
D00 0.0358 124 532 176 585
D00 0.0346 112 573 179 598
D00 0.0342 238 353 270 428
D00 0.0342 477 389 582 454
D00 0.0330 406 370 468 403
D00 0.0325 5 499 136 596
D00 0.0318 375 334 494 448
D00 0.0318 405 329 458 383
D00 0.0316 386 324 462 423
D00 0.0315 229 360 274 465
D00 0.0309 328 300 448 369
D00 0.0309 229 340 251 404
D00 0.0308 230 376 262 445
D00 0.0307 465 397 533 459
D00 0.0299 463 576 522 597
D00 0.0297 527 376 600 504
D00 0.0291 499 428 555 481
D00 0.0291 229 327 252 380
D00 0.0289 326 295 360 332
D00 0.0285 408 367 523 464
D00 0.0284 116 543 196 600
D00 0.0282 543 456 597 573
D00 0.0279 400 360 483 434
D00 0.0276 101 551 144 591
D00 0.0276 42 352 295 600
D00 0.0268 0 418 37 487
D00 0.0267 12 474 73 586
D00 0.0266 321 292 364 317
D00 0.0263 458 351 590 426
D00 0.0262 454 428 561 484
D00 0.0256 382 321 415 371
D00 0.0253 90 417 220 587
D00 0.0253 243 347 290 449
D00 0.0253 413 400 539 583
D00 0.0251 407 406 574 498
D00 0.0248 426 391 542 451
D00 0.0244 114 552 156 582
D00 0.0242 242 299 267 374
D00 0.0241 329 309 355 355
D00 0.0240 351 328 550 477
D00 0.0240 245 340 266 403
D00 0.0239 47 357 184 560
D00 0.0238 355 306 422 365
D00 0.0237 378 303 486 386
D00 0.0235 329 328 354 373
D00 0.0234 489 292 600 571
D00 0.0233 470 572 554 598
D00 0.0231 374 332 438 412
D00 0.0230 491 425 534 465
D00 0.0230 396 325 435 365
D00 0.0228 524 476 584 590
D00 0.0227 329 313 573 418
D00 0.0227 210 302 259 408
D00 0.0226 413 361 487 398
D00 0.0223 126 559 175 595
D00 0.0222 496 439 546 469
D00 0.0222 114 419 138 474
D00 0.0222 552 454 599 529
D00 0.0221 473 435 575 549
D00 0.0221 374 348 502 525
D00 0.0220 237 298 258 352
D00 0.0219 332 304 367 340
D00 0.0218 415 348 470 417
D00 0.0218 197 330 274 482
D00 0.0217 440 460 581 598
D00 0.0214 6 451 102 537
D00 0.0211 365 338 422 365
D00 0.0211 413 331 489 393
D00 0.0210 522 384 598 433
D00 0.0210 220 379 244 432
D00 0.0209 383 307 445 375
D00 0.0208 474 421 530 450
D00 0.0208 320 320 346 364
D00 0.0206 112 471 172 579
D00 0.0205 296 341 543 600
D00 0.0204 87 431 130 511
D00 0.0204 364 329 418 356
D00 0.0203 424 342 556 393
D00 0.0202 41 550 136 600
D00 0.0202 0 530 30 599
D00 0.0202 74 511 146 596
D00 0.0201 382 349 424 383
D00 0.0200 310 284 356 309
D00 0.0199 319 285 370 341
D00 0.0199 338 327 362 374
D00 0.0198 413 375 497 418
D00 0.0197 228 309 251 363
D00 0.0197 405 325 531 379
D00 0.0197 2 461 39 534
D00 0.0194 368 316 410 352
D00 0.0194 122 534 152 591
D00 0.0193 106 404 145 485
D00 0.0193 436 573 512 600
D00 0.0191 231 325 284 399
D00 0.0191 248 363 281 433
D00 0.0189 193 283 241 308
D00 0.0188 320 299 349 347
D00 0.0184 461 404 541 528
D00 0.0183 146 369 263 576
D00 0.0183 93 568 130 598
D00 0.0183 334 301 384 328
D00 0.0183 322 305 364 378
D00 0.0181 2 495 55 594
D00 0.0181 33 414 127 544
D00 0.0180 228 332 302 486
D00 0.0180 312 319 336 364
D00 0.0180 333 325 366 358
D00 0.0180 513 407 600 470
D00 0.0180 426 363 459 408
D00 0.0179 192 352 475 600
D00 0.0179 233 348 259 390
D00 0.0179 190 333 247 432
D00 0.0178 0 461 73 524
D00 0.0178 88 428 162 581
D00 0.0178 541 530 593 600
D00 0.0178 412 347 469 376
D00 0.0177 421 376 481 401
D00 0.0176 465 413 523 441
D00 0.0176 400 354 439 411
D00 0.0175 105 428 130 483
D00 0.0175 254 315 275 370
D00 0.0174 335 310 386 336
D00 0.0174 194 284 271 434
D00 0.0173 569 474 600 540
D00 0.0172 423 379 466 412
D00 0.0172 215 335 249 411
D00 0.0171 498 570 580 598
D00 0.0171 172 343 310 585
D00 0.0171 215 361 290 532
D00 0.0170 504 457 569 576
D00 0.0170 221 280 255 309
D00 0.0168 288 260 319 292
D00 0.0167 353 302 406 346
D00 0.0166 235 305 294 435
D00 0.0166 441 389 522 504
D00 0.0165 316 329 372 385
D00 0.0164 425 346 458 394
D00 0.0164 284 297 304 347
D00 0.0164 213 386 271 454
D00 0.0162 457 376 524 445
D00 0.0162 486 501 586 597
D00 0.0162 454 300 600 436
D00 0.0162 233 382 306 561
D00 0.0161 193 292 243 314
D00 0.0161 544 389 600 453
D00 0.0161 245 275 268 312
D00 0.0159 468 552 538 600
D00 0.0159 354 422 588 585
D00 0.0159 211 288 246 317
D00 0.0158 389 348 461 471
D00 0.0158 320 335 345 381
D00 0.0157 325 303 382 358
D00 0.0157 321 338 366 364
D00 0.0157 318 286 349 325
D00 0.0157 323 293 400 337
D00 0.0157 451 340 542 450
D00 0.0156 235 276 260 312
D00 0.0156 409 364 446 422
D00 0.0155 96 447 121 500
D00 0.0155 303 292 352 314
D00 0.0155 251 340 387 583
D00 0.0154 292 284 341 307
D00 0.0154 220 319 259 371
D00 0.0154 251 389 284 453
D00 0.0153 444 400 522 437
D00 0.0153 323 320 366 345
D00 0.0152 242 388 270 441
D00 0.0152 493 464 585 519
D00 0.0151 481 388 521 453
D00 0.0151 340 366 454 565
D00 0.0150 49 480 120 591
D00 0.0150 524 527 576 600
D00 0.0150 74 462 139 582
D00 0.0150 343 320 400 345
D00 0.0149 563 404 600 509
D00 0.0149 226 284 251 322
D00 0.0149 0 541 54 600
D00 0.0148 246 378 291 486
D00 0.0147 355 327 413 373
D00 0.0147 67 395 143 522
D00 0.0146 313 330 359 354
D00 0.0146 283 255 308 294
D00 0.0146 489 570 531 598
D00 0.0146 249 325 277 394
D00 0.0145 345 353 450 402
D00 0.0145 26 469 77 553
D00 0.0145 533 471 595 513
D00 0.0144 420 398 505 473
D00 0.0144 376 402 496 585
D00 0.0144 387 316 427 353
D00 0.0143 330 343 353 390
D00 0.0143 326 284 372 309
D00 0.0142 473 562 507 596
D00 0.0142 171 280 232 311
D00 0.0142 103 328 224 513
D00 0.0141 203 274 250 300
D00 0.0141 436 345 512 432
D00 0.0141 97 423 150 538
D00 0.0141 559 480 596 522
D00 0.0141 333 292 382 319
D00 0.0141 292 273 337 300
D00 0.0140 327 279 356 319
D00 0.0140 330 326 411 390
D00 0.0139 361 311 414 335
D00 0.0139 302 366 411 567
D00 0.0139 492 548 568 599
D00 0.0139 293 297 313 347
D00 0.0139 303 307 324 356
D00 0.0138 246 300 281 382
D00 0.0137 372 358 447 432
D00 0.0137 186 274 234 301
D00 0.0136 555 357 600 484
D00 0.0135 264 398 287 449
D00 0.0135 397 375 447 399
D00 0.0135 563 477 600 585
D00 0.0135 400 321 482 371
D00 0.0135 272 263 316 287
D00 0.0134 301 523 325 574
D00 0.0134 549 393 594 423
D00 0.0134 339 315 378 348
D00 0.0134 499 396 538 468
D00 0.0134 311 299 338 347
D00 0.0133 223 301 273 374
D00 0.0133 0 476 46 565
D00 0.0133 290 527 336 600
D00 0.0133 409 322 440 376
D00 0.0132 289 279 320 309
D00 0.0131 150 334 177 385
D00 0.0131 306 292 402 366
D00 0.0131 306 293 347 368
D00 0.0131 112 302 204 395
D00 0.0130 253 265 278 304
D00 0.0130 479 582 542 600
D00 0.0130 426 383 484 427
D00 0.0130 507 444 579 485
D00 0.0129 259 372 289 440
D00 0.0129 215 275 242 312
D00 0.0129 119 432 191 577
D00 0.0129 293 500 334 579
D00 0.0129 212 318 344 562
D00 0.0128 12 471 152 557
D00 0.0128 534 482 600 535
D00 0.0128 96 436 138 492
D00 0.0128 275 298 295 346
D00 0.0128 88 375 155 502
D00 0.0128 123 409 146 464
D00 0.0128 338 343 361 390
D00 0.0127 46 459 93 542
D00 0.0127 250 409 325 581
D00 0.0127 126 570 207 600
D00 0.0126 253 353 276 410
D00 0.0126 280 267 311 301
D00 0.0126 141 320 184 395
D00 0.0126 271 338 466 530
D00 0.0126 321 347 366 374
D00 0.0125 31 571 120 600
D00 0.0125 532 334 600 450
D00 0.0125 494 404 525 457
D00 0.0125 528 573 589 597
D00 0.0125 343 293 374 336
D00 0.0125 419 357 481 384
D00 0.0125 462 441 534 592
D00 0.0125 343 330 402 353
D00 0.0124 139 532 210 595
D00 0.0124 355 538 416 591
D00 0.0124 0 467 26 496
D00 0.0124 79 450 122 524
D00 0.0124 376 334 406 380
D00 0.0123 256 423 294 504
D00 0.0123 139 295 215 367
D00 0.0123 560 384 600 434
D00 0.0123 137 336 171 398
D00 0.0123 131 328 267 474
D00 0.0123 478 530 523 600
D00 0.0122 219 395 242 448
D00 0.0122 558 547 596 600
D00 0.0122 230 397 277 508
D00 0.0122 187 376 258 435
D00 0.0122 220 384 260 412
D00 0.0122 496 374 588 422
D00 0.0121 228 337 267 365
D00 0.0121 493 418 559 456
D00 0.0121 289 328 443 456
D00 0.0121 257 457 296 542
D00 0.0120 245 291 266 336
D00 0.0120 537 430 600 487
D00 0.0120 272 257 315 278
D00 0.0120 423 343 497 379
D00 0.0120 365 319 396 364
D00 0.0120 336 328 385 373
D00 0.0119 1 523 56 573
D00 0.0119 1 282 27 328
D00 0.0119 218 328 244 378
D00 0.0119 483 437 549 500
D00 0.0119 398 328 448 354
D00 0.0118 121 426 145 481
D00 0.0117 359 299 400 332
D00 0.0116 482 334 600 405
D00 0.0116 284 273 307 312
D00 0.0116 217 291 242 333
D00 0.0116 516 356 600 414
D00 0.0115 179 309 252 389
D00 0.0115 92 319 184 411
D00 0.0115 65 291 418 600
D00 0.0115 115 385 154 471
D00 0.0115 135 454 260 596
D00 0.0114 159 327 186 375
D00 0.0114 477 403 510 450
D00 0.0114 407 386 470 443
D00 0.0114 299 266 326 305
D00 0.0113 164 304 227 398
D00 0.0113 511 422 543 474
D00 0.0113 483 409 549 446
D00 0.0113 525 448 586 502
D00 0.0113 0 281 67 313
D00 0.0112 344 310 442 434
D00 0.0112 298 322 358 376
D00 0.0112 8 408 52 477
D00 0.0112 33 492 69 561
D00 0.0112 146 286 243 334
D00 0.0111 94 385 140 469
D00 0.0111 94 357 150 451
D00 0.0111 124 569 158 600
D00 0.0111 308 275 354 300
D00 0.0111 224 393 252 464
D00 0.0111 317 309 359 337
D00 0.0111 93 457 139 506
D00 0.0111 0 516 27 564
D00 0.0111 205 275 234 312
D00 0.0111 221 387 278 427
D00 0.0110 517 568 560 597
D00 0.0110 440 384 505 432
D00 0.0109 422 437 554 507
D00 0.0109 17 514 66 596
D00 0.0109 255 298 275 350
D00 0.0109 27 520 96 600
D00 0.0109 345 343 427 377
D00 0.0109 418 375 455 432
D00 0.0109 80 377 145 435
D00 0.0108 114 401 140 454
D00 0.0108 149 319 196 366
D00 0.0108 447 339 516 397
D00 0.0108 504 435 536 484
D00 0.0108 435 321 584 384
D00 0.0108 305 279 375 319
D00 0.0107 177 310 205 356
D00 0.0107 153 497 200 565
D00 0.0107 322 336 361 414
D00 0.0107 259 350 310 447
D00 0.0107 293 283 315 322
D00 0.0106 200 293 264 368
D00 0.0106 401 426 466 483
D00 0.0106 112 336 166 429
D00 0.0106 253 411 285 473
D00 0.0106 101 368 152 413
D00 0.0106 87 457 113 508
D00 0.0106 345 319 372 363
D00 0.0105 141 486 186 574
D00 0.0105 470 567 496 600
D00 0.0105 90 530 133 600
D00 0.0105 500 560 541 595
D00 0.0104 214 268 259 305
D00 0.0104 312 334 335 380
D00 0.0104 452 540 514 600
D00 0.0104 392 317 455 349
D00 0.0104 346 335 371 382
D00 0.0104 405 385 456 409
D00 0.0104 72 383 140 417
D00 0.0104 309 285 339 323
D00 0.0104 147 316 204 412
D00 0.0103 104 389 170 527
D00 0.0103 338 286 426 350
D00 0.0103 450 506 550 596
D00 0.0103 120 356 167 402
D00 0.0103 22 280 100 311
D00 0.0103 51 582 117 600
D00 0.0103 508 397 565 482
D00 0.0103 25 503 61 569
D00 0.0102 335 547 405 596
D00 0.0102 211 353 290 417
D00 0.0102 469 354 533 424
D00 0.0102 269 571 342 600
D00 0.0102 84 348 159 419
D00 0.0102 371 308 437 339
D00 0.0102 397 395 458 458
D00 0.0102 164 316 201 351
D00 0.0102 395 408 494 496
D00 0.0101 307 322 386 363
D00 0.0101 414 338 470 365
D00 0.0101 297 288 332 317
D00 0.0101 128 582 190 600
D00 0.0101 131 328 178 376
D00 0.0101 85 407 134 487
D00 0.0100 0 0 86 136
D00 0.0100 265 306 286 358
D00 0.0100 130 507 172 565
D00 0.0100 66 456 112 538
D10 0.0389 7 545 148 595
D10 0.0353 111 532 181 564
D10 0.0302 0 535 47 560
D10 0.0293 90 529 181 578
D10 0.0290 73 565 142 595
D10 0.0255 105 536 164 558
D10 0.0249 288 548 403 587
D10 0.0249 307 531 421 579
D10 0.0238 1 438 78 474
D10 0.0235 0 524 70 572
D10 0.0227 117 542 166 566
D10 0.0222 378 356 435 381
D10 0.0221 6 410 77 441
D10 0.0220 447 409 527 443
D10 0.0213 299 562 390 590
D10 0.0213 4 524 110 584
D10 0.0209 275 517 453 585
D10 0.0206 5 461 88 523
D10 0.0202 238 558 337 594
D10 0.0202 100 539 163 575
D10 0.0198 47 573 143 600
D10 0.0198 65 551 146 588
D10 0.0197 4 526 55 553
D10 0.0196 4 433 48 460
D10 0.0195 0 543 46 569
D10 0.0193 388 452 448 475
D10 0.0186 465 421 527 449
D10 0.0185 195 394 251 421
D10 0.0184 10 447 93 481
D10 0.0178 369 444 465 480
D10 0.0178 379 444 439 468
D10 0.0178 277 562 353 591
D10 0.0175 352 539 442 576
D10 0.0174 319 556 391 579
D10 0.0173 278 555 333 579
D10 0.0172 15 446 127 502
D10 0.0172 469 567 573 599
D10 0.0171 472 435 541 471
D10 0.0171 461 426 535 461
D10 0.0170 435 400 517 435
D10 0.0170 256 565 320 588
D10 0.0170 246 541 393 594
D10 0.0167 322 547 441 590
D10 0.0166 174 384 267 431
D10 0.0165 6 406 63 430
D10 0.0164 259 546 351 587
D10 0.0163 52 505 169 568
D10 0.0160 527 482 600 535
D10 0.0160 1 413 53 436
D10 0.0159 462 549 578 595
D10 0.0159 501 455 587 506
D10 0.0158 242 403 287 430
D10 0.0155 262 529 371 581
D10 0.0155 0 442 31 469
D10 0.0155 377 366 434 389
D10 0.0154 482 443 549 480
D10 0.0152 6 504 99 565
D10 0.0146 233 393 276 422
D10 0.0143 73 532 154 564
D10 0.0141 6 482 91 544
D10 0.0138 416 570 518 600
D10 0.0138 251 358 301 380
D10 0.0137 3 417 64 454
D10 0.0137 183 387 246 411
D10 0.0136 209 385 255 412
D10 0.0136 528 504 600 555
D10 0.0136 220 393 261 422
D10 0.0135 31 560 119 595
D10 0.0134 96 513 298 586
D10 0.0133 553 506 598 532
D10 0.0133 258 405 309 430
D10 0.0132 373 546 434 568
D10 0.0132 252 412 296 439
D10 0.0132 437 414 501 437
D10 0.0130 209 402 256 430
D10 0.0129 96 487 182 547
D10 0.0129 226 402 270 430
D10 0.0128 249 294 302 313
D10 0.0128 208 347 254 372
D10 0.0127 553 496 597 524
D10 0.0127 215 301 259 322
D10 0.0125 222 391 306 441
D10 0.0125 499 565 560 594
D10 0.0125 492 453 559 489
D10 0.0124 3 477 54 504
D10 0.0124 20 417 96 451
D10 0.0124 421 551 542 595
D10 0.0124 426 390 503 425
D10 0.0123 344 542 498 596
D10 0.0122 119 367 167 393
D10 0.0122 0 517 47 544
D10 0.0121 100 471 150 495
D10 0.0121 250 395 297 422
D10 0.0121 142 528 263 578
D10 0.0121 346 357 448 396
D10 0.0121 109 375 158 401
D10 0.0121 223 563 300 592
D10 0.0120 83 545 144 568
D10 0.0120 249 557 311 580
D10 0.0119 314 510 414 567
D10 0.0119 0 552 46 580
D10 0.0119 407 460 463 485
D10 0.0119 0 373 68 399
D10 0.0117 251 349 301 372
D10 0.0117 235 412 281 439
D10 0.0116 2 482 64 519
D10 0.0116 91 528 154 551
D10 0.0115 414 431 521 482
D10 0.0115 368 538 422 564
D10 0.0115 354 367 413 389
D10 0.0115 553 516 598 541
D10 0.0114 507 522 591 590
D10 0.0114 17 428 94 463
D10 0.0114 425 413 517 457
D10 0.0114 20 464 132 519
D10 0.0114 174 395 236 419
D10 0.0113 292 293 344 313
D10 0.0113 14 530 84 565
D10 0.0112 12 544 67 569
D10 0.0112 249 571 325 600
D10 0.0112 22 442 87 467
D10 0.0112 272 284 321 306
D10 0.0112 354 358 415 382
D10 0.0111 509 458 571 486
D10 0.0111 429 385 493 410
D10 0.0111 390 452 481 491
D10 0.0110 271 293 322 312
D10 0.0110 84 460 172 505
D10 0.0110 364 452 419 475
D10 0.0109 48 555 118 580
D10 0.0109 233 301 280 321
D10 0.0109 334 559 405 591
D10 0.0109 476 465 573 518
D10 0.0109 428 404 487 428
D10 0.0109 51 542 135 575
D10 0.0108 362 530 476 582
D10 0.0108 244 397 350 438
D10 0.0108 184 404 245 428
D10 0.0108 17 463 93 498
D10 0.0107 219 337 259 365
D10 0.0107 102 460 148 486
D10 0.0107 428 377 492 401
D10 0.0107 246 422 288 448
D10 0.0107 2 487 44 513
D10 0.0106 408 443 459 469
D10 0.0106 300 541 390 576
D10 0.0106 0 574 50 598
D10 0.0106 293 572 375 600
D10 0.0105 24 550 102 585
D10 0.0105 0 542 86 592
D10 0.0104 208 355 253 379
D10 0.0104 542 486 594 516
D10 0.0104 164 454 374 569
D10 0.0104 420 394 475 419
D10 0.0104 147 511 260 562
D10 0.0104 241 384 285 412
D10 0.0104 356 444 409 466
D10 0.0103 100 479 151 504
D10 0.0103 506 431 594 485
D10 0.0102 289 545 339 571
D10 0.0102 0 563 48 592
D10 0.0100 218 412 264 438
D10 0.0100 236 347 278 371
D10 0.0100 354 347 416 373
D10 0.0100 429 470 478 494
D20 0.0827 0 506 194 600
D20 0.0813 0 402 123 521
D20 0.0799 3 410 180 596
D20 0.0714 0 431 60 489
D20 0.0679 0 416 71 542
D20 0.0611 0 387 405 591
D20 0.0498 3 428 111 489
D20 0.0480 3 382 142 480
D20 0.0442 187 381 597 585
D20 0.0435 11 479 277 591
D20 0.0410 362 336 447 381
D20 0.0403 324 321 474 393
D20 0.0400 0 454 114 597
D20 0.0399 0 345 250 561
D20 0.0354 0 429 32 499
D20 0.0343 82 455 194 595
D20 0.0341 0 315 600 596
D20 0.0326 395 368 552 466
D20 0.0319 111 524 181 586
D20 0.0306 0 365 84 505
D20 0.0298 1 412 84 475
D20 0.0287 96 446 550 600
D20 0.0285 232 284 281 306
D20 0.0279 9 394 122 452
D20 0.0275 291 326 600 536
D20 0.0265 0 518 44 596
D20 0.0261 1 553 154 600
D20 0.0260 39 523 267 598
D20 0.0256 358 350 515 440
D20 0.0248 335 329 435 373
D20 0.0246 28 361 194 522
D20 0.0238 99 496 346 587
D20 0.0232 6 329 225 471
D20 0.0232 223 293 271 313
D20 0.0230 112 336 281 431
D20 0.0222 233 275 280 299
D20 0.0220 0 440 42 547
D20 0.0218 74 413 290 588
D20 0.0217 212 284 261 307
D20 0.0217 0 304 134 540
D20 0.0213 305 295 451 369
D20 0.0212 0 346 160 430
D20 0.0207 180 320 284 445
D20 0.0194 371 452 600 600
D20 0.0192 0 495 81 595
D20 0.0189 203 293 251 314
D20 0.0188 44 407 146 512
D20 0.0188 0 442 56 600
D20 0.0187 291 332 553 450
D20 0.0185 0 397 42 492
D20 0.0183 225 268 314 303
D20 0.0182 0 452 47 506
D20 0.0181 214 278 303 310
D20 0.0180 21 378 139 429
D20 0.0178 453 363 600 600
D20 0.0174 0 0 408 294
D20 0.0174 118 303 269 399
D20 0.0172 226 347 305 450
D20 0.0172 385 408 559 497
D20 0.0171 108 370 288 462
D20 0.0169 167 0 600 294
D20 0.0167 415 375 507 421
D20 0.0166 482 547 587 595
D20 0.0164 225 276 268 311
D20 0.0161 0 529 31 566
D20 0.0161 45 362 152 451
D20 0.0159 362 355 452 395
D20 0.0158 250 514 430 587
D20 0.0157 92 541 237 600
D20 0.0157 0 118 290 600
D20 0.0156 76 394 165 570
D20 0.0156 153 363 276 438
D20 0.0155 312 118 600 600
D20 0.0155 423 395 518 438
D20 0.0154 240 293 292 313
D20 0.0154 456 503 600 600
D20 0.0154 242 265 291 287
D20 0.0153 244 311 511 414
D20 0.0152 328 312 415 352
D20 0.0151 186 280 247 310
D20 0.0151 333 348 441 388
D20 0.0150 11 309 179 392
D20 0.0148 0 285 85 325
D20 0.0147 17 15 600 441
D20 0.0147 6 452 141 534
D20 0.0146 249 284 302 306
D20 0.0146 98 510 189 560
D20 0.0145 348 393 524 480
D20 0.0144 86 522 163 591
D20 0.0144 122 447 213 586
D20 0.0143 167 324 509 480
D20 0.0142 251 273 301 298
D20 0.0142 335 333 458 450
D20 0.0141 183 343 254 425
D20 0.0141 243 275 288 311
D20 0.0139 185 286 267 320
D20 0.0139 0 209 178 600
D20 0.0138 260 480 551 596
D20 0.0137 0 393 70 450
D20 0.0135 0 477 38 582
D20 0.0135 125 501 180 570
D20 0.0135 246 310 436 382
D20 0.0134 212 275 260 299
D20 0.0133 0 509 27 584
D20 0.0133 113 323 345 568
D20 0.0133 173 352 340 450
D20 0.0132 54 340 222 428
D20 0.0132 70 388 160 492
D20 0.0130 526 475 600 600
D20 0.0130 0 453 26 537
D20 0.0130 236 258 318 292
D20 0.0129 174 409 372 587
D20 0.0129 228 280 264 354
D20 0.0129 216 308 325 435
D20 0.0128 0 270 148 345
D20 0.0127 497 565 600 599
D20 0.0127 147 355 250 413
D20 0.0126 135 295 251 365
D20 0.0126 219 280 275 326
D20 0.0125 261 264 309 287
D20 0.0125 211 372 290 432
D20 0.0124 454 0 600 220
D20 0.0124 195 269 276 305
D20 0.0122 94 408 210 560
D20 0.0122 50 391 226 490
D20 0.0121 251 257 300 277
D20 0.0121 318 338 417 381
D20 0.0120 383 375 463 417
D20 0.0119 0 543 88 595
D20 0.0119 231 296 261 327
D20 0.0119 175 283 282 397
D20 0.0119 376 0 600 146
D20 0.0117 96 328 224 401
D20 0.0117 15 435 80 505
D20 0.0117 180 362 287 492
D20 0.0117 158 526 387 600
D20 0.0117 201 323 261 384
D20 0.0116 342 536 540 600
D20 0.0116 217 341 407 426
D20 0.0114 248 288 280 316
D20 0.0114 0 323 101 466
D20 0.0113 399 384 481 426
D20 0.0113 0 0 146 219
D20 0.0112 91 366 233 434
D20 0.0112 59 476 182 559
D20 0.0112 66 376 163 427
D20 0.0112 203 474 357 594
D20 0.0111 287 281 349 309
D20 0.0111 227 365 352 438
D20 0.0110 241 278 270 328
D20 0.0110 310 372 485 464
D20 0.0109 211 293 387 372
D20 0.0109 291 285 365 322
D20 0.0109 223 287 317 319
D20 0.0108 149 307 249 446
D20 0.0107 11 254 530 495
D20 0.0107 242 337 323 485
D20 0.0107 261 409 457 588
D20 0.0106 78 313 199 383
D20 0.0106 372 381 499 455
D20 0.0106 217 292 258 334
D20 0.0106 67 357 165 410
D20 0.0105 15 517 120 600
D20 0.0105 151 282 268 339
D20 0.0105 13 276 106 315
D20 0.0104 304 521 388 582
D20 0.0104 205 268 580 457
D20 0.0104 176 340 275 385
D20 0.0103 47 325 160 409
D20 0.0103 242 261 272 309
D20 0.0102 103 472 270 567
D20 0.0102 157 326 237 405
D20 0.0101 124 322 183 382
D20 0.0101 90 404 179 514
D20 0.0100 108 357 210 409
D20 0.0100 129 317 226 375
D20 0.0100 90 370 180 471
D40 0.2791 135 532 185 558
D40 0.1498 131 524 189 569
D40 0.1313 2 445 42 486
D40 0.0987 102 526 193 586
D40 0.0910 0 441 72 487
D40 0.0729 0 421 87 501
D40 0.0585 144 518 182 554
D40 0.0567 130 540 182 564
D40 0.0532 116 511 209 567
D40 0.0494 2 459 38 500
D40 0.0439 84 498 215 587
D40 0.0384 155 524 197 557
D40 0.0354 0 454 77 505
D40 0.0315 135 532 174 577
D40 0.0305 120 527 235 579
D40 0.0293 1 424 49 479
D40 0.0281 347 542 411 575
D40 0.0269 3 390 91 467
D40 0.0251 0 441 22 490
D40 0.0243 32 396 125 437
D40 0.0224 121 532 163 566
D40 0.0216 13 406 109 446
D40 0.0206 326 546 414 586
D40 0.0202 0 325 156 409
D40 0.0197 8 459 78 484
D40 0.0194 116 528 175 555
D40 0.0186 0 487 268 595
D40 0.0185 119 480 190 562
D40 0.0184 343 554 401 579
D40 0.0179 10 379 127 429
D40 0.0177 550 573 597 599
D40 0.0175 367 545 423 568
D40 0.0171 328 529 416 573
D40 0.0168 354 537 404 564
D40 0.0164 57 403 119 430
D40 0.0161 61 391 130 426
D40 0.0157 146 531 202 574
D40 0.0153 544 546 600 600
D40 0.0151 14 451 116 498
D40 0.0151 30 406 94 430
D40 0.0148 0 353 123 416
D40 0.0148 4 467 67 492
D40 0.0148 11 341 129 390
D40 0.0145 124 546 189 585
D40 0.0143 259 426 289 461
D40 0.0142 175 291 226 315
D40 0.0141 17 447 57 493
D40 0.0141 0 368 50 393
D40 0.0139 0 470 44 527
D40 0.0136 0 461 19 515
D40 0.0134 0 359 76 397
D40 0.0134 36 413 104 437
D40 0.0134 163 276 237 313
D40 0.0132 0 312 118 382
D40 0.0131 368 547 406 582
D40 0.0130 22 439 73 474
D40 0.0129 4 332 88 398
D40 0.0129 14 429 62 466
D40 0.0126 2 477 41 505
D40 0.0124 0 479 30 519
D40 0.0122 356 526 405 589
D40 0.0121 13 433 115 479
D40 0.0121 28 409 72 442
D40 0.0118 5 405 61 455
D40 0.0116 145 285 221 326
D40 0.0114 253 435 285 470
D40 0.0112 252 415 284 453
D40 0.0112 158 292 210 316
D40 0.0111 0 362 30 397
D40 0.0111 10 291 181 371
D40 0.0110 254 441 296 464
D40 0.0107 19 412 78 461
D40 0.0107 259 405 289 444
D40 0.0106 55 284 139 322
D40 0.0105 567 558 600 598
D40 0.0103 38 412 131 456
D40 0.0103 0 269 398 459
D40 0.0102 37 455 84 490
D40 0.0102 21 403 64 435
D40 0.0102 46 322 159 374
