D00 0.1361 238 384 304 532
D00 0.1325 256 430 296 522
D00 0.1244 267 460 301 552
D00 0.1179 226 372 284 486
D00 0.1133 218 362 241 416
D00 0.1097 240 399 274 476
D00 0.1086 259 431 322 588
D00 0.1060 273 471 296 532
D00 0.1045 112 353 138 408
D00 0.0967 210 357 234 406
D00 0.0950 233 392 261 448
D00 0.0944 103 362 131 416
D00 0.0892 226 381 253 438
D00 0.0879 266 464 291 522
D00 0.0875 96 349 137 425
D00 0.0868 253 428 278 483
D00 0.0823 246 412 285 496
D00 0.0700 219 365 262 452
D00 0.0692 86 325 152 440
D00 0.0662 94 370 124 426
D00 0.0643 86 360 129 441
D00 0.0632 119 346 146 399
D00 0.0632 228 386 336 573
D00 0.0617 263 444 289 507
D00 0.0604 274 478 312 579
D00 0.0570 212 349 248 427
D00 0.0529 279 471 335 586
D00 0.0519 238 406 271 448
D00 0.0508 110 338 151 414
D00 0.0505 248 414 316 506
D00 0.0505 204 357 298 510
D00 0.0494 247 448 305 539
D00 0.0481 109 343 141 383
D00 0.0481 265 442 313 523
D00 0.0470 98 364 135 395
D00 0.0466 251 468 302 587
D00 0.0449 287 524 328 600
D00 0.0434 261 451 367 596
D00 0.0415 196 399 306 590
D00 0.0413 89 334 144 402
D00 0.0407 231 435 289 549
D00 0.0406 217 340 239 394
D00 0.0401 206 344 272 462
D00 0.0399 71 358 143 411
D00 0.0393 279 479 304 541
D00 0.0372 90 373 131 404
D00 0.0366 217 397 277 465
D00 0.0366 246 415 280 458
D00 0.0365 228 384 278 441
D00 0.0362 247 441 285 468
D00 0.0357 23 331 150 441
D00 0.0356 271 471 307 512
D00 0.0351 252 423 348 540
D00 0.0350 72 344 139 474
D00 0.0350 203 341 240 410
D00 0.0349 275 498 298 558
D00 0.0347 265 488 291 546
D00 0.0347 189 367 379 590
D00 0.0344 127 310 160 340
D00 0.0336 293 539 319 594
D00 0.0335 233 425 282 480
D00 0.0328 85 380 115 433
D00 0.0323 282 498 305 562
D00 0.0322 120 330 147 380
D00 0.0314 98 351 147 392
D00 0.0308 97 367 147 409
D00 0.0307 257 421 287 475
D00 0.0299 251 472 297 529
D00 0.0299 142 311 166 352
D00 0.0298 247 437 304 474
D00 0.0295 72 322 157 375
D00 0.0288 110 364 150 395
D00 0.0286 285 505 319 578
D00 0.0285 229 402 268 431
D00 0.0277 254 450 286 494
D00 0.0274 206 346 235 383
D00 0.0269 108 311 145 339
D00 0.0268 204 365 243 394
D00 0.0263 266 451 300 496
D00 0.0263 240 395 304 470
D00 0.0263 226 407 258 459
D00 0.0262 223 350 249 399
D00 0.0260 33 337 146 394
D00 0.0260 64 372 136 428
D00 0.0259 129 346 156 397
D00 0.0255 131 319 157 365
D00 0.0251 298 535 327 585
D00 0.0251 264 506 326 591
D00 0.0250 293 535 352 596
D00 0.0249 96 353 169 406
D00 0.0247 156 374 276 568
D00 0.0246 120 315 150 353
D00 0.0245 20 331 158 588
D00 0.0244 0 331 50 354
D00 0.0244 212 373 248 402
D00 0.0241 211 414 288 499
D00 0.0240 212 340 341 487
D00 0.0239 245 443 277 500
D00 0.0238 95 382 133 412
D00 0.0237 200 352 227 396
D00 0.0235 261 478 296 505
D00 0.0235 61 316 166 416
D00 0.0234 280 421 409 588
D00 0.0231 111 325 140 366
D00 0.0231 229 367 259 419
D00 0.0231 120 324 161 402
D00 0.0229 57 350 122 448
D00 0.0228 224 472 338 600
D00 0.0227 268 465 331 535
D00 0.0227 220 450 309 571
D00 0.0226 249 393 279 449
D00 0.0226 226 393 267 421
D00 0.0224 77 381 120 456
D00 0.0221 267 485 300 513
D00 0.0218 254 449 295 473
D00 0.0215 87 374 148 457
D00 0.0212 224 378 393 495
D00 0.0210 96 347 139 372
D00 0.0209 103 333 134 377
D00 0.0208 224 370 301 434
D00 0.0205 95 351 127 402
D00 0.0205 233 443 301 504
D00 0.0203 193 370 257 470
D00 0.0203 285 530 310 586
D00 0.0201 94 324 172 489
D00 0.0200 249 414 438 533
D00 0.0200 86 358 136 383
D00 0.0196 285 508 365 590
D00 0.0196 172 518 209 599
D00 0.0194 296 554 330 596
D00 0.0194 2 358 109 568
D00 0.0193 266 400 336 503
D00 0.0193 239 377 270 430
D00 0.0191 48 323 116 345
D00 0.0190 107 352 329 584
D00 0.0186 266 480 318 519
D00 0.0186 257 446 348 505
D00 0.0184 214 383 252 412
D00 0.0183 0 320 67 348
D00 0.0180 218 398 248 449
D00 0.0178 3 352 131 477
D00 0.0177 275 448 308 505
D00 0.0176 331 457 375 542
D00 0.0176 84 398 111 446
D00 0.0176 266 463 321 504
D00 0.0176 112 358 160 467
D00 0.0175 81 342 193 423
D00 0.0175 0 553 26 600
D00 0.0174 88 392 127 423
D00 0.0174 82 314 137 336
D00 0.0173 103 318 132 353
D00 0.0173 230 471 287 585
D00 0.0170 73 359 187 571
D00 0.0167 110 306 155 328
D00 0.0167 39 340 228 538
D00 0.0167 211 432 313 519
D00 0.0166 22 320 102 347
D00 0.0165 286 445 356 556
D00 0.0165 293 544 338 571
D00 0.0164 261 416 303 481
D00 0.0164 140 343 284 480
D00 0.0163 210 380 237 429
D00 0.0163 354 456 449 600
D00 0.0160 113 367 235 569
D00 0.0159 142 327 165 375
D00 0.0158 304 542 337 591
D00 0.0157 215 460 433 600
D00 0.0156 243 390 285 429
D00 0.0155 242 456 285 523
D00 0.0155 267 508 307 566
D00 0.0155 117 356 161 384
D00 0.0154 0 529 43 600
D00 0.0154 236 436 269 488
D00 0.0153 80 320 122 348
D00 0.0152 80 402 121 432
D00 0.0152 375 518 421 600
D00 0.0150 0 448 83 600
D00 0.0150 44 360 153 496
D00 0.0149 259 402 289 459
D00 0.0149 392 530 439 600
D00 0.0147 120 367 147 421
D00 0.0145 301 523 342 582
D00 0.0145 151 311 173 352
D00 0.0144 290 567 323 600
D00 0.0143 120 451 198 600
D00 0.0142 69 344 264 451
D00 0.0142 322 467 409 593
D00 0.0142 0 573 47 599
D00 0.0141 110 376 137 431
D00 0.0141 16 353 131 414
D00 0.0140 274 396 482 569
D00 0.0139 125 332 178 428
D00 0.0139 307 479 378 585
D00 0.0138 255 490 284 543
D00 0.0138 100 386 129 439
D00 0.0138 118 360 163 411
D00 0.0137 0 332 217 461
D00 0.0136 210 316 260 413
D00 0.0134 392 458 481 600
D00 0.0134 60 389 139 447
D00 0.0134 218 282 447 588
D00 0.0134 275 519 301 574
D00 0.0133 118 347 161 373
D00 0.0133 248 408 344 472
D00 0.0133 95 326 125 361
D00 0.0133 43 311 119 338
D00 0.0132 278 491 323 552
D00 0.0132 258 456 295 485
D00 0.0130 209 439 273 545
D00 0.0129 191 328 257 436
D00 0.0129 133 311 171 389
D00 0.0128 142 346 166 395
D00 0.0128 56 365 135 397
D00 0.0126 84 361 117 409
D00 0.0125 271 525 349 577
D00 0.0125 283 465 315 518
D00 0.0124 73 400 106 462
D00 0.0124 367 497 412 583
D00 0.0123 93 371 176 430
D00 0.0123 339 479 402 542
D00 0.0122 294 263 521 583
D00 0.0122 0 555 76 600
D00 0.0121 68 384 122 412
D00 0.0121 262 379 310 457
D00 0.0121 12 310 86 338
D00 0.0120 0 321 37 347
D00 0.0120 0 334 32 365
D00 0.0119 339 485 365 538
D00 0.0119 183 388 267 515
D00 0.0119 277 425 365 502
D00 0.0119 93 305 144 325
D00 0.0118 254 399 295 437
D00 0.0118 373 481 434 589
D00 0.0117 223 418 266 484
D00 0.0116 260 494 295 525
D00 0.0116 230 481 303 537
D00 0.0115 0 375 42 459
D00 0.0115 288 552 329 580
D00 0.0114 121 300 149 337
D00 0.0114 1 420 27 467
D00 0.0114 151 447 233 600
D00 0.0114 58 380 114 485
D00 0.0114 323 442 366 522
D00 0.0113 7 406 76 537
D00 0.0112 406 546 444 600
D00 0.0112 25 379 107 457
D00 0.0111 260 531 379 600
D00 0.0111 130 440 310 571
D00 0.0110 365 551 416 599
D00 0.0110 302 546 377 599
D00 0.0109 40 328 82 355
D00 0.0109 137 303 168 332
D00 0.0109 297 516 327 571
D00 0.0109 153 326 174 373
D00 0.0108 1 402 26 452
D00 0.0108 139 354 170 417
D00 0.0108 268 549 346 600
D00 0.0108 285 535 328 563
D00 0.0107 399 573 449 599
D00 0.0107 6 336 53 364
D00 0.0107 62 345 141 375
D00 0.0107 244 391 343 450
D00 0.0106 301 567 340 600
D00 0.0106 200 332 224 381
D00 0.0106 324 487 384 550
D00 0.0106 180 496 217 588
D00 0.0105 180 289 311 508
D00 0.0105 277 395 315 462
D00 0.0105 153 362 175 413
D00 0.0105 272 426 315 493
D00 0.0105 19 329 64 355
D00 0.0104 355 465 416 572
D00 0.0104 135 479 184 590
D00 0.0104 0 385 92 489
D00 0.0104 200 457 276 593
D00 0.0104 198 362 232 420
D00 0.0104 203 390 254 438
D00 0.0104 7 343 72 397
D00 0.0104 338 464 365 520
D00 0.0104 376 543 404 595
D00 0.0103 5 340 82 461
D00 0.0103 16 478 69 589
D00 0.0103 72 363 114 423
D00 0.0102 151 478 199 590
D00 0.0102 180 522 203 580
D00 0.0102 349 524 414 596
D00 0.0101 119 254 397 600
D00 0.0101 249 361 286 426
D00 0.0101 38 449 80 529
D00 0.0101 352 403 503 596
D00 0.0100 272 393 301 444
D00 0.0100 0 428 30 493
D00 0.0100 327 366 449 540
D00 0.0100 258 370 297 434
D00 0.0100 185 354 222 388
D10 0.0324 0 340 62 361
D10 0.0278 255 442 308 467
D10 0.0260 0 424 45 449
D10 0.0251 0 332 62 354
D10 0.0244 28 341 96 360
D10 0.0240 0 335 87 367
D10 0.0233 223 420 270 449
D10 0.0232 221 375 267 400
D10 0.0230 234 440 279 468
D10 0.0218 45 332 120 352
D10 0.0216 264 449 317 474
D10 0.0211 240 412 285 437
D10 0.0207 93 338 140 359
D10 0.0205 234 429 275 460
D10 0.0205 250 431 295 461
D10 0.0205 2 431 55 455
D10 0.0197 203 394 253 419
D10 0.0195 215 402 260 430
D10 0.0195 298 544 347 572
D10 0.0195 38 337 129 362
D10 0.0191 237 403 288 429
D10 0.0191 272 478 326 505
D10 0.0190 248 421 296 447
D10 0.0188 2 348 60 371
D10 0.0188 89 413 140 439
D10 0.0185 228 385 279 410
D10 0.0185 230 394 278 420
D10 0.0183 214 411 263 441
D10 0.0180 0 18 61 43
D10 0.0179 0 462 47 486
D10 0.0178 225 443 285 481
D10 0.0173 0 414 73 457
D10 0.0170 204 427 287 479
D10 0.0168 11 327 116 357
D10 0.0162 98 423 153 446
D10 0.0162 0 465 57 498
D10 0.0162 267 458 315 486
D10 0.0160 302 553 357 580
D10 0.0159 273 441 325 467
D10 0.0155 269 468 313 498
D10 0.0155 21 349 81 370
D10 0.0154 240 408 304 444
D10 0.0154 264 432 317 459
D10 0.0153 237 479 291 505
D10 0.0152 204 384 249 411
D10 0.0148 203 447 295 506
D10 0.0148 256 413 309 437
D10 0.0146 73 400 158 445
D10 0.0145 301 541 374 576
D10 0.0140 229 368 279 390
D10 0.0140 296 546 402 591
D10 0.0140 117 339 161 361
D10 0.0140 0 440 44 466
D10 0.0138 271 464 374 521
D10 0.0136 141 433 185 456
D10 0.0135 86 402 127 432
D10 0.0135 179 350 231 374
D10 0.0134 1 574 59 599
D10 0.0134 82 422 133 446
D10 0.0132 304 536 355 564
D10 0.0131 337 469 387 491
D10 0.0131 270 463 346 501
D10 0.0128 228 481 297 519
D10 0.0127 209 431 267 455
D10 0.0126 66 376 125 402
D10 0.0125 229 458 281 485
D10 0.0124 266 422 317 448
D10 0.0124 0 451 45 478
D10 0.0124 120 424 170 448
D10 0.0124 282 450 335 477
D10 0.0123 0 469 38 493
D10 0.0123 0 563 45 594
D10 0.0122 180 358 234 383
D10 0.0121 317 555 381 580
D10 0.0119 281 459 337 487
D10 0.0119 10 424 66 447
D10 0.0118 0 516 77 563
D10 0.0118 0 453 84 498
D10 0.0118 238 377 290 400
D10 0.0118 235 517 289 539
D10 0.0117 271 482 348 518
D10 0.0117 108 415 159 439
D10 0.0117 0 376 48 401
D10 0.0117 70 412 114 439
D10 0.0116 113 471 162 493
D10 0.0115 356 490 445 532
D10 0.0115 239 468 288 497
D10 0.0115 318 564 383 590
D10 0.0115 122 432 170 455
D10 0.0112 0 512 54 546
D10 0.0112 86 415 186 455
D10 0.0111 258 404 309 429
D10 0.0111 5 414 55 442
D10 0.0110 38 349 107 370
D10 0.0110 195 458 276 491
D10 0.0110 309 466 413 520
D10 0.0109 0 3 76 43
D10 0.0108 176 396 236 417
D10 0.0108 132 471 179 494
D10 0.0108 0 526 46 549
D10 0.0107 63 368 127 391
D10 0.0107 113 462 161 486
D10 0.0107 331 560 411 595
D10 0.0106 47 382 124 416
D10 0.0106 0 357 49 383
D10 0.0106 0 468 75 515
D10 0.0105 205 508 306 549
D10 0.0105 0 507 46 533
D10 0.0105 247 394 300 421
D10 0.0105 0 555 83 600
D10 0.0105 187 404 247 426
D10 0.0105 337 497 419 544
D10 0.0105 178 412 283 455
D10 0.0105 0 367 48 392
D10 0.0105 198 423 257 447
D10 0.0104 248 506 293 534
D10 0.0104 0 385 47 408
D10 0.0104 223 508 282 532
D10 0.0104 0 497 76 544
D10 0.0104 307 460 358 487
D10 0.0104 0 430 73 478
D10 0.0103 152 451 259 503
D10 0.0103 278 413 325 438
D10 0.0103 0 478 48 504
D10 0.0103 0 493 55 528
D10 0.0102 277 481 374 545
D10 0.0102 98 403 146 430
D10 0.0101 153 431 261 485
D10 0.0101 320 468 367 493
D10 0.0101 287 432 333 458
D10 0.0100 327 522 429 588
D10 0.0100 365 503 432 534
D10 0.0100 177 471 228 495
D10 0.0100 0 392 100 448
D10 0.0100 56 395 113 421
D10 0.0100 320 507 369 532
D20 0.0545 221 375 273 449
D20 0.0492 215 352 255 433
D20 0.0452 101 321 149 345
D20 0.0445 205 356 284 466
D20 0.0429 210 350 246 401
D20 0.0422 14 323 157 379
D20 0.0404 109 313 155 336
D20 0.0376 0 331 163 412
D20 0.0371 92 331 142 352
D20 0.0365 231 386 294 458
D20 0.0353 118 319 161 344
D20 0.0349 47 327 152 357
D20 0.0346 193 381 308 521
D20 0.0337 270 457 390 594
D20 0.0326 87 317 162 352
D20 0.0323 215 367 256 392
D20 0.0320 82 323 138 346
D20 0.0302 203 330 240 410
D20 0.0300 220 366 267 419
D20 0.0299 96 320 151 372
D20 0.0293 151 369 300 473
D20 0.0282 247 431 398 535
D20 0.0281 10 308 160 358
D20 0.0280 257 433 323 506
D20 0.0278 205 359 275 408
D20 0.0270 263 457 342 510
D20 0.0266 214 344 241 383
D20 0.0259 0 386 388 587
D20 0.0257 218 396 269 437
D20 0.0255 217 406 283 465
D20 0.0254 33 318 134 350
D20 0.0252 115 326 151 358
D20 0.0251 247 416 314 482
D20 0.0249 144 426 314 526
D20 0.0248 234 388 354 516
D20 0.0244 211 354 265 390
D20 0.0244 276 521 445 600
D20 0.0241 54 332 130 352
D20 0.0240 226 389 285 428
D20 0.0239 83 341 280 426
D20 0.0237 129 313 171 336
D20 0.0234 202 357 241 387
D20 0.0229 0 352 151 453
D20 0.0226 32 334 137 364
D20 0.0221 219 361 331 485
D20 0.0220 174 357 255 403
D20 0.0218 0 326 76 359
D20 0.0214 131 391 518 585
D20 0.0212 220 383 257 411
D20 0.0205 182 346 271 439
D20 0.0199 86 336 144 365
D20 0.0197 75 329 144 379
D20 0.0194 77 319 190 385
D20 0.0189 292 542 404 594
D20 0.0187 127 309 160 357
D20 0.0185 216 328 257 405
D20 0.0183 218 465 302 519
D20 0.0182 197 368 253 406
D20 0.0182 102 309 173 344
D20 0.0182 65 309 151 343
D20 0.0180 221 373 286 406
D20 0.0180 208 388 263 425
D20 0.0175 313 466 439 599
D20 0.0174 296 530 362 588
D20 0.0174 33 342 136 378
D20 0.0172 0 452 232 600
D20 0.0170 90 331 226 403
D20 0.0169 0 408 42 481
D20 0.0168 231 361 297 426
D20 0.0165 108 313 144 359
D20 0.0162 182 392 275 437
D20 0.0162 80 328 123 355
D20 0.0161 60 449 461 600
D20 0.0161 44 352 144 394
D20 0.0160 0 341 74 379
D20 0.0159 0 340 117 388
D20 0.0157 0 0 408 294
D20 0.0156 238 403 323 455
D20 0.0156 236 451 542 600
D20 0.0154 69 334 439 543
D20 0.0153 167 0 600 294
D20 0.0151 277 424 339 491
D20 0.0149 204 345 258 380
D20 0.0149 161 457 320 568
D20 0.0148 285 442 354 503
D20 0.0146 171 374 265 417
D20 0.0144 192 343 236 389
D20 0.0142 318 555 421 598
D20 0.0141 0 118 290 600
D20 0.0140 0 366 150 600
D20 0.0137 312 118 600 600
D20 0.0136 201 349 241 374
D20 0.0132 454 0 600 219
D20 0.0132 368 454 600 600
D20 0.0130 121 433 196 600
D20 0.0130 319 511 409 591
D20 0.0129 239 386 323 434
D20 0.0129 0 371 107 498
D20 0.0129 123 313 176 368
D20 0.0128 291 458 423 532
D20 0.0128 162 344 253 384
D20 0.0128 0 0 600 434
D20 0.0128 262 476 359 526
D20 0.0127 128 328 171 353
D20 0.0127 367 544 430 600
D20 0.0126 0 332 49 368
D20 0.0126 25 307 118 341
D20 0.0125 0 236 516 600
D20 0.0124 0 386 34 462
D20 0.0124 0 0 144 221
D20 0.0123 0 342 267 532
D20 0.0122 270 405 330 471
D20 0.0122 0 432 44 509
D20 0.0120 213 445 293 499
D20 0.0119 297 490 388 577
D20 0.0119 36 369 136 414
D20 0.0118 138 319 183 344
D20 0.0115 453 364 600 600
D20 0.0115 202 472 356 588
D20 0.0114 285 387 600 585
D20 0.0114 0 350 55 406
D20 0.0114 118 355 238 411
D20 0.0114 100 367 177 536
D20 0.0112 133 462 174 541
D20 0.0111 303 443 388 516
D20 0.0109 0 425 30 461
D20 0.0108 194 524 379 600
D20 0.0108 225 347 268 373
D20 0.0108 332 0 600 178
D20 0.0107 217 483 305 535
D20 0.0104 148 332 253 415
D20 0.0103 110 335 167 366
D20 0.0101 239 382 305 417
D20 0.0101 289 517 373 568
D20 0.0101 237 363 275 398
D20 0.0101 249 406 375 484
D20 0.0101 526 0 600 108
D20 0.0101 114 324 229 376
D20 0.0100 0 0 261 178
D40 0.0286 175 549 206 588
D40 0.0215 171 529 210 600
D40 0.0213 220 398 542 569
D40 0.0213 171 562 212 591
D40 0.0211 118 561 153 596
D40 0.0201 280 447 480 572
D40 0.0189 107 556 189 599
D40 0.0182 352 461 404 487
D40 0.0182 118 573 168 599
D40 0.0181 337 453 420 495
D40 0.0163 312 417 521 528
D40 0.0163 248 454 576 600
D40 0.0161 313 487 520 593
D40 0.0160 156 553 231 597
D40 0.0157 242 375 510 510
D40 0.0140 19 320 491 566
D40 0.0140 344 469 397 491
D40 0.0138 290 445 424 513
D40 0.0136 330 460 378 487
D40 0.0135 354 460 437 506
D40 0.0135 359 470 416 493
D40 0.0132 114 542 158 600
D40 0.0129 316 459 440 530
D40 0.0128 356 448 551 570
D40 0.0125 127 544 213 593
D40 0.0125 327 460 401 505
D40 0.0120 177 555 221 582
D40 0.0119 340 448 400 483
D40 0.0119 335 463 370 499
D40 0.0119 290 356 600 533
D40 0.0117 125 549 160 587
D40 0.0116 308 541 351 577
D40 0.0116 110 569 146 600
D40 0.0116 169 539 202 580
D40 0.0113 373 553 454 600
D40 0.0107 365 478 452 523
D40 0.0105 326 455 361 492
D40 0.0105 300 452 387 497
D40 0.0104 391 572 442 599
D40 0.0104 87 566 168 600
D40 0.0103 285 434 392 490
D40 0.0103 186 544 210 593
D40 0.0103 280 394 325 420
D40 0.0102 390 498 444 523
