D00 0.0767 149 464 240 573
D00 0.0586 175 505 221 592
D00 0.0534 199 544 222 590
D00 0.0487 132 497 228 587
D00 0.0430 157 500 210 576
D00 0.0410 113 450 281 573
D00 0.0404 177 542 222 588
D00 0.0395 167 458 252 539
D00 0.0387 188 563 230 588
D00 0.0379 190 530 228 598
D00 0.0364 162 531 216 581
D00 0.0334 157 525 259 581
D00 0.0326 166 514 199 567
D00 0.0313 278 550 308 584
D00 0.0312 166 422 283 542
D00 0.0306 167 484 228 558
D00 0.0306 187 532 215 583
D00 0.0291 194 547 240 590
D00 0.0275 389 503 425 595
D00 0.0273 259 554 305 581
D00 0.0264 146 387 315 570
D00 0.0263 135 525 206 583
D00 0.0239 77 476 229 571
D00 0.0236 157 468 222 534
D00 0.0234 144 542 242 590
D00 0.0234 203 552 230 593
D00 0.0234 185 468 235 549
D00 0.0233 116 564 173 588
D00 0.0228 59 385 279 584
D00 0.0228 185 512 214 568
D00 0.0228 270 563 315 586
D00 0.0225 492 328 572 358
D00 0.0222 192 502 226 576
D00 0.0221 573 335 599 385
D00 0.0219 187 441 272 519
D00 0.0218 175 503 207 560
D00 0.0205 157 537 198 575
D00 0.0204 466 328 542 357
D00 0.0204 182 555 263 592
D00 0.0200 192 475 246 525
D00 0.0200 189 401 301 518
D00 0.0193 135 447 245 522
D00 0.0192 179 494 272 571
D00 0.0189 571 343 600 410
D00 0.0188 121 538 193 590
D00 0.0186 197 564 257 588
D00 0.0183 158 557 223 590
D00 0.0183 397 482 433 579
D00 0.0180 447 322 572 368
D00 0.0180 417 409 452 497
D00 0.0174 104 497 198 573
D00 0.0172 471 316 566 353
D00 0.0171 147 519 208 561
D00 0.0171 396 530 419 583
D00 0.0171 216 360 333 542
D00 0.0167 92 561 165 592
D00 0.0165 502 320 579 350
D00 0.0163 144 495 218 550
D00 0.0163 272 540 301 581
D00 0.0163 186 493 216 550
D00 0.0161 0 446 245 582
D00 0.0160 243 420 304 483
D00 0.0159 278 556 327 580
D00 0.0157 556 519 600 598
D00 0.0157 212 420 290 500
D00 0.0157 384 409 452 587
D00 0.0156 194 571 241 595
D00 0.0156 265 541 318 590
D00 0.0155 223 392 312 490
D00 0.0155 425 425 445 483
D00 0.0154 186 459 294 564
D00 0.0154 68 525 194 580
D00 0.0152 408 429 444 513
D00 0.0151 490 364 596 564
D00 0.0150 196 491 224 547
D00 0.0150 248 563 303 586
D00 0.0148 184 330 357 582
D00 0.0148 503 334 582 366
D00 0.0147 176 490 239 528
D00 0.0146 160 477 202 545
D00 0.0145 247 546 300 573
D00 0.0144 185 545 228 573
D00 0.0144 165 481 233 520
D00 0.0144 148 534 185 589
D00 0.0143 210 467 264 514
D00 0.0142 230 547 308 585
D00 0.0142 45 417 237 541
D00 0.0141 488 323 553 346
D00 0.0140 107 572 163 595
D00 0.0139 547 347 597 443
D00 0.0139 108 545 164 589
D00 0.0138 112 370 234 551
D00 0.0137 399 461 436 545
D00 0.0137 399 522 429 586
D00 0.0136 189 557 217 600
D00 0.0136 136 549 175 584
D00 0.0135 192 530 224 567
D00 0.0134 14 497 203 577
D00 0.0134 178 571 225 595
D00 0.0134 3 255 223 589
D00 0.0134 425 393 462 478
D00 0.0134 128 466 202 556
D00 0.0133 158 505 191 561
D00 0.0133 374 447 432 581
D00 0.0132 573 544 597 593
D00 0.0132 184 484 271 532
D00 0.0132 437 343 580 582
D00 0.0131 217 443 283 545
D00 0.0131 252 403 314 469
D00 0.0131 5 518 137 588
D00 0.0129 290 546 314 587
D00 0.0129 0 536 53 600
D00 0.0128 180 459 239 511
D00 0.0128 567 499 600 578
D00 0.0128 201 479 255 507
D00 0.0127 379 486 419 578
D00 0.0126 456 331 513 354
D00 0.0126 393 386 447 523
D00 0.0124 130 553 159 592
D00 0.0123 239 377 331 472
D00 0.0123 204 458 285 508
D00 0.0123 252 378 372 562
D00 0.0122 393 483 422 558
D00 0.0122 164 460 218 510
D00 0.0122 120 377 284 500
D00 0.0122 231 424 307 556
D00 0.0122 401 385 470 557
D00 0.0121 582 351 600 404
D00 0.0120 169 491 211 529
D00 0.0119 171 431 264 492
D00 0.0118 574 513 598 567
D00 0.0117 204 482 234 534
D00 0.0116 457 319 530 349
D00 0.0115 200 517 234 587
D00 0.0115 255 434 295 473
D00 0.0114 412 410 441 480
D00 0.0113 117 568 189 597
D00 0.0113 187 542 252 578
D00 0.0113 0 230 410 600
D00 0.0113 278 566 310 599
D00 0.0113 231 439 283 488
D00 0.0112 510 311 589 361
D00 0.0112 450 335 566 390
D00 0.0112 533 542 600 596
D00 0.0111 533 452 600 599
D00 0.0111 0 558 34 596
D00 0.0110 417 378 454 461
D00 0.0109 283 529 306 576
D00 0.0109 93 316 312 548
D00 0.0109 368 525 425 585
D00 0.0107 386 543 427 587
D00 0.0107 175 509 237 548
D00 0.0106 247 349 362 460
D00 0.0106 404 503 443 593
D00 0.0106 499 453 540 526
D00 0.0106 432 417 454 472
D00 0.0105 121 530 197 568
D00 0.0105 251 404 321 534
D00 0.0105 93 526 160 587
D00 0.0104 248 444 287 481
D00 0.0104 416 435 437 493
D00 0.0104 406 490 427 550
D00 0.0104 366 346 501 583
D00 0.0103 104 471 209 527
D00 0.0103 414 370 529 567
D00 0.0102 575 371 598 421
D00 0.0102 388 532 413 582
D00 0.0102 221 448 274 500
D00 0.0102 412 458 440 528
D00 0.0102 548 481 595 582
D00 0.0101 76 490 191 548
D00 0.0101 281 352 423 576
D00 0.0101 465 338 521 361
D00 0.0101 232 446 295 509
D00 0.0101 48 508 169 564
D00 0.0100 171 478 228 506
D00 0.0100 0 526 80 576
D00 0.0100 491 338 553 362
D00 0.0100 261 572 308 596
D10 0.0254 528 328 598 360
D10 0.0252 529 401 600 429
D10 0.0227 511 550 600 589
D10 0.0213 164 543 213 573
D10 0.0209 165 534 211 563
D10 0.0203 331 553 418 579
D10 0.0196 125 564 184 587
D10 0.0191 135 542 224 585
D10 0.0190 538 396 599 419
D10 0.0190 99 556 191 592
D10 0.0187 157 552 213 580
D10 0.0184 511 389 600 424
D10 0.0171 321 540 429 576
D10 0.0170 541 557 596 581
D10 0.0169 160 515 207 542
D10 0.0169 161 523 206 555
D10 0.0168 495 457 591 495
D10 0.0168 158 507 207 530
D10 0.0168 519 321 596 350
D10 0.0161 503 396 600 442
D10 0.0158 468 367 600 431
D10 0.0156 338 547 405 571
D10 0.0156 504 463 557 487
D10 0.0152 562 404 600 427
D10 0.0152 559 330 600 355
D10 0.0150 446 388 501 409
D10 0.0148 204 532 316 578
D10 0.0148 117 556 174 582
D10 0.0145 449 546 600 598
D10 0.0145 509 470 567 493
D10 0.0143 548 323 597 345
D10 0.0143 139 558 216 589
D10 0.0139 486 531 592 581
D10 0.0138 322 556 385 576
D10 0.0136 538 347 597 373
D10 0.0135 276 525 425 579
D10 0.0135 503 403 581 430
D10 0.0133 518 338 584 364
D10 0.0132 143 544 198 572
D10 0.0132 438 307 585 352
D10 0.0131 381 415 437 437
D10 0.0131 368 365 447 394
D10 0.0130 519 467 598 497
D10 0.0130 454 397 511 418
D10 0.0128 448 389 593 449
D10 0.0126 519 463 578 486
D10 0.0125 446 379 559 424
D10 0.0125 372 404 447 433
D10 0.0123 533 542 600 576
D10 0.0123 175 506 222 532
D10 0.0122 554 545 597 570
D10 0.0122 287 549 411 588
D10 0.0122 294 554 375 579
D10 0.0121 532 410 600 440
D10 0.0120 385 549 488 587
D10 0.0120 415 471 456 495
D10 0.0119 431 380 521 416
D10 0.0117 490 466 556 498
D10 0.0117 432 513 600 589
D10 0.0117 134 511 201 548
D10 0.0117 183 526 229 550
D10 0.0116 284 557 342 579
D10 0.0116 164 497 215 522
D10 0.0116 183 536 229 559
D10 0.0115 414 479 456 503
D10 0.0115 439 396 491 418
D10 0.0115 396 565 451 587
D10 0.0114 393 556 437 582
D10 0.0114 342 561 422 587
D10 0.0114 374 555 422 581
D10 0.0113 183 507 293 565
D10 0.0113 362 407 458 446
D10 0.0112 359 369 460 406
D10 0.0111 432 387 481 409
D10 0.0111 378 377 438 398
D10 0.0110 284 565 341 586
D10 0.0109 250 533 363 576
D10 0.0108 463 394 541 422
D10 0.0105 183 515 230 542
D10 0.0104 539 462 595 485
D10 0.0104 551 470 600 494
D10 0.0102 403 563 485 589
D10 0.0101 415 467 478 499
D10 0.0101 405 557 462 581
D10 0.0100 0 261 412 590
D10 0.0100 350 546 439 586
D10 0.0100 174 531 236 565
D20 0.0554 467 318 600 376
D20 0.0414 124 480 262 584
D20 0.0385 520 330 600 374
D20 0.0360 102 512 226 586
D20 0.0316 155 518 291 585
D20 0.0293 473 310 595 353
D20 0.0290 456 331 600 420
D20 0.0275 149 522 218 575
D20 0.0259 493 324 591 362
D20 0.0249 521 316 600 406
D20 0.0236 3 491 223 589
D20 0.0225 193 550 302 585
D20 0.0218 550 335 600 383
D20 0.0209 536 337 596 365
D20 0.0202 0 436 288 585
D20 0.0199 52 393 461 583
D20 0.0194 33 527 218 597
D20 0.0191 569 333 600 371
D20 0.0187 566 327 600 406
D20 0.0186 86 543 207 590
D20 0.0184 92 556 179 593
D20 0.0184 196 389 600 584
D20 0.0179 137 504 213 561
D20 0.0169 524 345 600 392
D20 0.0167 539 331 600 453
D20 0.0164 156 487 366 584
D20 0.0150 557 328 597 361
D20 0.0149 373 453 600 600
D20 0.0147 151 460 304 566
D20 0.0146 0 0 408 294
D20 0.0145 509 345 600 490
D20 0.0143 167 0 600 294
D20 0.0143 502 350 596 411
D20 0.0138 117 450 538 600
D20 0.0131 0 0 145 218
D20 0.0131 77 504 315 600
D20 0.0131 582 334 600 385
D20 0.0131 421 361 599 439
D20 0.0129 0 118 290 600
D20 0.0125 312 118 600 600
D20 0.0125 454 367 600 600
D20 0.0123 564 347 600 446
D20 0.0122 532 300 600 361
D20 0.0119 455 0 600 219
D20 0.0118 0 0 600 434
D20 0.0117 0 368 149 600
D20 0.0116 127 331 531 540
D20 0.0115 0 236 516 600
D20 0.0114 535 328 583 359
D20 0.0114 229 540 307 580
D20 0.0113 70 566 167 600
D20 0.0112 0 317 285 541
D20 0.0112 555 290 600 401
D20 0.0112 170 534 339 595
D20 0.0110 405 324 579 401
D20 0.0108 487 338 580 378
D20 0.0106 0 527 123 600
D20 0.0105 0 0 258 178
D20 0.0102 567 387 600 462
D20 0.0102 512 481 600 600
D20 0.0100 228 549 341 589
D40 0.0604 551 573 598 598
D40 0.0389 526 566 600 600
D40 0.0354 568 560 599 595
D40 0.0300 152 468 212 531
D40 0.0260 148 530 221 580
D40 0.0248 161 537 206 575
D40 0.0240 161 481 202 520
D40 0.0229 145 492 204 527
D40 0.0217 157 543 264 590
D40 0.0204 503 551 600 594
D40 0.0202 208 541 310 577
D40 0.0190 141 551 228 592
D40 0.0182 450 295 532 331
D40 0.0179 0 530 177 599
D40 0.0175 160 473 222 511
D40 0.0174 189 556 276 591
D40 0.0166 556 546 600 600
D40 0.0165 570 581 600 600
D40 0.0164 570 349 600 388
D40 0.0162 201 433 280 476
D40 0.0161 128 496 204 546
D40 0.0160 22 546 148 593
D40 0.0143 0 573 48 599
D40 0.0142 0 566 82 600
D40 0.0142 461 302 522 325
D40 0.0141 236 547 299 572
D40 0.0140 78 524 156 569
D40 0.0135 153 502 197 537
D40 0.0134 224 555 296 579
D40 0.0129 155 563 216 587
D40 0.0129 121 478 201 526
D40 0.0127 0 323 364 544
D40 0.0126 571 368 600 407
D40 0.0126 200 532 300 566
D40 0.0123 213 442 266 466
D40 0.0117 581 570 600 600
D40 0.0116 20 575 80 598
D40 0.0115 383 564 431 586
D40 0.0114 487 294 569 330
D40 0.0112 31 572 106 600
D40 0.0112 0 393 267 571
D40 0.0109 456 304 545 341
D40 0.0108 578 359 600 398
D40 0.0107 199 572 254 595
D40 0.0105 2 558 41 596
D40 0.0105 5 535 85 599
D40 0.0104 0 287 587 586
D40 0.0104 571 389 600 424
D40 0.0102 104 507 194 555
D40 0.0102 516 357 600 401
D40 0.0101 189 441 268 489
D40 0.0100 73 546 166 589
D40 0.0100 225 539 294 559
