D00 0.1583 6 466 87 564
D00 0.1137 18 495 61 542
D00 0.0950 18 475 78 539
D00 0.0928 0 428 102 549
D00 0.0827 8 446 195 572
D00 0.0772 14 490 58 574
D00 0.0720 0 479 138 579
D00 0.0633 9 505 78 590
D00 0.0583 183 393 308 512
D00 0.0575 8 463 158 537
D00 0.0549 207 397 268 459
D00 0.0469 27 496 77 530
D00 0.0445 211 409 254 446
D00 0.0442 522 543 600 600
D00 0.0442 207 575 272 598
D00 0.0421 9 486 70 524
D00 0.0414 245 412 304 478
D00 0.0413 254 428 295 509
D00 0.0405 11 445 91 516
D00 0.0380 218 400 258 437
D00 0.0379 160 406 290 484
D00 0.0379 168 416 309 583
D00 0.0374 522 464 586 574
D00 0.0361 0 477 54 552
D00 0.0357 499 406 554 444
D00 0.0355 223 511 270 600
D00 0.0348 195 418 258 455
D00 0.0342 0 536 64 597
D00 0.0340 488 553 588 596
D00 0.0332 224 405 307 544
D00 0.0325 541 440 596 561
D00 0.0320 245 441 290 536
D00 0.0317 204 549 275 600
D00 0.0316 494 504 573 569
D00 0.0312 201 512 256 600
D00 0.0299 234 489 277 577
D00 0.0297 171 480 265 596
D00 0.0294 564 525 600 600
D00 0.0290 482 394 600 584
D00 0.0285 270 419 299 473
D00 0.0284 539 500 598 590
D00 0.0282 33 463 97 530
D00 0.0280 385 364 425 393
D00 0.0269 215 402 293 471
D00 0.0267 574 439 598 489
D00 0.0265 483 397 543 438
D00 0.0263 95 431 250 578
D00 0.0255 262 429 290 478
D00 0.0255 367 528 416 600
D00 0.0254 575 550 599 600
D00 0.0254 172 398 285 449
D00 0.0253 205 430 260 460
D00 0.0253 30 487 79 518
D00 0.0251 499 412 563 466
D00 0.0251 0 502 199 600
D00 0.0239 2 426 173 516
D00 0.0238 360 327 398 356
D00 0.0235 268 400 315 480
D00 0.0234 0 524 120 600
D00 0.0232 364 357 430 390
D00 0.0231 0 376 268 579
D00 0.0229 173 424 258 471
D00 0.0228 194 415 275 523
D00 0.0226 519 500 561 559
D00 0.0226 0 374 124 600
D00 0.0224 568 445 600 513
D00 0.0221 223 482 303 597
D00 0.0219 216 560 260 597
D00 0.0218 22 522 60 592
D00 0.0215 242 513 288 600
D00 0.0215 374 551 436 599
D00 0.0213 256 435 304 484
D00 0.0211 243 387 325 501
D00 0.0211 353 339 403 360
D00 0.0210 193 378 313 447
D00 0.0210 13 559 82 594
D00 0.0208 517 414 587 519
D00 0.0205 509 568 590 600
D00 0.0205 0 568 66 599
D00 0.0204 244 438 323 588
D00 0.0202 190 506 256 561
D00 0.0199 129 477 185 554
D00 0.0199 512 398 543 441
D00 0.0199 517 462 566 546
D00 0.0198 16 483 51 533
D00 0.0194 229 402 261 453
D00 0.0194 26 474 87 512
D00 0.0190 222 437 278 535
D00 0.0188 7 493 45 538
D00 0.0188 201 570 246 599
D00 0.0187 548 561 600 600
D00 0.0187 562 479 600 582
D00 0.0186 206 414 240 460
D00 0.0184 0 509 51 588
D00 0.0181 506 372 593 444
D00 0.0180 1 421 64 524
D00 0.0179 17 390 237 504
D00 0.0178 558 455 595 522
D00 0.0178 176 534 250 600
D00 0.0175 506 421 578 482
D00 0.0175 501 428 575 543
D00 0.0175 371 576 440 599
D00 0.0175 508 493 561 538
D00 0.0174 189 581 256 599
D00 0.0174 502 375 552 451
D00 0.0173 162 435 246 482
D00 0.0171 15 430 111 489
D00 0.0171 278 412 307 467
D00 0.0171 260 440 302 531
D00 0.0170 354 340 404 383
D00 0.0168 346 332 398 369
D00 0.0167 394 356 435 388
D00 0.0166 216 421 276 449
D00 0.0165 0 170 46 194
D00 0.0164 121 362 367 568
D00 0.0164 234 561 277 597
D00 0.0163 186 415 251 437
D00 0.0160 189 482 242 550
D00 0.0160 30 539 69 596
D00 0.0158 8 550 54 586
D00 0.0157 0 542 31 592
D00 0.0156 375 361 404 396
D00 0.0156 519 502 548 545
D00 0.0155 33 507 63 562
D00 0.0155 380 355 415 399
D00 0.0154 146 484 196 561
D00 0.0154 195 414 250 486
D00 0.0154 538 398 598 493
D00 0.0153 43 422 111 453
D00 0.0152 22 391 160 556
D00 0.0152 545 442 592 505
D00 0.0150 255 451 283 513
D00 0.0149 570 427 600 466
D00 0.0148 28 572 88 597
D00 0.0148 375 439 424 507
D00 0.0145 351 530 397 600
D00 0.0143 500 391 539 431
D00 0.0142 35 421 118 530
D00 0.0141 33 471 68 527
D00 0.0139 496 573 567 598
D00 0.0138 258 398 298 467
D00 0.0138 237 396 379 568
D00 0.0138 367 480 417 571
D00 0.0137 260 429 305 462
D00 0.0136 526 557 575 592
D00 0.0135 196 520 246 573
D00 0.0134 394 452 420 497
D00 0.0133 266 427 314 503
D00 0.0132 213 541 246 597
D00 0.0130 459 380 534 437
D00 0.0130 187 367 357 488
D00 0.0130 233 541 262 598
D00 0.0130 235 380 303 467
D00 0.0130 265 421 347 562
D00 0.0127 371 343 422 386
D00 0.0127 273 419 327 470
D00 0.0127 227 388 281 454
D00 0.0127 499 528 568 600
D00 0.0126 514 396 575 442
D00 0.0126 367 367 428 417
D00 0.0126 532 373 600 405
D00 0.0126 364 351 396 391
D00 0.0125 253 421 285 472
D00 0.0125 260 386 324 457
D00 0.0125 261 524 308 600
D00 0.0124 532 464 588 521
D00 0.0124 27 553 57 595
D00 0.0124 281 361 308 402
D00 0.0122 390 458 424 516
D00 0.0122 40 496 111 591
D00 0.0121 531 353 600 461
D00 0.0121 28 551 101 599
D00 0.0120 243 540 271 597
D00 0.0119 8 161 52 190
D00 0.0119 37 570 118 600
D00 0.0118 556 508 596 571
D00 0.0118 207 555 237 599
D00 0.0118 218 419 254 466
D00 0.0118 0 406 121 502
D00 0.0118 281 521 325 600
D00 0.0118 168 516 238 576
D00 0.0117 361 349 413 373
D00 0.0117 290 448 376 585
D00 0.0116 232 407 279 444
D00 0.0116 84 360 333 483
D00 0.0116 366 331 422 352
D00 0.0116 59 432 113 455
D00 0.0116 341 328 386 355
D00 0.0115 253 417 312 456
D00 0.0115 513 418 544 462
D00 0.0115 346 482 397 565
D00 0.0114 196 498 231 552
D00 0.0114 489 404 542 472
D00 0.0114 291 535 362 600
D00 0.0113 267 409 303 448
D00 0.0113 381 348 450 379
D00 0.0113 570 582 600 600
D00 0.0113 35 564 95 592
D00 0.0112 371 458 409 517
D00 0.0112 127 571 208 600
D00 0.0111 13 414 151 475
D00 0.0111 163 414 239 505
D00 0.0110 562 435 595 480
D00 0.0110 57 485 151 595
D00 0.0109 570 472 600 544
D00 0.0109 56 434 144 538
D00 0.0108 379 377 416 409
D00 0.0108 128 525 183 600
D00 0.0107 487 366 535 448
D00 0.0107 50 456 90 519
D00 0.0107 565 385 600 468
D00 0.0107 363 329 411 399
D00 0.0106 570 370 600 406
D00 0.0106 274 407 335 507
D00 0.0106 194 428 238 464
D00 0.0106 385 468 450 529
D00 0.0105 323 440 363 515
D00 0.0105 384 434 447 494
D00 0.0105 0 144 50 197
D00 0.0105 5 563 39 600
D00 0.0104 372 332 402 373
D00 0.0104 522 440 582 487
D00 0.0104 40 478 92 503
D00 0.0103 532 479 578 541
D00 0.0103 212 461 254 533
D00 0.0103 19 444 81 491
D00 0.0103 206 529 235 590
D00 0.0102 484 450 557 558
D00 0.0102 573 523 599 575
D00 0.0102 149 368 271 533
D00 0.0102 55 425 118 483
D00 0.0102 371 563 406 600
D00 0.0101 0 351 77 539
D00 0.0101 582 454 600 507
D00 0.0101 352 320 391 349
D00 0.0101 358 436 409 509
D00 0.0101 35 552 79 587
D00 0.0100 341 345 387 375
D00 0.0100 367 319 405 349
D00 0.0100 271 489 350 599
D00 0.0100 481 391 525 429
D10 0.0767 404 520 600 584
D10 0.0679 501 419 590 447
D10 0.0640 471 405 595 467
D10 0.0602 491 523 589 583
D10 0.0583 476 410 552 439
D10 0.0519 500 421 558 442
D10 0.0484 523 429 600 463
D10 0.0481 515 504 580 538
D10 0.0480 529 425 597 446
D10 0.0447 468 503 577 544
D10 0.0434 196 510 265 546
D10 0.0430 213 439 295 485
D10 0.0404 531 446 600 480
D10 0.0391 507 509 562 534
D10 0.0380 456 505 592 569
D10 0.0375 498 549 584 583
D10 0.0374 252 449 295 475
D10 0.0357 548 441 598 470
D10 0.0336 244 436 322 484
D10 0.0335 400 485 509 517
D10 0.0334 525 539 593 575
D10 0.0327 194 524 251 546
D10 0.0326 502 426 592 482
D10 0.0325 168 516 262 553
D10 0.0307 250 500 421 575
D10 0.0305 13 489 65 517
D10 0.0295 386 413 468 440
D10 0.0278 510 495 596 547
D10 0.0274 510 542 600 592
D10 0.0270 401 406 574 462
D10 0.0267 561 450 600 475
D10 0.0263 504 426 576 458
D10 0.0262 191 501 284 564
D10 0.0262 551 458 596 485
D10 0.0262 432 491 497 512
D10 0.0255 526 498 583 526
D10 0.0252 262 450 318 475
D10 0.0251 491 515 561 540
D10 0.0247 193 520 288 590
D10 0.0244 531 507 588 531
D10 0.0241 473 540 574 575
D10 0.0238 487 559 579 593
D10 0.0238 510 395 600 448
D10 0.0236 382 421 459 446
D10 0.0235 234 392 308 422
D10 0.0235 542 535 593 562
D10 0.0234 172 518 237 541
D10 0.0233 258 439 304 471
D10 0.0224 561 432 600 459
D10 0.0224 442 488 527 516
D10 0.0223 481 497 565 532
D10 0.0222 438 543 534 572
D10 0.0220 204 546 321 596
D10 0.0218 257 385 314 408
D10 0.0217 5 474 70 512
D10 0.0216 351 408 453 443
D10 0.0214 249 448 360 489
D10 0.0212 532 415 593 441
D10 0.0211 2 456 71 490
D10 0.0210 280 480 432 557
D10 0.0201 531 516 588 540
D10 0.0201 258 457 304 482
D10 0.0198 401 492 565 545
D10 0.0196 507 463 588 525
D10 0.0196 441 491 556 529
D10 0.0194 525 520 591 560
D10 0.0193 507 442 590 505
D10 0.0192 551 478 594 505
D10 0.0190 473 421 543 443
D10 0.0189 215 378 317 434
D10 0.0187 250 373 321 405
D10 0.0187 380 466 452 496
D10 0.0186 185 507 246 537
D10 0.0184 370 416 433 437
D10 0.0184 256 395 311 416
D10 0.0183 13 448 87 481
D10 0.0182 530 480 593 520
D10 0.0180 225 445 333 503
D10 0.0180 542 552 594 580
D10 0.0179 383 399 484 436
D10 0.0179 536 462 596 503
D10 0.0178 141 451 216 485
D10 0.0177 0 494 57 530
D10 0.0176 505 405 562 436
D10 0.0175 323 559 409 597
D10 0.0174 223 487 339 539
D10 0.0173 240 526 381 584
D10 0.0173 224 565 283 595
D10 0.0172 481 518 568 556
D10 0.0171 431 420 584 491
D10 0.0170 384 473 494 511
D10 0.0169 556 544 600 568
D10 0.0168 544 525 594 553
D10 0.0166 203 573 292 598
D10 0.0165 151 522 233 551
D10 0.0165 223 506 343 563
D10 0.0162 358 564 420 593
D10 0.0160 531 562 595 592
D10 0.0159 481 555 565 578
D10 0.0159 251 362 369 407
D10 0.0158 2 469 57 494
D10 0.0158 519 442 584 467
D10 0.0157 321 412 407 439
D10 0.0157 247 377 363 428
D10 0.0157 517 454 591 490
D10 0.0155 421 483 487 506
D10 0.0155 225 466 334 522
D10 0.0154 429 535 522 565
D10 0.0152 193 565 253 595
D10 0.0152 168 362 382 453
D10 0.0152 235 457 285 483
D10 0.0152 225 455 386 533
D10 0.0151 436 472 575 524
D10 0.0150 388 462 441 487
D10 0.0149 464 509 547 531
D10 0.0149 522 451 584 475
D10 0.0149 257 431 392 484
D10 0.0149 244 404 301 427
D10 0.0149 561 468 600 497
D10 0.0149 371 424 432 444
D10 0.0149 24 479 75 504
D10 0.0148 547 496 593 523
D10 0.0148 205 488 261 515
D10 0.0147 170 578 255 600
D10 0.0147 551 420 600 452
D10 0.0146 531 382 599 411
D10 0.0146 318 460 418 503
D10 0.0146 397 408 513 442
D10 0.0145 197 527 260 562
D10 0.0144 271 459 335 481
D10 0.0143 297 455 371 487
D10 0.0142 262 435 339 473
D10 0.0141 15 464 81 501
D10 0.0141 193 475 266 511
D10 0.0140 497 430 550 455
D10 0.0137 115 458 202 492
D10 0.0137 1 554 51 582
D10 0.0137 444 497 504 520
D10 0.0137 343 417 442 454
D10 0.0136 280 451 345 476
D10 0.0136 571 441 600 469
D10 0.0136 394 407 459 430
D10 0.0135 19 460 79 484
D10 0.0134 1 452 55 478
D10 0.0134 403 490 472 512
D10 0.0133 22 438 97 471
D10 0.0132 355 470 414 495
D10 0.0130 397 494 480 523
D10 0.0128 525 488 576 516
D10 0.0127 321 398 428 435
D10 0.0127 560 487 600 512
D10 0.0126 456 498 530 522
D10 0.0126 218 363 321 413
D10 0.0125 276 511 387 551
D10 0.0124 293 500 401 543
D10 0.0123 278 416 413 469
D10 0.0122 237 396 322 445
D10 0.0122 332 469 395 494
D10 0.0121 520 473 587 509
D10 0.0121 317 550 400 586
D10 0.0121 520 411 569 444
D10 0.0121 312 415 375 436
D10 0.0120 181 498 246 525
D10 0.0119 452 479 535 509
D10 0.0119 310 464 384 495
D10 0.0119 362 402 439 433
D10 0.0119 261 368 312 394
D10 0.0118 303 366 391 392
D10 0.0118 402 481 470 504
D10 0.0118 320 574 391 598
D10 0.0118 571 459 600 485
D10 0.0117 382 477 432 504
D10 0.0117 377 416 510 460
D10 0.0116 452 513 544 544
D10 0.0115 278 396 414 447
D10 0.0115 0 479 48 505
D10 0.0114 332 434 440 487
D10 0.0114 268 390 336 421
D10 0.0113 559 517 600 542
D10 0.0113 549 394 598 416
D10 0.0113 302 402 387 430
D10 0.0113 521 385 600 429
D10 0.0113 314 420 395 449
D10 0.0112 0 178 46 199
D10 0.0111 265 467 397 521
D10 0.0110 291 377 350 400
D10 0.0108 498 485 567 522
D10 0.0108 185 441 242 467
D10 0.0107 291 369 352 391
D10 0.0106 356 478 412 504
D10 0.0106 0 310 43 332
D10 0.0106 500 435 567 471
D10 0.0106 28 553 99 587
D10 0.0106 187 533 239 556
D10 0.0104 0 460 45 485
D10 0.0104 2 439 71 474
D10 0.0104 561 386 600 409
D10 0.0103 306 452 360 478
D10 0.0102 256 347 371 391
D10 0.0102 451 523 543 557
D10 0.0101 364 453 477 502
D10 0.0101 337 505 410 539
D10 0.0101 443 450 570 505
D10 0.0100 560 507 600 531
D10 0.0100 214 479 267 505
D20 0.5017 34 434 600 600
D20 0.2425 268 474 598 597
D20 0.1657 81 404 398 591
D20 0.1580 265 510 452 599
D20 0.1362 153 486 492 591
D20 0.1276 421 508 600 587
D20 0.1247 128 438 282 589
D20 0.0979 486 446 598 586
D20 0.0939 234 415 562 580
D20 0.0928 401 414 600 600
D20 0.0926 190 422 296 600
D20 0.0872 140 413 292 528
D20 0.0838 390 475 600 569
D20 0.0744 356 531 600 597
D20 0.0672 330 464 459 596
D20 0.0660 148 522 429 600
D20 0.0651 322 537 442 597
D20 0.0611 193 393 319 529
D20 0.0593 137 385 402 525
D20 0.0583 488 401 600 537
D20 0.0572 158 496 317 600
D20 0.0549 0 450 283 600
D20 0.0527 453 394 594 450
D20 0.0518 281 327 600 600
D20 0.0512 173 457 336 576
D20 0.0501 467 398 554 440
D20 0.0477 193 494 273 545
D20 0.0469 41 397 326 529
D20 0.0469 108 521 284 600
D20 0.0446 205 398 398 492
D20 0.0440 377 374 581 440
D20 0.0439 511 493 592 577
D20 0.0438 531 427 600 575
D20 0.0433 332 565 434 600
D20 0.0424 361 518 424 600
D20 0.0418 347 527 485 600
D20 0.0409 17 165 600 591
D20 0.0408 239 418 448 509
D20 0.0396 552 434 600 510
D20 0.0391 227 467 437 573
D20 0.0389 383 400 589 471
D20 0.0388 356 552 454 600
D20 0.0375 259 352 446 416
D20 0.0373 520 434 600 480
D20 0.0373 476 376 600 477
D20 0.0369 347 459 549 548
D20 0.0368 309 380 587 512
D20 0.0367 486 506 575 552
D20 0.0364 207 480 288 597
D20 0.0359 199 557 295 600
D20 0.0349 169 568 274 600
D20 0.0341 0 521 55 591
D20 0.0334 532 526 599 592
D20 0.0331 244 384 445 470
D20 0.0327 372 435 593 530
D20 0.0327 295 342 443 392
D20 0.0326 323 427 452 552
D20 0.0321 201 387 320 469
D20 0.0320 150 393 301 480
D20 0.0318 353 331 403 353
D20 0.0313 0 525 199 600
D20 0.0312 326 351 417 390
D20 0.0311 229 421 334 600
D20 0.0304 225 410 379 539
D20 0.0302 0 462 66 530
D20 0.0300 156 544 272 596
D20 0.0294 346 354 538 414
D20 0.0294 496 402 572 448
D20 0.0293 517 453 591 544
D20 0.0283 297 441 419 600
D20 0.0283 354 354 441 393
D20 0.0278 17 15 600 441
D20 0.0275 267 543 407 595
D20 0.0272 565 419 600 490
D20 0.0268 505 407 594 474
D20 0.0265 450 459 596 540
D20 0.0265 302 361 437 403
D20 0.0263 0 332 272 542
D20 0.0262 0 319 452 600
D20 0.0260 0 377 168 600
D20 0.0251 172 480 255 546
D20 0.0250 354 575 423 599
D20 0.0250 211 466 267 543
D20 0.0249 191 537 336 599
D20 0.0248 511 485 574 543
D20 0.0246 345 343 493 392
D20 0.0243 209 402 297 453
D20 0.0242 0 554 67 598
D20 0.0242 290 404 472 490
D20 0.0238 348 421 552 505
D20 0.0236 291 365 473 435
D20 0.0235 562 517 600 600
D20 0.0234 553 464 600 590
D20 0.0231 130 450 211 511
D20 0.0226 232 372 333 497
D20 0.0225 306 396 488 600
D20 0.0225 262 369 345 407
D20 0.0224 519 449 600 499
D20 0.0222 344 339 398 361
D20 0.0222 369 568 481 600
D20 0.0221 337 385 530 458
D20 0.0221 356 361 485 404
D20 0.0219 249 372 409 435
D20 0.0215 217 374 349 443
D20 0.0213 570 436 600 475
D20 0.0212 493 376 591 436
D20 0.0210 248 428 335 478
D20 0.0210 350 440 426 578
D20 0.0208 4 446 78 511
D20 0.0206 169 360 539 504
D20 0.0204 312 500 405 598
D20 0.0202 390 398 542 441
D20 0.0202 343 534 405 600
D20 0.0200 529 388 600 508
D20 0.0200 329 333 407 369
D20 0.0200 210 433 346 514
D20 0.0200 220 382 316 421
D20 0.0199 0 0 291 600
D20 0.0198 454 353 600 437
D20 0.0198 0 0 408 294
D20 0.0196 472 565 577 600
D20 0.0195 245 504 375 595
D20 0.0194 552 400 600 479
D20 0.0194 167 0 600 294
D20 0.0194 311 0 600 600
D20 0.0194 542 463 599 532
D20 0.0193 235 425 290 499
D20 0.0186 368 453 430 508
D20 0.0185 350 372 503 428
D20 0.0184 355 392 494 497
D20 0.0182 337 345 404 376
D20 0.0182 339 325 415 359
D20 0.0181 221 581 288 599
D20 0.0181 353 420 452 512
D20 0.0181 489 511 587 599
D20 0.0180 536 484 600 557
D20 0.0177 372 457 495 590
D20 0.0175 296 442 440 513
D20 0.0170 273 357 585 455
D20 0.0169 582 437 600 488
D20 0.0167 270 369 318 394
D20 0.0167 472 481 578 558
D20 0.0167 447 403 566 558
D20 0.0164 492 419 586 497
D20 0.0162 296 567 404 600
D20 0.0157 191 451 252 538
D20 0.0151 243 394 359 453
D20 0.0151 354 336 418 364
D20 0.0150 336 468 433 513
D20 0.0148 259 414 348 464
D20 0.0148 373 346 460 384
D20 0.0147 0 435 90 481
D20 0.0146 268 376 380 509
D20 0.0146 178 582 247 600
D20 0.0145 272 364 374 399
D20 0.0145 241 361 328 402
D20 0.0144 314 379 426 515
D20 0.0142 455 327 600 567
D20 0.0142 318 324 451 378
D20 0.0142 0 428 51 503
D20 0.0142 212 427 271 519
D20 0.0141 373 582 439 600
D20 0.0141 549 507 600 572
D20 0.0141 272 377 369 417
D20 0.0141 345 323 396 347
D20 0.0138 260 377 325 441
D20 0.0138 301 377 435 422
D20 0.0137 310 390 457 452
D20 0.0135 578 413 600 477
D20 0.0135 267 441 395 552
D20 0.0135 272 362 317 430
D20 0.0134 340 581 406 600
D20 0.0133 437 375 530 435
D20 0.0132 0 507 33 581
D20 0.0132 419 452 547 585
D20 0.0131 366 457 414 538
D20 0.0129 153 504 245 600
D20 0.0128 0 538 48 574
D20 0.0128 283 369 339 393
D20 0.0126 498 488 555 556
D20 0.0126 572 445 600 498
D20 0.0126 538 563 600 600
D20 0.0126 377 466 439 530
D20 0.0125 457 495 555 547
D20 0.0123 0 0 143 219
D20 0.0123 20 565 113 600
D20 0.0123 358 436 425 497
D20 0.0122 383 446 447 500
D20 0.0121 0 568 51 600
D20 0.0121 109 489 216 600
D20 0.0120 307 434 428 486
D20 0.0120 121 562 242 600
D20 0.0120 16 425 108 467
D20 0.0119 323 526 386 600
D20 0.0118 278 405 369 480
D20 0.0117 355 320 416 349
D20 0.0115 439 363 558 415
D20 0.0114 0 515 100 600
D20 0.0114 347 468 396 556
D20 0.0112 249 384 303 461
D20 0.0111 267 363 342 472
D20 0.0111 378 339 563 402
D20 0.0110 454 0 600 219
D20 0.0109 524 433 578 510
D20 0.0109 284 354 393 387
D20 0.0108 320 328 395 354
D20 0.0108 327 452 402 508
D20 0.0106 480 359 584 417
D20 0.0105 579 523 600 593
D20 0.0105 246 563 374 600
D20 0.0105 52 544 231 600
D20 0.0104 431 380 543 501
D20 0.0104 507 450 556 544
D20 0.0103 278 355 312 407
D20 0.0103 402 410 515 553
D20 0.0102 500 552 600 600
D20 0.0102 359 555 402 600
D20 0.0102 484 473 561 538
D20 0.0101 582 569 600 600
D20 0.0101 438 404 532 463
D20 0.0101 0 392 61 539
D20 0.0101 19 488 134 600
D20 0.0101 515 394 600 443
D20 0.0100 274 339 389 404
D20 0.0100 449 520 554 600
D40 0.3812 376 527 443 567
D40 0.2823 330 515 507 595
D40 0.2424 0 426 370 586
D40 0.2216 112 447 276 551
D40 0.1750 351 520 449 592
D40 0.1682 371 530 425 557
D40 0.1652 261 504 598 591
D40 0.1427 353 514 481 569
D40 0.1424 4 499 58 552
D40 0.1386 28 473 287 588
D40 0.1332 130 463 247 529
D40 0.1323 146 456 209 523
D40 0.1314 9 513 52 545
D40 0.1204 67 460 228 536
D40 0.1168 374 514 455 557
D40 0.1087 368 529 425 581
D40 0.1056 373 534 485 573
D40 0.0960 375 539 427 566
D40 0.0950 153 481 194 520
D40 0.0928 0 470 207 559
D40 0.0919 123 472 210 551
D40 0.0854 386 536 474 559
D40 0.0835 342 477 517 574
D40 0.0827 381 523 434 546
D40 0.0814 141 445 266 514
D40 0.0813 156 471 203 512
D40 0.0810 366 530 548 579
D40 0.0797 142 483 217 533
D40 0.0796 3 523 47 551
D40 0.0784 14 494 101 537
D40 0.0765 328 521 432 563
D40 0.0760 395 527 449 557
D40 0.0759 121 473 242 584
D40 0.0712 492 414 549 438
D40 0.0692 155 449 233 499
D40 0.0671 108 479 200 526
D40 0.0670 164 462 212 502
D40 0.0652 0 511 53 575
D40 0.0650 163 421 291 541
D40 0.0641 69 493 218 569
D40 0.0625 148 483 268 539
D40 0.0599 504 533 591 581
D40 0.0599 187 453 290 579
D40 0.0593 360 520 428 552
D40 0.0592 198 431 296 476
D40 0.0588 361 483 441 561
D40 0.0570 408 537 599 593
D40 0.0567 380 542 460 564
D40 0.0533 513 503 581 572
D40 0.0531 46 430 247 516
D40 0.0530 52 486 199 540
D40 0.0523 9 502 218 594
D40 0.0523 362 369 418 393
D40 0.0499 196 493 276 544
D40 0.0496 127 502 241 561
D40 0.0493 151 496 203 524
D40 0.0468 52 521 295 600
D40 0.0468 284 503 437 578
D40 0.0458 51 465 145 501
D40 0.0434 165 489 266 574
D40 0.0432 337 361 424 395
D40 0.0421 251 444 288 479
D40 0.0418 22 470 179 526
D40 0.0417 345 527 411 554
D40 0.0417 100 447 201 520
D40 0.0409 28 507 142 541
D40 0.0409 213 486 300 535
D40 0.0409 24 504 78 534
D40 0.0408 213 396 263 421
D40 0.0407 156 487 213 514
D40 0.0404 167 459 222 487
D40 0.0404 180 391 264 430
D40 0.0403 96 441 210 578
D40 0.0401 214 442 285 466
D40 0.0387 451 545 555 587
D40 0.0386 508 509 571 545
D40 0.0385 520 505 560 539
D40 0.0384 131 406 292 600
D40 0.0382 0 532 44 558
D40 0.0379 346 551 487 600
D40 0.0374 161 427 280 489
D40 0.0370 310 516 410 591
D40 0.0365 62 396 306 506
D40 0.0360 208 505 266 535
D40 0.0358 191 507 274 594
D40 0.0358 349 465 429 594
D40 0.0348 105 436 238 491
D40 0.0347 147 476 188 539
D40 0.0346 104 515 183 559
D40 0.0346 529 512 600 587
D40 0.0346 205 398 260 444
D40 0.0345 37 507 106 532
D40 0.0341 222 499 285 571
D40 0.0340 239 493 287 542
D40 0.0340 109 523 223 583
D40 0.0334 527 545 586 570
D40 0.0334 244 463 299 532
D40 0.0332 391 544 495 589
D40 0.0331 468 516 580 581
D40 0.0329 13 437 190 538
D40 0.0328 381 512 421 567
D40 0.0325 217 437 285 556
D40 0.0325 133 465 205 504
D40 0.0324 84 444 174 483
D40 0.0323 366 491 509 545
D40 0.0318 237 431 296 491
D40 0.0318 486 400 555 444
D40 0.0316 25 507 54 561
D40 0.0313 467 555 582 596
D40 0.0313 127 488 190 514
D40 0.0312 225 506 279 531
D40 0.0311 150 501 229 538
D40 0.0310 186 463 284 526
D40 0.0310 406 538 525 574
D40 0.0308 23 504 175 558
D40 0.0308 67 454 165 494
D40 0.0307 212 397 301 441
D40 0.0305 109 494 193 546
D40 0.0304 27 476 114 527
D40 0.0304 0 522 34 568
D40 0.0303 173 471 219 510
D40 0.0301 403 504 512 571
D40 0.0299 405 354 501 386
D40 0.0299 203 510 254 545
D40 0.0297 225 397 287 420
D40 0.0297 148 509 249 591
D40 0.0294 392 531 432 576
D40 0.0294 65 472 127 495
D40 0.0294 78 474 184 515
D40 0.0293 291 518 407 559
D40 0.0293 432 359 494 381
D40 0.0292 219 403 272 430
D40 0.0289 363 535 409 573
D40 0.0289 165 475 229 529
D40 0.0285 196 405 256 430
D40 0.0284 359 512 416 574
D40 0.0282 137 544 262 596
D40 0.0280 190 443 272 478
D40 0.0277 257 491 291 528
D40 0.0276 212 557 309 600
D40 0.0276 228 504 319 552
D40 0.0273 383 367 443 391
D40 0.0272 418 362 509 396
D40 0.0272 269 377 320 401
D40 0.0272 228 576 296 597
D40 0.0272 217 508 285 545
D40 0.0271 113 414 268 481
D40 0.0270 0 555 83 596
D40 0.0269 145 569 249 600
D40 0.0269 375 546 450 583
D40 0.0266 370 361 459 394
D40 0.0266 192 431 315 518
D40 0.0265 126 514 192 575
D40 0.0264 147 505 196 533
D40 0.0262 208 431 271 460
D40 0.0258 438 530 554 571
D40 0.0256 533 530 579 568
D40 0.0255 521 519 588 559
D40 0.0254 326 515 408 549
D40 0.0254 171 445 244 482
D40 0.0253 231 524 323 571
D40 0.0253 399 516 447 549
D40 0.0253 232 477 280 554
D40 0.0250 31 514 94 537
D40 0.0248 236 455 296 577
D40 0.0247 32 496 88 528
D40 0.0247 347 574 417 598
D40 0.0247 136 397 282 457
D40 0.0247 376 375 432 396
D40 0.0247 475 405 539 433
D40 0.0247 433 554 540 596
D40 0.0244 57 524 191 581
D40 0.0244 20 513 66 539
D40 0.0241 353 359 408 386
D40 0.0241 206 445 292 501
D40 0.0240 433 368 494 391
D40 0.0237 354 537 416 595
D40 0.0237 504 405 537 442
D40 0.0236 224 520 286 600
D40 0.0236 91 441 164 469
D40 0.0236 451 509 567 551
D40 0.0235 40 494 124 530
D40 0.0235 403 557 509 599
D40 0.0233 398 514 472 590
D40 0.0230 570 444 600 481
D40 0.0230 206 410 296 464
D40 0.0229 341 376 411 396
D40 0.0228 0 516 35 544
D40 0.0228 216 497 273 526
D40 0.0228 331 368 403 390
D40 0.0228 250 481 285 522
D40 0.0228 182 397 253 419
D40 0.0226 402 529 479 553
D40 0.0226 207 475 356 552
D40 0.0225 136 502 188 552
D40 0.0224 247 506 297 530
D40 0.0224 202 389 259 412
D40 0.0223 511 417 559 445
D40 0.0223 15 536 183 600
D40 0.0222 203 515 370 593
D40 0.0222 385 509 492 553
D40 0.0222 366 523 399 564
D40 0.0222 224 394 254 436
D40 0.0221 175 503 256 541
D40 0.0220 128 557 226 599
D40 0.0220 21 511 106 558
D40 0.0217 108 544 198 591
D40 0.0217 116 526 175 551
D40 0.0217 0 451 78 500
D40 0.0217 570 556 600 597
D40 0.0215 115 478 180 578
D40 0.0215 224 388 313 429
D40 0.0213 13 522 141 582
D40 0.0212 204 479 263 533
D40 0.0211 48 516 124 538
D40 0.0211 172 469 236 494
D40 0.0210 324 489 432 545
D40 0.0210 489 528 576 568
D40 0.0209 381 469 432 493
D40 0.0208 170 379 315 464
D40 0.0208 381 569 486 600
D40 0.0208 183 453 230 491
D40 0.0208 448 413 555 448
D40 0.0205 27 412 223 488
D40 0.0204 358 460 438 503
D40 0.0204 5 564 60 592
D40 0.0203 354 463 496 533
D40 0.0201 207 518 275 555
D40 0.0200 199 518 241 550
D40 0.0199 377 517 407 560
D40 0.0199 0 572 52 598
D40 0.0198 247 451 300 487
D40 0.0197 475 405 569 464
D40 0.0197 393 359 455 384
D40 0.0197 41 473 108 507
D40 0.0197 219 494 256 542
D40 0.0197 518 540 570 575
D40 0.0196 259 381 328 411
D40 0.0196 0 538 46 575
D40 0.0195 56 477 115 500
D40 0.0194 157 454 214 479
D40 0.0194 248 493 317 527
D40 0.0193 135 490 181 528
D40 0.0193 53 437 197 488
D40 0.0192 76 514 165 544
D40 0.0191 233 499 263 551
D40 0.0191 232 404 295 428
D40 0.0190 90 373 277 445
D40 0.0190 239 516 273 557
D40 0.0190 88 555 186 598
D40 0.0189 419 538 472 568
D40 0.0189 113 481 188 506
D40 0.0189 254 450 293 511
D40 0.0187 231 519 298 556
D40 0.0187 194 440 252 466
D40 0.0187 240 417 323 496
D40 0.0187 241 521 288 575
D40 0.0187 176 439 236 520
D40 0.0187 389 457 423 492
D40 0.0185 433 352 492 373
D40 0.0184 134 521 207 553
D40 0.0183 49 446 149 519
D40 0.0183 91 501 171 553
D40 0.0182 372 552 424 578
D40 0.0181 334 534 404 559
D40 0.0181 520 489 574 538
D40 0.0181 514 523 568 552
D40 0.0180 313 442 485 600
D40 0.0179 287 534 394 580
D40 0.0177 85 468 172 500
D40 0.0176 466 536 540 578
D40 0.0172 131 528 176 563
D40 0.0172 62 436 154 472
D40 0.0171 552 539 596 575
D40 0.0170 251 477 295 556
D40 0.0170 43 516 154 552
D40 0.0169 173 479 240 503
D40 0.0169 142 525 238 569
D40 0.0168 434 397 548 437
D40 0.0168 55 470 135 531
D40 0.0167 58 509 134 533
D40 0.0167 383 497 433 550
D40 0.0167 95 451 158 474
D40 0.0166 243 519 351 559
D40 0.0165 135 540 208 574
D40 0.0165 53 391 242 461
D40 0.0165 537 548 592 584
D40 0.0164 243 485 273 535
D40 0.0164 386 537 422 593
D40 0.0162 370 464 411 499
D40 0.0162 490 425 556 458
D40 0.0162 158 408 258 446
D40 0.0161 84 445 176 550
D40 0.0161 68 463 126 488
D40 0.0161 144 516 198 541
D40 0.0161 72 479 141 500
D40 0.0160 0 514 23 559
D40 0.0160 32 455 119 500
D40 0.0159 235 543 326 594
D40 0.0158 456 546 534 569
D40 0.0158 244 439 278 485
D40 0.0158 437 498 544 540
D40 0.0158 159 382 258 418
D40 0.0158 194 383 283 448
D40 0.0157 126 517 179 544
D40 0.0157 72 449 145 478
D40 0.0157 267 526 371 566
D40 0.0156 69 568 167 600
D40 0.0156 405 349 481 376
D40 0.0155 420 519 533 562
D40 0.0155 201 412 259 484
D40 0.0155 51 471 104 496
D40 0.0154 112 537 180 574
D40 0.0154 221 529 289 563
D40 0.0153 214 502 260 567
D40 0.0153 248 528 282 565
D40 0.0153 171 483 205 534
D40 0.0153 399 368 469 390
D40 0.0152 432 550 522 580
D40 0.0152 93 493 169 529
D40 0.0152 263 460 288 520
D40 0.0152 196 497 256 526
D40 0.0152 393 496 452 567
D40 0.0151 339 374 423 412
D40 0.0151 194 502 235 540
D40 0.0151 529 511 565 566
D40 0.0151 162 492 196 540
D40 0.0151 0 533 72 585
D40 0.0150 228 387 264 419
D40 0.0150 166 498 232 524
D40 0.0149 253 499 280 552
D40 0.0149 185 456 251 510
D40 0.0147 227 389 288 413
D40 0.0147 332 521 379 555
D40 0.0147 286 558 394 600
D40 0.0146 472 570 556 600
D40 0.0146 256 508 291 546
D40 0.0146 432 532 479 562
D40 0.0145 277 365 312 398
D40 0.0145 316 356 399 385
D40 0.0145 236 427 283 465
D40 0.0145 4 527 60 565
D40 0.0145 0 377 48 401
D40 0.0144 473 554 552 578
D40 0.0144 334 531 401 583
D40 0.0144 82 429 172 464
D40 0.0144 200 519 256 575
D40 0.0142 86 461 148 485
D40 0.0142 168 572 215 600
D40 0.0141 374 558 422 596
D40 0.0141 511 549 593 600
D40 0.0141 254 392 300 423
D40 0.0141 79 379 169 413
D40 0.0141 427 546 504 566
D40 0.0141 9 456 57 491
D40 0.0141 168 582 237 600
D40 0.0140 412 522 458 568
D40 0.0140 528 536 575 594
D40 0.0140 258 530 332 561
D40 0.0140 394 368 494 403
D40 0.0140 427 346 510 378
D40 0.0140 319 453 429 497
D40 0.0139 544 562 595 593
D40 0.0139 303 369 412 404
D40 0.0139 190 571 235 599
D40 0.0138 36 487 92 553
D40 0.0138 246 518 269 579
D40 0.0137 13 556 64 582
D40 0.0137 346 497 400 569
D40 0.0137 23 559 128 599
D40 0.0136 154 403 241 428
D40 0.0136 243 561 286 596
D40 0.0135 325 453 357 490
D40 0.0135 65 484 149 517
D40 0.0134 14 516 70 553
D40 0.0134 251 515 298 600
D40 0.0134 247 453 322 507
D40 0.0134 283 385 338 410
D40 0.0134 425 511 492 588
D40 0.0134 491 429 578 476
D40 0.0133 229 527 265 566
D40 0.0133 265 481 298 520
D40 0.0132 152 565 217 593
D40 0.0132 86 386 146 409
D40 0.0132 176 489 245 512
D40 0.0132 55 457 150 566
D40 0.0131 230 524 279 550
D40 0.0131 356 519 387 563
D40 0.0131 76 420 216 466
D40 0.0130 503 506 548 538
D40 0.0130 157 456 193 504
D40 0.0128 241 499 348 541
D40 0.0128 263 496 353 573
D40 0.0128 245 477 344 525
D40 0.0127 249 535 302 557
D40 0.0127 184 512 224 544
D40 0.0126 349 558 397 595
D40 0.0126 382 489 477 531
D40 0.0126 2 464 48 501
D40 0.0126 69 376 220 428
D40 0.0125 234 471 290 511
D40 0.0125 145 551 221 585
D40 0.0125 558 471 594 510
D40 0.0124 237 569 344 600
D40 0.0124 433 424 542 461
D40 0.0124 388 467 479 578
D40 0.0123 112 485 162 518
D40 0.0123 259 385 345 429
D40 0.0123 0 503 42 539
D40 0.0123 95 401 237 441
D40 0.0122 387 503 461 536
D40 0.0122 265 500 300 536
D40 0.0122 477 564 549 590
D40 0.0122 272 523 336 588
D40 0.0122 188 484 235 520
D40 0.0121 224 412 285 438
D40 0.0121 379 471 418 508
D40 0.0121 291 372 331 404
D40 0.0121 211 427 245 473
D40 0.0121 260 514 309 560
D40 0.0121 270 442 310 478
D40 0.0120 228 487 279 518
D40 0.0120 412 576 478 599
D40 0.0120 150 462 184 511
D40 0.0120 128 506 182 534
D40 0.0120 313 524 380 568
D40 0.0119 102 457 193 491
D40 0.0119 38 500 74 544
D40 0.0119 455 486 490 516
D40 0.0119 423 356 468 384
D40 0.0119 391 416 495 450
D40 0.0119 268 442 296 493
D40 0.0118 0 492 36 560
D40 0.0118 341 466 440 520
D40 0.0117 247 378 308 419
D40 0.0117 374 365 405 399
D40 0.0116 86 575 150 599
D40 0.0116 226 422 274 480
D40 0.0116 387 553 459 577
D40 0.0115 21 540 59 577
D40 0.0115 381 504 419 540
D40 0.0115 436 373 509 402
D40 0.0115 457 431 554 473
D40 0.0115 271 523 318 568
D40 0.0115 363 383 418 406
D40 0.0114 313 443 378 498
D40 0.0114 143 550 185 584
D40 0.0114 443 570 528 600
D40 0.0114 384 508 434 531
D40 0.0114 184 474 215 529
D40 0.0114 106 513 152 546
D40 0.0113 142 535 199 559
D40 0.0113 454 414 524 436
D40 0.0113 464 422 533 444
D40 0.0112 110 533 171 558
D40 0.0112 267 529 302 563
D40 0.0112 95 467 139 499
D40 0.0112 327 505 403 538
D40 0.0111 505 549 561 582
D40 0.0110 275 389 312 423
D40 0.0110 231 535 280 557
D40 0.0110 388 425 482 462
D40 0.0110 138 526 191 600
D40 0.0110 198 475 246 511
D40 0.0109 364 360 397 395
D40 0.0109 229 452 274 490
D40 0.0109 161 397 230 418
D40 0.0108 259 394 308 447
D40 0.0108 331 458 416 538
D40 0.0108 45 487 101 515
D40 0.0108 217 428 263 492
D40 0.0108 213 456 270 516
D40 0.0107 19 448 65 483
D40 0.0107 577 575 600 600
D40 0.0107 375 578 458 600
D40 0.0107 286 478 380 555
D40 0.0106 96 524 169 590
D40 0.0106 174 448 209 493
D40 0.0106 260 531 308 583
D40 0.0106 447 484 522 533
D40 0.0105 268 544 367 593
D40 0.0105 221 548 287 589
D40 0.0105 200 527 240 563
D40 0.0105 239 408 303 445
D40 0.0105 136 389 236 421
D40 0.0105 439 499 529 592
D40 0.0105 478 514 552 562
D40 0.0104 95 387 192 419
D40 0.0104 493 539 549 574
D40 0.0104 460 356 502 384
D40 0.0104 76 499 142 540
D40 0.0104 206 487 239 540
D40 0.0104 339 568 387 599
D40 0.0104 254 472 312 510
D40 0.0104 363 471 401 508
D40 0.0103 112 471 187 496
D40 0.0103 48 486 84 533
D40 0.0103 336 385 427 426
D40 0.0103 87 509 153 534
D40 0.0103 567 529 600 567
D40 0.0102 322 543 390 593
D40 0.0102 424 434 528 471
D40 0.0102 259 434 347 513
D40 0.0102 219 474 261 514
D40 0.0101 153 571 196 600
D40 0.0101 0 370 74 405
D40 0.0101 199 428 241 491
D40 0.0101 578 546 600 587
D40 0.0101 253 478 292 505
D40 0.0101 541 511 588 548
D40 0.0101 148 513 178 560
D40 0.0100 2 447 44 483
D40 0.0100 240 391 270 432
D40 0.0100 104 477 151 508
D40 0.0100 269 415 372 459
