D00 0.1149 543 529 589 600
D00 0.0837 512 461 593 596
D00 0.0753 456 372 589 503
D00 0.0747 549 555 585 598
D00 0.0626 494 409 539 505
D00 0.0567 351 370 387 471
D00 0.0540 553 496 594 588
D00 0.0532 491 384 537 473
D00 0.0526 498 395 592 539
D00 0.0517 472 406 555 522
D00 0.0498 561 543 590 597
D00 0.0487 519 551 600 600
D00 0.0460 362 390 392 462
D00 0.0393 572 542 598 596
D00 0.0391 502 432 554 513
D00 0.0389 363 427 394 461
D00 0.0378 431 401 480 488
D00 0.0374 563 517 600 600
D00 0.0372 485 366 596 456
D00 0.0366 504 388 600 433
D00 0.0356 482 397 578 487
D00 0.0354 445 417 520 527
D00 0.0341 527 505 588 576
D00 0.0336 552 522 581 581
D00 0.0329 426 339 478 362
D00 0.0325 498 417 526 479
D00 0.0314 485 378 549 437
D00 0.0314 531 471 597 559
D00 0.0309 360 415 400 482
D00 0.0308 359 413 384 459
D00 0.0302 496 394 564 456
D00 0.0299 359 377 381 443
D00 0.0297 351 351 411 473
D00 0.0296 562 512 589 570
D00 0.0293 479 518 594 600
D00 0.0284 482 352 528 432
D00 0.0283 505 425 532 489
D00 0.0281 423 386 471 464
D00 0.0280 461 454 508 541
D00 0.0274 566 564 600 600
D00 0.0274 469 465 545 532
D00 0.0267 343 405 397 462
D00 0.0266 553 552 591 583
D00 0.0265 418 333 473 354
D00 0.0264 527 561 580 593
D00 0.0264 541 539 579 579
D00 0.0264 368 434 402 469
D00 0.0260 500 471 559 526
D00 0.0259 436 429 502 493
D00 0.0257 351 346 388 431
D00 0.0252 328 356 448 474
D00 0.0246 373 413 398 462
D00 0.0246 459 384 536 489
D00 0.0241 498 399 526 456
D00 0.0241 492 544 587 591
D00 0.0238 552 505 583 557
D00 0.0237 483 420 528 493
D00 0.0235 276 444 338 584
D00 0.0234 537 423 597 541
D00 0.0233 533 544 576 600
D00 0.0221 535 396 600 448
D00 0.0221 540 496 592 549
D00 0.0219 463 486 528 547
D00 0.0215 359 361 382 417
D00 0.0214 490 374 517 424
D00 0.0209 544 513 575 567
D00 0.0209 400 353 488 473
D00 0.0206 572 521 596 581
D00 0.0205 285 485 325 570
D00 0.0204 414 369 460 447
D00 0.0202 456 571 526 600
D00 0.0201 322 388 407 479
D00 0.0197 568 495 599 564
D00 0.0196 542 580 591 600
D00 0.0196 404 334 483 368
D00 0.0196 266 461 317 572
D00 0.0194 497 385 525 432
D00 0.0193 372 368 427 469
D00 0.0193 526 553 579 581
D00 0.0192 474 475 556 580
D00 0.0191 441 426 469 481
D00 0.0190 259 573 312 598
D00 0.0190 497 444 527 502
D00 0.0190 275 526 315 600
D00 0.0189 470 377 525 453
D00 0.0188 493 361 563 427
D00 0.0188 513 457 546 509
D00 0.0188 491 455 536 522
D00 0.0188 466 496 498 556
D00 0.0187 455 445 493 509
D00 0.0187 501 568 583 600
D00 0.0186 446 436 484 498
D00 0.0185 501 416 550 479
D00 0.0184 426 301 579 539
D00 0.0184 367 377 388 443
D00 0.0181 324 341 378 365
D00 0.0179 335 371 474 555
D00 0.0178 517 377 576 427
D00 0.0176 446 458 523 587
D00 0.0175 332 359 395 448
D00 0.0175 376 425 513 600
D00 0.0175 362 348 393 411
D00 0.0172 281 501 309 572
D00 0.0171 521 317 600 512
D00 0.0171 363 425 424 477
D00 0.0170 350 388 376 449
D00 0.0170 406 400 485 529
D00 0.0170 370 378 401 463
D00 0.0169 303 344 391 478
D00 0.0169 432 408 460 463
D00 0.0167 536 367 600 434
D00 0.0167 433 433 496 541
D00 0.0167 321 370 376 465
D00 0.0166 442 369 516 468
D00 0.0166 300 457 349 570
D00 0.0165 516 458 570 510
D00 0.0164 380 380 466 463
D00 0.0164 339 343 398 402
D00 0.0164 524 466 567 536
D00 0.0163 499 405 539 443
D00 0.0163 424 391 450 442
D00 0.0163 474 408 546 468
D00 0.0162 534 389 599 499
D00 0.0162 332 349 384 372
D00 0.0161 521 465 554 517
D00 0.0160 531 399 581 432
D00 0.0159 558 501 594 541
D00 0.0159 335 404 392 533
D00 0.0159 426 394 484 442
D00 0.0159 292 510 316 566
D00 0.0159 357 348 382 396
D00 0.0158 463 558 565 599
D00 0.0157 433 342 474 374
D00 0.0157 404 350 449 429
D00 0.0155 96 573 151 597
D00 0.0155 342 403 425 495
D00 0.0155 292 468 335 555
D00 0.0154 455 355 546 434
D00 0.0151 535 519 588 556
D00 0.0151 351 424 393 510
D00 0.0150 490 408 521 468
D00 0.0149 97 536 135 598
D00 0.0149 459 474 493 544
D00 0.0149 405 409 472 476
D00 0.0148 254 551 317 600
D00 0.0148 247 360 312 383
D00 0.0147 468 446 516 513
D00 0.0147 462 506 487 552
D00 0.0146 232 359 281 383
D00 0.0146 440 330 481 357
D00 0.0146 564 443 600 553
D00 0.0146 278 560 311 595
D00 0.0146 470 483 496 537
D00 0.0145 513 354 586 440
D00 0.0145 581 550 600 599
D00 0.0144 496 358 525 411
D00 0.0143 302 409 381 569
D00 0.0143 468 462 496 516
D00 0.0143 553 543 590 570
D00 0.0141 248 368 313 390
D00 0.0140 528 528 585 566
D00 0.0140 276 574 330 598
D00 0.0139 250 469 331 600
D00 0.0139 545 567 573 600
D00 0.0138 471 365 521 419
D00 0.0138 421 327 499 360
D00 0.0138 358 372 442 517
D00 0.0137 574 488 597 539
D00 0.0137 306 350 361 371
D00 0.0137 554 359 600 480
D00 0.0137 375 416 411 472
D00 0.0136 333 423 397 477
D00 0.0135 351 345 386 378
D00 0.0135 350 371 375 426
D00 0.0134 554 400 598 435
D00 0.0133 315 394 380 511
D00 0.0133 416 337 459 365
D00 0.0133 427 559 523 598
D00 0.0132 543 409 600 472
D00 0.0131 455 506 513 562
D00 0.0130 453 384 518 430
D00 0.0129 421 338 484 397
D00 0.0129 104 558 142 594
D00 0.0129 490 385 539 416
D00 0.0128 386 344 450 400
D00 0.0128 364 441 396 479
D00 0.0128 358 420 416 457
D00 0.0128 568 407 600 443
D00 0.0127 358 351 421 408
D00 0.0127 517 419 557 498
D00 0.0127 249 566 304 592
D00 0.0127 283 543 306 594
D00 0.0126 537 569 600 600
D00 0.0126 358 370 397 428
D00 0.0125 282 368 433 593
D00 0.0124 410 347 467 371
D00 0.0124 434 503 542 592
D00 0.0124 379 312 436 335
D00 0.0123 228 570 307 599
D00 0.0123 366 355 407 442
D00 0.0123 339 392 434 454
D00 0.0123 459 542 526 600
D00 0.0123 480 492 545 540
D00 0.0123 565 395 600 467
D00 0.0123 320 438 369 547
D00 0.0123 340 379 380 438
D00 0.0122 418 323 471 345
D00 0.0122 261 402 368 586
D00 0.0122 305 493 337 561
D00 0.0121 268 351 326 374
D00 0.0121 484 346 543 406
D00 0.0121 381 414 461 489
D00 0.0120 400 349 434 411
D00 0.0120 288 361 319 397
D00 0.0120 316 483 346 553
D00 0.0120 436 402 469 452
D00 0.0119 520 388 575 453
D00 0.0119 316 337 350 367
D00 0.0119 353 415 409 554
D00 0.0119 422 375 448 427
D00 0.0119 338 362 382 416
D00 0.0119 318 338 382 385
D00 0.0118 246 465 302 569
D00 0.0118 535 524 568 575
D00 0.0118 363 349 442 430
D00 0.0118 82 472 167 600
D00 0.0118 342 352 379 386
D00 0.0118 397 322 457 343
D00 0.0117 271 492 301 564
D00 0.0117 476 493 504 543
D00 0.0117 358 434 385 486
D00 0.0117 253 430 302 512
D00 0.0116 300 502 326 557
D00 0.0115 414 374 440 425
D00 0.0115 283 468 363 600
D00 0.0115 315 339 412 416
D00 0.0114 268 503 307 589
D00 0.0114 371 435 404 498
D00 0.0113 396 337 464 386
D00 0.0113 484 415 538 455
D00 0.0111 381 437 409 482
D00 0.0111 107 526 157 600
D00 0.0111 450 336 490 365
D00 0.0110 481 383 510 431
D00 0.0110 424 436 474 485
D00 0.0110 238 361 272 394
D00 0.0109 406 330 537 498
D00 0.0109 475 473 506 527
D00 0.0108 553 534 590 559
D00 0.0108 472 561 512 597
D00 0.0108 461 518 504 599
D00 0.0108 487 442 546 485
D00 0.0107 429 386 459 435
D00 0.0107 223 413 334 586
D00 0.0107 276 512 336 591
D00 0.0107 348 354 376 406
D00 0.0106 493 354 530 389
D00 0.0106 262 566 349 600
D00 0.0106 300 500 349 595
D00 0.0105 502 366 533 419
D00 0.0105 279 476 312 547
D00 0.0105 185 574 240 597
D00 0.0104 310 453 351 529
D00 0.0104 475 397 519 431
D00 0.0104 551 479 598 533
D00 0.0103 260 470 292 530
D00 0.0103 279 431 334 527
D00 0.0103 464 582 519 600
D00 0.0103 574 417 599 466
D00 0.0103 485 575 556 599
D00 0.0102 241 352 292 390
D00 0.0102 445 409 477 466
D00 0.0102 376 415 422 518
D00 0.0102 413 355 439 407
D00 0.0101 448 402 493 475
D00 0.0101 330 427 374 516
D00 0.0101 374 356 400 404
D00 0.0101 335 332 402 379
D00 0.0101 435 490 501 550
D00 0.0101 510 407 543 464
D00 0.0100 449 400 518 451
D00 0.0100 272 564 301 600
D10 0.0873 459 384 582 456
D10 0.0803 489 396 582 435
D10 0.0584 498 404 563 428
D10 0.0549 220 435 309 460
D10 0.0506 429 391 551 449
D10 0.0476 252 433 329 459
D10 0.0474 516 401 600 442
D10 0.0450 448 403 559 473
D10 0.0438 443 377 565 431
D10 0.0397 478 481 583 544
D10 0.0367 307 425 407 461
D10 0.0366 431 400 518 432
D10 0.0360 337 433 392 455
D10 0.0355 505 411 569 434
D10 0.0350 530 412 595 436
D10 0.0342 482 521 587 586
D10 0.0338 471 502 582 562
D10 0.0334 495 396 553 422
D10 0.0329 470 422 571 491
D10 0.0315 292 431 380 456
D10 0.0300 447 464 548 525
D10 0.0291 465 462 542 502
D10 0.0285 393 409 514 471
D10 0.0284 486 444 581 508
D10 0.0282 237 436 344 477
D10 0.0274 274 435 350 454
D10 0.0267 462 546 583 596
D10 0.0267 212 443 273 462
D10 0.0267 490 368 600 441
D10 0.0266 476 472 552 511
D10 0.0265 464 403 528 426
D10 0.0263 424 445 531 505
D10 0.0257 225 411 365 468
D10 0.0248 429 407 502 442
D10 0.0244 363 329 484 364
D10 0.0244 494 406 554 441
D10 0.0243 449 453 527 493
D10 0.0239 428 404 486 430
D10 0.0234 501 511 583 546
D10 0.0233 508 472 577 510
D10 0.0225 502 550 583 584
D10 0.0225 325 425 384 451
D10 0.0224 368 441 419 466
D10 0.0219 502 477 555 505
D10 0.0216 494 468 547 497
D10 0.0213 533 516 584 542
D10 0.0212 458 468 517 494
D10 0.0212 522 396 585 425
D10 0.0211 451 395 519 422
D10 0.0210 541 506 589 535
D10 0.0209 464 357 572 421
D10 0.0208 253 420 375 457
D10 0.0206 361 430 429 463
D10 0.0204 372 429 489 482
D10 0.0204 471 391 541 425
D10 0.0203 516 483 592 520
D10 0.0202 263 426 320 453
D10 0.0198 242 448 299 471
D10 0.0198 538 497 591 525
D10 0.0194 356 434 454 474
D10 0.0194 516 469 569 497
D10 0.0193 494 479 562 519
D10 0.0193 523 525 580 549
D10 0.0192 242 426 298 454
D10 0.0191 199 437 296 469
D10 0.0191 378 332 440 350
D10 0.0190 476 399 552 455
D10 0.0190 491 500 572 538
D10 0.0189 350 439 396 464
D10 0.0189 490 542 580 573
D10 0.0188 397 333 461 352
D10 0.0188 454 406 531 442
D10 0.0188 492 411 537 436
D10 0.0185 467 478 525 504
D10 0.0184 374 391 490 454
D10 0.0182 355 413 463 466
D10 0.0181 339 333 399 352
D10 0.0181 537 359 593 381
D10 0.0179 271 432 375 478
D10 0.0177 484 459 536 488
D10 0.0177 211 421 377 493
D10 0.0175 502 408 589 457
D10 0.0174 390 328 529 373
D10 0.0174 494 382 566 420
D10 0.0173 331 341 386 364
D10 0.0173 420 519 566 587
D10 0.0172 326 329 446 366
D10 0.0171 350 330 429 353
D10 0.0170 267 437 353 465
D10 0.0169 399 341 461 362
D10 0.0168 203 560 311 595
D10 0.0168 447 450 507 479
D10 0.0167 476 490 553 529
D10 0.0165 340 326 507 385
D10 0.0165 440 506 546 559
D10 0.0165 483 487 546 514
D10 0.0163 445 435 528 475
D10 0.0161 539 415 600 450
D10 0.0159 558 413 600 439
D10 0.0159 518 456 589 492
D10 0.0157 473 510 554 543
D10 0.0157 420 395 475 422
D10 0.0157 221 450 280 474
D10 0.0156 104 564 161 591
D10 0.0154 443 458 495 487
D10 0.0152 319 435 393 466
D10 0.0151 561 506 600 533
D10 0.0150 392 545 545 600
D10 0.0150 252 480 306 505
D10 0.0149 405 341 520 391
D10 0.0148 525 545 579 570
D10 0.0148 324 333 379 354
D10 0.0147 435 416 514 453
D10 0.0147 273 406 407 469
D10 0.0147 424 412 473 439
D10 0.0144 113 574 175 597
D10 0.0144 251 472 306 495
D10 0.0144 364 424 407 453
D10 0.0143 535 534 581 560
D10 0.0143 367 322 430 342
D10 0.0143 481 506 546 533
D10 0.0142 533 479 590 504
D10 0.0142 465 481 533 519
D10 0.0142 549 489 596 515
D10 0.0141 190 472 247 492
D10 0.0141 522 351 600 390
D10 0.0140 252 489 304 513
D10 0.0138 437 421 493 446
D10 0.0137 552 524 590 549
D10 0.0137 511 459 560 489
D10 0.0137 503 530 582 566
D10 0.0137 259 376 321 398
D10 0.0136 262 468 332 499
D10 0.0136 473 448 529 478
D10 0.0136 397 448 502 491
D10 0.0135 408 474 544 550
D10 0.0135 369 446 440 478
D10 0.0135 230 472 288 494
D10 0.0134 381 341 439 361
D10 0.0134 220 425 283 451
D10 0.0133 500 496 560 524
D10 0.0133 533 470 590 494
D10 0.0133 530 351 584 373
D10 0.0132 407 399 475 435
D10 0.0132 382 443 446 466
D10 0.0131 93 555 191 598
D10 0.0130 341 323 401 343
D10 0.0130 343 310 464 348
D10 0.0130 236 566 299 591
D10 0.0129 242 498 294 521
D10 0.0128 464 502 531 538
D10 0.0128 264 447 335 480
D10 0.0128 349 341 408 362
D10 0.0127 409 319 578 414
D10 0.0127 428 382 505 418
D10 0.0126 509 425 598 486
D10 0.0126 204 435 259 456
D10 0.0125 310 344 419 388
D10 0.0125 349 343 464 388
D10 0.0124 560 421 600 447
D10 0.0124 499 350 557 372
D10 0.0124 252 461 304 486
D10 0.0123 470 497 522 524
D10 0.0123 403 395 456 420
D10 0.0123 462 507 509 534
D10 0.0122 242 450 336 501
D10 0.0122 472 552 555 582
D10 0.0121 441 342 556 393
D10 0.0121 122 572 206 600
D10 0.0121 231 480 288 504
D10 0.0121 441 440 493 469
D10 0.0121 196 563 269 593
D10 0.0120 427 444 493 483
D10 0.0120 482 521 568 553
D10 0.0120 304 440 364 462
D10 0.0120 467 516 520 542
D10 0.0120 539 485 600 542
D10 0.0120 208 554 290 584
D10 0.0119 527 420 588 444
D10 0.0119 447 471 513 508
D10 0.0119 366 449 409 475
D10 0.0118 231 462 288 486
D10 0.0118 123 565 183 591
D10 0.0118 502 420 552 446
D10 0.0117 190 480 247 502
D10 0.0117 528 446 597 481
D10 0.0117 491 421 533 447
D10 0.0116 463 487 512 513
D10 0.0115 492 341 548 362
D10 0.0115 411 386 463 412
D10 0.0114 434 425 500 464
D10 0.0113 475 438 527 468
D10 0.0113 522 460 600 511
D10 0.0112 232 489 287 514
D10 0.0112 303 358 359 381
D10 0.0112 470 416 532 455
D10 0.0111 495 448 539 477
D10 0.0111 276 384 337 406
D10 0.0111 489 430 530 457
D10 0.0110 200 468 277 495
D10 0.0110 243 472 340 515
D10 0.0110 500 355 575 385
D10 0.0109 399 466 506 522
D10 0.0109 450 432 520 457
D10 0.0109 449 549 538 592
D10 0.0109 292 329 401 371
D10 0.0109 221 463 318 506
D10 0.0108 211 462 265 486
D10 0.0108 547 366 598 389
D10 0.0108 270 479 324 505
D10 0.0107 294 391 391 453
D10 0.0107 365 552 487 596
D10 0.0107 418 416 480 453
D10 0.0106 381 319 456 344
D10 0.0106 429 372 501 405
D10 0.0106 547 460 598 483
D10 0.0106 495 564 572 590
D10 0.0104 322 421 460 484
D10 0.0104 520 451 572 476
D10 0.0104 367 419 446 454
D10 0.0104 392 385 445 411
D10 0.0104 452 517 499 543
D10 0.0103 495 439 538 466
D10 0.0103 291 551 399 596
D10 0.0103 465 544 541 572
D10 0.0103 425 462 495 496
D10 0.0103 455 385 515 414
D10 0.0102 549 350 598 373
D10 0.0102 462 527 569 568
D10 0.0102 386 427 466 462
D10 0.0102 516 386 575 414
D10 0.0101 433 430 480 458
D10 0.0101 387 456 465 487
D10 0.0101 216 570 299 599
D10 0.0100 504 445 567 484
D10 0.0100 107 554 157 582
D10 0.0100 221 499 278 522
D10 0.0100 323 385 374 411
D10 0.0100 381 375 435 401
D20 0.3245 420 367 586 579
D20 0.2547 227 374 600 578
D20 0.1803 441 413 581 538
D20 0.1667 461 437 597 583
D20 0.1225 392 400 558 514
D20 0.0831 362 354 582 494
D20 0.0808 47 340 585 536
D20 0.0674 499 366 600 600
D20 0.0630 448 393 571 487
D20 0.0621 434 369 594 466
D20 0.0578 480 452 582 540
D20 0.0541 407 375 536 483
D20 0.0536 364 436 574 566
D20 0.0507 447 497 600 597
D20 0.0505 465 443 569 511
D20 0.0500 361 278 600 600
D20 0.0476 437 413 538 504
D20 0.0467 507 471 589 558
D20 0.0428 51 447 550 600
D20 0.0423 234 367 538 502
D20 0.0397 261 363 355 397
D20 0.0391 275 368 337 393
D20 0.0382 460 435 537 544
D20 0.0366 244 356 381 413
D20 0.0365 380 348 520 460
D20 0.0364 233 360 394 448
D20 0.0354 502 457 567 523
D20 0.0353 533 489 596 554
D20 0.0351 485 436 542 519
D20 0.0332 469 473 560 526
D20 0.0313 360 401 511 476
D20 0.0303 323 383 508 542
D20 0.0301 253 348 371 390
D20 0.0296 452 446 524 512
D20 0.0289 279 369 380 408
D20 0.0284 478 344 598 447
D20 0.0278 0 165 557 591
D20 0.0278 414 352 555 432
D20 0.0277 432 410 499 485
D20 0.0277 345 358 476 475
D20 0.0272 437 440 539 598
D20 0.0265 276 360 335 384
D20 0.0264 492 505 590 552
D20 0.0256 412 452 544 533
D20 0.0248 423 387 530 432
D20 0.0247 487 378 574 426
D20 0.0246 433 471 563 551
D20 0.0242 450 295 600 539
D20 0.0239 472 493 572 541
D20 0.0238 322 474 600 600
D20 0.0237 253 354 501 454
D20 0.0233 17 15 600 441
D20 0.0230 544 433 600 595
D20 0.0225 232 355 332 389
D20 0.0223 235 396 404 478
D20 0.0222 400 382 493 464
D20 0.0220 447 430 501 505
D20 0.0216 432 396 515 459
D20 0.0212 21 358 380 588
D20 0.0207 524 498 582 578
D20 0.0207 198 379 369 464
D20 0.0205 468 425 542 488
D20 0.0205 221 420 316 460
D20 0.0202 346 340 513 419
D20 0.0202 519 436 571 514
D20 0.0201 201 437 315 478
D20 0.0197 553 466 600 546
D20 0.0195 167 0 600 294
D20 0.0195 383 522 577 600
D20 0.0194 0 0 408 294
D20 0.0193 0 118 290 600
D20 0.0192 255 371 367 433
D20 0.0188 493 535 587 582
D20 0.0188 476 555 592 598
D20 0.0184 393 373 511 435
D20 0.0173 520 408 600 547
D20 0.0172 89 572 139 597
D20 0.0172 235 436 342 564
D20 0.0171 194 396 480 538
D20 0.0171 83 553 167 597
D20 0.0170 395 335 482 368
D20 0.0168 276 343 411 397
D20 0.0166 398 400 498 559
D20 0.0165 157 425 328 487
D20 0.0164 254 392 366 453
D20 0.0163 294 349 392 436
D20 0.0160 223 277 582 474
D20 0.0158 523 462 597 531
D20 0.0157 388 341 502 390
D20 0.0155 93 529 138 600
D20 0.0155 487 352 576 394
D20 0.0153 459 505 553 549
D20 0.0152 415 438 505 487
D20 0.0151 152 459 325 536
D20 0.0151 253 372 328 400
D20 0.0150 272 368 343 419
D20 0.0149 173 413 311 468
D20 0.0149 287 344 379 378
D20 0.0148 426 374 482 446
D20 0.0148 311 0 600 600
D20 0.0148 115 476 367 600
D20 0.0147 270 349 340 377
D20 0.0147 305 374 359 415
D20 0.0145 139 444 314 510
D20 0.0145 449 340 580 407
D20 0.0144 395 358 458 423
D20 0.0143 0 456 235 600
D20 0.0143 255 367 359 502
D20 0.0143 243 396 335 527
D20 0.0138 312 336 393 371
D20 0.0138 0 0 147 222
D20 0.0137 383 247 600 460
D20 0.0137 286 384 388 427
D20 0.0137 343 306 436 337
D20 0.0136 78 537 206 600
D20 0.0136 363 358 452 402
D20 0.0134 199 340 369 401
D20 0.0134 214 467 329 594
D20 0.0133 503 440 587 494
D20 0.0133 154 435 413 579
D20 0.0133 304 359 357 401
D20 0.0132 257 413 327 462
D20 0.0131 336 296 425 329
D20 0.0130 178 455 259 491
D20 0.0130 61 554 137 600
D20 0.0129 294 355 366 384
D20 0.0129 158 372 432 493
D20 0.0129 413 348 479 414
D20 0.0128 184 469 253 494
D20 0.0128 266 364 311 393
D20 0.0128 449 419 519 477
D20 0.0127 257 427 307 480
D20 0.0125 362 436 507 506
D20 0.0125 314 357 381 420
D20 0.0124 72 493 278 595
D20 0.0124 202 453 312 500
D20 0.0124 318 326 568 442
D20 0.0124 193 439 351 519
D20 0.0124 294 350 351 371
D20 0.0124 488 347 555 376
D20 0.0124 269 428 374 563
D20 0.0123 301 339 369 367
D20 0.0123 455 0 600 221
D20 0.0123 256 445 486 564
D20 0.0122 165 508 340 596
D20 0.0122 300 411 495 492
D20 0.0121 246 440 312 505
D20 0.0120 430 359 500 425
D20 0.0120 482 475 542 549
D20 0.0119 395 325 562 393
D20 0.0119 188 444 273 483
D20 0.0118 374 384 467 431
D20 0.0118 304 237 546 554
D20 0.0118 316 341 458 398
D20 0.0117 526 0 600 112
D20 0.0114 379 0 600 145
D20 0.0113 513 358 600 404
D20 0.0113 193 462 246 486
D20 0.0113 0 366 146 600
D20 0.0111 225 432 304 469
D20 0.0111 0 0 268 180
D20 0.0111 285 352 340 407
D20 0.0110 364 344 457 382
D20 0.0110 226 352 328 424
D20 0.0109 279 340 347 388
D20 0.0109 538 434 591 514
D20 0.0109 263 341 461 600
D20 0.0108 257 456 323 537
D20 0.0107 183 540 323 600
D20 0.0107 367 427 439 479
D20 0.0107 531 419 599 485
D20 0.0106 376 471 500 600
D20 0.0106 0 0 73 111
D20 0.0106 390 0 600 304
D20 0.0106 20 540 154 600
D20 0.0105 569 581 600 600
D20 0.0104 187 428 282 463
D20 0.0103 286 362 370 468
D20 0.0103 118 401 290 475
D20 0.0103 126 404 373 538
D20 0.0103 212 490 427 591
D20 0.0103 292 526 516 600
D20 0.0103 263 326 395 379
D20 0.0102 308 348 389 391
D20 0.0101 483 339 544 391
D20 0.0100 158 475 246 508
D20 0.0100 209 395 309 453
D40 0.0953 249 437 305 459
D40 0.0458 244 430 323 462
D40 0.0353 281 376 346 399
D40 0.0321 269 432 310 459
D40 0.0273 356 427 390 459
D40 0.0270 484 443 538 502
D40 0.0254 251 448 304 472
D40 0.0252 282 364 326 395
D40 0.0245 498 398 541 432
D40 0.0239 290 368 350 394
D40 0.0238 486 377 568 426
D40 0.0234 291 374 369 404
D40 0.0231 247 439 323 482
D40 0.0230 359 439 401 465
D40 0.0227 225 398 397 476
D40 0.0219 452 446 517 498
D40 0.0215 258 423 296 457
D40 0.0202 248 408 328 468
D40 0.0189 312 372 351 404
D40 0.0188 303 385 363 409
D40 0.0186 500 462 543 503
D40 0.0184 279 471 330 494
D40 0.0178 97 557 134 595
D40 0.0175 82 572 131 598
D40 0.0173 493 441 530 486
D40 0.0170 515 471 558 510
D40 0.0169 261 464 344 505
D40 0.0166 266 424 345 487
D40 0.0165 540 511 581 548
D40 0.0163 452 452 494 491
D40 0.0159 479 462 528 501
D40 0.0157 461 461 504 500
D40 0.0151 269 459 336 491
D40 0.0147 271 444 313 479
D40 0.0146 238 437 283 461
D40 0.0146 69 553 142 599
D40 0.0145 495 385 549 415
D40 0.0143 498 491 565 542
D40 0.0141 285 405 369 469
D40 0.0140 473 515 579 558
D40 0.0140 346 419 383 455
D40 0.0136 508 504 577 551
D40 0.0136 427 406 465 445
D40 0.0132 530 520 576 555
D40 0.0131 224 358 270 382
D40 0.0131 223 422 324 492
D40 0.0131 395 401 487 450
D40 0.0126 280 478 329 505
D40 0.0124 332 428 374 457
D40 0.0122 216 410 295 467
D40 0.0122 373 393 468 440
D40 0.0120 270 380 347 409
D40 0.0118 466 432 530 476
D40 0.0118 434 415 474 454
D40 0.0117 431 399 476 435
D40 0.0113 289 469 335 517
D40 0.0112 280 436 322 466
D40 0.0112 0 256 507 569
D40 0.0111 523 464 565 503
D40 0.0110 314 429 354 457
D40 0.0109 439 407 485 443
D40 0.0107 234 384 310 459
D40 0.0106 226 438 269 463
D40 0.0105 58 569 126 600
D40 0.0104 491 371 554 409
D40 0.0104 246 441 365 511
D40 0.0103 448 435 495 476
D40 0.0100 260 438 293 480
D40 0.0100 527 501 574 539
D40 0.0100 312 419 380 488
