D00 0.0306 107 507 143 600
D00 0.0294 2 483 25 538
D00 0.0264 107 465 144 552
D00 0.0263 283 495 327 576
D00 0.0255 0 574 50 598
D00 0.0232 0 553 28 598
D00 0.0226 0 481 31 567
D00 0.0226 0 335 119 590
D00 0.0221 2 479 54 586
D00 0.0215 291 526 335 600
D00 0.0209 0 552 58 599
D00 0.0207 0 456 29 529
D00 0.0207 115 492 150 583
D00 0.0201 0 425 58 567
D00 0.0199 172 523 210 600
D00 0.0197 4 317 83 445
D00 0.0194 239 575 298 599
D00 0.0194 235 337 408 600
D00 0.0190 292 520 318 574
D00 0.0188 115 493 138 547
D00 0.0187 3 367 78 502
D00 0.0181 115 539 137 599
D00 0.0180 84 451 156 600
D00 0.0179 124 482 144 540
D00 0.0179 180 531 202 584
D00 0.0175 237 399 275 486
D00 0.0174 262 378 376 575
D00 0.0172 117 439 150 533
D00 0.0170 283 502 307 557
D00 0.0167 0 359 47 435
D00 0.0166 285 575 343 598
D00 0.0165 267 458 305 544
D00 0.0165 2 401 54 513
D00 0.0164 3 456 49 544
D00 0.0162 229 380 267 472
D00 0.0162 164 323 341 600
D00 0.0162 98 487 140 565
D00 0.0160 274 469 341 595
D00 0.0160 27 315 206 600
D00 0.0157 282 550 348 600
D00 0.0156 275 483 314 563
D00 0.0156 28 402 139 593
D00 0.0155 12 528 67 600
D00 0.0146 28 307 140 506
D00 0.0146 117 400 150 492
D00 0.0146 0 291 50 337
D00 0.0145 300 530 325 581
D00 0.0144 220 361 258 445
D00 0.0142 511 421 599 566
D00 0.0140 232 569 333 600
D00 0.0139 252 413 332 589
D00 0.0139 0 287 68 412
D00 0.0139 227 346 342 547
D00 0.0138 298 497 345 574
D00 0.0138 0 382 36 464
D00 0.0138 98 544 151 600
D00 0.0137 117 463 138 525
D00 0.0137 299 512 326 567
D00 0.0137 0 304 33 341
D00 0.0136 1 529 41 597
D00 0.0136 296 412 409 589
D00 0.0136 279 369 510 588
D00 0.0135 276 514 323 597
D00 0.0135 108 421 143 508
D00 0.0133 123 508 144 567
D00 0.0131 0 507 27 549
D00 0.0131 246 416 268 474
D00 0.0131 125 454 144 514
D00 0.0130 92 574 141 599
D00 0.0129 321 479 360 564
D00 0.0129 105 553 131 600
D00 0.0129 1 383 28 432
D00 0.0129 15 292 101 414
D00 0.0128 332 387 446 573
D00 0.0124 96 341 236 594
D00 0.0124 0 285 73 328
D00 0.0123 6 491 32 547
D00 0.0123 194 370 304 576
D00 0.0123 125 416 144 475
D00 0.0123 66 365 177 578
D00 0.0123 574 269 599 322
D00 0.0122 544 444 598 546
D00 0.0122 290 503 316 559
D00 0.0121 123 538 145 599
D00 0.0120 213 314 291 475
D00 0.0120 275 487 297 538
D00 0.0120 247 419 285 500
D00 0.0119 88 528 132 600
D00 0.0119 107 482 168 600
D00 0.0118 177 510 204 575
D00 0.0118 495 186 598 374
D00 0.0117 0 510 68 570
D00 0.0117 237 407 260 465
D00 0.0116 17 385 98 524
D00 0.0116 228 378 250 434
D00 0.0116 125 436 144 494
D00 0.0116 362 433 481 557
D00 0.0114 398 456 519 572
D00 0.0114 1 448 27 500
D00 0.0114 565 469 600 552
D00 0.0113 122 465 160 552
D00 0.0112 38 392 81 479
D00 0.0112 100 416 171 583
D00 0.0112 211 345 249 433
D00 0.0111 162 324 182 380
D00 0.0111 283 488 305 539
D00 0.0111 247 561 284 597
D00 0.0111 59 279 297 596
D00 0.0110 0 257 117 486
D00 0.0109 27 350 92 451
D00 0.0109 451 418 565 585
D00 0.0109 256 439 295 527
D00 0.0109 117 373 151 460
D00 0.0109 1 398 27 450
D00 0.0108 295 561 331 595
D00 0.0108 526 465 583 563
D00 0.0108 126 353 144 404
D00 0.0108 244 472 313 596
D00 0.0108 211 575 272 599
D00 0.0107 10 472 103 595
D00 0.0107 0 408 30 482
D00 0.0107 228 554 293 600
D00 0.0107 122 511 161 600
D00 0.0106 275 502 299 554
D00 0.0106 153 323 172 380
D00 0.0106 106 502 132 553
D00 0.0106 134 342 153 396
D00 0.0106 7 374 36 425
D00 0.0104 69 345 107 434
D00 0.0104 32 485 152 600
D00 0.0104 0 286 33 324
D00 0.0104 0 434 62 491
D00 0.0103 345 400 580 593
D00 0.0103 306 377 422 504
D00 0.0102 216 497 346 599
D00 0.0102 96 454 139 536
D00 0.0102 157 368 264 577
D00 0.0102 155 309 190 391
D00 0.0102 287 511 358 591
D00 0.0101 126 399 145 454
D00 0.0101 535 401 600 519
D00 0.0101 293 543 319 592
D00 0.0101 93 406 149 548
D00 0.0100 216 307 334 424
D00 0.0100 112 516 139 558
D10 0.0327 1 533 69 565
D10 0.0298 4 460 54 484
D10 0.0256 0 574 60 598
D10 0.0254 5 528 61 552
D10 0.0254 0 450 70 493
D10 0.0250 529 261 600 292
D10 0.0248 0 307 72 340
D10 0.0243 4 544 59 568
D10 0.0222 0 398 66 433
D10 0.0210 0 563 48 595
D10 0.0207 13 524 82 556
D10 0.0201 500 261 580 290
D10 0.0200 0 451 46 479
D10 0.0197 7 320 73 344
D10 0.0187 285 559 381 598
D10 0.0187 0 467 41 492
D10 0.0186 0 523 93 587
D10 0.0184 261 547 360 595
D10 0.0184 0 566 85 600
D10 0.0180 549 227 600 248
D10 0.0177 3 515 78 548
D10 0.0177 0 552 48 583
D10 0.0176 274 508 321 531
D10 0.0176 254 573 335 600
D10 0.0173 5 394 58 421
D10 0.0167 12 373 105 429
D10 0.0163 4 412 59 436
D10 0.0163 294 567 352 591
D10 0.0162 520 219 600 257
D10 0.0162 0 312 88 354
D10 0.0161 0 353 57 387
D10 0.0157 0 536 39 559
D10 0.0156 7 487 112 541
D10 0.0154 11 468 63 490
D10 0.0153 6 504 111 565
D10 0.0152 198 549 323 594
D10 0.0152 540 273 598 297
D10 0.0149 8 390 85 424
D10 0.0148 1 301 62 328
D10 0.0143 300 575 365 598
D10 0.0142 266 566 327 592
D10 0.0142 32 519 86 543
D10 0.0141 511 265 600 309
D10 0.0140 0 402 88 450
D10 0.0139 509 246 600 289
D10 0.0138 8 468 111 524
D10 0.0138 0 429 84 485
D10 0.0137 267 500 355 547
D10 0.0136 286 507 340 531
D10 0.0135 492 252 571 282
D10 0.0134 4 353 90 415
D10 0.0134 0 516 44 542
D10 0.0134 563 265 600 289
D10 0.0132 262 335 404 397
D10 0.0132 343 364 428 390
D10 0.0129 20 460 74 483
D10 0.0129 8 449 107 504
D10 0.0129 0 310 40 336
D10 0.0127 0 284 91 337
D10 0.0127 276 538 411 600
D10 0.0126 0 349 50 373
D10 0.0126 340 374 419 402
D10 0.0126 241 563 320 597
D10 0.0126 282 515 329 541
D10 0.0125 2 328 63 352
D10 0.0125 18 404 77 428
D10 0.0125 492 264 551 286
D10 0.0124 365 508 462 547
D10 0.0123 539 255 594 281
D10 0.0122 0 402 39 430
D10 0.0121 0 526 36 551
D10 0.0121 280 500 331 525
D10 0.0120 320 573 401 600
D10 0.0120 321 567 379 592
D10 0.0118 167 535 358 600
D10 0.0117 252 524 342 588
D10 0.0117 63 399 136 430
D10 0.0116 25 391 120 444
D10 0.0116 0 496 39 524
D10 0.0116 0 366 49 391
D10 0.0116 83 507 135 533
D10 0.0115 2 385 48 414
D10 0.0115 0 357 40 381
D10 0.0115 0 526 48 576
D10 0.0115 18 544 130 597
D10 0.0114 290 555 339 578
D10 0.0114 71 396 125 421
D10 0.0114 538 218 593 243
D10 0.0113 309 357 416 405
D10 0.0113 0 416 56 450
D10 0.0112 29 534 81 560
D10 0.0111 289 327 404 375
D10 0.0111 0 505 41 533
D10 0.0110 27 576 90 599
D10 0.0110 0 502 64 539
D10 0.0109 0 477 38 505
D10 0.0109 295 551 367 584
D10 0.0108 10 547 78 585
D10 0.0107 52 497 151 539
D10 0.0107 242 318 383 381
D10 0.0107 177 442 254 469
D10 0.0107 0 442 46 470
D10 0.0106 105 506 143 534
D10 0.0105 266 515 313 540
D10 0.0105 53 387 155 428
D10 0.0105 0 338 82 387
D10 0.0105 550 234 599 256
D10 0.0105 28 509 132 548
D10 0.0103 373 517 428 541
D10 0.0103 29 312 85 336
D10 0.0103 0 445 140 552
D10 0.0103 0 375 67 425
D10 0.0102 39 526 93 551
D10 0.0102 8 582 71 600
D10 0.0102 387 575 467 600
D10 0.0101 292 524 392 585
D10 0.0101 169 357 216 382
D10 0.0100 0 289 75 321
D10 0.0100 0 333 67 369
D10 0.0100 0 471 56 509
D10 0.0100 82 498 134 525
D10 0.0100 27 569 135 600
D10 0.0100 266 500 311 526
D20 0.0314 0 531 48 600
D20 0.0274 0 449 70 600
D20 0.0261 0 457 38 543
D20 0.0245 0 302 80 344
D20 0.0244 0 367 84 537
D20 0.0236 0 320 90 477
D20 0.0232 0 543 96 597
D20 0.0221 0 573 41 598
D20 0.0215 0 309 131 600
D20 0.0202 0 502 138 600
D20 0.0192 0 287 100 415
D20 0.0186 0 436 43 512
D20 0.0182 0 387 388 594
D20 0.0170 306 342 418 388
D20 0.0168 0 523 74 586
D20 0.0167 0 491 60 576
D20 0.0166 0 383 45 463
D20 0.0164 504 183 600 327
D20 0.0162 0 564 66 600
D20 0.0154 265 332 426 401
D20 0.0154 0 294 47 365
D20 0.0153 134 393 533 590
D20 0.0153 267 456 350 600
D20 0.0148 249 538 375 599
D20 0.0147 0 0 408 294
D20 0.0146 0 391 51 553
D20 0.0145 6 361 80 441
D20 0.0144 0 453 219 600
D20 0.0143 167 0 600 294
D20 0.0135 0 422 116 585
D20 0.0132 375 455 600 600
D20 0.0131 334 370 426 407
D20 0.0130 0 118 290 600
D20 0.0127 0 413 35 494
D20 0.0127 567 256 600 333
D20 0.0126 312 118 600 600
D20 0.0125 12 316 132 440
D20 0.0125 456 0 600 221
D20 0.0124 0 544 23 600
D20 0.0123 0 343 47 426
D20 0.0122 0 476 21 541
D20 0.0121 257 563 362 600
D20 0.0120 252 503 411 596
D20 0.0119 0 305 42 340
D20 0.0119 0 0 600 434
D20 0.0119 0 0 146 216
D20 0.0117 283 450 406 584
D20 0.0116 0 236 516 600
D20 0.0115 0 319 293 539
D20 0.0115 0 581 29 600
D20 0.0115 385 0 600 145
D20 0.0113 0 563 29 592
D20 0.0112 452 367 600 600
D20 0.0109 0 286 81 327
D20 0.0109 30 338 125 492
D20 0.0108 0 493 25 576
D20 0.0108 536 228 600 345
D20 0.0107 526 0 600 110
D20 0.0107 2 311 77 371
D20 0.0106 0 275 92 359
D20 0.0105 0 301 56 454
D20 0.0104 524 144 600 282
D20 0.0104 58 328 456 543
D20 0.0101 189 511 368 597
D20 0.0100 236 472 487 599
D40 0.0227 329 350 417 384
D40 0.0203 338 357 404 380
D40 0.0200 332 349 393 373
D40 0.0178 310 342 398 378
D40 0.0175 334 360 426 394
D40 0.0135 3 396 40 434
D40 0.0133 343 368 414 389
D40 0.0130 0 384 65 442
D40 0.0117 359 359 428 380
D40 0.0112 8 388 51 425
D40 0.0105 290 334 385 370
D40 0.0103 297 332 442 395
D40 0.0102 322 341 382 365
