D00 0.2564 194 440 290 567
D00 0.1995 185 478 270 581
D00 0.1916 191 518 251 595
D00 0.1873 221 422 311 530
D00 0.1801 205 525 251 553
D00 0.1772 219 460 261 566
D00 0.1608 124 452 295 578
D00 0.1512 238 405 313 493
D00 0.1491 146 511 263 592
D00 0.1409 199 518 263 561
D00 0.1377 221 447 283 514
D00 0.1271 227 465 256 521
D00 0.1186 291 385 317 439
D00 0.1169 163 418 339 580
D00 0.1164 231 434 294 496
D00 0.1057 184 549 228 599
D00 0.1019 227 463 267 502
D00 0.1005 281 400 309 455
D00 0.1001 261 416 306 476
D00 0.0903 275 381 318 459
D00 0.0798 231 454 279 492
D00 0.0768 211 390 327 509
D00 0.0701 254 383 337 482
D00 0.0673 294 381 326 419
D00 0.0671 165 495 308 600
D00 0.0663 216 494 258 551
D00 0.0640 250 442 296 483
D00 0.0613 521 569 554 600
D00 0.0610 279 384 316 419
D00 0.0602 154 550 266 600
D00 0.0602 165 526 237 600
D00 0.0602 240 389 317 459
D00 0.0567 165 566 228 600
D00 0.0553 217 523 253 567
D00 0.0544 200 465 269 521
D00 0.0527 175 432 297 503
D00 0.0523 65 518 285 597
D00 0.0516 13 388 75 539
D00 0.0508 210 527 245 583
D00 0.0498 505 528 552 600
D00 0.0487 282 378 323 402
D00 0.0482 284 378 333 440
D00 0.0482 266 420 306 449
D00 0.0449 88 480 356 600
D00 0.0441 42 442 78 539
D00 0.0435 262 428 303 459
D00 0.0430 515 571 580 600
D00 0.0430 165 460 263 546
D00 0.0423 198 537 236 594
D00 0.0423 212 512 268 591
D00 0.0415 216 459 258 496
D00 0.0412 250 375 324 435
D00 0.0405 192 528 242 565
D00 0.0402 102 525 239 585
D00 0.0397 208 500 282 554
D00 0.0395 275 411 311 441
D00 0.0393 131 382 325 531
D00 0.0391 240 436 284 478
D00 0.0389 505 462 594 600
D00 0.0389 224 448 265 488
D00 0.0384 217 476 261 504
D00 0.0380 219 480 277 539
D00 0.0377 249 426 294 468
D00 0.0374 296 396 324 449
D00 0.0373 188 571 240 598
D00 0.0362 209 413 305 474
D00 0.0359 33 424 70 521
D00 0.0357 513 581 563 600
D00 0.0357 270 390 311 428
D00 0.0354 264 386 315 410
D00 0.0350 3 427 90 590
D00 0.0348 210 437 264 508
D00 0.0347 193 456 383 590
D00 0.0347 488 571 556 600
D00 0.0341 189 381 386 543
D00 0.0341 488 506 577 599
D00 0.0334 50 461 72 524
D00 0.0318 516 556 545 600
D00 0.0318 494 529 530 567
D00 0.0316 180 537 240 577
D00 0.0316 263 406 331 462
D00 0.0315 285 415 316 471
D00 0.0312 483 524 543 591
D00 0.0309 387 384 447 451
D00 0.0305 35 410 66 479
D00 0.0305 179 580 226 600
D00 0.0303 268 375 333 418
D00 0.0301 6 477 135 591
D00 0.0299 55 538 124 600
D00 0.0295 295 378 342 400
D00 0.0292 180 559 212 600
D00 0.0291 489 527 537 552
D00 0.0290 201 476 250 555
D00 0.0288 218 472 249 534
D00 0.0284 192 534 291 600
D00 0.0284 28 528 144 585
D00 0.0282 468 543 569 598
D00 0.0282 521 486 580 589
D00 0.0281 157 545 221 595
D00 0.0280 299 388 336 427
D00 0.0279 288 401 328 432
D00 0.0276 205 466 250 501
D00 0.0271 224 488 256 532
D00 0.0270 5 402 56 519
D00 0.0270 24 402 59 470
D00 0.0268 40 434 64 492
D00 0.0266 512 533 585 600
D00 0.0265 141 483 241 559
D00 0.0264 203 540 248 570
D00 0.0264 192 551 234 583
D00 0.0260 219 478 297 574
D00 0.0259 126 560 239 600
D00 0.0257 32 391 88 503
D00 0.0255 82 537 155 598
D00 0.0254 259 400 302 438
D00 0.0251 53 464 84 537
D00 0.0249 74 394 312 600
D00 0.0245 488 425 584 572
D00 0.0245 242 446 298 525
D00 0.0244 37 546 104 600
D00 0.0243 18 461 72 568
D00 0.0241 104 483 242 600
D00 0.0237 245 411 306 446
D00 0.0235 41 451 64 514
D00 0.0232 435 529 596 600
D00 0.0228 489 515 550 568
D00 0.0228 262 438 309 471
D00 0.0227 0 484 32 574
D00 0.0227 21 438 108 552
D00 0.0224 385 376 430 423
D00 0.0224 402 394 468 454
D00 0.0223 306 374 334 414
D00 0.0222 289 370 332 393
D00 0.0222 542 465 595 572
D00 0.0219 43 420 74 489
D00 0.0219 521 450 582 552
D00 0.0218 392 383 458 415
D00 0.0217 101 526 165 588
D00 0.0217 89 559 162 594
D00 0.0215 202 376 319 445
D00 0.0214 265 390 361 455
D00 0.0214 279 405 335 443
D00 0.0213 194 559 253 600
D00 0.0211 247 435 343 507
D00 0.0210 237 428 428 569
D00 0.0208 402 391 467 425
D00 0.0208 216 421 277 490
D00 0.0206 118 503 216 572
D00 0.0206 0 369 93 494
D00 0.0204 41 396 116 535
D00 0.0204 46 497 162 579
D00 0.0203 389 377 440 401
D00 0.0202 252 407 285 458
D00 0.0202 439 404 580 598
D00 0.0201 11 382 76 467
D00 0.0201 397 389 435 427
D00 0.0201 255 394 308 418
D00 0.0199 381 371 417 405
D00 0.0196 29 427 160 588
D00 0.0196 71 569 145 600
D00 0.0193 525 551 562 600
D00 0.0193 34 464 91 566
D00 0.0193 2 501 25 559
D00 0.0191 155 437 270 486
D00 0.0190 207 534 268 574
D00 0.0189 109 547 177 598
D00 0.0189 113 510 174 571
D00 0.0189 235 420 298 453
D00 0.0188 555 483 600 551
D00 0.0187 0 359 130 588
D00 0.0186 421 414 538 462
D00 0.0185 291 370 346 420
D00 0.0185 526 480 593 541
D00 0.0184 23 501 104 570
D00 0.0182 503 532 535 586
D00 0.0182 393 384 422 434
D00 0.0180 16 394 60 447
D00 0.0180 395 398 457 436
D00 0.0179 235 471 285 510
D00 0.0179 299 367 327 408
D00 0.0178 392 419 460 454
D00 0.0178 107 572 163 597
D00 0.0177 122 539 206 597
D00 0.0177 116 568 192 600
D00 0.0176 412 395 495 442
D00 0.0176 383 369 429 393
D00 0.0176 66 549 133 587
D00 0.0174 248 461 294 495
D00 0.0174 47 569 116 600
D00 0.0173 223 485 260 511
D00 0.0173 184 459 255 493
D00 0.0171 59 558 100 596
D00 0.0171 143 573 211 598
D00 0.0171 244 416 275 469
D00 0.0170 12 508 76 592
D00 0.0169 499 479 573 556
D00 0.0169 2 484 24 537
D00 0.0169 55 465 214 590
D00 0.0169 43 537 97 584
D00 0.0169 455 410 581 516
D00 0.0168 378 368 423 445
D00 0.0167 43 453 123 574
D00 0.0167 64 532 135 564
D00 0.0165 209 547 244 597
D00 0.0165 201 504 251 543
D00 0.0164 382 389 418 426
D00 0.0164 271 418 341 481
D00 0.0163 369 387 490 454
D00 0.0162 397 406 435 446
D00 0.0162 414 387 471 411
D00 0.0161 234 426 265 481
D00 0.0161 216 500 332 589
D00 0.0160 216 538 258 600
D00 0.0160 123 558 164 592
D00 0.0160 481 444 563 487
D00 0.0159 126 517 163 581
D00 0.0159 77 558 121 596
D00 0.0159 2 483 57 582
D00 0.0159 241 459 318 555
D00 0.0158 31 388 67 456
D00 0.0158 125 492 185 550
D00 0.0158 245 387 297 432
D00 0.0155 244 387 299 410
D00 0.0155 532 511 600 594
D00 0.0154 247 377 314 408
D00 0.0153 117 536 157 595
D00 0.0152 265 367 322 399
D00 0.0152 428 402 481 450
D00 0.0152 50 512 116 565
D00 0.0152 227 515 299 600
D00 0.0151 50 436 83 512
D00 0.0151 508 462 573 525
D00 0.0151 439 420 507 452
D00 0.0150 189 522 400 600
D00 0.0150 369 368 414 392
D00 0.0150 379 384 423 410
D00 0.0149 459 426 546 469
D00 0.0149 90 530 156 566
D00 0.0148 151 408 271 556
D00 0.0148 153 475 217 538
D00 0.0148 286 363 323 416
D00 0.0147 187 411 259 507
D00 0.0147 0 569 70 600
D00 0.0147 425 395 480 420
D00 0.0146 545 575 600 599
D00 0.0146 393 411 496 460
D00 0.0146 75 540 143 577
D00 0.0145 45 451 73 494
D00 0.0144 27 426 61 497
D00 0.0144 44 486 102 546
D00 0.0143 533 421 600 543
D00 0.0142 127 513 164 548
D00 0.0141 572 503 599 551
D00 0.0141 401 381 514 434
D00 0.0141 450 528 542 569
D00 0.0140 526 561 599 598
D00 0.0140 486 452 539 477
D00 0.0139 490 538 547 574
D00 0.0139 70 515 135 594
D00 0.0139 117 523 156 556
D00 0.0138 257 446 320 488
D00 0.0137 498 548 554 587
D00 0.0137 385 403 432 430
D00 0.0137 239 415 290 438
D00 0.0137 496 452 579 498
D00 0.0136 88 506 161 559
D00 0.0136 304 371 354 392
D00 0.0136 204 481 250 520
D00 0.0136 187 525 222 576
D00 0.0136 56 518 109 540
D00 0.0135 179 534 213 590
D00 0.0135 487 447 547 550
D00 0.0135 276 396 362 504
D00 0.0135 362 385 440 432
D00 0.0135 507 504 588 564
D00 0.0135 445 562 555 600
D00 0.0134 138 448 232 519
D00 0.0134 250 363 355 424
D00 0.0134 53 553 106 581
D00 0.0133 206 570 283 600
D00 0.0133 16 410 49 462
D00 0.0133 431 392 520 454
D00 0.0132 204 449 246 487
D00 0.0132 374 370 443 410
D00 0.0132 87 546 129 600
D00 0.0131 57 493 84 542
D00 0.0131 170 553 203 598
D00 0.0131 105 550 150 586
D00 0.0131 1 521 27 574
D00 0.0131 33 573 90 599
D00 0.0131 399 387 527 474
D00 0.0130 476 433 530 479
D00 0.0130 418 403 471 430
D00 0.0130 21 553 83 597
D00 0.0129 176 486 239 542
D00 0.0129 36 383 159 513
D00 0.0129 193 490 256 530
D00 0.0128 410 392 441 444
D00 0.0128 36 533 105 565
D00 0.0128 217 555 310 598
D00 0.0127 437 401 506 434
D00 0.0127 558 493 596 533
D00 0.0127 494 517 529 549
D00 0.0127 471 35 600 277
D00 0.0127 179 471 235 517
D00 0.0127 188 458 245 532
D00 0.0127 219 349 377 485
D00 0.0126 47 489 77 531
D00 0.0126 301 385 353 411
D00 0.0126 415 407 456 446
D00 0.0126 225 527 261 580
D00 0.0126 135 500 171 558
D00 0.0126 241 400 280 434
D00 0.0125 239 571 312 600
D00 0.0125 59 483 146 549
D00 0.0125 55 544 86 593
D00 0.0124 566 501 600 587
D00 0.0124 404 380 461 401
D00 0.0124 296 415 326 470
D00 0.0124 420 402 547 502
D00 0.0124 225 539 282 592
D00 0.0124 492 438 600 518
D00 0.0123 510 425 590 498
D00 0.0123 3 365 57 458
D00 0.0123 506 565 539 600
D00 0.0123 173 347 317 493
D00 0.0123 237 394 287 418
D00 0.0123 454 498 557 585
D00 0.0122 0 451 60 540
D00 0.0122 99 503 184 598
D00 0.0122 437 413 491 441
D00 0.0122 239 484 299 531
D00 0.0122 399 473 554 599
D00 0.0121 118 464 207 539
D00 0.0121 504 530 547 566
D00 0.0121 52 545 107 569
D00 0.0120 153 558 199 594
D00 0.0120 40 395 76 464
D00 0.0120 306 398 335 445
D00 0.0119 147 496 202 544
D00 0.0119 311 389 347 424
D00 0.0119 370 374 415 420
D00 0.0118 529 471 585 521
D00 0.0118 32 471 72 528
D00 0.0117 232 494 271 544
D00 0.0117 452 442 537 486
D00 0.0117 376 367 404 409
D00 0.0117 359 402 444 448
D00 0.0116 58 505 126 538
D00 0.0116 503 459 557 507
D00 0.0116 472 508 538 561
D00 0.0116 390 417 428 452
D00 0.0115 29 431 67 459
D00 0.0114 60 418 141 539
D00 0.0114 489 412 578 474
D00 0.0113 11 416 117 498
D00 0.0113 72 544 105 595
D00 0.0112 224 400 286 461
D00 0.0112 321 419 540 584
D00 0.0112 271 380 408 529
D00 0.0112 207 439 268 474
D00 0.0112 483 582 544 600
D00 0.0111 130 551 172 585
D00 0.0111 491 455 532 489
D00 0.0111 111 499 161 545
D00 0.0111 224 527 277 560
D00 0.0110 8 558 53 592
D00 0.0110 282 428 323 485
D00 0.0110 511 0 600 145
D00 0.0110 462 417 521 458
D00 0.0109 67 541 111 577
D00 0.0109 264 575 324 598
D00 0.0109 135 516 193 560
D00 0.0109 216 429 277 463
D00 0.0109 8 426 81 484
D00 0.0109 549 501 590 539
D00 0.0108 447 471 597 571
D00 0.0108 19 421 58 450
D00 0.0108 17 411 57 439
D00 0.0108 19 408 100 466
D00 0.0108 489 532 519 582
D00 0.0108 249 538 317 599
D00 0.0108 261 383 294 424
D00 0.0108 482 419 548 505
D00 0.0108 493 544 535 600
D00 0.0107 60 523 100 553
D00 0.0107 450 437 518 472
D00 0.0107 425 418 465 453
D00 0.0107 184 467 224 498
D00 0.0106 28 378 125 479
D00 0.0106 385 538 448 599
D00 0.0106 299 401 473 538
D00 0.0106 141 483 188 529
D00 0.0106 283 366 358 403
D00 0.0105 249 465 309 512
D00 0.0105 159 473 209 516
D00 0.0105 197 581 254 600
D00 0.0105 526 118 600 261
D00 0.0104 295 390 342 474
D00 0.0103 271 376 305 416
D00 0.0103 161 389 297 462
D00 0.0103 136 494 173 531
D00 0.0102 118 582 170 600
D00 0.0102 317 372 344 410
D00 0.0101 438 536 528 600
D00 0.0101 547 485 589 523
D00 0.0101 571 533 600 600
D00 0.0101 382 573 434 598
D00 0.0101 142 511 182 547
D00 0.0100 345 376 471 437
D00 0.0100 197 462 228 506
D00 0.0100 13 425 64 465
D00 0.0100 41 481 66 534
D00 0.0100 529 443 597 506
D10 0.1313 179 519 261 563
D10 0.1043 188 526 254 550
D10 0.0926 204 517 282 556
D10 0.0704 212 526 277 550
D10 0.0667 134 508 254 565
D10 0.0620 189 491 305 568
D10 0.0572 175 519 249 545
D10 0.0504 145 523 236 551
D10 0.0466 222 519 289 543
D10 0.0454 239 458 295 484
D10 0.0419 183 533 243 556
D10 0.0412 2 555 66 578
D10 0.0402 250 449 302 479
D10 0.0383 229 467 285 492
D10 0.0374 195 521 301 580
D10 0.0373 203 469 258 496
D10 0.0367 156 525 246 574
D10 0.0364 332 517 413 544
D10 0.0358 30 512 142 560
D10 0.0348 153 518 225 543
D10 0.0339 65 517 147 544
D10 0.0337 211 509 312 548
D10 0.0335 0 547 89 588
D10 0.0334 215 462 318 527
D10 0.0330 217 500 278 541
D10 0.0328 245 454 324 485
D10 0.0324 480 422 561 450
D10 0.0311 225 476 274 505
D10 0.0308 61 524 137 551
D10 0.0303 223 523 307 551
D10 0.0299 500 515 574 545
D10 0.0298 498 526 555 550
D10 0.0297 3 496 171 579
D10 0.0290 15 527 125 585
D10 0.0286 51 506 203 569
D10 0.0269 232 446 340 502
D10 0.0267 3 547 65 571
D10 0.0261 84 528 148 549
D10 0.0260 489 519 569 560
D10 0.0257 469 425 534 446
D10 0.0256 250 422 300 447
D10 0.0254 3 563 64 589
D10 0.0249 197 508 252 536
D10 0.0244 495 520 547 543
D10 0.0242 6 508 100 564
D10 0.0240 115 564 171 589
D10 0.0238 339 527 405 547
D10 0.0237 106 491 231 546
D10 0.0237 456 418 549 457
D10 0.0236 265 461 333 482
D10 0.0233 134 526 197 548
D10 0.0232 510 506 600 549
D10 0.0232 48 492 159 540
D10 0.0228 184 474 257 508
D10 0.0228 121 517 219 559
D10 0.0227 99 554 188 595
D10 0.0227 529 517 588 541
D10 0.0225 222 490 289 528
D10 0.0225 79 520 163 562
D10 0.0225 116 556 170 581
D10 0.0225 479 528 532 552
D10 0.0223 238 462 313 494
D10 0.0222 505 425 571 446
D10 0.0220 216 529 293 560
D10 0.0219 491 430 570 461
D10 0.0218 267 451 327 477
D10 0.0218 406 433 463 455
D10 0.0217 96 519 154 542
D10 0.0214 307 521 409 553
D10 0.0212 445 411 581 471
D10 0.0210 109 527 160 549
D10 0.0200 470 413 551 443
D10 0.0199 449 522 542 559
D10 0.0199 31 554 89 579
D10 0.0198 193 573 252 597
D10 0.0197 391 423 478 461
D10 0.0196 229 487 284 515
D10 0.0195 155 535 224 557
D10 0.0194 21 490 116 542
D10 0.0193 22 542 95 574
D10 0.0189 215 477 362 545
D10 0.0188 498 417 588 457
D10 0.0188 129 517 180 543
D10 0.0187 158 503 241 542
D10 0.0187 241 431 291 457
D10 0.0183 186 542 235 569
D10 0.0182 516 526 575 548
D10 0.0181 425 433 483 456
D10 0.0180 290 462 354 482
D10 0.0180 236 507 299 533
D10 0.0178 122 552 208 585
D10 0.0177 543 506 592 535
D10 0.0176 482 433 542 457
D10 0.0176 454 424 512 448
D10 0.0174 178 471 237 494
D10 0.0170 229 472 299 509
D10 0.0169 237 497 298 522
D10 0.0169 323 503 422 541
D10 0.0166 269 454 371 488
D10 0.0165 223 495 264 522
D10 0.0164 470 519 539 547
D10 0.0164 460 415 523 439
D10 0.0163 75 506 153 537
D10 0.0162 254 442 359 483
D10 0.0162 179 479 237 502
D10 0.0161 234 508 358 555
D10 0.0160 129 564 199 590
D10 0.0160 453 400 572 448
D10 0.0159 190 462 247 488
D10 0.0159 202 486 255 511
D10 0.0159 554 515 597 542
D10 0.0158 88 563 148 592
D10 0.0156 499 534 551 559
D10 0.0155 255 469 322 491
D10 0.0154 54 527 110 549
D10 0.0153 521 507 578 535
D10 0.0151 344 512 444 548
D10 0.0151 224 498 326 538
D10 0.0150 417 423 472 450
D10 0.0149 523 476 589 511
D10 0.0148 199 552 247 581
D10 0.0146 195 557 266 595
D10 0.0146 500 438 575 473
D10 0.0146 446 433 502 456
D10 0.0145 458 429 528 462
D10 0.0145 32 562 89 592
D10 0.0145 2 533 84 567
D10 0.0144 270 440 321 470
D10 0.0142 436 424 491 449
D10 0.0141 419 424 507 463
D10 0.0139 341 510 404 535
D10 0.0138 493 452 549 477
D10 0.0137 364 519 426 541
D10 0.0137 78 535 139 559
D10 0.0136 238 484 316 518
D10 0.0135 322 462 375 483
D10 0.0135 119 533 167 560
D10 0.0135 541 488 590 516
D10 0.0133 498 415 560 440
D10 0.0132 541 524 592 549
D10 0.0131 4 573 63 598
D10 0.0129 133 535 196 559
D10 0.0129 384 423 436 449
D10 0.0129 200 496 253 522
D10 0.0128 503 457 573 490
D10 0.0128 519 447 590 481
D10 0.0128 494 460 548 485
D10 0.0128 453 528 521 549
D10 0.0127 313 519 378 541
D10 0.0127 118 544 167 573
D10 0.0127 302 453 359 478
D10 0.0126 147 506 204 536
D10 0.0126 282 421 329 446
D10 0.0126 259 490 382 537
D10 0.0126 90 554 147 581
D10 0.0125 299 505 436 559
D10 0.0125 417 442 472 464
D10 0.0125 553 497 596 527
D10 0.0125 215 575 276 597
D10 0.0125 110 508 160 535
D10 0.0124 513 466 579 501
D10 0.0124 525 433 585 457
D10 0.0124 109 490 161 513
D10 0.0123 492 442 550 469
D10 0.0123 182 491 254 530
D10 0.0123 109 498 161 523
D10 0.0123 299 404 354 428
D10 0.0123 215 493 421 568
D10 0.0122 494 488 578 541
D10 0.0122 248 518 311 541
D10 0.0121 236 459 384 528
D10 0.0120 134 541 218 576
D10 0.0120 33 537 91 561
D10 0.0120 504 509 558 535
D10 0.0119 230 424 280 446
D10 0.0118 514 479 567 504
D10 0.0118 376 428 446 457
D10 0.0118 69 495 146 529
D10 0.0117 131 506 179 536
D10 0.0117 80 486 153 518
D10 0.0117 223 441 272 467
D10 0.0117 550 480 597 504
D10 0.0116 538 470 590 494
D10 0.0115 172 483 246 518
D10 0.0114 218 518 373 585
D10 0.0114 270 466 351 494
D10 0.0114 453 520 519 541
D10 0.0113 291 412 341 437
D10 0.0112 248 479 308 503
D10 0.0112 213 541 264 568
D10 0.0110 313 528 377 548
D10 0.0110 527 460 584 485
D10 0.0110 237 489 341 529
D10 0.0110 526 442 584 468
D10 0.0109 284 511 391 547
D10 0.0108 517 424 600 468
D10 0.0108 215 564 272 591
D10 0.0107 317 489 448 546
D10 0.0105 411 508 559 571
D10 0.0105 159 480 211 502
D10 0.0105 1 535 49 564
D10 0.0105 436 442 492 466
D10 0.0104 131 498 178 524
D10 0.0104 238 535 302 557
D10 0.0104 400 441 454 464
D10 0.0104 99 543 152 573
D10 0.0103 230 528 325 568
D10 0.0103 310 378 367 399
D10 0.0102 52 468 154 529
D10 0.0102 504 469 557 496
D10 0.0102 468 534 527 560
D10 0.0101 452 402 529 434
D10 0.0101 328 526 415 566
D10 0.0101 129 490 179 513
D10 0.0101 479 460 530 485
D10 0.0101 27 523 98 555
D10 0.0100 312 454 405 489
D20 0.1321 29 436 326 591
D20 0.1304 99 506 267 596
D20 0.1260 138 452 279 563
D20 0.1015 208 409 326 531
D20 0.0808 61 409 523 583
D20 0.0743 75 478 261 570
D20 0.0700 222 442 295 496
D20 0.0677 161 427 302 529
D20 0.0620 190 462 269 508
D20 0.0616 166 424 395 578
D20 0.0600 53 303 319 574
D20 0.0577 229 416 342 495
D20 0.0570 235 435 314 486
D20 0.0557 177 506 263 561
D20 0.0511 35 530 227 600
D20 0.0478 192 457 339 559
D20 0.0467 0 229 405 600
D20 0.0465 0 515 174 595
D20 0.0450 220 464 290 532
D20 0.0393 233 393 383 485
D20 0.0380 149 498 251 547
D20 0.0367 123 361 358 600
D20 0.0363 37 499 222 579
D20 0.0355 64 554 155 599
D20 0.0353 188 473 262 533
D20 0.0347 119 555 232 598
D20 0.0321 117 448 263 517
D20 0.0310 21 439 192 582
D20 0.0307 13 543 127 596
D20 0.0304 52 413 277 546
D20 0.0287 238 406 313 457
D20 0.0278 0 471 113 591
D20 0.0277 173 375 487 527
D20 0.0276 0 554 89 596
D20 0.0273 139 526 238 572
D20 0.0270 93 464 242 538
D20 0.0269 175 387 319 490
D20 0.0268 0 351 207 600
D20 0.0268 276 390 346 442
D20 0.0266 215 428 385 514
D20 0.0265 0 489 282 600
D20 0.0261 162 455 571 600
D20 0.0247 395 391 529 455
D20 0.0247 0 92 600 600
D20 0.0245 252 426 335 479
D20 0.0240 244 387 318 435
D20 0.0228 123 403 292 502
D20 0.0228 76 534 157 585
D20 0.0227 1 389 59 451
D20 0.0221 179 502 351 591
D20 0.0221 6 517 88 588
D20 0.0220 0 539 60 592
D20 0.0220 122 508 217 551
D20 0.0217 427 410 568 469
D20 0.0207 38 564 125 600
D20 0.0204 82 312 600 558
D20 0.0204 202 484 449 587
D20 0.0203 52 485 197 550
D20 0.0201 0 0 408 294
D20 0.0200 284 379 357 422
D20 0.0197 155 480 242 529
D20 0.0196 167 0 600 294
D20 0.0191 312 118 600 600
D20 0.0186 390 532 577 600
D20 0.0185 116 536 218 583
D20 0.0183 94 533 188 598
D20 0.0179 267 407 343 460
D20 0.0178 0 507 45 583
D20 0.0175 556 489 600 560
D20 0.0172 92 525 169 575
D20 0.0171 174 483 240 556
D20 0.0171 15 156 240 550
D20 0.0168 0 401 77 551
D20 0.0167 442 418 592 504
D20 0.0166 0 375 63 430
D20 0.0164 227 478 326 522
D20 0.0163 135 489 219 538
D20 0.0160 0 459 30 541
D20 0.0160 0 422 147 539
D20 0.0157 295 376 361 402
D20 0.0157 168 287 439 584
D20 0.0154 0 0 291 477
D20 0.0153 252 375 398 456
D20 0.0152 163 456 255 495
D20 0.0152 82 562 206 600
D20 0.0152 0 0 147 227
D20 0.0152 212 472 414 550
D20 0.0151 5 409 60 475
D20 0.0150 454 0 600 224
D20 0.0149 330 477 591 600
D20 0.0149 245 361 527 600
D20 0.0143 1 550 42 582
D20 0.0142 418 413 600 600
D20 0.0139 16 382 76 443
D20 0.0138 218 417 295 465
D20 0.0135 247 388 495 483
D20 0.0135 67 475 177 600
D20 0.0135 381 0 600 147
D20 0.0134 181 539 335 600
D20 0.0133 45 380 272 498
D20 0.0133 0 367 79 491
D20 0.0133 245 449 499 562
D20 0.0132 244 432 355 571
D20 0.0129 60 491 155 533
D20 0.0128 38 416 202 514
D20 0.0128 0 568 59 600
D20 0.0126 484 526 600 600
D20 0.0125 41 458 167 538
D20 0.0124 94 430 237 496
D20 0.0124 226 396 302 441
D20 0.0123 115 156 356 546
D20 0.0120 323 383 496 455
D20 0.0120 525 479 600 600
D20 0.0118 244 468 299 542
D20 0.0118 224 525 452 600
D20 0.0116 105 499 184 546
D20 0.0116 23 534 82 600
D20 0.0116 0 440 42 525
D20 0.0114 0 0 262 180
D20 0.0114 290 399 362 430
D20 0.0111 8 393 156 500
D20 0.0110 402 374 580 445
D20 0.0109 0 486 25 569
D20 0.0109 527 0 600 120
D20 0.0107 265 398 370 531
D20 0.0107 0 0 73 111
D20 0.0106 145 474 228 514
D20 0.0106 139 371 312 456
D20 0.0105 26 338 294 470
D20 0.0102 87 436 194 530
D20 0.0102 0 557 34 592
D20 0.0102 345 0 600 393
D20 0.0101 0 451 56 598
D20 0.0101 138 492 188 562
D20 0.0100 72 577 142 600
D20 0.0100 461 382 594 474
D40 0.0209 1 396 51 422
D40 0.0191 11 400 52 436
D40 0.0181 0 388 64 434
D40 0.0176 83 363 173 397
D40 0.0169 0 528 94 572
D40 0.0167 22 392 59 427
D40 0.0158 569 508 600 547
D40 0.0158 0 404 44 429
D40 0.0155 5 386 57 411
D40 0.0140 8 370 78 445
D40 0.0139 2 540 41 575
D40 0.0139 0 362 71 398
D40 0.0139 559 501 596 540
D40 0.0134 3 407 46 444
D40 0.0133 0 368 52 390
D40 0.0129 87 376 149 400
D40 0.0129 3 377 59 400
D40 0.0125 8 355 188 422
D40 0.0122 0 78 211 313
D40 0.0119 0 508 27 549
D40 0.0114 0 512 44 568
D40 0.0113 16 518 107 562
D40 0.0111 0 506 90 555
D40 0.0111 27 232 347 468
D40 0.0111 0 528 31 569
D40 0.0109 20 372 111 406
D40 0.0107 39 364 162 405
D40 0.0107 14 384 80 414
D40 0.0106 0 359 49 383
