D00 0.2282 38 412 254 536
D00 0.2161 395 452 469 593
D00 0.2065 93 424 219 494
D00 0.2037 108 439 182 484
D00 0.1852 15 429 201 571
D00 0.1741 7 473 139 557
D00 0.1557 105 391 254 483
D00 0.1517 287 479 334 597
D00 0.1487 349 424 495 587
D00 0.1475 51 438 199 516
D00 0.1455 7 501 103 557
D00 0.1447 126 448 178 478
D00 0.1382 422 457 463 552
D00 0.1373 400 519 438 600
D00 0.1366 292 494 316 549
D00 0.1284 0 409 362 580
D00 0.1271 128 425 191 480
D00 0.1254 396 452 457 536
D00 0.1251 0 482 104 591
D00 0.1210 436 483 468 554
D00 0.1180 124 423 247 563
D00 0.1160 5 510 75 546
D00 0.1115 69 438 303 565
D00 0.1102 136 373 283 456
D00 0.1087 280 485 320 570
D00 0.1080 407 488 470 565
D00 0.1069 413 546 437 598
D00 0.1064 16 457 175 536
D00 0.1062 8 412 215 493
D00 0.1042 163 401 237 449
D00 0.1031 261 471 359 600
D00 0.1027 420 473 480 586
D00 0.0991 190 479 230 559
D00 0.0966 178 502 221 556
D00 0.0962 136 439 185 473
D00 0.0911 72 380 366 521
D00 0.0876 431 472 458 536
D00 0.0876 163 457 231 584
D00 0.0869 198 493 224 549
D00 0.0868 1 507 58 565
D00 0.0858 143 410 212 470
D00 0.0816 429 497 462 543
D00 0.0802 407 518 429 584
D00 0.0789 173 391 255 440
D00 0.0788 166 360 295 426
D00 0.0777 376 463 448 578
D00 0.0757 285 523 325 600
D00 0.0748 16 494 115 538
D00 0.0711 156 411 418 585
D00 0.0706 290 499 331 557
D00 0.0698 285 499 311 558
D00 0.0696 88 449 220 537
D00 0.0682 201 469 342 596
D00 0.0658 1 516 81 581
D00 0.0655 385 413 470 545
D00 0.0653 443 506 467 562
D00 0.0650 142 404 258 520
D00 0.0640 412 507 463 600
D00 0.0629 44 475 265 586
D00 0.0624 103 454 171 491
D00 0.0619 293 553 316 599
D00 0.0604 402 490 435 574
D00 0.0599 287 504 323 534
D00 0.0588 198 468 243 545
D00 0.0586 156 415 218 453
D00 0.0586 175 463 280 565
D00 0.0584 21 507 94 535
D00 0.0582 262 478 331 558
D00 0.0575 205 484 233 540
D00 0.0558 411 449 453 510
D00 0.0553 388 397 449 510
D00 0.0547 383 460 447 503
D00 0.0546 190 379 275 424
D00 0.0541 36 420 193 467
D00 0.0536 282 496 354 548
D00 0.0534 421 463 452 525
D00 0.0533 404 564 436 600
D00 0.0533 171 455 247 539
D00 0.0525 395 380 421 436
D00 0.0522 77 461 141 525
D00 0.0520 0 519 46 600
D00 0.0507 0 471 68 561
D00 0.0507 5 522 58 551
D00 0.0495 389 422 570 581
D00 0.0488 281 573 331 598
D00 0.0481 258 349 312 373
D00 0.0478 92 451 155 514
D00 0.0473 407 537 453 598
D00 0.0468 186 517 215 567
D00 0.0466 407 461 512 571
D00 0.0463 172 380 279 543
D00 0.0461 267 547 329 600
D00 0.0458 278 497 320 527
D00 0.0456 387 364 429 446
D00 0.0455 287 429 442 584
D00 0.0450 203 359 316 413
D00 0.0448 187 513 224 546
D00 0.0447 170 522 216 554
D00 0.0447 1 438 118 543
D00 0.0446 191 507 224 574
D00 0.0443 178 403 232 435
D00 0.0440 51 480 132 527
D00 0.0436 155 425 230 535
D00 0.0435 398 428 445 501
D00 0.0433 418 488 460 532
D00 0.0431 141 431 193 462
D00 0.0431 88 397 217 461
D00 0.0427 296 513 348 600
D00 0.0424 412 440 484 544
D00 0.0421 287 478 398 594
D00 0.0419 214 373 278 409
D00 0.0418 415 506 467 551
D00 0.0417 433 499 485 566
D00 0.0411 386 382 413 434
D00 0.0405 146 489 224 569
D00 0.0399 446 494 473 548
D00 0.0395 172 494 242 550
D00 0.0393 120 476 234 593
D00 0.0393 20 435 171 482
D00 0.0392 65 497 121 524
D00 0.0392 359 511 457 600
D00 0.0391 42 358 281 493
D00 0.0389 392 448 487 507
D00 0.0380 404 390 428 443
D00 0.0376 396 393 435 486
D00 0.0372 282 460 375 560
D00 0.0368 129 445 234 505
D00 0.0368 284 485 310 534
D00 0.0363 409 572 456 598
D00 0.0360 1 526 38 566
D00 0.0360 176 504 239 586
D00 0.0351 408 535 438 579
D00 0.0350 387 478 457 521
D00 0.0349 395 471 441 549
D00 0.0348 137 478 305 579
D00 0.0347 267 341 319 368
D00 0.0347 240 344 317 381
D00 0.0345 226 362 286 400
D00 0.0344 183 424 302 599
D00 0.0343 288 484 334 535
D00 0.0343 190 468 336 538
D00 0.0340 420 455 460 493
D00 0.0340 268 495 319 544
D00 0.0338 397 493 507 600
D00 0.0337 195 346 303 397
D00 0.0333 14 495 172 600
D00 0.0332 397 399 423 449
D00 0.0332 249 356 304 380
D00 0.0329 236 488 323 577
D00 0.0328 190 505 227 536
D00 0.0327 32 499 110 527
D00 0.0324 251 570 326 600
D00 0.0324 129 452 197 486
D00 0.0323 0 385 139 563
D00 0.0319 191 393 252 424
D00 0.0318 243 420 338 565
D00 0.0315 293 515 317 580
D00 0.0315 498 395 592 452
D00 0.0311 244 491 328 536
D00 0.0310 84 425 180 476
D00 0.0310 253 517 338 591
D00 0.0308 392 555 442 598
D00 0.0307 403 466 450 494
D00 0.0304 284 558 347 600
D00 0.0303 65 444 161 492
D00 0.0303 431 506 476 600
D00 0.0298 404 409 428 465
D00 0.0296 397 529 426 589
D00 0.0295 202 386 264 413
D00 0.0293 204 464 264 521
D00 0.0292 5 496 73 534
D00 0.0291 164 392 231 428
D00 0.0290 424 487 502 542
D00 0.0289 3 396 182 461
D00 0.0289 409 500 442 561
D00 0.0289 204 508 231 559
D00 0.0288 398 512 424 571
D00 0.0282 206 481 246 520
D00 0.0279 1 537 30 594
D00 0.0276 291 513 332 542
D00 0.0274 50 485 181 537
D00 0.0274 268 499 315 593
D00 0.0271 430 452 469 524
D00 0.0271 298 563 325 600
D00 0.0270 284 562 310 600
D00 0.0270 305 495 368 598
D00 0.0269 321 471 361 546
D00 0.0266 274 564 322 595
D00 0.0266 417 558 445 600
D00 0.0265 400 561 476 600
D00 0.0264 340 483 361 537
D00 0.0261 2 527 119 600
D00 0.0260 127 419 198 457
D00 0.0260 383 465 428 527
D00 0.0260 172 394 251 494
D00 0.0260 237 473 339 526
D00 0.0258 242 350 295 393
D00 0.0256 285 441 334 544
D00 0.0254 208 424 290 545
D00 0.0252 332 447 369 535
D00 0.0251 408 472 447 530
D00 0.0250 375 383 402 433
D00 0.0248 438 514 479 545
D00 0.0247 126 455 199 562
D00 0.0246 102 357 423 477
D00 0.0244 433 476 482 534
D00 0.0244 201 382 291 452
D00 0.0244 81 465 146 500
D00 0.0243 534 404 598 463
D00 0.0243 135 435 185 507
D00 0.0242 403 450 469 485
D00 0.0241 199 489 255 593
D00 0.0241 143 427 250 485
D00 0.0240 161 518 228 567
D00 0.0239 199 407 264 519
D00 0.0239 202 489 298 573
D00 0.0239 174 406 210 450
D00 0.0239 86 483 128 521
D00 0.0237 340 440 362 491
D00 0.0235 78 443 168 564
D00 0.0235 185 491 238 532
D00 0.0233 107 379 235 435
D00 0.0232 190 359 298 490
D00 0.0232 234 358 286 382
D00 0.0232 341 464 360 520
D00 0.0232 216 474 255 512
D00 0.0232 332 485 355 537
D00 0.0232 395 384 457 448
D00 0.0230 356 457 434 548
D00 0.0228 416 518 449 579
D00 0.0227 214 384 431 530
D00 0.0227 403 384 493 519
D00 0.0226 356 429 430 516
D00 0.0225 369 506 436 574
D00 0.0225 102 467 158 494
D00 0.0225 460 387 520 409
D00 0.0225 495 410 571 446
D00 0.0224 403 581 448 600
D00 0.0224 142 401 214 437
D00 0.0223 241 463 306 554
D00 0.0221 394 369 421 413
D00 0.0221 105 484 217 544
D00 0.0220 523 403 578 449
D00 0.0219 21 484 82 548
D00 0.0218 353 550 446 600
D00 0.0217 264 442 319 541
D00 0.0216 293 485 408 538
D00 0.0215 62 492 217 568
D00 0.0215 473 379 584 435
D00 0.0214 154 509 279 586
D00 0.0214 173 519 213 583
D00 0.0214 431 523 469 552
D00 0.0212 312 494 350 555
D00 0.0211 280 341 339 364
D00 0.0211 305 508 335 562
D00 0.0209 402 508 436 551
D00 0.0208 33 466 114 534
D00 0.0208 406 476 451 504
D00 0.0207 409 485 455 514
D00 0.0205 145 513 222 549
D00 0.0201 268 581 325 600
D00 0.0201 0 509 35 557
D00 0.0201 54 465 145 580
D00 0.0200 225 448 268 519
D00 0.0200 324 457 418 586
D00 0.0200 242 370 285 406
D00 0.0199 62 502 336 600
D00 0.0199 482 397 549 452
D00 0.0198 65 380 200 500
D00 0.0198 48 423 123 453
D00 0.0197 429 517 461 574
D00 0.0196 229 399 308 536
D00 0.0195 97 471 138 511
D00 0.0195 301 441 352 542
D00 0.0193 284 489 326 517
D00 0.0193 449 516 474 571
D00 0.0193 410 424 437 479
D00 0.0193 417 440 448 487
D00 0.0192 401 373 429 423
D00 0.0192 330 483 368 562
D00 0.0192 399 378 466 485
D00 0.0189 97 452 157 480
D00 0.0189 163 407 269 461
D00 0.0189 165 496 209 554
D00 0.0188 375 529 433 586
D00 0.0188 171 383 242 418
D00 0.0187 47 490 117 519
D00 0.0186 82 358 256 447
D00 0.0186 406 393 439 460
D00 0.0185 332 466 354 522
D00 0.0185 551 420 600 468
D00 0.0183 10 489 57 549
D00 0.0183 366 383 390 432
D00 0.0183 233 349 289 373
D00 0.0181 161 533 214 560
D00 0.0180 401 550 435 582
D00 0.0179 234 466 260 514
D00 0.0179 185 517 240 555
D00 0.0179 377 369 401 417
D00 0.0178 395 490 422 553
D00 0.0177 195 483 273 532
D00 0.0177 416 426 466 498
D00 0.0175 518 396 592 501
D00 0.0174 23 504 59 545
D00 0.0174 304 480 355 531
D00 0.0174 282 547 314 589
D00 0.0173 407 542 496 596
D00 0.0173 512 413 583 469
D00 0.0173 77 485 141 540
D00 0.0172 106 399 184 483
D00 0.0172 515 395 579 427
D00 0.0171 380 407 421 442
D00 0.0171 295 548 328 589
D00 0.0170 499 418 541 451
D00 0.0170 40 495 115 589
D00 0.0170 151 513 210 600
D00 0.0169 493 408 531 445
D00 0.0169 171 420 234 447
D00 0.0168 115 337 330 578
D00 0.0167 0 454 44 548
D00 0.0167 435 497 481 524
D00 0.0166 469 407 600 584
D00 0.0166 271 507 343 568
D00 0.0165 0 550 72 600
D00 0.0165 436 435 505 537
D00 0.0164 60 493 123 549
D00 0.0164 126 364 252 412
D00 0.0164 195 498 251 539
D00 0.0163 236 425 278 505
D00 0.0163 196 516 316 600
D00 0.0162 324 435 363 516
D00 0.0162 36 421 137 532
D00 0.0162 347 440 371 492
D00 0.0161 218 388 282 495
D00 0.0161 406 373 443 439
D00 0.0160 573 429 599 477
D00 0.0160 358 384 380 431
D00 0.0159 402 517 461 558
D00 0.0159 162 508 218 537
D00 0.0158 339 467 378 547
D00 0.0157 539 416 578 452
D00 0.0156 327 575 388 599
D00 0.0156 274 473 319 527
D00 0.0156 475 386 528 428
D00 0.0155 185 533 224 559
D00 0.0155 339 427 381 503
D00 0.0154 199 473 227 524
D00 0.0154 416 463 478 498
D00 0.0153 228 339 335 404
D00 0.0153 138 392 214 424
D00 0.0153 213 367 270 394
D00 0.0153 311 551 353 600
D00 0.0152 416 522 518 584
D00 0.0151 87 461 145 486
D00 0.0151 430 482 543 580
D00 0.0151 408 518 486 572
D00 0.0151 325 500 357 564
D00 0.0149 167 520 203 566
D00 0.0148 427 448 544 548
D00 0.0148 386 399 448 436
D00 0.0148 309 434 389 546
D00 0.0147 10 414 118 471
D00 0.0147 429 486 468 513
D00 0.0147 293 332 350 354
D00 0.0147 211 499 240 550
D00 0.0147 545 419 596 520
D00 0.0147 331 448 354 500
D00 0.0147 370 358 412 431
D00 0.0147 130 496 197 588
D00 0.0146 25 517 97 553
D00 0.0146 473 375 512 406
D00 0.0146 41 432 132 471
D00 0.0146 386 363 412 407
D00 0.0145 461 394 521 417
D00 0.0145 566 527 600 600
D00 0.0145 474 384 548 412
D00 0.0145 345 363 462 538
D00 0.0144 419 468 503 522
D00 0.0143 243 340 297 367
D00 0.0143 90 464 201 600
D00 0.0142 110 522 216 580
D00 0.0142 392 527 446 567
D00 0.0141 111 432 177 460
D00 0.0141 276 508 304 567
D00 0.0141 54 444 131 512
D00 0.0141 483 393 561 424
D00 0.0141 345 457 375 522
D00 0.0141 241 368 329 431
D00 0.0140 21 375 194 444
D00 0.0140 400 542 435 568
D00 0.0140 410 552 453 581
D00 0.0140 306 544 336 598
D00 0.0139 205 354 275 386
D00 0.0139 453 375 526 420
D00 0.0139 374 439 418 500
D00 0.0138 113 453 183 517
D00 0.0138 277 332 328 357
D00 0.0138 218 335 301 375
D00 0.0138 367 368 390 417
D00 0.0138 34 502 84 561
D00 0.0138 543 546 600 600
D00 0.0137 431 513 513 560
D00 0.0137 533 430 585 475
D00 0.0137 516 418 564 452
D00 0.0137 337 446 408 531
D00 0.0137 0 522 22 572
D00 0.0136 2 428 98 493
D00 0.0135 220 481 251 531
D00 0.0135 224 357 310 448
D00 0.0134 108 450 145 494
D00 0.0134 400 533 438 559
D00 0.0134 73 478 128 507
D00 0.0133 215 449 352 522
D00 0.0133 192 527 226 598
D00 0.0132 217 468 292 525
D00 0.0132 178 374 252 406
D00 0.0132 574 552 599 599
D00 0.0131 25 408 107 454
D00 0.0131 442 515 501 600
D00 0.0130 90 492 122 533
D00 0.0130 135 343 275 405
D00 0.0130 550 575 600 599
D00 0.0130 331 550 366 600
D00 0.0130 188 448 255 515
D00 0.0129 158 379 217 458
D00 0.0129 296 526 327 568
D00 0.0129 336 462 364 502
D00 0.0129 1 568 41 600
D00 0.0128 61 574 118 599
D00 0.0128 558 445 596 480
D00 0.0127 348 483 370 535
D00 0.0127 124 537 189 597
D00 0.0127 532 426 600 597
D00 0.0127 273 555 304 598
D00 0.0127 420 574 482 598
D00 0.0126 499 405 565 431
D00 0.0126 206 466 235 514
D00 0.0126 531 372 600 444
D00 0.0126 172 421 302 500
D00 0.0125 68 438 152 473
D00 0.0124 110 474 176 577
D00 0.0123 484 398 523 434
D00 0.0123 502 358 600 460
D00 0.0123 375 576 441 600
D00 0.0123 521 567 600 600
D00 0.0123 173 472 218 546
D00 0.0122 333 550 407 600
D00 0.0122 234 340 286 410
D00 0.0122 425 345 559 508
D00 0.0121 367 474 418 561
D00 0.0121 334 508 364 546
D00 0.0121 496 400 541 436
D00 0.0121 46 440 107 462
D00 0.0121 423 425 515 499
D00 0.0120 425 551 457 598
D00 0.0120 224 406 288 462
D00 0.0120 178 471 236 523
D00 0.0120 90 474 153 575
D00 0.0120 331 433 373 482
D00 0.0120 306 521 351 573
D00 0.0119 343 427 409 491
D00 0.0118 198 376 247 434
D00 0.0118 529 426 570 460
D00 0.0118 0 428 74 464
D00 0.0118 33 495 67 539
D00 0.0118 338 539 492 600
D00 0.0117 454 504 484 553
D00 0.0117 59 413 136 445
D00 0.0116 201 518 234 590
D00 0.0116 69 493 133 591
D00 0.0116 350 377 371 423
D00 0.0116 118 437 158 482
D00 0.0116 573 447 599 493
D00 0.0116 47 510 104 559
D00 0.0116 124 382 201 471
D00 0.0116 535 399 567 441
D00 0.0116 73 489 109 529
D00 0.0116 229 376 266 415
D00 0.0115 344 492 373 556
D00 0.0115 0 542 27 569
D00 0.0115 410 382 465 430
D00 0.0115 10 336 203 540
D00 0.0115 283 526 314 568
D00 0.0115 337 530 380 600
D00 0.0114 209 435 271 506
D00 0.0114 46 537 114 599
D00 0.0114 43 491 94 541
D00 0.0114 84 429 143 503
D00 0.0113 352 434 389 497
D00 0.0113 132 459 175 494
D00 0.0113 487 379 516 418
D00 0.0113 395 353 421 397
D00 0.0113 148 383 220 414
D00 0.0113 109 572 181 600
D00 0.0113 135 530 252 600
D00 0.0112 169 542 232 600
D00 0.0112 59 568 158 600
D00 0.0112 202 360 264 407
D00 0.0111 381 417 425 481
D00 0.0111 149 531 204 579
D00 0.0111 382 528 425 568
D00 0.0111 442 526 468 584
D00 0.0111 150 444 202 480
D00 0.0111 383 481 414 534
D00 0.0111 0 545 49 586
D00 0.0111 203 398 266 446
D00 0.0110 358 367 380 416
D00 0.0110 189 528 267 600
D00 0.0110 244 451 268 500
D00 0.0109 367 455 400 498
D00 0.0109 299 473 324 528
D00 0.0109 257 327 332 366
D00 0.0108 183 391 220 440
D00 0.0108 471 363 582 416
D00 0.0108 199 515 246 543
D00 0.0108 244 397 310 453
D00 0.0108 422 441 462 477
D00 0.0108 195 347 265 377
D00 0.0108 314 384 347 415
D00 0.0107 357 403 381 444
D00 0.0107 548 459 595 570
D00 0.0107 441 507 495 534
D00 0.0107 316 452 351 521
D00 0.0107 10 567 112 600
D00 0.0107 32 511 88 594
D00 0.0107 0 353 87 535
D00 0.0106 275 475 362 526
D00 0.0106 268 344 302 378
D00 0.0106 446 355 515 408
D00 0.0106 341 378 363 422
D00 0.0106 324 526 357 598
D00 0.0106 432 440 471 496
D00 0.0106 372 365 406 399
D00 0.0106 243 374 301 417
D00 0.0106 462 465 523 565
D00 0.0105 0 431 64 534
D00 0.0105 111 410 189 443
D00 0.0105 499 384 572 416
D00 0.0105 231 457 264 495
D00 0.0105 146 430 207 501
D00 0.0105 205 326 326 382
D00 0.0104 340 424 363 471
D00 0.0104 353 420 387 448
D00 0.0103 331 378 353 420
D00 0.0103 261 354 347 416
D00 0.0103 251 381 325 514
D00 0.0103 139 417 176 471
D00 0.0103 253 355 294 414
D00 0.0103 505 425 551 457
D00 0.0103 345 418 376 480
D00 0.0103 143 411 195 448
D00 0.0102 275 530 302 589
D00 0.0102 340 560 376 598
D00 0.0101 234 423 281 465
D00 0.0101 449 481 489 546
D00 0.0101 414 404 451 477
D00 0.0101 426 477 470 502
D00 0.0101 189 411 255 439
D00 0.0101 384 539 419 594
D00 0.0101 504 408 578 529
D00 0.0100 88 557 185 599
D00 0.0100 372 401 403 445
D00 0.0100 225 454 253 505
D00 0.0100 318 534 345 587
D10 0.0567 8 515 58 546
D10 0.0486 360 424 426 444
D10 0.0461 417 376 500 404
D10 0.0434 360 414 422 438
D10 0.0415 281 397 344 419
D10 0.0412 29 500 117 533
D10 0.0404 292 505 344 535
D10 0.0389 388 376 441 399
D10 0.0387 2 414 162 469
D10 0.0365 380 479 456 517
D10 0.0341 345 479 454 540
D10 0.0340 349 414 442 454
D10 0.0329 435 386 505 408
D10 0.0297 282 405 343 427
D10 0.0285 301 514 351 541
D10 0.0271 256 391 356 424
D10 0.0267 283 389 342 412
D10 0.0267 0 427 132 489
D10 0.0265 391 434 493 486
D10 0.0260 426 380 526 413
D10 0.0260 419 370 481 396
D10 0.0258 204 478 251 507
D10 0.0252 262 564 318 594
D10 0.0251 263 345 333 372
D10 0.0248 364 433 427 454
D10 0.0246 496 419 570 452
D10 0.0235 300 497 352 527
D10 0.0231 363 404 418 432
D10 0.0231 25 502 152 555
D10 0.0231 1 434 98 466
D10 0.0231 200 486 242 514
D10 0.0228 381 338 431 357
D10 0.0226 402 495 458 523
D10 0.0225 229 489 328 532
D10 0.0224 222 544 335 596
D10 0.0221 222 380 295 412
D10 0.0221 410 452 463 479
D10 0.0219 394 383 447 407
D10 0.0218 379 370 432 393
D10 0.0215 242 571 323 600
D10 0.0215 393 413 437 437
D10 0.0215 294 489 347 516
D10 0.0214 0 448 71 475
D10 0.0209 3 532 53 560
D10 0.0209 551 450 598 477
D10 0.0207 140 461 240 505
D10 0.0205 254 385 337 414
D10 0.0204 53 418 158 455
D10 0.0203 449 379 510 403
D10 0.0199 406 505 458 532
D10 0.0199 313 506 359 534
D10 0.0198 412 456 480 489
D10 0.0198 501 431 562 455
D10 0.0198 297 523 341 551
D10 0.0197 339 425 391 444
D10 0.0196 541 442 593 468
D10 0.0194 135 454 212 488
D10 0.0194 395 361 445 387
D10 0.0194 173 473 257 523
D10 0.0191 404 449 516 506
D10 0.0191 552 459 599 485
D10 0.0190 394 422 436 444
D10 0.0187 9 499 67 528
D10 0.0187 285 554 326 581
D10 0.0187 412 523 461 551
D10 0.0186 171 452 276 509
D10 0.0186 385 410 474 467
D10 0.0182 510 427 584 460
D10 0.0181 373 408 435 442
D10 0.0181 83 497 136 523
D10 0.0180 249 498 314 524
D10 0.0180 218 478 269 506
D10 0.0177 292 544 334 566
D10 0.0176 0 507 50 536
D10 0.0176 384 388 484 443
D10 0.0175 227 466 304 498
D10 0.0175 348 433 402 453
D10 0.0174 17 442 88 463
D10 0.0173 254 396 318 418
D10 0.0173 300 405 362 426
D10 0.0173 338 499 449 567
D10 0.0172 407 514 456 542
D10 0.0171 291 394 372 420
D10 0.0171 298 534 341 559
D10 0.0170 349 462 407 488
D10 0.0169 237 459 311 488
D10 0.0168 386 495 439 519
D10 0.0166 151 525 213 551
D10 0.0166 404 444 453 471
D10 0.0166 154 417 243 460
D10 0.0163 339 415 390 437
D10 0.0162 73 485 162 530
D10 0.0162 209 455 319 511
D10 0.0161 124 510 224 553
D10 0.0161 265 554 316 582
D10 0.0160 178 479 236 501
D10 0.0159 222 386 323 426
D10 0.0156 80 505 205 559
D10 0.0156 305 545 351 566
D10 0.0156 379 384 426 410
D10 0.0156 207 481 278 517
D10 0.0155 489 423 543 448
D10 0.0153 440 390 520 419
D10 0.0151 194 521 316 584
D10 0.0151 277 544 320 567
D10 0.0151 314 524 360 550
D10 0.0150 283 414 342 435
D10 0.0149 172 471 234 494
D10 0.0148 197 471 248 498
D10 0.0148 541 432 592 458
D10 0.0148 0 540 81 592
D10 0.0148 422 468 472 491
D10 0.0148 386 393 430 422
D10 0.0147 92 463 177 511
D10 0.0147 38 490 109 518
D10 0.0146 298 554 344 580
D10 0.0146 0 516 34 544
D10 0.0144 410 533 458 558
D10 0.0144 339 470 393 495
D10 0.0143 325 515 371 541
D10 0.0143 60 426 130 448
D10 0.0142 370 574 435 598
D10 0.0142 479 387 541 408
D10 0.0141 232 462 281 487
D10 0.0141 177 420 274 462
D10 0.0141 1 542 44 569
D10 0.0140 263 490 315 517
D10 0.0140 377 534 429 561
D10 0.0139 521 441 578 466
D10 0.0139 287 534 325 559
D10 0.0138 0 457 69 486
D10 0.0137 552 469 599 493
D10 0.0136 111 466 171 493
D10 0.0136 232 394 292 416
D10 0.0136 349 487 403 511
D10 0.0135 208 495 257 523
D10 0.0135 22 523 85 549
D10 0.0135 269 355 327 376
D10 0.0133 400 433 443 456
D10 0.0133 292 540 349 573
D10 0.0133 394 409 457 442
D10 0.0132 167 429 270 486
D10 0.0132 401 405 450 431
D10 0.0132 41 514 107 539
D10 0.0132 2 574 58 599
D10 0.0130 151 534 209 560
D10 0.0130 315 535 360 558
D10 0.0130 0 557 63 596
D10 0.0128 528 448 600 492
D10 0.0128 339 479 391 503
D10 0.0127 386 417 443 450
D10 0.0127 93 487 148 515
D10 0.0126 18 451 84 472
D10 0.0126 75 412 161 441
D10 0.0126 420 449 495 482
D10 0.0125 15 442 100 479
D10 0.0123 178 544 292 595
D10 0.0123 485 427 587 480
D10 0.0123 249 401 326 431
D10 0.0123 370 376 419 401
D10 0.0122 431 412 563 463
D10 0.0122 242 376 298 403
D10 0.0122 33 522 152 581
D10 0.0122 347 575 414 598
D10 0.0122 352 559 438 597
D10 0.0121 330 460 379 484
D10 0.0121 147 469 213 492
D10 0.0121 76 429 163 462
D10 0.0121 288 523 324 551
D10 0.0120 232 433 282 455
D10 0.0120 140 518 203 543
D10 0.0119 7 526 78 564
D10 0.0119 0 442 53 467
D10 0.0119 168 542 213 567
D10 0.0118 9 555 111 598
D10 0.0118 357 521 431 558
D10 0.0118 308 452 361 474
D10 0.0117 316 489 362 514
D10 0.0117 358 539 435 574
D10 0.0117 3 553 54 580
D10 0.0116 198 563 314 600
D10 0.0116 0 448 93 509
D10 0.0115 376 552 432 581
D10 0.0113 378 361 428 384
D10 0.0113 269 538 327 575
D10 0.0113 296 481 348 505
D10 0.0113 256 471 313 492
D10 0.0113 84 524 204 581
D10 0.0112 330 564 385 594
D10 0.0112 102 477 161 504
D10 0.0112 80 424 157 444
D10 0.0112 389 506 437 530
D10 0.0112 224 484 312 518
D10 0.0111 269 513 316 541
D10 0.0111 153 461 220 485
D10 0.0111 162 429 223 453
D10 0.0111 259 410 334 439
D10 0.0111 335 426 426 467
D10 0.0111 384 347 432 370
D10 0.0111 323 418 413 453
D10 0.0110 327 497 371 524
D10 0.0110 429 432 555 482
D10 0.0110 523 536 600 583
D10 0.0110 552 545 600 569
D10 0.0110 401 394 454 420
D10 0.0110 366 332 444 366
D10 0.0110 429 490 525 534
D10 0.0109 370 496 420 520
D10 0.0109 214 424 297 464
D10 0.0109 21 550 96 584
D10 0.0109 429 466 506 497
D10 0.0109 407 423 458 444
D10 0.0108 289 348 348 369
D10 0.0108 181 421 246 447
D10 0.0108 172 498 224 525
D10 0.0107 245 455 343 496
D10 0.0107 44 561 117 595
D10 0.0107 314 555 360 580
D10 0.0107 101 482 175 516
D10 0.0106 441 369 499 396
D10 0.0105 324 546 372 566
D10 0.0105 390 516 435 541
D10 0.0104 282 480 328 504
D10 0.0104 424 468 543 524
D10 0.0103 390 524 433 552
D10 0.0102 531 559 600 597
D10 0.0102 151 509 212 536
D10 0.0102 440 498 497 523
D10 0.0102 415 360 469 387
D10 0.0102 410 542 455 567
D10 0.0101 516 445 587 478
D10 0.0100 335 507 383 533
D10 0.0100 234 478 297 505
D10 0.0100 142 538 212 573
D20 0.2277 133 420 506 593
D20 0.1732 359 448 473 594
D20 0.1401 260 454 491 592
D20 0.1111 293 455 462 548
D20 0.1094 372 405 466 552
D20 0.0953 22 375 394 586
D20 0.0949 346 448 462 521
D20 0.0922 300 404 513 571
D20 0.0849 275 480 384 600
D20 0.0724 160 469 343 567
D20 0.0718 377 463 458 533
D20 0.0686 360 370 465 505
D20 0.0682 269 521 466 600
D20 0.0618 22 491 127 532
D20 0.0611 291 509 333 600
D20 0.0604 380 366 499 410
D20 0.0585 347 455 433 499
D20 0.0563 135 379 474 528
D20 0.0539 284 556 363 600
D20 0.0535 318 433 600 600
D20 0.0525 370 370 543 444
D20 0.0521 383 447 535 556
D20 0.0515 176 495 356 600
D20 0.0513 384 440 494 522
D20 0.0495 126 446 290 553
D20 0.0491 0 494 146 593
D20 0.0480 379 382 513 521
D20 0.0468 395 407 437 497
D20 0.0459 217 355 553 574
D20 0.0459 318 415 453 527
D20 0.0456 370 371 446 443
D20 0.0451 322 371 472 455
D20 0.0447 390 384 595 460
D20 0.0419 337 370 600 545
D20 0.0416 201 376 279 416
D20 0.0415 389 369 462 398
D20 0.0412 169 363 332 439
D20 0.0410 319 486 456 581
D20 0.0409 0 390 199 471
D20 0.0405 17 165 600 591
D20 0.0402 287 544 407 598
D20 0.0394 71 476 236 580
D20 0.0387 372 332 423 353
D20 0.0380 336 469 427 509
D20 0.0367 255 532 371 600
D20 0.0366 383 375 469 421
D20 0.0352 292 383 489 507
D20 0.0349 359 434 451 497
D20 0.0348 374 381 437 486
D20 0.0344 348 393 440 439
D20 0.0338 367 477 573 591
D20 0.0337 13 302 251 596
D20 0.0336 401 379 545 423
D20 0.0331 0 485 66 552
D20 0.0321 0 451 261 600
D20 0.0320 17 15 600 441
D20 0.0315 415 373 516 408
D20 0.0313 353 471 449 556
D20 0.0312 131 406 291 521
D20 0.0311 193 430 333 549
D20 0.0311 488 405 579 450
D20 0.0309 436 376 585 438
D20 0.0309 387 414 586 507
D20 0.0308 468 404 595 468
D20 0.0306 394 447 477 493
D20 0.0303 221 370 431 437
D20 0.0303 73 479 423 600
D20 0.0294 242 556 333 600
D20 0.0292 388 373 433 426
D20 0.0291 257 387 452 460
D20 0.0286 334 363 460 424
D20 0.0285 278 495 362 544
D20 0.0273 346 405 454 483
D20 0.0263 137 516 229 560
D20 0.0263 366 383 415 433
D20 0.0260 196 470 272 517
D20 0.0254 299 567 394 600
D20 0.0253 323 543 447 595
D20 0.0252 206 352 385 421
D20 0.0252 269 436 402 555
D20 0.0248 370 340 522 412
D20 0.0245 364 338 416 358
D20 0.0242 306 531 355 600
D20 0.0241 187 379 366 459
D20 0.0236 385 348 494 397
D20 0.0236 0 367 158 600
D20 0.0234 364 365 455 405
D20 0.0231 513 412 600 457
D20 0.0229 370 463 422 525
D20 0.0229 447 373 600 600
D20 0.0229 296 471 414 524
D20 0.0228 297 501 356 565
D20 0.0225 494 421 581 462
D20 0.0224 350 522 546 600
D20 0.0221 426 365 557 412
D20 0.0220 372 400 427 446
D20 0.0219 386 491 468 552
D20 0.0218 361 424 438 471
D20 0.0217 0 0 408 294
D20 0.0216 544 423 600 481
D20 0.0215 0 424 96 464
D20 0.0211 167 0 600 294
D20 0.0211 192 377 324 513
D20 0.0210 173 446 312 522
D20 0.0205 482 390 578 433
D20 0.0204 386 410 432 461
D20 0.0204 312 118 600 600
D20 0.0204 388 381 473 463
D20 0.0202 321 379 432 430
D20 0.0201 258 399 355 432
D20 0.0200 0 500 34 572
D20 0.0200 0 118 290 600
D20 0.0199 314 509 415 593
D20 0.0188 218 376 338 426
D20 0.0187 0 399 132 500
D20 0.0186 190 358 487 477
D20 0.0186 393 403 546 476
D20 0.0182 345 380 404 435
D20 0.0178 354 327 430 356
D20 0.0178 359 373 420 456
D20 0.0177 375 324 472 442
D20 0.0175 511 385 599 511
D20 0.0175 22 524 218 600
D20 0.0174 270 382 371 418
D20 0.0173 412 377 483 431
D20 0.0173 238 404 434 489
D20 0.0173 362 389 395 427
D20 0.0173 394 353 443 415
D20 0.0170 356 483 432 531
D20 0.0168 400 364 452 433
D20 0.0164 322 556 372 600
D20 0.0164 290 428 431 501
D20 0.0163 349 405 398 430
D20 0.0162 334 444 400 505
D20 0.0157 502 430 596 473
D20 0.0155 302 332 359 353
D20 0.0155 376 393 422 423
D20 0.0152 467 381 557 418
D20 0.0151 338 566 451 600
D20 0.0150 421 364 481 401
D20 0.0150 195 420 385 600
D20 0.0149 303 392 340 420
D20 0.0149 0 502 55 600
D20 0.0148 400 358 469 392
D20 0.0148 263 335 355 367
D20 0.0147 287 391 397 423
D20 0.0147 370 369 416 417
D20 0.0146 379 350 424 422
D20 0.0142 279 519 351 577
D20 0.0142 387 424 460 477
D20 0.0142 217 421 406 522
D20 0.0142 531 404 600 574
D20 0.0142 568 413 600 474
D20 0.0141 0 531 28 600
D20 0.0141 319 503 360 587
D20 0.0141 457 394 545 439
D20 0.0140 355 403 407 444
D20 0.0140 349 524 444 573
D20 0.0140 415 460 503 508
D20 0.0138 57 356 239 443
D20 0.0138 565 431 600 504
D20 0.0137 292 550 350 587
D20 0.0137 0 365 166 450
D20 0.0135 362 328 397 355
D20 0.0132 561 441 600 468
D20 0.0131 454 0 600 222
D20 0.0130 420 393 510 435
D20 0.0130 213 478 326 522
D20 0.0130 232 365 327 411
D20 0.0129 434 433 583 556
D20 0.0128 433 511 600 595
D20 0.0127 361 441 417 507
D20 0.0127 375 0 600 146
D20 0.0127 293 397 418 439
D20 0.0126 194 484 293 529
D20 0.0125 566 518 600 600
D20 0.0125 399 357 435 391
D20 0.0125 240 406 336 445
D20 0.0124 318 581 378 600
D20 0.0124 312 343 475 412
D20 0.0124 293 401 334 429
D20 0.0123 228 339 411 401
D20 0.0123 561 432 600 458
D20 0.0120 0 226 394 512
D20 0.0120 351 410 422 460
D20 0.0120 389 334 425 362
D20 0.0119 297 380 346 418
D20 0.0119 322 331 376 352
D20 0.0118 365 324 415 346
D20 0.0117 164 458 242 518
D20 0.0116 0 0 147 227
D20 0.0116 339 396 386 421
D20 0.0115 328 516 369 600
D20 0.0114 0 407 89 453
D20 0.0114 339 330 406 354
D20 0.0113 359 386 407 412
D20 0.0113 418 365 532 492
D20 0.0113 275 390 335 424
D20 0.0113 387 0 600 306
D20 0.0112 358 496 428 563
D20 0.0112 286 326 373 355
D20 0.0111 301 339 358 361
D20 0.0111 404 437 494 482
D20 0.0111 0 169 161 538
D20 0.0110 555 406 600 533
D20 0.0110 334 393 419 511
D20 0.0109 301 496 397 543
D20 0.0108 428 385 523 454
D20 0.0108 527 0 600 112
D20 0.0108 333 434 427 482
D20 0.0107 341 477 406 538
D20 0.0106 296 536 376 584
D20 0.0106 351 390 391 455
D20 0.0104 216 393 309 438
D20 0.0102 0 240 243 462
D20 0.0101 538 395 600 450
D20 0.0101 492 472 600 594
D20 0.0100 288 363 407 414
D20 0.0100 277 360 346 417
D20 0.0100 230 512 325 600
D20 0.0100 0 0 219 145
D40 0.2332 381 452 449 501
D40 0.1929 380 470 435 499
D40 0.1772 392 452 439 480
D40 0.1283 377 443 464 545
D40 0.0835 364 478 419 502
D40 0.0831 351 463 432 502
D40 0.0785 401 377 472 398
D40 0.0780 394 445 436 470
D40 0.0777 375 462 429 491
D40 0.0721 377 437 443 486
D40 0.0676 407 450 440 495
D40 0.0628 388 371 487 403
D40 0.0618 377 485 431 509
D40 0.0608 401 440 431 486
D40 0.0589 370 474 444 516
D40 0.0521 401 458 450 485
D40 0.0506 394 371 451 394
D40 0.0496 300 573 357 599
D40 0.0496 388 430 467 506
D40 0.0459 420 385 488 406
D40 0.0427 407 378 500 410
D40 0.0425 142 416 218 461
D40 0.0425 374 465 411 502
D40 0.0400 31 494 120 534
D40 0.0386 382 402 454 489
D40 0.0340 529 399 600 441
D40 0.0337 429 375 476 402
D40 0.0337 214 385 274 410
D40 0.0319 539 405 591 432
D40 0.0319 149 429 204 457
D40 0.0311 380 473 415 516
D40 0.0304 196 382 279 424
D40 0.0293 400 429 432 466
D40 0.0291 39 433 100 456
D40 0.0284 547 412 596 440
D40 0.0280 52 505 117 529
D40 0.0278 391 372 428 405
D40 0.0263 387 423 434 475
D40 0.0262 351 470 408 496
D40 0.0261 356 449 433 530
D40 0.0257 13 425 103 460
D40 0.0245 300 560 342 598
D40 0.0242 202 476 240 514
D40 0.0241 312 556 363 600
D40 0.0240 399 383 460 406
D40 0.0233 422 368 466 398
D40 0.0225 387 433 432 456
D40 0.0219 375 449 420 486
D40 0.0216 394 465 436 515
D40 0.0213 543 404 600 463
D40 0.0212 41 419 131 455
D40 0.0207 463 370 600 452
D40 0.0206 360 358 506 487
D40 0.0198 556 417 597 452
D40 0.0195 565 408 600 444
D40 0.0193 505 391 584 434
D40 0.0192 395 348 511 397
D40 0.0192 397 377 435 414
D40 0.0192 426 389 501 419
D40 0.0189 532 397 583 423
D40 0.0182 382 354 577 449
D40 0.0174 180 400 273 447
D40 0.0168 0 407 115 485
D40 0.0167 448 382 495 409
D40 0.0167 428 362 522 417
D40 0.0165 397 442 458 477
D40 0.0164 329 569 368 600
D40 0.0159 132 437 223 487
D40 0.0156 58 409 157 447
D40 0.0155 355 473 394 506
D40 0.0155 29 441 94 462
D40 0.0152 221 393 281 416
D40 0.0148 542 399 573 441
D40 0.0148 35 431 117 467
D40 0.0145 532 422 586 448
D40 0.0144 408 369 440 406
D40 0.0142 56 422 101 454
D40 0.0139 475 362 564 401
D40 0.0133 112 389 204 430
D40 0.0130 291 359 495 448
D40 0.0130 353 409 386 440
D40 0.0126 92 397 184 439
D40 0.0126 195 414 290 456
D40 0.0125 490 381 575 423
D40 0.0124 205 391 293 438
D40 0.0124 380 488 421 526
D40 0.0122 0 248 340 474
D40 0.0121 402 389 474 423
D40 0.0118 391 331 440 352
D40 0.0118 339 405 388 429
D40 0.0116 553 395 596 428
D40 0.0115 370 442 428 467
D40 0.0114 312 550 350 588
D40 0.0111 480 378 541 402
D40 0.0110 380 418 424 450
D40 0.0108 1 392 91 457
D40 0.0108 415 343 560 402
D40 0.0105 170 416 208 460
D40 0.0100 194 469 233 504
D40 0.0100 378 310 529 390
