D00 0.1831 258 370 332 484
D00 0.1829 290 389 321 465
D00 0.1282 274 388 317 439
D00 0.1254 300 402 324 462
D00 0.0896 281 393 317 422
D00 0.0851 264 354 320 453
D00 0.0845 276 381 353 464
D00 0.0754 258 384 315 421
D00 0.0707 213 352 345 489
D00 0.0705 181 356 213 391
D00 0.0691 161 400 186 453
D00 0.0631 224 367 331 445
D00 0.0626 286 403 326 490
D00 0.0612 285 396 334 439
D00 0.0547 152 378 191 465
D00 0.0481 260 359 367 535
D00 0.0479 135 402 183 453
D00 0.0467 255 364 389 461
D00 0.0456 284 371 330 454
D00 0.0452 294 395 339 473
D00 0.0419 235 438 258 491
D00 0.0404 254 394 326 456
D00 0.0392 135 347 329 463
D00 0.0381 161 351 202 443
D00 0.0378 540 505 600 567
D00 0.0378 292 405 349 446
D00 0.0369 170 350 209 414
D00 0.0360 294 423 318 478
D00 0.0360 228 427 266 501
D00 0.0356 166 338 371 544
D00 0.0353 228 446 251 495
D00 0.0351 292 408 327 441
D00 0.0346 170 389 193 450
D00 0.0339 4 448 78 588
D00 0.0338 194 351 221 392
D00 0.0334 241 415 319 492
D00 0.0327 566 505 600 600
D00 0.0327 250 321 351 455
D00 0.0324 118 411 178 446
D00 0.0319 267 375 307 413
D00 0.0315 177 360 205 400
D00 0.0314 537 474 600 594
D00 0.0314 0 493 42 585
D00 0.0306 146 421 187 451
D00 0.0304 132 379 208 461
D00 0.0298 194 339 422 474
D00 0.0295 232 358 321 415
D00 0.0290 187 361 309 527
D00 0.0289 179 332 217 401
D00 0.0287 171 360 234 393
D00 0.0283 510 421 600 565
D00 0.0283 0 468 44 552
D00 0.0283 227 373 297 476
D00 0.0280 261 426 340 489
D00 0.0279 573 518 599 575
D00 0.0275 279 370 320 426
D00 0.0274 546 514 597 544
D00 0.0271 276 330 333 437
D00 0.0270 230 392 336 577
D00 0.0266 304 414 332 466
D00 0.0263 522 482 592 551
D00 0.0253 281 344 401 501
D00 0.0246 0 521 32 594
D00 0.0245 233 440 282 491
D00 0.0242 224 438 253 472
D00 0.0238 232 417 260 481
D00 0.0233 310 575 371 599
D00 0.0231 253 346 303 427
D00 0.0226 223 403 393 509
D00 0.0226 278 378 384 435
D00 0.0225 543 447 596 549
D00 0.0225 0 530 59 600
D00 0.0221 279 384 336 419
D00 0.0221 2 403 113 590
D00 0.0220 232 345 461 552
D00 0.0219 221 396 256 477
D00 0.0219 169 368 196 425
D00 0.0218 526 504 579 555
D00 0.0217 475 397 593 518
D00 0.0217 168 352 209 379
D00 0.0217 139 352 234 453
D00 0.0216 157 408 198 457
D00 0.0215 184 343 228 389
D00 0.0214 284 414 315 470
D00 0.0214 297 419 340 452
D00 0.0210 1 459 60 528
D00 0.0209 442 381 564 494
D00 0.0208 227 274 395 508
D00 0.0207 281 407 382 469
D00 0.0200 545 548 600 600
D00 0.0200 164 365 220 468
D00 0.0198 32 375 150 560
D00 0.0198 459 402 581 473
D00 0.0193 3 427 88 534
D00 0.0192 241 448 269 495
D00 0.0192 304 379 371 465
D00 0.0192 290 396 344 422
D00 0.0191 122 411 205 456
D00 0.0190 228 449 273 478
D00 0.0189 271 573 364 600
D00 0.0187 296 382 324 435
D00 0.0187 266 376 498 479
D00 0.0186 67 299 302 563
D00 0.0186 452 394 553 446
D00 0.0184 222 420 280 480
D00 0.0184 139 411 185 487
D00 0.0183 538 504 582 538
D00 0.0182 1 511 27 570
D00 0.0181 228 412 249 465
D00 0.0181 4 498 109 599
D00 0.0181 515 514 567 562
D00 0.0180 222 314 398 432
D00 0.0179 236 438 272 473
D00 0.0178 523 428 585 529
D00 0.0177 232 464 264 497
D00 0.0175 141 401 330 506
D00 0.0175 278 428 317 493
D00 0.0175 271 355 360 419
D00 0.0173 468 393 515 423
D00 0.0173 199 353 235 388
D00 0.0171 123 352 196 435
D00 0.0169 189 329 211 387
D00 0.0169 573 554 598 600
D00 0.0169 470 398 531 434
D00 0.0169 481 483 600 587
D00 0.0165 6 476 70 546
D00 0.0162 1 483 29 539
D00 0.0162 293 424 349 464
D00 0.0162 510 519 600 600
D00 0.0160 490 450 590 540
D00 0.0159 405 365 525 478
D00 0.0159 289 419 321 452
D00 0.0158 157 389 189 428
D00 0.0158 262 361 291 412
D00 0.0157 29 441 143 600
D00 0.0157 272 372 414 591
D00 0.0157 150 385 180 442
D00 0.0157 188 316 227 400
D00 0.0156 0 549 39 599
D00 0.0153 125 387 183 440
D00 0.0153 110 398 141 446
D00 0.0153 409 478 445 505
D00 0.0153 423 370 544 436
D00 0.0152 443 384 518 455
D00 0.0152 294 430 329 460
D00 0.0151 240 403 272 471
D00 0.0151 200 356 281 481
D00 0.0151 250 572 327 600
D00 0.0151 8 442 72 505
D00 0.0151 158 366 266 472
D00 0.0150 455 418 568 584
D00 0.0150 173 379 203 455
D00 0.0148 511 469 593 526
D00 0.0148 562 465 600 566
D00 0.0148 180 330 204 387
D00 0.0147 255 449 316 494
D00 0.0147 72 573 156 600
D00 0.0147 146 338 206 414
D00 0.0147 0 382 115 505
D00 0.0146 229 454 297 502
D00 0.0146 477 408 546 442
D00 0.0145 249 382 296 415
D00 0.0144 220 440 245 486
D00 0.0144 213 429 254 496
D00 0.0143 27 487 89 550
D00 0.0143 7 504 75 572
D00 0.0143 100 380 136 446
D00 0.0142 501 421 581 466
D00 0.0142 298 334 467 463
D00 0.0138 290 435 334 485
D00 0.0138 281 360 308 417
D00 0.0137 6 570 51 600
D00 0.0137 27 577 92 600
D00 0.0136 402 573 484 600
D00 0.0136 581 528 600 586
D00 0.0136 187 366 225 399
D00 0.0136 110 430 182 491
D00 0.0136 298 339 380 449
D00 0.0136 65 399 182 586
D00 0.0135 262 315 318 414
D00 0.0135 421 379 591 555
D00 0.0135 259 395 307 432
D00 0.0135 5 520 53 578
D00 0.0134 410 472 460 500
D00 0.0134 294 396 410 445
D00 0.0133 181 358 214 426
D00 0.0132 480 412 564 457
D00 0.0132 296 419 343 496
D00 0.0132 0 322 242 600
D00 0.0132 493 507 590 560
D00 0.0132 6 476 37 530
D00 0.0130 25 451 73 535
D00 0.0130 212 454 275 493
D00 0.0130 451 381 512 418
D00 0.0129 306 555 377 600
D00 0.0129 531 497 572 528
D00 0.0129 478 417 559 496
D00 0.0128 28 432 87 493
D00 0.0128 175 420 320 567
D00 0.0128 168 417 192 463
D00 0.0128 155 359 197 411
D00 0.0128 117 406 152 450
D00 0.0128 312 408 345 458
D00 0.0127 0 555 94 600
D00 0.0127 541 411 598 511
D00 0.0127 525 439 600 486
D00 0.0127 553 512 587 562
D00 0.0127 157 318 225 394
D00 0.0126 229 376 269 466
D00 0.0126 194 342 239 405
D00 0.0126 565 439 600 522
D00 0.0125 236 399 258 460
D00 0.0125 114 381 156 446
D00 0.0125 548 571 592 600
D00 0.0124 197 329 220 384
D00 0.0124 284 332 528 600
D00 0.0124 149 402 186 430
D00 0.0123 0 348 71 392
D00 0.0123 72 391 136 455
D00 0.0123 126 399 163 447
D00 0.0123 132 367 289 588
D00 0.0122 122 318 201 392
D00 0.0122 432 407 528 500
D00 0.0122 51 418 112 476
D00 0.0122 8 500 35 561
D00 0.0121 165 324 202 394
D00 0.0121 503 526 560 552
D00 0.0121 297 389 463 523
D00 0.0121 67 357 187 508
D00 0.0120 286 405 357 515
D00 0.0120 102 368 230 537
D00 0.0120 272 405 307 463
D00 0.0120 231 500 362 600
D00 0.0120 91 370 151 439
D00 0.0120 139 373 191 427
D00 0.0119 248 336 326 397
D00 0.0119 240 423 296 472
D00 0.0119 466 392 527 485
D00 0.0119 170 360 249 439
D00 0.0119 536 524 589 552
D00 0.0118 269 423 325 465
D00 0.0118 514 431 567 458
D00 0.0118 443 366 593 449
D00 0.0117 67 415 115 459
D00 0.0117 2 536 38 578
D00 0.0117 106 392 147 429
D00 0.0116 88 409 131 447
D00 0.0116 185 390 298 453
D00 0.0116 228 309 247 357
D00 0.0116 0 451 34 519
D00 0.0116 462 378 569 433
D00 0.0115 224 380 250 458
D00 0.0115 219 353 241 400
D00 0.0115 549 519 590 594
D00 0.0115 57 576 126 600
D00 0.0115 573 447 599 497
D00 0.0115 43 497 79 557
D00 0.0115 268 554 344 600
D00 0.0114 404 458 467 508
D00 0.0114 299 391 358 436
D00 0.0114 2 412 56 515
D00 0.0113 117 573 202 600
D00 0.0113 299 373 338 442
D00 0.0113 504 422 559 449
D00 0.0112 174 375 204 414
D00 0.0112 148 426 191 473
D00 0.0112 249 309 519 489
D00 0.0111 132 301 220 414
D00 0.0111 311 405 368 446
D00 0.0110 198 446 265 481
D00 0.0110 524 512 573 594
D00 0.0110 482 574 539 598
D00 0.0110 218 331 301 431
D00 0.0110 461 403 511 428
D00 0.0110 486 524 577 569
D00 0.0110 229 455 271 520
D00 0.0110 545 488 600 542
D00 0.0110 217 419 246 476
D00 0.0108 366 576 435 599
D00 0.0107 108 269 395 594
D00 0.0106 413 431 590 514
D00 0.0106 254 359 283 409
D00 0.0105 212 373 247 465
D00 0.0105 433 424 493 484
D00 0.0105 201 422 263 476
D00 0.0105 522 503 564 537
D00 0.0105 51 503 185 600
D00 0.0104 13 521 80 595
D00 0.0104 219 308 238 358
D00 0.0104 506 494 572 578
D00 0.0104 132 341 159 386
D00 0.0104 565 527 593 588
D00 0.0103 0 355 46 400
D00 0.0103 38 539 126 600
D00 0.0103 226 448 398 559
D00 0.0103 519 399 585 488
D00 0.0103 50 512 86 547
D00 0.0102 4 357 56 384
D00 0.0102 373 350 568 509
D00 0.0102 423 463 447 505
D00 0.0102 425 379 496 494
D00 0.0101 278 508 415 600
D00 0.0101 0 338 46 386
D00 0.0101 509 429 572 495
D00 0.0101 393 556 460 600
D00 0.0101 206 360 233 404
D00 0.0101 489 441 551 509
D00 0.0100 415 456 597 600
D00 0.0100 482 389 600 457
D00 0.0100 157 345 191 388
D00 0.0100 267 436 312 472
D00 0.0100 240 475 312 520
D00 0.0100 455 572 529 600
D10 0.1001 253 389 321 422
D10 0.0710 247 386 309 412
D10 0.0672 101 426 186 454
D10 0.0608 235 477 317 502
D10 0.0600 135 359 215 393
D10 0.0535 242 450 335 498
D10 0.0474 237 472 301 495
D10 0.0474 85 432 161 452
D10 0.0459 540 501 593 525
D10 0.0441 551 509 597 535
D10 0.0428 64 423 169 460
D10 0.0422 268 482 337 500
D10 0.0416 237 470 339 509
D10 0.0395 260 472 324 495
D10 0.0387 532 502 600 546
D10 0.0376 131 430 182 452
D10 0.0362 148 373 203 393
D10 0.0361 237 395 297 416
D10 0.0358 388 482 449 504
D10 0.0344 221 379 321 418
D10 0.0341 129 367 196 389
D10 0.0338 70 432 133 454
D10 0.0333 108 413 180 444
D10 0.0333 259 401 316 427
D10 0.0329 397 489 456 507
D10 0.0307 238 443 300 466
D10 0.0303 114 472 178 492
D10 0.0299 512 493 592 534
D10 0.0292 262 377 309 406
D10 0.0290 307 407 371 430
D10 0.0284 87 465 189 496
D10 0.0284 280 479 359 503
D10 0.0283 92 430 187 470
D10 0.0282 257 332 315 354
D10 0.0280 370 476 463 507
D10 0.0276 222 462 313 499
D10 0.0275 282 402 389 439
D10 0.0275 413 482 473 504
D10 0.0275 226 443 274 464
D10 0.0267 541 566 596 593
D10 0.0261 331 408 388 430
D10 0.0257 240 339 297 358
D10 0.0256 255 547 406 600
D10 0.0255 515 500 573 521
D10 0.0254 418 490 487 508
D10 0.0253 254 460 315 488
D10 0.0252 259 442 319 466
D10 0.0251 320 413 379 435
D10 0.0249 200 359 317 411
D10 0.0248 1 575 60 599
D10 0.0248 245 485 322 513
D10 0.0248 272 468 351 497
D10 0.0247 238 451 299 478
D10 0.0245 220 425 357 504
D10 0.0244 1 455 65 491
D10 0.0241 524 557 600 599
D10 0.0240 230 433 332 481
D10 0.0240 206 443 258 464
D10 0.0240 112 439 179 461
D10 0.0238 48 429 174 479
D10 0.0237 238 391 324 440
D10 0.0232 267 338 324 358
D10 0.0230 540 491 591 516
D10 0.0228 45 549 194 600
D10 0.0228 551 574 600 599
D10 0.0227 265 472 375 510
D10 0.0226 292 573 373 600
D10 0.0225 404 484 504 511
D10 0.0224 96 478 178 502
D10 0.0224 0 451 53 478
D10 0.0223 527 506 581 532
D10 0.0223 105 406 172 432
D10 0.0221 298 412 357 438
D10 0.0219 286 339 341 360
D10 0.0218 234 459 287 490
D10 0.0217 157 351 206 379
D10 0.0216 361 488 448 511
D10 0.0215 41 471 95 492
D10 0.0215 71 435 153 466
D10 0.0212 225 480 281 500
D10 0.0212 67 470 155 494
D10 0.0211 153 432 204 454
D10 0.0209 234 434 285 459
D10 0.0209 206 451 347 519
D10 0.0207 129 375 192 396
D10 0.0206 95 563 192 600
D10 0.0206 5 546 119 598
D10 0.0206 31 462 130 500
D10 0.0203 0 439 70 475
D10 0.0202 58 472 120 491
D10 0.0200 185 453 304 496
D10 0.0200 25 465 89 497
D10 0.0200 234 332 287 355
D10 0.0199 339 414 398 435
D10 0.0198 268 328 339 357
D10 0.0198 180 441 262 468
D10 0.0196 56 433 106 457
D10 0.0194 269 450 321 476
D10 0.0194 173 372 219 395
D10 0.0194 295 441 343 465
D10 0.0192 7 469 57 494
D10 0.0190 17 431 123 484
D10 0.0189 321 400 421 436
D10 0.0189 5 448 90 503
D10 0.0188 122 420 208 460
D10 0.0188 235 377 295 403
D10 0.0185 66 424 119 451
D10 0.0185 250 433 313 458
D10 0.0184 85 414 145 443
D10 0.0184 225 387 284 409
D10 0.0184 305 547 458 600
D10 0.0182 303 339 359 362
D10 0.0181 521 567 582 591
D10 0.0179 24 516 76 543
D10 0.0177 224 340 277 360
D10 0.0177 84 482 154 500
D10 0.0176 0 503 85 556
D10 0.0176 233 325 330 359
D10 0.0176 260 302 312 322
D10 0.0176 1 562 46 594
D10 0.0175 157 431 248 459
D10 0.0175 282 452 395 497
D10 0.0173 218 435 263 459
D10 0.0172 25 459 72 486
D10 0.0172 130 468 210 494
D10 0.0172 59 476 164 506
D10 0.0171 270 489 336 510
D10 0.0170 284 440 325 466
D10 0.0170 0 569 99 600
D10 0.0169 34 525 83 550
D10 0.0168 220 552 338 597
D10 0.0168 284 387 330 411
D10 0.0168 481 497 565 522
D10 0.0168 5 465 84 524
D10 0.0168 350 407 407 430
D10 0.0167 496 482 582 525
D10 0.0166 514 490 569 516
D10 0.0165 192 436 251 459
D10 0.0165 177 372 301 426
D10 0.0165 308 570 414 600
D10 0.0165 309 482 370 501
D10 0.0162 439 491 507 509
D10 0.0161 184 471 301 510
D10 0.0161 131 480 192 499
D10 0.0161 14 525 68 551
D10 0.0160 218 471 268 493
D10 0.0160 492 564 571 594
D10 0.0159 15 441 159 507
D10 0.0159 43 477 117 505
D10 0.0157 108 452 196 493
D10 0.0157 478 485 597 546
D10 0.0156 125 462 181 488
D10 0.0155 101 548 252 600
D10 0.0155 116 473 208 505
D10 0.0154 112 430 223 479
D10 0.0154 278 332 368 367
D10 0.0153 359 483 427 502
D10 0.0153 0 460 42 485
D10 0.0153 234 454 406 526
D10 0.0153 295 331 349 355
D10 0.0152 43 517 91 543
D10 0.0151 63 440 116 464
D10 0.0151 0 430 60 464
D10 0.0151 3 490 60 530
D10 0.0151 8 515 56 541
D10 0.0150 166 443 237 463
D10 0.0150 288 450 335 474
D10 0.0150 5 543 53 569
D10 0.0150 25 471 114 515
D10 0.0149 221 480 307 516
D10 0.0149 332 470 480 513
D10 0.0148 300 472 359 495
D10 0.0147 288 395 367 429
D10 0.0147 313 567 369 595
D10 0.0147 8 505 55 533
D10 0.0147 232 489 290 511
D10 0.0146 278 376 320 401
D10 0.0146 302 475 428 510
D10 0.0146 239 402 292 425
D10 0.0146 286 429 368 473
D10 0.0145 7 477 54 506
D10 0.0145 112 567 173 594
D10 0.0144 187 433 302 485
D10 0.0143 109 396 168 421
D10 0.0143 7 487 53 515
D10 0.0143 2 528 63 568
D10 0.0143 2 495 43 523
D10 0.0143 33 479 83 502
D10 0.0142 285 461 338 487
D10 0.0142 4 552 53 580
D10 0.0141 472 486 554 514
D10 0.0141 2 521 87 588
D10 0.0141 208 450 257 477
D10 0.0140 42 460 92 487
D10 0.0140 370 456 479 500
D10 0.0139 18 445 79 485
D10 0.0139 495 505 572 536
D10 0.0139 346 573 437 600
D10 0.0139 273 564 360 598
D10 0.0137 260 321 312 348
D10 0.0136 113 367 169 390
D10 0.0136 283 486 357 512
D10 0.0134 519 575 583 598
D10 0.0134 323 456 446 498
D10 0.0134 15 473 77 509
D10 0.0133 132 350 188 377
D10 0.0133 39 574 125 600
D10 0.0132 301 431 352 459
D10 0.0132 482 567 539 591
D10 0.0131 1 533 42 563
D10 0.0130 270 410 319 439
D10 0.0129 240 488 338 532
D10 0.0129 228 338 318 399
D10 0.0129 217 332 308 365
D10 0.0128 452 464 589 526
D10 0.0128 2 525 42 551
D10 0.0128 11 460 149 527
D10 0.0127 0 442 42 468
D10 0.0127 47 435 111 471
D10 0.0127 4 414 101 469
D10 0.0126 359 414 417 436
D10 0.0125 0 380 65 413
D10 0.0125 87 405 141 432
D10 0.0125 27 441 77 469
D10 0.0125 420 473 542 513
D10 0.0125 58 452 166 492
D10 0.0124 366 552 477 599
D10 0.0123 254 369 303 394
D10 0.0123 470 500 535 519
D10 0.0123 319 479 403 503
D10 0.0123 17 582 82 600
D10 0.0122 11 485 103 540
D10 0.0121 543 555 593 581
D10 0.0121 0 361 63 395
D10 0.0121 31 430 94 464
D10 0.0121 97 463 163 487
D10 0.0121 248 431 434 505
D10 0.0121 42 417 128 461
D10 0.0120 431 478 515 505
D10 0.0120 270 438 357 484
D10 0.0120 294 445 361 478
D10 0.0120 145 440 193 462
D10 0.0120 297 379 410 432
D10 0.0120 68 439 199 499
D10 0.0120 485 523 561 554
D10 0.0119 310 442 363 465
D10 0.0118 278 430 321 460
D10 0.0118 560 490 600 513
D10 0.0118 35 506 82 535
D10 0.0118 139 384 190 407
D10 0.0118 402 561 506 600
D10 0.0118 177 303 226 323
D10 0.0117 25 516 109 557
D10 0.0117 454 561 550 598
D10 0.0117 23 534 75 560
D10 0.0116 499 575 561 598
D10 0.0115 204 481 261 501
D10 0.0115 132 452 258 496
D10 0.0114 61 461 116 487
D10 0.0114 162 423 215 450
D10 0.0114 0 365 85 408
D10 0.0114 277 302 328 324
D10 0.0114 112 376 168 398
D10 0.0113 505 544 598 591
D10 0.0113 168 538 359 600
D10 0.0113 444 494 542 524
D10 0.0113 101 445 177 482
D10 0.0112 49 424 97 450
D10 0.0112 0 385 87 429
D10 0.0111 169 469 257 495
D10 0.0111 296 347 349 370
D10 0.0111 491 519 554 543
D10 0.0110 379 472 441 498
D10 0.0110 269 310 320 334
D10 0.0110 407 454 515 501
D10 0.0110 269 294 318 318
D10 0.0110 0 375 46 401
D10 0.0109 278 321 329 347
D10 0.0109 310 421 364 448
D10 0.0108 24 515 206 600
D10 0.0108 191 350 241 376
D10 0.0108 267 421 319 450
D10 0.0108 189 374 241 398
D10 0.0108 0 337 140 393
D10 0.0108 171 479 256 504
D10 0.0107 370 406 424 430
D10 0.0107 50 526 101 550
D10 0.0107 258 527 366 590
D10 0.0106 0 433 40 458
D10 0.0105 323 398 378 424
D10 0.0105 141 478 222 502
D10 0.0105 293 483 386 517
D10 0.0105 350 491 415 509
D10 0.0105 15 434 71 458
D10 0.0104 361 461 537 516
D10 0.0104 21 524 134 588
D10 0.0104 523 555 578 580
D10 0.0104 308 442 502 504
D10 0.0104 423 497 505 521
D10 0.0104 390 498 445 519
D10 0.0104 169 448 257 478
D10 0.0103 119 386 177 409
D10 0.0103 466 513 567 549
D10 0.0103 145 436 216 466
D10 0.0103 255 295 333 332
D10 0.0102 572 564 600 592
D10 0.0102 19 395 130 452
D10 0.0102 417 472 470 499
D10 0.0102 244 423 299 449
D10 0.0100 180 552 298 597
D10 0.0100 243 347 293 367
D20 0.0878 90 407 195 451
D20 0.0850 60 382 203 463
D20 0.0721 133 355 219 391
D20 0.0665 183 369 334 481
D20 0.0501 64 352 293 455
D20 0.0467 104 352 216 419
D20 0.0462 137 349 337 428
D20 0.0445 66 415 172 455
D20 0.0442 98 371 196 443
D20 0.0404 0 333 386 527
D20 0.0402 8 400 196 478
D20 0.0378 212 402 346 497
D20 0.0359 0 435 84 599
D20 0.0344 257 378 408 466
D20 0.0340 48 381 463 569
D20 0.0340 102 414 176 443
D20 0.0331 107 360 205 398
D20 0.0314 127 342 262 399
D20 0.0314 0 513 43 600
D20 0.0290 226 442 321 490
D20 0.0277 164 352 247 392
D20 0.0264 168 359 303 405
D20 0.0262 90 391 284 478
D20 0.0258 214 329 330 442
D20 0.0257 73 398 162 446
D20 0.0256 186 387 594 573
D20 0.0254 0 367 243 494
D20 0.0247 117 389 209 455
D20 0.0247 231 370 321 414
D20 0.0242 26 349 201 439
D20 0.0238 120 354 248 474
D20 0.0236 270 570 381 600
D20 0.0229 158 346 209 389
D20 0.0218 0 526 155 600
D20 0.0214 152 350 225 413
D20 0.0212 100 386 156 458
D20 0.0209 225 540 407 600
D20 0.0208 0 377 212 598
D20 0.0206 243 379 318 432
D20 0.0205 0 446 392 600
D20 0.0205 0 445 49 526
D20 0.0203 525 567 600 600
D20 0.0202 552 495 600 559
D20 0.0200 219 351 564 500
D20 0.0200 561 574 600 599
D20 0.0197 84 417 210 481
D20 0.0188 5 417 126 538
D20 0.0188 168 424 319 489
D20 0.0186 42 387 310 521
D20 0.0185 0 552 71 600
D20 0.0183 122 359 181 384
D20 0.0183 97 409 142 446
D20 0.0183 166 311 482 542
D20 0.0182 105 402 149 438
D20 0.0181 252 405 422 493
D20 0.0180 239 424 335 555
D20 0.0180 126 336 196 391
D20 0.0178 143 321 333 400
D20 0.0175 9 294 600 557
D20 0.0173 12 430 192 509
D20 0.0172 275 388 364 527
D20 0.0169 0 0 408 294
D20 0.0165 167 0 600 294
D20 0.0164 66 338 202 400
D20 0.0163 199 341 311 398
D20 0.0163 92 313 230 402
D20 0.0163 565 537 600 600
D20 0.0162 224 325 324 359
D20 0.0161 573 501 600 572
D20 0.0161 0 463 136 573
D20 0.0160 4 271 371 465
D20 0.0157 454 526 600 600
D20 0.0157 114 372 189 402
D20 0.0156 130 319 222 441
D20 0.0156 302 564 426 600
D20 0.0155 104 393 176 428
D20 0.0154 234 564 355 600
D20 0.0154 366 454 600 600
D20 0.0153 139 365 198 406
D20 0.0152 252 294 303 316
D20 0.0152 239 409 331 464
D20 0.0151 62 564 181 600
D20 0.0150 0 118 290 600
D20 0.0150 312 118 600 600
D20 0.0145 124 408 185 471
D20 0.0144 17 314 273 439
D20 0.0143 33 411 145 495
D20 0.0137 0 0 600 434
D20 0.0137 200 442 287 488
D20 0.0135 235 412 315 508
D20 0.0134 127 362 167 394
D20 0.0134 232 455 308 502
D20 0.0133 59 417 125 473
D20 0.0132 0 461 39 569
D20 0.0131 0 455 97 536
D20 0.0130 24 492 234 595
D20 0.0130 102 438 186 488
D20 0.0130 110 362 162 445
D20 0.0129 0 582 51 600
D20 0.0129 7 563 122 600
D20 0.0127 113 423 269 484
D20 0.0126 0 505 26 586
D20 0.0125 249 327 283 357
D20 0.0124 453 366 600 600
D20 0.0123 122 266 510 462
D20 0.0123 0 333 178 408
D20 0.0122 85 385 136 459
D20 0.0121 48 423 109 485
D20 0.0121 400 570 504 600
D20 0.0121 91 368 175 415
D20 0.0120 146 323 240 386
D20 0.0120 251 313 338 354
D20 0.0118 285 545 371 600
D20 0.0118 4 350 142 468
D20 0.0117 22 343 170 544
D20 0.0115 116 347 186 380
D20 0.0115 200 423 432 600
D20 0.0115 87 418 131 452
D20 0.0113 131 413 243 467
D20 0.0113 456 0 600 220
D20 0.0111 72 423 150 479
D20 0.0111 88 352 175 392
D20 0.0111 564 460 600 545
D20 0.0111 311 581 371 600
D20 0.0110 338 284 600 547
D20 0.0110 86 344 175 453
D20 0.0109 526 480 600 600
D20 0.0109 239 288 320 322
D20 0.0109 0 321 110 600
D20 0.0108 131 354 185 426
D20 0.0108 56 528 275 600
D20 0.0107 188 412 299 472
D20 0.0107 0 402 55 553
D20 0.0106 437 496 600 575
D20 0.0105 291 531 437 600
D20 0.0105 65 224 437 527
D20 0.0104 266 327 305 357
D20 0.0104 260 346 442 433
D20 0.0103 194 512 373 599
D20 0.0103 113 382 184 415
D20 0.0103 19 371 116 509
D20 0.0103 379 414 552 500
D20 0.0102 0 0 147 219
D20 0.0102 148 448 343 600
D20 0.0102 91 398 190 521
D20 0.0102 374 539 558 600
D20 0.0101 365 565 478 600
D20 0.0101 249 544 333 600
D20 0.0101 577 558 600 596
D20 0.0100 255 486 540 600
D40 0.1204 156 365 208 389
D40 0.0523 568 512 600 550
D40 0.0508 177 357 206 392
D40 0.0382 97 572 174 600
D40 0.0316 540 508 600 555
D40 0.0305 561 509 600 535
D40 0.0293 166 371 209 394
D40 0.0281 143 362 192 391
D40 0.0261 109 418 163 451
D40 0.0219 168 362 199 401
D40 0.0215 397 576 455 599
D40 0.0198 129 425 181 454
D40 0.0172 135 355 178 388
D40 0.0163 359 571 458 600
D40 0.0157 581 519 600 574
D40 0.0143 320 572 365 600
D40 0.0139 4 489 39 531
D40 0.0137 392 570 495 600
D40 0.0137 18 257 494 494
D40 0.0123 114 565 157 597
D40 0.0122 576 504 600 540
D40 0.0118 95 426 143 455
D40 0.0110 567 532 600 559
D40 0.0109 99 547 179 600
D40 0.0108 0 498 31 540
D40 0.0103 305 565 377 600
