D00 0.0475 438 491 600 569
D00 0.0369 406 461 465 486
D00 0.0366 389 477 571 560
D00 0.0350 477 517 600 575
D00 0.0338 418 466 489 498
D00 0.0314 393 467 525 532
D00 0.0302 529 510 600 566
D00 0.0292 394 456 478 491
D00 0.0281 391 461 447 484
D00 0.0279 495 484 597 552
D00 0.0274 437 471 593 534
D00 0.0268 416 508 540 561
D00 0.0264 403 486 514 549
D00 0.0264 542 527 600 579
D00 0.0250 428 472 512 511
D00 0.0243 371 476 479 561
D00 0.0241 386 484 409 538
D00 0.0239 381 454 511 505
D00 0.0239 398 454 453 478
D00 0.0237 439 507 504 566
D00 0.0235 429 528 568 572
D00 0.0229 445 537 500 562
D00 0.0222 556 532 598 565
D00 0.0219 378 470 417 551
D00 0.0212 416 528 507 568
D00 0.0207 349 503 373 556
D00 0.0206 485 498 574 544
D00 0.0204 434 479 493 503
D00 0.0201 383 454 437 476
D00 0.0198 315 495 347 564
D00 0.0197 428 550 498 580
D00 0.0196 449 481 541 553
D00 0.0191 310 503 335 558
D00 0.0191 401 469 456 492
D00 0.0190 310 497 375 563
D00 0.0189 466 490 553 534
D00 0.0187 336 495 368 561
D00 0.0185 441 471 499 497
D00 0.0183 551 480 600 569
D00 0.0178 325 488 357 557
D00 0.0176 353 496 385 560
D00 0.0175 374 469 403 536
D00 0.0175 523 465 600 585
D00 0.0173 454 520 527 570
D00 0.0173 538 526 594 556
D00 0.0173 455 520 492 559
D00 0.0172 386 488 451 550
D00 0.0172 394 485 418 538
D00 0.0171 330 507 396 565
D00 0.0170 383 467 464 536
D00 0.0169 406 461 471 517
D00 0.0169 404 449 584 522
D00 0.0169 384 507 501 575
D00 0.0168 297 497 331 564
D00 0.0167 447 484 516 516
D00 0.0166 412 498 480 560
D00 0.0166 215 525 275 589
D00 0.0166 443 541 486 570
D00 0.0165 458 536 600 591
D00 0.0163 298 517 369 571
D00 0.0163 568 521 600 560
D00 0.0161 367 486 411 565
D00 0.0160 415 478 497 522
D00 0.0158 456 475 526 529
D00 0.0154 467 505 553 554
D00 0.0153 344 519 413 572
D00 0.0153 432 462 490 488
D00 0.0153 513 511 586 549
D00 0.0152 377 493 401 546
D00 0.0151 310 487 334 538
D00 0.0149 368 445 494 535
D00 0.0148 386 468 409 518
D00 0.0148 362 487 395 552
D00 0.0148 379 449 460 482
D00 0.0147 451 554 511 576
D00 0.0147 423 460 528 572
D00 0.0147 448 495 499 549
D00 0.0146 345 479 374 548
D00 0.0146 302 488 326 538
D00 0.0146 186 551 254 586
D00 0.0145 389 455 452 506
D00 0.0144 236 515 295 582
D00 0.0143 340 486 362 540
D00 0.0143 390 493 422 558
D00 0.0143 561 540 600 588
D00 0.0143 320 487 343 539
D00 0.0142 515 544 600 585
D00 0.0142 385 478 429 529
D00 0.0141 468 525 495 568
D00 0.0141 175 561 246 592
D00 0.0141 296 490 354 557
D00 0.0140 326 531 401 577
D00 0.0138 329 511 354 562
D00 0.0138 432 459 556 502
D00 0.0136 376 461 427 483
D00 0.0136 313 530 349 565
D00 0.0134 446 539 516 585
D00 0.0133 412 540 485 586
D00 0.0133 360 536 415 575
D00 0.0133 429 560 497 590
D00 0.0133 289 523 341 569
D00 0.0132 465 496 519 546
D00 0.0131 517 471 600 525
D00 0.0130 289 490 322 554
D00 0.0130 417 554 479 577
D00 0.0130 428 511 482 578
D00 0.0129 350 531 389 564
D00 0.0128 433 532 477 564
D00 0.0127 350 551 424 579
D00 0.0127 223 491 319 578
D00 0.0126 502 531 583 565
D00 0.0126 375 506 444 565
D00 0.0125 484 432 600 543
D00 0.0125 400 521 477 571
D00 0.0125 263 493 360 574
D00 0.0124 468 541 512 568
D00 0.0124 218 548 260 586
D00 0.0122 196 541 261 577
D00 0.0122 341 481 402 547
D00 0.0122 330 479 352 528
D00 0.0120 322 482 382 547
D00 0.0120 239 521 276 557
D00 0.0120 311 470 334 516
D00 0.0120 484 482 574 527
D00 0.0120 358 486 381 539
D00 0.0120 382 503 414 566
D00 0.0119 368 477 391 528
D00 0.0119 461 480 518 505
D00 0.0119 418 546 541 588
D00 0.0118 438 471 490 551
D00 0.0118 248 508 284 573
D00 0.0117 245 498 303 562
D00 0.0117 345 516 379 571
D00 0.0117 249 498 299 521
D00 0.0117 557 512 597 552
D00 0.0117 398 464 436 496
D00 0.0116 314 536 370 573
D00 0.0116 301 470 326 515
D00 0.0116 362 464 419 523
D00 0.0116 275 498 318 577
D00 0.0115 402 494 429 545
D00 0.0115 411 487 462 537
D00 0.0115 449 526 480 568
D00 0.0114 182 511 286 589
D00 0.0114 229 538 267 578
D00 0.0114 439 533 490 593
D00 0.0113 145 548 239 588
D00 0.0113 199 563 256 590
D00 0.0113 417 0 591 220
D00 0.0113 377 461 400 506
D00 0.0112 291 513 317 564
D00 0.0112 333 530 370 564
D00 0.0112 577 538 600 573
D00 0.0111 428 486 482 537
D00 0.0111 481 498 539 524
D00 0.0111 394 468 442 515
D00 0.0111 303 465 341 543
D00 0.0111 372 526 423 568
D00 0.0111 420 471 471 551
D00 0.0110 108 523 256 588
D00 0.0110 365 513 392 561
D00 0.0110 357 459 465 497
D00 0.0110 181 573 239 596
D00 0.0110 0 535 30 598
D00 0.0110 424 473 467 505
D00 0.0108 453 469 523 500
D00 0.0108 303 540 342 570
D00 0.0108 403 477 452 527
D00 0.0108 233 541 280 589
D00 0.0108 254 482 324 557
D00 0.0108 287 539 360 586
D00 0.0107 436 488 493 511
D00 0.0107 0 538 64 599
D00 0.0107 253 516 329 581
D00 0.0106 491 507 550 532
D00 0.0106 244 531 271 583
D00 0.0106 381 465 414 498
D00 0.0106 468 504 496 558
D00 0.0106 320 470 343 516
D00 0.0106 512 493 584 529
D00 0.0105 426 506 463 564
D00 0.0105 224 526 272 550
D00 0.0105 341 541 381 570
D00 0.0105 472 489 529 515
D00 0.0105 440 493 507 526
D00 0.0104 206 531 268 566
D00 0.0104 277 483 333 542
D00 0.0104 444 511 485 550
D00 0.0104 530 501 595 539
D00 0.0103 283 504 308 556
D00 0.0103 259 490 309 514
D00 0.0103 371 531 447 579
D00 0.0103 270 505 303 572
D00 0.0102 280 534 333 576
D00 0.0102 573 493 599 552
D00 0.0102 376 513 401 561
D00 0.0102 406 527 515 595
D00 0.0101 458 544 487 582
D00 0.0101 297 465 328 499
D00 0.0101 402 511 472 547
D00 0.0101 533 560 599 593
D00 0.0100 203 506 301 567
D00 0.0100 472 531 549 576
D00 0.0100 464 498 520 522
D00 0.0100 425 541 467 570
D00 0.0100 408 496 446 557
D10 0.0389 523 526 600 568
D10 0.0385 548 536 598 562
D10 0.0364 320 547 385 568
D10 0.0338 293 546 354 568
D10 0.0299 300 538 409 572
D10 0.0292 538 544 598 567
D10 0.0286 450 542 531 569
D10 0.0269 443 546 502 567
D10 0.0262 547 481 600 504
D10 0.0250 349 546 409 569
D10 0.0247 334 537 392 561
D10 0.0243 313 537 372 561
D10 0.0238 408 538 503 573
D10 0.0229 321 555 384 576
D10 0.0229 296 536 352 562
D10 0.0225 270 536 364 574
D10 0.0225 358 527 491 571
D10 0.0220 477 546 543 567
D10 0.0216 434 537 493 562
D10 0.0208 469 538 573 572
D10 0.0202 293 551 373 578
D10 0.0199 523 475 600 511
D10 0.0197 460 537 520 562
D10 0.0196 415 547 481 568
D10 0.0190 398 534 479 563
D10 0.0186 332 551 410 579
D10 0.0185 388 543 471 570
D10 0.0183 537 488 596 510
D10 0.0182 284 554 344 577
D10 0.0181 343 533 415 564
D10 0.0170 338 538 436 574
D10 0.0157 560 526 600 556
D10 0.0149 550 552 597 579
D10 0.0149 387 538 451 560
D10 0.0149 369 538 427 561
D10 0.0139 569 544 600 569
D10 0.0137 376 547 441 568
D10 0.0134 458 554 522 576
D10 0.0134 305 546 428 587
D10 0.0132 345 526 397 553
D10 0.0126 273 545 325 571
D10 0.0123 503 545 599 584
D10 0.0122 360 546 488 587
D10 0.0121 471 550 549 577
D10 0.0121 307 525 359 554
D10 0.0119 325 526 380 553
D10 0.0115 507 546 577 568
D10 0.0114 519 536 586 561
D10 0.0113 498 458 600 502
D10 0.0113 425 526 483 554
D10 0.0113 362 526 415 552
D10 0.0112 264 550 334 582
D10 0.0107 550 472 598 498
D10 0.0104 490 537 552 562
D10 0.0104 549 516 596 545
D10 0.0102 292 525 340 554
D10 0.0101 391 522 466 556
D20 0.0470 311 494 512 568
D20 0.0336 333 481 600 585
D20 0.0293 293 520 449 574
D20 0.0280 404 511 600 576
D20 0.0279 394 461 595 560
D20 0.0260 246 497 434 572
D20 0.0254 344 508 469 561
D20 0.0254 364 519 519 574
D20 0.0211 263 461 564 566
D20 0.0199 3 481 275 594
D20 0.0198 275 527 391 574
D20 0.0192 337 480 437 564
D20 0.0190 326 499 401 567
D20 0.0185 302 497 365 564
D20 0.0180 173 490 470 589
D20 0.0178 402 506 494 554
D20 0.0174 331 468 500 548
D20 0.0174 203 512 388 583
D20 0.0167 382 497 473 545
D20 0.0164 128 515 296 590
D20 0.0161 283 516 350 573
D20 0.0157 157 547 274 592
D20 0.0156 0 0 408 294
D20 0.0155 293 530 484 593
D20 0.0153 341 515 423 573
D20 0.0152 167 0 600 294
D20 0.0150 454 0 600 224
D20 0.0147 0 311 408 600
D20 0.0142 358 522 577 600
D20 0.0142 0 118 290 600
D20 0.0138 167 311 600 600
D20 0.0138 261 538 405 591
D20 0.0137 422 538 578 591
D20 0.0136 513 482 600 524
D20 0.0133 312 118 600 600
D20 0.0133 165 530 339 597
D20 0.0132 145 557 240 594
D20 0.0129 257 536 349 578
D20 0.0129 0 529 44 600
D20 0.0127 0 0 600 434
D20 0.0127 0 0 73 113
D20 0.0127 367 538 517 590
D20 0.0127 0 0 143 220
D20 0.0126 54 524 276 600
D20 0.0124 117 456 554 600
D20 0.0124 478 525 600 600
D20 0.0123 171 494 332 580
D20 0.0119 0 145 600 600
D20 0.0118 0 455 82 491
D20 0.0117 0 477 135 589
D20 0.0114 209 479 371 565
D20 0.0114 318 485 412 596
D20 0.0114 339 0 600 179
D20 0.0113 372 468 476 582
D20 0.0112 0 532 178 600
D20 0.0110 324 393 600 545
D20 0.0108 357 488 448 537
D20 0.0107 527 0 600 112
D20 0.0106 551 475 600 555
D20 0.0104 54 449 317 571
D20 0.0104 556 478 598 507
D20 0.0104 419 411 600 600
D20 0.0103 572 517 600 590
D20 0.0102 167 565 251 600
D20 0.0102 525 481 600 600
D20 0.0101 402 421 587 526
D20 0.0101 573 487 600 568
D20 0.0100 457 336 574 451
D40 0.0166 0 475 174 559
D40 0.0144 30 495 212 579
D40 0.0126 0 509 162 595
D40 0.0123 549 575 599 597
D40 0.0113 2 463 134 527
D40 0.0105 0 461 82 499
D40 0.0104 72 477 248 564
D40 0.0100 525 566 600 600
D40 0.0100 69 522 218 588
