D00 0.1017 133 423 160 476
D00 0.0929 127 415 167 499
D00 0.0809 54 508 101 600
D00 0.0569 51 544 117 600
D00 0.0533 44 496 90 577
D00 0.0526 119 471 184 545
D00 0.0469 573 484 598 536
D00 0.0468 24 432 185 595
D00 0.0466 25 455 107 597
D00 0.0459 128 417 190 477
D00 0.0456 82 409 209 520
D00 0.0440 106 439 178 501
D00 0.0440 104 559 180 593
D00 0.0436 547 476 595 585
D00 0.0421 58 567 127 600
D00 0.0420 121 425 168 468
D00 0.0419 131 442 165 485
D00 0.0411 32 522 91 600
D00 0.0400 120 538 191 596
D00 0.0380 110 462 213 590
D00 0.0344 4 400 94 575
D00 0.0343 16 486 81 589
D00 0.0340 126 421 164 451
D00 0.0340 572 549 597 599
D00 0.0338 63 557 99 597
D00 0.0332 110 512 179 584
D00 0.0325 133 526 210 589
D00 0.0318 164 465 256 592
D00 0.0315 100 418 171 480
D00 0.0308 130 410 173 460
D00 0.0308 46 572 101 598
D00 0.0308 78 567 168 598
D00 0.0306 115 570 173 596
D00 0.0302 563 491 594 541
D00 0.0288 55 510 84 568
D00 0.0283 131 439 170 466
D00 0.0279 88 475 168 544
D00 0.0275 58 488 95 560
D00 0.0265 133 430 184 459
D00 0.0256 198 481 265 600
D00 0.0252 110 397 205 486
D00 0.0251 125 496 196 564
D00 0.0251 266 388 326 410
D00 0.0251 142 422 173 472
D00 0.0250 202 379 256 402
D00 0.0249 20 428 124 545
D00 0.0247 19 446 76 565
D00 0.0245 127 486 167 550
D00 0.0242 134 550 175 586
D00 0.0241 193 573 243 599
D00 0.0241 4 385 77 500
D00 0.0241 20 558 97 597
D00 0.0240 5 391 53 424
D00 0.0234 183 496 244 595
D00 0.0233 147 510 236 591
D00 0.0233 105 499 171 560
D00 0.0232 117 560 210 600
D00 0.0232 1 394 30 441
D00 0.0229 131 562 194 590
D00 0.0228 175 548 240 600
D00 0.0226 208 386 267 406
D00 0.0224 66 526 92 592
D00 0.0223 218 466 284 592
D00 0.0220 22 394 195 533
D00 0.0215 297 545 358 600
D00 0.0210 560 566 597 600
D00 0.0210 207 529 250 600
D00 0.0210 57 504 134 583
D00 0.0208 164 525 218 600
D00 0.0206 2 553 29 598
D00 0.0205 58 538 85 597
D00 0.0204 128 523 168 590
D00 0.0203 308 543 339 600
D00 0.0200 1 536 43 599
D00 0.0199 249 474 386 595
D00 0.0197 124 388 167 466
D00 0.0194 51 473 114 540
D00 0.0192 43 415 76 470
D00 0.0190 561 503 597 569
D00 0.0187 113 512 179 546
D00 0.0187 57 430 160 555
D00 0.0183 83 508 159 578
D00 0.0181 336 530 417 599
D00 0.0180 562 474 593 522
D00 0.0179 195 461 335 568
D00 0.0179 20 383 63 414
D00 0.0178 41 466 84 551
D00 0.0176 91 428 163 520
D00 0.0175 246 388 309 409
D00 0.0174 27 405 85 468
D00 0.0173 39 423 81 498
D00 0.0173 569 507 598 546
D00 0.0171 207 556 234 599
D00 0.0171 4 466 62 575
D00 0.0171 447 539 523 600
D00 0.0170 64 486 148 552
D00 0.0167 48 439 93 531
D00 0.0166 211 377 283 405
D00 0.0165 272 395 338 415
D00 0.0160 153 489 209 572
D00 0.0159 224 477 269 555
D00 0.0159 135 501 176 539
D00 0.0158 277 467 338 595
D00 0.0158 444 393 519 422
D00 0.0157 192 559 230 597
D00 0.0156 258 467 317 593
D00 0.0156 4 424 57 538
D00 0.0155 130 559 162 600
D00 0.0155 93 399 191 451
D00 0.0154 10 396 47 440
D00 0.0153 224 387 290 407
D00 0.0153 289 388 357 411
D00 0.0153 227 513 267 600
D00 0.0152 29 412 90 518
D00 0.0151 89 451 159 498
D00 0.0150 141 516 185 583
D00 0.0150 524 402 597 433
D00 0.0149 299 537 329 600
D00 0.0148 150 557 226 595
D00 0.0147 0 564 43 592
D00 0.0147 239 487 298 600
D00 0.0146 17 400 64 433
D00 0.0146 145 548 198 585
D00 0.0145 132 401 158 449
D00 0.0144 114 552 163 585
D00 0.0144 213 564 242 600
D00 0.0143 201 571 268 600
D00 0.0143 176 532 207 585
D00 0.0142 73 525 121 596
D00 0.0142 478 534 564 597
D00 0.0141 47 498 77 553
D00 0.0141 110 437 158 474
D00 0.0140 212 555 258 600
D00 0.0140 28 328 234 600
D00 0.0138 543 415 596 518
D00 0.0138 547 475 586 520
D00 0.0137 471 397 533 454
D00 0.0137 123 411 154 456
D00 0.0137 58 411 162 483
D00 0.0136 293 489 361 600
D00 0.0132 109 487 152 551
D00 0.0131 118 503 160 540
D00 0.0131 368 528 409 598
D00 0.0131 300 396 363 417
D00 0.0129 22 377 75 404
D00 0.0128 159 539 206 577
D00 0.0125 161 515 215 566
D00 0.0125 186 542 215 594
D00 0.0124 467 401 535 430
D00 0.0123 473 396 528 420
D00 0.0123 121 528 188 567
D00 0.0122 268 380 324 404
D00 0.0121 55 422 80 468
D00 0.0121 123 519 165 555
D00 0.0121 117 581 171 600
D00 0.0121 236 380 297 403
D00 0.0120 112 401 163 445
D00 0.0119 426 385 503 415
D00 0.0118 47 551 79 598
D00 0.0118 141 437 175 493
D00 0.0118 574 523 597 576
D00 0.0117 164 511 288 600
D00 0.0117 292 561 338 600
D00 0.0116 245 506 336 597
D00 0.0115 160 573 224 597
D00 0.0115 0 429 30 495
D00 0.0115 70 510 100 572
D00 0.0114 37 394 129 509
D00 0.0114 61 358 271 530
D00 0.0113 102 524 152 588
D00 0.0113 273 545 335 600
D00 0.0113 70 462 136 509
D00 0.0112 347 490 398 574
D00 0.0112 135 404 169 438
D00 0.0112 280 563 376 600
D00 0.0112 75 561 114 599
D00 0.0112 2 532 28 585
D00 0.0111 555 408 597 438
D00 0.0111 314 566 351 600
D00 0.0110 324 560 425 600
D00 0.0110 474 389 570 427
D00 0.0110 29 567 77 599
D00 0.0109 569 452 600 524
D00 0.0109 454 563 553 600
D00 0.0109 457 383 526 431
D00 0.0108 475 424 528 462
D00 0.0108 106 369 162 392
D00 0.0107 38 382 79 411
D00 0.0107 567 400 600 434
D00 0.0107 191 525 227 597
D00 0.0107 351 437 387 491
D00 0.0107 483 418 519 454
D00 0.0107 37 403 67 454
D00 0.0107 74 494 117 569
D00 0.0107 201 581 252 600
D00 0.0107 60 463 98 532
D00 0.0106 53 492 88 534
D00 0.0105 232 507 263 563
D00 0.0105 293 514 333 590
D00 0.0105 32 581 92 600
D00 0.0105 552 551 589 596
D00 0.0104 225 542 250 597
D00 0.0104 277 377 353 406
D00 0.0104 471 550 534 598
D00 0.0104 204 370 253 394
D00 0.0103 509 569 596 599
D00 0.0103 236 508 277 581
D00 0.0103 145 420 191 453
D00 0.0102 453 387 512 412
D00 0.0102 1 457 26 506
D00 0.0101 105 379 175 444
D00 0.0101 24 404 59 451
D00 0.0101 149 529 196 569
D00 0.0101 128 576 198 600
D00 0.0100 512 393 587 423
D00 0.0100 69 493 101 549
D00 0.0100 448 408 520 459
D00 0.0100 228 374 323 408
D00 0.0100 508 551 574 596
D10 0.0706 62 556 179 595
D10 0.0672 125 453 316 511
D10 0.0571 147 436 345 489
D10 0.0520 84 565 166 589
D10 0.0503 214 430 302 455
D10 0.0457 330 515 555 597
D10 0.0429 516 523 600 553
D10 0.0419 190 453 393 501
D10 0.0405 61 523 202 587
D10 0.0400 213 453 322 486
D10 0.0396 515 460 592 489
D10 0.0387 100 557 170 582
D10 0.0385 551 546 595 570
D10 0.0382 526 532 597 565
D10 0.0362 551 536 594 559
D10 0.0360 77 474 168 507
D10 0.0359 183 419 297 452
D10 0.0351 131 415 327 473
D10 0.0350 368 454 446 482
D10 0.0349 507 463 569 486
D10 0.0343 95 413 167 442
D10 0.0335 215 434 319 473
D10 0.0326 181 456 297 492
D10 0.0320 299 540 417 585
D10 0.0315 538 516 595 541
D10 0.0308 123 415 166 438
D10 0.0299 65 563 133 593
D10 0.0297 537 504 595 533
D10 0.0297 551 525 594 549
D10 0.0294 507 450 584 481
D10 0.0293 248 450 333 479
D10 0.0293 471 442 535 463
D10 0.0290 532 480 591 510
D10 0.0288 516 537 599 585
D10 0.0284 516 467 591 502
D10 0.0281 117 422 163 450
D10 0.0281 204 426 277 448
D10 0.0280 535 453 592 475
D10 0.0279 130 421 210 453
D10 0.0277 500 453 559 477
D10 0.0276 1 559 76 596
D10 0.0276 552 552 594 583
D10 0.0271 238 432 328 459
D10 0.0264 482 440 557 468
D10 0.0262 72 554 144 582
D10 0.0261 239 461 317 481
D10 0.0258 153 458 260 497
D10 0.0255 473 434 531 457
D10 0.0250 43 499 175 572
D10 0.0247 546 461 596 482
D10 0.0243 18 395 74 416
D10 0.0242 75 572 155 596
D10 0.0242 95 455 174 494
D10 0.0238 446 434 543 466
D10 0.0237 192 450 289 478
D10 0.0236 353 461 427 485
D10 0.0233 19 511 85 551
D10 0.0231 240 427 306 448
D10 0.0229 435 431 519 457
D10 0.0228 230 441 304 467
D10 0.0227 317 543 494 596
D10 0.0226 174 430 270 457
D10 0.0226 49 432 179 488
D10 0.0223 200 386 258 406
D10 0.0223 546 413 599 435
D10 0.0223 193 438 290 466
D10 0.0222 45 514 87 543
D10 0.0222 29 543 85 567
D10 0.0221 68 482 151 518
D10 0.0219 50 494 143 546
D10 0.0219 5 554 68 580
D10 0.0215 268 433 358 458
D10 0.0215 257 440 343 470
D10 0.0215 3 522 80 559
D10 0.0213 478 529 584 570
D10 0.0213 69 507 167 556
D10 0.0212 201 468 295 497
D10 0.0212 209 463 291 481
D10 0.0210 134 415 187 439
D10 0.0207 287 517 439 595
D10 0.0207 20 547 92 587
D10 0.0207 48 506 90 533
D10 0.0206 28 387 85 409
D10 0.0203 84 538 166 579
D10 0.0203 65 467 146 502
D10 0.0202 59 476 132 510
D10 0.0201 38 449 158 503
D10 0.0198 128 522 233 587
D10 0.0194 43 522 86 554
D10 0.0194 42 466 156 522
D10 0.0192 356 506 530 563
D10 0.0190 442 443 510 462
D10 0.0190 546 469 593 495
D10 0.0187 298 545 377 575
D10 0.0187 367 442 447 470
D10 0.0185 508 443 566 466
D10 0.0184 553 525 598 575
D10 0.0183 7 404 65 428
D10 0.0183 157 422 246 450
D10 0.0183 135 432 201 457
D10 0.0183 307 534 404 567
D10 0.0183 56 491 122 530
D10 0.0182 299 432 387 458
D10 0.0181 488 526 574 555
D10 0.0181 58 506 111 531
D10 0.0181 59 547 127 589
D10 0.0179 43 415 174 469
D10 0.0179 81 404 163 433
D10 0.0179 538 405 595 431
D10 0.0179 213 419 364 466
D10 0.0178 196 484 271 516
D10 0.0178 465 449 545 476
D10 0.0176 361 527 475 555
D10 0.0175 52 509 116 547
D10 0.0175 95 513 164 547
D10 0.0175 435 394 513 421
D10 0.0175 500 432 589 489
D10 0.0174 112 407 162 430
D10 0.0172 472 426 567 464
D10 0.0172 108 431 163 460
D10 0.0171 3 544 57 569
D10 0.0170 349 452 410 478
D10 0.0169 503 514 585 544
D10 0.0169 424 434 488 454
D10 0.0168 137 401 291 446
D10 0.0168 483 463 548 486
D10 0.0166 31 563 91 593
D10 0.0166 184 377 254 403
D10 0.0165 209 383 285 408
D10 0.0165 105 449 165 478
D10 0.0164 86 439 167 473
D10 0.0164 2 535 58 561
D10 0.0163 410 528 563 587
D10 0.0162 380 546 548 597
D10 0.0162 560 479 599 507
D10 0.0161 139 553 204 581
D10 0.0160 203 478 289 509
D10 0.0160 77 502 158 538
D10 0.0159 4 445 74 476
D10 0.0159 504 537 579 560
D10 0.0158 25 449 76 472
D10 0.0158 29 507 80 534
D10 0.0157 499 434 558 456
D10 0.0157 72 448 159 482
D10 0.0156 18 431 128 481
D10 0.0155 180 464 256 484
D10 0.0155 351 444 408 469
D10 0.0155 119 517 172 542
D10 0.0155 180 515 274 558
D10 0.0153 137 412 222 443
D10 0.0153 111 519 178 554
D10 0.0153 507 502 585 531
D10 0.0151 63 487 119 515
D10 0.0150 397 430 477 455
D10 0.0149 45 553 95 580
D10 0.0147 17 484 106 546
D10 0.0147 77 416 149 436
D10 0.0147 148 464 229 487
D10 0.0147 214 526 264 550
D10 0.0146 7 517 68 543
D10 0.0145 250 423 336 451
D10 0.0144 518 439 593 471
D10 0.0144 45 537 111 575
D10 0.0144 560 452 600 474
D10 0.0142 314 440 392 469
D10 0.0142 146 500 249 566
D10 0.0142 127 512 194 547
D10 0.0142 571 545 600 569
D10 0.0141 424 396 487 418
D10 0.0140 54 543 103 567
D10 0.0140 12 387 96 424
D10 0.0140 368 432 449 458
D10 0.0139 38 398 168 450
D10 0.0138 49 497 93 525
D10 0.0138 158 434 265 473
D10 0.0138 166 450 253 480
D10 0.0137 57 480 111 504
D10 0.0137 549 443 597 467
D10 0.0133 170 512 250 545
D10 0.0133 162 521 232 556
D10 0.0132 11 365 145 406
D10 0.0132 47 440 134 469
D10 0.0132 129 407 176 429
D10 0.0132 190 471 262 495
D10 0.0132 437 509 581 565
D10 0.0131 38 395 95 416
D10 0.0131 316 503 466 566
D10 0.0131 513 545 591 570
D10 0.0131 52 533 98 559
D10 0.0130 554 509 600 545
D10 0.0130 394 444 455 463
D10 0.0130 201 517 258 542
D10 0.0129 142 544 202 573
D10 0.0129 154 433 226 455
D10 0.0129 118 545 173 573
D10 0.0128 223 518 272 543
D10 0.0126 230 470 305 492
D10 0.0125 161 534 212 561
D10 0.0125 298 547 352 569
D10 0.0125 169 525 264 572
D10 0.0125 209 413 287 444
D10 0.0125 498 395 597 443
D10 0.0124 2 504 74 539
D10 0.0124 415 440 497 464
D10 0.0124 149 502 225 536
D10 0.0123 128 435 207 470
D10 0.0122 266 461 334 483
D10 0.0121 80 461 150 488
D10 0.0121 346 419 459 471
D10 0.0121 476 424 527 450
D10 0.0120 209 491 279 525
D10 0.0120 132 448 222 481
D10 0.0120 283 423 366 450
D10 0.0120 64 516 126 539
D10 0.0119 314 554 394 581
D10 0.0119 163 385 246 408
D10 0.0119 365 514 470 542
D10 0.0119 136 521 204 557
D10 0.0118 73 496 141 523
D10 0.0118 189 526 249 549
D10 0.0118 129 384 265 426
D10 0.0117 34 381 163 427
D10 0.0117 500 412 592 465
D10 0.0117 289 536 365 566
D10 0.0117 20 379 111 413
D10 0.0117 427 421 504 451
D10 0.0117 571 536 600 560
D10 0.0117 344 436 396 457
D10 0.0116 76 544 142 573
D10 0.0115 71 420 159 450
D10 0.0115 160 517 217 541
D10 0.0115 181 501 257 536
D10 0.0114 548 421 598 445
D10 0.0114 497 381 600 426
D10 0.0114 385 437 483 468
D10 0.0113 147 562 214 590
D10 0.0113 58 520 133 557
D10 0.0113 50 488 96 514
D10 0.0113 100 527 169 567
D10 0.0113 538 396 595 422
D10 0.0112 286 520 392 565
D10 0.0112 511 428 582 460
D10 0.0111 452 404 513 425
D10 0.0111 370 502 464 531
D10 0.0111 0 452 48 475
D10 0.0111 11 448 101 500
D10 0.0110 513 410 586 440
D10 0.0110 399 393 476 419
D10 0.0110 193 530 261 561
D10 0.0110 270 541 367 583
D10 0.0110 198 496 256 522
D10 0.0109 359 435 419 457
D10 0.0109 56 457 135 491
D10 0.0109 14 466 103 523
D10 0.0109 30 404 82 426
D10 0.0108 523 418 593 449
D10 0.0108 113 508 165 535
D10 0.0107 285 443 360 463
D10 0.0107 91 526 151 549
D10 0.0107 484 420 557 452
D10 0.0107 223 489 288 510
D10 0.0106 211 507 262 533
D10 0.0106 57 524 110 551
D10 0.0106 455 425 512 450
D10 0.0106 452 452 519 473
D10 0.0106 376 419 505 464
D10 0.0106 569 518 598 556
D10 0.0106 170 544 221 569
D10 0.0105 179 535 235 558
D10 0.0105 571 552 600 581
D10 0.0102 69 529 148 569
D10 0.0102 417 425 476 448
D10 0.0100 179 411 262 442
D20 0.5181 0 440 577 593
D20 0.3481 35 434 302 599
D20 0.3463 241 456 600 600
D20 0.2002 11 500 202 599
D20 0.1722 60 427 466 551
D20 0.1499 101 459 249 575
D20 0.1430 434 460 600 538
D20 0.1231 98 446 295 527
D20 0.1162 291 519 582 600
D20 0.1106 517 480 600 523
D20 0.1084 172 478 491 594
D20 0.1084 315 460 522 536
D20 0.1083 42 447 205 565
D20 0.1032 452 484 600 587
D20 0.0988 14 530 153 597
D20 0.0967 242 448 471 513
D20 0.0939 398 447 600 510
D20 0.0894 53 554 161 597
D20 0.0880 15 462 123 600
D20 0.0833 503 466 598 568
D20 0.0777 26 420 199 520
D20 0.0767 124 466 241 507
D20 0.0763 303 455 481 590
D20 0.0754 336 476 577 565
D20 0.0750 106 431 339 502
D20 0.0723 278 434 579 542
D20 0.0715 552 475 600 541
D20 0.0711 336 457 534 504
D20 0.0704 211 431 449 496
D20 0.0693 161 438 394 580
D20 0.0680 501 471 587 512
D20 0.0673 49 402 340 523
D20 0.0663 0 369 369 566
D20 0.0636 0 413 185 600
D20 0.0622 346 456 455 492
D20 0.0610 56 533 127 600
D20 0.0594 499 441 596 532
D20 0.0566 58 543 203 591
D20 0.0545 0 553 95 599
D20 0.0544 478 455 592 508
D20 0.0538 537 489 595 530
D20 0.0535 25 504 88 571
D20 0.0518 325 441 479 497
D20 0.0518 482 464 567 498
D20 0.0512 104 408 251 515
D20 0.0505 351 467 563 519
D20 0.0500 509 544 600 591
D20 0.0489 73 462 181 505
D20 0.0485 88 510 227 595
D20 0.0481 152 476 258 521
D20 0.0478 406 416 600 600
D20 0.0471 135 412 357 479
D20 0.0469 435 529 600 600
D20 0.0468 555 533 600 600
D20 0.0463 61 567 137 600
D20 0.0461 74 501 374 600
D20 0.0448 344 431 575 489
D20 0.0445 0 397 62 454
D20 0.0443 479 484 597 541
D20 0.0437 17 165 600 591
D20 0.0431 153 465 281 594
D20 0.0424 541 479 599 600
D20 0.0423 0 389 182 473
D20 0.0412 0 387 70 429
D20 0.0408 196 522 462 600
D20 0.0408 153 461 376 529
D20 0.0405 127 423 205 472
D20 0.0395 569 489 598 531
D20 0.0391 325 451 417 493
D20 0.0388 466 413 599 517
D20 0.0378 369 459 518 600
D20 0.0371 121 400 472 509
D20 0.0368 165 355 600 600
D20 0.0368 283 491 436 600
D20 0.0357 41 488 96 563
D20 0.0357 0 500 94 596
D20 0.0352 47 469 158 593
D20 0.0345 76 443 176 491
D20 0.0344 0 399 41 435
D20 0.0342 428 473 588 515
D20 0.0342 529 493 600 554
D20 0.0335 23 563 121 600
D20 0.0333 8 402 142 535
D20 0.0331 0 528 51 600
D20 0.0325 92 423 170 474
D20 0.0323 447 465 547 495
D20 0.0321 0 319 213 572
D20 0.0320 2 395 58 419
D20 0.0316 74 526 160 591
D20 0.0316 60 477 160 523
D20 0.0315 276 440 427 488
D20 0.0310 239 446 339 482
D20 0.0305 0 15 557 441
D20 0.0303 364 443 511 484
D20 0.0301 0 381 89 468
D20 0.0294 170 392 369 457
D20 0.0287 0 413 37 441
D20 0.0283 122 418 233 455
D20 0.0279 128 541 219 592
D20 0.0278 54 412 193 484
D20 0.0278 116 397 280 458
D20 0.0276 0 372 155 446
D20 0.0273 565 490 600 578
D20 0.0272 0 376 47 444
D20 0.0269 546 421 600 571
D20 0.0265 182 474 285 515
D20 0.0262 306 552 410 599
D20 0.0262 535 454 595 527
D20 0.0259 215 415 397 473
D20 0.0257 329 438 447 546
D20 0.0255 10 387 67 411
D20 0.0252 123 440 214 492
D20 0.0249 141 484 214 554
D20 0.0242 181 484 266 531
D20 0.0241 460 437 585 486
D20 0.0240 243 427 427 600
D20 0.0235 527 520 600 581
D20 0.0234 1 380 121 428
D20 0.0233 54 479 121 544
D20 0.0231 479 535 584 581
D20 0.0229 408 440 558 481
D20 0.0228 296 412 476 490
D20 0.0225 482 490 572 525
D20 0.0225 387 503 581 575
D20 0.0223 409 404 597 473
D20 0.0223 0 569 62 600
D20 0.0222 107 410 180 458
D20 0.0222 471 480 564 513
D20 0.0221 521 561 600 600
D20 0.0217 176 447 321 513
D20 0.0217 477 553 585 597
D20 0.0216 540 478 592 514
D20 0.0215 115 378 315 438
D20 0.0210 34 519 117 580
D20 0.0210 267 383 365 413
D20 0.0208 153 517 218 583
D20 0.0208 293 441 413 566
D20 0.0208 0 0 408 294
D20 0.0207 3 511 64 584
D20 0.0207 343 408 543 474
D20 0.0204 0 0 291 600
D20 0.0203 311 0 600 600
D20 0.0202 150 554 243 599
D20 0.0201 335 439 434 479
D20 0.0200 167 0 600 294
D20 0.0199 0 372 79 412
D20 0.0198 0 499 91 550
D20 0.0198 512 427 591 502
D20 0.0197 158 495 260 542
D20 0.0197 351 482 453 600
D20 0.0196 113 525 284 600
D20 0.0196 518 443 575 516
D20 0.0193 334 553 516 600
D20 0.0193 472 472 541 493
D20 0.0190 178 374 365 432
D20 0.0189 0 413 44 487
D20 0.0188 525 398 600 436
D20 0.0188 578 469 600 534
D20 0.0187 13 405 77 465
D20 0.0187 410 453 508 502
D20 0.0185 304 437 400 474
D20 0.0185 438 456 535 487
D20 0.0185 495 509 593 549
D20 0.0183 552 572 597 598
D20 0.0183 563 560 599 594
D20 0.0182 426 390 522 424
D20 0.0181 65 581 128 600
D20 0.0180 191 467 298 560
D20 0.0179 344 442 396 486
D20 0.0178 0 360 133 415
D20 0.0177 0 429 94 575
D20 0.0176 341 331 600 538
D20 0.0174 134 400 183 472
D20 0.0174 199 429 342 491
D20 0.0172 90 561 214 600
D20 0.0169 215 477 263 553
D20 0.0168 232 430 319 477
D20 0.0166 564 446 600 531
D20 0.0164 258 454 362 494
D20 0.0164 456 476 536 501
D20 0.0162 356 446 421 486
D20 0.0160 176 407 282 445
D20 0.0159 389 526 541 600
D20 0.0158 134 408 246 446
D20 0.0158 57 455 133 518
D20 0.0158 581 491 600 543
D20 0.0157 221 445 358 506
D20 0.0154 168 412 300 525
D20 0.0154 382 448 441 504
D20 0.0154 502 444 558 506
D20 0.0154 9 371 71 448
D20 0.0152 365 530 479 600
D20 0.0152 58 515 158 570
D20 0.0152 0 382 45 417
D20 0.0151 97 459 162 538
D20 0.0151 326 530 435 599
D20 0.0151 228 382 326 412
D20 0.0150 218 470 343 600
D20 0.0149 46 436 159 478
D20 0.0149 133 414 247 480
D20 0.0148 390 387 574 450
D20 0.0147 425 473 548 600
D20 0.0147 364 415 472 525
D20 0.0146 512 397 600 600
D20 0.0145 577 541 600 600
D20 0.0144 484 455 546 490
D20 0.0143 67 348 410 500
D20 0.0142 0 455 62 600
D20 0.0141 493 429 564 481
D20 0.0141 61 416 171 456
D20 0.0140 0 492 49 571
D20 0.0140 286 363 502 600
D20 0.0139 216 423 301 465
D20 0.0139 345 428 426 514
D20 0.0137 467 391 595 452
D20 0.0136 524 456 586 500
D20 0.0135 29 391 71 420
D20 0.0135 31 476 79 557
D20 0.0133 478 500 572 537
D20 0.0133 0 396 29 465
D20 0.0132 21 395 74 441
D20 0.0131 438 445 535 476
D20 0.0131 0 343 103 440
D20 0.0131 383 477 499 549
D20 0.0130 0 460 43 541
D20 0.0130 553 428 599 505
D20 0.0130 292 393 367 418
D20 0.0130 162 453 254 505
D20 0.0130 383 0 600 145
D20 0.0130 475 415 569 456
D20 0.0129 425 416 527 455
D20 0.0127 0 432 34 510
D20 0.0126 491 406 585 445
D20 0.0126 408 381 502 417
D20 0.0125 0 0 145 219
D20 0.0124 437 482 530 511
D20 0.0123 526 0 600 113
D20 0.0123 170 466 233 543
D20 0.0123 453 483 557 549
D20 0.0121 144 384 287 424
D20 0.0121 241 395 400 450
D20 0.0120 6 377 57 404
D20 0.0120 172 489 227 568
D20 0.0119 33 408 133 480
D20 0.0118 493 0 600 157
D20 0.0118 514 413 600 453
D20 0.0118 115 401 196 447
D20 0.0117 461 513 563 550
D20 0.0116 431 374 600 437
D20 0.0116 193 476 250 552
D20 0.0116 208 374 305 406
D20 0.0115 376 488 546 535
D20 0.0115 76 468 138 544
D20 0.0115 466 428 540 472
D20 0.0115 89 446 153 514
D20 0.0115 23 374 92 406
D20 0.0115 476 397 570 437
D20 0.0114 213 449 308 494
D20 0.0114 4 457 120 538
D20 0.0114 163 397 258 436
D20 0.0114 0 365 55 504
D20 0.0113 504 371 599 494
D20 0.0113 93 394 166 447
D20 0.0113 381 465 459 570
D20 0.0113 218 408 311 448
D20 0.0112 501 423 591 466
D20 0.0112 498 509 577 592
D20 0.0109 274 426 391 534
D20 0.0108 395 444 466 489
D20 0.0108 455 265 600 597
D20 0.0107 487 0 600 71
D20 0.0107 376 371 549 430
D20 0.0107 195 507 264 563
D20 0.0106 326 480 400 590
D20 0.0105 481 462 559 538
D20 0.0105 203 459 293 507
D20 0.0105 307 420 427 471
D20 0.0105 177 420 267 466
D20 0.0105 0 403 27 430
D20 0.0104 55 379 227 458
D20 0.0104 155 382 276 494
D20 0.0104 93 318 305 593
D20 0.0104 412 396 500 431
D20 0.0103 446 492 541 524
D20 0.0103 572 500 600 553
D20 0.0102 35 382 81 458
D20 0.0102 0 442 64 501
D20 0.0102 5 472 58 554
D20 0.0101 457 382 577 426
D20 0.0101 405 483 479 591
D20 0.0101 184 355 363 412
D20 0.0101 392 0 600 296
D20 0.0100 571 582 600 600
D20 0.0100 0 581 51 600
D40 0.3083 135 468 201 514
D40 0.2620 73 450 247 556
D40 0.2052 137 477 187 504
D40 0.1757 302 473 395 508
D40 0.1660 107 466 239 521
D40 0.1650 26 437 288 593
D40 0.1473 105 460 189 506
D40 0.1195 141 484 191 513
D40 0.1190 323 480 391 503
D40 0.1159 375 460 448 499
D40 0.1137 125 471 178 496
D40 0.1050 120 465 187 533
D40 0.1006 314 487 386 509
D40 0.0931 318 456 486 508
D40 0.0917 278 457 479 537
D40 0.0910 391 464 448 487
D40 0.0885 82 427 256 520
D40 0.0819 120 471 229 556
D40 0.0782 129 448 178 501
D40 0.0771 319 460 414 501
D40 0.0759 137 480 205 533
D40 0.0739 125 454 216 502
D40 0.0737 139 462 171 507
D40 0.0649 517 484 594 518
D40 0.0648 115 435 204 547
D40 0.0636 328 471 390 496
D40 0.0633 107 432 218 493
D40 0.0627 140 473 175 524
D40 0.0625 129 457 276 544
D40 0.0611 0 532 90 582
D40 0.0604 0 417 40 453
D40 0.0603 21 510 111 593
D40 0.0599 304 485 395 526
D40 0.0577 233 452 439 504
D40 0.0545 131 461 177 489
D40 0.0525 336 476 397 518
D40 0.0515 0 431 49 456
D40 0.0504 136 472 219 498
D40 0.0500 72 458 185 539
D40 0.0500 508 475 579 510
D40 0.0499 280 470 436 512
D40 0.0495 401 469 457 495
D40 0.0478 70 469 177 512
D40 0.0476 332 460 440 525
D40 0.0454 352 530 509 568
D40 0.0452 0 404 53 458
D40 0.0444 0 420 76 463
D40 0.0432 289 484 369 511
D40 0.0429 371 451 452 486
D40 0.0426 149 465 258 506
D40 0.0426 385 456 444 478
D40 0.0400 19 521 84 572
D40 0.0383 148 473 226 519
D40 0.0378 310 478 356 507
D40 0.0372 303 463 443 572
D40 0.0372 102 480 178 516
D40 0.0362 502 471 563 495
D40 0.0339 43 509 88 569
D40 0.0337 93 478 171 501
D40 0.0332 140 495 190 522
D40 0.0324 43 436 76 469
D40 0.0316 560 555 597 596
D40 0.0314 394 476 449 502
D40 0.0314 515 497 579 519
D40 0.0308 327 456 396 490
D40 0.0305 54 449 182 506
D40 0.0301 389 465 486 497
D40 0.0298 113 428 174 521
D40 0.0296 358 475 454 518
D40 0.0295 10 544 78 568
D40 0.0294 507 488 568 513
D40 0.0293 44 526 92 590
D40 0.0284 353 534 464 585
D40 0.0282 450 529 558 572
D40 0.0279 330 486 421 534
D40 0.0278 1 543 67 592
D40 0.0278 124 492 198 546
D40 0.0277 363 558 514 600
D40 0.0276 354 440 446 496
D40 0.0274 163 481 252 516
D40 0.0266 92 499 211 570
D40 0.0263 211 474 437 555
D40 0.0263 199 466 386 518
D40 0.0261 178 464 281 528
D40 0.0256 343 487 407 510
D40 0.0254 0 433 31 469
D40 0.0253 56 485 156 534
D40 0.0252 226 481 324 518
D40 0.0250 344 472 428 506
D40 0.0250 349 525 423 595
D40 0.0250 495 478 559 502
D40 0.0250 1 413 57 441
D40 0.0245 6 558 91 597
D40 0.0245 51 472 162 561
D40 0.0244 317 496 384 518
D40 0.0244 302 482 342 511
D40 0.0241 0 390 34 426
D40 0.0241 56 517 84 578
D40 0.0238 30 533 82 561
D40 0.0238 341 470 378 507
D40 0.0236 235 471 338 509
D40 0.0234 283 462 377 519
D40 0.0230 0 440 49 464
D40 0.0230 223 460 328 495
D40 0.0229 560 542 596 577
D40 0.0229 119 454 166 493
D40 0.0228 68 558 124 595
D40 0.0227 6 535 71 561
D40 0.0227 35 438 102 468
D40 0.0225 71 543 144 593
D40 0.0224 388 469 432 505
D40 0.0223 383 464 493 522
D40 0.0222 139 460 196 493
D40 0.0222 1 386 49 413
D40 0.0221 373 521 517 556
D40 0.0219 7 539 57 575
D40 0.0218 305 496 400 542
D40 0.0217 24 432 73 460
D40 0.0212 377 458 426 488
D40 0.0211 2 559 43 595
D40 0.0208 8 554 78 579
D40 0.0208 0 402 110 474
D40 0.0206 343 469 396 549
D40 0.0203 146 448 234 530
D40 0.0203 57 508 93 551
D40 0.0202 344 472 460 553
D40 0.0202 407 460 441 493
D40 0.0202 42 457 135 542
D40 0.0200 547 486 588 530
D40 0.0199 11 422 147 494
D40 0.0199 259 481 353 516
D40 0.0198 104 465 158 499
D40 0.0196 165 477 313 546
D40 0.0196 530 478 565 519
D40 0.0196 30 424 87 476
D40 0.0196 284 471 369 501
D40 0.0196 332 477 369 513
D40 0.0196 132 426 243 463
D40 0.0196 355 463 400 497
D40 0.0195 355 510 485 548
D40 0.0195 348 491 391 526
D40 0.0195 14 525 78 554
D40 0.0193 347 461 390 512
D40 0.0192 523 468 571 501
D40 0.0190 9 418 80 496
D40 0.0189 276 467 393 562
D40 0.0188 346 461 412 485
D40 0.0187 352 497 464 538
D40 0.0187 560 508 596 545
D40 0.0187 152 433 272 496
D40 0.0181 171 467 251 567
D40 0.0180 306 561 392 600
D40 0.0179 129 444 191 482
D40 0.0178 83 475 154 523
D40 0.0177 373 486 475 524
D40 0.0177 281 455 391 497
D40 0.0176 131 490 170 530
D40 0.0176 36 449 83 471
D40 0.0176 155 491 242 525
D40 0.0175 131 449 172 476
D40 0.0174 391 541 513 592
D40 0.0173 169 471 246 497
D40 0.0170 573 535 597 588
D40 0.0168 312 540 414 595
D40 0.0167 384 451 437 515
D40 0.0167 88 559 144 591
D40 0.0166 260 449 356 501
D40 0.0164 460 542 562 593
D40 0.0164 355 532 435 568
D40 0.0164 392 436 482 488
D40 0.0163 387 481 458 513
D40 0.0163 49 428 83 464
D40 0.0162 29 440 115 482
D40 0.0162 358 527 454 556
D40 0.0161 219 488 310 532
D40 0.0161 18 417 65 454
D40 0.0161 53 546 90 588
D40 0.0160 323 450 385 512
D40 0.0160 507 460 553 490
D40 0.0159 508 549 600 585
D40 0.0158 343 451 398 478
D40 0.0157 0 419 42 481
D40 0.0157 2 530 44 567
D40 0.0157 411 464 471 486
D40 0.0157 345 549 451 599
D40 0.0156 33 530 70 582
D40 0.0156 0 425 24 460
D40 0.0154 216 514 445 596
D40 0.0153 184 473 238 509
D40 0.0152 168 506 269 550
D40 0.0152 201 452 304 506
D40 0.0152 143 501 212 537
D40 0.0150 357 492 435 524
D40 0.0149 424 466 462 496
D40 0.0149 413 478 470 501
D40 0.0149 278 489 335 511
D40 0.0148 32 512 77 551
D40 0.0148 457 526 548 555
D40 0.0147 60 536 96 578
D40 0.0147 50 443 85 477
D40 0.0146 491 467 538 494
D40 0.0146 65 547 110 589
D40 0.0145 25 439 105 521
D40 0.0145 216 498 278 556
D40 0.0144 322 472 381 538
D40 0.0144 11 419 46 463
D40 0.0143 231 520 264 554
D40 0.0142 533 499 586 533
D40 0.0140 346 507 431 559
D40 0.0140 232 429 283 456
D40 0.0139 89 491 166 529
D40 0.0139 222 509 310 551
D40 0.0137 357 467 399 527
D40 0.0136 310 488 353 518
D40 0.0135 195 488 257 513
D40 0.0135 39 421 68 466
D40 0.0133 137 507 189 533
D40 0.0133 372 537 483 558
D40 0.0132 44 503 81 542
D40 0.0131 366 481 410 515
D40 0.0131 235 525 319 566
D40 0.0130 417 472 511 501
D40 0.0129 263 467 341 498
D40 0.0129 353 502 406 583
D40 0.0129 171 488 369 580
D40 0.0128 0 548 34 587
D40 0.0127 63 500 105 539
D40 0.0127 250 488 338 527
D40 0.0126 241 469 313 491
D40 0.0126 247 536 331 578
D40 0.0126 32 426 130 468
D40 0.0125 123 473 156 526
D40 0.0125 415 458 452 501
D40 0.0125 499 558 587 594
D40 0.0125 225 522 290 553
D40 0.0124 64 493 125 546
D40 0.0124 428 524 526 564
D40 0.0123 378 487 437 512
D40 0.0123 84 474 134 508
D40 0.0123 221 511 258 546
D40 0.0122 407 479 500 511
D40 0.0121 489 539 574 574
D40 0.0120 373 466 422 545
D40 0.0120 251 452 319 485
D40 0.0119 350 443 404 510
D40 0.0119 255 490 318 510
D40 0.0118 338 537 417 577
D40 0.0117 307 469 359 522
D40 0.0117 416 564 536 600
D40 0.0117 40 450 134 499
D40 0.0117 224 432 294 470
D40 0.0116 436 514 535 552
D40 0.0115 352 439 387 473
D40 0.0115 0 445 30 481
D40 0.0115 359 480 414 564
D40 0.0114 365 571 473 600
D40 0.0114 375 529 480 549
D40 0.0113 243 480 310 503
D40 0.0113 160 466 199 507
D40 0.0113 442 472 507 493
D40 0.0113 449 528 520 591
D40 0.0112 1 377 48 403
D40 0.0109 145 493 180 545
D40 0.0109 205 473 267 514
D40 0.0109 314 572 373 598
D40 0.0109 282 526 386 600
D40 0.0109 16 567 66 599
D40 0.0109 344 484 377 530
D40 0.0108 232 444 305 481
D40 0.0107 226 423 272 450
D40 0.0107 207 425 277 458
D40 0.0107 399 452 434 487
D40 0.0106 377 491 417 525
D40 0.0106 395 532 455 562
D40 0.0106 188 496 251 522
D40 0.0105 233 489 298 510
D40 0.0105 382 517 447 587
D40 0.0105 238 513 273 547
D40 0.0104 50 450 109 472
D40 0.0104 241 497 326 542
D40 0.0103 552 545 589 591
D40 0.0103 363 485 394 535
D40 0.0102 108 413 155 443
D40 0.0102 287 507 389 554
D40 0.0101 0 402 21 449
D40 0.0101 23 445 64 477
D40 0.0100 473 536 550 559
D40 0.0100 180 494 242 542
D40 0.0100 371 525 418 559
D40 0.0100 406 490 503 523
