D00 0.0930 551 548 598 599
D00 0.0645 545 505 598 597
D00 0.0533 431 481 496 542
D00 0.0483 517 496 594 580
D00 0.0451 561 535 592 590
D00 0.0434 543 572 596 598
D00 0.0420 448 486 476 537
D00 0.0391 565 565 599 600
D00 0.0378 527 447 600 600
D00 0.0367 180 421 271 454
D00 0.0364 312 420 393 487
D00 0.0320 62 445 123 500
D00 0.0319 496 453 591 560
D00 0.0312 72 464 108 498
D00 0.0311 532 536 596 586
D00 0.0303 309 449 399 494
D00 0.0302 420 493 489 530
D00 0.0293 68 457 134 491
D00 0.0293 438 501 522 540
D00 0.0279 553 516 596 569
D00 0.0275 205 430 265 456
D00 0.0261 539 556 588 595
D00 0.0249 215 424 273 449
D00 0.0240 537 478 598 560
D00 0.0235 271 561 340 596
D00 0.0233 570 525 597 580
D00 0.0228 434 371 572 554
D00 0.0228 28 401 165 574
D00 0.0227 438 463 475 529
D00 0.0227 0 461 41 538
D00 0.0215 0 548 65 600
D00 0.0214 0 467 61 595
D00 0.0211 436 485 512 521
D00 0.0205 293 573 348 598
D00 0.0201 2 485 27 534
D00 0.0199 500 519 577 599
D00 0.0198 439 419 548 526
D00 0.0197 302 430 364 476
D00 0.0197 419 504 481 544
D00 0.0197 295 408 372 516
D00 0.0193 468 494 535 540
D00 0.0193 0 423 91 563
D00 0.0191 331 465 409 497
D00 0.0191 81 452 111 494
D00 0.0190 284 567 326 600
D00 0.0189 326 455 381 500
D00 0.0187 580 549 600 599
D00 0.0185 438 481 518 591
D00 0.0183 287 551 352 600
D00 0.0182 441 496 502 526
D00 0.0179 368 326 392 372
D00 0.0176 424 386 485 445
D00 0.0175 406 398 506 502
D00 0.0174 174 434 264 464
D00 0.0174 376 337 401 382
D00 0.0172 449 508 529 557
D00 0.0171 154 299 226 332
D00 0.0169 521 483 587 542
D00 0.0169 567 497 600 567
D00 0.0169 445 441 510 537
D00 0.0168 0 570 34 600
D00 0.0168 359 325 381 373
D00 0.0168 51 460 112 512
D00 0.0166 330 431 373 492
D00 0.0166 490 571 576 599
D00 0.0166 384 365 452 396
D00 0.0165 531 505 587 555
D00 0.0165 258 573 319 598
D00 0.0162 506 494 577 529
D00 0.0162 441 514 506 572
D00 0.0162 281 534 330 600
D00 0.0161 17 505 64 589
D00 0.0161 440 497 488 562
D00 0.0161 520 527 588 573
D00 0.0160 321 445 364 480
D00 0.0159 331 460 392 488
D00 0.0159 468 433 563 546
D00 0.0158 65 466 150 510
D00 0.0158 377 362 439 416
D00 0.0158 212 422 274 472
D00 0.0157 4 351 131 522
D00 0.0157 321 422 402 536
D00 0.0155 66 476 113 501
D00 0.0155 0 515 48 600
D00 0.0155 118 374 172 416
D00 0.0155 230 558 329 598
D00 0.0154 442 394 500 456
D00 0.0154 481 575 543 597
D00 0.0153 376 358 421 401
D00 0.0151 17 536 82 599
D00 0.0151 323 435 400 473
D00 0.0151 473 487 557 573
D00 0.0150 466 558 565 598
D00 0.0150 13 447 73 543
D00 0.0149 393 498 500 587
D00 0.0149 511 553 578 596
D00 0.0149 381 353 415 387
D00 0.0149 553 495 596 550
D00 0.0148 349 307 372 356
D00 0.0147 240 543 378 600
D00 0.0147 210 408 280 453
D00 0.0147 485 403 600 534
D00 0.0147 368 345 391 392
D00 0.0147 296 427 425 600
D00 0.0146 373 333 405 366
D00 0.0145 65 453 102 505
D00 0.0145 404 377 468 436
D00 0.0145 0 397 64 520
D00 0.0145 460 536 525 599
D00 0.0144 197 346 260 384
D00 0.0144 310 467 397 508
D00 0.0144 562 507 591 559
D00 0.0144 383 359 433 383
D00 0.0144 384 363 488 451
D00 0.0144 424 485 474 521
D00 0.0143 73 441 103 489
D00 0.0143 0 495 37 542
D00 0.0142 573 412 598 460
D00 0.0142 340 323 427 470
D00 0.0142 570 552 600 581
D00 0.0141 2 489 55 534
D00 0.0141 472 470 527 520
D00 0.0141 4 492 78 573
D00 0.0139 442 476 483 514
D00 0.0139 454 480 487 531
D00 0.0139 8 571 88 600
D00 0.0139 545 428 597 539
D00 0.0139 223 421 257 459
D00 0.0138 369 332 408 403
D00 0.0137 391 373 461 404
D00 0.0136 456 571 530 600
D00 0.0135 208 439 263 463
D00 0.0134 358 308 383 355
D00 0.0133 492 465 558 526
D00 0.0133 361 320 398 395
D00 0.0132 220 392 349 574
D00 0.0132 13 468 99 592
D00 0.0131 349 325 372 372
D00 0.0131 464 517 538 572
D00 0.0131 427 381 521 475
D00 0.0131 515 440 590 524
D00 0.0131 353 345 450 438
D00 0.0131 372 572 443 600
D00 0.0131 372 362 404 396
D00 0.0131 458 443 518 506
D00 0.0130 411 481 475 562
D00 0.0130 1 340 27 384
D00 0.0130 0 342 77 494
D00 0.0129 378 483 465 537
D00 0.0129 317 459 372 486
D00 0.0129 432 420 493 524
D00 0.0128 285 552 324 588
D00 0.0128 455 488 505 543
D00 0.0128 174 392 305 573
D00 0.0127 383 339 411 382
D00 0.0127 292 568 388 600
D00 0.0126 360 360 418 417
D00 0.0126 450 412 508 474
D00 0.0126 336 412 386 472
D00 0.0124 310 575 370 599
D00 0.0123 529 568 575 599
D00 0.0123 437 378 473 438
D00 0.0122 387 371 426 405
D00 0.0122 431 496 466 540
D00 0.0122 434 388 513 429
D00 0.0121 340 307 363 356
D00 0.0120 269 412 360 555
D00 0.0120 458 401 570 498
D00 0.0120 377 349 421 372
D00 0.0120 432 399 494 435
D00 0.0119 352 310 388 385
D00 0.0119 450 526 498 600
D00 0.0119 95 325 234 472
D00 0.0119 77 428 115 486
D00 0.0119 237 574 300 598
D00 0.0119 384 366 410 411
D00 0.0119 106 452 180 508
D00 0.0119 446 575 502 598
D00 0.0119 302 439 356 533
D00 0.0117 194 430 263 485
D00 0.0117 566 389 600 466
D00 0.0117 335 446 385 482
D00 0.0117 0 432 29 498
D00 0.0116 380 376 449 434
D00 0.0116 6 532 57 587
D00 0.0116 7 560 52 596
D00 0.0115 543 528 578 576
D00 0.0115 406 369 464 392
D00 0.0115 455 402 491 465
D00 0.0114 118 460 207 501
D00 0.0114 392 341 534 521
D00 0.0114 475 528 552 588
D00 0.0114 141 431 263 600
D00 0.0114 309 455 362 503
D00 0.0114 342 572 418 600
D00 0.0114 278 509 414 600
D00 0.0114 321 345 412 443
D00 0.0113 507 516 579 561
D00 0.0113 41 433 123 546
D00 0.0112 152 315 226 342
D00 0.0112 413 364 479 416
D00 0.0112 336 374 396 463
D00 0.0112 3 504 42 568
D00 0.0112 307 564 337 600
D00 0.0112 32 525 67 592
D00 0.0111 337 312 397 435
D00 0.0111 396 508 462 545
D00 0.0109 475 433 509 496
D00 0.0109 359 345 382 390
D00 0.0109 365 369 412 444
D00 0.0109 572 327 598 376
D00 0.0108 4 370 57 472
D00 0.0108 72 455 120 531
D00 0.0107 111 547 178 600
D00 0.0107 82 446 162 571
D00 0.0107 414 390 478 425
D00 0.0107 440 377 489 421
D00 0.0107 397 357 471 384
D00 0.0107 198 410 267 521
D00 0.0107 199 307 270 336
D00 0.0107 344 432 394 493
D00 0.0106 267 560 309 594
D00 0.0106 210 516 344 600
D00 0.0106 309 450 378 567
D00 0.0106 276 434 357 504
D00 0.0106 461 465 506 529
D00 0.0106 39 572 118 600
D00 0.0105 430 556 520 599
D00 0.0105 201 318 274 346
D00 0.0105 283 519 345 583
D00 0.0105 107 389 182 420
D00 0.0105 529 497 581 524
D00 0.0104 538 501 579 539
D00 0.0104 409 372 538 435
D00 0.0104 232 427 261 469
D00 0.0104 428 409 479 456
D00 0.0104 317 438 348 483
D00 0.0104 517 486 560 522
D00 0.0104 212 570 286 600
D00 0.0104 14 292 188 490
D00 0.0104 538 382 600 505
D00 0.0104 396 573 473 600
D00 0.0104 303 417 345 470
D00 0.0104 0 542 27 596
D00 0.0104 413 514 481 570
D00 0.0104 365 551 433 600
D00 0.0104 426 576 484 598
D00 0.0103 45 482 159 580
D00 0.0103 22 556 118 598
D00 0.0103 298 445 354 493
D00 0.0103 247 492 376 591
D00 0.0103 427 398 465 436
D00 0.0103 342 291 380 367
D00 0.0102 444 391 483 425
D00 0.0102 376 339 421 361
D00 0.0102 302 565 357 593
D00 0.0102 358 357 400 399
D00 0.0102 350 506 463 591
D00 0.0102 364 314 397 350
D00 0.0101 193 333 248 376
D00 0.0101 495 485 543 521
D00 0.0101 340 325 363 371
D00 0.0101 458 395 506 438
D00 0.0101 48 434 102 505
D00 0.0101 110 385 182 446
D00 0.0100 422 373 487 405
D00 0.0100 406 347 504 428
D00 0.0100 1 353 28 400
D00 0.0100 444 407 482 444
D00 0.0100 116 338 191 366
D00 0.0100 53 466 95 497
D00 0.0100 325 419 359 470
D10 0.0564 4 509 58 532
D10 0.0465 0 501 82 539
D10 0.0462 183 359 276 386
D10 0.0425 460 488 583 544
D10 0.0414 343 414 422 442
D10 0.0391 10 515 66 537
D10 0.0367 358 489 509 536
D10 0.0366 212 358 303 388
D10 0.0365 406 504 536 550
D10 0.0348 72 456 158 487
D10 0.0332 329 399 462 450
D10 0.0306 286 516 363 541
D10 0.0291 375 510 491 546
D10 0.0284 407 493 484 529
D10 0.0280 0 348 72 379
D10 0.0277 553 542 593 570
D10 0.0277 553 534 593 560
D10 0.0274 535 562 594 593
D10 0.0269 343 415 484 465
D10 0.0265 311 370 374 390
D10 0.0261 0 575 60 599
D10 0.0258 328 500 496 558
D10 0.0254 356 419 448 446
D10 0.0252 535 552 594 582
D10 0.0250 169 414 272 447
D10 0.0250 159 350 246 379
D10 0.0246 275 519 339 538
D10 0.0241 536 531 595 568
D10 0.0238 418 507 480 535
D10 0.0236 553 526 593 551
D10 0.0235 291 374 375 398
D10 0.0234 377 523 460 550
D10 0.0233 367 416 439 437
D10 0.0232 246 513 350 545
D10 0.0231 296 482 456 541
D10 0.0231 0 357 52 382
D10 0.0226 22 462 118 501
D10 0.0226 328 410 396 433
D10 0.0225 25 509 88 531
D10 0.0222 441 520 518 549
D10 0.0220 279 367 367 393
D10 0.0217 293 511 355 534
D10 0.0217 76 452 140 478
D10 0.0217 515 541 596 575
D10 0.0216 321 377 383 396
D10 0.0215 196 351 262 377
D10 0.0215 494 493 570 528
D10 0.0213 317 469 468 519
D10 0.0213 415 489 478 515
D10 0.0213 439 522 576 578
D10 0.0212 358 408 414 432
D10 0.0212 0 339 81 368
D10 0.0210 393 518 467 541
D10 0.0210 314 382 420 437
D10 0.0208 298 512 400 543
D10 0.0205 17 513 94 541
D10 0.0200 1 498 45 527
D10 0.0197 359 516 443 543
D10 0.0197 521 574 588 597
D10 0.0196 0 564 49 595
D10 0.0196 9 355 91 387
D10 0.0195 524 522 594 557
D10 0.0194 75 468 136 493
D10 0.0192 98 460 169 483
D10 0.0192 43 471 104 494
D10 0.0190 81 460 178 501
D10 0.0188 228 516 310 540
D10 0.0187 174 406 269 434
D10 0.0186 493 469 583 525
D10 0.0184 126 506 203 534
D10 0.0183 344 377 396 398
D10 0.0182 344 368 394 391
D10 0.0181 205 348 290 382
D10 0.0180 372 432 501 488
D10 0.0178 0 515 40 540
D10 0.0177 315 519 383 539
D10 0.0177 475 522 569 553
D10 0.0177 488 532 581 563
D10 0.0173 302 362 401 395
D10 0.0173 277 507 425 562
D10 0.0172 207 417 269 442
D10 0.0170 279 494 385 536
D10 0.0166 28 342 92 364
D10 0.0165 425 447 499 478
D10 0.0165 520 536 588 561
D10 0.0165 456 394 524 421
D10 0.0162 301 442 364 468
D10 0.0162 228 331 287 351
D10 0.0160 28 350 92 374
D10 0.0160 202 402 292 439
D10 0.0158 77 467 199 519
D10 0.0158 377 395 487 446
D10 0.0157 365 376 412 399
D10 0.0157 0 328 80 354
D10 0.0157 542 517 589 542
D10 0.0156 405 525 472 546
D10 0.0155 441 488 504 515
D10 0.0155 265 511 329 533
D10 0.0154 7 523 55 551
D10 0.0154 116 508 177 530
D10 0.0154 83 17 233 73
D10 0.0154 5 365 64 392
D10 0.0154 225 505 335 537
D10 0.0152 510 564 580 591
D10 0.0152 507 501 580 537
D10 0.0152 434 442 490 466
D10 0.0151 365 402 441 434
D10 0.0151 236 381 383 430
D10 0.0150 411 522 524 576
D10 0.0150 140 501 241 537
D10 0.0150 246 475 430 554
D10 0.0150 93 500 186 537
D10 0.0150 0 504 47 550
D10 0.0150 234 361 374 404
D10 0.0148 100 470 167 491
D10 0.0147 18 500 77 526
D10 0.0147 498 575 567 597
D10 0.0147 223 511 365 565
D10 0.0146 402 414 504 463
D10 0.0146 341 521 442 554
D10 0.0145 426 480 483 506
D10 0.0144 2 25 69 55
D10 0.0144 444 476 519 511
D10 0.0143 466 526 534 548
D10 0.0143 367 527 432 548
D10 0.0142 235 351 299 377
D10 0.0142 223 405 307 431
D10 0.0141 317 511 381 532
D10 0.0140 6 490 104 533
D10 0.0140 229 322 285 344
D10 0.0139 375 368 423 392
D10 0.0138 202 512 299 545
D10 0.0138 422 432 527 487
D10 0.0138 382 376 434 400
D10 0.0136 209 408 270 429
D10 0.0136 56 477 107 501
D10 0.0135 281 519 370 556
D10 0.0135 361 377 471 432
D10 0.0135 139 352 209 374
D10 0.0134 314 360 371 382
D10 0.0134 382 410 462 440
D10 0.0134 486 489 549 517
D10 0.0133 0 567 98 600
D10 0.0133 116 493 216 532
D10 0.0133 393 499 470 522
D10 0.0133 6 21 61 44
D10 0.0133 333 346 547 453
D10 0.0133 368 506 454 536
D10 0.0133 20 336 116 373
D10 0.0133 8 525 117 585
D10 0.0133 0 470 101 512
D10 0.0133 188 502 288 537
D10 0.0132 149 509 218 532
D10 0.0132 316 503 424 537
D10 0.0132 0 514 77 564
D10 0.0132 25 500 126 539
D10 0.0131 324 369 413 407
D10 0.0130 461 390 559 425
D10 0.0130 493 551 579 585
D10 0.0129 220 518 279 538
D10 0.0128 395 360 456 382
D10 0.0128 398 376 455 401
D10 0.0127 223 490 368 544
D10 0.0126 236 511 299 533
D10 0.0126 0 29 46 51
D10 0.0125 287 525 343 547
D10 0.0125 311 431 377 458
D10 0.0125 182 388 278 431
D10 0.0124 279 359 342 382
D10 0.0124 12 324 106 360
D10 0.0124 29 332 92 351
D10 0.0123 506 527 579 551
D10 0.0123 500 421 582 452
D10 0.0123 477 397 541 418
D10 0.0123 9 505 116 561
D10 0.0122 447 396 499 419
D10 0.0122 136 513 213 541
D10 0.0122 115 466 189 495
D10 0.0121 16 471 85 493
D10 0.0121 415 456 493 488
D10 0.0120 465 404 517 427
D10 0.0120 39 348 119 377
D10 0.0120 207 510 269 532
D10 0.0120 73 538 167 579
D10 0.0120 345 519 416 539
D10 0.0120 0 554 48 581
D10 0.0120 17 547 145 595
D10 0.0119 415 375 600 496
D10 0.0119 355 515 501 584
D10 0.0118 392 423 459 444
D10 0.0118 472 449 577 512
D10 0.0118 335 359 383 383
D10 0.0118 49 339 131 366
D10 0.0117 217 339 279 363
D10 0.0117 202 328 276 356
D10 0.0117 456 497 526 526
D10 0.0117 271 458 407 526
D10 0.0116 182 499 238 524
D10 0.0116 401 469 472 494
D10 0.0115 126 501 183 525
D10 0.0115 143 483 242 520
D10 0.0115 279 556 330 582
D10 0.0115 420 428 487 461
D10 0.0115 504 516 575 541
D10 0.0114 237 520 337 557
D10 0.0114 570 543 600 570
D10 0.0114 1 317 79 346
D10 0.0114 190 508 249 531
D10 0.0114 85 479 226 545
D10 0.0113 329 452 393 478
D10 0.0113 454 451 504 475
D10 0.0113 257 530 361 585
D10 0.0113 144 404 228 434
D10 0.0112 462 530 540 559
D10 0.0112 490 565 556 591
D10 0.0111 28 27 91 57
D10 0.0110 182 490 237 514
D10 0.0110 387 350 446 371
D10 0.0110 175 321 429 421
D10 0.0110 441 396 521 438
D10 0.0110 0 330 49 351
D10 0.0109 562 517 600 542
D10 0.0109 310 523 389 550
D10 0.0109 448 404 497 429
D10 0.0109 142 338 225 367
D10 0.0109 41 328 118 354
D10 0.0109 0 544 48 568
D10 0.0108 164 408 241 429
D10 0.0108 471 480 526 505
D10 0.0108 355 385 404 408
D10 0.0108 436 466 510 501
D10 0.0107 281 350 342 371
D10 0.0107 251 553 325 586
D10 0.0107 441 414 548 462
D10 0.0107 498 545 573 568
D10 0.0107 445 390 584 455
D10 0.0106 570 534 600 560
D10 0.0106 329 441 394 467
D10 0.0106 200 341 259 364
D10 0.0106 21 525 73 550
D10 0.0105 49 509 107 531
D10 0.0105 472 401 549 430
D10 0.0105 289 524 444 588
D10 0.0104 29 478 94 500
D10 0.0104 369 428 460 456
D10 0.0104 83 505 158 533
D10 0.0103 268 341 319 364
D10 0.0103 162 491 256 529
D10 0.0103 247 321 302 343
D10 0.0103 1 539 62 575
D10 0.0103 415 452 478 475
D10 0.0102 478 414 585 462
D10 0.0102 208 321 267 343
D10 0.0102 49 324 152 358
D10 0.0102 442 460 502 483
D10 0.0101 1 534 47 560
D10 0.0101 510 582 572 600
D10 0.0101 541 506 587 534
D10 0.0101 511 429 590 460
D10 0.0101 162 479 237 509
D10 0.0101 363 395 412 421
D10 0.0100 465 470 515 495
D10 0.0100 274 355 412 419
D10 0.0100 379 525 474 565
D10 0.0100 88 546 148 569
D10 0.0100 76 472 152 506
D10 0.0100 457 432 568 486
D20 0.4282 44 385 600 561
D20 0.3228 265 416 583 574
D20 0.3101 2 372 484 502
D20 0.2369 192 398 548 528
D20 0.2196 292 412 492 503
D20 0.2066 71 397 289 480
D20 0.1794 406 474 600 555
D20 0.1690 246 409 440 480
D20 0.1624 338 454 552 541
D20 0.1556 41 390 336 518
D20 0.1421 431 500 600 593
D20 0.1384 349 460 589 588
D20 0.1203 57 357 349 466
D20 0.1154 546 534 599 600
D20 0.1010 9 439 476 600
D20 0.0974 33 417 232 497
D20 0.0954 313 414 414 455
D20 0.0943 144 417 266 457
D20 0.0786 128 406 359 469
D20 0.0771 168 391 414 461
D20 0.0769 415 489 558 540
D20 0.0754 106 350 293 431
D20 0.0752 17 358 265 555
D20 0.0745 401 407 586 558
D20 0.0724 118 425 236 464
D20 0.0711 0 306 411 562
D20 0.0695 305 397 458 463
D20 0.0693 505 517 600 600
D20 0.0669 305 425 440 487
D20 0.0647 351 410 516 532
D20 0.0603 89 424 263 514
D20 0.0599 17 165 600 591
D20 0.0567 359 486 546 561
D20 0.0538 136 355 252 387
D20 0.0538 528 560 600 600
D20 0.0536 80 432 245 481
D20 0.0527 161 419 395 485
D20 0.0525 233 355 521 485
D20 0.0522 131 334 315 405
D20 0.0519 227 428 416 510
D20 0.0516 345 323 600 600
D20 0.0513 399 470 533 532
D20 0.0503 190 355 307 389
D20 0.0500 288 444 483 529
D20 0.0499 295 420 394 470
D20 0.0493 69 444 178 482
D20 0.0485 154 365 370 441
D20 0.0485 397 488 488 535
D20 0.0477 475 489 571 532
D20 0.0464 429 504 580 554
D20 0.0451 333 410 429 445
D20 0.0435 17 15 600 441
D20 0.0413 230 461 538 599
D20 0.0412 475 442 594 575
D20 0.0411 276 432 371 474
D20 0.0410 553 503 598 584
D20 0.0408 451 480 548 528
D20 0.0408 430 475 499 539
D20 0.0402 386 469 486 519
D20 0.0402 421 445 567 527
D20 0.0395 409 447 524 565
D20 0.0395 278 368 423 472
D20 0.0390 153 396 427 574
D20 0.0385 176 349 383 417
D20 0.0382 140 409 272 485
D20 0.0378 112 316 288 386
D20 0.0374 95 365 241 455
D20 0.0374 306 394 423 524
D20 0.0371 49 446 227 535
D20 0.0366 496 502 585 569
D20 0.0360 399 506 492 545
D20 0.0357 494 536 598 581
D20 0.0357 213 420 380 463
D20 0.0347 325 453 429 495
D20 0.0344 333 375 488 484
D20 0.0338 171 315 344 390
D20 0.0335 0 351 91 391
D20 0.0334 104 405 220 474
D20 0.0333 155 384 293 460
D20 0.0332 0 449 262 600
D20 0.0326 58 429 185 511
D20 0.0325 66 452 156 492
D20 0.0324 169 419 320 460
D20 0.0320 19 305 295 492
D20 0.0315 198 418 285 454
D20 0.0312 70 449 211 499
D20 0.0310 170 347 272 384
D20 0.0308 317 440 406 489
D20 0.0305 342 421 441 461
D20 0.0299 23 419 191 569
D20 0.0298 319 403 468 563
D20 0.0298 571 525 600 600
D20 0.0291 76 429 182 471
D20 0.0290 240 403 394 452
D20 0.0290 482 556 590 597
D20 0.0287 98 319 417 442
D20 0.0285 165 429 268 466
D20 0.0285 377 454 481 498
D20 0.0281 225 345 322 385
D20 0.0277 345 449 504 510
D20 0.0276 76 388 207 514
D20 0.0269 361 520 580 600
D20 0.0261 0 575 50 599
D20 0.0255 331 477 493 579
D20 0.0254 157 359 298 405
D20 0.0254 0 447 153 540
D20 0.0251 0 455 88 600
D20 0.0250 69 442 333 553
D20 0.0250 0 0 291 600
D20 0.0248 311 0 600 600
D20 0.0242 0 313 186 383
D20 0.0240 362 377 567 503
D20 0.0239 342 431 494 489
D20 0.0236 546 460 600 600
D20 0.0236 0 360 161 600
D20 0.0235 123 369 266 503
D20 0.0234 0 0 408 294
D20 0.0233 467 497 553 551
D20 0.0232 284 327 501 558
D20 0.0231 115 346 213 382
D20 0.0231 416 445 493 510
D20 0.0230 167 0 600 294
D20 0.0229 445 464 544 561
D20 0.0228 0 505 156 597
D20 0.0226 0 482 45 553
D20 0.0223 435 454 512 521
D20 0.0222 150 431 359 513
D20 0.0222 508 388 600 600
D20 0.0221 379 399 497 498
D20 0.0221 411 389 535 523
D20 0.0220 485 467 584 541
D20 0.0219 349 398 440 438
D20 0.0219 401 426 494 536
D20 0.0218 187 323 301 379
D20 0.0216 0 366 88 408
D20 0.0216 526 517 598 568
D20 0.0215 144 296 301 369
D20 0.0212 292 447 382 493
D20 0.0208 188 401 346 449
D20 0.0207 507 489 582 547
D20 0.0207 294 405 378 497
D20 0.0206 2 323 140 416
D20 0.0205 471 526 580 567
D20 0.0204 0 549 56 600
D20 0.0202 308 400 388 448
D20 0.0201 328 410 394 492
D20 0.0201 99 416 214 554
D20 0.0200 549 580 599 600
D20 0.0199 217 338 378 393
D20 0.0198 555 537 600 577
D20 0.0196 144 359 331 546
D20 0.0195 150 402 257 444
D20 0.0194 469 530 571 597
D20 0.0191 259 380 397 534
D20 0.0190 345 346 495 433
D20 0.0189 210 361 355 403
D20 0.0189 412 496 519 586
D20 0.0185 0 337 58 389
D20 0.0183 433 401 597 496
D20 0.0179 248 342 399 446
D20 0.0178 123 436 231 504
D20 0.0176 410 433 500 475
D20 0.0176 255 344 355 379
D20 0.0175 205 538 380 600
D20 0.0175 316 390 411 435
D20 0.0174 378 362 460 400
D20 0.0173 75 293 521 487
D20 0.0173 174 376 311 430
D20 0.0171 327 335 444 456
D20 0.0170 140 432 274 543
D20 0.0170 323 467 455 548
D20 0.0169 447 508 547 582
D20 0.0169 1 353 41 386
D20 0.0167 0 220 210 600
D20 0.0167 472 473 532 544
D20 0.0167 20 345 115 383
D20 0.0167 313 433 416 578
D20 0.0167 5 499 56 575
D20 0.0166 346 407 409 473
D20 0.0165 214 374 354 532
D20 0.0163 190 413 304 486
D20 0.0162 383 454 473 555
D20 0.0161 0 536 113 600
D20 0.0161 354 480 464 520
D20 0.0160 84 471 259 554
D20 0.0159 416 476 491 513
D20 0.0159 286 514 489 592
D20 0.0158 201 452 398 535
D20 0.0158 368 365 529 449
D20 0.0157 142 334 242 373
D20 0.0157 199 432 347 475
D20 0.0154 358 501 465 539
D20 0.0152 351 395 452 500
D20 0.0151 51 469 188 590
D20 0.0151 496 481 558 526
D20 0.0151 384 357 452 386
D20 0.0150 356 429 453 537
D20 0.0150 84 384 181 424
D20 0.0149 356 377 418 438
D20 0.0149 0 361 60 395
D20 0.0148 238 334 328 374
D20 0.0147 211 379 363 428
D20 0.0145 68 467 160 512
D20 0.0145 115 442 189 494
D20 0.0144 121 401 282 600
D20 0.0142 285 436 373 587
D20 0.0141 172 332 294 452
D20 0.0141 0 348 48 422
D20 0.0139 225 374 321 413
D20 0.0139 463 470 520 520
D20 0.0138 564 480 600 562
D20 0.0135 0 0 146 220
D20 0.0135 0 345 31 380
D20 0.0134 455 0 600 221
D20 0.0134 512 424 600 464
D20 0.0133 342 421 416 513
D20 0.0133 221 324 314 362
D20 0.0132 179 393 278 509
D20 0.0131 46 345 155 379
D20 0.0131 6 333 83 441
D20 0.0129 359 368 442 410
D20 0.0128 342 389 400 455
D20 0.0128 249 421 340 481
D20 0.0127 378 343 460 378
D20 0.0126 0 476 108 548
D20 0.0125 319 453 407 523
D20 0.0125 201 333 443 537
D20 0.0125 296 410 353 475
D20 0.0125 576 575 600 600
D20 0.0125 363 425 450 483
D20 0.0124 164 489 415 591
D20 0.0124 265 352 379 387
D20 0.0124 192 314 281 351
D20 0.0124 97 334 189 371
D20 0.0124 2 483 73 537
D20 0.0122 0 513 36 600
D20 0.0122 0 308 99 387
D20 0.0122 373 391 469 458
D20 0.0122 93 452 173 507
D20 0.0122 23 531 210 600
D20 0.0121 382 0 600 146
D20 0.0121 3 297 141 360
D20 0.0121 262 334 373 371
D20 0.0121 391 370 478 410
D20 0.0121 35 506 298 600
D20 0.0120 0 582 30 600
D20 0.0120 428 412 493 471
D20 0.0120 125 416 185 478
D20 0.0120 25 452 136 600
D20 0.0120 580 531 600 586
D20 0.0119 338 370 403 430
D20 0.0119 55 335 165 369
D20 0.0118 433 441 515 487
D20 0.0117 323 360 414 397
D20 0.0117 0 0 73 111
D20 0.0117 368 384 459 430
D20 0.0115 373 424 473 462
D20 0.0115 272 459 364 505
D20 0.0115 158 346 230 381
D20 0.0115 252 332 303 395
D20 0.0114 456 461 537 509
D20 0.0114 360 397 414 456
D20 0.0114 287 377 380 443
D20 0.0113 0 425 32 505
D20 0.0113 276 341 325 380
D20 0.0113 110 456 203 526
D20 0.0112 0 0 267 178
D20 0.0111 527 0 600 112
D20 0.0110 122 379 197 471
D20 0.0110 192 297 364 371
D20 0.0110 417 442 476 487
D20 0.0110 363 350 441 391
D20 0.0109 494 573 589 600
D20 0.0109 564 562 600 600
D20 0.0109 430 367 599 446
D20 0.0109 389 511 468 557
D20 0.0107 289 469 382 511
D20 0.0107 231 330 286 394
D20 0.0107 388 354 513 417
D20 0.0107 93 496 223 599
D20 0.0107 379 333 472 364
D20 0.0107 271 330 315 393
D20 0.0107 100 396 174 461
D20 0.0107 0 568 23 600
D20 0.0106 190 302 276 339
D20 0.0106 124 537 319 600
D20 0.0105 22 456 104 507
D20 0.0105 317 365 388 413
D20 0.0105 363 329 508 404
D20 0.0105 170 435 257 506
D20 0.0104 396 448 458 519
D20 0.0104 110 424 166 485
D20 0.0104 0 522 73 586
D20 0.0103 135 393 218 450
D20 0.0103 534 477 596 536
D20 0.0103 0 315 35 389
D20 0.0103 359 352 401 425
D20 0.0103 341 332 584 472
D20 0.0102 6 347 53 379
D20 0.0101 213 314 320 425
D20 0.0101 176 323 262 364
D20 0.0101 576 506 600 573
D20 0.0101 565 311 600 385
D20 0.0101 13 340 71 402
D20 0.0101 425 453 469 519
D20 0.0100 184 338 257 369
D20 0.0100 175 399 255 471
D20 0.0100 514 539 573 600
D20 0.0100 539 575 581 600
D40 0.1490 47 378 289 492
D40 0.0954 22 399 214 488
D40 0.0950 47 429 107 462
D40 0.0914 248 428 355 460
D40 0.0799 111 360 198 398
D40 0.0777 15 366 209 453
D40 0.0737 151 358 250 391
D40 0.0711 24 427 167 493
D40 0.0649 311 415 402 443
D40 0.0637 122 367 184 391
D40 0.0632 50 355 252 429
D40 0.0628 176 361 248 383
D40 0.0605 107 434 201 474
D40 0.0586 274 433 343 458
D40 0.0567 0 349 257 524
D40 0.0553 35 415 149 471
D40 0.0551 269 433 367 471
D40 0.0543 20 357 194 414
D40 0.0527 254 359 311 384
D40 0.0523 115 360 178 383
D40 0.0519 422 505 510 545
D40 0.0503 91 354 183 389
D40 0.0500 220 358 318 392
D40 0.0499 48 433 127 478
D40 0.0499 14 405 139 512
D40 0.0488 75 339 265 407
D40 0.0487 437 516 491 541
D40 0.0473 33 369 131 406
D40 0.0469 44 378 171 474
D40 0.0465 49 378 147 414
D40 0.0455 240 366 307 389
D40 0.0453 141 426 247 459
D40 0.0443 443 500 481 539
D40 0.0436 238 424 336 450
D40 0.0431 340 418 421 448
D40 0.0430 34 393 148 452
D40 0.0426 26 405 105 479
D40 0.0415 110 371 180 405
D40 0.0404 70 414 228 471
D40 0.0401 77 362 222 406
D40 0.0391 275 418 382 459
D40 0.0385 184 362 276 388
D40 0.0384 121 441 188 467
D40 0.0384 38 342 213 396
D40 0.0374 245 352 334 388
D40 0.0373 284 441 350 466
D40 0.0372 60 441 113 466
D40 0.0360 98 346 237 389
D40 0.0351 30 450 147 501
D40 0.0350 57 425 110 451
D40 0.0349 128 358 220 386
D40 0.0345 58 376 201 427
D40 0.0344 304 416 373 438
D40 0.0342 29 314 290 444
D40 0.0341 1 358 113 484
D40 0.0339 86 423 195 487
D40 0.0338 12 422 85 497
D40 0.0331 89 446 178 479
D40 0.0325 38 440 96 463
D40 0.0324 65 372 175 409
D40 0.0323 31 439 112 487
D40 0.0313 130 435 232 466
D40 0.0311 25 441 222 562
D40 0.0308 36 368 128 439
D40 0.0307 328 462 445 501
D40 0.0303 123 359 277 406
D40 0.0299 9 424 105 465
D40 0.0297 74 317 259 383
D40 0.0292 1 441 115 514
D40 0.0291 283 425 352 449
D40 0.0290 76 393 225 455
D40 0.0289 5 338 138 441
D40 0.0288 127 303 219 339
D40 0.0288 26 379 174 542
D40 0.0286 430 497 482 525
D40 0.0281 161 369 240 399
D40 0.0276 53 401 119 460
D40 0.0276 239 412 354 445
D40 0.0276 202 364 298 400
D40 0.0275 321 410 388 433
D40 0.0273 1 464 36 501
D40 0.0273 363 455 477 497
D40 0.0271 15 345 156 389
D40 0.0270 12 359 104 400
D40 0.0267 47 412 109 446
D40 0.0267 47 377 112 400
D40 0.0263 266 351 318 374
D40 0.0263 214 421 293 450
D40 0.0261 261 365 341 392
D40 0.0260 128 370 214 401
D40 0.0256 0 315 204 382
D40 0.0255 13 382 85 462
D40 0.0253 61 390 137 420
D40 0.0253 139 357 185 387
D40 0.0253 328 416 377 451
D40 0.0252 247 438 333 464
D40 0.0251 364 413 410 442
D40 0.0250 475 500 563 535
D40 0.0249 0 472 29 511
D40 0.0246 79 344 175 379
D40 0.0243 272 362 313 392
D40 0.0243 293 423 356 467
D40 0.0241 109 369 217 442
D40 0.0239 38 416 94 458
D40 0.0239 271 359 330 382
D40 0.0237 71 439 168 504
D40 0.0236 65 386 132 409
D40 0.0236 274 423 319 451
D40 0.0235 53 362 167 398
D40 0.0232 459 516 566 555
D40 0.0228 16 376 103 416
D40 0.0227 165 296 252 332
D40 0.0224 288 445 363 476
D40 0.0224 65 449 135 482
D40 0.0223 96 296 269 361
D40 0.0222 61 432 96 475
D40 0.0219 441 524 502 547
D40 0.0219 559 522 594 559
D40 0.0218 117 326 250 372
D40 0.0218 0 454 40 533
D40 0.0217 455 512 542 545
D40 0.0217 233 361 282 389
D40 0.0217 169 361 220 390
D40 0.0214 400 514 491 550
D40 0.0212 40 368 100 393
D40 0.0210 127 450 195 474
D40 0.0210 115 375 208 415
D40 0.0209 148 362 195 392
D40 0.0208 350 471 465 512
D40 0.0207 313 425 395 462
D40 0.0207 259 370 369 401
D40 0.0207 130 431 179 464
D40 0.0206 51 416 112 500
D40 0.0205 8 348 85 418
D40 0.0204 0 463 89 503
D40 0.0204 267 428 310 457
D40 0.0203 125 422 213 455
D40 0.0203 114 438 160 472
D40 0.0203 124 444 169 478
D40 0.0202 219 415 309 441
D40 0.0201 22 295 220 362
D40 0.0201 289 377 357 396
D40 0.0200 115 349 192 378
D40 0.0197 276 436 318 465
D40 0.0196 8 456 81 533
D40 0.0196 0 455 28 493
D40 0.0195 242 370 318 400
D40 0.0194 57 450 107 477
D40 0.0193 84 382 166 413
D40 0.0192 105 435 172 460
D40 0.0191 90 21 176 63
D40 0.0190 3 407 94 543
D40 0.0190 105 449 195 490
D40 0.0190 94 368 167 391
D40 0.0189 0 275 174 345
D40 0.0187 68 397 133 486
D40 0.0187 342 429 409 454
D40 0.0187 204 357 252 385
D40 0.0186 130 281 290 344
D40 0.0185 238 433 316 455
D40 0.0185 104 350 170 373
D40 0.0184 310 418 358 453
D40 0.0184 162 434 260 464
D40 0.0183 68 394 164 437
D40 0.0183 64 434 124 458
D40 0.0183 2 470 56 494
D40 0.0182 147 428 200 461
D40 0.0181 144 413 234 447
D40 0.0181 3 503 40 536
D40 0.0179 246 351 305 377
D40 0.0179 164 340 269 396
D40 0.0177 426 510 473 542
D40 0.0177 27 432 89 457
D40 0.0176 61 401 134 431
D40 0.0176 183 357 259 405
D40 0.0175 277 403 385 441
D40 0.0174 78 418 178 462
D40 0.0174 483 511 574 545
D40 0.0171 41 385 100 407
D40 0.0171 225 373 291 396
D40 0.0167 253 443 351 479
D40 0.0167 334 447 417 482
D40 0.0167 129 361 162 399
D40 0.0166 104 38 164 61
D40 0.0166 150 311 214 335
D40 0.0166 157 369 274 442
D40 0.0165 40 371 83 403
D40 0.0165 126 350 180 409
D40 0.0164 82 443 153 470
D40 0.0164 180 302 239 328
D40 0.0164 53 326 197 370
D40 0.0164 73 379 145 402
D40 0.0161 36 458 110 492
D40 0.0161 26 386 114 429
D40 0.0161 40 356 118 386
D40 0.0159 270 377 334 398
D40 0.0159 2 482 37 521
D40 0.0157 215 373 303 415
D40 0.0157 47 424 80 464
D40 0.0156 393 460 463 506
D40 0.0156 162 419 223 453
D40 0.0155 85 284 240 338
D40 0.0154 336 434 413 471
D40 0.0153 158 356 207 385
D40 0.0149 213 276 290 310
D40 0.0149 226 414 268 445
D40 0.0148 466 507 535 534
D40 0.0148 188 373 254 396
D40 0.0146 493 493 546 527
D40 0.0146 152 373 245 417
D40 0.0146 305 414 347 443
D40 0.0146 65 413 105 467
D40 0.0146 15 446 93 481
D40 0.0146 184 286 273 323
D40 0.0145 117 385 173 410
D40 0.0145 340 462 413 487
D40 0.0145 260 418 333 438
D40 0.0145 7 264 157 317
D40 0.0145 552 440 596 465
D40 0.0144 222 431 284 455
D40 0.0142 417 524 479 546
D40 0.0142 0 401 65 479
D40 0.0142 153 304 274 353
D40 0.0141 111 313 202 348
D40 0.0140 187 310 248 333
D40 0.0140 27 466 142 519
D40 0.0139 350 453 423 495
D40 0.0138 0 435 33 512
D40 0.0138 125 399 229 441
D40 0.0138 189 349 235 379
D40 0.0137 183 373 278 418
D40 0.0137 101 295 195 336
D40 0.0137 0 473 61 507
D40 0.0135 310 437 356 471
D40 0.0135 383 470 457 495
D40 0.0134 8 324 128 371
D40 0.0134 83 394 150 417
D40 0.0134 214 433 321 468
D40 0.0133 99 406 200 452
D40 0.0132 359 427 449 456
D40 0.0131 104 395 175 484
D40 0.0131 467 497 535 525
D40 0.0131 568 426 600 462
D40 0.0130 218 400 327 433
D40 0.0130 280 350 308 388
D40 0.0130 88 455 140 486
D40 0.0130 336 474 423 504
D40 0.0129 404 457 485 489
D40 0.0128 63 356 157 383
D40 0.0128 358 406 402 436
D40 0.0128 136 287 223 328
D40 0.0128 312 407 356 436
D40 0.0127 569 341 600 379
D40 0.0127 261 341 310 398
D40 0.0126 433 522 515 565
D40 0.0126 262 352 293 389
D40 0.0126 274 378 375 414
D40 0.0125 146 439 250 480
D40 0.0125 122 460 183 484
D40 0.0125 125 312 189 336
D40 0.0124 383 462 456 486
D40 0.0123 278 450 341 471
D40 0.0122 122 387 223 427
D40 0.0121 204 388 294 429
D40 0.0121 448 510 478 551
D40 0.0121 23 385 81 408
D40 0.0120 515 493 563 527
D40 0.0120 62 369 134 391
D40 0.0119 87 338 167 366
D40 0.0119 99 360 190 468
D40 0.0119 387 449 470 482
D40 0.0119 374 485 468 516
D40 0.0119 54 306 193 351
D40 0.0118 34 435 77 468
D40 0.0118 234 283 289 306
D40 0.0118 242 375 342 412
D40 0.0118 292 364 331 393
D40 0.0118 252 421 300 449
D40 0.0117 348 490 452 529
D40 0.0117 66 411 145 442
D40 0.0116 105 25 147 60
D40 0.0116 9 462 71 487
D40 0.0115 350 414 389 453
D40 0.0115 0 272 212 482
D40 0.0114 6 406 97 451
D40 0.0113 79 324 171 358
D40 0.0113 9 284 125 335
D40 0.0113 125 427 183 489
D40 0.0112 279 416 333 472
D40 0.0112 64 422 145 453
D40 0.0112 0 386 84 429
D40 0.0111 194 356 227 391
D40 0.0111 302 373 343 399
D40 0.0110 182 41 257 79
D40 0.0110 116 426 180 449
D40 0.0110 55 287 188 334
D40 0.0109 298 424 329 464
D40 0.0109 277 389 379 430
D40 0.0109 288 425 319 462
D40 0.0108 381 411 429 439
D40 0.0107 478 484 524 521
D40 0.0107 76 426 136 472
D40 0.0107 526 431 600 471
D40 0.0107 479 520 523 551
D40 0.0107 366 397 423 437
D40 0.0106 320 410 365 464
D40 0.0106 13 376 74 401
D40 0.0106 213 395 283 447
D40 0.0106 18 272 277 386
D40 0.0105 541 432 593 459
D40 0.0105 216 291 275 315
D40 0.0105 486 417 582 456
D40 0.0105 140 320 207 341
D40 0.0104 88 366 157 455
D40 0.0103 552 449 596 473
D40 0.0103 369 414 438 448
D40 0.0103 2 446 36 485
D40 0.0103 383 479 456 505
D40 0.0103 113 454 160 486
D40 0.0103 1 51 27 105
D40 0.0102 423 475 472 513
D40 0.0102 0 361 67 440
D40 0.0102 323 372 361 400
D40 0.0101 200 49 252 75
D40 0.0101 110 354 175 432
D40 0.0101 301 514 344 541
D40 0.0101 45 354 95 417
D40 0.0101 272 344 300 384
D40 0.0100 82 434 111 480
D40 0.0100 206 301 266 325
