D00 0.1009 356 497 490 572
D00 0.0805 309 477 463 571
D00 0.0752 201 496 365 585
D00 0.0691 226 495 476 580
D00 0.0675 386 514 525 573
D00 0.0660 274 487 379 579
D00 0.0632 163 515 314 592
D00 0.0621 390 505 460 570
D00 0.0606 333 501 442 567
D00 0.0532 414 523 498 571
D00 0.0527 312 505 372 576
D00 0.0456 243 519 358 580
D00 0.0446 307 479 389 563
D00 0.0433 40 505 138 598
D00 0.0432 293 510 355 582
D00 0.0420 423 525 559 573
D00 0.0413 308 468 430 541
D00 0.0398 230 514 313 568
D00 0.0389 101 517 266 595
D00 0.0379 376 492 443 558
D00 0.0370 368 511 431 573
D00 0.0365 320 486 580 579
D00 0.0362 329 512 391 575
D00 0.0355 215 522 283 589
D00 0.0346 411 503 600 575
D00 0.0341 4 500 221 594
D00 0.0337 76 495 120 548
D00 0.0335 445 529 513 570
D00 0.0332 277 498 345 565
D00 0.0328 393 489 510 557
D00 0.0315 350 470 477 542
D00 0.0310 136 476 428 582
D00 0.0303 5 505 101 599
D00 0.0301 70 495 172 590
D00 0.0298 340 488 402 559
D00 0.0292 315 519 350 582
D00 0.0289 234 492 349 552
D00 0.0284 21 542 123 597
D00 0.0275 382 529 472 575
D00 0.0275 342 498 378 568
D00 0.0270 191 506 288 579
D00 0.0265 191 521 431 600
D00 0.0263 384 503 447 541
D00 0.0263 258 471 410 557
D00 0.0263 92 489 121 541
D00 0.0260 51 542 164 596
D00 0.0258 436 542 493 569
D00 0.0257 45 550 93 599
D00 0.0257 332 526 371 569
D00 0.0251 292 484 353 548
D00 0.0250 186 536 260 595
D00 0.0250 166 495 314 558
D00 0.0246 55 527 102 600
D00 0.0245 353 512 406 566
D00 0.0242 265 507 324 558
D00 0.0238 385 517 430 560
D00 0.0237 66 505 112 592
D00 0.0235 311 470 374 533
D00 0.0232 223 539 340 589
D00 0.0232 357 481 425 545
D00 0.0232 403 517 449 561
D00 0.0231 275 521 503 600
D00 0.0230 96 543 228 595
D00 0.0227 419 533 477 565
D00 0.0226 380 526 418 568
D00 0.0225 322 535 361 576
D00 0.0223 67 486 137 562
D00 0.0222 136 508 269 570
D00 0.0217 151 553 253 599
D00 0.0217 224 515 297 549
D00 0.0215 118 546 188 600
D00 0.0215 82 511 112 562
D00 0.0211 319 474 383 510
D00 0.0210 323 518 362 561
D00 0.0209 315 495 366 552
D00 0.0208 60 478 296 576
D00 0.0208 90 496 138 546
D00 0.0206 413 507 474 562
D00 0.0206 394 525 438 567
D00 0.0204 270 503 336 541
D00 0.0201 80 474 131 540
D00 0.0200 338 485 385 539
D00 0.0199 402 539 516 585
D00 0.0196 35 572 85 598
D00 0.0196 321 478 402 525
D00 0.0194 233 528 300 583
D00 0.0194 309 535 343 577
D00 0.0193 380 510 422 549
D00 0.0193 436 534 587 589
D00 0.0192 463 519 535 572
D00 0.0187 305 527 364 569
D00 0.0186 337 506 367 561
D00 0.0186 84 505 199 569
D00 0.0183 74 504 105 554
D00 0.0182 273 518 333 575
D00 0.0181 84 505 127 536
D00 0.0181 178 510 269 554
D00 0.0179 372 497 412 566
D00 0.0178 20 558 84 598
D00 0.0177 127 564 222 600
D00 0.0176 304 495 342 531
D00 0.0175 375 537 439 573
D00 0.0175 488 510 599 565
D00 0.0172 367 493 432 531
D00 0.0172 349 518 387 560
D00 0.0172 25 502 117 570
D00 0.0171 461 543 517 570
D00 0.0171 261 447 525 587
D00 0.0168 108 567 180 600
D00 0.0166 303 484 364 518
D00 0.0164 71 493 110 533
D00 0.0164 74 521 103 576
D00 0.0163 376 519 404 570
D00 0.0163 429 510 513 561
D00 0.0163 296 513 395 594
D00 0.0163 410 543 467 569
D00 0.0162 85 496 126 526
D00 0.0161 81 485 117 522
D00 0.0160 406 514 461 543
D00 0.0160 319 456 444 515
D00 0.0160 429 492 553 553
D00 0.0159 11 536 75 600
D00 0.0159 268 540 377 588
D00 0.0158 310 478 360 504
D00 0.0158 350 502 414 539
D00 0.0157 38 522 87 600
D00 0.0157 354 472 430 517
D00 0.0156 163 525 244 594
D00 0.0156 342 482 381 518
D00 0.0156 376 507 429 533
D00 0.0156 354 513 458 591
D00 0.0155 362 468 427 498
D00 0.0155 417 476 532 583
D00 0.0155 334 537 405 574
D00 0.0155 262 476 366 526
D00 0.0153 426 524 484 557
D00 0.0152 283 529 345 590
D00 0.0152 60 547 97 589
D00 0.0152 73 490 169 546
D00 0.0150 399 487 465 550
D00 0.0149 74 512 139 580
D00 0.0149 470 533 528 565
D00 0.0149 207 520 279 555
D00 0.0148 70 515 112 544
D00 0.0148 211 526 254 588
D00 0.0148 104 493 257 554
D00 0.0148 326 487 377 512
D00 0.0146 97 485 131 521
D00 0.0145 292 509 336 550
D00 0.0144 219 539 261 579
D00 0.0144 345 488 398 512
D00 0.0144 334 468 404 501
D00 0.0143 53 562 102 593
D00 0.0143 298 502 361 539
D00 0.0143 244 523 305 553
D00 0.0143 157 503 246 543
D00 0.0142 341 492 404 528
D00 0.0142 317 504 348 561
D00 0.0142 309 510 339 569
D00 0.0141 184 567 256 600
D00 0.0141 21 458 168 585
D00 0.0140 122 515 186 584
D00 0.0139 134 573 194 599
D00 0.0139 255 515 314 545
D00 0.0138 134 535 173 600
D00 0.0138 363 543 414 570
D00 0.0137 302 459 403 505
D00 0.0136 462 525 519 555
D00 0.0133 387 471 441 491
D00 0.0132 319 530 383 584
D00 0.0132 365 520 395 570
D00 0.0132 355 495 384 550
D00 0.0131 0 527 45 600
D00 0.0130 405 507 459 533
D00 0.0130 317 488 347 539
D00 0.0130 87 520 152 600
D00 0.0129 306 546 363 582
D00 0.0129 481 531 555 569
D00 0.0128 359 479 416 505
D00 0.0127 322 493 362 529
D00 0.0126 60 513 106 566
D00 0.0125 76 524 119 551
D00 0.0125 337 516 383 543
D00 0.0124 201 507 279 540
D00 0.0123 366 524 416 554
D00 0.0122 42 562 135 600
D00 0.0122 3 568 68 600
D00 0.0121 134 504 225 598
D00 0.0121 89 477 123 510
D00 0.0121 100 502 129 551
D00 0.0120 72 540 102 593
D00 0.0120 440 513 488 571
D00 0.0119 445 552 499 574
D00 0.0119 394 496 439 532
D00 0.0119 124 558 167 596
D00 0.0117 379 463 431 486
D00 0.0116 299 493 330 540
D00 0.0116 194 554 252 582
D00 0.0115 280 500 331 524
D00 0.0115 159 573 224 599
D00 0.0114 128 510 223 552
D00 0.0113 261 526 309 568
D00 0.0113 179 494 266 535
D00 0.0112 331 466 372 520
D00 0.0112 384 522 429 593
D00 0.0112 313 465 353 521
D00 0.0112 355 516 407 542
D00 0.0112 309 524 357 552
D00 0.0111 55 502 112 540
D00 0.0111 207 477 345 538
D00 0.0110 183 509 241 533
D00 0.0110 286 487 346 519
D00 0.0110 332 540 440 586
D00 0.0110 409 501 442 552
D00 0.0110 355 528 384 575
D00 0.0110 305 0 483 244
D00 0.0109 378 478 430 503
D00 0.0109 357 532 419 584
D00 0.0109 108 532 166 600
D00 0.0109 110 502 179 560
D00 0.0109 399 504 483 597
D00 0.0109 193 515 250 567
D00 0.0109 226 527 272 569
D00 0.0108 317 515 365 542
D00 0.0107 448 541 529 580
D00 0.0107 370 488 424 514
D00 0.0107 494 526 600 595
D00 0.0107 394 474 510 525
D00 0.0106 88 511 161 547
D00 0.0106 338 497 386 521
D00 0.0105 347 507 395 532
D00 0.0105 534 572 600 600
D00 0.0104 243 466 347 592
D00 0.0104 417 520 458 575
D00 0.0104 465 515 536 548
D00 0.0103 382 484 442 521
D00 0.0103 22 489 115 544
D00 0.0102 295 526 337 568
D00 0.0102 143 528 203 600
D00 0.0102 363 496 395 549
D00 0.0102 532 108 600 267
D00 0.0101 67 470 115 546
D00 0.0101 53 538 90 579
D00 0.0101 254 537 314 587
D00 0.0100 92 480 136 503
D00 0.0100 76 533 117 597
D00 0.0100 354 460 421 489
D00 0.0100 541 536 600 590
D00 0.0100 285 490 325 549
D00 0.0100 58 572 117 598
D00 0.0100 92 495 157 530
D10 0.0266 51 46 128 70
D10 0.0244 18 32 155 84
D10 0.0213 29 15 168 71
D10 0.0159 32 38 115 67
D10 0.0149 58 31 151 70
D10 0.0148 531 523 598 557
D10 0.0135 0 23 110 67
D10 0.0130 480 512 579 553
D10 0.0123 76 41 135 65
D10 0.0118 58 32 209 84
D10 0.0116 75 22 192 66
D10 0.0116 30 49 97 68
D10 0.0112 0 40 108 83
D10 0.0110 473 515 547 547
D10 0.0109 83 49 144 68
D10 0.0104 265 280 342 303
D10 0.0102 531 550 600 579
D10 0.0102 509 515 591 546
D10 0.0100 71 524 163 571
D20 0.0782 107 505 379 588
D20 0.0501 27 503 270 594
D20 0.0346 413 514 600 577
D20 0.0300 35 467 398 592
D20 0.0289 54 533 199 600
D20 0.0255 349 486 600 582
D20 0.0194 323 531 416 575
D20 0.0178 0 0 408 294
D20 0.0175 167 0 600 294
D20 0.0170 179 495 509 600
D20 0.0170 0 311 408 600
D20 0.0167 167 311 600 600
D20 0.0163 0 118 290 600
D20 0.0160 312 118 600 600
D20 0.0160 111 411 527 578
D20 0.0159 74 505 162 552
D20 0.0154 454 0 600 225
D20 0.0154 0 165 557 591
D20 0.0148 17 15 600 441
D20 0.0147 50 553 150 597
D20 0.0145 0 0 147 227
D20 0.0143 380 0 600 146
D20 0.0137 0 526 120 600
D20 0.0129 456 527 600 595
D20 0.0127 92 542 266 600
D20 0.0126 0 0 214 146
D20 0.0113 8 0 231 369
D20 0.0113 527 0 600 116
D20 0.0110 301 0 522 235
D20 0.0107 82 562 201 600
D20 0.0107 0 414 185 600
D20 0.0104 486 0 600 70
D20 0.0103 298 423 600 600
D20 0.0101 67 522 151 571
D40 0.0733 169 508 338 591
D40 0.0398 104 525 294 600
D40 0.0370 194 539 312 591
D40 0.0337 208 534 270 594
D40 0.0262 215 557 278 593
D40 0.0260 219 549 260 585
D40 0.0247 329 472 411 516
D40 0.0243 299 475 594 579
D40 0.0237 306 464 379 506
D40 0.0235 308 463 359 487
D40 0.0231 468 521 600 579
D40 0.0227 348 479 426 528
D40 0.0224 80 555 174 598
D40 0.0207 316 470 368 497
D40 0.0205 289 458 365 494
D40 0.0200 521 525 600 571
D40 0.0188 165 533 259 587
D40 0.0185 205 562 258 590
D40 0.0183 95 486 393 600
D40 0.0176 302 470 353 494
D40 0.0173 145 543 240 595
D40 0.0171 494 536 588 575
D40 0.0168 342 479 398 506
D40 0.0158 146 522 237 576
D40 0.0148 186 561 267 600
D40 0.0146 546 534 596 563
D40 0.0146 220 572 273 596
D40 0.0143 353 488 408 513
D40 0.0142 225 547 300 586
D40 0.0128 538 544 595 571
D40 0.0121 538 527 595 552
D40 0.0119 0 349 572 600
D40 0.0118 122 533 210 587
D40 0.0117 97 564 160 591
D40 0.0117 217 563 306 599
D40 0.0112 454 482 600 563
D40 0.0109 510 545 570 571
D40 0.0103 317 458 401 498
D40 0.0103 514 545 600 582
D40 0.0102 315 541 404 581
D40 0.0101 80 535 172 584
D40 0.0101 207 544 257 574
