D00 0.2674 211 475 260 594
D00 0.1832 223 473 251 566
D00 0.1648 217 513 254 600
D00 0.1589 181 458 264 598
D00 0.1444 219 475 244 541
D00 0.1204 218 545 242 598
D00 0.1105 228 504 250 574
D00 0.0998 222 460 275 578
D00 0.0873 194 472 252 554
D00 0.0805 150 447 308 600
D00 0.0738 196 540 249 600
D00 0.0687 207 505 284 600
D00 0.0680 222 472 249 519
D00 0.0644 225 533 248 598
D00 0.0620 232 496 258 565
D00 0.0565 207 563 242 600
D00 0.0555 288 401 318 435
D00 0.0541 282 414 333 435
D00 0.0530 230 477 257 540
D00 0.0500 207 488 248 570
D00 0.0494 224 495 250 543
D00 0.0489 94 464 263 597
D00 0.0488 140 519 325 600
D00 0.0400 164 505 251 592
D00 0.0400 231 508 271 583
D00 0.0398 218 546 267 598
D00 0.0396 212 462 261 536
D00 0.0390 215 571 257 599
D00 0.0373 289 406 341 432
D00 0.0364 285 387 306 433
D00 0.0349 157 460 261 543
D00 0.0345 215 466 244 508
D00 0.0344 231 524 257 589
D00 0.0336 215 482 282 548
D00 0.0335 218 505 247 551
D00 0.0334 208 481 246 524
D00 0.0326 0 424 30 461
D00 0.0325 169 560 252 600
D00 0.0319 219 481 273 520
D00 0.0307 212 424 329 594
D00 0.0306 351 425 387 520
D00 0.0303 285 373 324 442
D00 0.0299 321 426 374 447
D00 0.0293 143 524 182 600
D00 0.0292 209 469 310 562
D00 0.0289 235 327 258 372
D00 0.0284 152 522 175 575
D00 0.0283 223 334 253 369
D00 0.0282 206 580 251 600
D00 0.0278 191 471 246 516
D00 0.0276 340 416 380 493
D00 0.0268 0 427 61 459
D00 0.0268 126 439 428 600
D00 0.0256 358 434 380 494
D00 0.0254 440 423 600 496
D00 0.0247 221 499 293 562
D00 0.0247 208 560 292 600
D00 0.0246 284 410 307 453
D00 0.0245 287 414 318 446
D00 0.0244 543 459 600 522
D00 0.0239 201 426 264 561
D00 0.0239 0 421 48 478
D00 0.0239 104 425 272 546
D00 0.0237 127 432 189 498
D00 0.0236 151 496 191 579
D00 0.0233 359 447 398 532
D00 0.0232 218 534 246 579
D00 0.0231 298 386 326 434
D00 0.0231 348 428 374 481
D00 0.0225 285 391 347 440
D00 0.0225 125 432 183 455
D00 0.0225 478 444 600 513
D00 0.0225 292 376 316 431
D00 0.0224 1 434 37 469
D00 0.0221 483 455 600 583
D00 0.0219 216 541 308 596
D00 0.0219 210 529 240 592
D00 0.0215 277 402 313 480
D00 0.0214 507 572 588 600
D00 0.0214 137 480 231 595
D00 0.0213 151 539 175 593
D00 0.0213 282 421 332 442
D00 0.0213 222 477 267 505
D00 0.0209 238 442 293 550
D00 0.0205 275 429 297 479
D00 0.0204 268 407 362 439
D00 0.0204 401 413 554 470
D00 0.0204 115 426 197 466
D00 0.0202 1 436 26 487
D00 0.0202 137 438 170 508
D00 0.0199 333 427 370 459
D00 0.0199 216 347 256 371
D00 0.0197 247 482 315 586
D00 0.0196 334 410 397 536
D00 0.0194 0 575 49 599
D00 0.0194 185 383 293 572
D00 0.0194 111 357 286 600
D00 0.0193 283 316 306 365
D00 0.0193 280 406 337 455
D00 0.0192 85 490 130 567
D00 0.0191 491 434 600 484
D00 0.0191 235 485 268 545
D00 0.0191 133 438 159 492
D00 0.0190 478 530 524 600
D00 0.0189 275 315 296 365
D00 0.0189 523 448 600 543
D00 0.0187 537 467 600 597
D00 0.0186 174 421 359 544
D00 0.0183 352 422 413 556
D00 0.0182 2 441 56 465
D00 0.0182 217 370 241 424
D00 0.0182 317 420 377 469
D00 0.0181 135 498 180 581
D00 0.0180 359 452 382 513
D00 0.0180 159 511 183 568
D00 0.0178 267 413 305 489
D00 0.0177 410 423 595 590
D00 0.0176 37 426 319 595
D00 0.0176 476 556 569 600
D00 0.0176 285 395 329 426
D00 0.0175 239 520 292 600
D00 0.0175 297 378 393 438
D00 0.0175 125 541 245 594
D00 0.0174 217 465 302 525
D00 0.0174 296 404 323 441
D00 0.0172 133 436 173 473
D00 0.0171 563 476 600 525
D00 0.0171 80 364 146 397
D00 0.0169 439 492 565 600
D00 0.0169 244 326 267 371
D00 0.0168 127 434 220 478
D00 0.0167 340 422 376 452
D00 0.0167 350 442 374 502
D00 0.0166 208 355 245 435
D00 0.0166 229 558 258 600
D00 0.0166 490 573 553 598
D00 0.0166 283 428 304 478
D00 0.0165 93 504 121 556
D00 0.0164 117 448 177 513
D00 0.0163 144 533 169 583
D00 0.0162 0 553 27 599
D00 0.0162 336 338 386 362
D00 0.0162 248 415 371 585
D00 0.0161 0 548 53 600
D00 0.0160 292 324 316 370
D00 0.0160 243 502 284 573
D00 0.0159 188 453 266 505
D00 0.0159 367 464 390 521
D00 0.0158 226 344 251 388
D00 0.0158 444 423 534 466
D00 0.0158 158 530 182 583
D00 0.0158 527 551 600 600
D00 0.0157 220 492 252 519
D00 0.0157 67 371 136 403
D00 0.0156 193 512 241 585
D00 0.0155 54 377 175 432
D00 0.0155 271 402 306 432
D00 0.0152 191 490 241 530
D00 0.0152 207 339 248 366
D00 0.0149 0 428 34 512
D00 0.0149 349 418 465 535
D00 0.0149 475 412 600 473
D00 0.0148 131 551 177 599
D00 0.0147 326 329 377 356
D00 0.0147 225 428 276 536
D00 0.0147 291 334 403 443
D00 0.0147 347 376 396 419
D00 0.0146 183 351 363 600
D00 0.0145 0 434 80 472
D00 0.0145 179 576 246 600
D00 0.0145 223 573 285 597
D00 0.0145 225 521 328 587
D00 0.0144 315 403 380 454
D00 0.0144 188 437 245 532
D00 0.0144 301 325 326 371
D00 0.0144 309 406 420 517
D00 0.0143 102 484 178 597
D00 0.0143 219 314 257 380
D00 0.0143 117 508 204 590
D00 0.0142 333 413 368 445
D00 0.0142 227 369 248 425
D00 0.0142 520 419 600 502
D00 0.0142 553 530 600 600
D00 0.0142 564 462 600 565
D00 0.0141 142 446 183 482
D00 0.0141 349 391 530 461
D00 0.0140 227 448 461 577
D00 0.0139 206 373 234 422
D00 0.0139 144 441 202 469
D00 0.0138 124 422 167 448
D00 0.0138 204 552 244 582
D00 0.0137 464 437 535 471
D00 0.0136 148 540 195 592
D00 0.0136 361 386 409 413
D00 0.0136 367 477 407 556
D00 0.0136 410 429 553 525
D00 0.0136 235 343 258 387
D00 0.0135 457 420 525 452
D00 0.0135 308 412 357 442
D00 0.0135 468 568 538 600
D00 0.0134 364 477 395 538
D00 0.0133 238 536 270 593
D00 0.0133 465 402 600 544
D00 0.0133 218 581 273 600
D00 0.0132 220 507 269 548
D00 0.0132 275 387 298 431
D00 0.0132 345 424 390 470
D00 0.0132 168 534 231 600
D00 0.0131 378 438 509 555
D00 0.0131 270 438 298 503
D00 0.0130 505 452 597 497
D00 0.0130 511 514 593 594
D00 0.0130 249 412 533 600
D00 0.0130 100 571 174 600
D00 0.0130 142 461 218 558
D00 0.0129 106 427 172 484
D00 0.0129 361 428 392 501
D00 0.0129 219 337 255 419
D00 0.0129 465 431 519 459
D00 0.0128 266 407 314 440
D00 0.0127 291 417 314 466
D00 0.0127 423 416 519 456
D00 0.0127 483 557 519 597
D00 0.0127 293 426 414 594
D00 0.0126 149 516 221 578
D00 0.0126 224 498 385 600
D00 0.0126 558 574 600 598
D00 0.0126 54 428 206 577
D00 0.0126 562 436 600 517
D00 0.0126 373 416 518 507
D00 0.0124 375 485 399 533
D00 0.0124 544 485 600 547
D00 0.0124 225 526 282 568
D00 0.0124 398 468 523 597
D00 0.0124 547 420 600 565
D00 0.0124 474 514 555 595
D00 0.0124 343 458 390 566
D00 0.0124 318 422 383 556
D00 0.0123 249 424 321 553
D00 0.0122 55 493 128 549
D00 0.0122 151 429 193 461
D00 0.0121 451 535 515 600
D00 0.0121 86 511 113 563
D00 0.0121 148 486 180 558
D00 0.0120 309 388 411 456
D00 0.0120 98 358 152 385
D00 0.0120 217 338 244 378
D00 0.0120 0 440 63 504
D00 0.0120 298 418 345 445
D00 0.0119 314 323 389 362
D00 0.0119 344 335 410 365
D00 0.0119 260 409 319 461
D00 0.0118 140 423 185 449
D00 0.0118 64 366 236 445
D00 0.0118 266 440 290 488
D00 0.0117 343 371 382 409
D00 0.0117 341 426 396 446
D00 0.0117 68 488 147 597
D00 0.0117 155 525 207 600
D00 0.0117 265 315 287 364
D00 0.0117 269 366 365 442
D00 0.0117 377 401 504 449
D00 0.0117 333 444 444 579
D00 0.0116 426 390 600 467
D00 0.0116 474 428 545 463
D00 0.0116 572 456 599 512
D00 0.0116 373 442 426 545
D00 0.0116 276 303 313 373
D00 0.0115 262 524 306 600
D00 0.0115 106 366 158 391
D00 0.0115 271 417 305 448
D00 0.0115 145 568 180 600
D00 0.0115 334 352 390 412
D00 0.0114 225 503 262 530
D00 0.0114 101 539 173 597
D00 0.0113 520 474 598 511
D00 0.0113 466 428 565 487
D00 0.0113 277 353 313 443
D00 0.0113 360 471 419 532
D00 0.0113 195 349 244 372
D00 0.0113 304 396 337 438
D00 0.0112 574 491 599 543
D00 0.0112 323 368 387 427
D00 0.0112 307 331 339 370
D00 0.0112 130 426 160 466
D00 0.0112 324 419 415 457
D00 0.0112 297 395 347 423
D00 0.0112 493 535 547 600
D00 0.0111 285 317 325 366
D00 0.0111 70 512 131 578
D00 0.0111 577 481 600 520
D00 0.0111 256 442 297 519
D00 0.0111 570 559 600 597
D00 0.0111 350 424 408 488
D00 0.0110 85 389 247 516
D00 0.0110 525 582 590 600
D00 0.0110 0 450 44 475
D00 0.0110 343 432 393 455
D00 0.0110 417 452 478 517
D00 0.0110 91 358 153 412
D00 0.0110 329 449 543 572
D00 0.0110 90 497 140 546
D00 0.0110 359 475 383 526
D00 0.0109 59 391 127 426
D00 0.0109 0 518 35 600
D00 0.0109 133 456 205 488
D00 0.0109 159 481 207 562
D00 0.0109 461 506 503 596
D00 0.0109 370 425 428 446
D00 0.0109 234 338 276 366
D00 0.0109 312 576 373 599
D00 0.0108 151 437 244 503
D00 0.0108 311 328 357 356
D00 0.0108 129 462 163 504
D00 0.0108 342 331 394 357
D00 0.0108 93 504 139 584
D00 0.0108 320 337 367 364
D00 0.0108 213 502 246 531
D00 0.0108 551 478 596 508
D00 0.0107 59 379 126 414
D00 0.0107 144 514 170 568
D00 0.0107 293 365 459 446
D00 0.0107 325 378 429 435
D00 0.0107 97 374 148 398
D00 0.0106 259 383 320 434
D00 0.0106 148 448 176 497
D00 0.0106 229 523 274 552
D00 0.0106 284 419 506 526
D00 0.0106 298 314 352 369
D00 0.0106 120 432 202 541
D00 0.0106 479 543 506 596
D00 0.0106 128 469 191 573
D00 0.0105 427 452 534 543
D00 0.0105 398 434 462 495
D00 0.0105 216 377 414 545
D00 0.0105 229 514 275 541
D00 0.0105 293 355 335 440
D00 0.0105 498 559 541 597
D00 0.0105 217 329 254 356
D00 0.0104 275 496 313 580
D00 0.0104 217 428 254 525
D00 0.0103 139 450 186 523
D00 0.0103 264 479 306 557
D00 0.0103 304 385 356 433
D00 0.0103 454 573 514 598
D00 0.0103 10 423 45 462
D00 0.0103 145 571 228 600
D00 0.0103 201 332 254 382
D00 0.0102 65 402 111 431
D00 0.0102 235 459 273 522
D00 0.0102 255 325 277 370
D00 0.0102 218 390 240 435
D00 0.0102 332 406 431 479
D00 0.0102 105 444 180 562
D00 0.0102 294 404 395 469
D00 0.0102 81 502 120 539
D00 0.0102 516 561 561 597
D00 0.0101 554 496 600 577
D00 0.0101 337 379 588 496
D00 0.0101 414 427 507 486
D00 0.0100 64 356 202 419
D00 0.0100 167 388 257 543
D00 0.0100 467 483 525 590
D00 0.0100 234 479 290 530
D00 0.0100 84 353 164 391
D00 0.0100 355 363 415 418
D00 0.0100 78 505 158 555
D10 0.0643 20 489 107 512
D10 0.0622 159 460 249 485
D10 0.0535 31 487 145 518
D10 0.0500 76 489 160 514
D10 0.0488 428 451 520 476
D10 0.0487 49 492 128 511
D10 0.0482 291 421 371 446
D10 0.0477 0 488 77 515
D10 0.0472 290 415 356 439
D10 0.0467 2 470 173 525
D10 0.0450 181 469 244 494
D10 0.0419 121 426 185 445
D10 0.0409 192 463 241 483
D10 0.0406 281 408 373 442
D10 0.0376 167 463 250 511
D10 0.0367 115 490 174 511
D10 0.0358 532 449 600 477
D10 0.0349 110 420 197 453
D10 0.0348 26 485 182 546
D10 0.0342 424 455 528 490
D10 0.0340 95 481 191 518
D10 0.0337 134 490 194 511
D10 0.0330 80 495 154 523
D10 0.0328 282 397 408 448
D10 0.0325 0 474 102 512
D10 0.0321 459 453 524 472
D10 0.0321 159 454 228 478
D10 0.0319 224 487 278 512
D10 0.0319 46 495 132 523
D10 0.0315 438 462 511 481
D10 0.0308 6 491 138 536
D10 0.0308 84 423 171 447
D10 0.0304 180 489 250 531
D10 0.0303 263 415 318 434
D10 0.0297 124 482 229 522
D10 0.0289 35 394 193 447
D10 0.0288 122 417 183 440
D10 0.0275 44 483 115 507
D10 0.0273 479 485 561 512
D10 0.0273 153 490 218 513
D10 0.0272 62 414 218 466
D10 0.0267 185 476 245 508
D10 0.0260 404 429 556 485
D10 0.0259 145 498 204 520
D10 0.0257 440 446 595 508
D10 0.0255 11 493 95 520
D10 0.0254 69 467 227 528
D10 0.0247 136 446 238 484
D10 0.0247 1 498 64 519
D10 0.0241 72 413 162 439
D10 0.0240 547 443 599 467
D10 0.0239 123 453 244 507
D10 0.0238 367 415 521 469
D10 0.0237 308 416 416 455
D10 0.0237 53 476 164 514
D10 0.0237 261 415 371 454
D10 0.0234 165 498 229 522
D10 0.0232 211 480 302 529
D10 0.0230 453 444 545 480
D10 0.0228 86 489 207 539
D10 0.0228 105 493 180 522
D10 0.0228 2 481 64 506
D10 0.0228 64 415 129 436
D10 0.0225 388 423 469 447
D10 0.0224 157 544 257 594
D10 0.0222 28 416 173 457
D10 0.0220 558 451 600 472
D10 0.0220 418 435 527 473
D10 0.0219 525 572 600 600
D10 0.0214 145 461 208 482
D10 0.0209 118 433 176 454
D10 0.0206 226 494 276 522
D10 0.0205 146 465 228 497
D10 0.0205 312 431 369 453
D10 0.0204 484 481 593 517
D10 0.0201 467 435 594 484
D10 0.0195 129 480 181 507
D10 0.0194 109 481 165 508
D10 0.0192 120 411 218 446
D10 0.0192 0 490 39 513
D10 0.0188 4 452 133 506
D10 0.0187 86 482 150 507
D10 0.0187 152 541 242 573
D10 0.0187 523 486 600 530
D10 0.0186 438 443 508 468
D10 0.0182 174 554 242 580
D10 0.0182 65 407 125 430
D10 0.0182 281 406 444 472
D10 0.0181 0 572 68 600
D10 0.0181 103 434 224 486
D10 0.0179 244 402 358 440
D10 0.0177 463 458 538 486
D10 0.0176 378 410 477 444
D10 0.0176 148 426 211 445
D10 0.0175 42 407 131 438
D10 0.0173 235 480 290 505
D10 0.0172 146 475 227 510
D10 0.0171 323 402 435 445
D10 0.0170 170 520 255 579
D10 0.0168 57 421 138 447
D10 0.0167 386 417 449 439
D10 0.0166 245 489 299 512
D10 0.0166 407 446 499 484
D10 0.0165 87 430 169 457
D10 0.0164 192 454 239 477
D10 0.0164 527 450 600 499
D10 0.0163 344 418 463 459
D10 0.0162 189 544 246 569
D10 0.0161 255 405 326 432
D10 0.0161 180 508 251 549
D10 0.0161 397 419 492 453
D10 0.0160 225 543 335 595
D10 0.0159 62 452 187 508
D10 0.0159 377 425 439 445
D10 0.0155 175 563 242 593
D10 0.0155 431 463 576 525
D10 0.0154 153 545 215 568
D10 0.0152 539 497 597 521
D10 0.0149 175 505 241 532
D10 0.0149 150 417 211 438
D10 0.0147 392 444 534 508
D10 0.0144 265 422 314 442
D10 0.0144 217 469 256 494
D10 0.0143 7 431 84 458
D10 0.0143 300 405 358 432
D10 0.0143 188 534 247 560
D10 0.0142 226 484 326 544
D10 0.0142 551 488 598 516
D10 0.0142 549 564 600 594
D10 0.0142 92 562 168 595
D10 0.0140 188 524 247 551
D10 0.0139 0 564 46 594
D10 0.0139 466 477 595 546
D10 0.0139 446 467 525 500
D10 0.0137 549 458 597 483
D10 0.0136 347 397 499 453
D10 0.0136 238 417 304 435
D10 0.0135 101 551 174 584
D10 0.0135 61 432 187 487
D10 0.0134 419 453 479 474
D10 0.0134 50 502 164 565
D10 0.0134 64 399 166 436
D10 0.0131 476 492 549 521
D10 0.0130 7 442 68 464
D10 0.0129 47 424 112 444
D10 0.0129 441 482 538 520
D10 0.0128 517 565 577 595
D10 0.0128 134 419 242 463
D10 0.0127 498 493 582 522
D10 0.0125 83 506 132 533
D10 0.0124 480 523 584 591
D10 0.0124 142 544 185 569
D10 0.0124 358 427 500 490
D10 0.0124 147 549 227 583
D10 0.0123 515 489 585 513
D10 0.0122 0 435 93 472
D10 0.0121 227 504 275 532
D10 0.0120 77 498 159 545
D10 0.0119 227 509 294 548
D10 0.0119 162 536 230 561
D10 0.0117 0 506 47 533
D10 0.0117 422 429 506 461
D10 0.0117 361 481 460 524
D10 0.0117 169 447 250 493
D10 0.0116 245 496 298 523
D10 0.0116 0 556 88 599
D10 0.0116 479 448 560 476
D10 0.0116 215 462 259 482
D10 0.0115 203 503 246 533
D10 0.0115 101 395 236 452
D10 0.0115 8 545 129 596
D10 0.0115 20 416 117 447
D10 0.0114 89 575 150 598
D10 0.0114 512 440 593 470
D10 0.0114 285 573 364 600
D10 0.0114 142 497 239 546
D10 0.0113 147 553 199 578
D10 0.0113 224 570 301 599
D10 0.0112 157 506 214 531
D10 0.0111 369 416 425 439
D10 0.0110 420 425 488 445
D10 0.0109 0 526 47 551
D10 0.0108 510 547 600 596
D10 0.0108 0 480 48 522
D10 0.0108 73 546 169 591
D10 0.0108 383 427 479 465
D10 0.0108 365 497 412 523
D10 0.0107 372 490 425 515
D10 0.0107 131 553 177 578
D10 0.0107 92 555 147 579
D10 0.0106 181 415 236 435
D10 0.0106 138 469 193 496
D10 0.0106 69 482 148 527
D10 0.0106 20 428 116 461
D10 0.0106 119 545 173 570
D10 0.0105 228 470 281 497
D10 0.0105 456 481 518 505
D10 0.0105 435 570 515 600
D10 0.0104 0 535 47 560
D10 0.0104 472 453 567 495
D10 0.0103 0 497 77 543
D10 0.0103 150 535 197 563
D10 0.0103 58 430 139 457
D10 0.0102 0 503 108 564
D10 0.0102 49 557 155 598
D10 0.0102 203 415 252 435
D10 0.0102 235 524 287 552
D10 0.0101 53 502 127 537
D10 0.0101 412 416 476 438
D10 0.0101 299 426 393 481
D10 0.0100 223 513 312 566
D10 0.0100 153 439 229 475
D10 0.0100 203 513 247 541
D10 0.0100 0 517 46 542
D20 0.0883 139 462 266 596
D20 0.0861 0 440 291 598
D20 0.0534 171 475 254 532
D20 0.0522 37 419 465 589
D20 0.0457 102 444 263 537
D20 0.0413 4 392 162 445
D20 0.0375 201 475 329 595
D20 0.0367 57 487 248 587
D20 0.0357 94 516 269 600
D20 0.0335 0 402 176 471
D20 0.0306 174 406 598 585
D20 0.0298 0 489 182 584
D20 0.0280 282 397 367 438
D20 0.0275 0 439 186 521
D20 0.0271 11 378 129 434
D20 0.0268 170 465 438 600
D20 0.0267 217 479 294 533
D20 0.0263 29 423 245 538
D20 0.0252 159 494 263 546
D20 0.0245 453 506 600 600
D20 0.0234 105 469 227 573
D20 0.0230 202 452 364 558
D20 0.0228 109 432 245 498
D20 0.0222 434 456 600 539
D20 0.0214 475 548 589 596
D20 0.0214 3 415 131 458
D20 0.0198 35 397 122 434
D20 0.0197 89 497 199 595
D20 0.0196 35 522 217 600
D20 0.0195 21 368 196 440
D20 0.0193 130 444 226 485
D20 0.0191 0 425 144 492
D20 0.0188 47 450 202 556
D20 0.0187 171 509 256 569
D20 0.0184 197 448 246 529
D20 0.0183 164 459 249 515
D20 0.0182 276 373 392 443
D20 0.0177 133 464 235 539
D20 0.0173 143 555 256 599
D20 0.0170 483 566 574 600
D20 0.0169 4 349 373 550
D20 0.0169 57 406 117 430
D20 0.0164 154 453 296 555
D20 0.0164 0 0 408 294
D20 0.0160 44 425 199 495
D20 0.0159 167 0 600 294
D20 0.0159 363 455 600 600
D20 0.0156 129 387 368 600
D20 0.0156 0 384 155 600
D20 0.0155 214 532 347 599
D20 0.0152 164 526 252 593
D20 0.0151 0 383 235 495
D20 0.0147 89 437 203 527
D20 0.0147 0 430 98 565
D20 0.0147 118 343 518 546
D20 0.0145 312 118 600 600
D20 0.0145 0 536 145 600
D20 0.0145 394 529 576 600
D20 0.0144 129 460 227 504
D20 0.0144 0 118 290 600
D20 0.0143 105 543 228 594
D20 0.0141 446 464 542 504
D20 0.0141 0 165 557 591
D20 0.0141 406 426 506 465
D20 0.0136 26 363 143 416
D20 0.0135 5 476 132 560
D20 0.0134 56 387 182 454
D20 0.0133 0 0 600 434
D20 0.0123 215 392 396 451
D20 0.0123 18 462 155 536
D20 0.0123 86 387 244 462
D20 0.0122 0 500 101 596
D20 0.0121 453 370 600 600
D20 0.0121 426 566 525 600
D20 0.0120 0 465 45 536
D20 0.0120 271 487 509 593
D20 0.0118 0 0 145 219
D20 0.0118 281 361 528 600
D20 0.0118 232 524 462 600
D20 0.0117 55 472 160 598
D20 0.0117 377 453 549 543
D20 0.0116 454 0 600 218
D20 0.0115 99 480 183 553
D20 0.0115 69 544 181 595
D20 0.0115 152 489 221 555
D20 0.0115 83 408 202 479
D20 0.0114 241 344 397 437
D20 0.0114 169 461 221 540
D20 0.0113 3 398 91 437
D20 0.0109 287 376 364 427
D20 0.0109 255 390 350 433
D20 0.0109 0 419 26 498
D20 0.0108 358 503 537 598
D20 0.0107 0 406 66 468
D20 0.0107 1 441 85 512
D20 0.0105 214 464 301 514
D20 0.0105 140 462 186 537
D20 0.0101 170 442 242 495
D20 0.0101 525 480 600 600
D20 0.0100 189 368 372 441
D20 0.0100 0 431 80 484
D20 0.0100 0 490 44 566
D20 0.0100 61 485 152 548
D40 0.0377 0 418 31 455
D40 0.0368 479 489 545 510
D40 0.0329 460 475 553 511
D40 0.0266 1 423 55 449
D40 0.0253 48 370 130 411
D40 0.0252 354 394 403 418
D40 0.0242 0 410 48 460
D40 0.0231 0 397 107 444
D40 0.0203 480 478 524 508
D40 0.0197 58 376 119 401
D40 0.0195 342 385 412 425
D40 0.0189 348 385 395 413
D40 0.0184 216 540 302 592
D40 0.0179 1 412 72 442
D40 0.0154 38 414 101 435
D40 0.0143 52 383 108 411
D40 0.0141 31 377 111 423
D40 0.0133 470 488 556 525
D40 0.0132 218 520 301 576
D40 0.0129 21 406 116 437
D40 0.0127 496 477 542 508
D40 0.0127 0 311 577 595
D40 0.0123 473 471 532 498
D40 0.0123 354 403 404 428
D40 0.0119 237 559 307 594
D40 0.0118 473 484 515 513
D40 0.0116 15 424 79 445
D40 0.0114 6 373 89 439
D40 0.0112 31 406 88 431
D40 0.0109 51 395 107 423
D40 0.0109 251 523 313 590
D40 0.0106 169 458 215 485
D40 0.0104 348 395 425 434
D40 0.0104 246 546 286 586
