D00 0.1122 481 396 593 590
D00 0.1016 525 432 592 584
D00 0.0779 255 341 276 397
D00 0.0633 410 355 460 405
D00 0.0611 303 368 323 429
D00 0.0600 546 468 594 589
D00 0.0577 295 342 328 442
D00 0.0559 99 506 143 590
D00 0.0532 182 560 247 596
D00 0.0514 80 506 176 595
D00 0.0513 539 465 586 542
D00 0.0512 239 334 276 420
D00 0.0512 103 548 150 597
D00 0.0482 402 383 553 561
D00 0.0477 260 486 295 550
D00 0.0467 247 349 270 406
D00 0.0463 248 326 282 398
D00 0.0449 230 401 271 495
D00 0.0447 500 422 575 534
D00 0.0442 397 343 451 391
D00 0.0424 7 466 78 593
D00 0.0411 415 362 478 425
D00 0.0394 303 341 323 402
D00 0.0375 245 332 297 442
D00 0.0368 206 381 297 529
D00 0.0363 155 365 307 590
D00 0.0359 404 364 455 393
D00 0.0357 532 463 572 526
D00 0.0354 235 384 277 466
D00 0.0354 105 523 133 577
D00 0.0353 6 524 54 600
D00 0.0347 148 327 216 360
D00 0.0344 101 554 187 599
D00 0.0343 224 319 306 466
D00 0.0341 530 490 585 597
D00 0.0339 422 368 451 421
D00 0.0339 261 336 284 388
D00 0.0335 306 360 333 434
D00 0.0331 94 507 129 572
D00 0.0331 295 318 330 404
D00 0.0328 6 485 136 596
D00 0.0324 232 429 304 562
D00 0.0320 554 517 600 600
D00 0.0318 508 453 573 566
D00 0.0318 505 407 573 465
D00 0.0317 391 347 457 436
D00 0.0311 109 572 161 597
D00 0.0310 302 326 324 378
D00 0.0310 236 427 261 485
D00 0.0305 55 422 107 448
D00 0.0304 262 330 313 441
D00 0.0303 0 439 42 525
D00 0.0294 137 334 205 366
D00 0.0293 205 333 289 442
D00 0.0289 19 497 65 576
D00 0.0288 222 427 284 529
D00 0.0281 0 430 61 569
D00 0.0281 252 333 279 374
D00 0.0279 227 364 270 452
D00 0.0278 536 479 570 550
D00 0.0276 63 413 114 443
D00 0.0275 573 539 598 595
D00 0.0275 60 475 155 600
D00 0.0271 244 479 299 583
D00 0.0271 78 493 135 588
D00 0.0267 267 491 300 532
D00 0.0261 174 321 226 347
D00 0.0260 479 416 559 458
D00 0.0260 373 359 515 523
D00 0.0255 264 507 289 560
D00 0.0254 296 341 317 400
D00 0.0254 512 413 564 443
D00 0.0253 295 358 318 422
D00 0.0252 195 547 265 598
D00 0.0252 455 405 543 537
D00 0.0249 295 325 317 379
D00 0.0247 338 328 410 358
D00 0.0244 213 410 329 587
D00 0.0241 98 562 144 592
D00 0.0239 247 355 285 385
D00 0.0238 199 554 241 589
D00 0.0237 57 401 120 451
D00 0.0236 71 528 146 596
D00 0.0236 523 452 561 519
D00 0.0233 514 481 593 535
D00 0.0232 165 347 448 585
D00 0.0232 201 482 317 598
D00 0.0230 19 508 102 589
D00 0.0229 112 563 170 593
D00 0.0227 94 532 130 594
D00 0.0226 406 349 453 376
D00 0.0226 261 462 312 566
D00 0.0226 482 436 553 546
D00 0.0225 564 492 600 580
D00 0.0225 220 340 279 401
D00 0.0223 274 315 334 442
D00 0.0222 215 436 275 501
D00 0.0221 292 312 317 355
D00 0.0221 0 549 45 600
D00 0.0219 211 513 290 589
D00 0.0219 246 366 268 430
D00 0.0216 381 339 441 366
D00 0.0215 107 521 166 599
D00 0.0215 263 320 286 373
D00 0.0215 306 334 335 409
D00 0.0214 1 447 29 499
D00 0.0213 299 395 326 435
D00 0.0212 25 521 72 600
D00 0.0211 158 315 236 354
D00 0.0210 249 354 277 440
D00 0.0208 222 466 287 570
D00 0.0205 16 436 101 574
D00 0.0204 236 420 280 473
D00 0.0204 0 498 47 576
D00 0.0204 444 418 514 557
D00 0.0203 238 406 297 515
D00 0.0202 237 398 263 456
D00 0.0202 88 567 152 599
D00 0.0200 119 560 149 600
D00 0.0199 18 387 185 599
D00 0.0198 255 307 293 393
D00 0.0198 123 561 229 594
D00 0.0196 503 467 585 520
D00 0.0195 203 562 260 592
D00 0.0195 464 427 528 495
D00 0.0194 345 321 398 348
D00 0.0192 461 452 502 532
D00 0.0191 494 405 559 439
D00 0.0191 193 352 338 518
D00 0.0190 104 502 132 553
D00 0.0190 334 340 496 577
D00 0.0190 286 306 324 382
D00 0.0190 255 502 284 552
D00 0.0189 235 384 325 537
D00 0.0188 273 486 308 548
D00 0.0188 52 501 117 591
D00 0.0187 161 334 303 476
D00 0.0185 380 336 433 387
D00 0.0184 161 572 236 597
D00 0.0183 540 498 585 556
D00 0.0183 405 383 474 445
D00 0.0182 318 313 406 354
D00 0.0181 402 353 437 399
D00 0.0181 279 371 330 440
D00 0.0180 211 559 243 600
D00 0.0180 265 494 314 595
D00 0.0179 233 474 301 536
D00 0.0179 182 328 233 353
D00 0.0179 309 388 331 436
D00 0.0179 286 308 321 340
D00 0.0178 129 319 263 382
D00 0.0178 373 336 406 380
D00 0.0178 253 365 367 569
D00 0.0178 244 389 268 449
D00 0.0177 519 407 585 493
D00 0.0176 207 392 272 462
D00 0.0176 30 503 140 570
D00 0.0176 70 405 123 431
D00 0.0175 297 324 328 359
D00 0.0175 470 474 495 527
D00 0.0175 257 503 295 536
D00 0.0173 6 455 35 510
D00 0.0173 220 419 267 478
D00 0.0172 118 320 347 544
D00 0.0171 87 484 157 562
D00 0.0170 121 328 195 359
D00 0.0170 529 473 557 526
D00 0.0169 240 345 277 378
D00 0.0169 257 424 313 532
D00 0.0168 36 490 81 566
D00 0.0168 411 337 443 383
D00 0.0168 37 511 64 565
D00 0.0167 6 459 52 539
D00 0.0167 1 464 28 518
D00 0.0166 471 338 594 507
D00 0.0165 237 347 266 396
D00 0.0165 193 320 241 346
D00 0.0165 477 457 563 590
D00 0.0164 167 541 251 587
D00 0.0164 251 349 294 404
D00 0.0164 522 413 557 460
D00 0.0164 243 411 269 464
D00 0.0163 253 346 296 377
D00 0.0162 111 553 168 581
D00 0.0162 546 543 590 599
D00 0.0162 0 573 46 599
D00 0.0161 134 347 194 371
D00 0.0160 286 330 453 462
D00 0.0158 28 521 56 575
D00 0.0158 0 433 56 493
D00 0.0157 334 310 386 336
D00 0.0157 161 408 355 535
D00 0.0156 85 511 119 580
D00 0.0156 421 347 461 382
D00 0.0155 226 437 255 489
D00 0.0155 14 541 123 594
D00 0.0155 509 428 553 497
D00 0.0155 250 352 319 479
D00 0.0154 145 323 203 347
D00 0.0154 32 403 132 568
D00 0.0153 230 453 264 492
D00 0.0153 252 368 490 484
D00 0.0153 16 531 47 586
D00 0.0152 417 383 463 411
D00 0.0152 333 302 385 324
D00 0.0151 268 308 302 341
D00 0.0151 280 306 308 345
D00 0.0150 250 492 290 530
D00 0.0149 256 313 278 361
D00 0.0149 452 438 513 511
D00 0.0149 0 475 113 558
D00 0.0149 292 387 321 429
D00 0.0149 365 325 398 364
D00 0.0149 298 372 348 436
D00 0.0148 215 323 430 495
D00 0.0148 273 320 317 397
D00 0.0147 248 487 319 539
D00 0.0147 247 311 328 408
D00 0.0147 300 362 418 565
D00 0.0147 350 324 423 395
D00 0.0147 165 315 288 420
D00 0.0146 471 384 584 470
D00 0.0146 171 341 382 444
D00 0.0145 281 320 328 344
D00 0.0145 82 548 144 586
D00 0.0144 186 312 232 338
D00 0.0144 286 350 322 411
D00 0.0143 185 575 247 600
D00 0.0142 294 313 354 437
D00 0.0141 264 304 288 347
D00 0.0141 0 398 90 542
D00 0.0140 58 486 192 558
D00 0.0140 263 329 300 390
D00 0.0140 113 323 223 371
D00 0.0139 429 441 495 579
D00 0.0139 530 397 600 468
D00 0.0138 247 331 357 453
D00 0.0138 271 312 298 356
D00 0.0138 231 317 285 383
D00 0.0137 428 356 473 390
D00 0.0137 358 313 411 376
D00 0.0136 215 316 440 410
D00 0.0136 1 203 26 254
D00 0.0136 375 371 465 422
D00 0.0136 0 513 78 567
D00 0.0136 271 310 394 426
D00 0.0135 282 319 308 366
D00 0.0134 308 328 334 376
D00 0.0133 95 375 247 557
D00 0.0133 229 496 293 556
D00 0.0133 310 302 389 344
D00 0.0133 407 386 483 521
D00 0.0133 474 474 505 538
D00 0.0132 26 538 55 594
D00 0.0132 276 301 312 332
D00 0.0132 264 468 346 600
D00 0.0132 7 394 131 453
D00 0.0131 432 366 470 412
D00 0.0131 268 507 298 578
D00 0.0131 5 436 78 521
D00 0.0131 467 453 524 565
D00 0.0131 147 333 247 404
D00 0.0131 125 574 202 598
D00 0.0130 433 419 490 529
D00 0.0129 307 315 391 380
D00 0.0129 469 447 536 517
D00 0.0129 5 538 42 576
D00 0.0129 543 523 594 577
D00 0.0129 522 477 569 507
D00 0.0128 423 387 467 424
D00 0.0128 298 329 352 394
D00 0.0127 7 475 35 526
D00 0.0127 324 321 381 346
D00 0.0126 64 400 96 444
D00 0.0126 75 399 164 569
D00 0.0126 568 565 600 600
D00 0.0126 390 367 463 492
D00 0.0125 285 308 344 361
D00 0.0125 49 419 127 459
D00 0.0124 0 524 33 595
D00 0.0124 79 398 131 438
D00 0.0124 2 437 40 475
D00 0.0123 77 453 132 562
D00 0.0123 467 466 511 520
D00 0.0123 308 299 376 328
D00 0.0123 239 402 291 453
D00 0.0123 119 320 193 348
D00 0.0123 203 449 261 493
D00 0.0123 204 543 270 578
D00 0.0122 406 340 453 363
D00 0.0121 36 528 63 584
D00 0.0121 231 339 309 390
D00 0.0121 309 338 350 428
D00 0.0121 15 464 43 520
D00 0.0121 288 312 340 335
D00 0.0120 357 322 387 362
D00 0.0120 196 320 275 390
D00 0.0120 22 408 113 448
D00 0.0120 13 447 44 499
D00 0.0119 261 320 306 368
D00 0.0119 173 325 226 369
D00 0.0119 6 562 36 600
D00 0.0118 283 335 309 387
D00 0.0118 166 324 199 363
D00 0.0118 156 330 191 369
D00 0.0118 120 340 180 364
D00 0.0117 209 536 250 594
D00 0.0117 248 515 289 543
D00 0.0117 72 397 124 421
D00 0.0117 263 320 309 344
D00 0.0117 123 544 158 592
D00 0.0116 70 513 147 568
D00 0.0116 499 464 566 501
D00 0.0116 279 480 331 581
D00 0.0116 291 330 338 353
D00 0.0115 401 360 441 426
D00 0.0115 415 338 480 394
D00 0.0115 52 452 114 561
D00 0.0115 232 531 304 599
D00 0.0114 266 308 323 359
D00 0.0113 530 536 571 599
D00 0.0113 89 347 261 470
D00 0.0113 254 338 296 364
D00 0.0113 223 436 334 521
D00 0.0112 466 482 498 548
D00 0.0112 196 314 226 352
D00 0.0112 511 401 594 447
D00 0.0111 184 409 257 503
D00 0.0111 239 338 278 363
D00 0.0111 252 447 346 545
D00 0.0111 6 408 86 473
D00 0.0110 427 574 482 598
D00 0.0110 481 435 520 507
D00 0.0110 452 474 501 584
D00 0.0110 263 514 301 544
D00 0.0110 17 513 47 567
D00 0.0110 299 304 326 345
D00 0.0109 187 307 246 355
D00 0.0109 93 484 128 551
D00 0.0109 347 302 397 365
D00 0.0109 56 407 88 448
D00 0.0109 7 482 72 548
D00 0.0108 243 426 284 496
D00 0.0108 250 511 286 575
D00 0.0108 260 300 293 330
D00 0.0107 258 467 297 529
D00 0.0107 242 444 269 498
D00 0.0107 189 430 271 484
D00 0.0107 517 457 546 509
D00 0.0107 38 415 95 442
D00 0.0107 346 308 410 339
D00 0.0106 52 382 158 431
D00 0.0106 174 320 260 360
D00 0.0106 224 492 339 571
D00 0.0106 219 553 254 596
D00 0.0105 45 503 73 557
D00 0.0105 437 355 508 438
D00 0.0105 432 528 477 600
D00 0.0105 397 326 448 370
D00 0.0104 572 436 597 494
D00 0.0104 204 567 278 600
D00 0.0104 581 530 600 586
D00 0.0104 396 526 439 600
D00 0.0104 13 562 65 600
D00 0.0104 346 312 376 354
D00 0.0104 378 431 506 600
D00 0.0103 116 581 172 600
D00 0.0103 269 505 314 533
D00 0.0103 510 401 553 455
D00 0.0102 0 486 45 536
D00 0.0102 329 314 412 411
D00 0.0102 53 427 147 539
D00 0.0102 300 404 343 430
D00 0.0102 415 379 443 431
D00 0.0102 108 486 143 548
D00 0.0101 68 411 107 463
D00 0.0101 318 371 341 426
D00 0.0101 178 530 264 574
D00 0.0101 0 207 33 233
D00 0.0101 160 340 202 374
D00 0.0100 514 466 552 530
D00 0.0100 287 304 342 326
D00 0.0100 185 320 218 360
D00 0.0100 261 355 285 417
D10 0.0711 238 428 310 454
D10 0.0523 174 394 270 422
D10 0.0458 155 375 280 426
D10 0.0439 185 468 265 494
D10 0.0360 253 421 327 449
D10 0.0347 207 396 264 420
D10 0.0345 183 392 282 444
D10 0.0325 488 401 585 453
D10 0.0321 218 470 273 495
D10 0.0305 165 453 286 500
D10 0.0291 196 404 263 425
D10 0.0287 219 411 303 461
D10 0.0286 349 405 435 431
D10 0.0283 190 479 259 499
D10 0.0272 392 364 452 391
D10 0.0268 194 386 263 414
D10 0.0265 201 475 276 504
D10 0.0264 158 384 250 417
D10 0.0264 262 431 319 451
D10 0.0262 364 371 470 426
D10 0.0259 237 423 283 449
D10 0.0253 136 554 237 585
D10 0.0252 209 459 299 505
D10 0.0250 213 460 262 488
D10 0.0250 176 374 268 406
D10 0.0245 383 392 486 444
D10 0.0244 189 365 275 395
D10 0.0237 355 400 462 437
D10 0.0237 204 383 313 455
D10 0.0236 1 535 48 561
D10 0.0235 230 428 304 479
D10 0.0232 0 498 45 522
D10 0.0231 161 400 248 427
D10 0.0225 235 395 322 444
D10 0.0222 226 480 286 504
D10 0.0218 354 514 431 540
D10 0.0217 240 438 289 465
D10 0.0215 144 392 230 419
D10 0.0214 0 506 47 530
D10 0.0214 9 543 54 568
D10 0.0211 229 460 278 487
D10 0.0208 498 482 585 542
D10 0.0208 162 367 245 395
D10 0.0206 225 365 271 390
D10 0.0205 523 420 589 455
D10 0.0204 153 376 238 407
D10 0.0204 219 471 304 519
D10 0.0202 117 393 261 439
D10 0.0201 191 400 299 477
D10 0.0196 156 474 259 501
D10 0.0195 0 523 69 576
D10 0.0195 210 374 265 401
D10 0.0193 238 467 302 501
D10 0.0191 373 365 436 388
D10 0.0190 246 415 307 443
D10 0.0187 205 392 351 487
D10 0.0186 445 384 569 436
D10 0.0186 542 544 592 569
D10 0.0184 191 428 283 492
D10 0.0184 323 384 471 446
D10 0.0184 252 489 298 515
D10 0.0182 519 501 589 562
D10 0.0177 520 525 600 576
D10 0.0172 340 390 446 429
D10 0.0169 0 502 63 536
D10 0.0169 544 536 592 560
D10 0.0169 112 393 203 420
D10 0.0168 248 433 312 467
D10 0.0168 17 534 62 561
D10 0.0167 123 384 212 414
D10 0.0166 544 424 593 449
D10 0.0165 28 420 103 449
D10 0.0163 145 564 231 591
D10 0.0163 395 374 452 400
D10 0.0159 260 480 304 506
D10 0.0159 0 415 100 462
D10 0.0158 106 542 190 572
D10 0.0154 341 407 404 428
D10 0.0153 369 412 450 441
D10 0.0153 482 488 593 573
D10 0.0153 268 414 322 441
D10 0.0152 221 370 299 436
D10 0.0151 159 481 233 499
D10 0.0151 9 525 56 554
D10 0.0148 214 398 274 434
D10 0.0147 388 407 449 429
D10 0.0145 137 545 231 574
D10 0.0145 344 517 402 538
D10 0.0144 542 552 592 582
D10 0.0144 14 498 65 522
D10 0.0144 208 416 311 500
D10 0.0143 363 513 471 549
D10 0.0143 324 503 426 540
D10 0.0143 231 432 273 456
D10 0.0142 236 412 280 441
D10 0.0141 0 515 47 542
D10 0.0141 0 458 41 484
D10 0.0141 359 357 413 381
D10 0.0140 286 448 534 565
D10 0.0140 122 556 204 578
D10 0.0140 510 541 580 574
D10 0.0139 6 489 53 516
D10 0.0139 229 489 289 512
D10 0.0139 246 364 285 389
D10 0.0138 346 402 486 466
D10 0.0138 207 550 276 585
D10 0.0137 3 551 45 581
D10 0.0137 233 395 275 418
D10 0.0136 259 471 305 494
D10 0.0136 382 391 457 424
D10 0.0136 404 400 475 434
D10 0.0135 94 397 154 420
D10 0.0134 251 413 347 457
D10 0.0134 268 497 314 525
D10 0.0134 101 476 234 517
D10 0.0133 547 514 591 541
D10 0.0133 90 448 252 508
D10 0.0133 367 398 432 421
D10 0.0133 61 430 113 454
D10 0.0132 306 327 381 357
D10 0.0132 233 448 276 479
D10 0.0132 161 472 233 493
D10 0.0131 247 461 296 485
D10 0.0131 17 522 104 571
D10 0.0131 76 396 211 439
D10 0.0130 166 459 252 491
D10 0.0130 31 412 134 459
D10 0.0130 358 414 425 435
D10 0.0130 85 405 141 428
D10 0.0129 238 449 322 503
D10 0.0129 456 512 592 591
D10 0.0129 0 430 94 482
D10 0.0127 407 383 457 411
D10 0.0127 324 407 431 440
D10 0.0126 90 553 137 581
D10 0.0126 152 370 215 390
D10 0.0126 239 409 485 526
D10 0.0126 136 361 232 402
D10 0.0125 142 379 209 403
D10 0.0125 370 522 444 552
D10 0.0125 415 394 466 419
D10 0.0124 340 356 430 397
D10 0.0124 236 373 273 399
D10 0.0124 540 519 596 557
D10 0.0124 234 403 277 428
D10 0.0124 467 536 566 578
D10 0.0122 229 439 269 468
D10 0.0122 305 365 454 431
D10 0.0122 41 545 142 589
D10 0.0121 245 482 319 531
D10 0.0121 0 467 40 493
D10 0.0121 93 402 175 428
D10 0.0119 25 543 71 569
D10 0.0119 325 334 404 364
D10 0.0118 223 427 281 463
D10 0.0118 146 409 270 469
D10 0.0118 0 504 72 560
D10 0.0116 0 441 43 470
D10 0.0116 134 465 244 497
D10 0.0115 0 478 73 528
D10 0.0114 299 330 351 354
D10 0.0114 4 449 51 478
D10 0.0114 7 562 52 594
D10 0.0114 6 491 94 539
D10 0.0114 214 375 390 459
D10 0.0114 217 448 261 481
D10 0.0114 234 384 273 410
D10 0.0114 66 560 140 592
D10 0.0113 6 434 56 457
D10 0.0113 555 524 595 551
D10 0.0113 400 415 456 439
D10 0.0113 33 432 93 455
D10 0.0113 314 339 372 362
D10 0.0113 360 482 498 550
D10 0.0112 212 545 312 594
D10 0.0112 29 489 136 548
D10 0.0112 532 415 588 442
D10 0.0112 250 462 336 513
D10 0.0112 257 356 307 383
D10 0.0111 27 524 72 554
D10 0.0111 201 361 277 416
D10 0.0111 341 503 480 567
D10 0.0110 164 350 263 394
D10 0.0110 532 505 576 531
D10 0.0110 337 516 433 555
D10 0.0110 516 537 571 561
D10 0.0110 209 534 291 581
D10 0.0109 16 552 61 580
D10 0.0109 136 400 216 428
D10 0.0109 366 369 443 402
D10 0.0109 558 431 600 457
D10 0.0109 33 534 84 559
D10 0.0108 357 366 411 388
D10 0.0108 546 438 592 467
D10 0.0108 225 389 283 425
D10 0.0108 210 546 265 572
D10 0.0108 0 477 40 506
D10 0.0108 564 534 600 559
D10 0.0107 239 480 366 547
D10 0.0107 17 515 64 543
D10 0.0107 564 543 600 569
D10 0.0105 355 493 461 539
D10 0.0104 11 574 65 598
D10 0.0104 507 500 574 536
D10 0.0104 296 399 410 432
D10 0.0103 135 479 218 503
D10 0.0103 202 359 264 385
D10 0.0103 454 485 556 540
D10 0.0102 290 413 334 437
D10 0.0102 22 555 120 597
D10 0.0101 134 357 193 380
D10 0.0100 373 380 450 415
D10 0.0100 385 519 447 541
D10 0.0100 113 388 180 411
D10 0.0100 13 467 112 525
D20 0.2175 81 516 287 598
D20 0.2027 48 478 302 589
D20 0.1593 495 406 595 551
D20 0.1361 404 376 577 493
D20 0.1347 68 384 578 581
D20 0.1219 350 370 600 570
D20 0.1072 337 328 475 411
D20 0.1030 466 376 600 597
D20 0.1021 535 418 599 565
D20 0.1020 97 546 263 594
D20 0.0910 433 406 598 513
D20 0.0901 34 385 304 594
D20 0.0897 367 339 452 386
D20 0.0875 384 341 485 429
D20 0.0869 370 351 561 452
D20 0.0782 392 344 457 400
D20 0.0724 433 398 582 468
D20 0.0661 157 557 246 597
D20 0.0636 90 510 200 596
D20 0.0636 240 346 589 524
D20 0.0618 0 447 424 600
D20 0.0613 109 460 299 542
D20 0.0605 117 344 292 426
D20 0.0602 145 436 307 584
D20 0.0592 409 353 471 411
D20 0.0580 505 446 600 600
D20 0.0547 428 429 581 575
D20 0.0545 537 461 598 532
D20 0.0524 295 316 461 390
D20 0.0523 461 414 560 464
D20 0.0509 141 528 273 588
D20 0.0505 0 503 176 594
D20 0.0471 10 347 422 551
D20 0.0442 173 413 300 535
D20 0.0440 25 438 195 589
D20 0.0431 119 375 291 459
D20 0.0421 400 356 451 387
D20 0.0411 411 364 458 394
D20 0.0408 400 372 514 432
D20 0.0395 163 476 292 554
D20 0.0394 206 338 295 501
D20 0.0387 530 428 596 505
D20 0.0383 150 381 260 419
D20 0.0382 362 327 441 370
D20 0.0381 508 413 585 461
D20 0.0379 151 444 294 509
D20 0.0376 77 542 184 593
D20 0.0372 107 506 258 571
D20 0.0367 100 562 230 600
D20 0.0365 498 404 600 483
D20 0.0353 176 488 301 596
D20 0.0341 86 373 257 428
D20 0.0338 551 483 600 566
D20 0.0336 159 471 289 515
D20 0.0327 535 542 599 600
D20 0.0325 179 353 286 451
D20 0.0317 222 414 309 573
D20 0.0314 322 316 548 430
D20 0.0309 384 347 444 378
D20 0.0307 278 445 600 600
D20 0.0304 344 336 427 380
D20 0.0302 311 368 535 484
D20 0.0297 214 459 293 533
D20 0.0295 227 352 270 439
D20 0.0290 561 438 600 550
D20 0.0286 229 332 517 459
D20 0.0281 187 445 329 550
D20 0.0279 513 408 569 498
D20 0.0277 328 323 418 362
D20 0.0277 397 352 497 507
D20 0.0272 464 450 588 538
D20 0.0270 130 396 289 507
D20 0.0268 0 433 43 512
D20 0.0265 121 332 205 370
D20 0.0262 130 489 276 541
D20 0.0261 166 370 278 412
D20 0.0257 0 431 104 575
D20 0.0256 246 252 600 600
D20 0.0252 0 165 557 591
D20 0.0252 434 389 534 547
D20 0.0249 187 470 274 503
D20 0.0242 113 381 224 416
D20 0.0241 380 325 474 381
D20 0.0236 116 504 385 600
D20 0.0234 55 363 285 514
D20 0.0231 522 350 600 534
D20 0.0228 448 344 600 478
D20 0.0226 106 360 235 412
D20 0.0224 328 362 471 431
D20 0.0223 93 329 254 404
D20 0.0222 548 411 598 486
D20 0.0211 0 377 158 600
D20 0.0210 533 421 591 472
D20 0.0209 367 362 462 409
D20 0.0208 436 498 600 598
D20 0.0208 132 391 385 555
D20 0.0207 17 15 600 441
D20 0.0204 0 489 46 572
D20 0.0203 364 333 463 474
D20 0.0201 187 545 294 593
D20 0.0197 50 382 249 451
D20 0.0197 564 531 600 600
D20 0.0196 303 307 438 365
D20 0.0196 221 485 303 541
D20 0.0194 463 400 558 445
D20 0.0193 179 335 478 593
D20 0.0192 488 405 554 480
D20 0.0190 0 0 408 294
D20 0.0189 103 540 218 578
D20 0.0188 80 487 221 557
D20 0.0186 167 0 600 294
D20 0.0185 424 258 600 600
D20 0.0184 266 334 461 425
D20 0.0183 199 367 270 428
D20 0.0181 298 322 390 361
D20 0.0180 0 325 246 535
D20 0.0176 92 470 252 528
D20 0.0176 211 450 279 506
D20 0.0175 328 326 416 398
D20 0.0175 0 118 290 600
D20 0.0174 77 440 276 522
D20 0.0174 301 406 536 527
D20 0.0171 110 341 194 378
D20 0.0171 558 458 600 513
D20 0.0171 198 501 289 568
D20 0.0167 423 362 522 463
D20 0.0162 198 488 286 529
D20 0.0159 0 457 36 535
D20 0.0159 112 467 249 600
D20 0.0156 155 336 270 399
D20 0.0155 180 452 417 567
D20 0.0155 568 428 600 501
D20 0.0154 419 425 506 590
D20 0.0154 182 470 511 600
D20 0.0153 0 432 53 588
D20 0.0153 135 510 229 547
D20 0.0152 124 520 228 600
D20 0.0151 127 348 188 371
D20 0.0150 182 514 255 594
D20 0.0150 489 527 600 600
D20 0.0149 302 258 600 464
D20 0.0148 195 349 286 396
D20 0.0147 419 364 486 396
D20 0.0147 200 460 262 496
D20 0.0145 239 345 325 394
D20 0.0144 175 378 271 494
D20 0.0144 386 442 553 549
D20 0.0143 157 501 245 540
D20 0.0142 114 335 354 466
D20 0.0140 487 476 579 526
D20 0.0140 169 491 257 529
D20 0.0139 186 499 277 540
D20 0.0138 116 273 538 471
D20 0.0138 62 398 145 438
D20 0.0136 334 484 560 593
D20 0.0135 202 482 363 582
D20 0.0135 186 485 262 511
D20 0.0133 21 394 148 450
D20 0.0132 0 0 146 221
D20 0.0132 362 346 429 402
D20 0.0132 65 381 185 428
D20 0.0129 571 476 600 557
D20 0.0128 266 309 326 340
D20 0.0128 311 0 600 582
D20 0.0128 406 343 485 387
D20 0.0127 539 455 597 493
D20 0.0127 394 339 524 404
D20 0.0126 525 521 578 600
D20 0.0126 456 0 600 221
D20 0.0125 53 554 152 595
D20 0.0124 49 352 225 425
D20 0.0124 299 303 384 343
D20 0.0124 55 533 149 581
D20 0.0123 117 530 225 566
D20 0.0121 321 352 436 411
D20 0.0120 104 359 194 399
D20 0.0120 0 402 140 480
D20 0.0120 110 520 209 558
D20 0.0118 0 394 71 541
D20 0.0118 189 324 338 429
D20 0.0116 30 514 126 562
D20 0.0115 554 427 594 465
D20 0.0114 109 538 167 600
D20 0.0113 169 576 237 600
D20 0.0113 385 0 600 145
D20 0.0112 159 496 239 589
D20 0.0112 373 524 569 600
D20 0.0112 121 353 192 383
D20 0.0112 163 390 247 436
D20 0.0112 236 313 406 398
D20 0.0112 250 443 301 529
D20 0.0112 560 572 600 598
D20 0.0111 0 422 107 493
D20 0.0110 256 313 334 353
D20 0.0110 582 548 600 599
D20 0.0109 139 542 211 600
D20 0.0108 213 357 270 404
D20 0.0107 185 433 257 519
D20 0.0107 0 0 263 179
D20 0.0106 162 372 226 412
D20 0.0105 138 494 227 527
D20 0.0105 91 370 188 409
D20 0.0104 350 331 431 440
D20 0.0104 305 338 402 378
D20 0.0103 155 450 252 562
D20 0.0101 123 409 245 548
D20 0.0100 449 463 547 600
D20 0.0100 265 299 348 335
D40 0.1207 423 398 598 493
D40 0.0930 523 422 586 539
D40 0.0814 454 410 582 472
D40 0.0779 536 468 596 535
D40 0.0757 410 387 565 461
D40 0.0663 487 416 587 507
D40 0.0657 452 418 542 461
D40 0.0600 167 557 244 597
D40 0.0575 368 337 422 365
D40 0.0573 359 331 434 373
D40 0.0543 470 429 555 475
D40 0.0533 541 480 580 523
D40 0.0523 108 531 143 569
D40 0.0508 431 401 531 475
D40 0.0466 471 432 536 459
D40 0.0436 101 516 151 585
D40 0.0425 373 346 433 376
D40 0.0415 396 364 500 461
D40 0.0404 509 418 585 471
D40 0.0390 409 388 541 521
D40 0.0389 439 421 517 453
D40 0.0373 407 376 539 434
D40 0.0371 357 331 411 355
D40 0.0370 549 490 597 546
D40 0.0369 528 486 589 575
D40 0.0361 343 325 422 364
D40 0.0351 540 476 590 507
D40 0.0349 478 440 543 466
D40 0.0331 481 437 569 491
D40 0.0328 545 494 590 527
D40 0.0325 104 539 159 575
D40 0.0321 450 417 563 531
D40 0.0317 415 404 511 448
D40 0.0313 489 425 566 463
D40 0.0308 528 459 577 515
D40 0.0305 417 385 500 429
D40 0.0287 405 397 485 471
D40 0.0277 523 436 577 496
D40 0.0273 424 415 506 494
D40 0.0273 540 505 596 594
D40 0.0262 390 377 467 450
D40 0.0257 418 373 468 403
D40 0.0254 535 450 594 506
D40 0.0253 103 518 136 562
D40 0.0253 462 427 509 460
D40 0.0252 497 463 585 528
D40 0.0250 372 332 435 355
D40 0.0250 351 388 526 479
D40 0.0250 536 469 586 496
D40 0.0249 555 470 592 523
D40 0.0248 369 356 424 382
D40 0.0243 519 421 574 450
D40 0.0238 564 499 599 539
D40 0.0238 412 367 493 413
D40 0.0234 442 398 543 443
D40 0.0234 501 409 561 494
D40 0.0229 512 430 568 456
D40 0.0223 419 367 475 393
D40 0.0223 551 504 595 533
D40 0.0221 110 537 166 561
D40 0.0220 434 399 508 433
D40 0.0220 499 450 580 504
D40 0.0215 443 432 521 517
D40 0.0213 363 323 416 347
D40 0.0212 508 434 554 472
D40 0.0208 531 425 580 463
D40 0.0207 476 422 547 453
D40 0.0205 196 479 284 516
D40 0.0205 529 457 571 494
D40 0.0205 527 433 572 473
D40 0.0204 98 538 199 580
D40 0.0198 444 414 505 441
D40 0.0196 454 435 522 468
D40 0.0194 101 518 181 564
D40 0.0194 520 444 561 484
D40 0.0194 232 389 265 427
D40 0.0193 564 472 600 513
D40 0.0191 456 437 538 487
D40 0.0190 109 526 152 554
D40 0.0189 489 449 550 477
D40 0.0188 431 395 490 419
D40 0.0181 558 555 595 597
D40 0.0181 378 338 414 381
D40 0.0180 438 392 519 422
D40 0.0180 151 387 221 413
D40 0.0176 535 549 589 599
D40 0.0175 470 409 554 447
D40 0.0174 569 517 599 558
D40 0.0173 555 509 598 567
D40 0.0173 482 423 517 467
D40 0.0173 352 355 443 396
D40 0.0171 424 384 479 413
D40 0.0170 535 445 580 484
D40 0.0168 462 470 587 553
D40 0.0168 510 491 593 544
D40 0.0167 205 393 257 423
D40 0.0162 364 340 405 376
D40 0.0160 220 399 262 433
D40 0.0160 362 317 441 357
D40 0.0160 192 559 231 595
D40 0.0159 570 537 599 578
D40 0.0159 524 417 557 471
D40 0.0158 346 337 405 362
D40 0.0156 541 572 593 598
D40 0.0156 524 464 561 503
D40 0.0155 209 488 273 510
D40 0.0154 554 456 595 494
D40 0.0154 185 392 238 421
D40 0.0154 554 514 595 541
D40 0.0152 480 442 523 480
D40 0.0150 485 416 535 472
D40 0.0150 524 450 575 475
D40 0.0150 202 387 270 449
D40 0.0150 218 464 261 496
D40 0.0150 468 416 522 485
D40 0.0149 403 431 489 478
D40 0.0147 459 450 539 535
D40 0.0146 538 461 590 485
D40 0.0144 417 428 494 459
D40 0.0144 364 414 458 455
D40 0.0143 516 461 566 486
D40 0.0142 384 421 472 465
D40 0.0141 407 418 483 451
D40 0.0141 209 469 269 505
D40 0.0141 541 434 589 474
D40 0.0140 563 532 592 588
D40 0.0138 505 509 583 590
D40 0.0137 196 399 246 428
D40 0.0136 386 358 434 392
D40 0.0135 445 418 487 451
D40 0.0135 501 428 538 477
D40 0.0133 547 540 590 577
D40 0.0133 478 453 548 490
D40 0.0132 511 455 552 492
D40 0.0131 91 492 201 544
D40 0.0131 452 393 513 463
D40 0.0126 438 372 484 407
D40 0.0125 425 403 485 429
D40 0.0125 165 402 262 445
D40 0.0122 176 383 226 416
D40 0.0121 239 396 271 438
D40 0.0121 400 419 499 531
D40 0.0121 93 506 156 561
D40 0.0121 105 514 143 544
D40 0.0121 430 437 502 470
D40 0.0120 198 466 247 493
D40 0.0120 525 535 580 585
D40 0.0119 416 450 502 498
D40 0.0119 543 507 578 547
D40 0.0118 209 374 267 423
D40 0.0118 381 403 480 507
D40 0.0117 448 382 492 416
D40 0.0115 91 544 136 571
D40 0.0115 429 452 498 536
D40 0.0113 30 523 127 570
D40 0.0113 160 390 207 419
D40 0.0112 423 413 486 439
D40 0.0112 215 492 287 526
D40 0.0111 415 446 480 481
D40 0.0110 58 269 479 467
D40 0.0109 400 422 454 448
D40 0.0108 434 371 491 441
D40 0.0108 409 403 464 448
D40 0.0107 169 554 223 586
D40 0.0107 469 457 558 508
D40 0.0106 233 367 267 408
D40 0.0106 572 447 598 503
D40 0.0105 91 535 134 561
D40 0.0105 195 383 247 416
D40 0.0104 116 534 204 562
D40 0.0104 365 431 459 473
D40 0.0103 444 470 511 553
D40 0.0102 549 519 589 558
D40 0.0101 386 329 424 370
