D00 0.0524 275 381 311 468
D00 0.0423 283 409 305 461
D00 0.0317 276 397 298 456
D00 0.0270 0 324 41 416
D00 0.0256 555 348 600 427
D00 0.0255 276 431 315 459
D00 0.0248 573 372 598 422
D00 0.0240 254 323 325 474
D00 0.0240 538 293 600 421
D00 0.0233 574 485 598 536
D00 0.0231 0 291 61 425
D00 0.0224 268 363 304 442
D00 0.0219 268 418 309 464
D00 0.0207 509 252 600 403
D00 0.0204 0 252 88 396
D00 0.0201 0 302 45 381
D00 0.0197 276 403 330 465
D00 0.0195 275 377 297 428
D00 0.0194 555 472 600 543
D00 0.0194 0 383 42 464
D00 0.0187 2 341 28 400
D00 0.0185 282 381 303 441
D00 0.0185 275 336 311 429
D00 0.0182 258 384 304 460
D00 0.0177 288 420 315 465
D00 0.0170 574 467 599 519
D00 0.0160 12 277 74 376
D00 0.0160 0 228 118 469
D00 0.0159 2 343 52 452
D00 0.0158 476 199 600 426
D00 0.0157 274 356 335 472
D00 0.0157 325 476 433 528
D00 0.0155 1 327 29 379
D00 0.0152 524 279 584 380
D00 0.0152 528 326 583 426
D00 0.0150 276 289 310 371
D00 0.0150 1 399 28 452
D00 0.0149 0 255 45 329
D00 0.0146 563 363 592 417
D00 0.0146 281 439 323 466
D00 0.0145 283 364 304 418
D00 0.0144 535 503 600 537
D00 0.0143 1 262 59 359
D00 0.0142 65 165 292 498
D00 0.0139 275 425 301 470
D00 0.0138 0 270 100 346
D00 0.0137 454 253 565 437
D00 0.0135 539 229 600 356
D00 0.0135 284 304 304 360
D00 0.0134 566 216 600 299
D00 0.0133 242 377 342 483
D00 0.0133 0 374 32 439
D00 0.0132 30 224 142 413
D00 0.0132 570 334 600 412
D00 0.0131 336 70 368 102
D00 0.0131 31 287 141 483
D00 0.0127 573 231 599 285
D00 0.0126 0 410 41 491
D00 0.0126 560 493 597 530
D00 0.0126 574 250 599 302
D00 0.0125 197 173 240 247
D00 0.0125 561 387 597 423
D00 0.0125 198 207 358 495
D00 0.0125 6 333 35 390
D00 0.0124 2 190 109 376
D00 0.0124 1 269 28 321
D00 0.0123 530 316 591 388
D00 0.0123 314 490 374 547
D00 0.0122 246 421 330 464
D00 0.0122 211 211 245 246
D00 0.0122 5 320 74 403
D00 0.0122 235 286 312 446
D00 0.0121 443 204 484 292
D00 0.0121 0 290 48 338
D00 0.0120 2 95 217 449
D00 0.0120 355 492 471 540
D00 0.0120 281 424 323 452
D00 0.0120 202 204 237 238
D00 0.0120 0 430 33 514
D00 0.0120 501 294 575 418
D00 0.0118 549 333 587 410
D00 0.0118 574 269 599 319
D00 0.0117 2 320 106 514
D00 0.0116 268 287 340 449
D00 0.0115 406 168 446 250
D00 0.0115 280 359 321 441
D00 0.0115 275 305 297 358
D00 0.0115 253 269 380 497
D00 0.0114 285 433 336 459
D00 0.0114 268 317 304 405
D00 0.0114 492 286 596 468
D00 0.0114 3 323 40 362
D00 0.0113 0 417 28 469
D00 0.0113 280 314 307 387
D00 0.0113 398 502 489 541
D00 0.0112 316 502 351 537
D00 0.0111 188 200 250 253
D00 0.0111 570 509 600 544
D00 0.0111 13 261 108 320
D00 0.0110 305 469 388 531
D00 0.0110 337 491 406 547
D00 0.0109 571 279 600 348
D00 0.0108 303 177 536 489
D00 0.0107 397 151 438 237
D00 0.0107 0 457 27 507
D00 0.0107 32 157 146 338
D00 0.0107 286 177 320 263
D00 0.0106 217 178 459 491
D00 0.0106 270 429 340 471
D00 0.0106 562 293 600 397
D00 0.0106 272 282 301 351
D00 0.0105 0 126 403 522
D00 0.0105 572 216 599 263
D00 0.0104 283 342 304 403
D00 0.0104 275 353 297 413
D00 0.0104 419 164 497 322
D00 0.0103 414 224 531 411
D00 0.0102 319 517 367 543
D00 0.0102 433 189 476 268
D00 0.0102 545 372 596 421
D00 0.0102 186 188 235 234
D00 0.0102 385 167 600 493
D00 0.0102 328 514 392 546
D00 0.0101 439 207 577 364
D00 0.0101 266 407 316 491
D00 0.0101 252 246 322 409
D00 0.0100 250 333 299 440
D00 0.0100 581 379 600 428
D10 0.0215 2 296 63 328
D10 0.0190 194 208 243 233
D10 0.0188 528 319 600 366
D10 0.0180 154 319 232 344
D10 0.0177 549 329 600 353
D10 0.0164 183 216 240 240
D10 0.0160 542 508 595 534
D10 0.0156 1 337 41 364
D10 0.0154 153 213 236 243
D10 0.0149 538 320 595 346
D10 0.0146 85 298 232 354
D10 0.0140 3 279 89 336
D10 0.0138 162 199 254 240
D10 0.0134 172 266 272 300
D10 0.0132 6 308 55 335
D10 0.0132 210 209 261 234
D10 0.0132 11 292 68 318
D10 0.0131 421 177 490 206
D10 0.0129 520 260 600 292
D10 0.0129 509 298 596 355
D10 0.0128 18 301 75 324
D10 0.0128 533 268 600 302
D10 0.0128 64 269 256 345
D10 0.0125 552 282 600 306
D10 0.0124 133 307 238 343
D10 0.0123 197 268 306 304
D10 0.0123 11 297 106 355
D10 0.0122 196 212 260 246
D10 0.0122 101 286 216 333
D10 0.0122 105 291 302 362
D10 0.0122 0 353 81 410
D10 0.0121 194 199 240 226
D10 0.0121 202 161 253 185
D10 0.0121 427 172 483 194
D10 0.0120 0 329 37 356
D10 0.0120 163 208 225 233
D10 0.0119 0 373 83 429
D10 0.0119 515 500 600 539
D10 0.0118 510 252 590 283
D10 0.0117 0 325 66 379
D10 0.0115 0 388 57 423
D10 0.0114 552 337 600 362
D10 0.0114 194 169 243 192
D10 0.0113 221 414 316 456
D10 0.0112 209 274 268 296
D10 0.0111 0 301 39 324
D10 0.0110 147 217 203 241
D10 0.0110 61 302 174 350
D10 0.0109 25 280 127 335
D10 0.0109 62 283 172 333
D10 0.0108 191 266 250 289
D10 0.0107 554 498 598 526
D10 0.0106 118 386 209 426
D10 0.0106 9 334 105 390
D10 0.0106 24 284 210 365
D10 0.0106 542 254 594 280
D10 0.0106 141 286 255 333
D10 0.0106 553 263 599 291
D10 0.0106 513 274 600 319
D10 0.0106 0 402 41 429
D10 0.0105 2 318 45 347
D10 0.0105 159 304 275 350
D10 0.0105 12 507 159 564
D10 0.0105 462 278 600 379
D10 0.0105 3 304 118 382
D10 0.0104 552 291 600 315
D10 0.0104 274 393 314 415
D10 0.0104 209 277 315 314
D10 0.0104 280 386 326 410
D10 0.0103 0 393 86 448
D10 0.0102 205 225 252 251
D10 0.0101 185 153 275 192
D10 0.0101 0 441 42 466
D10 0.0100 564 272 600 299
D10 0.0100 162 321 259 358
D10 0.0100 227 275 289 296
D10 0.0100 484 257 583 297
D20 0.0247 0 291 66 453
D20 0.0219 0 311 43 393
D20 0.0216 316 485 446 544
D20 0.0206 0 374 42 456
D20 0.0169 0 344 44 425
D20 0.0168 312 475 418 528
D20 0.0152 0 346 57 481
D20 0.0145 0 228 362 454
D20 0.0143 0 0 408 294
D20 0.0141 167 0 600 294
D20 0.0140 139 229 531 452
D20 0.0138 566 262 600 344
D20 0.0138 320 76 368 99
D20 0.0135 529 217 600 367
D20 0.0132 0 311 408 600
D20 0.0128 448 212 600 302
D20 0.0127 0 118 290 600
D20 0.0126 167 311 600 600
D20 0.0125 0 277 116 399
D20 0.0123 0 0 144 219
D20 0.0123 318 230 600 448
D20 0.0122 312 118 600 600
D20 0.0121 555 237 600 311
D20 0.0121 60 171 454 388
D20 0.0120 230 172 600 387
D20 0.0118 574 467 600 545
D20 0.0117 377 456 600 600
D20 0.0116 0 0 600 434
D20 0.0114 114 188 281 270
D20 0.0112 387 0 600 144
D20 0.0110 20 181 600 493
D20 0.0110 428 180 600 255
D20 0.0109 6 315 105 472
D20 0.0108 0 162 276 381
D20 0.0108 0 261 201 499
D20 0.0106 0 454 215 600
D20 0.0106 0 0 259 177
D20 0.0105 284 465 505 547
D20 0.0105 551 285 600 359
D20 0.0101 457 243 600 345
D20 0.0100 0 77 145 445
D40 0.0172 3 379 39 417
D40 0.0155 0 387 31 426
D40 0.0135 0 338 57 423
D40 0.0130 0 373 48 438
D40 0.0108 3 359 73 440
D40 0.0103 10 369 48 409
