D00 0.0527 574 537 597 593
D00 0.0515 532 423 600 600
D00 0.0473 560 522 598 588
D00 0.0461 231 374 270 407
D00 0.0456 551 478 594 589
D00 0.0393 240 363 276 401
D00 0.0360 389 351 428 387
D00 0.0354 0 510 35 600
D00 0.0321 525 440 586 556
D00 0.0316 537 478 596 546
D00 0.0313 547 540 600 599
D00 0.0290 393 353 438 402
D00 0.0287 552 504 595 559
D00 0.0284 377 349 426 373
D00 0.0283 251 348 281 398
D00 0.0283 167 430 214 475
D00 0.0278 1 511 28 563
D00 0.0276 236 347 281 412
D00 0.0258 331 492 379 575
D00 0.0257 481 377 597 575
D00 0.0256 571 514 597 569
D00 0.0251 2 529 27 588
D00 0.0251 0 499 78 543
D00 0.0250 374 341 432 398
D00 0.0246 0 471 68 595
D00 0.0240 563 557 598 593
D00 0.0239 260 355 288 402
D00 0.0232 178 425 206 470
D00 0.0232 525 497 593 577
D00 0.0229 477 542 551 600
D00 0.0228 451 501 516 566
D00 0.0225 1 552 28 599
D00 0.0219 157 441 208 467
D00 0.0217 350 350 369 407
D00 0.0217 524 429 574 461
D00 0.0216 252 332 295 407
D00 0.0216 402 361 430 408
D00 0.0216 0 504 53 568
D00 0.0216 369 355 476 448
D00 0.0215 145 428 314 549
D00 0.0215 138 426 218 469
D00 0.0215 237 424 314 600
D00 0.0211 563 457 600 571
D00 0.0211 496 408 534 445
D00 0.0208 383 343 415 384
D00 0.0205 225 371 255 410
D00 0.0205 151 503 324 600
D00 0.0205 240 465 361 592
D00 0.0201 443 496 502 548
D00 0.0199 261 338 289 386
D00 0.0196 172 412 232 467
D00 0.0195 218 360 265 405
D00 0.0194 466 497 497 557
D00 0.0194 515 412 590 465
D00 0.0192 231 384 263 421
D00 0.0192 466 568 547 600
D00 0.0192 186 448 327 586
D00 0.0191 397 357 447 383
D00 0.0188 128 439 213 484
D00 0.0187 488 385 539 436
D00 0.0186 272 344 297 395
D00 0.0182 349 335 371 385
D00 0.0179 249 343 285 377
D00 0.0179 257 446 299 529
D00 0.0176 342 327 377 413
D00 0.0175 0 492 33 551
D00 0.0174 486 554 595 598
D00 0.0173 364 346 444 425
D00 0.0173 248 374 280 411
D00 0.0172 322 471 399 533
D00 0.0170 531 569 600 599
D00 0.0169 383 357 419 398
D00 0.0167 400 364 446 395
D00 0.0167 486 398 556 489
D00 0.0166 366 340 417 365
D00 0.0165 248 366 293 396
D00 0.0163 146 433 202 460
D00 0.0162 327 512 418 563
D00 0.0162 552 486 584 537
D00 0.0160 501 563 554 600
D00 0.0158 411 363 440 409
D00 0.0157 357 572 439 600
D00 0.0155 402 347 448 418
D00 0.0155 459 412 542 542
D00 0.0153 158 417 208 462
D00 0.0153 354 334 382 404
D00 0.0151 455 490 491 542
D00 0.0150 273 503 311 582
D00 0.0150 176 431 224 461
D00 0.0150 0 479 80 527
D00 0.0148 502 465 575 573
D00 0.0147 182 418 218 457
D00 0.0146 355 332 415 389
D00 0.0146 395 350 447 373
D00 0.0145 340 351 362 406
D00 0.0144 245 356 286 385
D00 0.0144 426 454 536 553
D00 0.0144 1 504 42 539
D00 0.0143 378 363 457 409
D00 0.0143 325 315 357 344
D00 0.0142 417 403 473 450
D00 0.0142 340 335 362 384
D00 0.0142 434 412 486 457
D00 0.0141 560 485 600 539
D00 0.0141 99 457 185 490
D00 0.0139 232 354 269 391
D00 0.0138 339 509 366 564
D00 0.0138 484 395 528 469
D00 0.0137 361 335 399 368
D00 0.0137 345 320 375 378
D00 0.0137 510 533 545 598
D00 0.0137 330 521 402 584
D00 0.0136 283 335 305 384
D00 0.0136 357 328 382 372
D00 0.0135 266 334 300 365
D00 0.0135 485 318 594 510
D00 0.0134 156 444 209 492
D00 0.0134 330 317 353 359
D00 0.0134 539 469 582 528
D00 0.0134 349 371 370 420
D00 0.0134 332 449 385 526
D00 0.0133 0 450 101 558
D00 0.0133 343 435 378 493
D00 0.0132 376 345 404 392
D00 0.0130 342 322 437 443
D00 0.0129 217 369 243 410
D00 0.0129 439 394 518 513
D00 0.0129 226 423 294 555
D00 0.0129 265 456 311 569
D00 0.0129 9 475 88 507
D00 0.0128 338 318 363 359
D00 0.0128 531 402 598 494
D00 0.0128 489 394 519 442
D00 0.0128 351 325 388 356
D00 0.0128 360 387 451 451
D00 0.0127 366 337 392 383
D00 0.0126 450 396 493 468
D00 0.0126 369 340 504 402
D00 0.0125 358 359 378 413
D00 0.0125 245 490 300 600
D00 0.0125 488 395 576 446
D00 0.0124 347 409 417 460
D00 0.0124 333 320 369 399
D00 0.0124 398 493 501 526
D00 0.0123 466 387 529 448
D00 0.0123 222 396 254 434
D00 0.0123 577 495 600 563
D00 0.0122 279 433 309 478
D00 0.0122 244 341 273 387
D00 0.0122 411 366 502 446
D00 0.0121 321 310 345 347
D00 0.0121 581 557 600 600
D00 0.0121 354 330 407 354
D00 0.0120 386 355 430 432
D00 0.0119 370 356 418 381
D00 0.0119 344 324 403 377
D00 0.0118 531 427 582 480
D00 0.0118 441 478 502 531
D00 0.0118 483 370 524 431
D00 0.0118 388 540 430 600
D00 0.0117 396 423 461 457
D00 0.0117 502 509 578 592
D00 0.0117 264 463 289 517
D00 0.0117 393 372 440 417
D00 0.0117 374 333 405 374
D00 0.0116 431 372 475 454
D00 0.0115 253 455 284 523
D00 0.0115 428 500 488 522
D00 0.0115 186 410 239 450
D00 0.0114 428 491 485 512
D00 0.0114 110 445 196 497
D00 0.0114 396 358 517 416
D00 0.0114 506 575 571 598
D00 0.0113 204 499 286 600
D00 0.0113 2 264 42 345
D00 0.0112 383 345 458 385
D00 0.0112 441 467 520 591
D00 0.0112 299 503 373 566
D00 0.0112 471 404 513 482
D00 0.0112 168 415 217 437
D00 0.0111 169 445 267 580
D00 0.0111 274 459 335 564
D00 0.0111 411 358 459 436
D00 0.0110 481 446 554 553
D00 0.0110 359 348 408 372
D00 0.0110 465 480 512 549
D00 0.0110 502 390 549 450
D00 0.0110 493 418 541 466
D00 0.0110 456 508 494 578
D00 0.0110 261 425 294 482
D00 0.0110 249 437 290 508
D00 0.0110 285 351 305 402
D00 0.0110 289 422 317 470
D00 0.0109 346 408 392 481
D00 0.0109 369 336 442 377
D00 0.0109 0 466 49 542
D00 0.0109 275 328 311 407
D00 0.0109 267 370 300 404
D00 0.0108 440 394 469 446
D00 0.0108 341 316 379 345
D00 0.0108 203 383 240 412
D00 0.0107 154 427 197 479
D00 0.0107 269 416 304 476
D00 0.0107 146 449 203 475
D00 0.0107 277 493 307 557
D00 0.0107 489 582 548 600
D00 0.0106 281 416 309 462
D00 0.0106 480 422 523 497
D00 0.0106 379 423 439 459
D00 0.0106 391 337 422 377
D00 0.0106 460 411 486 459
D00 0.0106 0 519 18 574
D00 0.0105 544 423 597 469
D00 0.0105 237 348 283 370
D00 0.0105 570 476 597 527
D00 0.0104 417 429 473 466
D00 0.0104 349 353 387 434
D00 0.0104 423 417 499 537
D00 0.0104 491 410 517 456
D00 0.0104 335 332 366 367
D00 0.0104 216 388 246 424
D00 0.0103 370 415 429 452
D00 0.0103 415 370 453 406
D00 0.0102 264 449 290 494
D00 0.0102 553 551 588 595
D00 0.0102 449 402 478 452
D00 0.0102 0 427 53 570
D00 0.0101 355 356 416 444
D00 0.0101 340 373 363 418
D00 0.0101 389 341 438 367
D00 0.0100 3 547 49 600
D00 0.0100 2 213 190 515
D00 0.0100 572 571 600 598
D10 0.0593 0 462 219 519
D10 0.0574 233 385 287 408
D10 0.0556 499 419 571 453
D10 0.0544 0 508 236 599
D10 0.0543 373 418 485 452
D10 0.0535 405 428 485 456
D10 0.0505 222 394 273 417
D10 0.0495 71 508 329 600
D10 0.0449 392 425 465 448
D10 0.0438 267 453 327 477
D10 0.0436 205 406 260 428
D10 0.0428 509 429 584 462
D10 0.0427 329 410 487 468
D10 0.0412 14 474 232 543
D10 0.0377 116 547 324 600
D10 0.0377 471 508 590 568
D10 0.0370 471 412 580 468
D10 0.0368 86 460 297 566
D10 0.0368 0 493 178 572
D10 0.0365 263 455 345 488
D10 0.0362 338 389 482 452
D10 0.0349 552 532 594 560
D10 0.0343 211 379 320 421
D10 0.0339 117 445 328 537
D10 0.0333 64 491 257 576
D10 0.0325 88 454 259 523
D10 0.0323 498 413 550 443
D10 0.0322 263 459 318 484
D10 0.0318 0 548 168 596
D10 0.0314 523 440 587 464
D10 0.0304 244 376 294 402
D10 0.0301 192 396 306 445
D10 0.0297 208 387 262 410
D10 0.0294 224 404 280 427
D10 0.0291 369 413 451 442
D10 0.0290 266 476 417 553
D10 0.0288 12 528 195 584
D10 0.0287 202 414 258 438
D10 0.0284 123 436 292 505
D10 0.0281 196 397 254 418
D10 0.0279 384 433 455 455
D10 0.0276 479 486 587 544
D10 0.0272 0 507 94 546
D10 0.0269 242 395 299 416
D10 0.0267 446 430 565 484
D10 0.0259 471 447 582 504
D10 0.0257 94 527 271 585
D10 0.0256 309 400 433 443
D10 0.0256 499 457 573 491
D10 0.0254 186 408 244 427
D10 0.0253 396 413 521 462
D10 0.0251 432 423 484 451
D10 0.0247 225 399 349 445
D10 0.0246 183 401 268 435
D10 0.0245 302 419 435 466
D10 0.0244 239 446 331 484
D10 0.0244 0 485 170 535
D10 0.0243 269 467 402 523
D10 0.0239 494 394 589 455
D10 0.0237 245 396 410 454
D10 0.0237 196 440 361 507
D10 0.0236 285 457 381 489
D10 0.0236 166 382 278 426
D10 0.0234 255 449 383 503
D10 0.0232 368 424 433 446
D10 0.0228 270 443 324 469
D10 0.0227 321 491 422 535
D10 0.0226 486 464 588 522
D10 0.0226 147 490 357 587
D10 0.0226 75 550 253 596
D10 0.0224 554 540 595 572
D10 0.0221 505 469 563 494
D10 0.0221 181 467 391 566
D10 0.0218 416 435 489 464
D10 0.0218 240 381 370 421
D10 0.0216 561 526 599 551
D10 0.0214 360 415 421 438
D10 0.0213 406 415 468 442
D10 0.0212 253 386 308 407
D10 0.0212 145 478 313 546
D10 0.0208 4 459 143 505
D10 0.0206 431 461 580 532
D10 0.0203 146 402 261 451
D10 0.0202 36 506 216 561
D10 0.0200 179 524 331 593
D10 0.0200 261 418 397 471
D10 0.0199 91 462 200 593
D10 0.0197 487 461 540 486
D10 0.0197 136 467 285 515
D10 0.0197 335 406 388 428
D10 0.0196 0 571 87 600
D10 0.0195 334 434 477 483
D10 0.0191 382 422 533 489
D10 0.0191 53 466 156 591
D10 0.0190 95 462 206 501
D10 0.0188 344 416 440 453
D10 0.0187 82 484 241 535
D10 0.0187 521 469 584 496
D10 0.0187 443 433 494 457
D10 0.0186 150 457 247 497
D10 0.0185 209 413 331 470
D10 0.0183 244 454 299 475
D10 0.0183 405 441 469 462
D10 0.0182 494 402 539 433
D10 0.0182 527 449 589 475
D10 0.0181 285 454 361 477
D10 0.0180 555 553 596 582
D10 0.0180 1 508 63 534
D10 0.0179 408 442 557 511
D10 0.0179 315 397 372 417
D10 0.0178 344 415 400 436
D10 0.0175 531 506 600 565
D10 0.0174 541 564 599 590
D10 0.0173 521 460 584 487
D10 0.0172 244 406 301 426
D10 0.0171 184 430 317 485
D10 0.0171 210 478 354 547
D10 0.0171 224 414 281 436
D10 0.0169 542 488 591 514
D10 0.0169 552 515 593 545
D10 0.0168 129 486 232 600
D10 0.0168 360 429 441 459
D10 0.0168 116 506 281 562
D10 0.0167 352 407 409 430
D10 0.0167 311 472 460 520
D10 0.0166 482 422 532 446
D10 0.0165 265 397 322 416
D10 0.0165 294 398 357 416
D10 0.0165 226 468 334 516
D10 0.0165 357 372 459 434
D10 0.0163 491 394 538 420
D10 0.0161 335 451 386 477
D10 0.0160 271 373 429 431
D10 0.0160 155 354 401 450
D10 0.0159 551 497 594 520
D10 0.0158 68 502 139 596
D10 0.0158 492 430 543 453
D10 0.0157 4 563 113 595
D10 0.0157 267 467 326 494
D10 0.0157 105 501 179 597
D10 0.0157 0 471 114 523
D10 0.0157 236 496 373 572
D10 0.0157 384 385 433 407
D10 0.0155 335 396 386 419
D10 0.0155 277 407 331 426
D10 0.0154 236 457 309 486
D10 0.0153 277 505 400 563
D10 0.0153 506 451 566 478
D10 0.0153 313 406 374 425
D10 0.0151 172 465 261 494
D10 0.0150 41 481 120 583
D10 0.0150 177 415 229 437
D10 0.0148 170 453 279 489
D10 0.0148 0 493 79 529
D10 0.0148 381 468 535 529
D10 0.0148 228 359 338 410
D10 0.0147 0 516 75 540
D10 0.0147 530 484 598 542
D10 0.0146 324 460 380 487
D10 0.0145 284 390 393 420
D10 0.0145 0 551 95 587
D10 0.0145 131 472 209 505
D10 0.0145 343 443 397 466
D10 0.0144 417 408 482 448
D10 0.0144 363 402 435 435
D10 0.0144 421 493 545 542
D10 0.0144 267 351 529 447
D10 0.0143 327 486 410 516
D10 0.0139 517 493 586 525
D10 0.0136 459 452 549 493
D10 0.0136 306 398 399 432
D10 0.0136 272 439 352 472
D10 0.0133 146 443 248 580
D10 0.0133 87 460 162 559
D10 0.0133 293 407 356 425
D10 0.0132 478 409 540 445
D10 0.0132 542 432 593 459
D10 0.0131 445 440 495 465
D10 0.0131 38 468 138 495
D10 0.0131 314 463 387 498
D10 0.0130 378 375 424 402
D10 0.0129 123 539 226 572
D10 0.0129 338 498 431 525
D10 0.0128 197 553 317 596
D10 0.0128 192 421 248 449
D10 0.0127 105 471 181 495
D10 0.0127 230 488 329 536
D10 0.0126 572 533 600 560
D10 0.0126 183 447 268 478
D10 0.0125 495 435 564 471
D10 0.0125 400 452 517 500
D10 0.0125 287 468 362 493
D10 0.0124 30 564 176 600
D10 0.0124 159 469 217 493
D10 0.0123 2 475 81 507
D10 0.0121 2 499 52 526
D10 0.0121 553 505 593 532
D10 0.0120 0 529 89 563
D10 0.0120 157 472 239 503
D10 0.0119 147 453 213 490
D10 0.0118 69 540 179 599
D10 0.0118 368 396 470 440
D10 0.0118 336 528 422 565
D10 0.0118 488 386 537 411
D10 0.0117 476 360 528 381
D10 0.0117 515 478 572 505
D10 0.0116 126 565 275 600
D10 0.0116 470 464 534 495
D10 0.0115 323 473 396 507
D10 0.0115 345 423 399 446
D10 0.0115 251 506 345 550
D10 0.0114 207 458 288 486
D10 0.0114 170 449 224 476
D10 0.0113 352 433 409 457
D10 0.0113 365 386 417 408
D10 0.0113 0 538 80 575
D10 0.0112 482 375 576 438
D10 0.0112 150 490 271 525
D10 0.0112 270 416 321 438
D10 0.0111 353 397 408 419
D10 0.0111 65 350 292 453
D10 0.0111 240 515 326 560
D10 0.0110 266 473 344 507
D10 0.0110 168 459 226 486
D10 0.0110 0 524 61 550
D10 0.0110 317 441 389 471
D10 0.0109 326 414 381 436
D10 0.0109 248 415 303 436
D10 0.0109 250 463 314 498
D10 0.0109 177 441 234 467
D10 0.0108 533 423 589 453
D10 0.0108 205 508 310 563
D10 0.0108 388 405 446 431
D10 0.0108 328 500 395 523
D10 0.0107 400 385 451 407
D10 0.0107 514 415 575 441
D10 0.0107 373 395 425 418
D10 0.0107 522 517 584 543
D10 0.0106 184 508 255 597
D10 0.0105 269 402 367 433
D10 0.0105 183 461 250 484
D10 0.0105 215 421 273 446
D10 0.0105 0 384 187 488
D10 0.0105 244 444 297 468
D10 0.0105 262 485 333 517
D10 0.0103 358 442 420 466
D10 0.0103 460 419 527 452
D10 0.0103 217 453 279 475
D10 0.0103 456 423 504 449
D10 0.0103 468 461 515 485
D10 0.0103 331 538 404 575
D10 0.0102 142 532 237 562
D10 0.0102 3 434 153 494
D10 0.0101 255 493 319 527
D10 0.0101 261 516 307 541
D10 0.0100 106 531 209 563
D20 0.5409 0 406 600 581
D20 0.3490 28 418 360 599
D20 0.3102 222 450 600 599
D20 0.1449 312 510 570 597
D20 0.1102 424 508 600 596
D20 0.1063 14 475 252 599
D20 0.1028 364 410 587 593
D20 0.1012 227 364 598 553
D20 0.0893 0 456 233 527
D20 0.0891 92 459 488 600
D20 0.0877 38 382 452 543
D20 0.0873 476 412 600 544
D20 0.0866 249 434 430 526
D20 0.0751 305 480 517 572
D20 0.0751 556 515 600 592
D20 0.0731 57 435 256 510
D20 0.0699 0 500 167 600
D20 0.0681 439 396 597 490
D20 0.0680 229 385 279 409
D20 0.0651 117 413 304 496
D20 0.0638 459 447 600 588
D20 0.0627 498 414 577 456
D20 0.0620 264 455 469 549
D20 0.0609 152 415 493 533
D20 0.0606 198 418 405 505
D20 0.0585 3 469 167 563
D20 0.0578 301 438 504 521
D20 0.0545 0 394 255 573
D20 0.0536 238 373 276 406
D20 0.0524 384 380 576 467
D20 0.0519 520 441 598 505
D20 0.0505 221 369 292 408
D20 0.0498 517 426 594 570
D20 0.0496 507 430 591 473
D20 0.0453 17 165 600 591
D20 0.0444 522 529 600 581
D20 0.0441 205 379 281 414
D20 0.0434 322 416 508 495
D20 0.0423 281 471 438 583
D20 0.0421 257 450 354 492
D20 0.0419 213 424 440 577
D20 0.0416 347 363 578 513
D20 0.0398 385 480 584 574
D20 0.0396 14 456 202 500
D20 0.0396 172 389 323 490
D20 0.0394 495 420 588 499
D20 0.0384 338 377 510 459
D20 0.0384 134 428 361 514
D20 0.0382 131 391 425 493
D20 0.0381 533 460 599 520
D20 0.0370 493 397 558 451
D20 0.0368 210 391 273 420
D20 0.0361 0 511 44 600
D20 0.0358 279 404 515 555
D20 0.0358 151 395 289 456
D20 0.0352 507 483 596 588
D20 0.0351 96 406 317 551
D20 0.0350 171 375 299 430
D20 0.0336 241 357 286 404
D20 0.0335 81 443 271 581
D20 0.0331 534 509 600 568
D20 0.0328 222 382 262 412
D20 0.0326 356 542 533 592
D20 0.0325 454 551 552 600
D20 0.0323 17 15 600 441
D20 0.0323 0 556 97 599
D20 0.0319 223 373 272 432
D20 0.0316 183 412 269 454
D20 0.0315 254 419 366 565
D20 0.0310 444 320 600 600
D20 0.0310 264 427 331 482
D20 0.0305 295 522 471 599
D20 0.0304 0 471 99 596
D20 0.0304 389 432 580 526
D20 0.0304 521 552 600 597
D20 0.0301 467 541 597 593
D20 0.0296 493 459 580 503
D20 0.0293 480 404 571 478
D20 0.0293 96 434 235 488
D20 0.0291 192 354 307 417
D20 0.0291 377 552 491 598
D20 0.0288 288 453 390 494
D20 0.0286 287 399 450 501
D20 0.0279 66 524 337 600
D20 0.0276 126 335 508 504
D20 0.0273 245 385 555 490
D20 0.0273 200 396 277 433
D20 0.0273 193 387 386 467
D20 0.0270 140 416 261 473
D20 0.0268 372 433 469 467
D20 0.0262 29 390 288 494
D20 0.0259 261 433 401 490
D20 0.0256 0 283 315 600
D20 0.0254 0 498 85 541
D20 0.0253 90 453 180 493
D20 0.0251 447 399 557 554
D20 0.0249 232 401 349 491
D20 0.0249 385 398 530 508
D20 0.0248 203 410 270 440
D20 0.0247 359 460 552 548
D20 0.0246 497 409 542 445
D20 0.0244 443 393 561 452
D20 0.0240 175 448 392 541
D20 0.0238 485 379 544 443
D20 0.0236 332 441 400 499
D20 0.0236 187 366 351 437
D20 0.0236 262 438 311 505
D20 0.0236 370 352 547 440
D20 0.0234 120 433 210 473
D20 0.0234 204 346 298 467
D20 0.0233 577 521 600 590
D20 0.0230 36 465 159 497
D20 0.0227 0 415 136 593
D20 0.0225 338 434 439 472
D20 0.0222 414 406 486 458
D20 0.0220 0 505 67 566
D20 0.0218 410 513 520 590
D20 0.0217 160 430 238 475
D20 0.0216 510 384 600 516
D20 0.0216 335 341 481 433
D20 0.0214 350 425 451 461
D20 0.0213 495 454 587 536
D20 0.0212 249 330 296 353
D20 0.0212 0 0 408 294
D20 0.0212 397 394 521 449
D20 0.0211 218 400 259 430
D20 0.0211 235 497 418 600
D20 0.0210 478 437 572 516
D20 0.0209 236 408 319 573
D20 0.0209 187 412 311 470
D20 0.0209 250 338 295 360
D20 0.0208 469 364 588 473
D20 0.0207 263 234 600 600
D20 0.0206 167 0 600 294
D20 0.0206 561 444 600 519
D20 0.0205 527 445 593 481
D20 0.0204 30 441 188 486
D20 0.0203 332 522 433 571
D20 0.0203 342 400 472 475
D20 0.0202 225 424 331 519
D20 0.0199 520 407 600 481
D20 0.0199 240 332 293 395
D20 0.0194 323 417 445 551
D20 0.0193 357 566 459 600
D20 0.0193 301 440 396 557
D20 0.0191 208 378 259 403
D20 0.0191 0 478 87 525
D20 0.0191 150 368 413 600
D20 0.0189 374 353 446 402
D20 0.0189 133 404 255 527
D20 0.0188 212 391 262 455
D20 0.0186 501 391 591 466
D20 0.0185 581 548 600 599
D20 0.0185 212 365 273 400
D20 0.0184 206 393 308 535
D20 0.0181 2 448 134 520
D20 0.0181 157 335 287 435
D20 0.0181 518 473 589 510
D20 0.0180 0 0 347 600
D20 0.0179 332 451 441 490
D20 0.0179 553 425 600 565
D20 0.0177 268 393 388 517
D20 0.0176 461 501 574 576
D20 0.0173 461 382 545 495
D20 0.0172 504 426 557 458
D20 0.0172 279 362 466 443
D20 0.0171 160 429 297 485
D20 0.0171 101 347 388 472
D20 0.0170 94 500 231 600
D20 0.0169 223 347 282 423
D20 0.0168 7 420 176 509
D20 0.0168 180 370 270 408
D20 0.0168 9 471 102 510
D20 0.0167 546 547 600 587
D20 0.0167 387 349 494 477
D20 0.0167 66 457 186 518
D20 0.0166 424 358 536 483
D20 0.0166 274 411 334 467
D20 0.0165 262 456 331 519
D20 0.0164 274 438 315 473
D20 0.0164 210 333 324 407
D20 0.0163 177 423 315 600
D20 0.0162 430 381 476 457
D20 0.0162 347 336 462 401
D20 0.0161 207 346 404 422
D20 0.0160 427 455 535 600
D20 0.0158 138 358 274 463
D20 0.0157 0 573 39 599
D20 0.0156 355 497 489 600
D20 0.0156 234 341 332 474
D20 0.0156 337 352 441 488
D20 0.0154 226 389 308 454
D20 0.0154 496 435 548 506
D20 0.0154 323 458 395 519
D20 0.0153 378 386 468 452
D20 0.0153 136 446 220 493
D20 0.0151 66 459 153 489
D20 0.0151 434 401 523 471
D20 0.0151 504 439 566 488
D20 0.0150 284 436 340 503
D20 0.0150 75 449 178 570
D20 0.0148 493 403 538 481
D20 0.0146 328 320 377 342
D20 0.0145 188 337 282 400
D20 0.0145 464 412 551 455
D20 0.0145 547 419 599 492
D20 0.0144 319 312 367 334
D20 0.0142 192 379 276 474
D20 0.0141 244 293 470 568
D20 0.0140 249 361 295 422
D20 0.0138 388 419 470 460
D20 0.0138 0 520 85 587
D20 0.0138 199 421 256 447
D20 0.0138 526 431 574 493
D20 0.0137 242 388 284 418
D20 0.0135 253 379 292 409
D20 0.0135 192 385 260 429
D20 0.0133 409 424 481 469
D20 0.0133 245 343 299 375
D20 0.0133 399 442 489 480
D20 0.0133 256 326 293 378
D20 0.0133 339 418 384 494
D20 0.0132 491 390 550 426
D20 0.0132 111 434 216 543
D20 0.0131 133 418 211 460
D20 0.0131 181 425 251 462
D20 0.0130 349 453 492 500
D20 0.0130 251 346 309 405
D20 0.0129 257 327 446 408
D20 0.0128 515 418 565 469
D20 0.0128 266 327 301 356
D20 0.0128 221 435 323 476
D20 0.0127 479 362 543 421
D20 0.0127 219 405 288 461
D20 0.0126 265 486 305 563
D20 0.0126 310 320 358 341
D20 0.0126 277 413 376 482
D20 0.0126 158 511 288 600
D20 0.0125 248 416 312 475
D20 0.0125 222 468 346 600
D20 0.0124 340 446 415 479
D20 0.0124 250 356 404 457
D20 0.0124 358 436 492 578
D20 0.0124 551 473 600 510
D20 0.0123 238 331 306 369
D20 0.0123 305 436 399 478
D20 0.0122 314 384 427 465
D20 0.0122 333 534 416 593
D20 0.0121 283 426 322 464
D20 0.0121 240 379 288 447
D20 0.0120 233 399 276 430
D20 0.0120 425 359 561 427
D20 0.0120 56 445 154 538
D20 0.0118 182 408 233 475
D20 0.0118 137 302 344 564
D20 0.0118 565 528 600 566
D20 0.0118 257 467 298 544
D20 0.0118 389 571 482 600
D20 0.0117 100 448 171 481
D20 0.0116 46 448 153 481
D20 0.0116 196 398 248 461
D20 0.0115 397 463 491 502
D20 0.0115 472 443 533 498
D20 0.0115 373 424 475 487
D20 0.0115 1 581 62 600
D20 0.0115 517 451 562 510
D20 0.0115 49 415 210 477
D20 0.0114 407 232 595 525
D20 0.0113 240 527 306 588
D20 0.0113 411 445 477 499
D20 0.0113 230 336 289 362
D20 0.0112 317 440 374 503
D20 0.0112 574 553 600 581
D20 0.0112 455 0 600 221
D20 0.0112 242 371 324 430
D20 0.0111 307 348 440 420
D20 0.0110 287 448 362 544
D20 0.0109 202 404 243 431
D20 0.0109 450 483 544 557
D20 0.0108 289 576 377 600
D20 0.0108 210 356 254 420
D20 0.0107 0 0 146 220
D20 0.0107 1 269 43 346
D20 0.0106 324 412 411 477
D20 0.0106 279 423 328 449
D20 0.0105 0 490 27 564
D20 0.0105 0 535 27 600
D20 0.0105 87 410 210 516
D20 0.0105 570 257 600 295
D20 0.0105 240 410 332 449
D20 0.0104 180 384 249 412
D20 0.0104 198 421 275 477
D20 0.0104 240 446 304 499
D20 0.0104 0 582 29 600
D20 0.0104 59 515 150 600
D20 0.0103 154 401 239 492
D20 0.0102 417 420 500 490
D20 0.0101 573 542 600 572
D20 0.0101 325 314 402 348
D20 0.0101 343 411 428 515
D20 0.0100 99 382 237 484
D20 0.0100 352 418 403 488
D20 0.0100 191 409 279 519
D40 0.2500 385 534 460 576
D40 0.2119 384 538 435 563
D40 0.1763 355 530 438 570
D40 0.1249 320 509 529 595
D40 0.1214 379 523 465 564
D40 0.0922 378 530 442 595
D40 0.0716 391 535 425 576
D40 0.0626 510 525 600 566
D40 0.0602 375 542 489 589
D40 0.0596 384 530 447 554
D40 0.0560 461 528 553 572
D40 0.0559 387 551 447 579
D40 0.0466 342 514 460 589
D40 0.0461 559 528 595 567
D40 0.0459 78 468 177 502
D40 0.0443 540 533 596 559
D40 0.0414 315 486 502 555
D40 0.0413 203 559 303 600
D40 0.0396 302 496 457 576
D40 0.0393 389 545 477 568
D40 0.0372 476 536 580 580
D40 0.0367 458 540 549 594
D40 0.0362 382 511 434 576
D40 0.0354 287 492 388 531
D40 0.0350 362 551 455 599
D40 0.0348 366 545 434 584
D40 0.0343 537 458 597 508
D40 0.0336 456 500 554 534
D40 0.0335 327 517 439 563
D40 0.0326 363 510 454 554
D40 0.0314 276 478 435 554
D40 0.0311 484 538 552 560
D40 0.0297 570 534 598 580
D40 0.0283 32 497 134 532
D40 0.0282 61 477 173 513
D40 0.0276 533 535 600 575
D40 0.0268 72 536 200 580
D40 0.0267 85 470 156 493
D40 0.0267 502 537 579 559
D40 0.0266 476 543 544 569
D40 0.0260 0 544 91 595
D40 0.0257 387 515 504 560
D40 0.0254 498 417 544 450
D40 0.0254 372 454 468 487
D40 0.0252 538 469 593 496
D40 0.0252 411 504 500 549
D40 0.0252 475 526 561 557
D40 0.0246 466 508 531 529
D40 0.0244 325 500 425 546
D40 0.0242 555 456 596 492
D40 0.0242 371 537 421 572
D40 0.0242 463 508 569 547
D40 0.0239 555 473 595 511
D40 0.0236 44 489 164 524
D40 0.0235 356 528 427 554
D40 0.0234 271 448 316 480
D40 0.0233 518 528 589 553
D40 0.0228 451 513 544 563
D40 0.0228 0 523 94 571
D40 0.0224 3 507 121 542
D40 0.0224 394 532 494 565
D40 0.0223 223 575 291 599
D40 0.0223 214 538 311 584
D40 0.0222 464 503 497 539
D40 0.0221 266 454 306 488
D40 0.0221 479 496 558 524
D40 0.0219 522 444 592 480
D40 0.0218 0 573 50 599
D40 0.0217 120 557 243 598
D40 0.0217 423 553 533 598
D40 0.0215 91 458 164 490
D40 0.0213 331 555 429 597
D40 0.0213 386 523 418 564
D40 0.0213 262 481 372 521
D40 0.0211 413 532 512 582
D40 0.0211 515 455 591 492
D40 0.0210 382 443 471 478
D40 0.0208 525 435 575 468
D40 0.0206 231 568 322 600
D40 0.0206 81 478 158 500
D40 0.0206 1 558 39 597
D40 0.0204 514 427 567 460
D40 0.0203 72 556 202 598
D40 0.0202 121 534 240 579
D40 0.0202 440 502 524 544
D40 0.0202 36 471 156 504
D40 0.0200 274 505 378 548
D40 0.0199 505 507 598 552
D40 0.0199 566 463 599 501
D40 0.0196 463 502 515 524
D40 0.0196 97 526 219 570
D40 0.0194 32 480 138 517
D40 0.0189 1 560 137 598
D40 0.0189 297 459 400 533
D40 0.0188 91 497 207 538
D40 0.0185 485 507 553 526
D40 0.0182 274 496 359 525
D40 0.0181 123 466 212 508
D40 0.0181 498 488 587 527
D40 0.0179 397 462 457 484
D40 0.0178 532 478 590 506
D40 0.0175 323 475 415 586
D40 0.0174 488 515 574 568
D40 0.0174 283 468 386 512
D40 0.0173 552 518 585 563
D40 0.0173 115 485 217 529
D40 0.0172 403 530 440 570
D40 0.0172 358 462 462 496
D40 0.0171 338 571 412 599
D40 0.0170 141 571 267 600
D40 0.0170 110 505 221 549
D40 0.0168 547 483 590 519
D40 0.0168 506 538 547 574
D40 0.0167 9 488 117 527
D40 0.0167 230 547 291 595
D40 0.0166 386 564 449 592
D40 0.0163 440 499 503 528
D40 0.0163 525 464 575 500
D40 0.0162 277 454 326 488
D40 0.0161 515 532 563 563
D40 0.0160 77 519 201 558
D40 0.0159 263 455 354 531
D40 0.0159 252 576 309 598
D40 0.0157 514 543 590 567
D40 0.0157 260 448 296 480
D40 0.0155 463 478 554 523
D40 0.0154 473 531 531 564
D40 0.0153 264 515 420 584
D40 0.0153 303 500 370 523
D40 0.0153 5 537 129 583
D40 0.0152 544 451 593 476
D40 0.0152 226 562 276 597
D40 0.0150 406 547 464 582
D40 0.0150 397 452 457 473
D40 0.0149 510 472 580 509
D40 0.0148 319 503 393 538
D40 0.0148 330 464 435 533
D40 0.0148 368 493 516 542
D40 0.0147 451 569 545 600
D40 0.0146 400 522 469 591
D40 0.0145 325 473 484 518
D40 0.0145 379 517 436 541
D40 0.0145 305 487 383 518
D40 0.0144 376 571 460 600
D40 0.0143 48 568 165 600
D40 0.0141 19 476 142 544
D40 0.0139 0 548 30 588
D40 0.0139 138 476 233 519
D40 0.0139 50 547 170 590
D40 0.0138 252 489 347 532
D40 0.0137 477 552 542 581
D40 0.0137 521 548 600 584
D40 0.0137 163 440 264 481
D40 0.0135 326 543 412 587
D40 0.0135 199 527 307 568
D40 0.0134 0 530 59 588
D40 0.0134 139 497 238 536
D40 0.0134 396 558 494 594
D40 0.0133 481 466 566 513
D40 0.0132 325 456 380 502
D40 0.0132 467 515 532 541
D40 0.0132 17 516 129 555
D40 0.0132 442 539 532 573
D40 0.0131 396 470 458 494
D40 0.0130 509 463 553 498
D40 0.0130 143 447 215 504
D40 0.0130 313 467 382 564
D40 0.0129 342 446 379 482
D40 0.0129 402 540 442 588
D40 0.0128 242 564 300 591
D40 0.0128 513 498 572 521
D40 0.0126 358 448 438 476
D40 0.0126 16 573 123 600
D40 0.0125 421 540 474 573
D40 0.0125 271 461 315 498
D40 0.0125 243 556 334 594
D40 0.0125 171 435 240 470
D40 0.0124 267 439 306 473
D40 0.0123 502 494 541 524
D40 0.0121 105 478 184 501
D40 0.0121 386 442 452 463
D40 0.0120 139 528 259 566
D40 0.0120 150 548 277 592
D40 0.0119 467 508 508 547
D40 0.0118 428 507 490 532
D40 0.0118 500 456 541 490
D40 0.0118 383 512 472 544
D40 0.0117 498 530 541 589
D40 0.0117 266 574 336 599
D40 0.0117 264 496 324 557
D40 0.0117 460 460 545 502
D40 0.0116 1 537 39 577
D40 0.0116 290 463 361 562
D40 0.0115 272 536 376 574
D40 0.0115 76 462 147 486
D40 0.0115 396 527 476 551
D40 0.0114 463 503 523 585
D40 0.0114 330 495 374 529
D40 0.0113 565 482 599 520
D40 0.0113 29 469 106 498
D40 0.0113 110 439 184 469
D40 0.0111 485 517 553 538
D40 0.0111 329 479 390 526
D40 0.0111 442 427 484 458
D40 0.0111 135 515 243 556
D40 0.0111 255 546 352 584
D40 0.0111 379 558 423 594
D40 0.0111 541 467 576 514
D40 0.0110 102 469 190 516
D40 0.0110 541 512 583 549
D40 0.0110 508 525 551 556
D40 0.0110 123 431 194 461
D40 0.0108 294 506 360 531
D40 0.0108 336 565 394 589
D40 0.0108 99 452 155 478
D40 0.0108 434 528 515 564
D40 0.0107 510 507 573 528
D40 0.0107 246 550 312 583
D40 0.0106 459 442 549 487
D40 0.0106 543 524 578 566
D40 0.0105 3 565 75 600
D40 0.0105 424 569 508 600
D40 0.0105 449 513 497 543
D40 0.0105 117 572 216 600
D40 0.0105 567 446 599 482
D40 0.0105 262 485 307 533
D40 0.0104 409 458 479 488
D40 0.0104 484 455 518 489
D40 0.0104 276 583 328 600
D40 0.0104 362 480 438 572
D40 0.0104 293 491 360 513
D40 0.0104 194 577 276 599
D40 0.0103 537 440 577 487
D40 0.0102 267 499 301 537
D40 0.0102 354 505 437 534
D40 0.0102 458 473 519 532
D40 0.0102 212 516 315 556
D40 0.0102 262 464 311 516
D40 0.0102 297 523 396 570
D40 0.0101 515 488 571 515
D40 0.0101 288 448 334 481
D40 0.0101 259 535 322 592
D40 0.0100 261 461 294 500
D40 0.0100 88 486 166 509
D40 0.0100 59 509 179 546
D40 0.0100 493 463 528 497
