D00 0.1159 324 446 361 485
D00 0.0675 322 426 366 492
D00 0.0663 384 486 412 541
D00 0.0654 362 482 450 583
D00 0.0631 379 476 423 553
D00 0.0585 313 440 386 509
D00 0.0560 320 454 348 495
D00 0.0484 313 435 428 552
D00 0.0467 0 527 41 600
D00 0.0456 305 449 372 491
D00 0.0447 352 468 420 565
D00 0.0433 309 460 357 488
D00 0.0397 326 441 370 473
D00 0.0393 304 403 389 498
D00 0.0380 319 466 364 492
D00 0.0366 259 372 295 406
D00 0.0357 145 525 181 600
D00 0.0351 373 484 410 522
D00 0.0349 377 501 476 595
D00 0.0342 329 449 400 543
D00 0.0332 277 423 400 515
D00 0.0315 314 445 354 519
D00 0.0307 7 551 35 599
D00 0.0305 152 549 175 600
D00 0.0304 374 522 441 589
D00 0.0297 389 530 458 600
D00 0.0294 277 425 453 587
D00 0.0290 256 451 380 497
D00 0.0288 326 420 387 481
D00 0.0288 385 507 414 552
D00 0.0283 379 492 419 527
D00 0.0282 265 380 302 413
D00 0.0272 313 445 343 489
D00 0.0270 379 503 428 572
D00 0.0266 254 359 300 402
D00 0.0256 309 463 404 520
D00 0.0240 418 527 471 600
D00 0.0240 279 427 360 495
D00 0.0238 10 502 49 600
D00 0.0238 160 548 183 600
D00 0.0236 285 369 374 509
D00 0.0235 212 444 253 512
D00 0.0232 383 496 440 547
D00 0.0230 329 454 380 488
D00 0.0229 367 464 413 540
D00 0.0228 153 504 188 598
D00 0.0227 357 435 482 585
D00 0.0227 1 571 44 600
D00 0.0225 221 456 256 488
D00 0.0222 260 368 309 393
D00 0.0221 266 377 319 403
D00 0.0221 330 429 419 500
D00 0.0220 257 354 295 387
D00 0.0218 218 457 244 504
D00 0.0217 301 431 370 541
D00 0.0215 361 482 434 533
D00 0.0215 0 405 67 451
D00 0.0214 387 461 448 558
D00 0.0213 0 392 85 490
D00 0.0209 2 404 55 508
D00 0.0207 257 370 316 419
D00 0.0206 300 384 358 484
D00 0.0203 0 473 82 600
D00 0.0202 320 428 354 469
D00 0.0198 318 406 352 483
D00 0.0197 325 471 431 600
D00 0.0197 430 551 479 600
D00 0.0196 390 512 460 570
D00 0.0192 17 541 43 599
D00 0.0191 381 488 426 515
D00 0.0185 373 531 409 598
D00 0.0184 214 449 249 482
D00 0.0183 358 446 437 522
D00 0.0179 254 367 282 409
D00 0.0177 266 383 338 413
D00 0.0177 263 412 383 564
D00 0.0176 144 487 182 575
D00 0.0176 0 552 68 600
D00 0.0175 143 550 168 600
D00 0.0175 0 408 35 445
D00 0.0175 354 474 408 519
D00 0.0174 0 485 42 575
D00 0.0173 366 499 424 542
D00 0.0173 375 519 414 575
D00 0.0173 2 413 58 440
D00 0.0172 153 521 175 581
D00 0.0171 336 430 377 467
D00 0.0171 0 437 41 522
D00 0.0170 209 407 249 488
D00 0.0169 545 546 600 600
D00 0.0166 0 406 51 431
D00 0.0164 253 461 407 600
D00 0.0163 261 354 324 407
D00 0.0163 317 468 350 504
D00 0.0163 573 551 599 599
D00 0.0162 0 389 120 453
D00 0.0160 236 358 287 380
D00 0.0159 0 547 30 590
D00 0.0158 22 533 56 600
D00 0.0156 1 445 27 499
D00 0.0156 161 520 182 581
D00 0.0156 358 517 419 600
D00 0.0154 20 484 60 571
D00 0.0153 303 439 362 477
D00 0.0153 221 429 254 484
D00 0.0151 393 523 496 585
D00 0.0151 129 485 188 600
D00 0.0150 244 349 292 374
D00 0.0150 408 540 445 600
D00 0.0147 286 454 354 501
D00 0.0147 444 567 481 600
D00 0.0146 366 480 399 529
D00 0.0146 322 391 428 520
D00 0.0144 551 574 600 599
D00 0.0143 313 399 371 468
D00 0.0143 161 502 183 561
D00 0.0143 397 378 453 398
D00 0.0143 278 369 308 410
D00 0.0142 293 575 354 599
D00 0.0142 325 432 364 459
D00 0.0141 217 448 275 495
D00 0.0140 378 549 437 598
D00 0.0140 396 489 430 540
D00 0.0140 192 414 239 504
D00 0.0139 413 518 455 580
D00 0.0139 0 384 109 563
D00 0.0138 325 415 426 471
D00 0.0138 277 374 344 406
D00 0.0137 8 411 109 463
D00 0.0136 399 528 447 564
D00 0.0136 164 531 195 600
D00 0.0136 337 458 396 505
D00 0.0136 0 381 57 469
D00 0.0136 339 501 404 593
D00 0.0136 225 463 251 511
D00 0.0135 162 485 199 575
D00 0.0135 260 387 295 420
D00 0.0135 269 364 334 396
D00 0.0134 240 351 314 392
D00 0.0133 153 502 176 560
D00 0.0133 11 573 64 599
D00 0.0133 249 345 287 397
D00 0.0131 345 439 388 472
D00 0.0131 524 566 600 600
D00 0.0131 273 389 312 421
D00 0.0129 294 387 348 410
D00 0.0128 392 475 418 526
D00 0.0127 410 484 492 593
D00 0.0127 239 395 352 492
D00 0.0127 321 463 376 511
D00 0.0127 139 456 210 600
D00 0.0126 0 389 71 433
D00 0.0125 255 573 341 600
D00 0.0125 143 573 184 600
D00 0.0125 217 422 241 476
D00 0.0124 400 562 488 600
D00 0.0124 201 384 260 499
D00 0.0124 401 504 446 559
D00 0.0124 151 560 192 600
D00 0.0123 296 379 481 541
D00 0.0122 439 541 501 600
D00 0.0122 208 386 230 430
D00 0.0121 418 573 473 599
D00 0.0121 384 449 427 533
D00 0.0121 226 422 345 585
D00 0.0120 164 429 198 515
D00 0.0120 312 462 339 507
D00 0.0120 395 537 463 576
D00 0.0119 9 428 46 498
D00 0.0118 198 386 222 430
D00 0.0118 330 399 391 463
D00 0.0118 237 367 288 391
D00 0.0118 539 473 600 591
D00 0.0117 305 390 420 463
D00 0.0116 565 519 600 600
D00 0.0115 278 381 346 429
D00 0.0115 237 384 417 536
D00 0.0115 265 560 363 600
D00 0.0114 267 358 318 383
D00 0.0114 193 429 272 594
D00 0.0113 391 457 524 600
D00 0.0113 342 404 449 492
D00 0.0112 172 445 191 502
D00 0.0112 370 414 543 547
D00 0.0112 209 458 235 505
D00 0.0111 25 421 144 592
D00 0.0111 269 351 299 393
D00 0.0110 249 361 293 425
D00 0.0109 260 367 357 453
D00 0.0109 189 376 211 422
D00 0.0109 290 390 354 444
D00 0.0109 204 402 235 475
D00 0.0108 26 512 70 600
D00 0.0108 297 392 364 423
D00 0.0108 353 436 402 515
D00 0.0108 191 442 238 541
D00 0.0107 126 530 169 600
D00 0.0107 312 423 341 479
D00 0.0107 8 519 109 600
D00 0.0107 409 548 474 587
D00 0.0106 374 375 442 402
D00 0.0106 288 378 372 418
D00 0.0106 389 370 444 392
D00 0.0105 19 429 60 523
D00 0.0104 222 414 271 502
D00 0.0103 14 487 48 552
D00 0.0103 415 442 580 575
D00 0.0103 10 520 35 583
D00 0.0103 20 509 43 571
D00 0.0103 11 378 110 431
D00 0.0103 230 458 260 500
D00 0.0103 23 401 85 436
D00 0.0102 301 437 339 493
D00 0.0102 109 387 163 412
D00 0.0102 377 547 419 586
D00 0.0102 396 530 434 583
D00 0.0102 162 482 222 600
D00 0.0102 1 466 27 516
D00 0.0102 400 573 455 598
D00 0.0102 7 454 34 510
D00 0.0101 414 556 456 596
D00 0.0101 294 461 367 598
D00 0.0101 154 542 209 600
D00 0.0101 570 539 600 577
D00 0.0100 233 573 307 600
D00 0.0100 227 440 262 491
D00 0.0100 144 523 168 579
D00 0.0100 296 452 350 481
D10 0.0641 379 522 444 555
D10 0.0622 36 496 128 517
D10 0.0608 29 498 94 515
D10 0.0600 64 497 154 520
D10 0.0560 82 490 173 515
D10 0.0543 22 492 80 513
D10 0.0532 13 498 69 517
D10 0.0525 43 487 161 518
D10 0.0522 16 492 154 530
D10 0.0487 5 491 57 514
D10 0.0475 217 460 263 484
D10 0.0468 384 519 434 545
D10 0.0453 97 499 173 518
D10 0.0442 209 453 257 477
D10 0.0426 4 469 168 524
D10 0.0420 0 497 47 519
D10 0.0415 4 491 104 524
D10 0.0383 121 492 181 511
D10 0.0382 324 450 379 478
D10 0.0330 0 472 98 518
D10 0.0329 368 487 412 513
D10 0.0318 320 467 374 493
D10 0.0313 373 527 425 550
D10 0.0300 211 453 287 490
D10 0.0297 228 452 366 497
D10 0.0294 342 519 432 558
D10 0.0292 354 482 406 505
D10 0.0275 0 481 117 540
D10 0.0268 24 480 191 549
D10 0.0264 291 469 349 492
D10 0.0257 398 527 454 551
D10 0.0257 78 475 189 519
D10 0.0257 0 488 63 530
D10 0.0242 226 454 280 478
D10 0.0239 342 479 419 528
D10 0.0239 389 533 448 558
D10 0.0238 101 492 188 526
D10 0.0236 334 443 391 468
D10 0.0235 359 518 417 542
D10 0.0233 218 467 262 496
D10 0.0232 384 505 430 537
D10 0.0226 192 457 261 489
D10 0.0225 321 471 414 516
D10 0.0224 104 435 166 456
D10 0.0219 198 444 248 470
D10 0.0216 188 452 244 475
D10 0.0211 350 522 443 583
D10 0.0201 275 395 332 419
D10 0.0199 137 497 183 519
D10 0.0196 335 470 394 496
D10 0.0195 54 499 149 536
D10 0.0190 200 469 249 496
D10 0.0188 320 510 425 548
D10 0.0188 87 429 185 461
D10 0.0187 8 505 53 531
D10 0.0186 332 459 390 484
D10 0.0186 345 527 410 549
D10 0.0183 231 462 295 485
D10 0.0180 254 468 346 495
D10 0.0178 329 478 392 502
D10 0.0175 286 405 341 428
D10 0.0171 95 482 156 508
D10 0.0170 241 501 332 537
D10 0.0169 25 505 76 530
D10 0.0168 216 443 259 473
D10 0.0168 361 494 411 526
D10 0.0167 232 467 358 512
D10 0.0165 374 482 417 506
D10 0.0165 86 502 167 532
D10 0.0165 294 396 348 419
D10 0.0164 34 502 110 532
D10 0.0163 11 503 118 559
D10 0.0162 335 519 399 540
D10 0.0162 323 435 420 475
D10 0.0161 0 480 43 508
D10 0.0160 70 477 148 512
D10 0.0159 246 386 297 410
D10 0.0159 332 433 381 461
D10 0.0159 96 443 155 463
D10 0.0158 148 490 194 511
D10 0.0158 35 481 88 510
D10 0.0156 40 460 215 533
D10 0.0155 389 519 478 565
D10 0.0154 41 478 124 512
D10 0.0154 257 509 314 528
D10 0.0153 344 451 402 473
D10 0.0153 42 504 160 557
D10 0.0151 354 531 423 563
D10 0.0149 16 480 65 509
D10 0.0148 224 466 304 496
D10 0.0147 10 449 118 510
D10 0.0147 356 443 416 465
D10 0.0147 284 387 340 410
D10 0.0145 59 506 122 529
D10 0.0145 171 444 268 486
D10 0.0144 361 506 414 536
D10 0.0143 386 495 436 525
D10 0.0140 255 393 304 418
D10 0.0138 258 387 349 424
D10 0.0138 306 405 357 427
D10 0.0138 187 479 239 503
D10 0.0137 402 508 453 533
D10 0.0133 0 490 175 580
D10 0.0132 290 477 343 500
D10 0.0132 342 451 439 506
D10 0.0132 540 574 597 599
D10 0.0131 254 570 359 600
D10 0.0130 241 545 390 600
D10 0.0130 210 478 254 504
D10 0.0127 347 434 404 459
D10 0.0126 178 471 231 496
D10 0.0126 180 460 270 504
D10 0.0125 380 499 467 547
D10 0.0125 179 443 231 466
D10 0.0124 401 514 470 548
D10 0.0124 105 439 182 465
D10 0.0123 205 467 308 515
D10 0.0122 73 436 165 471
D10 0.0122 270 396 355 435
D10 0.0122 386 542 441 569
D10 0.0120 310 484 410 538
D10 0.0120 113 479 187 511
D10 0.0119 2 553 39 582
D10 0.0119 60 451 173 509
D10 0.0118 553 563 599 593
D10 0.0118 98 422 173 452
D10 0.0118 285 518 430 592
D10 0.0117 88 483 216 541
D10 0.0116 74 431 147 459
D10 0.0115 318 476 365 501
D10 0.0115 225 358 280 379
D10 0.0114 412 535 466 560
D10 0.0113 318 414 365 434
D10 0.0113 0 489 28 514
D10 0.0112 23 492 57 522
D10 0.0111 188 405 234 428
D10 0.0110 298 413 349 435
D10 0.0110 553 553 599 581
D10 0.0110 226 350 278 373
D10 0.0110 380 443 435 465
D10 0.0109 223 478 271 503
D10 0.0108 248 539 344 583
D10 0.0107 335 423 383 448
D10 0.0107 504 523 578 552
D10 0.0106 169 480 218 503
D10 0.0105 221 550 330 598
D10 0.0105 266 479 329 499
D10 0.0105 284 465 364 506
D10 0.0104 218 538 306 581
D10 0.0104 337 425 434 465
D10 0.0103 381 553 435 581
D10 0.0103 380 563 436 592
D10 0.0103 249 500 305 525
D10 0.0103 225 490 318 531
D10 0.0102 128 505 176 531
D10 0.0102 553 544 599 569
D10 0.0102 179 461 232 486
D10 0.0102 1 515 42 541
D10 0.0101 32 486 67 516
D10 0.0101 126 483 218 522
D10 0.0100 13 562 60 595
D10 0.0100 236 377 289 402
D10 0.0100 363 471 408 497
D20 0.0527 354 483 461 596
D20 0.0521 335 452 448 575
D20 0.0478 315 441 387 486
D20 0.0432 198 421 395 500
D20 0.0401 314 430 433 547
D20 0.0358 48 418 490 588
D20 0.0351 310 443 547 581
D20 0.0339 307 428 415 500
D20 0.0310 377 502 446 557
D20 0.0293 311 457 397 501
D20 0.0273 365 485 436 542
D20 0.0273 248 466 481 600
D20 0.0263 0 411 42 493
D20 0.0240 250 447 425 529
D20 0.0224 362 508 525 597
D20 0.0213 203 452 313 498
D20 0.0212 322 421 520 535
D20 0.0211 0 434 179 520
D20 0.0209 309 519 467 600
D20 0.0209 0 441 85 600
D20 0.0206 373 539 463 597
D20 0.0203 252 414 473 547
D20 0.0192 0 393 84 535
D20 0.0191 253 370 336 410
D20 0.0183 215 436 340 489
D20 0.0182 0 395 138 485
D20 0.0180 316 410 435 481
D20 0.0175 211 432 254 500
D20 0.0175 0 475 44 547
D20 0.0173 352 464 466 542
D20 0.0170 332 463 408 523
D20 0.0169 360 477 526 568
D20 0.0169 0 456 236 600
D20 0.0161 349 473 600 599
D20 0.0161 0 436 31 506
D20 0.0156 0 0 408 294
D20 0.0154 0 449 43 524
D20 0.0153 167 0 600 294
D20 0.0152 322 426 409 471
D20 0.0151 205 416 300 501
D20 0.0150 0 426 58 558
D20 0.0149 0 394 57 448
D20 0.0148 0 311 408 600
D20 0.0146 193 434 284 489
D20 0.0143 249 405 376 488
D20 0.0142 215 371 589 600
D20 0.0142 0 118 290 600
D20 0.0139 265 378 353 417
D20 0.0137 315 387 476 469
D20 0.0136 5 434 75 517
D20 0.0136 312 118 600 600
D20 0.0135 239 535 434 600
D20 0.0132 0 501 154 600
D20 0.0132 0 0 219 147
D20 0.0130 374 0 600 146
D20 0.0130 275 384 420 484
D20 0.0128 199 419 396 587
D20 0.0127 454 0 600 217
D20 0.0127 0 0 600 434
D20 0.0127 0 484 43 600
D20 0.0126 209 438 345 540
D20 0.0125 301 477 417 600
D20 0.0125 222 442 267 503
D20 0.0124 0 465 138 572
D20 0.0121 200 419 245 490
D20 0.0121 52 236 600 600
D20 0.0120 247 358 369 414
D20 0.0120 201 416 259 525
D20 0.0119 250 361 368 468
D20 0.0118 0 375 146 600
D20 0.0118 450 376 600 600
D20 0.0117 63 350 470 536
D20 0.0117 20 476 61 547
D20 0.0116 279 384 508 512
D20 0.0115 8 476 75 526
D20 0.0114 270 360 351 401
D20 0.0114 6 454 119 534
D20 0.0111 0 526 27 600
D20 0.0110 0 533 105 600
D20 0.0109 233 371 355 430
D20 0.0108 527 0 600 108
D20 0.0107 0 364 134 446
D20 0.0106 387 0 600 298
D20 0.0106 184 434 295 548
D20 0.0106 175 450 264 501
D20 0.0105 166 405 275 511
D20 0.0105 289 370 371 410
D20 0.0105 217 369 340 488
D20 0.0105 162 507 423 600
D20 0.0104 225 464 410 560
D20 0.0104 573 526 600 600
D20 0.0101 222 351 302 387
D20 0.0100 494 0 600 148
D40 0.0621 382 527 437 550
D40 0.0382 377 523 445 569
D40 0.0350 380 533 430 558
D40 0.0347 384 514 427 548
D40 0.0230 1 428 29 481
D40 0.0227 376 523 416 554
D40 0.0206 0 417 43 473
D40 0.0180 0 405 73 450
D40 0.0166 398 523 447 555
D40 0.0165 292 568 385 600
D40 0.0158 357 532 435 582
D40 0.0157 0 409 44 445
D40 0.0156 379 536 421 575
D40 0.0150 309 575 369 598
D40 0.0138 2 430 42 459
D40 0.0135 0 440 39 468
D40 0.0135 0 451 29 492
D40 0.0133 4 420 54 449
D40 0.0126 278 540 428 600
D40 0.0120 311 558 412 599
D40 0.0117 3 485 39 518
D40 0.0106 0 449 37 477
