D00 0.1507 367 506 414 600
D00 0.1218 305 394 418 593
D00 0.1094 335 493 416 595
D00 0.1027 293 352 375 546
D00 0.0919 383 522 422 600
D00 0.0867 295 420 331 524
D00 0.0858 386 546 412 598
D00 0.0857 390 427 426 466
D00 0.0817 304 366 356 488
D00 0.0794 298 400 343 484
D00 0.0759 302 354 346 448
D00 0.0755 384 517 410 581
D00 0.0742 0 505 96 595
D00 0.0708 294 425 318 483
D00 0.0703 0 533 66 600
D00 0.0683 302 520 349 600
D00 0.0642 303 421 362 548
D00 0.0635 383 420 444 475
D00 0.0613 289 408 326 494
D00 0.0604 301 431 324 495
D00 0.0600 295 370 336 468
D00 0.0594 505 468 592 592
D00 0.0560 294 339 338 417
D00 0.0533 304 472 348 574
D00 0.0532 306 450 338 530
D00 0.0516 165 386 215 412
D00 0.0504 327 526 401 600
D00 0.0497 303 449 326 516
D00 0.0493 356 546 411 599
D00 0.0462 309 356 337 407
D00 0.0460 316 494 389 568
D00 0.0451 393 556 418 600
D00 0.0442 351 499 459 597
D00 0.0438 301 354 328 406
D00 0.0435 319 395 364 475
D00 0.0434 315 384 351 452
D00 0.0413 388 425 442 450
D00 0.0404 288 339 323 400
D00 0.0404 301 349 348 399
D00 0.0392 367 433 433 472
D00 0.0388 523 539 583 599
D00 0.0383 159 393 210 417
D00 0.0376 312 387 373 508
D00 0.0374 151 406 205 511
D00 0.0374 300 407 325 470
D00 0.0373 365 424 433 456
D00 0.0373 287 353 328 440
D00 0.0368 313 432 348 521
D00 0.0368 25 518 92 578
D00 0.0366 353 431 437 580
D00 0.0364 317 364 346 417
D00 0.0360 288 441 348 560
D00 0.0357 309 370 337 430
D00 0.0354 375 570 416 599
D00 0.0353 330 439 374 538
D00 0.0352 169 382 213 474
D00 0.0350 310 536 338 595
D00 0.0337 387 550 434 599
D00 0.0333 386 536 418 578
D00 0.0328 321 364 359 438
D00 0.0328 302 369 327 429
D00 0.0327 391 431 453 459
D00 0.0324 136 372 219 509
D00 0.0324 319 470 373 554
D00 0.0322 141 431 186 505
D00 0.0319 294 399 318 461
D00 0.0318 539 495 596 597
D00 0.0315 0 525 52 579
D00 0.0315 185 575 238 599
D00 0.0315 510 529 570 590
D00 0.0314 307 423 333 484
D00 0.0311 171 377 223 419
D00 0.0311 149 431 197 482
D00 0.0306 388 430 468 485
D00 0.0306 219 376 394 594
D00 0.0300 324 455 359 533
D00 0.0299 537 572 591 598
D00 0.0297 7 555 53 596
D00 0.0295 535 557 576 595
D00 0.0295 260 340 352 502
D00 0.0295 296 343 332 383
D00 0.0291 174 385 207 426
D00 0.0290 342 449 412 567
D00 0.0289 149 440 179 489
D00 0.0287 159 378 211 405
D00 0.0284 311 480 335 540
D00 0.0282 9 524 134 583
D00 0.0282 328 417 502 583
D00 0.0277 438 455 501 530
D00 0.0276 527 549 569 588
D00 0.0276 317 546 345 598
D00 0.0274 6 474 118 573
D00 0.0274 293 361 319 413
D00 0.0271 10 538 82 576
D00 0.0270 361 425 479 530
D00 0.0265 360 565 402 599
D00 0.0265 327 394 354 444
D00 0.0263 308 510 363 568
D00 0.0263 38 522 100 556
D00 0.0262 312 535 370 597
D00 0.0260 309 399 336 460
D00 0.0257 178 420 204 473
D00 0.0256 17 422 153 585
D00 0.0254 545 555 598 599
D00 0.0253 4 572 58 598
D00 0.0253 320 427 400 548
D00 0.0252 131 449 180 496
D00 0.0247 393 439 454 471
D00 0.0246 369 513 436 571
D00 0.0246 344 538 383 599
D00 0.0244 154 379 214 428
D00 0.0242 168 423 197 474
D00 0.0241 210 494 231 548
D00 0.0241 18 549 77 597
D00 0.0239 283 345 310 395
D00 0.0239 311 512 337 567
D00 0.0238 317 463 344 524
D00 0.0234 311 483 362 540
D00 0.0234 318 550 431 600
D00 0.0233 294 378 318 438
D00 0.0232 318 407 347 465
D00 0.0230 181 384 217 449
D00 0.0230 326 425 359 506
D00 0.0228 203 487 239 566
D00 0.0228 514 492 581 564
D00 0.0226 267 391 336 534
D00 0.0226 294 366 339 393
D00 0.0225 159 406 225 545
D00 0.0225 133 397 195 494
D00 0.0225 289 353 430 486
D00 0.0225 1 532 32 586
D00 0.0224 158 445 186 494
D00 0.0222 141 455 169 504
D00 0.0222 470 483 570 596
D00 0.0222 295 450 319 512
D00 0.0221 395 409 457 454
D00 0.0221 363 526 400 591
D00 0.0220 300 492 334 567
D00 0.0217 178 398 205 456
D00 0.0216 286 338 322 369
D00 0.0214 134 383 207 415
D00 0.0213 120 372 231 431
D00 0.0211 300 347 348 374
D00 0.0208 378 543 455 595
D00 0.0207 112 423 203 525
D00 0.0206 148 360 238 412
D00 0.0206 327 410 374 492
D00 0.0205 272 367 328 479
D00 0.0205 290 416 364 475
D00 0.0202 277 351 337 392
D00 0.0200 456 459 530 532
D00 0.0200 333 404 432 538
D00 0.0198 0 415 110 549
D00 0.0197 323 568 401 600
D00 0.0197 341 507 391 585
D00 0.0197 521 540 562 580
D00 0.0197 159 422 218 483
D00 0.0196 370 485 497 585
D00 0.0195 316 520 346 577
D00 0.0195 180 552 242 600
D00 0.0195 561 467 600 515
D00 0.0194 41 529 84 568
D00 0.0194 74 389 213 502
D00 0.0194 285 498 355 591
D00 0.0193 142 449 187 480
D00 0.0193 165 364 223 448
D00 0.0191 328 477 382 532
D00 0.0190 323 405 376 450
D00 0.0190 188 408 213 465
D00 0.0190 182 368 233 412
D00 0.0190 491 507 564 577
D00 0.0190 139 355 242 460
D00 0.0190 0 474 64 577
D00 0.0187 208 501 248 592
D00 0.0187 35 381 102 415
D00 0.0186 383 467 447 576
D00 0.0185 358 558 384 600
D00 0.0185 217 501 239 557
D00 0.0184 185 466 244 596
D00 0.0183 375 415 443 447
D00 0.0183 461 469 502 532
D00 0.0182 358 421 452 495
D00 0.0182 323 360 356 405
D00 0.0182 136 389 217 449
D00 0.0182 158 440 203 470
D00 0.0182 0 515 29 568
D00 0.0181 309 560 360 600
D00 0.0181 125 440 202 490
D00 0.0181 1 387 93 430
D00 0.0181 405 423 439 471
D00 0.0178 19 541 109 591
D00 0.0176 0 383 106 500
D00 0.0174 0 562 92 600
D00 0.0173 193 561 229 597
D00 0.0173 298 369 355 405
D00 0.0173 0 362 190 600
D00 0.0172 278 426 321 510
D00 0.0171 45 498 95 568
D00 0.0168 328 416 356 471
D00 0.0167 167 402 212 424
D00 0.0167 50 516 90 549
D00 0.0166 286 419 312 473
D00 0.0166 189 389 226 423
D00 0.0165 400 411 430 458
D00 0.0165 172 412 249 580
D00 0.0165 338 465 365 527
D00 0.0164 386 509 419 562
D00 0.0163 145 453 179 519
D00 0.0163 168 391 199 439
D00 0.0160 397 533 426 587
D00 0.0160 375 400 428 471
D00 0.0160 167 372 200 413
D00 0.0160 318 492 347 552
D00 0.0159 45 375 111 406
D00 0.0159 0 400 69 456
D00 0.0159 3 386 126 452
D00 0.0158 7 373 154 432
D00 0.0158 535 482 577 543
D00 0.0158 173 374 240 500
D00 0.0157 400 433 430 480
D00 0.0157 37 532 82 596
D00 0.0156 56 383 265 570
D00 0.0156 146 568 244 600
D00 0.0156 301 479 332 522
D00 0.0155 202 446 258 588
D00 0.0155 450 451 490 516
D00 0.0155 68 360 220 417
D00 0.0154 323 527 357 589
D00 0.0153 359 475 398 544
D00 0.0153 381 533 421 560
D00 0.0152 302 531 331 581
D00 0.0151 132 426 222 585
D00 0.0150 562 478 600 583
D00 0.0150 393 400 484 495
D00 0.0149 412 435 525 585
D00 0.0148 282 524 336 600
D00 0.0148 267 442 326 556
D00 0.0148 334 384 363 434
D00 0.0147 370 551 411 582
D00 0.0147 274 346 320 375
D00 0.0146 151 413 200 468
D00 0.0146 517 411 560 445
D00 0.0146 13 453 78 557
D00 0.0146 372 462 415 553
D00 0.0146 148 458 194 486
D00 0.0145 292 390 366 448
D00 0.0144 538 482 591 520
D00 0.0143 190 440 237 556
D00 0.0143 313 433 348 474
D00 0.0142 146 430 185 467
D00 0.0142 160 375 255 423
D00 0.0142 453 575 512 598
D00 0.0142 299 396 330 438
D00 0.0142 216 523 259 600
D00 0.0141 167 444 195 493
D00 0.0141 162 364 223 400
D00 0.0141 359 378 415 401
D00 0.0140 304 450 335 494
D00 0.0140 529 505 568 581
D00 0.0140 23 534 59 586
D00 0.0140 265 356 330 414
D00 0.0139 335 548 368 598
D00 0.0139 127 463 167 497
D00 0.0139 289 439 326 469
D00 0.0138 138 463 171 529
D00 0.0138 382 539 443 575
D00 0.0138 142 359 371 554
D00 0.0138 182 383 320 578
D00 0.0137 391 387 445 464
D00 0.0136 110 457 190 504
D00 0.0136 206 468 233 543
D00 0.0136 170 460 223 570
D00 0.0136 348 460 390 539
D00 0.0136 24 559 56 600
D00 0.0136 567 559 600 597
D00 0.0136 509 567 577 600
D00 0.0135 187 384 229 467
D00 0.0135 583 465 600 514
D00 0.0135 30 394 88 421
D00 0.0133 301 548 331 599
D00 0.0133 8 420 86 498
D00 0.0133 571 443 600 507
D00 0.0131 0 506 48 561
D00 0.0131 349 559 376 600
D00 0.0131 381 581 428 600
D00 0.0131 559 481 600 532
D00 0.0131 548 454 600 501
D00 0.0131 25 416 140 512
D00 0.0131 281 335 310 377
D00 0.0131 215 488 255 569
D00 0.0130 142 434 171 484
D00 0.0130 42 509 114 589
D00 0.0130 152 391 264 526
D00 0.0128 4 371 96 412
D00 0.0128 201 535 236 600
D00 0.0128 477 536 555 600
D00 0.0128 56 379 194 423
D00 0.0128 343 581 401 600
D00 0.0127 189 502 275 596
D00 0.0127 386 569 460 600
D00 0.0127 199 371 237 406
D00 0.0127 172 443 207 481
D00 0.0126 298 414 354 455
D00 0.0125 161 392 234 439
D00 0.0125 381 428 422 483
D00 0.0124 374 502 425 553
D00 0.0124 308 337 336 379
D00 0.0124 307 378 363 415
D00 0.0123 158 379 192 417
D00 0.0123 448 550 516 600
D00 0.0123 334 410 362 460
D00 0.0122 333 366 366 413
D00 0.0122 327 494 359 551
D00 0.0121 264 482 330 582
D00 0.0121 139 468 183 494
D00 0.0121 462 572 542 600
D00 0.0121 153 340 268 434
D00 0.0120 282 569 353 600
D00 0.0120 563 531 600 600
D00 0.0120 152 459 206 565
D00 0.0120 292 463 325 530
D00 0.0119 47 507 125 554
D00 0.0119 409 443 472 546
D00 0.0119 195 359 225 405
D00 0.0119 14 406 154 476
D00 0.0119 284 362 311 408
D00 0.0118 403 502 468 594
D00 0.0118 426 415 496 479
D00 0.0118 330 420 391 468
D00 0.0117 90 411 199 474
D00 0.0117 123 391 199 421
D00 0.0117 47 530 104 581
D00 0.0116 204 570 247 599
D00 0.0116 350 364 389 397
D00 0.0116 46 388 202 456
D00 0.0116 49 444 113 503
D00 0.0115 226 347 251 393
D00 0.0114 178 451 295 588
D00 0.0114 389 530 430 568
D00 0.0114 20 440 104 518
D00 0.0114 337 490 369 541
D00 0.0114 461 513 529 579
D00 0.0114 516 542 549 591
D00 0.0113 479 367 598 539
D00 0.0113 36 556 137 597
D00 0.0113 296 429 333 460
D00 0.0113 149 505 245 593
D00 0.0113 19 395 80 437
D00 0.0113 57 385 113 410
D00 0.0112 168 432 211 460
D00 0.0112 173 570 217 599
D00 0.0112 283 442 317 482
D00 0.0112 385 412 415 456
D00 0.0112 339 445 364 507
D00 0.0112 579 473 600 538
D00 0.0112 33 378 92 402
D00 0.0111 145 374 188 408
D00 0.0110 173 354 214 412
D00 0.0110 222 511 252 583
D00 0.0110 420 410 471 443
D00 0.0110 277 331 314 358
D00 0.0110 344 388 419 475
D00 0.0110 236 365 259 408
D00 0.0110 546 581 600 600
D00 0.0109 295 332 331 360
D00 0.0109 217 519 241 576
D00 0.0108 57 447 121 483
D00 0.0108 203 357 250 403
D00 0.0108 35 482 101 541
D00 0.0108 224 480 272 585
D00 0.0108 530 544 577 572
D00 0.0108 59 572 137 599
D00 0.0107 19 363 141 411
D00 0.0107 211 344 246 377
D00 0.0107 431 482 497 521
D00 0.0107 227 365 251 409
D00 0.0106 431 402 478 436
D00 0.0106 281 370 355 427
D00 0.0105 1 428 60 533
D00 0.0105 528 531 566 570
D00 0.0105 274 327 319 396
D00 0.0105 27 574 90 597
D00 0.0105 357 387 417 407
D00 0.0105 156 540 230 600
D00 0.0105 346 456 374 519
D00 0.0104 16 431 117 486
D00 0.0104 0 414 54 473
D00 0.0104 164 341 261 397
D00 0.0104 196 399 222 452
D00 0.0104 270 427 344 483
D00 0.0104 182 435 216 472
D00 0.0104 35 440 123 557
D00 0.0104 194 352 241 422
D00 0.0104 283 382 316 455
D00 0.0103 335 402 380 435
D00 0.0103 200 353 237 386
D00 0.0103 200 547 271 600
D00 0.0103 9 508 78 560
D00 0.0102 447 485 529 598
D00 0.0101 41 385 124 426
D00 0.0101 375 424 411 466
D00 0.0101 135 418 240 496
D00 0.0100 76 427 175 497
D00 0.0100 178 498 243 557
D00 0.0100 0 488 32 556
D00 0.0100 0 561 31 600
D00 0.0100 487 558 564 595
D10 0.0842 518 430 599 455
D10 0.0775 322 497 407 549
D10 0.0634 271 533 350 563
D10 0.0628 342 448 428 475
D10 0.0623 522 469 600 501
D10 0.0577 337 500 395 526
D10 0.0570 514 426 577 450
D10 0.0508 502 419 592 453
D10 0.0499 330 433 442 473
D10 0.0488 361 502 402 524
D10 0.0486 323 414 380 437
D10 0.0474 365 505 417 540
D10 0.0432 323 443 417 485
D10 0.0431 313 408 418 447
D10 0.0425 334 451 394 471
D10 0.0421 284 502 383 569
D10 0.0412 362 440 427 468
D10 0.0412 316 493 387 530
D10 0.0410 511 476 596 514
D10 0.0409 353 427 433 464
D10 0.0403 292 542 346 566
D10 0.0394 335 421 432 451
D10 0.0391 375 443 443 477
D10 0.0386 338 443 412 467
D10 0.0380 41 520 149 552
D10 0.0370 0 402 71 434
D10 0.0370 318 414 458 465
D10 0.0355 542 477 596 506
D10 0.0351 8 507 113 568
D10 0.0339 543 425 598 449
D10 0.0337 557 433 600 454
D10 0.0333 533 436 600 465
D10 0.0332 392 425 456 448
D10 0.0328 448 411 592 470
D10 0.0327 313 497 364 523
D10 0.0326 372 447 472 487
D10 0.0318 327 422 396 446
D10 0.0316 505 431 590 471
D10 0.0312 475 426 575 460
D10 0.0304 319 466 412 524
D10 0.0303 559 471 600 496
D10 0.0299 363 453 436 484
D10 0.0296 465 433 590 489
D10 0.0295 246 523 366 582
D10 0.0294 320 405 366 432
D10 0.0285 320 403 401 435
D10 0.0282 308 534 362 561
D10 0.0279 312 412 357 437
D10 0.0278 292 527 346 555
D10 0.0277 305 506 354 528
D10 0.0273 446 456 555 495
D10 0.0272 58 527 133 547
D10 0.0272 352 459 412 480
D10 0.0271 532 463 595 488
D10 0.0268 5 543 63 571
D10 0.0266 12 490 118 545
D10 0.0265 95 459 178 491
D10 0.0262 4 414 62 437
D10 0.0256 144 525 225 553
D10 0.0251 320 437 390 471
D10 0.0250 303 410 384 462
D10 0.0247 363 501 440 551
D10 0.0246 27 502 196 564
D10 0.0245 296 497 345 521
D10 0.0245 342 489 393 517
D10 0.0245 325 427 407 464
D10 0.0244 343 416 419 439
D10 0.0244 319 420 366 447
D10 0.0244 7 551 59 582
D10 0.0244 303 366 349 394
D10 0.0243 280 339 329 361
D10 0.0243 53 520 119 544
D10 0.0242 259 367 318 392
D10 0.0242 388 459 452 481
D10 0.0240 521 489 592 527
D10 0.0239 515 440 580 462
D10 0.0239 395 450 460 477
D10 0.0237 258 537 324 557
D10 0.0236 143 528 244 568
D10 0.0235 491 425 559 448
D10 0.0235 310 527 383 567
D10 0.0234 298 500 364 535
D10 0.0233 269 543 333 565
D10 0.0232 395 412 478 445
D10 0.0228 389 427 472 462
D10 0.0228 15 481 175 550
D10 0.0227 297 340 348 361
D10 0.0224 48 526 106 550
D10 0.0223 4 561 51 594
D10 0.0223 58 512 172 547
D10 0.0222 284 366 330 393
D10 0.0222 311 374 358 399
D10 0.0221 558 440 600 460
D10 0.0220 268 529 332 554
D10 0.0219 2 534 52 563
D10 0.0215 270 333 321 353
D10 0.0212 111 378 218 423
D10 0.0212 320 487 372 517
D10 0.0211 324 514 380 543
D10 0.0211 298 428 386 481
D10 0.0210 158 536 224 557
D10 0.0208 272 375 324 398
D10 0.0206 478 459 568 489
D10 0.0205 464 505 563 554
D10 0.0204 424 497 516 534
D10 0.0204 26 485 94 516
D10 0.0204 314 542 372 567
D10 0.0204 321 573 383 598
D10 0.0203 466 462 539 484
D10 0.0201 118 469 173 493
D10 0.0196 304 551 349 580
D10 0.0195 2 396 66 421
D10 0.0194 15 493 89 524
D10 0.0192 287 492 357 526
D10 0.0190 324 395 379 421
D10 0.0190 305 515 353 542
D10 0.0188 236 373 323 400
D10 0.0187 338 459 389 481
D10 0.0185 0 522 73 560
D10 0.0185 24 526 161 579
D10 0.0183 133 390 207 420
D10 0.0182 195 575 256 598
D10 0.0182 390 416 446 441
D10 0.0182 11 391 87 425
D10 0.0181 295 374 338 399
D10 0.0181 533 505 589 531
D10 0.0180 288 334 337 354
D10 0.0179 133 528 196 550
D10 0.0177 516 440 599 492
D10 0.0176 80 525 169 551
D10 0.0175 318 384 368 408
D10 0.0174 530 510 595 544
D10 0.0172 318 441 366 466
D10 0.0171 275 485 371 536
D10 0.0170 457 404 544 431
D10 0.0168 41 498 96 520
D10 0.0168 569 477 600 505
D10 0.0168 0 526 51 553
D10 0.0168 51 521 225 582
D10 0.0167 305 487 349 516
D10 0.0167 28 515 94 549
D10 0.0166 79 519 153 542
D10 0.0163 344 480 419 535
D10 0.0162 505 503 587 554
D10 0.0162 103 521 209 555
D10 0.0161 369 496 435 529
D10 0.0161 85 462 152 485
D10 0.0161 443 507 502 530
D10 0.0161 354 485 410 521
D10 0.0161 250 365 341 407
D10 0.0159 341 445 456 500
D10 0.0159 468 450 555 482
D10 0.0158 310 562 360 594
D10 0.0158 300 388 376 448
D10 0.0157 483 437 566 469
D10 0.0157 467 411 557 441
D10 0.0156 557 486 600 514
D10 0.0155 301 439 342 467
D10 0.0155 492 521 562 556
D10 0.0155 181 567 274 600
D10 0.0154 125 532 205 560
D10 0.0154 466 523 558 572
D10 0.0154 192 565 243 595
D10 0.0154 27 504 93 538
D10 0.0153 48 489 104 512
D10 0.0152 301 573 353 598
D10 0.0152 310 444 374 478
D10 0.0151 286 511 355 549
D10 0.0150 305 544 366 587
D10 0.0149 274 356 321 387
D10 0.0148 0 405 44 429
D10 0.0148 384 387 454 407
D10 0.0148 476 525 542 549
D10 0.0147 31 479 119 523
D10 0.0147 66 528 164 565
D10 0.0146 470 469 539 492
D10 0.0146 533 450 592 477
D10 0.0145 163 541 236 572
D10 0.0145 393 464 473 495
D10 0.0145 308 498 342 538
D10 0.0145 309 449 353 472
D10 0.0144 304 443 384 506
D10 0.0143 303 420 346 448
D10 0.0142 525 415 586 442
D10 0.0142 23 526 85 553
D10 0.0140 184 545 236 566
D10 0.0140 283 506 337 528
D10 0.0139 46 529 125 559
D10 0.0139 49 506 124 539
D10 0.0139 119 452 177 480
D10 0.0138 249 332 308 351
D10 0.0138 196 535 242 559
D10 0.0137 368 507 497 563
D10 0.0137 214 545 341 593
D10 0.0137 222 506 339 565
D10 0.0137 313 393 355 422
D10 0.0136 525 515 600 563
D10 0.0136 305 403 347 430
D10 0.0136 356 467 473 520
D10 0.0136 144 547 249 596
D10 0.0135 184 526 237 551
D10 0.0135 76 488 194 541
D10 0.0134 124 509 228 561
D10 0.0134 310 429 354 460
D10 0.0134 156 562 233 597
D10 0.0133 486 517 551 541
D10 0.0132 419 422 485 443
D10 0.0132 522 516 575 539
D10 0.0131 232 537 334 577
D10 0.0131 454 454 527 479
D10 0.0131 326 533 388 559
D10 0.0130 538 526 591 548
D10 0.0129 133 442 184 468
D10 0.0129 185 367 233 394
D10 0.0128 386 544 435 569
D10 0.0128 165 449 213 477
D10 0.0128 151 402 204 423
D10 0.0126 276 546 344 585
D10 0.0126 193 357 242 381
D10 0.0126 230 378 286 400
D10 0.0126 478 433 551 453
D10 0.0125 142 434 191 459
D10 0.0125 230 369 287 392
D10 0.0125 28 404 86 429
D10 0.0124 35 467 166 526
D10 0.0124 571 461 600 488
D10 0.0124 174 441 223 468
D10 0.0124 181 547 286 595
D10 0.0124 556 497 600 523
D10 0.0124 285 488 335 515
D10 0.0123 186 530 250 564
D10 0.0122 28 553 85 580
D10 0.0122 305 333 357 354
D10 0.0121 173 524 262 574
D10 0.0120 346 406 411 430
D10 0.0120 190 376 242 402
D10 0.0119 364 463 433 496
D10 0.0119 506 463 576 484
D10 0.0119 201 526 312 583
D10 0.0119 424 572 506 600
D10 0.0119 512 526 564 549
D10 0.0118 305 383 346 408
D10 0.0118 295 448 331 474
D10 0.0118 136 516 211 548
D10 0.0117 294 563 344 593
D10 0.0117 385 551 458 585
D10 0.0117 0 516 50 541
D10 0.0117 556 507 600 532
D10 0.0117 156 459 203 485
D10 0.0117 448 468 511 490
D10 0.0116 4 485 72 519
D10 0.0116 241 329 343 374
D10 0.0116 189 385 242 411
D10 0.0115 130 518 258 590
D10 0.0115 489 539 561 577
D10 0.0114 0 502 72 537
D10 0.0114 72 505 161 536
D10 0.0114 434 511 508 540
D10 0.0114 49 495 122 526
D10 0.0113 335 562 391 594
D10 0.0113 270 498 328 520
D10 0.0112 492 534 552 561
D10 0.0112 322 453 385 489
D10 0.0112 408 432 476 455
D10 0.0111 0 422 50 449
D10 0.0110 323 552 381 581
D10 0.0110 0 383 72 416
D10 0.0110 561 449 600 476
D10 0.0110 186 554 234 581
D10 0.0110 401 562 488 595
D10 0.0110 297 412 338 436
D10 0.0109 405 405 470 432
D10 0.0108 212 358 260 381
D10 0.0108 194 349 243 372
D10 0.0108 364 490 462 535
D10 0.0108 93 534 180 560
D10 0.0108 384 535 435 561
D10 0.0107 560 423 600 465
D10 0.0107 199 515 241 542
D10 0.0107 557 517 600 540
D10 0.0107 278 575 338 598
D10 0.0106 313 581 373 600
D10 0.0106 58 460 160 500
D10 0.0106 9 518 78 540
D10 0.0106 392 564 451 592
D10 0.0106 277 449 322 476
D10 0.0106 458 440 545 472
D10 0.0106 28 559 106 594
D10 0.0105 201 367 251 393
D10 0.0104 340 446 379 478
D10 0.0104 43 479 95 507
D10 0.0104 545 554 594 582
D10 0.0104 161 513 240 547
D10 0.0103 190 394 242 419
D10 0.0102 20 386 84 412
D10 0.0102 452 395 529 425
D10 0.0102 296 442 349 480
D10 0.0102 94 453 162 480
D10 0.0102 207 525 248 552
D10 0.0101 249 358 310 385
D10 0.0101 273 384 323 409
D10 0.0101 253 497 353 545
D10 0.0101 371 489 416 513
D10 0.0101 381 392 458 422
D10 0.0101 250 340 309 360
D10 0.0100 411 575 479 598
D10 0.0100 320 478 367 505
D10 0.0100 218 373 338 425
D10 0.0100 256 466 355 525
D10 0.0100 172 375 286 423
D20 0.2118 302 426 600 598
D20 0.2066 308 483 424 595
D20 0.1522 73 410 567 589
D20 0.1306 296 402 405 575
D20 0.1166 261 470 504 593
D20 0.1125 463 464 594 591
D20 0.1096 245 498 404 596
D20 0.1070 293 343 374 514
D20 0.1038 435 443 596 535
D20 0.0987 239 377 461 600
D20 0.0873 292 387 479 476
D20 0.0829 502 479 598 525
D20 0.0806 379 422 587 508
D20 0.0752 352 405 525 487
D20 0.0727 307 381 571 520
D20 0.0716 0 531 59 600
D20 0.0714 0 507 134 595
D20 0.0707 305 415 494 512
D20 0.0675 321 522 408 598
D20 0.0670 328 502 493 599
D20 0.0667 108 467 420 597
D20 0.0634 324 429 455 583
D20 0.0632 296 349 364 432
D20 0.0624 373 392 576 466
D20 0.0620 342 424 437 467
D20 0.0589 316 509 404 569
D20 0.0589 305 512 357 600
D20 0.0563 391 483 579 580
D20 0.0562 303 368 433 446
D20 0.0526 304 360 385 405
D20 0.0471 280 459 384 576
D20 0.0467 508 454 600 545
D20 0.0457 223 430 402 587
D20 0.0432 341 446 537 546
D20 0.0429 393 406 491 447
D20 0.0418 308 362 373 463
D20 0.0416 330 488 404 548
D20 0.0409 280 520 385 585
D20 0.0394 382 431 481 480
D20 0.0392 376 414 501 470
D20 0.0392 317 368 386 433
D20 0.0391 0 165 557 591
D20 0.0389 422 411 595 471
D20 0.0384 298 492 361 571
D20 0.0378 309 457 398 544
D20 0.0377 0 418 298 589
D20 0.0373 0 469 214 597
D20 0.0363 226 333 600 580
D20 0.0356 272 353 406 467
D20 0.0355 533 464 600 520
D20 0.0355 26 433 203 524
D20 0.0349 310 363 357 418
D20 0.0347 363 486 406 568
D20 0.0343 15 343 470 559
D20 0.0340 314 396 454 452
D20 0.0336 490 422 598 516
D20 0.0335 305 549 397 600
D20 0.0332 438 519 596 600
D20 0.0325 177 346 368 425
D20 0.0323 0 511 73 578
D20 0.0323 297 462 340 554
D20 0.0321 304 355 365 391
D20 0.0317 342 379 489 444
D20 0.0316 278 347 356 399
D20 0.0315 312 398 403 442
D20 0.0296 0 432 137 583
D20 0.0294 145 379 221 417
D20 0.0291 411 399 509 439
D20 0.0290 17 15 600 441
D20 0.0284 437 380 600 600
D20 0.0283 116 390 404 563
D20 0.0282 435 455 543 494
D20 0.0281 258 335 370 437
D20 0.0277 306 399 384 483
D20 0.0273 417 400 571 445
D20 0.0265 226 532 377 598
D20 0.0259 453 462 556 506
D20 0.0257 228 340 359 404
D20 0.0256 288 537 366 595
D20 0.0255 314 431 429 522
D20 0.0254 504 406 590 449
D20 0.0252 392 389 481 433
D20 0.0245 394 379 553 440
D20 0.0241 369 516 543 591
D20 0.0240 0 567 57 600
D20 0.0240 348 398 463 540
D20 0.0239 369 373 466 407
D20 0.0235 320 377 406 416
D20 0.0234 244 352 364 493
D20 0.0233 358 410 456 478
D20 0.0233 542 424 600 565
D20 0.0231 322 408 403 464
D20 0.0228 367 507 436 562
D20 0.0228 320 367 378 394
D20 0.0228 518 492 598 539
D20 0.0228 354 451 401 549
D20 0.0226 381 381 472 418
D20 0.0224 299 475 383 530
D20 0.0224 0 501 40 581
D20 0.0223 31 400 212 493
D20 0.0222 529 474 582 549
D20 0.0219 458 417 570 453
D20 0.0219 497 487 600 574
D20 0.0218 243 410 367 554
D20 0.0217 503 550 581 596
D20 0.0216 324 562 425 600
D20 0.0216 294 345 354 380
D20 0.0211 237 358 336 398
D20 0.0211 0 464 63 600
D20 0.0210 27 513 245 587
D20 0.0209 310 360 543 449
D20 0.0209 313 363 439 412
D20 0.0206 273 522 349 574
D20 0.0205 0 0 408 294
D20 0.0203 563 458 600 532
D20 0.0202 167 0 600 294
D20 0.0200 165 369 246 412
D20 0.0200 330 372 397 405
D20 0.0198 257 340 337 388
D20 0.0198 511 415 565 443
D20 0.0197 383 394 456 456
D20 0.0196 0 118 290 600
D20 0.0195 376 420 428 489
D20 0.0194 53 370 227 445
D20 0.0193 298 392 373 446
D20 0.0191 0 550 104 600
D20 0.0189 59 450 208 564
D20 0.0188 552 473 600 551
D20 0.0187 412 402 541 529
D20 0.0187 311 0 600 600
D20 0.0187 32 479 191 549
D20 0.0185 474 389 592 464
D20 0.0184 167 509 375 593
D20 0.0181 84 448 339 570
D20 0.0180 368 543 496 595
D20 0.0179 0 368 170 441
D20 0.0179 435 452 549 597
D20 0.0179 287 341 437 422
D20 0.0176 15 460 159 535
D20 0.0172 0 413 149 513
D20 0.0171 551 439 600 513
D20 0.0170 94 421 211 498
D20 0.0167 322 392 397 425
D20 0.0163 320 359 375 384
D20 0.0162 88 525 333 600
D20 0.0162 479 533 568 584
D20 0.0162 278 452 339 525
D20 0.0161 0 358 237 539
D20 0.0160 384 379 453 400
D20 0.0158 0 538 49 577
D20 0.0157 145 558 242 599
D20 0.0156 161 353 308 414
D20 0.0156 58 449 184 505
D20 0.0154 343 437 427 487
D20 0.0153 346 476 393 541
D20 0.0152 509 365 600 582
D20 0.0152 339 444 407 509
D20 0.0151 299 339 363 366
D20 0.0150 192 343 317 393
D20 0.0150 468 506 549 566
D20 0.0150 328 361 371 419
D20 0.0150 112 443 232 576
D20 0.0150 515 428 593 479
D20 0.0149 441 367 598 449
D20 0.0148 579 458 600 519
D20 0.0148 282 562 373 600
D20 0.0147 258 468 344 588
D20 0.0146 365 247 600 600
D20 0.0144 484 398 568 442
D20 0.0143 394 389 484 482
D20 0.0143 333 381 432 485
D20 0.0141 444 544 565 596
D20 0.0140 134 494 256 598
D20 0.0140 351 375 424 404
D20 0.0140 283 487 334 569
D20 0.0139 312 350 366 373
D20 0.0139 64 368 359 510
D20 0.0138 306 346 408 396
D20 0.0137 332 360 416 400
D20 0.0137 311 341 351 397
D20 0.0135 531 417 597 453
D20 0.0135 573 432 600 510
D20 0.0134 97 444 193 490
D20 0.0133 254 337 321 364
D20 0.0133 195 472 325 594
D20 0.0133 378 564 472 600
D20 0.0132 271 433 382 521
D20 0.0131 164 345 412 470
D20 0.0131 330 384 386 450
D20 0.0130 15 491 92 555
D20 0.0129 336 466 412 527
D20 0.0129 28 469 110 515
D20 0.0129 401 557 508 598
D20 0.0128 534 556 600 600
D20 0.0127 106 540 252 599
D20 0.0127 343 362 485 421
D20 0.0125 150 368 270 430
D20 0.0124 0 225 42 300
D20 0.0124 147 430 231 478
D20 0.0124 365 440 411 532
D20 0.0124 182 358 267 402
D20 0.0123 454 0 600 222
D20 0.0122 32 538 202 597
D20 0.0122 433 391 528 430
D20 0.0121 551 413 600 479
D20 0.0121 0 357 130 420
D20 0.0120 422 405 485 433
D20 0.0119 52 410 274 533
D20 0.0119 453 381 574 433
D20 0.0118 518 436 581 521
D20 0.0118 213 477 357 556
D20 0.0118 334 414 386 489
D20 0.0118 121 389 257 495
D20 0.0118 405 387 467 408
D20 0.0117 0 391 62 445
D20 0.0115 6 342 256 463
D20 0.0115 359 384 440 409
D20 0.0114 0 523 25 590
D20 0.0113 187 317 357 389
D20 0.0113 472 565 572 600
D20 0.0112 0 0 145 223
D20 0.0111 153 394 361 487
D20 0.0111 261 476 358 526
D20 0.0110 435 373 559 491
D20 0.0110 52 451 143 493
D20 0.0110 0 313 154 600
D20 0.0109 531 390 600 506
D20 0.0108 443 512 532 588
D20 0.0108 40 435 169 487
D20 0.0108 172 349 247 394
D20 0.0108 371 529 470 572
D20 0.0107 435 406 507 461
D20 0.0106 472 401 570 503
D20 0.0106 0 393 94 549
D20 0.0104 272 418 345 475
D20 0.0104 297 453 372 517
D20 0.0104 346 410 417 449
D20 0.0103 550 499 600 578
D20 0.0103 337 381 383 413
D20 0.0103 275 312 347 419
D20 0.0102 230 513 314 586
D20 0.0101 511 415 568 472
D20 0.0100 217 328 330 373
D20 0.0100 222 354 336 447
D40 0.2534 348 504 408 571
D40 0.2342 354 509 399 548
D40 0.2150 496 480 583 522
D40 0.2089 265 429 587 595
D40 0.1938 445 456 600 546
D40 0.1792 370 514 403 564
D40 0.1767 314 485 416 596
D40 0.1582 362 508 402 533
D40 0.1406 298 485 518 590
D40 0.1384 464 507 512 531
D40 0.1296 415 452 487 492
D40 0.1078 390 437 591 525
D40 0.1022 462 498 530 537
D40 0.0870 500 474 593 549
D40 0.0858 320 487 410 547
D40 0.0787 350 503 397 526
D40 0.0786 431 460 487 485
D40 0.0770 381 512 410 571
D40 0.0754 454 484 577 539
D40 0.0716 465 513 521 539
D40 0.0714 486 466 584 510
D40 0.0690 372 510 411 546
D40 0.0689 414 428 600 584
D40 0.0673 387 442 485 485
D40 0.0659 432 453 582 509
D40 0.0620 508 494 574 522
D40 0.0609 496 488 564 514
D40 0.0597 381 425 541 495
D40 0.0594 344 513 428 593
D40 0.0587 461 477 588 582
D40 0.0573 427 468 557 524
D40 0.0509 503 450 597 523
D40 0.0466 304 475 389 562
D40 0.0466 367 532 405 559
D40 0.0463 327 519 577 600
D40 0.0451 307 421 453 600
D40 0.0448 350 481 431 560
D40 0.0446 426 466 481 493
D40 0.0419 398 450 530 503
D40 0.0414 365 418 518 533
D40 0.0413 520 478 574 513
D40 0.0409 375 526 405 592
D40 0.0409 501 433 568 452
D40 0.0398 455 499 503 527
D40 0.0381 420 435 580 487
D40 0.0374 453 505 552 551
D40 0.0373 438 490 515 531
D40 0.0372 405 452 472 478
D40 0.0332 497 473 572 497
D40 0.0327 339 495 473 577
D40 0.0327 438 454 500 479
D40 0.0327 331 502 394 559
D40 0.0326 444 475 535 548
D40 0.0324 338 498 389 533
D40 0.0323 481 487 545 534
D40 0.0315 492 497 583 564
D40 0.0310 498 430 581 470
D40 0.0309 413 494 565 569
D40 0.0309 342 521 401 555
D40 0.0308 307 529 343 567
D40 0.0305 397 416 553 466
D40 0.0291 445 453 478 494
D40 0.0290 433 451 502 515
D40 0.0286 436 457 522 488
D40 0.0279 317 456 430 539
D40 0.0276 516 422 562 451
D40 0.0273 3 556 46 596
D40 0.0272 426 429 496 488
D40 0.0272 442 504 518 542
D40 0.0271 459 476 510 539
D40 0.0268 536 466 599 564
D40 0.0266 531 489 578 526
D40 0.0265 473 467 559 499
D40 0.0261 344 436 492 512
D40 0.0258 509 480 551 521
D40 0.0248 484 431 592 501
D40 0.0242 474 507 541 533
D40 0.0230 362 535 413 575
D40 0.0230 427 452 466 490
D40 0.0224 464 518 528 553
D40 0.0224 439 407 547 442
D40 0.0218 470 491 505 533
D40 0.0217 494 500 569 537
D40 0.0216 323 408 359 444
D40 0.0215 509 439 572 463
D40 0.0213 409 465 489 511
D40 0.0212 355 479 516 551
D40 0.0210 424 444 481 470
D40 0.0208 448 431 550 536
D40 0.0199 461 484 527 523
D40 0.0195 351 480 399 536
D40 0.0194 308 489 340 530
D40 0.0194 374 517 427 561
D40 0.0192 492 483 538 520
D40 0.0190 485 479 551 506
D40 0.0190 389 441 428 477
D40 0.0188 319 526 395 567
D40 0.0187 461 489 492 531
D40 0.0181 414 384 600 491
D40 0.0181 488 459 576 490
D40 0.0180 352 489 466 541
D40 0.0175 378 542 411 567
D40 0.0175 448 462 490 498
D40 0.0172 432 403 509 434
D40 0.0172 339 376 393 402
D40 0.0171 530 429 579 455
D40 0.0171 433 441 508 474
D40 0.0170 389 475 537 600
D40 0.0166 400 441 467 470
D40 0.0164 457 407 525 429
D40 0.0160 403 422 490 469
D40 0.0158 299 522 336 560
D40 0.0157 431 413 493 438
D40 0.0154 452 522 566 584
D40 0.0154 410 409 502 513
D40 0.0153 375 499 411 533
D40 0.0152 485 510 534 545
D40 0.0151 286 532 330 563
D40 0.0148 372 456 460 536
D40 0.0145 339 485 384 525
D40 0.0143 408 426 469 492
D40 0.0142 531 470 582 502
D40 0.0141 424 413 518 454
D40 0.0140 456 414 527 437
D40 0.0138 340 367 389 394
D40 0.0136 478 504 516 546
D40 0.0136 502 445 578 481
D40 0.0134 469 455 536 495
D40 0.0131 370 435 419 470
D40 0.0128 457 420 549 449
D40 0.0127 338 386 396 408
D40 0.0125 317 536 363 576
D40 0.0124 482 489 516 534
D40 0.0124 456 446 485 489
D40 0.0123 451 488 497 518
D40 0.0123 492 477 553 554
D40 0.0123 436 424 530 469
D40 0.0122 514 461 566 518
D40 0.0122 405 379 465 400
D40 0.0121 494 425 557 461
D40 0.0120 337 498 371 550
D40 0.0118 501 421 547 450
D40 0.0115 243 481 292 504
D40 0.0113 463 496 519 568
D40 0.0113 490 452 556 522
D40 0.0111 399 372 483 408
D40 0.0111 226 474 315 511
D40 0.0108 540 499 587 534
D40 0.0108 420 441 454 484
D40 0.0107 436 514 519 558
D40 0.0107 345 516 382 577
D40 0.0106 441 471 485 510
D40 0.0103 243 488 290 512
D40 0.0103 301 499 334 537
D40 0.0100 497 486 528 534
