D00 0.1162 345 462 392 537
D00 0.1129 359 474 397 557
D00 0.1107 226 404 254 457
D00 0.1078 220 395 259 473
D00 0.1013 367 490 392 547
D00 0.0986 331 458 401 590
D00 0.0920 4 486 71 585
D00 0.0915 220 408 246 466
D00 0.0878 213 402 251 497
D00 0.0819 354 475 385 529
D00 0.0809 2 527 67 600
D00 0.0742 205 390 273 530
D00 0.0645 332 316 366 352
D00 0.0612 344 470 379 521
D00 0.0603 21 542 82 600
D00 0.0600 434 417 572 535
D00 0.0581 171 364 217 415
D00 0.0576 5 514 55 570
D00 0.0558 365 490 408 577
D00 0.0546 176 372 284 490
D00 0.0523 228 401 261 439
D00 0.0523 200 387 267 461
D00 0.0500 127 371 258 436
D00 0.0490 186 359 214 407
D00 0.0486 373 499 399 556
D00 0.0482 246 318 269 364
D00 0.0474 285 491 322 584
D00 0.0463 34 564 71 600
D00 0.0458 342 477 443 586
D00 0.0457 166 379 204 417
D00 0.0456 413 431 585 585
D00 0.0453 253 318 278 364
D00 0.0443 418 391 546 505
D00 0.0436 339 325 376 359
D00 0.0429 2 522 33 571
D00 0.0428 369 354 405 387
D00 0.0421 221 406 272 448
D00 0.0420 98 355 235 425
D00 0.0419 219 430 242 492
D00 0.0414 337 327 364 372
D00 0.0414 324 309 361 344
D00 0.0414 145 395 201 420
D00 0.0411 324 313 378 367
D00 0.0401 463 480 548 522
D00 0.0393 451 460 560 572
D00 0.0387 0 422 77 562
D00 0.0384 218 414 279 488
D00 0.0377 360 455 405 533
D00 0.0376 373 477 398 530
D00 0.0366 225 421 249 483
D00 0.0364 399 443 540 511
D00 0.0362 333 489 393 528
D00 0.0362 166 393 264 443
D00 0.0360 151 374 236 419
D00 0.0357 273 526 320 600
D00 0.0356 0 494 45 580
D00 0.0355 348 495 388 524
D00 0.0354 290 523 332 600
D00 0.0349 177 374 225 404
D00 0.0345 25 555 63 596
D00 0.0343 441 470 530 514
D00 0.0342 214 410 257 440
D00 0.0340 142 359 210 421
D00 0.0338 438 420 525 501
D00 0.0337 173 353 252 428
D00 0.0335 85 379 210 430
D00 0.0331 225 556 327 600
D00 0.0329 286 469 380 593
D00 0.0321 194 338 266 451
D00 0.0319 487 535 551 600
D00 0.0313 349 500 400 588
D00 0.0313 246 312 290 355
D00 0.0309 253 306 281 345
D00 0.0308 365 343 395 383
D00 0.0308 254 467 330 599
D00 0.0307 331 335 393 368
D00 0.0307 213 357 280 474
D00 0.0305 95 375 317 568
D00 0.0304 217 366 262 446
D00 0.0300 442 404 577 483
D00 0.0299 0 442 68 505
D00 0.0293 348 465 387 506
D00 0.0293 480 483 524 518
D00 0.0292 199 402 263 435
D00 0.0291 163 394 219 419
D00 0.0288 478 472 581 598
D00 0.0288 240 306 277 374
D00 0.0285 436 441 490 486
D00 0.0284 202 424 248 513
D00 0.0283 181 379 271 432
D00 0.0282 354 486 392 516
D00 0.0280 441 435 528 559
D00 0.0279 173 384 229 412
D00 0.0276 342 491 409 547
D00 0.0273 15 441 103 487
D00 0.0272 276 477 313 563
D00 0.0272 198 401 305 480
D00 0.0272 437 451 512 507
D00 0.0272 484 447 598 549
D00 0.0270 474 483 538 550
D00 0.0268 178 363 243 400
D00 0.0265 313 302 367 353
D00 0.0265 311 395 477 600
D00 0.0262 359 504 394 534
D00 0.0262 363 453 423 562
D00 0.0262 361 461 391 517
D00 0.0262 159 337 234 412
D00 0.0260 19 378 219 600
D00 0.0259 369 384 540 472
D00 0.0257 0 529 37 594
D00 0.0256 224 416 287 456
D00 0.0256 222 409 300 553
D00 0.0253 255 569 329 600
D00 0.0250 316 329 376 388
D00 0.0249 432 452 484 478
D00 0.0248 236 379 259 430
D00 0.0248 239 398 267 446
D00 0.0246 7 498 64 554
D00 0.0245 216 419 255 451
D00 0.0244 21 575 83 600
D00 0.0243 325 320 403 383
D00 0.0242 340 343 382 377
D00 0.0242 357 492 412 528
D00 0.0242 153 323 265 435
D00 0.0241 376 375 589 545
D00 0.0241 179 352 208 401
D00 0.0238 245 326 289 370
D00 0.0238 390 414 511 504
D00 0.0238 373 517 423 592
D00 0.0238 359 337 398 370
D00 0.0238 234 573 305 598
D00 0.0234 224 422 263 463
D00 0.0232 229 405 277 430
D00 0.0231 232 380 273 453
D00 0.0230 432 411 495 483
D00 0.0229 442 403 525 450
D00 0.0228 6 437 98 525
D00 0.0225 454 478 522 537
D00 0.0225 495 561 562 599
D00 0.0225 0 455 54 527
D00 0.0225 210 416 239 473
D00 0.0222 153 375 260 531
D00 0.0221 347 490 382 542
D00 0.0221 236 321 285 344
D00 0.0220 293 508 315 571
D00 0.0219 237 318 260 363
D00 0.0219 154 362 215 399
D00 0.0218 333 383 521 523
D00 0.0218 322 338 368 363
D00 0.0217 305 325 367 357
D00 0.0217 14 566 56 600
D00 0.0217 139 345 350 519
D00 0.0216 141 399 186 427
D00 0.0216 406 480 525 586
D00 0.0216 29 569 112 600
D00 0.0215 180 399 313 594
D00 0.0215 139 387 195 415
D00 0.0214 44 425 111 482
D00 0.0212 460 534 530 600
D00 0.0212 210 537 290 600
D00 0.0211 247 332 267 378
D00 0.0211 270 509 350 593
D00 0.0211 352 333 385 374
D00 0.0210 211 433 271 505
D00 0.0210 386 450 508 549
D00 0.0209 212 491 258 583
D00 0.0208 329 335 357 383
D00 0.0208 159 376 190 420
D00 0.0207 490 413 596 516
D00 0.0207 285 568 322 600
D00 0.0205 358 507 388 564
D00 0.0204 194 352 221 398
D00 0.0202 379 378 523 437
D00 0.0202 200 502 238 575
D00 0.0201 216 397 259 421
D00 0.0201 0 432 78 481
D00 0.0201 470 476 517 510
D00 0.0201 292 539 317 597
D00 0.0201 235 515 283 600
D00 0.0200 321 373 361 403
D00 0.0198 441 433 470 479
D00 0.0198 394 383 472 416
D00 0.0198 339 309 376 344
D00 0.0197 112 342 217 400
D00 0.0197 505 550 588 600
D00 0.0197 403 393 515 448
D00 0.0197 294 379 420 565
D00 0.0196 193 569 287 600
D00 0.0195 158 369 245 471
D00 0.0195 473 460 530 527
D00 0.0195 264 463 305 536
D00 0.0194 0 449 34 512
D00 0.0194 554 526 600 600
D00 0.0194 307 387 364 409
D00 0.0194 238 480 303 592
D00 0.0193 264 501 311 594
D00 0.0193 58 348 273 517
D00 0.0193 267 554 364 600
D00 0.0192 344 547 421 598
D00 0.0191 66 360 192 415
D00 0.0191 11 538 49 591
D00 0.0190 372 356 406 413
D00 0.0190 178 358 222 384
D00 0.0189 519 438 600 595
D00 0.0188 487 496 559 560
D00 0.0188 502 511 592 594
D00 0.0187 450 398 574 446
D00 0.0186 233 317 265 348
D00 0.0185 210 484 248 553
D00 0.0184 237 329 283 355
D00 0.0184 1 513 38 551
D00 0.0184 340 321 390 346
D00 0.0183 295 307 392 358
D00 0.0182 72 413 149 446
D00 0.0181 381 512 409 567
D00 0.0181 458 409 527 477
D00 0.0180 319 313 351 353
D00 0.0179 180 404 255 466
D00 0.0179 125 370 194 425
D00 0.0178 378 545 436 587
D00 0.0178 301 519 323 578
D00 0.0177 310 357 361 399
D00 0.0175 415 391 493 422
D00 0.0175 0 397 86 496
D00 0.0174 354 348 388 387
D00 0.0174 471 432 551 528
D00 0.0174 264 419 304 497
D00 0.0172 284 485 305 537
D00 0.0171 218 391 248 438
D00 0.0171 469 568 542 600
D00 0.0171 373 520 403 575
D00 0.0170 380 357 410 397
D00 0.0169 51 446 104 493
D00 0.0169 297 495 342 581
D00 0.0169 53 421 130 454
D00 0.0167 336 448 376 514
D00 0.0167 270 439 356 579
D00 0.0166 146 384 213 430
D00 0.0166 188 343 213 391
D00 0.0165 102 364 171 395
D00 0.0165 260 298 290 336
D00 0.0165 39 536 128 600
D00 0.0165 376 480 411 543
D00 0.0164 150 375 202 405
D00 0.0163 283 460 320 542
D00 0.0162 439 400 508 435
D00 0.0162 248 531 306 600
D00 0.0162 446 449 479 491
D00 0.0161 327 483 386 566
D00 0.0161 360 513 396 544
D00 0.0161 164 346 205 407
D00 0.0160 254 332 276 377
D00 0.0159 410 378 584 453
D00 0.0159 54 347 206 437
D00 0.0159 342 509 415 565
D00 0.0158 325 351 361 387
D00 0.0158 96 499 150 581
D00 0.0158 222 383 257 419
D00 0.0157 374 335 402 377
D00 0.0157 432 457 483 500
D00 0.0157 8 581 63 600
D00 0.0157 235 388 291 476
D00 0.0157 317 321 355 378
D00 0.0157 307 303 356 328
D00 0.0156 209 392 283 439
D00 0.0156 374 395 424 439
D00 0.0155 298 311 353 336
D00 0.0155 435 447 498 546
D00 0.0154 472 507 537 577
D00 0.0154 273 428 298 477
D00 0.0153 209 403 240 454
D00 0.0153 87 421 133 452
D00 0.0153 261 326 304 358
D00 0.0153 341 328 405 357
D00 0.0152 275 439 311 529
D00 0.0152 367 369 414 447
D00 0.0152 406 382 489 494
D00 0.0152 353 568 428 598
D00 0.0152 333 338 369 395
D00 0.0151 245 422 299 468
D00 0.0151 130 357 183 404
D00 0.0150 275 581 332 600
D00 0.0150 320 346 348 392
D00 0.0148 368 363 395 407
D00 0.0148 228 567 274 599
D00 0.0148 292 317 362 348
D00 0.0148 213 456 249 526
D00 0.0148 535 415 600 538
D00 0.0148 467 414 553 459
D00 0.0147 385 394 410 439
D00 0.0147 216 314 282 431
D00 0.0147 353 534 390 596
D00 0.0146 282 552 311 599
D00 0.0146 292 494 313 549
D00 0.0146 20 464 61 547
D00 0.0145 320 569 402 599
D00 0.0145 289 572 378 600
D00 0.0145 303 373 370 418
D00 0.0145 503 555 536 598
D00 0.0144 92 373 164 404
D00 0.0144 228 326 269 371
D00 0.0144 35 410 106 467
D00 0.0144 112 355 178 386
D00 0.0142 376 443 460 571
D00 0.0142 284 508 308 570
D00 0.0142 0 484 52 545
D00 0.0141 237 338 282 365
D00 0.0141 268 311 298 353
D00 0.0141 122 304 237 422
D00 0.0141 379 408 415 443
D00 0.0141 244 379 266 428
D00 0.0140 0 392 32 456
D00 0.0140 159 357 209 382
D00 0.0140 24 342 155 530
D00 0.0140 185 313 241 406
D00 0.0140 541 482 599 586
D00 0.0140 231 397 278 421
D00 0.0140 147 387 180 424
D00 0.0140 135 568 216 600
D00 0.0139 465 411 534 444
D00 0.0138 460 486 509 573
D00 0.0138 333 553 392 596
D00 0.0138 318 377 347 414
D00 0.0137 322 348 370 372
D00 0.0136 258 445 316 563
D00 0.0136 122 387 179 428
D00 0.0136 134 415 172 448
D00 0.0135 374 374 425 421
D00 0.0135 448 408 501 464
D00 0.0135 139 358 193 381
D00 0.0135 180 498 232 581
D00 0.0134 448 463 497 498
D00 0.0134 0 406 56 465
D00 0.0134 574 540 598 594
D00 0.0133 443 395 500 421
D00 0.0133 383 533 412 582
D00 0.0133 0 530 21 578
D00 0.0133 413 440 485 473
D00 0.0133 25 428 96 464
D00 0.0133 43 442 98 469
D00 0.0132 377 373 402 421
D00 0.0132 0 498 24 566
D00 0.0132 452 515 517 587
D00 0.0131 566 450 600 529
D00 0.0131 370 555 441 600
D00 0.0131 410 422 490 538
D00 0.0131 461 463 507 517
D00 0.0131 357 378 439 504
D00 0.0130 203 360 233 403
D00 0.0130 301 368 354 405
D00 0.0130 101 398 160 441
D00 0.0130 428 467 489 528
D00 0.0129 228 581 291 600
D00 0.0129 243 560 290 596
D00 0.0129 0 416 40 494
D00 0.0129 190 411 242 490
D00 0.0129 186 366 230 421
D00 0.0129 351 567 390 599
D00 0.0129 523 571 570 600
D00 0.0129 381 385 437 429
D00 0.0129 377 370 416 403
D00 0.0128 37 581 96 600
D00 0.0128 238 417 270 467
D00 0.0128 370 498 434 564
D00 0.0128 62 390 136 450
D00 0.0128 101 524 174 588
D00 0.0127 69 429 123 472
D00 0.0127 476 419 547 487
D00 0.0127 33 434 91 504
D00 0.0127 171 402 234 513
D00 0.0127 107 299 299 466
D00 0.0127 298 313 364 384
D00 0.0127 168 389 197 427
D00 0.0126 111 545 190 600
D00 0.0126 80 416 160 548
D00 0.0126 542 468 600 530
D00 0.0126 238 334 259 380
D00 0.0126 206 521 247 590
D00 0.0125 234 339 403 556
D00 0.0125 221 318 312 461
D00 0.0125 332 301 367 335
D00 0.0124 21 454 80 507
D00 0.0124 492 486 561 535
D00 0.0124 483 558 526 596
D00 0.0124 367 558 413 591
D00 0.0124 293 557 329 596
D00 0.0124 175 346 211 380
D00 0.0123 451 428 509 483
D00 0.0123 457 412 511 439
D00 0.0123 294 536 374 598
D00 0.0123 135 433 172 518
D00 0.0123 122 376 175 402
D00 0.0123 284 293 402 382
D00 0.0123 375 384 468 453
D00 0.0122 284 530 309 589
D00 0.0122 129 406 162 443
D00 0.0121 435 546 515 600
D00 0.0121 290 335 362 367
D00 0.0120 484 431 574 479
D00 0.0120 63 440 95 485
D00 0.0120 424 389 465 422
D00 0.0120 84 469 138 548
D00 0.0120 0 440 29 491
D00 0.0120 136 393 202 442
D00 0.0119 364 501 423 537
D00 0.0119 39 446 86 482
D00 0.0119 0 388 66 445
D00 0.0119 109 416 142 452
D00 0.0118 195 424 255 463
D00 0.0118 242 409 284 445
D00 0.0118 278 420 307 484
D00 0.0118 107 381 174 416
D00 0.0118 381 401 465 520
D00 0.0118 224 375 301 442
D00 0.0118 275 303 331 326
D00 0.0118 355 483 475 545
D00 0.0117 490 412 590 466
D00 0.0117 201 380 245 439
D00 0.0117 535 567 597 600
D00 0.0117 575 475 598 526
D00 0.0117 567 475 600 557
D00 0.0116 503 524 557 576
D00 0.0116 270 449 300 517
D00 0.0116 210 443 236 500
D00 0.0116 151 315 208 407
D00 0.0116 65 345 190 394
D00 0.0115 63 377 152 419
D00 0.0115 139 349 191 374
D00 0.0115 386 506 422 575
D00 0.0115 61 439 125 500
D00 0.0115 395 494 487 576
D00 0.0115 487 450 569 515
D00 0.0114 437 402 474 474
D00 0.0114 366 415 426 516
D00 0.0114 238 327 274 403
D00 0.0114 139 366 193 390
D00 0.0114 174 304 388 467
D00 0.0114 232 508 265 589
D00 0.0113 3 552 44 600
D00 0.0113 19 361 154 410
D00 0.0113 203 311 259 401
D00 0.0112 326 470 370 526
D00 0.0112 119 408 152 445
D00 0.0112 368 469 417 519
D00 0.0112 72 402 146 435
D00 0.0112 432 443 461 483
D00 0.0111 410 405 480 469
D00 0.0111 462 405 518 431
D00 0.0111 571 514 600 582
D00 0.0111 384 504 447 588
D00 0.0111 392 553 455 591
D00 0.0111 250 435 299 486
D00 0.0111 211 362 251 421
D00 0.0110 82 533 155 598
D00 0.0110 220 433 282 471
D00 0.0110 58 428 101 463
D00 0.0110 88 368 150 392
D00 0.0110 7 454 54 492
D00 0.0109 380 390 416 425
D00 0.0109 1 473 29 529
D00 0.0109 274 307 313 337
D00 0.0109 290 472 333 551
D00 0.0109 273 476 299 528
D00 0.0109 234 484 281 567
D00 0.0109 422 378 450 419
D00 0.0109 228 341 266 421
D00 0.0108 506 506 570 552
D00 0.0108 313 390 353 420
D00 0.0108 530 450 600 513
D00 0.0108 148 366 180 415
D00 0.0107 425 430 474 494
D00 0.0107 490 547 533 590
D00 0.0107 190 347 224 380
D00 0.0107 353 316 383 356
D00 0.0107 306 352 345 387
D00 0.0107 483 493 521 564
D00 0.0107 116 493 166 577
D00 0.0107 62 374 134 404
D00 0.0106 262 321 322 344
D00 0.0106 482 518 522 589
D00 0.0106 0 355 84 464
D00 0.0106 465 393 518 461
D00 0.0105 131 402 173 477
D00 0.0105 157 349 207 373
D00 0.0105 112 424 156 455
D00 0.0105 138 377 170 421
D00 0.0105 318 302 410 412
D00 0.0104 140 317 348 411
D00 0.0104 365 464 402 504
D00 0.0104 300 570 343 600
D00 0.0104 385 568 462 598
D00 0.0103 477 467 523 504
D00 0.0103 246 298 272 337
D00 0.0103 99 427 210 534
D00 0.0103 252 413 314 514
D00 0.0103 193 486 233 555
D00 0.0102 36 373 136 440
D00 0.0102 179 316 221 396
D00 0.0102 148 342 200 385
D00 0.0102 365 520 424 557
D00 0.0102 124 420 166 503
D00 0.0102 277 314 435 430
D00 0.0102 504 480 588 543
D00 0.0102 227 476 266 539
D00 0.0101 259 295 309 319
D00 0.0101 390 437 451 531
D00 0.0101 183 380 214 424
D00 0.0101 95 392 168 425
D00 0.0101 450 381 538 440
D00 0.0101 260 417 325 475
D00 0.0101 442 477 488 560
D00 0.0100 512 543 544 597
D00 0.0100 142 525 231 584
D00 0.0100 221 373 257 406
D00 0.0100 282 298 361 334
D00 0.0100 138 389 220 521
D10 0.0753 1 511 137 552
D10 0.0652 29 503 156 543
D10 0.0622 8 513 81 550
D10 0.0557 23 488 185 554
D10 0.0526 450 458 582 532
D10 0.0494 212 475 291 506
D10 0.0480 135 540 255 583
D10 0.0471 477 484 557 519
D10 0.0463 219 471 280 494
D10 0.0453 20 518 119 542
D10 0.0452 341 519 502 587
D10 0.0448 9 412 159 471
D10 0.0448 380 552 467 582
D10 0.0442 9 522 63 555
D10 0.0422 341 545 464 588
D10 0.0416 8 517 55 542
D10 0.0396 331 524 432 584
D10 0.0396 6 541 52 570
D10 0.0392 465 478 538 512
D10 0.0385 350 461 398 483
D10 0.0382 53 510 137 535
D10 0.0381 88 424 149 450
D10 0.0381 59 399 187 445
D10 0.0379 133 404 192 426
D10 0.0374 340 495 389 524
D10 0.0363 437 467 544 517
D10 0.0351 152 524 288 588
D10 0.0347 333 486 387 516
D10 0.0347 350 454 402 474
D10 0.0341 96 395 229 438
D10 0.0341 371 539 547 594
D10 0.0340 376 540 489 578
D10 0.0334 5 545 66 583
D10 0.0331 368 559 445 589
D10 0.0328 456 483 559 537
D10 0.0320 285 544 415 592
D10 0.0316 19 509 101 535
D10 0.0313 13 430 131 481
D10 0.0312 77 431 139 454
D10 0.0303 88 480 267 555
D10 0.0299 174 539 242 576
D10 0.0298 121 481 227 513
D10 0.0297 158 547 234 571
D10 0.0295 348 450 423 479
D10 0.0289 498 572 576 600
D10 0.0287 455 480 517 505
D10 0.0284 330 421 413 449
D10 0.0283 123 462 278 532
D10 0.0282 445 465 519 501
D10 0.0281 208 479 259 503
D10 0.0280 400 547 468 570
D10 0.0279 345 467 387 496
D10 0.0278 345 475 386 509
D10 0.0277 236 480 295 502
D10 0.0276 171 397 267 443
D10 0.0275 61 505 207 564
D10 0.0275 52 468 212 536
D10 0.0269 160 385 263 427
D10 0.0269 315 474 389 512
D10 0.0269 16 462 137 531
D10 0.0268 10 508 64 534
D10 0.0268 176 469 275 517
D10 0.0265 482 470 584 516
D10 0.0262 82 524 244 584
D10 0.0262 497 516 585 561
D10 0.0261 114 486 189 515
D10 0.0261 321 499 396 536
D10 0.0258 192 405 256 427
D10 0.0257 373 368 436 391
D10 0.0256 4 525 83 568
D10 0.0255 100 494 172 525
D10 0.0252 255 340 317 364
D10 0.0250 339 454 413 503
D10 0.0247 407 555 478 577
D10 0.0247 287 488 394 532
D10 0.0245 324 429 402 459
D10 0.0245 126 393 211 427
D10 0.0243 187 396 255 419
D10 0.0242 137 489 204 510
D10 0.0242 427 526 542 586
D10 0.0242 202 464 267 500
D10 0.0240 472 500 570 565
D10 0.0238 9 398 133 450
D10 0.0237 123 545 213 576
D10 0.0237 209 522 329 590
D10 0.0235 151 402 209 424
D10 0.0234 145 554 225 581
D10 0.0232 458 488 518 513
D10 0.0232 209 478 309 525
D10 0.0230 482 495 541 522
D10 0.0229 442 459 501 486
D10 0.0229 77 412 196 455
D10 0.0227 355 550 429 586
D10 0.0226 321 425 389 446
D10 0.0226 334 459 392 492
D10 0.0225 14 443 112 504
D10 0.0224 343 442 396 465
D10 0.0223 168 394 233 419
D10 0.0223 163 485 247 515
D10 0.0222 321 434 412 485
D10 0.0222 361 488 404 515
D10 0.0221 358 423 417 445
D10 0.0219 472 521 570 590
D10 0.0219 211 399 321 449
D10 0.0218 372 359 433 383
D10 0.0218 0 551 45 575
D10 0.0218 213 487 267 513
D10 0.0217 533 575 596 599
D10 0.0217 252 469 378 520
D10 0.0217 33 496 133 530
D10 0.0215 73 501 138 528
D10 0.0215 503 556 600 600
D10 0.0214 132 412 187 435
D10 0.0213 508 526 570 550
D10 0.0212 171 484 275 541
D10 0.0211 318 387 385 409
D10 0.0210 13 454 89 490
D10 0.0209 349 432 407 454
D10 0.0209 500 564 555 595
D10 0.0208 53 429 126 460
D10 0.0208 489 522 557 556
D10 0.0207 491 481 562 505
D10 0.0206 23 554 75 580
D10 0.0206 383 453 513 501
D10 0.0205 281 507 327 529
D10 0.0205 423 387 497 415
D10 0.0205 255 348 319 370
D10 0.0204 331 449 395 481
D10 0.0203 378 546 435 573
D10 0.0203 513 513 599 547
D10 0.0202 409 545 516 590
D10 0.0201 216 455 286 492
D10 0.0200 360 341 409 364
D10 0.0200 136 501 268 572
D10 0.0197 11 562 63 592
D10 0.0196 198 360 255 382
D10 0.0195 32 524 127 549
D10 0.0195 480 531 544 565
D10 0.0193 183 548 268 585
D10 0.0193 217 460 263 487
D10 0.0193 318 413 421 459
D10 0.0192 469 471 529 498
D10 0.0191 390 560 475 590
D10 0.0191 263 498 355 545
D10 0.0191 340 435 463 483
D10 0.0191 0 429 70 462
D10 0.0190 395 381 513 428
D10 0.0190 180 448 273 502
D10 0.0189 350 415 411 440
D10 0.0189 147 557 240 594
D10 0.0187 201 495 298 542
D10 0.0187 198 381 293 431
D10 0.0187 255 522 371 589
D10 0.0186 500 489 571 512
D10 0.0185 110 407 170 430
D10 0.0184 176 385 242 410
D10 0.0183 225 426 297 462
D10 0.0182 273 503 338 535
D10 0.0182 190 492 256 529
D10 0.0181 237 401 385 444
D10 0.0181 227 487 291 514
D10 0.0181 421 541 504 575
D10 0.0180 495 535 548 558
D10 0.0180 368 498 417 522
D10 0.0180 224 321 277 343
D10 0.0179 493 492 574 528
D10 0.0179 2 446 69 483
D10 0.0179 265 416 400 462
D10 0.0179 383 494 537 578
D10 0.0178 136 482 189 507
D10 0.0177 348 438 425 470
D10 0.0177 281 497 390 571
D10 0.0176 212 506 262 533
D10 0.0176 355 503 475 571
D10 0.0176 245 451 380 505
D10 0.0175 296 396 416 441
D10 0.0175 102 430 159 453
D10 0.0174 218 447 317 503
D10 0.0174 23 377 248 489
D10 0.0174 327 377 395 400
D10 0.0173 16 543 76 569
D10 0.0173 307 488 375 514
D10 0.0172 0 543 32 570
D10 0.0171 167 403 237 425
D10 0.0171 353 458 434 487
D10 0.0171 441 447 513 483
D10 0.0171 436 502 539 567
D10 0.0171 501 517 561 543
D10 0.0170 349 331 400 353
D10 0.0170 320 471 381 497
D10 0.0170 376 376 439 399
D10 0.0169 306 498 373 522
D10 0.0167 344 560 422 593
D10 0.0167 196 367 253 392
D10 0.0167 3 462 64 502
D10 0.0166 486 500 557 537
D10 0.0166 438 469 496 493
D10 0.0166 2 421 80 451
D10 0.0166 234 485 348 538
D10 0.0164 31 451 92 478
D10 0.0162 313 412 398 442
D10 0.0162 357 468 406 494
D10 0.0160 214 499 323 571
D10 0.0160 523 565 590 593
D10 0.0159 248 472 297 494
D10 0.0158 149 482 214 506
D10 0.0157 381 468 510 517
D10 0.0157 256 392 365 423
D10 0.0157 297 388 357 409
D10 0.0156 298 421 379 449
D10 0.0155 300 560 387 595
D10 0.0155 185 376 248 401
D10 0.0155 239 432 381 485
D10 0.0153 147 408 258 462
D10 0.0153 359 478 404 507
D10 0.0153 514 582 580 600
D10 0.0152 80 416 141 442
D10 0.0152 318 439 395 470
D10 0.0151 223 383 356 428
D10 0.0151 59 441 114 466
D10 0.0150 364 375 416 398
D10 0.0150 20 379 155 432
D10 0.0150 263 345 346 374
D10 0.0149 0 508 44 532
D10 0.0149 204 509 268 545
D10 0.0149 326 383 409 412
D10 0.0148 200 351 255 372
D10 0.0147 0 437 58 472
D10 0.0146 296 396 358 418
D10 0.0146 479 465 557 503
D10 0.0146 14 493 88 531
D10 0.0146 411 484 524 541
D10 0.0145 340 514 393 541
D10 0.0144 1 365 77 394
D10 0.0144 0 424 50 448
D10 0.0143 515 529 597 565
D10 0.0143 100 442 260 516
D10 0.0143 312 550 393 585
D10 0.0143 163 538 231 564
D10 0.0143 18 532 93 559
D10 0.0143 152 493 236 522
D10 0.0143 295 507 355 530
D10 0.0143 517 477 600 524
D10 0.0142 262 331 324 354
D10 0.0142 366 419 449 448
D10 0.0142 186 480 244 505
D10 0.0142 295 540 376 574
D10 0.0142 478 563 533 594
D10 0.0142 306 510 389 545
D10 0.0142 434 474 505 506
D10 0.0142 120 496 179 519
D10 0.0142 124 421 175 445
D10 0.0141 219 497 277 525
D10 0.0141 205 514 250 540
D10 0.0141 509 550 586 587
D10 0.0141 344 555 403 581
D10 0.0141 357 427 438 457
D10 0.0140 348 539 418 576
D10 0.0140 317 395 386 417
D10 0.0140 222 358 271 379
D10 0.0140 275 402 360 428
D10 0.0139 58 427 164 479
D10 0.0139 0 524 32 554
D10 0.0139 435 384 556 428
D10 0.0138 379 400 458 431
D10 0.0138 195 544 253 570
D10 0.0138 2 459 50 487
D10 0.0138 283 514 325 539
D10 0.0137 60 424 121 450
D10 0.0137 365 534 411 560
D10 0.0137 281 496 356 528
D10 0.0136 377 414 438 439
D10 0.0136 193 534 240 564
D10 0.0136 298 378 357 400
D10 0.0136 394 534 474 568
D10 0.0135 272 498 315 525
D10 0.0135 359 413 489 464
D10 0.0135 373 350 430 375
D10 0.0134 41 458 97 485
D10 0.0134 446 558 524 596
D10 0.0134 243 347 294 371
D10 0.0133 228 507 289 531
D10 0.0133 236 440 293 465
D10 0.0132 77 439 134 463
D10 0.0132 350 553 496 600
D10 0.0132 481 511 548 547
D10 0.0131 513 442 600 487
D10 0.0131 489 547 549 590
D10 0.0130 177 350 222 372
D10 0.0130 304 415 367 437
D10 0.0130 2 477 48 503
D10 0.0129 472 538 534 578
D10 0.0129 360 524 401 551
D10 0.0129 238 461 293 486
D10 0.0129 452 389 507 410
D10 0.0129 260 542 348 596
D10 0.0129 224 349 272 371
D10 0.0128 496 538 560 575
D10 0.0128 0 517 32 542
D10 0.0128 534 526 595 550
D10 0.0128 369 506 416 532
D10 0.0128 376 572 436 595
D10 0.0127 232 413 288 440
D10 0.0127 212 387 258 410
D10 0.0127 351 445 400 492
D10 0.0127 460 496 515 521
D10 0.0127 26 352 242 439
D10 0.0126 288 549 362 584
D10 0.0126 376 362 519 419
D10 0.0125 37 564 106 593
D10 0.0124 307 575 378 598
D10 0.0124 181 425 271 488
D10 0.0123 331 564 394 591
D10 0.0123 197 359 295 412
D10 0.0123 291 544 337 569
D10 0.0122 318 462 380 486
D10 0.0122 233 405 290 428
D10 0.0122 9 497 60 523
D10 0.0122 214 462 248 501
D10 0.0122 182 413 249 437
D10 0.0121 219 515 274 538
D10 0.0121 266 382 373 414
D10 0.0121 478 527 530 551
D10 0.0120 340 528 408 565
D10 0.0120 0 497 60 552
D10 0.0120 289 553 337 579
D10 0.0120 459 456 535 492
D10 0.0120 505 507 569 534
D10 0.0119 0 432 40 457
D10 0.0119 76 488 143 522
D10 0.0119 187 351 277 388
D10 0.0119 378 536 432 562
D10 0.0119 0 473 69 534
D10 0.0118 317 520 395 556
D10 0.0118 443 554 505 580
D10 0.0118 416 378 488 408
D10 0.0118 385 410 466 441
D10 0.0117 21 467 80 494
D10 0.0117 266 509 324 545
D10 0.0117 242 424 297 450
D10 0.0117 362 405 417 431
D10 0.0116 465 573 526 597
D10 0.0116 364 386 417 409
D10 0.0116 385 385 449 412
D10 0.0115 452 396 508 421
D10 0.0115 528 539 598 575
D10 0.0115 480 505 531 530
D10 0.0115 350 396 410 418
D10 0.0115 256 432 306 458
D10 0.0114 248 550 320 587
D10 0.0114 5 360 130 410
D10 0.0114 386 395 450 420
D10 0.0114 202 460 249 486
D10 0.0114 0 410 69 444
D10 0.0113 191 564 267 591
D10 0.0113 59 450 110 477
D10 0.0113 208 551 290 587
D10 0.0113 2 487 49 511
D10 0.0112 306 400 385 430
D10 0.0112 334 545 395 570
D10 0.0112 404 379 460 404
D10 0.0112 479 552 529 584
D10 0.0112 0 358 49 384
D10 0.0112 257 353 339 382
D10 0.0111 373 454 442 474
D10 0.0111 189 506 241 531
D10 0.0111 0 373 66 404
D10 0.0110 0 441 41 466
D10 0.0110 39 484 124 518
D10 0.0110 120 481 169 507
D10 0.0110 537 554 594 580
D10 0.0110 464 521 526 557
D10 0.0110 229 360 357 407
D10 0.0110 14 472 85 508
D10 0.0110 550 451 598 475
D10 0.0109 209 377 258 398
D10 0.0109 222 443 294 481
D10 0.0109 58 446 160 508
D10 0.0109 193 510 277 567
D10 0.0108 264 398 331 418
D10 0.0108 510 458 600 508
D10 0.0107 21 442 84 469
D10 0.0107 525 502 599 539
D10 0.0107 274 539 335 575
D10 0.0106 401 440 479 470
D10 0.0106 222 367 269 389
D10 0.0106 32 461 104 498
D10 0.0106 113 535 197 568
D10 0.0105 292 564 353 592
D10 0.0105 270 554 318 580
D10 0.0105 0 451 41 476
D10 0.0105 272 544 318 569
D10 0.0105 214 329 265 353
D10 0.0105 39 550 127 585
D10 0.0105 386 429 471 459
D10 0.0105 355 490 451 531
D10 0.0105 0 352 97 389
D10 0.0103 392 359 450 380
D10 0.0103 420 564 487 590
D10 0.0103 0 562 44 590
D10 0.0103 284 340 346 363
D10 0.0103 297 515 351 539
D10 0.0103 509 544 566 568
D10 0.0103 443 574 507 597
D10 0.0102 197 517 255 557
D10 0.0102 531 438 598 472
D10 0.0102 514 480 581 504
D10 0.0101 470 535 519 560
D10 0.0101 177 340 222 362
D10 0.0101 275 411 360 439
D10 0.0100 140 539 211 563
D10 0.0100 371 515 415 542
D10 0.0100 139 496 204 518
D10 0.0100 445 442 497 470
D20 0.4463 0 427 511 597
D20 0.3801 28 452 320 591
D20 0.2942 19 493 157 600
D20 0.1915 212 425 594 597
D20 0.1895 2 468 210 587
D20 0.1854 4 517 272 592
D20 0.1518 0 445 121 595
D20 0.1490 11 505 101 592
D20 0.1372 120 480 428 589
D20 0.1317 306 461 420 591
D20 0.1253 108 505 326 597
D20 0.1200 1 513 66 578
D20 0.1165 338 461 391 529
D20 0.1096 0 378 182 600
D20 0.0985 249 453 407 562
D20 0.0985 166 467 304 599
D20 0.0983 242 480 520 589
D20 0.0854 162 404 467 569
D20 0.0830 1 510 117 555
D20 0.0823 19 475 136 564
D20 0.0812 321 397 411 560
D20 0.0779 196 386 283 568
D20 0.0684 458 464 585 600
D20 0.0683 2 425 152 548
D20 0.0657 333 469 398 565
D20 0.0653 1 356 370 574
D20 0.0647 322 443 559 579
D20 0.0644 17 165 600 591
D20 0.0641 219 469 362 600
D20 0.0639 0 470 57 589
D20 0.0637 308 360 474 443
D20 0.0607 176 519 443 598
D20 0.0595 329 511 549 591
D20 0.0589 439 433 574 559
D20 0.0587 94 537 281 595
D20 0.0571 7 475 84 563
D20 0.0571 165 536 334 596
D20 0.0556 202 420 415 515
D20 0.0540 307 350 436 416
D20 0.0529 378 433 553 523
D20 0.0525 305 470 396 517
D20 0.0516 315 483 400 532
D20 0.0515 206 408 330 555
D20 0.0512 286 376 583 550
D20 0.0501 25 553 105 600
D20 0.0493 82 417 170 452
D20 0.0493 328 349 409 388
D20 0.0488 20 402 256 555
D20 0.0479 0 407 169 488
D20 0.0475 328 430 470 555
D20 0.0473 228 311 400 381
D20 0.0471 269 328 429 402
D20 0.0464 321 418 527 507
D20 0.0459 320 381 453 514
D20 0.0454 41 498 226 573
D20 0.0454 361 358 412 384
D20 0.0450 323 459 436 537
D20 0.0441 12 538 139 597
D20 0.0436 0 15 557 441
D20 0.0432 205 376 501 518
D20 0.0429 324 378 512 462
D20 0.0420 98 407 184 443
D20 0.0419 287 447 405 523
D20 0.0417 77 367 257 435
D20 0.0416 153 339 600 573
D20 0.0412 46 394 196 450
D20 0.0410 344 500 451 589
D20 0.0410 17 521 131 571
D20 0.0406 271 495 393 595
D20 0.0405 95 424 156 449
D20 0.0399 352 349 402 376
D20 0.0397 199 400 360 493
D20 0.0389 410 488 558 599
D20 0.0387 235 364 434 440
D20 0.0386 282 369 429 481
D20 0.0385 288 522 478 594
D20 0.0375 125 434 281 580
D20 0.0374 440 522 599 600
D20 0.0369 197 390 423 465
D20 0.0366 251 311 301 335
D20 0.0364 123 387 208 424
D20 0.0361 114 398 198 432
D20 0.0360 326 339 460 401
D20 0.0354 219 411 298 461
D20 0.0353 130 553 242 597
D20 0.0352 312 368 409 406
D20 0.0351 354 352 439 390
D20 0.0351 232 536 394 596
D20 0.0350 324 330 402 373
D20 0.0347 351 440 402 545
D20 0.0346 169 366 256 411
D20 0.0340 14 533 78 600
D20 0.0338 242 322 332 361
D20 0.0338 373 377 465 419
D20 0.0337 246 307 307 359
D20 0.0332 115 415 173 438
D20 0.0331 206 468 255 548
D20 0.0325 329 508 408 589
D20 0.0324 272 408 439 596
D20 0.0322 328 375 445 428
D20 0.0322 477 486 562 534
D20 0.0317 406 411 600 600
D20 0.0314 210 435 254 522
D20 0.0313 345 430 394 514
D20 0.0313 274 322 388 374
D20 0.0312 321 447 386 543
D20 0.0312 487 556 571 600
D20 0.0311 0 369 183 450
D20 0.0304 60 423 152 458
D20 0.0302 197 485 245 576
D20 0.0300 168 402 309 520
D20 0.0298 351 554 445 592
D20 0.0297 311 333 394 397
D20 0.0293 343 469 423 522
D20 0.0291 40 504 147 550
D20 0.0289 87 475 233 595
D20 0.0288 432 450 514 495
D20 0.0286 172 513 267 591
D20 0.0284 351 362 473 413
D20 0.0282 111 389 279 488
D20 0.0281 335 338 389 380
D20 0.0280 319 407 424 447
D20 0.0279 0 448 64 514
D20 0.0279 4 442 97 489
D20 0.0277 0 384 105 525
D20 0.0274 42 520 185 583
D20 0.0274 0 526 53 600
D20 0.0273 368 367 425 390
D20 0.0273 171 553 286 599
D20 0.0272 239 317 301 348
D20 0.0272 357 523 425 589
D20 0.0269 180 344 457 469
D20 0.0266 102 375 393 512
D20 0.0265 314 454 399 504
D20 0.0264 245 304 294 328
D20 0.0263 311 0 600 600
D20 0.0261 310 387 411 425
D20 0.0261 289 474 384 561
D20 0.0260 0 0 291 600
D20 0.0258 224 426 303 584
D20 0.0253 252 301 316 330
D20 0.0249 361 338 399 387
D20 0.0249 350 340 401 365
D20 0.0249 313 383 394 411
D20 0.0248 360 537 458 582
D20 0.0244 203 511 302 593
D20 0.0243 252 306 369 357
D20 0.0243 208 459 276 526
D20 0.0240 190 298 375 366
D20 0.0233 0 0 408 294
D20 0.0232 250 301 285 351
D20 0.0231 447 545 559 596
D20 0.0231 217 428 304 476
D20 0.0230 216 459 369 533
D20 0.0230 174 354 267 394
D20 0.0230 246 335 316 367
D20 0.0230 359 358 422 412
D20 0.0229 56 454 169 552
D20 0.0228 316 378 372 401
D20 0.0228 318 322 440 382
D20 0.0227 244 341 348 374
D20 0.0224 306 428 426 499
D20 0.0224 167 0 600 294
D20 0.0223 340 397 437 439
D20 0.0223 0 514 31 588
D20 0.0222 292 359 378 399
D20 0.0221 246 410 410 474
D20 0.0220 319 363 393 395
D20 0.0220 11 499 73 552
D20 0.0219 251 330 303 356
D20 0.0219 198 346 400 425
D20 0.0218 44 410 223 510
D20 0.0217 0 405 62 562
D20 0.0217 245 304 337 340
D20 0.0212 12 488 115 541
D20 0.0211 406 445 498 483
D20 0.0211 170 319 285 435
D20 0.0205 292 338 375 383
D20 0.0205 211 388 314 475
D20 0.0204 341 366 401 390
D20 0.0203 201 312 254 335
D20 0.0203 126 366 209 416
D20 0.0201 127 515 237 588
D20 0.0201 202 309 302 343
D20 0.0200 202 486 300 535
D20 0.0200 371 395 468 434
D20 0.0200 324 349 411 451
D20 0.0200 277 383 396 526
D20 0.0198 345 463 399 502
D20 0.0198 299 555 402 597
D20 0.0197 33 447 113 494
D20 0.0197 308 426 408 464
D20 0.0196 219 426 271 507
D20 0.0196 407 388 502 427
D20 0.0195 371 372 446 403
D20 0.0195 374 347 414 380
D20 0.0195 13 454 85 531
D20 0.0194 439 390 592 471
D20 0.0193 166 370 334 458
D20 0.0193 171 313 350 390
D20 0.0191 121 333 267 423
D20 0.0191 265 349 366 388
D20 0.0191 460 563 550 600
D20 0.0191 504 532 592 600
D20 0.0189 44 431 128 475
D20 0.0186 255 320 312 344
D20 0.0186 320 404 458 471
D20 0.0185 102 379 221 450
D20 0.0185 241 295 300 341
D20 0.0184 188 360 245 403
D20 0.0183 206 561 335 598
D20 0.0183 309 502 403 554
D20 0.0182 0 390 123 460
D20 0.0181 83 402 236 463
D20 0.0179 0 333 259 521
D20 0.0178 359 474 517 555
D20 0.0178 476 506 558 600
D20 0.0178 205 322 300 361
D20 0.0177 347 414 451 451
D20 0.0176 376 370 496 447
D20 0.0175 45 407 137 452
D20 0.0174 489 497 583 546
D20 0.0173 63 397 154 443
D20 0.0173 205 492 266 563
D20 0.0171 105 413 150 444
D20 0.0170 373 527 506 594
D20 0.0170 85 387 176 432
D20 0.0169 203 318 276 345
D20 0.0169 361 392 487 485
D20 0.0168 223 313 278 335
D20 0.0167 354 416 401 493
D20 0.0166 0 561 82 600
D20 0.0165 369 340 418 400
D20 0.0164 381 531 432 596
D20 0.0164 505 427 600 582
D20 0.0162 109 563 208 600
D20 0.0162 41 552 197 600
D20 0.0161 363 404 415 446
D20 0.0160 506 581 568 600
D20 0.0160 150 424 264 536
D20 0.0160 383 549 463 595
D20 0.0160 336 395 395 500
D20 0.0158 172 530 237 599
D20 0.0157 286 444 394 486
D20 0.0157 304 312 403 422
D20 0.0157 202 362 263 426
D20 0.0157 382 373 600 508
D20 0.0156 0 419 50 494
D20 0.0156 314 353 379 387
D20 0.0156 279 380 377 414
D20 0.0156 355 402 435 531
D20 0.0155 6 356 167 419
D20 0.0155 408 296 600 562
D20 0.0155 421 554 527 598
D20 0.0154 298 396 396 433
D20 0.0154 85 423 182 579
D20 0.0153 36 336 214 413
D20 0.0153 29 425 136 496
D20 0.0152 249 417 311 475
D20 0.0152 346 343 400 406
D20 0.0152 477 460 539 528
D20 0.0151 0 378 36 453
D20 0.0151 465 414 600 526
D20 0.0150 502 509 577 568
D20 0.0148 353 468 483 518
D20 0.0148 217 399 309 441
D20 0.0146 218 454 298 511
D20 0.0146 134 401 187 439
D20 0.0145 357 357 533 430
D20 0.0144 180 479 251 540
D20 0.0144 231 464 286 535
D20 0.0142 93 456 216 553
D20 0.0141 95 530 189 596
D20 0.0141 303 535 403 583
D20 0.0141 355 344 442 435
D20 0.0140 126 410 175 451
D20 0.0139 0 337 116 443
D20 0.0138 194 301 239 328
D20 0.0138 391 435 489 474
D20 0.0136 268 370 372 404
D20 0.0136 179 302 260 338
D20 0.0136 218 314 481 424
D20 0.0136 381 356 427 386
D20 0.0135 236 420 326 498
D20 0.0134 99 478 167 532
D20 0.0134 211 327 428 590
D20 0.0133 527 476 600 600
D20 0.0133 264 443 359 520
D20 0.0132 22 465 116 516
D20 0.0132 181 343 274 382
D20 0.0132 554 509 600 588
D20 0.0131 356 399 405 467
D20 0.0131 32 439 89 516
D20 0.0129 187 309 233 335
D20 0.0129 328 421 381 495
D20 0.0129 33 496 107 564
D20 0.0128 73 377 163 420
D20 0.0128 179 338 240 398
D20 0.0127 227 286 360 344
D20 0.0127 455 0 600 221
D20 0.0127 326 341 376 409
D20 0.0127 374 446 467 514
D20 0.0127 108 404 161 460
D20 0.0126 353 335 433 375
D20 0.0125 340 415 402 454
D20 0.0125 515 517 598 580
D20 0.0125 377 562 504 600
D20 0.0124 0 479 29 564
D20 0.0124 52 470 133 537
D20 0.0124 263 299 302 347
D20 0.0123 193 320 245 341
D20 0.0120 192 330 284 371
D20 0.0120 291 497 358 567
D20 0.0120 124 394 236 558
D20 0.0120 297 516 372 580
D20 0.0119 152 290 414 497
D20 0.0119 64 511 138 600
D20 0.0119 270 298 357 332
D20 0.0117 219 323 321 409
D20 0.0116 355 375 408 419
D20 0.0116 221 317 256 346
D20 0.0116 0 262 115 574
D20 0.0116 70 368 181 481
D20 0.0116 335 433 391 480
D20 0.0115 80 428 164 469
D20 0.0114 77 482 163 586
D20 0.0114 0 380 64 437
D20 0.0113 383 0 600 146
D20 0.0113 214 305 263 342
D20 0.0113 0 0 146 221
D20 0.0113 254 477 303 553
D20 0.0113 258 317 310 378
D20 0.0112 366 392 438 424
D20 0.0112 376 425 482 462
D20 0.0112 253 295 300 319
D20 0.0111 265 312 321 351
D20 0.0111 238 394 327 457
D20 0.0111 291 370 381 431
D20 0.0109 361 516 450 567
D20 0.0108 336 372 384 402
D20 0.0108 0 449 28 528
D20 0.0108 381 361 434 431
D20 0.0107 268 549 348 600
D20 0.0106 182 353 313 422
D20 0.0106 275 416 383 453
D20 0.0106 208 364 249 397
D20 0.0105 190 572 288 600
D20 0.0105 356 448 431 506
D20 0.0105 255 365 368 496
D20 0.0104 54 446 109 529
D20 0.0104 270 300 576 455
D20 0.0102 317 485 373 569
D20 0.0101 0 356 45 426
D20 0.0101 92 411 142 468
D20 0.0100 317 365 366 426
D40 0.1418 89 507 140 536
D40 0.0804 84 498 145 549
D40 0.0783 46 507 150 544
D40 0.0475 88 493 168 533
D40 0.0466 69 515 141 540
D40 0.0454 5 525 47 570
D40 0.0389 41 505 180 562
D40 0.0375 162 540 250 590
D40 0.0361 6 527 69 587
D40 0.0346 100 499 156 526
D40 0.0337 344 466 382 506
D40 0.0326 91 515 139 551
D40 0.0321 23 543 88 597
D40 0.0319 494 573 548 598
D40 0.0311 58 519 147 568
D40 0.0296 129 397 188 420
D40 0.0285 335 480 380 520
D40 0.0262 489 566 572 600
D40 0.0262 119 406 178 429
D40 0.0261 219 478 307 525
D40 0.0258 410 453 497 490
D40 0.0257 179 515 243 579
D40 0.0252 28 548 72 587
D40 0.0246 14 514 99 564
D40 0.0244 181 544 238 571
D40 0.0237 168 565 275 600
D40 0.0231 349 459 387 494
D40 0.0229 219 495 315 539
D40 0.0228 432 460 486 484
D40 0.0225 224 547 320 596
D40 0.0225 29 532 135 582
D40 0.0222 280 500 308 537
D40 0.0218 89 509 156 576
D40 0.0212 32 563 95 594
D40 0.0209 3 409 93 479
D40 0.0201 239 476 301 507
D40 0.0196 242 491 306 530
D40 0.0192 419 465 484 496
D40 0.0191 107 508 151 543
D40 0.0190 256 486 314 550
D40 0.0185 254 501 315 534
D40 0.0185 110 546 213 591
D40 0.0185 0 389 31 426
D40 0.0184 16 407 103 449
D40 0.0183 198 528 237 569
D40 0.0179 37 415 125 460
D40 0.0176 553 404 598 430
D40 0.0173 414 461 470 484
D40 0.0173 249 486 298 516
D40 0.0170 0 464 48 520
D40 0.0170 423 453 479 476
D40 0.0167 247 512 313 589
D40 0.0164 325 368 383 392
D40 0.0164 95 425 139 454
D40 0.0164 381 447 483 481
D40 0.0161 1 544 37 580
D40 0.0161 205 492 253 547
D40 0.0160 326 474 373 511
D40 0.0159 19 526 77 568
D40 0.0159 288 507 317 549
D40 0.0158 48 523 134 549
D40 0.0158 275 500 315 558
D40 0.0157 195 530 253 584
D40 0.0155 328 357 383 382
D40 0.0154 29 550 113 586
D40 0.0152 55 481 146 531
D40 0.0151 385 558 429 589
D40 0.0150 524 397 600 435
D40 0.0148 80 498 128 532
D40 0.0147 0 379 51 439
D40 0.0146 420 468 502 511
D40 0.0144 474 393 597 452
D40 0.0144 82 532 174 581
D40 0.0143 269 481 301 522
D40 0.0143 0 536 26 574
D40 0.0142 0 462 34 503
D40 0.0139 277 462 391 505
D40 0.0136 441 380 585 437
D40 0.0136 562 412 600 437
D40 0.0135 39 514 100 546
D40 0.0135 184 575 258 598
D40 0.0135 245 458 328 538
D40 0.0133 0 396 85 439
D40 0.0133 384 462 476 502
D40 0.0132 274 493 300 543
D40 0.0131 176 562 245 591
D40 0.0130 0 406 31 446
D40 0.0129 503 563 536 600
D40 0.0127 202 508 239 548
D40 0.0127 343 449 383 483
D40 0.0125 213 493 280 560
D40 0.0125 107 392 177 425
D40 0.0124 164 504 250 558
D40 0.0123 121 493 163 525
D40 0.0123 258 467 295 499
D40 0.0122 219 484 275 535
D40 0.0122 361 454 391 506
D40 0.0122 1 419 41 453
D40 0.0121 360 418 400 449
D40 0.0121 211 523 308 578
D40 0.0121 20 510 58 561
D40 0.0121 0 386 47 411
D40 0.0120 233 509 305 543
D40 0.0119 86 505 121 544
D40 0.0119 100 492 151 517
D40 0.0119 273 444 388 485
D40 0.0119 35 397 120 441
D40 0.0117 242 534 295 590
D40 0.0117 76 464 160 540
D40 0.0115 54 544 156 591
D40 0.0114 211 481 250 520
D40 0.0114 240 453 303 513
D40 0.0113 43 456 125 504
D40 0.0112 383 371 428 403
D40 0.0112 495 381 594 428
D40 0.0112 89 525 133 562
D40 0.0112 529 405 589 428
D40 0.0111 367 550 413 585
D40 0.0110 363 527 400 566
D40 0.0110 568 391 600 427
D40 0.0109 0 427 33 462
D40 0.0108 399 454 463 474
D40 0.0108 291 502 333 560
D40 0.0108 260 479 303 502
D40 0.0107 135 484 171 515
D40 0.0107 236 482 281 519
D40 0.0107 0 378 81 420
D40 0.0106 54 506 110 538
D40 0.0106 324 490 371 525
D40 0.0105 495 550 547 600
D40 0.0105 31 415 92 438
D40 0.0105 264 514 309 539
D40 0.0105 287 492 315 531
D40 0.0105 72 501 133 577
D40 0.0104 290 527 318 570
D40 0.0104 208 517 244 559
D40 0.0104 134 496 236 538
D40 0.0104 38 530 77 589
D40 0.0102 293 501 327 538
D40 0.0101 260 507 297 545
D40 0.0101 239 550 279 589
D40 0.0101 202 491 243 529
D40 0.0101 51 423 109 449
D40 0.0101 226 499 265 537
D40 0.0101 540 396 593 422
D40 0.0100 80 554 182 598
D40 0.0100 192 540 229 589
