D00 0.2420 145 520 188 572
D00 0.1991 126 509 202 578
D00 0.1591 124 473 247 576
D00 0.1409 443 535 581 589
D00 0.1344 73 492 219 581
D00 0.1176 151 507 200 559
D00 0.1139 479 550 559 595
D00 0.1093 86 456 280 564
D00 0.0863 471 529 542 589
D00 0.0821 140 541 182 572
D00 0.0787 401 498 596 592
D00 0.0775 140 465 262 537
D00 0.0769 111 530 188 577
D00 0.0741 232 489 264 527
D00 0.0732 319 425 375 451
D00 0.0674 129 515 194 552
D00 0.0670 492 561 548 590
D00 0.0639 154 489 219 556
D00 0.0627 132 528 176 568
D00 0.0600 101 488 210 553
D00 0.0578 483 552 539 582
D00 0.0569 330 432 382 457
D00 0.0519 493 562 583 600
D00 0.0494 296 420 380 455
D00 0.0479 242 477 268 523
D00 0.0471 206 477 268 531
D00 0.0462 209 487 262 514
D00 0.0458 451 505 543 583
D00 0.0448 116 527 226 588
D00 0.0448 214 495 262 524
D00 0.0443 313 426 394 464
D00 0.0434 118 472 231 527
D00 0.0432 500 570 558 597
D00 0.0421 106 521 182 559
D00 0.0411 155 524 209 553
D00 0.0401 51 534 199 591
D00 0.0393 184 447 270 519
D00 0.0386 235 454 274 530
D00 0.0377 19 448 203 569
D00 0.0375 224 471 266 517
D00 0.0362 164 478 276 568
D00 0.0352 245 411 269 460
D00 0.0350 245 459 269 511
D00 0.0348 497 525 595 591
D00 0.0346 138 521 256 575
D00 0.0330 472 542 532 575
D00 0.0328 329 435 442 483
D00 0.0326 137 504 197 541
D00 0.0321 163 479 241 543
D00 0.0320 62 518 260 599
D00 0.0314 139 477 195 565
D00 0.0311 349 430 387 462
D00 0.0310 337 427 400 481
D00 0.0307 338 425 390 450
D00 0.0307 135 551 181 578
D00 0.0307 420 519 518 585
D00 0.0304 459 467 561 600
D00 0.0299 135 538 203 583
D00 0.0296 211 434 258 459
D00 0.0293 226 429 268 516
D00 0.0291 139 422 310 546
D00 0.0288 450 529 526 569
D00 0.0288 235 421 262 470
D00 0.0287 298 418 433 465
D00 0.0284 226 482 268 565
D00 0.0284 225 505 266 530
D00 0.0278 51 470 210 533
D00 0.0276 457 557 540 592
D00 0.0275 523 567 598 598
D00 0.0269 510 559 561 592
D00 0.0267 386 440 462 471
D00 0.0267 165 512 209 571
D00 0.0266 160 528 194 575
D00 0.0263 167 502 207 541
D00 0.0263 491 479 599 600
D00 0.0259 186 494 269 539
D00 0.0257 153 537 186 582
D00 0.0255 42 507 183 565
D00 0.0254 26 576 91 598
D00 0.0253 237 410 274 500
D00 0.0252 401 468 533 581
D00 0.0248 419 551 552 600
D00 0.0247 310 417 370 443
D00 0.0246 246 426 269 483
D00 0.0246 156 511 232 548
D00 0.0244 232 480 273 506
D00 0.0242 114 544 174 571
D00 0.0240 225 492 257 538
D00 0.0239 347 439 414 471
D00 0.0239 397 445 492 482
D00 0.0238 492 542 530 589
D00 0.0237 324 439 377 466
D00 0.0235 3 574 60 597
D00 0.0231 216 413 269 476
D00 0.0230 337 429 499 494
D00 0.0229 357 449 586 600
D00 0.0229 546 554 600 594
D00 0.0228 296 431 380 473
D00 0.0226 54 577 121 598
D00 0.0223 203 430 262 502
D00 0.0222 284 428 415 485
D00 0.0222 76 386 264 595
D00 0.0217 94 514 172 547
D00 0.0216 105 549 179 580
D00 0.0216 207 431 283 529
D00 0.0213 375 443 439 467
D00 0.0213 9 485 174 548
D00 0.0211 351 440 411 501
D00 0.0209 251 468 276 515
D00 0.0209 236 446 262 504
D00 0.0207 119 489 179 568
D00 0.0207 250 438 278 509
D00 0.0206 365 449 479 501
D00 0.0204 418 454 506 494
D00 0.0204 236 488 287 514
D00 0.0201 225 421 264 451
D00 0.0201 71 257 298 575
D00 0.0199 439 467 505 499
D00 0.0199 157 478 211 528
D00 0.0196 442 522 514 557
D00 0.0193 11 562 84 594
D00 0.0193 437 486 525 561
D00 0.0192 479 516 523 582
D00 0.0191 364 446 434 479
D00 0.0191 230 479 293 532
D00 0.0191 403 451 467 475
D00 0.0190 254 418 276 470
D00 0.0190 17 527 160 583
D00 0.0190 234 412 274 440
D00 0.0190 223 426 254 469
D00 0.0190 494 545 554 575
D00 0.0189 344 421 375 459
D00 0.0189 235 499 261 551
D00 0.0188 504 537 567 600
D00 0.0188 189 443 236 501
D00 0.0188 165 452 226 498
D00 0.0187 444 461 500 487
D00 0.0186 322 433 414 515
D00 0.0185 93 496 168 577
D00 0.0184 0 507 95 594
D00 0.0183 161 493 201 532
D00 0.0183 452 541 524 588
D00 0.0182 362 445 399 481
D00 0.0181 377 446 509 553
D00 0.0181 485 506 587 573
D00 0.0181 573 440 597 489
D00 0.0180 296 432 363 454
D00 0.0180 118 517 162 574
D00 0.0179 357 458 440 507
D00 0.0174 165 436 237 518
D00 0.0173 332 412 382 452
D00 0.0173 85 576 150 596
D00 0.0173 5 499 143 573
D00 0.0173 411 444 476 468
D00 0.0171 0 548 63 598
D00 0.0170 325 418 378 483
D00 0.0170 356 423 480 467
D00 0.0168 469 484 552 563
D00 0.0168 235 497 288 523
D00 0.0168 109 369 229 550
D00 0.0167 167 507 246 567
D00 0.0167 515 457 548 492
D00 0.0166 432 464 498 520
D00 0.0166 154 529 230 565
D00 0.0165 290 405 402 447
D00 0.0165 431 452 494 476
D00 0.0165 223 437 254 493
D00 0.0164 362 464 398 500
D00 0.0163 354 431 390 492
D00 0.0163 131 539 166 581
D00 0.0162 420 539 495 591
D00 0.0159 479 533 532 565
D00 0.0159 329 436 450 547
D00 0.0159 211 435 245 478
D00 0.0158 511 576 582 600
D00 0.0158 476 572 538 597
D00 0.0158 229 406 278 465
D00 0.0157 382 461 451 522
D00 0.0156 186 510 273 576
D00 0.0155 76 500 165 544
D00 0.0154 212 447 246 500
D00 0.0152 205 471 311 520
D00 0.0152 447 479 499 503
D00 0.0151 340 462 403 515
D00 0.0151 215 466 288 571
D00 0.0151 533 560 584 591
D00 0.0151 363 467 415 512
D00 0.0151 157 489 190 546
D00 0.0150 455 498 510 573
D00 0.0150 503 557 538 600
D00 0.0149 403 531 473 585
D00 0.0149 359 436 419 459
D00 0.0149 404 495 472 528
D00 0.0149 354 480 406 504
D00 0.0148 400 456 472 487
D00 0.0147 320 440 386 499
D00 0.0147 58 571 156 600
D00 0.0146 359 454 422 490
D00 0.0146 181 445 228 482
D00 0.0146 155 543 212 570
D00 0.0145 206 423 254 452
D00 0.0145 102 535 165 562
D00 0.0145 195 457 321 558
D00 0.0144 110 429 230 516
D00 0.0144 386 435 445 460
D00 0.0144 175 519 219 556
D00 0.0144 461 470 514 495
D00 0.0143 445 569 528 599
D00 0.0142 402 452 470 515
D00 0.0142 177 428 426 521
D00 0.0141 431 503 500 557
D00 0.0141 398 509 511 566
D00 0.0141 352 474 388 507
D00 0.0140 234 431 273 457
D00 0.0139 414 474 478 530
D00 0.0138 0 471 97 566
D00 0.0137 0 519 46 596
D00 0.0136 489 517 542 575
D00 0.0136 204 431 235 470
D00 0.0136 8 560 51 594
D00 0.0136 495 581 548 600
D00 0.0136 204 502 260 551
D00 0.0135 2 487 57 583
D00 0.0133 149 550 221 580
D00 0.0132 141 502 173 555
D00 0.0132 453 514 494 548
D00 0.0132 66 516 159 559
D00 0.0132 130 453 198 539
D00 0.0131 566 550 600 586
D00 0.0131 239 436 295 522
D00 0.0130 428 499 479 525
D00 0.0130 291 436 410 551
D00 0.0130 373 475 442 510
D00 0.0130 556 572 600 597
D00 0.0130 393 485 461 521
D00 0.0129 311 445 377 480
D00 0.0129 335 429 368 473
D00 0.0129 391 551 467 583
D00 0.0128 466 462 497 503
D00 0.0128 426 549 464 584
D00 0.0128 100 509 160 534
D00 0.0128 340 417 390 441
D00 0.0128 252 407 277 449
D00 0.0127 345 459 475 526
D00 0.0127 506 521 548 589
D00 0.0126 430 483 493 538
D00 0.0125 378 449 436 496
D00 0.0124 434 442 503 471
D00 0.0124 454 458 520 491
D00 0.0124 449 408 600 600
D00 0.0123 207 487 312 540
D00 0.0123 13 337 181 563
D00 0.0123 125 505 172 541
D00 0.0123 29 555 106 600
D00 0.0122 511 0 600 141
D00 0.0121 248 484 277 528
D00 0.0121 521 476 583 577
D00 0.0121 123 494 193 528
D00 0.0121 167 507 228 533
D00 0.0120 173 529 205 575
D00 0.0119 199 410 287 498
D00 0.0119 429 526 486 574
D00 0.0118 148 549 178 589
D00 0.0118 295 440 519 579
D00 0.0118 460 0 600 225
D00 0.0118 312 436 358 468
D00 0.0117 370 442 425 516
D00 0.0117 92 523 151 569
D00 0.0117 181 417 249 503
D00 0.0116 342 443 380 480
D00 0.0116 473 521 509 570
D00 0.0116 530 505 600 598
D00 0.0116 461 450 502 481
D00 0.0116 450 472 512 528
D00 0.0116 39 582 99 600
D00 0.0116 405 432 479 464
D00 0.0115 301 421 348 449
D00 0.0115 501 528 534 582
D00 0.0115 142 458 214 494
D00 0.0115 377 489 485 575
D00 0.0115 558 531 597 590
D00 0.0114 521 447 553 503
D00 0.0114 328 467 396 499
D00 0.0114 123 536 176 598
D00 0.0114 243 422 286 448
D00 0.0114 411 559 485 590
D00 0.0114 562 447 595 483
D00 0.0113 372 448 403 496
D00 0.0113 111 475 184 533
D00 0.0113 443 504 484 536
D00 0.0113 413 465 534 532
D00 0.0113 423 512 491 542
D00 0.0113 346 478 437 519
D00 0.0113 176 482 226 513
D00 0.0113 312 401 450 454
D00 0.0112 395 490 503 543
D00 0.0112 250 433 372 483
D00 0.0111 153 484 197 517
D00 0.0111 423 475 489 509
D00 0.0111 84 542 163 573
D00 0.0111 51 474 176 593
D00 0.0111 84 458 175 563
D00 0.0111 181 428 232 471
D00 0.0110 93 495 164 528
D00 0.0110 198 491 249 524
D00 0.0110 457 450 506 513
D00 0.0110 371 469 425 496
D00 0.0109 232 491 304 565
D00 0.0109 146 498 311 600
D00 0.0109 176 492 223 528
D00 0.0108 338 445 391 539
D00 0.0108 107 502 148 561
D00 0.0108 443 552 509 594
D00 0.0108 12 551 80 584
D00 0.0107 458 470 489 513
D00 0.0107 228 420 353 462
D00 0.0107 0 568 34 600
D00 0.0107 497 461 543 487
D00 0.0106 225 466 281 503
D00 0.0106 414 498 460 581
D00 0.0106 412 465 482 498
D00 0.0106 406 448 531 509
D00 0.0105 344 451 379 508
D00 0.0105 481 458 576 557
D00 0.0105 440 484 504 517
D00 0.0104 210 432 314 491
D00 0.0104 518 467 557 495
D00 0.0104 99 550 213 600
D00 0.0104 220 410 259 443
D00 0.0104 571 561 599 600
D00 0.0103 574 422 598 471
D00 0.0103 381 488 437 514
D00 0.0103 419 529 453 585
D00 0.0103 338 477 385 520
D00 0.0103 82 507 140 551
D00 0.0103 458 454 490 495
D00 0.0103 466 511 498 559
D00 0.0102 77 582 136 600
D00 0.0102 0 432 62 559
D00 0.0102 572 456 597 505
D00 0.0102 525 464 551 513
D00 0.0102 566 424 600 500
D00 0.0101 154 380 313 512
D00 0.0101 386 519 452 580
D00 0.0101 469 474 509 506
D00 0.0101 418 501 457 533
D00 0.0101 525 539 591 585
D00 0.0101 167 541 248 573
D00 0.0100 192 265 460 568
D00 0.0100 426 486 466 521
D00 0.0100 64 490 148 532
D00 0.0100 119 468 196 500
D00 0.0100 391 498 448 523
D10 0.0899 161 476 253 502
D10 0.0675 491 557 600 595
D10 0.0601 194 442 247 463
D10 0.0561 155 479 220 499
D10 0.0477 518 564 594 589
D10 0.0453 507 557 585 582
D10 0.0432 135 456 251 505
D10 0.0424 178 483 269 512
D10 0.0415 184 436 257 477
D10 0.0346 546 556 597 582
D10 0.0346 168 487 242 508
D10 0.0341 135 472 220 511
D10 0.0340 194 447 245 474
D10 0.0335 152 479 245 523
D10 0.0295 184 458 241 491
D10 0.0275 445 548 533 584
D10 0.0238 73 454 229 513
D10 0.0230 148 472 208 497
D10 0.0225 148 487 204 509
D10 0.0218 493 543 576 580
D10 0.0213 138 480 198 501
D10 0.0205 109 518 173 543
D10 0.0192 464 562 533 589
D10 0.0191 246 411 407 467
D10 0.0190 28 564 107 594
D10 0.0187 434 559 521 592
D10 0.0187 111 554 172 578
D10 0.0183 555 563 600 590
D10 0.0182 90 562 170 590
D10 0.0181 221 440 264 464
D10 0.0176 516 539 600 585
D10 0.0169 96 434 244 500
D10 0.0165 238 480 286 505
D10 0.0164 454 543 524 571
D10 0.0163 131 563 181 586
D10 0.0161 58 565 140 593
D10 0.0161 455 479 506 503
D10 0.0156 549 546 597 573
D10 0.0153 150 553 202 578
D10 0.0152 433 554 501 580
D10 0.0151 171 444 226 465
D10 0.0151 336 480 388 503
D10 0.0151 182 435 232 461
D10 0.0150 132 508 188 533
D10 0.0146 95 576 160 595
D10 0.0145 3 465 146 528
D10 0.0143 239 400 389 449
D10 0.0140 233 471 273 497
D10 0.0139 326 471 380 495
D10 0.0137 82 553 162 581
D10 0.0136 170 450 226 476
D10 0.0131 121 485 194 515
D10 0.0130 158 497 206 521
D10 0.0129 421 542 499 576
D10 0.0129 436 508 489 532
D10 0.0128 241 489 301 513
D10 0.0124 317 481 372 503
D10 0.0124 504 499 556 520
D10 0.0119 46 431 203 495
D10 0.0119 178 497 250 521
D10 0.0119 9 447 167 511
D10 0.0118 141 543 261 587
D10 0.0118 471 526 525 552
D10 0.0117 79 569 174 599
D10 0.0116 455 518 510 543
D10 0.0115 463 489 516 511
D10 0.0114 167 555 228 577
D10 0.0114 426 564 487 589
D10 0.0113 222 448 264 474
D10 0.0113 428 516 484 539
D10 0.0112 452 574 520 597
D10 0.0111 222 481 322 519
D10 0.0110 370 547 471 583
D10 0.0110 309 472 399 510
D10 0.0107 470 480 527 503
D10 0.0106 139 558 200 588
D10 0.0106 389 555 449 579
D10 0.0105 447 471 530 509
D10 0.0105 130 498 187 521
D10 0.0105 127 574 182 594
D10 0.0104 336 488 387 512
D10 0.0103 410 546 466 572
D10 0.0102 514 504 585 532
D10 0.0101 333 330 426 370
D10 0.0100 21 552 92 583
D10 0.0100 307 471 363 494
D10 0.0100 165 545 226 570
D20 0.0953 118 480 264 574
D20 0.0934 415 514 568 591
D20 0.0827 29 454 264 572
D20 0.0796 145 464 265 533
D20 0.0690 1 511 211 589
D20 0.0626 161 463 262 504
D20 0.0537 38 406 496 576
D20 0.0495 172 478 274 515
D20 0.0492 72 436 359 565
D20 0.0490 355 492 596 593
D20 0.0439 175 440 249 490
D20 0.0433 161 429 265 508
D20 0.0372 411 543 539 589
D20 0.0336 175 456 600 600
D20 0.0327 199 454 266 514
D20 0.0326 185 431 261 470
D20 0.0321 0 479 191 560
D20 0.0318 86 525 186 570
D20 0.0306 4 542 175 596
D20 0.0300 433 525 529 573
D20 0.0268 0 453 411 600
D20 0.0267 59 449 241 532
D20 0.0265 16 324 396 536
D20 0.0258 134 465 223 504
D20 0.0257 50 345 280 572
D20 0.0249 468 525 600 600
D20 0.0237 141 428 374 528
D20 0.0234 407 478 550 577
D20 0.0232 0 265 536 575
D20 0.0208 0 547 101 595
D20 0.0201 11 569 106 600
D20 0.0200 341 534 534 593
D20 0.0194 129 485 381 576
D20 0.0193 18 411 195 552
D20 0.0188 202 406 256 426
D20 0.0183 263 509 551 600
D20 0.0183 84 547 183 584
D20 0.0182 0 0 408 294
D20 0.0180 44 207 331 600
D20 0.0179 551 536 600 600
D20 0.0178 236 416 389 464
D20 0.0178 167 0 600 294
D20 0.0175 169 455 434 557
D20 0.0173 136 416 246 543
D20 0.0171 201 425 254 495
D20 0.0170 126 480 207 527
D20 0.0170 144 534 242 575
D20 0.0169 17 15 600 441
D20 0.0169 334 378 600 600
D20 0.0167 189 225 502 399
D20 0.0164 312 118 600 600
D20 0.0161 349 471 517 560
D20 0.0160 223 407 267 429
D20 0.0156 0 314 206 583
D20 0.0152 171 447 236 511
D20 0.0148 165 459 221 525
D20 0.0147 119 520 276 592
D20 0.0145 454 0 600 225
D20 0.0144 423 509 508 551
D20 0.0144 437 454 516 495
D20 0.0144 414 499 494 539
D20 0.0144 200 420 259 456
D20 0.0143 192 433 233 488
D20 0.0142 218 424 398 495
D20 0.0142 177 422 239 476
D20 0.0142 410 561 527 600
D20 0.0141 186 359 464 600
D20 0.0139 175 412 276 484
D20 0.0139 191 445 325 515
D20 0.0138 368 548 497 589
D20 0.0137 213 461 292 510
D20 0.0137 0 0 146 225
D20 0.0135 227 393 400 454
D20 0.0133 41 562 168 600
D20 0.0131 459 474 600 576
D20 0.0131 533 563 600 600
D20 0.0129 190 402 265 435
D20 0.0128 100 473 192 512
D20 0.0128 214 412 261 438
D20 0.0128 0 93 264 566
D20 0.0126 381 0 600 146
D20 0.0124 105 407 265 501
D20 0.0124 526 0 600 117
D20 0.0123 520 487 600 600
D20 0.0122 83 379 310 519
D20 0.0119 166 525 268 570
D20 0.0116 216 410 548 552
D20 0.0114 376 511 488 584
D20 0.0114 424 438 509 476
D20 0.0114 140 380 400 500
D20 0.0113 300 490 489 574
D20 0.0113 244 291 555 550
D20 0.0112 243 260 455 374
D20 0.0112 194 283 444 420
D20 0.0112 451 463 546 501
D20 0.0109 0 0 266 180
D20 0.0107 403 528 500 574
D20 0.0106 391 444 543 524
D20 0.0106 293 0 525 365
D20 0.0105 44 10 337 497
D20 0.0104 0 433 161 522
D20 0.0104 454 450 519 481
D20 0.0102 238 491 423 571
D20 0.0102 455 317 600 600
D20 0.0101 0 502 96 600
D20 0.0100 291 450 458 537
D40 0.0749 193 481 262 504
D40 0.0628 177 473 268 511
D40 0.0405 232 476 265 511
D40 0.0358 199 439 242 470
D40 0.0347 208 472 259 498
D40 0.0335 196 468 246 501
D40 0.0239 285 419 379 452
D40 0.0234 99 300 150 323
D40 0.0228 193 453 255 496
D40 0.0217 190 444 235 482
D40 0.0202 177 468 229 499
D40 0.0186 0 555 71 597
D40 0.0186 206 443 249 482
D40 0.0185 246 190 565 361
D40 0.0182 161 475 206 504
D40 0.0182 1 564 48 592
D40 0.0181 0 258 454 580
D40 0.0175 225 462 255 509
D40 0.0173 184 440 227 471
D40 0.0170 275 412 363 444
D40 0.0161 420 507 474 530
D40 0.0158 0 524 50 590
D40 0.0151 405 491 486 531
D40 0.0146 81 293 155 328
D40 0.0146 308 224 521 332
D40 0.0145 3 549 42 586
D40 0.0145 287 424 352 447
D40 0.0144 8 285 156 370
D40 0.0143 35 311 115 350
D40 0.0141 50 319 106 342
D40 0.0139 0 228 288 411
D40 0.0137 287 417 349 439
D40 0.0133 211 459 257 488
D40 0.0133 307 258 516 370
D40 0.0130 0 473 135 564
D40 0.0130 186 324 576 532
D40 0.0130 186 481 240 511
D40 0.0129 104 293 158 318
D40 0.0123 0 573 41 597
D40 0.0123 19 319 118 371
D40 0.0122 53 309 122 339
D40 0.0120 2 529 40 567
D40 0.0117 387 223 548 312
D40 0.0117 2 490 100 539
D40 0.0115 50 301 146 354
D40 0.0115 77 232 457 454
D40 0.0114 276 219 487 397
D40 0.0113 0 144 308 534
D40 0.0113 36 276 161 342
D40 0.0113 138 472 197 513
D40 0.0110 40 262 229 364
D40 0.0106 0 553 30 597
D40 0.0106 0 521 33 558
D40 0.0105 1 532 30 584
D40 0.0105 2 539 58 576
D40 0.0104 5 302 99 355
D40 0.0104 354 212 513 290
D40 0.0104 0 210 218 348
D40 0.0103 0 218 29 256
D40 0.0101 317 148 600 327
