D00 0.2767 334 443 384 496
D00 0.2568 309 437 404 500
D00 0.1941 316 423 398 561
D00 0.1928 317 393 417 501
D00 0.1781 283 405 443 578
D00 0.1594 325 450 376 516
D00 0.1318 334 465 375 495
D00 0.1221 342 426 404 489
D00 0.1085 244 418 429 519
D00 0.1001 298 444 392 528
D00 0.0884 306 417 543 586
D00 0.0879 343 447 394 482
D00 0.0849 281 363 403 507
D00 0.0848 334 369 454 491
D00 0.0787 296 464 374 509
D00 0.0777 284 433 380 600
D00 0.0745 325 424 441 515
D00 0.0742 252 454 476 600
D00 0.0714 330 435 429 600
D00 0.0694 184 405 474 545
D00 0.0693 287 390 504 521
D00 0.0675 47 357 185 412
D00 0.0671 403 551 447 599
D00 0.0662 0 361 201 599
D00 0.0662 0 362 161 444
D00 0.0620 337 411 439 477
D00 0.0612 266 335 302 420
D00 0.0591 195 441 403 564
D00 0.0560 352 437 384 487
D00 0.0559 82 364 145 397
D00 0.0556 332 383 404 473
D00 0.0553 339 439 408 539
D00 0.0543 396 455 486 600
D00 0.0540 299 406 385 489
D00 0.0533 452 493 476 543
D00 0.0522 1 378 118 579
D00 0.0515 407 572 458 598
D00 0.0512 349 441 398 471
D00 0.0512 257 348 293 440
D00 0.0511 274 350 296 409
D00 0.0498 299 456 365 567
D00 0.0498 372 505 471 597
D00 0.0495 333 458 379 547
D00 0.0484 67 369 197 430
D00 0.0482 213 335 439 528
D00 0.0480 59 369 137 411
D00 0.0465 156 394 205 418
D00 0.0464 242 338 299 470
D00 0.0464 0 522 45 600
D00 0.0463 0 492 141 598
D00 0.0462 384 546 487 596
D00 0.0460 340 426 479 567
D00 0.0459 319 467 373 588
D00 0.0458 16 362 163 514
D00 0.0450 385 562 463 599
D00 0.0447 327 475 370 503
D00 0.0440 284 336 304 391
D00 0.0432 361 399 413 480
D00 0.0425 217 386 379 515
D00 0.0425 147 387 197 414
D00 0.0420 24 375 146 427
D00 0.0418 416 425 580 587
D00 0.0413 444 474 485 549
D00 0.0410 420 416 508 580
D00 0.0406 279 341 307 413
D00 0.0405 307 447 380 489
D00 0.0400 109 439 444 600
D00 0.0393 248 339 331 504
D00 0.0392 35 373 193 464
D00 0.0390 330 393 377 493
D00 0.0387 78 375 134 401
D00 0.0384 62 345 174 396
D00 0.0383 409 520 453 600
D00 0.0381 274 383 359 497
D00 0.0379 505 455 598 600
D00 0.0377 390 398 521 522
D00 0.0375 265 349 311 465
D00 0.0374 435 445 526 552
D00 0.0372 338 529 501 599
D00 0.0369 265 359 289 417
D00 0.0368 346 339 420 470
D00 0.0364 2 544 131 595
D00 0.0360 323 461 414 512
D00 0.0356 3 336 171 410
D00 0.0355 344 480 560 592
D00 0.0354 0 470 65 597
D00 0.0353 0 389 127 492
D00 0.0353 280 444 374 501
D00 0.0349 433 405 565 525
D00 0.0345 229 433 354 600
D00 0.0343 348 476 452 592
D00 0.0343 414 481 469 592
D00 0.0342 246 379 285 463
D00 0.0339 122 378 200 422
D00 0.0338 319 458 368 494
D00 0.0336 92 356 155 391
D00 0.0328 61 382 269 576
D00 0.0325 58 414 181 592
D00 0.0320 289 495 427 600
D00 0.0319 326 467 364 539
D00 0.0318 379 378 488 474
D00 0.0313 349 341 411 402
D00 0.0313 367 420 461 492
D00 0.0313 53 498 192 599
D00 0.0311 457 487 484 538
D00 0.0311 449 479 512 542
D00 0.0310 115 362 225 410
D00 0.0305 221 357 285 480
D00 0.0304 374 538 447 600
D00 0.0303 25 349 225 436
D00 0.0303 429 477 524 589
D00 0.0302 275 331 297 382
D00 0.0301 0 551 75 599
D00 0.0300 171 398 255 543
D00 0.0298 1 530 30 585
D00 0.0297 352 404 391 484
D00 0.0297 130 322 389 600
D00 0.0295 444 505 484 536
D00 0.0294 428 500 484 597
D00 0.0294 369 358 429 424
D00 0.0292 359 367 436 450
D00 0.0285 449 428 506 532
D00 0.0282 12 391 125 447
D00 0.0282 345 347 590 600
D00 0.0282 245 410 282 491
D00 0.0281 85 339 210 404
D00 0.0279 480 417 600 538
D00 0.0278 353 426 413 468
D00 0.0278 333 329 392 393
D00 0.0277 218 334 323 455
D00 0.0275 554 520 600 600
D00 0.0275 89 366 173 409
D00 0.0274 337 345 395 450
D00 0.0274 292 337 313 388
D00 0.0272 375 377 421 462
D00 0.0269 140 387 222 425
D00 0.0267 459 461 567 571
D00 0.0267 9 320 244 520
D00 0.0265 385 368 449 431
D00 0.0264 525 500 585 597
D00 0.0263 276 319 310 395
D00 0.0263 63 544 181 595
D00 0.0261 407 411 483 538
D00 0.0261 90 481 227 595
D00 0.0259 339 483 384 576
D00 0.0258 313 336 385 466
D00 0.0256 238 347 295 413
D00 0.0253 355 343 475 457
D00 0.0253 459 424 591 496
D00 0.0252 270 364 297 444
D00 0.0252 187 426 241 528
D00 0.0251 228 387 315 489
D00 0.0250 131 482 368 592
D00 0.0250 265 374 287 439
D00 0.0249 169 385 195 426
D00 0.0247 284 330 321 410
D00 0.0246 113 369 239 474
D00 0.0244 281 354 334 468
D00 0.0243 329 321 375 344
D00 0.0242 153 441 241 591
D00 0.0242 0 444 99 557
D00 0.0241 64 390 171 446
D00 0.0240 88 449 335 569
D00 0.0238 543 481 597 592
D00 0.0236 0 489 37 581
D00 0.0236 169 382 213 464
D00 0.0236 160 390 204 437
D00 0.0235 33 404 222 538
D00 0.0234 406 523 503 589
D00 0.0232 252 432 358 514
D00 0.0232 259 459 330 600
D00 0.0231 88 535 224 600
D00 0.0230 74 532 140 600
D00 0.0230 163 379 213 421
D00 0.0230 265 340 290 391
D00 0.0230 429 456 497 536
D00 0.0230 120 392 241 527
D00 0.0229 344 330 395 352
D00 0.0228 322 358 364 437
D00 0.0228 300 357 358 472
D00 0.0227 406 375 539 484
D00 0.0227 373 350 423 395
D00 0.0227 174 380 289 501
D00 0.0227 435 409 491 511
D00 0.0226 124 372 264 434
D00 0.0225 337 322 384 365
D00 0.0224 460 452 526 515
D00 0.0222 83 515 165 593
D00 0.0222 189 433 268 597
D00 0.0222 415 422 544 497
D00 0.0221 423 404 489 467
D00 0.0221 337 446 428 493
D00 0.0221 444 484 586 600
D00 0.0221 365 455 429 577
D00 0.0221 425 495 503 543
D00 0.0221 399 537 548 600
D00 0.0220 95 413 334 528
D00 0.0219 133 516 179 600
D00 0.0219 391 386 461 447
D00 0.0219 281 473 342 588
D00 0.0219 238 525 277 600
D00 0.0218 88 384 217 451
D00 0.0218 321 331 413 421
D00 0.0215 175 395 338 591
D00 0.0215 162 379 233 507
D00 0.0213 347 365 413 429
D00 0.0213 435 500 478 551
D00 0.0213 167 349 291 459
D00 0.0210 94 381 326 487
D00 0.0209 210 396 289 545
D00 0.0209 353 500 414 595
D00 0.0208 322 386 364 473
D00 0.0208 358 437 421 483
D00 0.0207 67 476 147 597
D00 0.0207 258 335 371 457
D00 0.0206 358 438 501 511
D00 0.0206 320 439 384 476
D00 0.0206 451 490 491 573
D00 0.0203 171 448 225 546
D00 0.0203 343 323 395 344
D00 0.0202 392 458 451 580
D00 0.0201 105 363 175 393
D00 0.0201 354 331 403 377
D00 0.0200 450 497 494 526
D00 0.0199 13 409 119 467
D00 0.0199 61 335 183 493
D00 0.0199 361 352 399 390
D00 0.0199 343 338 379 400
D00 0.0198 270 254 450 563
D00 0.0197 121 391 201 437
D00 0.0197 414 482 482 541
D00 0.0197 249 331 329 421
D00 0.0197 239 426 275 459
D00 0.0197 206 443 254 545
D00 0.0196 299 492 356 597
D00 0.0195 254 361 283 416
D00 0.0195 204 407 259 509
D00 0.0195 298 479 378 539
D00 0.0195 28 425 133 532
D00 0.0195 309 350 538 491
D00 0.0194 302 330 322 377
D00 0.0194 455 460 491 530
D00 0.0194 449 467 547 525
D00 0.0194 387 376 425 438
D00 0.0194 239 422 276 515
D00 0.0193 43 382 121 417
D00 0.0192 179 470 237 526
D00 0.0192 260 397 288 465
D00 0.0192 316 424 360 500
D00 0.0192 4 573 62 599
D00 0.0192 413 535 439 595
D00 0.0192 323 348 386 409
D00 0.0192 37 514 134 592
D00 0.0191 0 284 151 557
D00 0.0191 499 401 600 489
D00 0.0191 371 361 409 398
D00 0.0191 308 478 368 518
D00 0.0190 410 394 472 488
D00 0.0190 346 329 375 377
D00 0.0190 254 410 279 460
D00 0.0190 439 415 507 478
D00 0.0189 377 401 448 466
D00 0.0189 443 489 471 537
D00 0.0189 466 439 559 517
D00 0.0189 320 312 365 336
D00 0.0188 330 329 376 353
D00 0.0188 81 570 153 600
D00 0.0188 351 342 389 381
D00 0.0187 256 400 328 483
D00 0.0186 188 463 240 566
D00 0.0186 118 372 187 407
D00 0.0186 351 333 445 420
D00 0.0186 159 379 189 421
D00 0.0186 226 405 282 462
D00 0.0185 0 374 86 469
D00 0.0185 366 393 414 446
D00 0.0184 69 383 127 409
D00 0.0184 172 419 213 505
D00 0.0183 0 360 115 412
D00 0.0183 255 415 292 504
D00 0.0183 448 484 481 523
D00 0.0182 147 414 219 541
D00 0.0182 0 403 81 512
D00 0.0182 146 377 195 406
D00 0.0181 383 355 448 386
D00 0.0181 195 385 274 458
D00 0.0181 398 394 505 450
D00 0.0181 82 371 147 440
D00 0.0181 221 462 281 600
D00 0.0181 391 580 447 600
D00 0.0180 358 342 437 385
D00 0.0180 419 549 461 600
D00 0.0180 144 394 250 443
D00 0.0180 8 566 106 600
D00 0.0180 129 470 231 568
D00 0.0180 365 357 414 384
D00 0.0179 149 402 198 427
D00 0.0178 180 400 221 488
D00 0.0177 102 370 146 403
D00 0.0177 254 425 277 478
D00 0.0177 76 508 124 587
D00 0.0176 170 395 224 419
D00 0.0176 346 338 394 363
D00 0.0175 369 344 408 380
D00 0.0175 331 311 374 378
D00 0.0175 376 359 456 403
D00 0.0174 383 372 515 440
D00 0.0174 94 383 179 433
D00 0.0174 353 328 420 355
D00 0.0173 4 511 50 573
D00 0.0173 241 481 304 600
D00 0.0173 336 315 365 354
D00 0.0173 256 321 297 394
D00 0.0172 502 481 569 588
D00 0.0172 524 550 600 599
D00 0.0171 459 500 498 539
D00 0.0171 535 428 600 568
D00 0.0171 384 365 413 416
D00 0.0170 347 507 392 584
D00 0.0170 406 430 508 484
D00 0.0170 412 581 471 600
D00 0.0170 4 501 98 570
D00 0.0170 152 354 234 419
D00 0.0169 410 380 479 440
D00 0.0169 284 321 304 369
D00 0.0169 46 451 109 514
D00 0.0169 330 435 363 491
D00 0.0168 168 486 290 600
D00 0.0168 291 350 314 406
D00 0.0167 62 363 146 475
D00 0.0167 330 383 354 432
D00 0.0167 485 518 590 600
D00 0.0165 0 403 74 453
D00 0.0165 434 498 479 526
D00 0.0165 151 381 197 460
D00 0.0165 293 320 312 368
D00 0.0164 371 411 404 468
D00 0.0164 48 448 151 555
D00 0.0164 514 475 588 557
D00 0.0164 314 546 430 595
D00 0.0164 207 331 297 420
D00 0.0164 339 362 405 397
D00 0.0163 177 402 253 475
D00 0.0163 128 394 187 420
D00 0.0163 150 367 198 429
D00 0.0162 322 320 367 364
D00 0.0162 361 356 399 419
D00 0.0161 387 362 427 397
D00 0.0161 180 524 388 600
D00 0.0161 255 377 281 439
D00 0.0160 10 470 184 576
D00 0.0160 331 469 387 507
D00 0.0160 338 336 366 386
D00 0.0160 454 415 573 469
D00 0.0160 320 469 429 551
D00 0.0159 192 482 229 521
D00 0.0159 423 391 565 458
D00 0.0159 444 441 522 491
D00 0.0158 330 373 376 424
D00 0.0158 339 532 403 598
D00 0.0158 31 336 373 491
D00 0.0158 313 377 355 451
D00 0.0158 512 437 591 514
D00 0.0158 0 546 49 586
D00 0.0158 346 459 396 496
D00 0.0158 489 456 576 535
D00 0.0157 324 316 400 353
D00 0.0157 478 477 544 542
D00 0.0157 362 339 414 363
D00 0.0157 83 490 132 571
D00 0.0157 165 402 214 426
D00 0.0157 441 503 527 549
D00 0.0156 572 542 599 594
D00 0.0156 18 418 109 498
D00 0.0154 321 330 366 405
D00 0.0154 37 341 137 402
D00 0.0154 250 352 287 390
D00 0.0153 188 350 383 469
D00 0.0153 286 332 376 418
D00 0.0152 210 424 349 495
D00 0.0152 346 428 383 468
D00 0.0152 293 335 333 417
D00 0.0152 135 514 218 591
D00 0.0151 382 401 411 457
D00 0.0151 228 442 273 545
D00 0.0151 230 446 324 542
D00 0.0151 381 389 416 427
D00 0.0151 328 393 375 442
D00 0.0151 355 451 407 488
D00 0.0150 412 449 509 504
D00 0.0150 369 354 495 420
D00 0.0150 0 304 213 422
D00 0.0150 449 514 494 542
D00 0.0149 312 338 354 418
D00 0.0149 321 464 356 508
D00 0.0149 401 360 468 421
D00 0.0149 358 370 420 406
D00 0.0149 373 429 431 475
D00 0.0148 392 346 441 418
D00 0.0148 261 456 341 524
D00 0.0148 376 454 461 530
D00 0.0148 111 425 215 576
D00 0.0148 406 565 504 600
D00 0.0148 390 410 479 460
D00 0.0147 329 328 356 376
D00 0.0147 282 367 305 423
D00 0.0147 311 336 333 384
D00 0.0147 105 332 275 412
D00 0.0147 301 295 415 495
D00 0.0146 317 365 349 430
D00 0.0146 217 417 281 497
D00 0.0146 452 391 534 505
D00 0.0146 339 421 368 483
D00 0.0146 174 393 223 441
D00 0.0146 99 461 180 588
D00 0.0146 401 399 469 435
D00 0.0145 240 413 306 530
D00 0.0145 0 518 32 562
D00 0.0145 208 478 257 588
D00 0.0144 363 415 423 457
D00 0.0144 378 379 438 418
D00 0.0144 168 484 226 584
D00 0.0144 118 551 174 599
D00 0.0143 380 349 433 374
D00 0.0143 374 476 502 551
D00 0.0142 168 323 325 523
D00 0.0142 279 327 334 384
D00 0.0142 116 450 269 546
D00 0.0142 0 410 50 475
D00 0.0142 355 355 384 404
D00 0.0141 278 518 380 600
D00 0.0141 113 358 170 384
D00 0.0140 302 343 324 394
D00 0.0140 336 383 386 432
D00 0.0140 65 405 169 511
D00 0.0140 48 570 133 600
D00 0.0139 428 568 475 599
D00 0.0139 53 470 120 531
D00 0.0138 340 469 372 524
D00 0.0138 531 430 595 493
D00 0.0138 390 366 442 390
D00 0.0138 97 365 182 470
D00 0.0138 433 427 497 464
D00 0.0138 274 348 316 372
D00 0.0138 394 503 485 566
D00 0.0137 260 335 293 372
D00 0.0137 353 463 399 551
D00 0.0137 22 522 94 599
D00 0.0137 31 389 109 426
D00 0.0137 392 351 473 391
D00 0.0137 249 445 283 535
D00 0.0137 229 363 289 432
D00 0.0136 144 399 215 476
D00 0.0136 331 562 447 600
D00 0.0136 202 477 234 532
D00 0.0135 70 400 199 473
D00 0.0135 312 321 360 342
D00 0.0134 123 376 199 499
D00 0.0134 116 499 202 575
D00 0.0134 187 387 232 465
D00 0.0134 0 559 42 600
D00 0.0133 372 573 439 598
D00 0.0133 0 456 67 536
D00 0.0133 243 472 363 550
D00 0.0133 107 373 163 423
D00 0.0133 116 358 199 447
D00 0.0132 331 338 376 364
D00 0.0132 132 417 282 600
D00 0.0132 514 354 600 587
D00 0.0132 4 448 98 505
D00 0.0131 137 342 245 395
D00 0.0131 246 432 270 489
D00 0.0131 338 355 365 404
D00 0.0131 89 356 141 420
D00 0.0131 395 389 437 427
D00 0.0131 413 408 479 445
D00 0.0131 65 175 317 547
D00 0.0130 425 395 467 458
D00 0.0130 265 355 304 383
D00 0.0130 468 465 534 503
D00 0.0130 254 523 298 600
D00 0.0129 335 313 384 336
D00 0.0129 132 381 180 416
D00 0.0129 36 474 103 511
D00 0.0129 257 474 295 567
D00 0.0129 342 370 378 406
D00 0.0128 142 542 169 596
D00 0.0128 69 506 176 567
D00 0.0128 460 483 500 521
D00 0.0127 399 350 450 374
D00 0.0127 395 498 440 589
D00 0.0127 57 487 124 554
D00 0.0127 187 499 242 598
D00 0.0127 306 324 367 380
D00 0.0127 0 329 105 453
D00 0.0127 303 330 342 405
D00 0.0126 418 359 496 465
D00 0.0126 255 364 294 394
D00 0.0125 407 358 460 382
D00 0.0125 100 402 189 448
D00 0.0125 54 432 120 498
D00 0.0125 396 371 436 408
D00 0.0125 165 364 224 444
D00 0.0125 316 329 348 389
D00 0.0125 286 309 319 384
D00 0.0124 137 544 205 600
D00 0.0124 376 372 404 424
D00 0.0124 359 322 416 344
D00 0.0124 327 306 356 343
D00 0.0124 229 321 282 341
D00 0.0124 289 472 351 522
D00 0.0124 453 510 536 591
D00 0.0124 339 357 387 384
D00 0.0124 88 377 190 535
D00 0.0124 319 324 414 371
D00 0.0123 346 394 398 445
D00 0.0123 0 522 80 579
D00 0.0123 454 441 495 506
D00 0.0123 85 347 147 381
D00 0.0123 297 365 413 441
D00 0.0122 226 335 292 391
D00 0.0122 59 412 137 462
D00 0.0122 323 343 385 379
D00 0.0121 330 364 355 415
D00 0.0121 371 332 423 374
D00 0.0121 143 335 263 496
D00 0.0121 494 546 568 600
D00 0.0121 280 525 328 600
D00 0.0120 248 493 286 581
D00 0.0120 444 423 485 486
D00 0.0120 246 519 340 600
D00 0.0120 207 178 253 261
D00 0.0119 515 515 566 600
D00 0.0119 333 389 367 427
D00 0.0119 208 267 359 512
D00 0.0118 180 356 280 414
D00 0.0118 128 403 184 430
D00 0.0118 319 312 346 351
D00 0.0118 537 534 581 598
D00 0.0118 308 353 338 422
D00 0.0118 33 321 168 389
D00 0.0117 330 399 354 453
D00 0.0117 456 492 523 530
D00 0.0117 204 346 268 436
D00 0.0117 329 345 355 393
D00 0.0117 141 439 254 520
D00 0.0117 239 313 289 335
D00 0.0116 96 542 154 596
D00 0.0116 329 526 379 600
D00 0.0116 562 534 593 590
D00 0.0116 338 401 387 458
D00 0.0116 256 441 276 501
D00 0.0116 291 349 340 372
D00 0.0116 16 535 61 600
D00 0.0115 487 496 553 559
D00 0.0115 178 398 205 452
D00 0.0115 438 461 475 529
D00 0.0115 263 488 374 577
D00 0.0115 0 379 48 459
D00 0.0114 294 301 313 342
D00 0.0114 268 368 324 439
D00 0.0114 422 506 474 533
D00 0.0114 81 480 160 558
D00 0.0114 243 401 273 453
D00 0.0114 188 408 213 462
D00 0.0114 182 363 247 448
D00 0.0114 368 448 438 509
D00 0.0114 136 342 214 432
D00 0.0113 321 392 345 439
D00 0.0113 364 322 413 390
D00 0.0113 242 349 291 373
D00 0.0112 68 380 127 432
D00 0.0112 0 418 36 503
D00 0.0112 303 312 349 335
D00 0.0112 294 391 388 451
D00 0.0111 137 565 175 600
D00 0.0111 0 416 33 455
D00 0.0110 541 414 600 477
D00 0.0110 264 494 306 581
D00 0.0110 288 360 319 427
D00 0.0109 84 562 195 600
D00 0.0109 480 535 546 599
D00 0.0109 385 406 424 445
D00 0.0109 27 569 74 600
D00 0.0109 379 340 432 364
D00 0.0109 245 549 270 600
D00 0.0108 94 558 137 596
D00 0.0108 256 344 314 378
D00 0.0108 270 326 299 359
D00 0.0107 302 301 323 342
D00 0.0107 325 485 366 514
D00 0.0107 405 381 446 418
D00 0.0107 28 291 150 447
D00 0.0107 226 427 273 471
D00 0.0107 235 363 357 441
D00 0.0107 94 378 137 414
D00 0.0107 316 479 355 552
D00 0.0107 264 339 305 365
D00 0.0106 467 487 516 558
D00 0.0106 61 552 124 599
D00 0.0106 166 487 252 537
D00 0.0106 415 390 457 427
D00 0.0106 0 429 46 565
D00 0.0106 106 349 160 378
D00 0.0106 81 412 168 458
D00 0.0106 180 340 282 392
D00 0.0106 63 430 145 477
D00 0.0105 207 520 299 600
D00 0.0105 108 392 165 441
D00 0.0105 389 334 591 507
D00 0.0105 154 532 234 600
D00 0.0105 499 419 570 507
D00 0.0105 288 545 357 600
D00 0.0104 409 368 495 412
D00 0.0104 317 325 351 358
D00 0.0104 434 417 476 455
D00 0.0104 0 343 112 393
D00 0.0104 400 541 438 580
D00 0.0104 346 315 427 351
D00 0.0104 407 393 448 456
D00 0.0103 459 507 483 560
D00 0.0103 543 445 600 513
D00 0.0103 62 368 127 394
D00 0.0103 482 469 523 533
D00 0.0103 263 424 285 480
D00 0.0103 311 320 334 364
D00 0.0103 283 340 328 366
D00 0.0102 525 377 600 471
D00 0.0102 100 343 178 386
D00 0.0102 312 302 356 327
D00 0.0102 484 570 561 599
D00 0.0102 382 342 413 386
D00 0.0102 0 449 36 530
D00 0.0102 233 357 286 382
D00 0.0102 360 518 435 584
D00 0.0102 404 462 471 523
D00 0.0101 489 470 549 518
D00 0.0101 180 417 204 473
D00 0.0101 315 306 387 344
D00 0.0101 463 464 504 502
D00 0.0101 111 17 295 303
D00 0.0101 89 387 152 487
D00 0.0101 265 340 359 392
D00 0.0101 410 419 464 468
D00 0.0100 188 491 232 539
D00 0.0100 359 496 395 567
D00 0.0100 236 560 281 600
D00 0.0100 257 359 312 399
D00 0.0100 171 460 294 529
D00 0.0100 70 321 175 427
D00 0.0100 470 473 513 511
D00 0.0100 383 552 439 583
D00 0.0100 475 397 585 451
D00 0.0100 452 436 495 473
D10 0.1782 280 462 383 500
D10 0.1312 261 435 394 508
D10 0.1209 295 470 371 493
D10 0.0545 252 452 360 499
D10 0.0521 276 473 359 503
D10 0.0463 227 448 381 536
D10 0.0403 272 472 338 493
D10 0.0386 315 475 369 503
D10 0.0360 351 441 407 470
D10 0.0340 279 464 350 490
D10 0.0329 206 429 279 456
D10 0.0294 314 451 374 482
D10 0.0282 347 447 465 499
D10 0.0247 347 430 443 475
D10 0.0227 0 488 72 537
D10 0.0223 123 519 212 560
D10 0.0219 375 430 488 484
D10 0.0209 357 449 418 476
D10 0.0207 15 478 105 521
D10 0.0202 296 479 365 517
D10 0.0201 210 443 351 509
D10 0.0192 375 404 422 427
D10 0.0191 358 431 409 461
D10 0.0188 346 457 406 486
D10 0.0188 0 493 52 527
D10 0.0183 370 441 430 467
D10 0.0181 334 463 440 513
D10 0.0181 12 493 91 525
D10 0.0180 0 547 60 587
D10 0.0179 375 399 439 434
D10 0.0178 4 563 58 593
D10 0.0178 187 416 285 457
D10 0.0177 248 322 300 339
D10 0.0171 283 448 367 487
D10 0.0169 1 552 43 581
D10 0.0165 233 424 276 452
D10 0.0165 280 480 368 539
D10 0.0163 328 395 417 444
D10 0.0163 252 470 346 512
D10 0.0162 42 488 100 513
D10 0.0161 373 412 420 437
D10 0.0160 337 376 388 400
D10 0.0159 320 405 368 428
D10 0.0158 338 367 388 392
D10 0.0156 355 366 406 393
D10 0.0156 339 466 394 493
D10 0.0153 355 404 407 427
D10 0.0151 383 394 432 422
D10 0.0151 504 553 598 598
D10 0.0149 12 485 119 541
D10 0.0147 401 391 469 426
D10 0.0147 448 434 533 481
D10 0.0145 137 526 194 546
D10 0.0145 226 432 327 487
D10 0.0144 336 405 389 427
D10 0.0144 365 375 414 401
D10 0.0142 366 395 414 421
D10 0.0142 293 395 382 437
D10 0.0142 398 403 454 429
D10 0.0142 432 546 558 595
D10 0.0141 460 474 526 510
D10 0.0140 322 366 409 412
D10 0.0140 523 438 599 488
D10 0.0138 168 485 245 528
D10 0.0138 423 460 508 509
D10 0.0138 412 399 479 435
D10 0.0137 530 573 588 597
D10 0.0137 383 375 432 401
D10 0.0136 88 516 182 564
D10 0.0136 92 482 229 554
D10 0.0135 440 428 506 464
D10 0.0134 352 536 446 586
D10 0.0133 450 470 501 494
D10 0.0133 451 479 499 503
D10 0.0133 45 492 115 525
D10 0.0131 0 505 43 530
D10 0.0131 0 497 35 521
D10 0.0131 502 569 577 599
D10 0.0131 112 523 196 575
D10 0.0130 471 433 573 478
D10 0.0130 374 427 449 463
D10 0.0130 369 421 418 451
D10 0.0130 387 412 443 438
D10 0.0129 484 475 553 510
D10 0.0129 457 488 507 514
D10 0.0129 453 464 516 502
D10 0.0128 319 526 419 586
D10 0.0128 418 387 508 431
D10 0.0127 242 431 283 456
D10 0.0126 344 395 398 420
D10 0.0126 345 385 398 410
D10 0.0126 224 438 272 463
D10 0.0126 376 384 422 412
D10 0.0125 3 543 50 572
D10 0.0124 327 443 379 468
D10 0.0124 385 437 462 470
D10 0.0124 295 546 408 596
D10 0.0123 455 442 510 467
D10 0.0123 401 451 494 495
D10 0.0122 492 469 580 517
D10 0.0122 224 421 301 466
D10 0.0122 542 561 593 593
D10 0.0122 391 385 442 412
D10 0.0121 302 404 352 428
D10 0.0121 320 367 370 391
D10 0.0121 350 408 411 443
D10 0.0121 475 465 544 502
D10 0.0120 373 446 450 478
D10 0.0120 4 489 59 515
D10 0.0119 454 506 542 551
D10 0.0119 320 376 370 399
D10 0.0118 0 534 94 588
D10 0.0117 329 395 377 422
D10 0.0117 409 382 479 415
D10 0.0117 387 468 490 518
D10 0.0115 443 455 508 492
D10 0.0115 474 516 526 542
D10 0.0114 35 534 126 585
D10 0.0114 522 563 579 593
D10 0.0113 473 447 548 481
D10 0.0113 329 357 378 383
D10 0.0112 425 395 483 420
D10 0.0112 282 486 341 512
D10 0.0112 195 432 254 455
D10 0.0112 474 487 529 513
D10 0.0112 0 468 79 519
D10 0.0112 55 488 140 536
D10 0.0111 329 385 378 411
D10 0.0111 312 412 361 433
D10 0.0111 424 436 490 472
D10 0.0111 413 426 481 463
D10 0.0110 429 470 483 493
D10 0.0110 430 408 498 445
D10 0.0110 512 477 595 527
D10 0.0110 481 449 576 498
D10 0.0110 420 412 473 440
D10 0.0110 266 478 319 501
D10 0.0109 429 461 483 485
D10 0.0109 144 514 219 547
D10 0.0109 329 412 379 433
D10 0.0109 347 412 399 434
D10 0.0109 306 438 377 475
D10 0.0108 198 435 270 466
D10 0.0108 249 314 298 335
D10 0.0107 430 422 482 450
D10 0.0107 411 447 482 480
D10 0.0107 525 506 599 559
D10 0.0107 465 451 519 476
D10 0.0106 486 560 561 595
D10 0.0106 395 497 489 543
D10 0.0106 193 492 258 524
D10 0.0106 399 376 452 400
D10 0.0106 161 388 253 430
D10 0.0106 284 524 378 585
D10 0.0105 335 476 383 502
D10 0.0104 467 520 533 553
D10 0.0103 471 443 530 466
D10 0.0103 270 322 319 338
D10 0.0103 147 495 233 543
D10 0.0102 75 523 159 576
D10 0.0102 11 506 68 530
D10 0.0102 388 416 461 454
D10 0.0101 487 505 571 555
D10 0.0101 463 506 516 535
D10 0.0101 61 484 130 519
D10 0.0101 161 458 239 512
D10 0.0101 0 504 82 560
D20 0.0928 181 398 584 585
D20 0.0830 1 393 450 584
D20 0.0712 309 411 483 502
D20 0.0510 0 504 161 600
D20 0.0474 19 320 600 599
D20 0.0451 329 378 490 478
D20 0.0419 220 415 390 503
D20 0.0413 306 382 558 518
D20 0.0391 2 473 264 600
D20 0.0366 104 72 600 600
D20 0.0363 284 443 384 494
D20 0.0358 253 340 600 544
D20 0.0347 306 442 600 600
D20 0.0307 378 481 583 593
D20 0.0295 0 0 490 509
D20 0.0282 0 329 361 543
D20 0.0278 331 428 517 526
D20 0.0263 403 351 600 600
D20 0.0249 179 281 491 600
D20 0.0229 280 525 471 600
D20 0.0226 0 0 408 294
D20 0.0225 0 164 407 592
D20 0.0223 167 0 600 294
D20 0.0216 416 523 600 600
D20 0.0199 119 340 436 510
D20 0.0197 381 393 468 442
D20 0.0195 252 497 418 600
D20 0.0194 225 461 380 569
D20 0.0188 110 479 439 600
D20 0.0184 315 344 456 448
D20 0.0181 84 524 255 600
D20 0.0179 0 345 198 600
D20 0.0178 281 357 430 473
D20 0.0171 0 465 93 600
D20 0.0162 277 332 431 416
D20 0.0159 0 562 104 600
D20 0.0157 455 0 600 224
D20 0.0156 0 487 46 600
D20 0.0154 294 193 600 600
D20 0.0154 0 523 30 600
D20 0.0153 366 410 459 461
D20 0.0153 376 0 600 147
D20 0.0152 0 0 148 226
D20 0.0151 0 0 219 147
D20 0.0148 472 486 600 596
D20 0.0147 56 506 345 600
D20 0.0137 0 549 53 599
D20 0.0131 388 0 600 308
D20 0.0124 11 0 236 377
D20 0.0122 0 523 55 585
D20 0.0120 514 413 600 600
D20 0.0111 72 0 298 236
D20 0.0110 284 273 506 530
D20 0.0110 33 543 203 600
D20 0.0105 0 203 287 496
D20 0.0102 562 537 600 600
D20 0.0102 297 0 526 233
D20 0.0101 292 322 412 379
D40 0.0257 2 556 42 595
D40 0.0195 2 572 51 599
D40 0.0163 569 554 600 596
D40 0.0139 32 248 412 464
D40 0.0119 338 542 431 592
D40 0.0113 92 219 557 506
