D00 0.2950 314 397 389 517
D00 0.2828 299 385 448 531
D00 0.2768 333 412 416 521
D00 0.2601 318 408 373 481
D00 0.2247 340 412 376 515
D00 0.2216 340 421 465 532
D00 0.2190 268 374 381 504
D00 0.1706 340 439 395 510
D00 0.1693 349 475 474 538
D00 0.1660 273 363 539 540
D00 0.1642 338 418 366 486
D00 0.1585 348 423 372 496
D00 0.1509 385 495 466 544
D00 0.1380 252 343 377 466
D00 0.1367 246 350 429 516
D00 0.1350 293 404 366 456
D00 0.1189 272 395 368 438
D00 0.1165 372 492 451 527
D00 0.1113 302 367 402 482
D00 0.1109 333 413 391 487
D00 0.1065 248 415 473 555
D00 0.1048 316 442 547 549
D00 0.1035 366 491 486 560
D00 0.1007 338 470 442 516
D00 0.1005 340 439 367 501
D00 0.0972 321 411 363 450
D00 0.0928 409 508 472 547
D00 0.0927 258 355 294 420
D00 0.0905 259 372 361 445
D00 0.0847 252 348 335 432
D00 0.0840 272 395 330 423
D00 0.0806 335 453 379 527
D00 0.0796 305 437 427 550
D00 0.0794 259 369 321 424
D00 0.0740 397 504 456 536
D00 0.0740 307 432 379 501
D00 0.0723 386 453 499 543
D00 0.0706 290 404 357 433
D00 0.0697 341 457 470 573
D00 0.0673 245 328 304 424
D00 0.0654 266 381 306 419
D00 0.0633 254 348 282 401
D00 0.0613 349 458 373 510
D00 0.0604 380 461 457 530
D00 0.0593 314 378 363 462
D00 0.0583 343 423 382 470
D00 0.0572 278 339 486 479
D00 0.0567 377 510 493 587
D00 0.0563 323 399 449 487
D00 0.0553 411 494 462 569
D00 0.0553 330 415 378 457
D00 0.0531 351 440 379 505
D00 0.0485 234 311 347 437
D00 0.0483 416 524 474 593
D00 0.0474 307 391 397 447
D00 0.0471 290 422 386 569
D00 0.0459 392 499 539 560
D00 0.0456 430 514 486 540
D00 0.0435 245 312 288 398
D00 0.0418 416 516 457 552
D00 0.0414 298 351 381 435
D00 0.0410 314 403 369 438
D00 0.0408 381 395 588 541
D00 0.0406 431 545 477 590
D00 0.0403 338 471 399 533
D00 0.0393 233 391 365 562
D00 0.0392 335 410 505 588
D00 0.0391 336 392 376 468
D00 0.0389 422 496 492 544
D00 0.0384 410 475 494 574
D00 0.0377 410 501 445 549
D00 0.0375 400 518 544 583
D00 0.0371 266 451 422 589
D00 0.0365 261 339 287 392
D00 0.0349 192 356 366 501
D00 0.0348 281 452 407 525
D00 0.0345 399 481 461 532
D00 0.0345 416 463 470 550
D00 0.0343 261 394 349 477
D00 0.0343 275 381 326 457
D00 0.0338 233 348 295 409
D00 0.0337 331 350 393 460
D00 0.0334 410 501 468 527
D00 0.0334 351 481 423 543
D00 0.0329 379 397 484 510
D00 0.0329 345 370 413 478
D00 0.0328 279 416 349 520
D00 0.0327 161 308 184 361
D00 0.0325 0 312 43 384
D00 0.0325 227 313 438 459
D00 0.0317 379 510 459 556
D00 0.0311 1 325 29 377
D00 0.0310 420 562 468 591
D00 0.0309 246 368 311 458
D00 0.0305 248 316 325 395
D00 0.0303 312 461 385 511
D00 0.0301 253 328 280 381
D00 0.0299 257 373 299 406
D00 0.0299 154 304 190 392
D00 0.0294 240 314 276 349
D00 0.0290 348 477 396 508
D00 0.0287 360 446 433 523
D00 0.0287 406 417 472 527
D00 0.0287 255 399 335 531
D00 0.0286 324 440 376 485
D00 0.0284 341 432 404 475
D00 0.0283 256 331 377 412
D00 0.0282 394 514 451 544
D00 0.0280 425 502 462 544
D00 0.0280 438 554 485 584
D00 0.0276 424 435 489 534
D00 0.0271 393 537 522 597
D00 0.0270 433 504 474 563
D00 0.0269 322 464 370 543
D00 0.0267 431 513 489 583
D00 0.0267 350 463 388 519
D00 0.0267 278 389 311 430
D00 0.0266 313 395 354 432
D00 0.0265 153 307 176 361
D00 0.0264 236 304 293 363
D00 0.0263 339 421 386 447
D00 0.0261 214 309 308 405
D00 0.0260 402 484 566 545
D00 0.0254 402 553 479 595
D00 0.0254 345 347 564 492
D00 0.0250 267 347 296 403
D00 0.0250 145 293 183 375
D00 0.0249 249 364 290 394
D00 0.0248 309 326 445 447
D00 0.0248 310 481 448 598
D00 0.0245 169 307 192 360
D00 0.0243 246 307 283 342
D00 0.0239 440 535 468 585
D00 0.0235 182 402 442 600
D00 0.0233 354 428 391 489
D00 0.0231 417 413 521 547
D00 0.0231 431 498 474 533
D00 0.0230 302 387 349 442
D00 0.0229 392 441 459 513
D00 0.0229 447 505 478 545
D00 0.0227 245 339 274 389
D00 0.0227 360 368 473 464
D00 0.0227 509 369 600 407
D00 0.0225 326 390 356 444
D00 0.0224 248 323 283 361
D00 0.0224 266 386 312 475
D00 0.0224 3 316 39 353
D00 0.0220 1 341 28 394
D00 0.0220 162 332 184 387
D00 0.0219 401 392 467 424
D00 0.0218 225 311 275 337
D00 0.0217 420 520 452 572
D00 0.0216 166 312 194 385
D00 0.0212 426 523 475 546
D00 0.0210 427 541 465 577
D00 0.0209 98 303 135 397
D00 0.0209 406 367 592 445
D00 0.0209 427 572 475 594
D00 0.0206 300 422 369 466
D00 0.0206 259 476 543 600
D00 0.0205 221 342 318 478
D00 0.0203 433 539 510 582
D00 0.0203 339 350 400 410
D00 0.0201 371 499 434 548
D00 0.0199 440 472 505 552
D00 0.0199 441 357 599 412
D00 0.0199 288 376 336 436
D00 0.0198 407 573 463 596
D00 0.0198 393 372 459 426
D00 0.0198 342 452 422 493
D00 0.0197 273 443 349 561
D00 0.0196 268 396 317 444
D00 0.0195 1 322 56 362
D00 0.0194 418 550 459 586
D00 0.0194 263 451 306 533
D00 0.0193 255 360 312 399
D00 0.0193 443 543 481 577
D00 0.0193 386 465 584 577
D00 0.0193 346 467 404 500
D00 0.0192 320 433 357 491
D00 0.0191 340 469 368 516
D00 0.0190 243 368 284 407
D00 0.0189 331 393 448 448
D00 0.0189 320 343 383 399
D00 0.0187 219 298 282 350
D00 0.0186 256 334 291 371
D00 0.0186 330 460 363 509
D00 0.0186 428 453 548 541
D00 0.0186 303 454 361 547
D00 0.0185 368 352 552 430
D00 0.0185 493 360 590 398
D00 0.0183 325 354 461 424
D00 0.0183 341 436 373 464
D00 0.0183 254 356 295 382
D00 0.0182 340 492 406 553
D00 0.0180 404 393 466 456
D00 0.0180 316 375 427 429
D00 0.0179 331 364 368 447
D00 0.0178 153 332 176 387
D00 0.0178 391 520 456 600
D00 0.0175 0 287 61 403
D00 0.0175 1 335 41 367
D00 0.0173 342 429 399 457
D00 0.0173 246 435 372 516
D00 0.0173 282 403 332 438
D00 0.0172 289 334 422 405
D00 0.0172 140 298 170 368
D00 0.0172 345 480 380 546
D00 0.0172 0 332 35 414
D00 0.0171 241 428 304 548
D00 0.0171 368 495 444 588
D00 0.0170 411 426 475 485
D00 0.0169 425 528 465 564
D00 0.0169 401 381 507 477
D00 0.0169 263 394 301 427
D00 0.0169 370 572 451 600
D00 0.0168 248 400 303 508
D00 0.0168 255 483 316 537
D00 0.0168 379 479 436 514
D00 0.0164 388 385 455 489
D00 0.0163 291 339 375 383
D00 0.0163 417 493 453 539
D00 0.0163 277 355 308 415
D00 0.0163 107 321 127 382
D00 0.0162 257 329 308 378
D00 0.0162 239 299 276 335
D00 0.0162 254 315 293 350
D00 0.0162 331 457 372 489
D00 0.0162 338 476 378 505
D00 0.0161 385 387 453 442
D00 0.0161 59 383 99 469
D00 0.0161 253 387 292 421
D00 0.0161 281 409 334 489
D00 0.0159 362 367 450 412
D00 0.0159 152 291 176 342
D00 0.0159 346 358 432 402
D00 0.0158 421 386 563 505
D00 0.0156 193 394 320 570
D00 0.0155 329 354 392 388
D00 0.0154 161 286 199 363
D00 0.0153 359 430 410 506
D00 0.0153 161 291 184 343
D00 0.0153 166 445 390 557
D00 0.0153 288 426 352 479
D00 0.0152 400 387 452 413
D00 0.0152 241 345 295 379
D00 0.0150 89 295 126 386
D00 0.0150 6 311 53 335
D00 0.0150 375 546 465 592
D00 0.0149 321 495 384 553
D00 0.0149 281 323 344 378
D00 0.0148 255 423 322 484
D00 0.0148 443 468 482 542
D00 0.0147 419 341 586 394
D00 0.0147 479 367 600 432
D00 0.0147 110 313 140 388
D00 0.0147 272 318 407 383
D00 0.0146 209 503 455 600
D00 0.0146 292 320 358 417
D00 0.0146 221 300 367 388
D00 0.0146 94 321 121 395
D00 0.0146 217 373 305 530
D00 0.0145 484 377 600 497
D00 0.0144 233 310 271 370
D00 0.0144 523 384 600 426
D00 0.0144 406 380 494 422
D00 0.0144 307 407 347 461
D00 0.0143 218 457 342 563
D00 0.0143 248 558 347 598
D00 0.0143 499 512 600 585
D00 0.0143 262 389 297 453
D00 0.0143 478 368 568 407
D00 0.0143 399 424 532 497
D00 0.0142 267 502 304 535
D00 0.0142 421 404 483 468
D00 0.0141 414 398 455 432
D00 0.0141 234 304 265 346
D00 0.0141 342 355 379 426
D00 0.0141 11 325 44 375
D00 0.0141 4 312 81 440
D00 0.0140 344 447 384 473
D00 0.0140 442 429 600 562
D00 0.0140 283 472 376 600
D00 0.0139 374 463 448 503
D00 0.0139 428 513 507 553
D00 0.0139 349 333 526 411
D00 0.0138 0 333 69 384
D00 0.0138 269 493 336 544
D00 0.0138 350 373 386 451
D00 0.0136 285 347 323 426
D00 0.0136 114 295 168 391
D00 0.0135 410 448 518 513
D00 0.0134 307 346 357 392
D00 0.0134 494 545 599 592
D00 0.0133 240 304 339 351
D00 0.0133 5 315 68 351
D00 0.0133 273 441 345 498
D00 0.0132 236 296 315 338
D00 0.0132 66 368 106 446
D00 0.0132 355 401 396 468
D00 0.0131 245 416 288 491
D00 0.0131 0 297 48 358
D00 0.0131 259 450 292 514
D00 0.0131 271 472 338 530
D00 0.0131 449 502 509 538
D00 0.0130 276 470 310 531
D00 0.0130 291 335 355 369
D00 0.0129 240 471 301 532
D00 0.0129 2 326 107 526
D00 0.0129 280 338 345 404
D00 0.0129 272 478 298 526
D00 0.0129 301 562 377 595
D00 0.0129 418 447 467 498
D00 0.0128 245 499 309 552
D00 0.0128 316 314 476 393
D00 0.0128 0 306 30 342
D00 0.0128 354 357 401 438
D00 0.0128 301 454 360 502
D00 0.0127 408 537 451 597
D00 0.0127 434 378 565 428
D00 0.0127 350 361 389 398
D00 0.0127 133 316 177 397
D00 0.0126 333 348 370 414
D00 0.0126 313 529 429 600
D00 0.0126 231 499 358 596
D00 0.0126 417 389 485 444
D00 0.0126 473 495 592 569
D00 0.0126 290 491 358 546
D00 0.0125 250 325 316 360
D00 0.0125 475 353 572 387
D00 0.0125 193 301 317 363
D00 0.0125 413 362 547 409
D00 0.0124 315 354 351 438
D00 0.0124 457 340 600 543
D00 0.0124 343 559 440 599
D00 0.0124 515 377 587 400
D00 0.0124 345 457 385 486
D00 0.0124 143 291 167 342
D00 0.0124 440 404 581 474
D00 0.0124 444 415 505 521
D00 0.0123 370 350 455 394
D00 0.0122 309 333 390 375
D00 0.0122 524 527 600 573
D00 0.0122 407 380 447 433
D00 0.0122 143 323 168 379
D00 0.0121 363 377 435 436
D00 0.0121 315 348 368 375
D00 0.0121 0 345 34 374
D00 0.0121 170 298 207 383
D00 0.0120 304 342 341 378
D00 0.0120 456 501 486 540
D00 0.0120 178 306 201 358
D00 0.0120 379 361 494 411
D00 0.0120 435 456 472 534
D00 0.0120 281 372 323 411
D00 0.0120 446 552 528 583
D00 0.0119 256 303 393 362
D00 0.0119 97 312 118 372
D00 0.0119 20 307 60 341
D00 0.0119 17 302 152 545
D00 0.0119 231 384 286 484
D00 0.0119 237 442 297 499
D00 0.0118 290 545 355 597
D00 0.0118 426 414 462 478
D00 0.0117 323 352 361 387
D00 0.0117 66 289 92 340
D00 0.0117 313 474 366 520
D00 0.0117 214 303 268 328
D00 0.0116 259 410 292 477
D00 0.0116 458 388 542 429
D00 0.0116 402 510 437 556
D00 0.0116 171 344 192 391
D00 0.0116 347 514 439 555
D00 0.0116 102 287 131 362
D00 0.0116 279 420 314 483
D00 0.0116 126 281 187 388
D00 0.0116 401 476 449 514
D00 0.0116 67 400 91 454
D00 0.0116 448 523 477 574
D00 0.0115 224 328 297 378
D00 0.0115 503 381 581 412
D00 0.0115 414 534 460 558
D00 0.0115 388 564 453 592
D00 0.0114 255 470 324 583
D00 0.0114 268 440 300 501
D00 0.0114 141 341 305 562
D00 0.0114 249 302 301 328
D00 0.0114 547 376 600 416
D00 0.0113 336 346 402 378
D00 0.0113 107 282 146 368
D00 0.0113 12 304 63 375
D00 0.0113 27 300 92 395
D00 0.0113 129 290 160 358
D00 0.0111 252 511 319 543
D00 0.0111 506 368 576 392
D00 0.0111 182 263 413 487
D00 0.0110 396 540 461 574
D00 0.0110 423 486 465 523
D00 0.0110 280 497 307 540
D00 0.0110 380 318 451 347
D00 0.0110 476 364 553 393
D00 0.0110 49 403 92 481
D00 0.0110 304 443 353 482
D00 0.0109 238 364 289 435
D00 0.0109 15 302 64 326
D00 0.0109 258 491 296 545
D00 0.0109 114 304 137 363
D00 0.0109 208 321 271 409
D00 0.0109 77 315 118 400
D00 0.0109 390 491 429 539
D00 0.0109 448 531 491 588
D00 0.0109 169 291 192 342
D00 0.0109 453 403 534 529
D00 0.0108 273 331 312 394
D00 0.0108 26 331 99 463
D00 0.0108 431 530 489 563
D00 0.0107 315 290 386 315
D00 0.0107 323 340 434 390
D00 0.0107 295 326 333 361
D00 0.0107 435 394 557 446
D00 0.0107 40 336 123 491
D00 0.0106 7 446 76 574
D00 0.0106 1 476 26 527
D00 0.0106 276 338 330 364
D00 0.0106 447 458 513 527
D00 0.0106 437 426 487 499
D00 0.0105 0 462 41 539
D00 0.0105 551 575 600 598
D00 0.0105 265 343 337 376
D00 0.0105 0 574 51 597
D00 0.0105 454 484 527 538
D00 0.0105 24 301 74 348
D00 0.0104 520 372 600 467
D00 0.0104 230 426 279 525
D00 0.0104 256 304 310 347
D00 0.0104 300 314 382 354
D00 0.0104 447 471 570 527
D00 0.0104 300 327 365 359
D00 0.0104 7 333 47 399
D00 0.0103 76 288 100 342
D00 0.0103 330 571 410 600
D00 0.0103 100 325 160 393
D00 0.0103 364 497 416 534
D00 0.0103 324 311 406 426
D00 0.0103 227 282 288 338
D00 0.0103 365 415 445 474
D00 0.0103 143 337 199 395
D00 0.0102 1 360 26 412
D00 0.0102 179 322 201 378
D00 0.0102 66 401 107 481
D00 0.0102 119 305 152 378
D00 0.0102 268 312 320 357
D00 0.0102 387 529 454 561
D00 0.0101 298 329 333 388
D00 0.0101 138 286 190 349
D00 0.0101 421 396 481 420
D00 0.0101 314 285 369 307
D00 0.0101 474 454 588 539
D00 0.0101 78 279 116 367
D00 0.0100 495 333 600 402
D00 0.0100 49 312 117 441
D00 0.0100 440 523 496 545
D00 0.0100 313 301 449 358
D00 0.0100 361 373 414 422
D00 0.0100 277 330 329 356
D10 0.1615 345 479 449 518
D10 0.1006 276 399 361 435
D10 0.0742 350 487 421 511
D10 0.0658 378 487 454 523
D10 0.0554 355 495 435 519
D10 0.0541 399 500 461 525
D10 0.0486 260 394 312 420
D10 0.0476 360 499 471 553
D10 0.0411 247 390 344 442
D10 0.0398 269 401 322 425
D10 0.0358 267 405 360 467
D10 0.0335 320 406 366 430
D10 0.0317 330 472 411 515
D10 0.0304 301 471 428 537
D10 0.0300 399 490 458 516
D10 0.0299 330 414 374 438
D10 0.0288 295 465 394 519
D10 0.0265 250 384 300 413
D10 0.0260 293 443 371 483
D10 0.0244 301 397 353 424
D10 0.0238 336 419 405 455
D10 0.0237 382 443 467 487
D10 0.0236 322 489 447 561
D10 0.0233 378 481 443 509
D10 0.0233 304 419 365 447
D10 0.0233 519 376 600 416
D10 0.0231 362 521 468 581
D10 0.0231 321 540 467 600
D10 0.0230 331 412 393 446
D10 0.0229 285 456 380 503
D10 0.0229 344 486 391 510
D10 0.0228 240 398 312 428
D10 0.0218 300 459 363 486
D10 0.0217 288 450 352 477
D10 0.0215 278 387 341 415
D10 0.0212 368 504 439 532
D10 0.0206 44 387 96 410
D10 0.0206 308 471 376 507
D10 0.0199 348 468 420 499
D10 0.0193 408 450 496 497
D10 0.0193 410 447 476 481
D10 0.0193 353 498 422 536
D10 0.0192 259 508 311 531
D10 0.0189 253 348 296 372
D10 0.0188 13 379 105 418
D10 0.0188 546 385 600 410
D10 0.0183 269 451 326 476
D10 0.0182 301 469 362 494
D10 0.0181 277 410 333 434
D10 0.0181 274 437 350 473
D10 0.0181 343 415 401 438
D10 0.0178 291 553 411 596
D10 0.0176 44 452 97 476
D10 0.0174 400 451 455 474
D10 0.0172 337 489 401 522
D10 0.0172 263 487 371 536
D10 0.0171 361 447 450 479
D10 0.0170 351 410 463 466
D10 0.0170 263 425 357 489
D10 0.0170 310 515 449 587
D10 0.0170 252 339 298 362
D10 0.0168 303 440 364 469
D10 0.0166 237 394 295 419
D10 0.0166 325 486 375 510
D10 0.0166 350 423 415 448
D10 0.0163 349 454 436 491
D10 0.0161 26 443 117 485
D10 0.0161 271 455 349 488
D10 0.0160 239 374 291 403
D10 0.0160 383 514 444 543
D10 0.0158 321 395 368 419
D10 0.0157 271 443 327 468
D10 0.0156 258 356 306 380
D10 0.0155 267 375 318 404
D10 0.0155 242 499 328 539
D10 0.0153 268 499 319 525
D10 0.0152 249 469 352 523
D10 0.0150 244 328 288 354
D10 0.0149 408 403 461 428
D10 0.0149 0 561 66 591
D10 0.0149 391 395 447 420
D10 0.0148 301 479 360 503
D10 0.0148 45 394 94 418
D10 0.0146 289 424 361 465
D10 0.0145 16 448 90 479
D10 0.0145 394 474 461 512
D10 0.0145 349 437 438 472
D10 0.0144 409 443 460 469
D10 0.0144 349 431 415 457
D10 0.0144 0 555 49 581
D10 0.0141 256 448 355 507
D10 0.0141 338 405 388 428
D10 0.0138 282 414 352 452
D10 0.0138 252 344 316 378
D10 0.0138 269 460 325 484
D10 0.0137 358 509 431 546
D10 0.0137 63 386 110 410
D10 0.0137 241 442 339 485
D10 0.0136 424 459 478 484
D10 0.0136 193 375 309 424
D10 0.0136 0 366 96 410
D10 0.0136 306 484 386 530
D10 0.0135 44 378 96 403
D10 0.0135 228 358 283 384
D10 0.0135 127 376 182 396
D10 0.0133 251 451 302 476
D10 0.0133 226 546 366 600
D10 0.0133 227 366 285 393
D10 0.0132 308 504 410 555
D10 0.0131 138 367 187 392
D10 0.0131 61 452 114 475
D10 0.0130 4 346 52 373
D10 0.0129 366 520 442 552
D10 0.0128 333 496 381 520
D10 0.0128 292 484 366 516
D10 0.0127 285 508 342 532
D10 0.0126 3 434 100 477
D10 0.0126 383 399 454 431
D10 0.0125 0 356 42 382
D10 0.0125 251 443 302 467
D10 0.0125 329 395 418 447
D10 0.0124 409 458 460 483
D10 0.0124 0 516 46 541
D10 0.0123 0 507 45 533
D10 0.0122 228 402 316 445
D10 0.0122 276 496 352 527
D10 0.0122 229 349 281 374
D10 0.0122 263 521 405 586
D10 0.0122 548 394 600 417
D10 0.0122 417 438 485 473
D10 0.0122 0 380 71 414
D10 0.0121 109 357 197 395
D10 0.0121 257 411 308 434
D10 0.0120 38 456 105 489
D10 0.0120 0 546 83 587
D10 0.0120 251 516 303 540
D10 0.0119 434 456 505 490
D10 0.0119 0 350 62 386
D10 0.0119 258 550 348 590
D10 0.0118 63 377 112 401
D10 0.0118 36 443 87 468
D10 0.0116 310 498 363 522
D10 0.0116 350 505 402 532
D10 0.0116 217 381 296 413
D10 0.0115 279 470 336 493
D10 0.0115 265 365 317 389
D10 0.0115 34 369 125 412
D10 0.0114 265 339 320 364
D10 0.0114 20 377 83 402
D10 0.0114 356 410 432 443
D10 0.0113 348 450 417 474
D10 0.0113 424 434 517 478
D10 0.0112 0 335 82 383
D10 0.0112 323 390 383 426
D10 0.0111 0 365 44 392
D10 0.0111 216 319 272 343
D10 0.0110 432 451 489 477
D10 0.0109 4 376 59 401
D10 0.0109 0 498 75 543
D10 0.0109 351 563 462 600
D10 0.0109 372 443 441 466
D10 0.0108 4 391 84 422
D10 0.0108 55 442 103 468
D10 0.0107 252 460 300 485
D10 0.0107 445 443 535 486
D10 0.0107 0 498 44 524
D10 0.0107 234 414 288 435
D10 0.0107 0 451 92 494
D10 0.0107 13 443 71 467
D10 0.0106 308 508 360 532
D10 0.0106 285 431 341 458
D10 0.0106 362 428 445 462
D10 0.0105 217 401 293 431
D10 0.0105 2 574 60 596
D10 0.0105 303 386 353 410
D10 0.0104 394 423 475 471
D10 0.0104 262 489 308 516
D10 0.0103 103 371 177 398
D10 0.0103 152 319 192 345
D10 0.0102 374 552 450 584
D10 0.0102 2 361 79 397
D10 0.0102 64 394 108 419
D10 0.0102 275 347 330 372
D10 0.0102 37 385 117 430
D10 0.0102 441 500 497 527
D10 0.0101 372 459 440 481
D10 0.0101 362 390 437 423
D10 0.0101 205 401 337 472
D10 0.0101 399 462 463 500
D10 0.0100 0 525 46 549
D10 0.0100 454 439 526 470
D10 0.0100 261 470 310 493
D20 0.1862 216 348 563 551
D20 0.1110 8 335 493 545
D20 0.0997 250 369 377 465
D20 0.0985 321 410 469 529
D20 0.0982 264 390 360 435
D20 0.0688 122 333 427 491
D20 0.0674 217 341 365 434
D20 0.0669 313 427 577 560
D20 0.0622 239 397 384 513
D20 0.0620 153 435 546 598
D20 0.0496 244 374 324 421
D20 0.0441 154 385 417 537
D20 0.0438 0 165 557 591
D20 0.0421 367 455 548 545
D20 0.0383 318 382 484 488
D20 0.0368 388 341 600 598
D20 0.0367 265 361 336 432
D20 0.0361 284 435 378 489
D20 0.0353 154 322 330 411
D20 0.0329 17 15 600 441
D20 0.0316 335 437 428 497
D20 0.0313 243 440 405 535
D20 0.0304 351 484 584 577
D20 0.0297 318 496 478 594
D20 0.0297 222 355 322 416
D20 0.0295 318 338 589 479
D20 0.0262 332 422 427 474
D20 0.0255 282 415 369 473
D20 0.0252 381 555 471 598
D20 0.0251 40 409 422 578
D20 0.0250 310 349 473 446
D20 0.0234 282 217 600 600
D20 0.0233 244 315 399 414
D20 0.0230 343 368 520 456
D20 0.0224 280 532 470 600
D20 0.0221 184 389 358 483
D20 0.0221 363 398 528 502
D20 0.0220 227 281 558 486
D20 0.0218 351 449 452 505
D20 0.0215 0 0 408 294
D20 0.0214 179 366 325 430
D20 0.0211 167 0 600 294
D20 0.0210 428 352 600 420
D20 0.0209 0 0 291 600
D20 0.0208 208 381 340 448
D20 0.0208 84 309 366 436
D20 0.0207 0 299 142 397
D20 0.0199 0 314 291 525
D20 0.0198 434 548 523 586
D20 0.0197 389 382 563 470
D20 0.0197 433 532 600 596
D20 0.0194 232 348 302 400
D20 0.0192 347 434 459 478
D20 0.0191 193 337 305 421
D20 0.0187 0 297 91 450
D20 0.0180 394 394 473 436
D20 0.0180 5 306 78 386
D20 0.0178 0 452 262 600
D20 0.0177 400 416 577 514
D20 0.0177 250 347 334 399
D20 0.0172 461 341 600 396
D20 0.0170 133 294 311 372
D20 0.0160 215 469 394 553
D20 0.0157 249 330 336 375
D20 0.0152 0 268 383 468
D20 0.0149 298 314 458 399
D20 0.0146 352 568 451 600
D20 0.0141 61 297 214 394
D20 0.0139 454 0 600 221
D20 0.0138 266 338 356 382
D20 0.0138 140 329 314 465
D20 0.0137 330 503 418 549
D20 0.0137 116 293 195 392
D20 0.0132 5 300 283 424
D20 0.0132 501 351 596 390
D20 0.0132 209 538 386 600
D20 0.0130 213 340 296 385
D20 0.0129 124 470 412 596
D20 0.0129 259 300 429 379
D20 0.0128 0 311 28 385
D20 0.0125 0 358 151 600
D20 0.0125 224 250 420 542
D20 0.0124 383 0 600 146
D20 0.0124 0 350 104 481
D20 0.0122 526 0 600 118
D20 0.0122 38 297 127 453
D20 0.0121 174 433 361 523
D20 0.0120 0 397 87 551
D20 0.0120 426 316 600 383
D20 0.0120 201 310 288 351
D20 0.0120 0 333 169 428
D20 0.0119 351 385 448 430
D20 0.0118 0 304 76 347
D20 0.0117 0 0 146 219
D20 0.0117 227 512 405 591
D20 0.0117 309 565 427 600
D20 0.0116 195 368 303 408
D20 0.0115 13 334 111 394
D20 0.0115 228 417 352 495
D20 0.0113 410 403 495 449
D20 0.0112 20 376 106 526
D20 0.0112 207 385 308 426
D20 0.0112 12 299 109 359
D20 0.0111 0 318 47 370
D20 0.0111 523 535 600 578
D20 0.0110 0 498 43 581
D20 0.0109 0 297 43 419
D20 0.0109 348 249 600 459
D20 0.0107 0 0 73 111
D20 0.0106 56 309 148 409
D20 0.0105 5 340 81 419
D20 0.0104 299 506 386 549
D20 0.0103 0 478 34 555
D20 0.0103 1 302 179 486
D20 0.0102 122 316 337 580
D20 0.0101 370 402 463 448
D20 0.0100 97 312 180 382
D20 0.0100 0 451 85 594
D40 0.0386 395 514 590 584
D40 0.0296 404 502 570 561
D40 0.0281 415 540 575 594
D40 0.0269 426 503 528 539
D40 0.0263 441 529 583 578
D40 0.0247 475 500 572 535
D40 0.0244 280 559 365 597
D40 0.0241 379 526 539 600
D40 0.0239 364 443 465 488
D40 0.0229 432 547 510 588
D40 0.0203 424 485 584 545
D40 0.0194 447 510 511 535
D40 0.0193 259 536 453 600
D40 0.0192 294 565 350 592
D40 0.0189 461 507 541 535
D40 0.0189 331 423 595 588
D40 0.0180 498 492 598 530
D40 0.0173 104 346 191 391
D40 0.0164 487 508 555 531
D40 0.0161 119 367 175 391
D40 0.0158 469 510 587 560
D40 0.0153 286 572 344 598
D40 0.0142 508 343 600 380
D40 0.0141 408 446 448 480
D40 0.0135 121 357 173 385
D40 0.0131 346 342 430 383
D40 0.0124 482 503 600 590
D40 0.0124 498 499 564 525
D40 0.0122 438 389 522 429
D40 0.0119 307 542 386 600
D40 0.0118 482 505 522 534
D40 0.0118 530 503 597 532
D40 0.0117 514 536 600 578
D40 0.0115 249 565 346 600
D40 0.0115 345 537 435 600
D40 0.0114 299 567 399 600
D40 0.0112 328 334 409 373
D40 0.0111 492 538 584 593
D40 0.0105 547 499 597 523
D40 0.0105 454 464 590 533
D40 0.0104 390 434 448 478
D40 0.0100 318 324 400 363
