D00 0.1438 547 449 590 538
D00 0.1296 443 406 600 540
D00 0.1273 436 395 502 451
D00 0.1156 433 394 557 492
D00 0.1074 436 401 488 434
D00 0.1051 493 436 594 549
D00 0.0959 450 404 524 466
D00 0.0881 555 462 583 526
D00 0.0818 469 418 535 474
D00 0.0676 534 406 600 542
D00 0.0605 443 409 497 442
D00 0.0580 409 405 556 575
D00 0.0576 520 447 593 511
D00 0.0569 489 430 541 477
D00 0.0564 433 386 476 423
D00 0.0561 478 433 582 480
D00 0.0556 534 469 598 552
D00 0.0546 551 429 596 514
D00 0.0500 480 439 531 470
D00 0.0492 561 453 589 507
D00 0.0482 562 440 600 546
D00 0.0474 453 410 587 471
D00 0.0474 423 368 500 437
D00 0.0457 472 421 592 504
D00 0.0376 537 460 587 503
D00 0.0372 456 404 531 513
D00 0.0350 450 378 490 442
D00 0.0349 559 481 589 534
D00 0.0334 463 416 518 457
D00 0.0320 455 396 500 430
D00 0.0315 459 506 531 562
D00 0.0313 508 478 595 594
D00 0.0303 432 398 501 505
D00 0.0301 516 426 595 488
D00 0.0296 411 389 485 473
D00 0.0294 452 380 563 451
D00 0.0282 567 463 596 523
D00 0.0274 573 402 598 449
D00 0.0268 541 390 600 446
D00 0.0266 564 474 600 580
D00 0.0265 477 421 555 456
D00 0.0265 427 371 467 430
D00 0.0265 408 575 463 598
D00 0.0261 379 392 521 522
D00 0.0259 510 387 600 504
D00 0.0257 57 321 119 343
D00 0.0249 462 402 512 439
D00 0.0246 558 408 596 443
D00 0.0244 494 441 559 471
D00 0.0242 505 434 532 482
D00 0.0240 78 313 134 334
D00 0.0239 553 446 584 497
D00 0.0239 547 468 593 513
D00 0.0236 497 442 546 491
D00 0.0234 472 512 547 578
D00 0.0229 420 384 454 424
D00 0.0226 51 311 125 338
D00 0.0221 558 410 595 486
D00 0.0219 519 485 587 535
D00 0.0216 32 319 112 347
D00 0.0216 497 414 555 485
D00 0.0215 431 518 539 600
D00 0.0214 436 375 473 412
D00 0.0212 491 443 559 514
D00 0.0208 4 448 77 587
D00 0.0203 171 386 229 410
D00 0.0200 520 504 592 561
D00 0.0199 542 490 583 531
D00 0.0197 445 511 510 576
D00 0.0197 431 397 466 440
D00 0.0195 97 312 153 333
D00 0.0191 180 396 239 420
D00 0.0190 449 372 477 424
D00 0.0189 483 556 574 598
D00 0.0189 0 534 65 600
D00 0.0188 466 411 542 446
D00 0.0185 492 417 525 468
D00 0.0185 559 441 600 496
D00 0.0183 416 326 505 469
D00 0.0183 553 493 596 551
D00 0.0181 489 524 566 592
D00 0.0181 171 378 226 402
D00 0.0179 569 377 600 442
D00 0.0175 443 384 509 418
D00 0.0174 178 409 244 469
D00 0.0173 1 482 55 586
D00 0.0172 413 552 474 600
D00 0.0172 551 514 600 600
D00 0.0170 144 393 225 421
D00 0.0169 442 415 500 463
D00 0.0169 191 392 260 424
D00 0.0168 493 432 560 460
D00 0.0165 526 571 600 600
D00 0.0164 67 576 129 599
D00 0.0164 456 474 524 536
D00 0.0163 509 535 583 600
D00 0.0163 139 366 213 394
D00 0.0163 0 381 32 416
D00 0.0161 367 468 406 499
D00 0.0157 181 382 247 415
D00 0.0156 427 405 481 453
D00 0.0156 12 503 71 594
D00 0.0155 468 535 541 595
D00 0.0154 163 429 235 467
D00 0.0154 139 356 210 385
D00 0.0153 219 402 259 430
D00 0.0153 461 490 567 590
D00 0.0149 499 573 561 598
D00 0.0149 546 402 592 435
D00 0.0149 431 571 471 600
D00 0.0148 297 502 396 595
D00 0.0148 477 433 526 526
D00 0.0148 418 563 455 597
D00 0.0147 0 366 49 412
D00 0.0146 568 491 598 540
D00 0.0146 373 439 513 600
D00 0.0146 90 302 142 326
D00 0.0145 227 406 282 429
D00 0.0145 573 416 597 474
D00 0.0144 319 500 386 557
D00 0.0143 559 391 595 429
D00 0.0143 199 402 241 430
D00 0.0143 411 381 443 421
D00 0.0142 138 384 216 411
D00 0.0142 391 564 463 597
D00 0.0141 86 321 144 341
D00 0.0140 0 391 28 440
D00 0.0140 360 459 399 490
D00 0.0138 144 378 209 400
D00 0.0138 0 569 42 600
D00 0.0137 511 446 566 482
D00 0.0137 24 326 98 358
D00 0.0135 434 523 498 590
D00 0.0134 191 428 229 465
D00 0.0133 455 506 495 563
D00 0.0133 51 325 121 354
D00 0.0133 556 364 600 494
D00 0.0133 477 394 521 460
D00 0.0133 194 402 266 450
D00 0.0131 570 534 600 600
D00 0.0131 150 409 220 472
D00 0.0128 480 468 564 539
D00 0.0128 341 396 479 546
D00 0.0127 257 503 367 595
D00 0.0127 182 509 285 592
D00 0.0127 412 568 510 600
D00 0.0126 0 355 28 405
D00 0.0126 500 361 554 384
D00 0.0126 512 437 542 484
D00 0.0126 221 396 269 422
D00 0.0125 322 517 383 579
D00 0.0124 358 467 401 517
D00 0.0124 373 454 401 496
D00 0.0124 173 398 232 435
D00 0.0123 216 534 279 600
D00 0.0122 494 381 574 468
D00 0.0122 511 462 579 522
D00 0.0122 392 366 459 435
D00 0.0121 191 410 231 440
D00 0.0121 0 553 28 599
D00 0.0121 582 392 600 442
D00 0.0121 130 348 202 376
D00 0.0120 275 484 358 525
D00 0.0120 525 437 577 495
D00 0.0120 458 370 485 422
D00 0.0119 375 475 414 510
D00 0.0119 178 441 224 471
D00 0.0119 208 410 250 439
D00 0.0119 569 569 600 600
D00 0.0119 227 410 269 438
D00 0.0118 127 359 187 381
D00 0.0118 185 418 256 452
D00 0.0118 24 534 95 599
D00 0.0117 201 489 307 580
D00 0.0117 356 396 402 419
D00 0.0117 352 468 394 498
D00 0.0117 328 528 374 600
D00 0.0117 146 488 252 580
D00 0.0117 558 436 592 476
D00 0.0117 188 434 246 473
D00 0.0116 171 369 224 393
D00 0.0116 466 390 529 436
D00 0.0115 0 348 48 393
D00 0.0115 0 523 32 593
D00 0.0114 15 316 86 368
D00 0.0112 280 477 347 512
D00 0.0112 1 444 56 552
D00 0.0112 196 546 263 600
D00 0.0112 200 374 238 407
D00 0.0111 442 362 485 409
D00 0.0111 0 343 58 432
D00 0.0110 24 405 97 468
D00 0.0110 69 303 126 326
D00 0.0110 221 381 256 418
D00 0.0109 3 523 59 572
D00 0.0109 128 368 188 391
D00 0.0109 503 417 577 463
D00 0.0109 383 462 410 506
D00 0.0109 2 336 75 368
D00 0.0109 296 492 374 541
D00 0.0108 355 443 404 487
D00 0.0108 141 449 209 508
D00 0.0108 457 565 552 600
D00 0.0108 355 405 403 428
D00 0.0108 288 571 362 600
D00 0.0107 213 393 278 438
D00 0.0107 334 507 370 569
D00 0.0107 366 395 437 515
D00 0.0106 29 485 89 587
D00 0.0106 200 415 237 471
D00 0.0106 538 542 594 595
D00 0.0106 62 551 133 600
D00 0.0105 22 507 136 594
D00 0.0105 436 547 509 600
D00 0.0104 424 582 480 600
D00 0.0104 185 571 257 600
D00 0.0104 404 379 431 419
D00 0.0104 427 538 462 600
D00 0.0104 194 378 226 417
D00 0.0104 24 524 74 572
D00 0.0104 430 431 511 545
D00 0.0103 358 415 408 508
D00 0.0103 206 370 263 426
D00 0.0103 167 544 237 600
D00 0.0103 465 426 506 486
D00 0.0103 139 451 216 573
D00 0.0103 211 418 284 449
D00 0.0102 506 560 552 594
D00 0.0102 536 520 592 571
D00 0.0102 158 419 228 453
D00 0.0101 335 509 402 565
D00 0.0101 0 313 55 369
D00 0.0100 408 499 485 598
D00 0.0100 254 462 337 510
D00 0.0100 392 403 455 503
D10 0.1172 454 480 600 550
D10 0.1086 462 510 592 544
D10 0.0959 449 506 545 539
D10 0.0888 504 504 590 537
D10 0.0857 150 449 235 472
D10 0.0847 386 492 559 542
D10 0.0820 7 443 96 468
D10 0.0757 539 506 589 533
D10 0.0737 430 508 514 532
D10 0.0707 408 498 592 569
D10 0.0688 243 474 420 522
D10 0.0646 274 486 392 517
D10 0.0636 526 515 588 539
D10 0.0622 0 392 74 420
D10 0.0620 481 517 577 538
D10 0.0618 0 427 118 483
D10 0.0595 503 450 595 499
D10 0.0573 432 510 559 555
D10 0.0565 258 487 355 512
D10 0.0564 0 449 78 477
D10 0.0551 304 496 397 521
D10 0.0519 530 460 586 486
D10 0.0498 290 492 374 513
D10 0.0496 137 453 204 471
D10 0.0491 448 503 508 527
D10 0.0483 348 494 504 533
D10 0.0479 357 468 536 529
D10 0.0477 530 492 600 540
D10 0.0461 0 444 58 467
D10 0.0442 402 448 587 543
D10 0.0440 0 383 102 417
D10 0.0437 299 490 426 531
D10 0.0428 465 520 584 580
D10 0.0423 190 470 368 520
D10 0.0413 0 387 52 412
D10 0.0402 23 451 95 472
D10 0.0402 172 450 260 476
D10 0.0400 14 389 86 411
D10 0.0400 367 504 536 563
D10 0.0397 120 440 223 474
D10 0.0396 527 410 597 443
D10 0.0395 451 395 585 454
D10 0.0390 20 437 129 471
D10 0.0390 175 444 239 469
D10 0.0388 243 490 388 530
D10 0.0381 438 472 552 527
D10 0.0379 245 480 337 508
D10 0.0378 507 490 593 563
D10 0.0370 550 496 590 527
D10 0.0368 456 515 519 539
D10 0.0365 26 396 94 417
D10 0.0363 482 410 587 470
D10 0.0362 545 465 585 495
D10 0.0358 452 404 513 430
D10 0.0350 445 398 501 422
D10 0.0349 41 445 111 466
D10 0.0344 152 437 258 473
D10 0.0343 508 415 600 459
D10 0.0340 492 519 580 551
D10 0.0338 464 502 534 528
D10 0.0335 334 476 470 520
D10 0.0331 539 453 586 478
D10 0.0331 0 431 77 464
D10 0.0325 457 433 530 469
D10 0.0318 470 498 571 532
D10 0.0311 520 498 584 527
D10 0.0311 548 421 595 444
D10 0.0307 189 406 251 427
D10 0.0305 353 472 406 494
D10 0.0304 402 500 499 526
D10 0.0301 402 403 468 425
D10 0.0299 0 413 162 470
D10 0.0297 226 455 402 513
D10 0.0296 157 454 242 482
D10 0.0296 204 479 400 546
D10 0.0296 466 442 585 512
D10 0.0293 127 446 194 468
D10 0.0290 327 490 398 515
D10 0.0290 444 425 544 481
D10 0.0288 412 510 490 529
D10 0.0283 0 448 99 496
D10 0.0281 447 424 518 461
D10 0.0277 338 494 414 523
D10 0.0276 200 458 347 503
D10 0.0267 454 379 585 433
D10 0.0266 430 410 484 436
D10 0.0266 535 524 590 549
D10 0.0266 0 395 40 419
D10 0.0265 135 450 223 487
D10 0.0265 414 510 512 547
D10 0.0262 468 518 549 551
D10 0.0261 18 390 116 425
D10 0.0255 191 414 251 435
D10 0.0254 28 435 92 461
D10 0.0254 147 458 208 480
D10 0.0252 448 419 504 449
D10 0.0251 555 515 600 540
D10 0.0250 558 459 599 486
D10 0.0250 186 459 270 487
D10 0.0249 537 406 593 432
D10 0.0249 149 452 285 496
D10 0.0245 456 394 535 424
D10 0.0244 0 402 49 427
D10 0.0239 43 449 128 475
D10 0.0237 371 497 461 524
D10 0.0236 352 478 406 507
D10 0.0234 443 387 491 413
D10 0.0233 0 530 65 564
D10 0.0232 312 503 391 532
D10 0.0232 109 450 195 475
D10 0.0232 560 413 600 440
D10 0.0231 504 451 578 478
D10 0.0231 201 403 272 430
D10 0.0227 354 463 405 486
D10 0.0227 419 418 505 463
D10 0.0226 163 403 240 430
D10 0.0222 526 511 600 559
D10 0.0220 0 395 90 437
D10 0.0219 0 525 51 552
D10 0.0217 383 506 476 531
D10 0.0216 364 499 426 521
D10 0.0216 494 429 581 464
D10 0.0213 279 496 354 518
D10 0.0213 294 483 369 508
D10 0.0210 453 440 511 465
D10 0.0209 513 424 587 445
D10 0.0208 357 488 413 515
D10 0.0205 465 402 547 433
D10 0.0204 537 430 589 453
D10 0.0203 1 575 62 598
D10 0.0203 517 437 588 476
D10 0.0202 0 455 62 489
D10 0.0202 553 485 589 518
D10 0.0201 39 314 104 335
D10 0.0201 5 546 122 595
D10 0.0199 0 452 45 475
D10 0.0198 118 485 193 515
D10 0.0197 430 376 476 402
D10 0.0197 185 407 276 443
D10 0.0196 553 474 588 505
D10 0.0195 305 478 399 511
D10 0.0195 0 374 70 407
D10 0.0194 0 434 153 517
D10 0.0194 464 412 523 440
D10 0.0194 218 414 276 436
D10 0.0193 434 431 490 456
D10 0.0191 135 404 215 430
D10 0.0190 497 403 587 432
D10 0.0187 32 433 217 486
D10 0.0186 449 368 498 387
D10 0.0184 451 365 518 391
D10 0.0184 423 436 498 467
D10 0.0184 419 448 529 508
D10 0.0183 429 516 495 539
D10 0.0181 539 441 587 467
D10 0.0179 381 404 440 425
D10 0.0179 337 507 402 530
D10 0.0178 39 573 123 600
D10 0.0177 469 545 556 590
D10 0.0177 126 482 184 506
D10 0.0175 30 322 94 344
D10 0.0175 291 504 403 557
D10 0.0174 166 531 267 568
D10 0.0174 183 447 288 483
D10 0.0172 0 564 50 593
D10 0.0171 356 504 435 531
D10 0.0171 477 394 563 421
D10 0.0170 340 507 471 556
D10 0.0170 103 419 236 467
D10 0.0170 441 492 516 537
D10 0.0167 461 449 520 473
D10 0.0167 149 537 237 576
D10 0.0166 247 489 318 510
D10 0.0166 0 567 89 600
D10 0.0166 163 433 222 463
D10 0.0166 485 560 559 594
D10 0.0165 21 313 82 334
D10 0.0165 486 412 576 444
D10 0.0164 203 454 270 476
D10 0.0163 404 429 479 459
D10 0.0163 447 376 495 398
D10 0.0163 428 421 481 447
D10 0.0161 0 544 50 568
D10 0.0161 430 368 478 387
D10 0.0161 513 394 600 448
D10 0.0160 408 443 467 464
D10 0.0160 566 506 600 533
D10 0.0160 417 483 516 526
D10 0.0159 17 403 84 424
D10 0.0159 14 307 113 343
D10 0.0158 3 517 57 545
D10 0.0157 489 541 591 597
D10 0.0157 512 467 581 492
D10 0.0154 400 427 512 483
D10 0.0154 359 468 428 498
D10 0.0152 481 508 536 537
D10 0.0152 507 393 592 423
D10 0.0152 361 453 490 507
D10 0.0152 11 398 143 450
D10 0.0151 535 575 597 598
D10 0.0151 452 383 524 416
D10 0.0151 102 478 177 509
D10 0.0150 0 532 80 583
D10 0.0150 64 442 146 469
D10 0.0149 172 545 230 566
D10 0.0148 213 463 281 486
D10 0.0147 127 411 203 437
D10 0.0147 448 490 502 518
D10 0.0146 162 414 224 434
D10 0.0146 97 443 183 469
D10 0.0146 0 433 42 458
D10 0.0145 124 407 190 428
D10 0.0145 501 512 558 540
D10 0.0144 199 467 280 496
D10 0.0144 17 378 82 403
D10 0.0143 0 509 73 556
D10 0.0143 82 453 214 499
D10 0.0142 56 397 118 419
D10 0.0142 456 372 527 402
D10 0.0141 47 388 108 412
D10 0.0141 235 470 322 501
D10 0.0140 457 486 525 523
D10 0.0140 538 528 600 563
D10 0.0139 493 424 564 448
D10 0.0139 99 401 199 433
D10 0.0139 142 490 203 512
D10 0.0138 27 576 95 598
D10 0.0138 0 535 41 559
D10 0.0138 129 459 189 483
D10 0.0138 179 538 243 561
D10 0.0138 76 574 157 600
D10 0.0137 110 489 167 512
D10 0.0137 22 535 74 560
D10 0.0136 0 553 49 581
D10 0.0136 136 477 210 509
D10 0.0136 388 444 445 465
D10 0.0135 0 469 50 494
D10 0.0135 3 311 60 334
D10 0.0134 48 419 199 464
D10 0.0134 42 400 113 428
D10 0.0134 252 492 333 521
D10 0.0134 18 458 81 483
D10 0.0134 33 452 172 497
D10 0.0133 41 543 200 599
D10 0.0132 378 436 480 471
D10 0.0132 525 476 585 503
D10 0.0132 0 423 50 450
D10 0.0131 0 303 48 326
D10 0.0131 483 555 542 580
D10 0.0131 531 429 600 487
D10 0.0130 505 482 586 522
D10 0.0129 551 395 594 423
D10 0.0128 507 561 586 596
D10 0.0127 432 366 494 393
D10 0.0127 13 527 105 572
D10 0.0126 28 455 108 486
D10 0.0125 380 563 461 596
D10 0.0125 561 430 600 454
D10 0.0125 484 406 555 426
D10 0.0125 404 412 463 435
D10 0.0125 509 528 582 562
D10 0.0125 134 482 231 520
D10 0.0125 433 445 506 477
D10 0.0124 47 431 125 464
D10 0.0124 0 412 47 438
D10 0.0123 0 376 39 403
D10 0.0123 184 422 237 448
D10 0.0122 36 441 83 468
D10 0.0122 166 442 216 471
D10 0.0122 381 487 471 518
D10 0.0120 570 421 600 447
D10 0.0120 468 387 530 409
D10 0.0119 550 377 596 399
D10 0.0119 49 558 144 600
D10 0.0119 364 476 440 509
D10 0.0119 302 425 363 445
D10 0.0118 115 415 180 434
D10 0.0118 212 399 295 435
D10 0.0117 560 441 600 466
D10 0.0117 190 432 246 460
D10 0.0117 156 468 280 518
D10 0.0117 479 383 559 411
D10 0.0117 131 430 206 466
D10 0.0117 74 453 137 474
D10 0.0116 364 405 414 427
D10 0.0115 30 375 108 405
D10 0.0115 227 411 301 439
D10 0.0114 412 369 465 389
D10 0.0114 550 564 598 594
D10 0.0114 0 478 46 502
D10 0.0114 195 489 320 537
D10 0.0113 287 501 366 531
D10 0.0113 362 452 412 477
D10 0.0113 202 435 336 488
D10 0.0112 49 399 150 433
D10 0.0112 31 561 111 596
D10 0.0111 480 528 556 565
D10 0.0110 272 470 352 504
D10 0.0110 454 453 522 487
D10 0.0110 63 447 170 482
D10 0.0109 378 452 433 475
D10 0.0109 495 458 550 483
D10 0.0109 140 463 210 500
D10 0.0108 38 381 136 418
D10 0.0108 0 295 75 334
D10 0.0108 311 469 398 499
D10 0.0107 523 531 600 585
D10 0.0107 200 422 258 447
D10 0.0107 22 544 75 568
D10 0.0107 569 451 600 477
D10 0.0107 499 550 572 587
D10 0.0107 529 534 585 557
D10 0.0107 145 546 207 568
D10 0.0107 198 536 260 560
D10 0.0106 0 508 47 535
D10 0.0105 333 512 405 545
D10 0.0105 366 525 491 584
D10 0.0104 96 407 160 427
D10 0.0104 0 366 49 392
D10 0.0104 469 539 538 576
D10 0.0104 426 566 478 593
D10 0.0104 0 467 73 513
D10 0.0104 102 548 222 594
D10 0.0104 460 550 532 583
D10 0.0103 3 317 79 348
D10 0.0103 567 468 600 495
D10 0.0102 477 457 529 482
D10 0.0102 551 385 595 410
D10 0.0102 538 369 592 392
D10 0.0101 91 521 239 588
D10 0.0101 21 520 176 592
D10 0.0101 154 443 196 471
D10 0.0101 559 535 600 558
D10 0.0100 376 461 432 484
D20 0.2398 419 386 531 456
D20 0.2158 205 404 600 578
D20 0.2047 427 393 492 437
D20 0.1964 436 393 582 492
D20 0.1826 416 378 589 566
D20 0.1468 454 424 600 549
D20 0.1316 315 382 598 520
D20 0.1310 366 376 515 441
D20 0.1108 388 388 488 424
D20 0.1037 358 390 519 477
D20 0.0931 0 414 515 577
D20 0.0889 494 443 600 592
D20 0.0869 401 368 572 465
D20 0.0825 439 405 517 457
D20 0.0781 414 395 477 422
D20 0.0738 420 369 531 525
D20 0.0706 348 461 598 597
D20 0.0680 441 498 598 590
D20 0.0607 543 470 596 538
D20 0.0594 152 421 519 530
D20 0.0589 317 310 600 591
D20 0.0511 529 426 600 553
D20 0.0510 492 441 595 488
D20 0.0492 414 371 478 431
D20 0.0489 135 463 547 600
D20 0.0487 495 359 600 515
D20 0.0485 326 432 534 521
D20 0.0484 280 450 563 558
D20 0.0480 125 425 310 491
D20 0.0476 245 467 436 527
D20 0.0475 510 455 594 510
D20 0.0441 352 511 550 595
D20 0.0431 136 441 337 510
D20 0.0430 429 387 478 417
D20 0.0422 428 362 556 430
D20 0.0420 182 459 479 555
D20 0.0416 281 363 558 471
D20 0.0407 93 448 413 568
D20 0.0403 402 387 465 415
D20 0.0388 303 481 522 547
D20 0.0382 0 382 147 464
D20 0.0379 552 402 598 495
D20 0.0375 443 375 509 441
D20 0.0372 0 454 331 600
D20 0.0369 319 476 444 520
D20 0.0366 187 449 404 514
D20 0.0365 99 411 276 478
D20 0.0358 0 414 293 536
D20 0.0351 528 494 595 549
D20 0.0350 456 417 530 475
D20 0.0342 449 259 600 596
D20 0.0337 135 437 268 481
D20 0.0336 487 425 588 474
D20 0.0332 391 396 457 419
D20 0.0322 364 381 465 416
D20 0.0314 231 489 513 588
D20 0.0308 131 391 297 461
D20 0.0308 386 401 482 442
D20 0.0307 507 399 600 438
D20 0.0305 558 438 600 519
D20 0.0302 130 388 453 498
D20 0.0296 77 442 263 512
D20 0.0290 116 451 292 539
D20 0.0288 340 399 477 515
D20 0.0284 0 369 110 439
D20 0.0282 13 390 315 494
D20 0.0281 309 454 455 539
D20 0.0278 528 407 598 467
D20 0.0272 345 466 412 516
D20 0.0271 11 428 238 492
D20 0.0268 147 379 233 414
D20 0.0267 0 165 557 591
D20 0.0264 253 425 429 509
D20 0.0263 439 333 600 473
D20 0.0263 333 358 500 428
D20 0.0262 497 474 593 531
D20 0.0259 0 396 97 522
D20 0.0259 420 467 576 564
D20 0.0259 0 409 213 474
D20 0.0257 488 409 595 451
D20 0.0253 0 434 87 598
D20 0.0251 148 425 238 471
D20 0.0249 308 385 493 456
D20 0.0245 279 481 413 583
D20 0.0243 457 361 546 394
D20 0.0241 155 388 244 424
D20 0.0239 529 419 590 498
D20 0.0236 281 476 402 514
D20 0.0236 163 475 361 556
D20 0.0235 206 490 391 577
D20 0.0235 479 367 539 389
D20 0.0232 0 508 155 597
D20 0.0231 305 456 419 510
D20 0.0231 559 484 600 558
D20 0.0231 420 532 559 600
D20 0.0230 168 405 358 481
D20 0.0230 0 385 45 465
D20 0.0229 314 532 508 600
D20 0.0229 41 392 247 456
D20 0.0228 545 459 600 600
D20 0.0227 0 527 48 600
D20 0.0226 331 440 432 520
D20 0.0225 34 315 125 349
D20 0.0224 120 372 277 442
D20 0.0220 463 374 594 443
D20 0.0219 478 526 600 600
D20 0.0216 0 326 141 407
D20 0.0215 365 397 465 431
D20 0.0214 0 302 134 354
D20 0.0213 142 344 530 480
D20 0.0213 133 372 223 405
D20 0.0213 166 417 292 468
D20 0.0211 17 15 600 441
D20 0.0211 0 381 57 432
D20 0.0210 0 346 377 526
D20 0.0209 564 388 600 459
D20 0.0208 4 431 173 580
D20 0.0207 127 415 361 546
D20 0.0206 0 407 89 471
D20 0.0205 0 437 182 515
D20 0.0205 155 400 272 449
D20 0.0202 0 544 100 596
D20 0.0201 386 376 459 407
D20 0.0200 382 387 440 411
D20 0.0200 0 311 161 378
D20 0.0198 423 374 481 409
D20 0.0198 472 510 562 563
D20 0.0195 145 399 240 435
D20 0.0194 158 463 319 524
D20 0.0194 389 378 477 461
D20 0.0194 436 444 552 541
D20 0.0192 0 354 81 479
D20 0.0188 466 394 547 458
D20 0.0187 473 360 529 384
D20 0.0187 326 500 491 564
D20 0.0186 0 369 80 411
D20 0.0186 0 0 408 294
D20 0.0186 132 352 216 388
D20 0.0185 16 373 226 436
D20 0.0185 167 0 600 294
D20 0.0184 551 408 600 443
D20 0.0184 192 407 283 442
D20 0.0184 456 490 542 540
D20 0.0183 147 493 329 581
D20 0.0183 413 498 534 571
D20 0.0182 0 118 290 600
D20 0.0181 0 509 57 567
D20 0.0180 339 481 415 530
D20 0.0180 373 396 428 418
D20 0.0179 27 455 225 539
D20 0.0179 105 312 162 333
D20 0.0178 0 429 66 481
D20 0.0177 437 505 509 551
D20 0.0175 346 455 429 495
D20 0.0175 111 512 292 591
D20 0.0174 433 398 487 472
D20 0.0174 516 556 600 600
D20 0.0171 4 513 79 592
D20 0.0171 491 365 564 393
D20 0.0171 450 369 537 410
D20 0.0169 429 325 521 473
D20 0.0169 75 352 248 417
D20 0.0169 380 569 472 600
D20 0.0168 146 366 218 395
D20 0.0168 537 504 593 586
D20 0.0167 388 421 508 556
D20 0.0167 0 351 196 420
D20 0.0167 358 476 428 509
D20 0.0166 80 468 256 564
D20 0.0165 419 383 470 451
D20 0.0165 219 530 401 600
D20 0.0164 91 304 173 335
D20 0.0163 570 456 600 536
D20 0.0163 0 348 270 461
D20 0.0163 334 457 428 578
D20 0.0160 0 420 121 491
D20 0.0160 38 465 214 600
D20 0.0160 15 322 108 362
D20 0.0159 181 462 279 499
D20 0.0158 211 416 368 509
D20 0.0157 484 358 550 387
D20 0.0157 187 408 253 465
D20 0.0157 317 428 458 497
D20 0.0156 178 428 254 477
D20 0.0156 0 348 73 390
D20 0.0155 355 463 451 504
D20 0.0155 147 507 428 600
D20 0.0153 0 359 161 524
D20 0.0152 301 483 394 536
D20 0.0151 23 331 212 397
D20 0.0149 443 350 484 434
D20 0.0149 175 393 248 441
D20 0.0148 122 390 214 424
D20 0.0148 237 406 410 485
D20 0.0147 0 353 47 422
D20 0.0147 407 414 498 492
D20 0.0146 107 303 161 326
D20 0.0146 0 401 66 452
D20 0.0146 454 436 521 501
D20 0.0145 577 406 600 445
D20 0.0145 408 377 449 424
D20 0.0145 302 513 435 600
D20 0.0144 111 345 202 378
D20 0.0144 249 479 379 545
D20 0.0143 311 0 600 600
D20 0.0143 0 401 55 549
D20 0.0143 573 400 600 486
D20 0.0143 461 363 585 409
D20 0.0142 192 395 336 449
D20 0.0142 150 444 243 503
D20 0.0142 430 492 511 536
D20 0.0141 0 331 83 372
D20 0.0140 208 473 318 507
D20 0.0139 139 408 231 447
D20 0.0139 459 378 557 418
D20 0.0138 96 460 238 527
D20 0.0138 371 449 418 519
D20 0.0138 175 382 284 427
D20 0.0138 390 523 511 584
D20 0.0137 359 369 442 408
D20 0.0137 0 368 27 442
D20 0.0135 0 565 69 600
D20 0.0134 358 411 468 462
D20 0.0134 388 266 573 525
D20 0.0133 499 378 596 417
D20 0.0133 0 437 48 503
D20 0.0131 145 430 249 564
D20 0.0131 260 466 363 509
D20 0.0131 0 574 42 599
D20 0.0130 351 388 433 423
D20 0.0130 508 363 600 398
D20 0.0129 0 496 107 576
D20 0.0129 434 363 517 403
D20 0.0129 450 552 581 600
D20 0.0128 115 362 203 395
D20 0.0128 349 437 410 491
D20 0.0126 389 546 506 597
D20 0.0126 21 525 246 600
D20 0.0126 400 375 436 408
D20 0.0125 325 396 499 586
D20 0.0125 199 357 454 450
D20 0.0125 130 458 219 504
D20 0.0124 365 386 411 410
D20 0.0124 365 456 479 582
D20 0.0124 0 397 32 433
D20 0.0123 8 385 93 429
D20 0.0123 455 0 600 223
D20 0.0122 325 507 414 549
D20 0.0122 98 332 257 401
D20 0.0121 0 481 36 560
D20 0.0121 3 444 78 493
D20 0.0120 158 407 270 514
D20 0.0120 147 538 285 599
D20 0.0119 7 563 121 600
D20 0.0119 372 466 466 526
D20 0.0119 0 0 146 216
D20 0.0118 149 356 275 418
D20 0.0117 0 329 246 600
D20 0.0117 212 414 299 453
D20 0.0117 578 484 600 546
D20 0.0117 398 359 463 414
D20 0.0116 178 448 261 492
D20 0.0115 0 448 44 578
D20 0.0115 351 445 444 484
D20 0.0115 435 430 505 488
D20 0.0114 358 401 422 429
D20 0.0114 172 371 251 412
D20 0.0114 0 312 78 354
D20 0.0113 394 478 505 599
D20 0.0113 47 314 224 375
D20 0.0112 0 306 94 430
D20 0.0112 391 334 503 445
D20 0.0110 381 0 600 146
D20 0.0110 346 548 469 597
D20 0.0110 398 398 438 427
D20 0.0110 105 349 376 462
D20 0.0110 119 431 211 486
D20 0.0109 180 433 288 562
D20 0.0109 30 420 107 470
D20 0.0109 0 515 32 580
D20 0.0108 216 388 391 458
D20 0.0108 10 286 150 337
D20 0.0108 131 456 229 599
D20 0.0108 204 448 300 505
D20 0.0107 0 388 22 424
D20 0.0107 318 434 405 475
D20 0.0106 499 373 578 401
D20 0.0106 0 328 109 600
D20 0.0106 374 377 422 415
D20 0.0105 306 494 388 565
D20 0.0105 441 462 507 530
D20 0.0105 406 367 472 395
D20 0.0105 296 426 387 461
D20 0.0105 515 369 579 391
D20 0.0105 286 417 378 449
D20 0.0104 355 405 443 443
D20 0.0104 259 471 366 595
D20 0.0104 46 296 131 331
D20 0.0103 101 463 197 507
D20 0.0103 40 303 189 350
D20 0.0102 114 432 212 564
D20 0.0102 408 500 496 542
D20 0.0102 0 449 35 528
D20 0.0102 70 313 159 343
D20 0.0102 186 518 320 600
D20 0.0102 329 448 402 502
D20 0.0101 574 503 600 586
D20 0.0101 180 368 350 437
D20 0.0101 8 444 111 552
D20 0.0100 507 405 573 480
D20 0.0100 569 448 600 501
D20 0.0100 13 354 104 417
D20 0.0100 365 375 408 402
D20 0.0100 428 563 535 600
D40 0.0640 459 425 535 473
D40 0.0456 441 511 583 586
D40 0.0427 473 438 528 469
D40 0.0368 459 513 545 558
D40 0.0259 470 368 532 389
D40 0.0240 506 507 592 586
D40 0.0229 428 514 513 560
D40 0.0219 469 444 555 491
D40 0.0219 493 455 587 505
D40 0.0214 452 362 540 396
D40 0.0207 456 368 510 387
D40 0.0207 401 510 505 547
D40 0.0203 414 522 530 583
D40 0.0187 460 511 507 542
D40 0.0187 559 491 591 539
D40 0.0178 0 340 74 380
D40 0.0174 489 389 593 426
D40 0.0170 447 540 562 596
D40 0.0160 0 348 50 373
D40 0.0159 466 360 520 384
D40 0.0158 469 523 534 548
D40 0.0150 480 513 537 541
D40 0.0148 483 528 581 600
D40 0.0147 447 511 490 542
D40 0.0144 471 372 547 400
D40 0.0143 489 481 576 568
D40 0.0138 0 336 56 368
D40 0.0136 454 423 500 460
D40 0.0136 464 442 508 476
D40 0.0133 453 523 505 551
D40 0.0132 480 378 581 415
D40 0.0131 564 508 600 544
D40 0.0130 366 483 408 517
D40 0.0127 468 527 537 566
D40 0.0126 463 452 529 487
D40 0.0125 459 503 532 586
D40 0.0124 237 488 332 525
D40 0.0122 526 415 592 459
D40 0.0120 0 353 56 386
D40 0.0118 270 495 366 536
D40 0.0116 455 365 488 395
D40 0.0114 435 506 482 532
D40 0.0112 549 501 584 545
D40 0.0107 498 376 560 398
D40 0.0106 535 411 584 442
D40 0.0104 476 465 574 519
D40 0.0104 433 448 523 494
D40 0.0103 445 528 511 565
D40 0.0101 356 493 403 523
D40 0.0101 460 454 544 508
D40 0.0100 349 484 394 517
