D00 0.0803 125 458 172 507
D00 0.0573 138 453 188 499
D00 0.0503 121 471 158 509
D00 0.0491 115 452 220 504
D00 0.0408 141 450 207 483
D00 0.0404 131 454 182 477
D00 0.0392 131 476 177 505
D00 0.0347 99 455 180 500
D00 0.0290 91 440 202 490
D00 0.0283 2 465 26 519
D00 0.0280 148 444 200 469
D00 0.0280 115 460 168 487
D00 0.0268 50 448 200 505
D00 0.0266 160 452 222 477
D00 0.0254 121 438 249 517
D00 0.0253 148 449 178 492
D00 0.0250 88 468 172 511
D00 0.0242 242 460 271 503
D00 0.0239 342 444 398 468
D00 0.0234 0 452 43 532
D00 0.0233 144 468 199 496
D00 0.0225 4 457 39 491
D00 0.0224 2 452 26 497
D00 0.0222 147 463 177 509
D00 0.0218 88 442 211 532
D00 0.0214 124 443 189 473
D00 0.0203 153 457 209 502
D00 0.0202 115 486 161 511
D00 0.0201 8 453 56 479
D00 0.0201 169 441 211 474
D00 0.0197 129 448 190 526
D00 0.0195 325 444 380 466
D00 0.0194 6 460 55 506
D00 0.0194 110 464 151 503
D00 0.0193 69 445 128 467
D00 0.0188 13 451 85 480
D00 0.0187 59 452 119 474
D00 0.0182 234 468 264 508
D00 0.0181 156 434 224 483
D00 0.0174 235 454 264 495
D00 0.0167 42 442 115 470
D00 0.0167 7 475 35 525
D00 0.0165 169 455 214 488
D00 0.0165 244 473 284 507
D00 0.0165 156 435 205 458
D00 0.0164 18 457 61 489
D00 0.0164 131 451 162 493
D00 0.0162 35 439 172 484
D00 0.0161 37 453 101 475
D00 0.0161 148 430 199 495
D00 0.0160 0 492 30 528
D00 0.0160 165 446 198 487
D00 0.0156 157 440 188 482
D00 0.0156 15 453 153 500
D00 0.0154 117 473 193 515
D00 0.0152 165 466 217 510
D00 0.0150 138 471 167 515
D00 0.0150 308 443 359 465
D00 0.0149 117 452 161 480
D00 0.0149 242 445 271 484
D00 0.0148 131 460 228 555
D00 0.0147 243 457 284 489
D00 0.0145 5 455 194 526
D00 0.0143 0 505 43 590
D00 0.0142 355 449 400 476
D00 0.0142 137 428 209 470
D00 0.0141 238 481 275 512
D00 0.0141 157 464 187 510
D00 0.0141 316 433 365 459
D00 0.0139 243 424 271 466
D00 0.0137 191 472 229 507
D00 0.0137 157 444 226 511
D00 0.0136 0 452 61 576
D00 0.0136 29 457 105 487
D00 0.0136 245 460 300 504
D00 0.0134 224 461 255 502
D00 0.0134 0 439 33 510
D00 0.0134 104 445 157 512
D00 0.0133 335 433 385 460
D00 0.0133 357 441 429 470
D00 0.0132 137 435 175 491
D00 0.0132 2 482 61 533
D00 0.0132 4 459 79 526
D00 0.0131 246 439 283 470
D00 0.0128 205 460 234 502
D00 0.0128 341 448 381 475
D00 0.0127 348 459 411 526
D00 0.0127 349 453 437 492
D00 0.0126 234 434 263 474
D00 0.0126 0 452 34 479
D00 0.0126 353 468 387 530
D00 0.0125 186 458 216 502
D00 0.0125 15 437 104 474
D00 0.0124 2 432 26 482
D00 0.0122 10 494 49 527
D00 0.0122 81 458 160 488
D00 0.0122 0 469 101 591
D00 0.0121 15 466 45 518
D00 0.0120 0 479 35 554
D00 0.0119 18 507 63 594
D00 0.0119 2 107 25 163
D00 0.0118 108 426 185 508
D00 0.0117 146 432 186 463
D00 0.0117 109 450 182 563
D00 0.0116 29 444 90 467
D00 0.0116 94 479 149 505
D00 0.0116 85 467 205 585
D00 0.0115 338 447 404 496
D00 0.0115 2 477 43 504
D00 0.0115 196 454 225 493
D00 0.0113 374 463 440 519
D00 0.0113 367 449 438 477
D00 0.0112 185 447 216 484
D00 0.0112 345 431 410 463
D00 0.0112 63 461 160 504
D00 0.0112 190 441 230 472
D00 0.0111 361 493 395 529
D00 0.0111 253 424 279 466
D00 0.0111 20 459 76 504
D00 0.0110 15 447 46 488
D00 0.0110 143 479 181 514
D00 0.0109 555 527 599 600
D00 0.0109 131 413 229 490
D00 0.0109 7 469 121 516
D00 0.0109 71 435 125 458
D00 0.0108 338 451 384 532
D00 0.0107 15 444 67 468
D00 0.0107 501 443 559 467
D00 0.0107 343 493 379 527
D00 0.0105 60 460 118 484
D00 0.0105 4 575 60 597
D00 0.0105 215 467 244 508
D00 0.0105 298 433 348 456
D00 0.0105 526 444 589 466
D00 0.0104 110 439 166 478
D00 0.0104 176 476 223 517
D00 0.0104 166 429 197 471
D00 0.0103 164 432 234 462
D00 0.0103 157 475 206 518
D00 0.0102 326 425 374 465
D00 0.0102 54 441 124 485
D00 0.0102 0 474 18 525
D00 0.0101 0 0 120 211
D00 0.0101 0 427 50 488
D00 0.0101 351 503 388 531
D00 0.0101 396 472 456 527
D00 0.0100 329 431 395 475
D00 0.0100 349 456 390 486
D10 0.0320 229 454 282 474
D10 0.0305 176 454 241 475
D10 0.0301 341 453 400 473
D10 0.0288 7 461 57 486
D10 0.0287 177 461 241 484
D10 0.0279 110 454 170 473
D10 0.0271 7 500 56 525
D10 0.0269 229 461 282 485
D10 0.0236 94 449 182 488
D10 0.0232 197 462 263 485
D10 0.0227 336 446 421 479
D10 0.0221 197 454 263 474
D10 0.0218 0 506 46 528
D10 0.0203 230 443 280 467
D10 0.0201 12 458 84 489
D10 0.0201 77 451 161 476
D10 0.0194 235 451 308 476
D10 0.0190 12 469 66 492
D10 0.0189 0 491 81 529
D10 0.0189 349 460 408 483
D10 0.0184 20 501 75 523
D10 0.0179 171 469 230 495
D10 0.0176 19 453 79 477
D10 0.0168 108 445 168 467
D10 0.0162 179 445 240 468
D10 0.0156 246 444 300 466
D10 0.0153 364 452 425 474
D10 0.0148 85 445 150 467
D10 0.0143 342 453 431 491
D10 0.0142 230 488 284 511
D10 0.0140 236 458 307 489
D10 0.0139 173 479 228 504
D10 0.0129 316 453 372 472
D10 0.0129 343 508 396 530
D10 0.0128 328 457 398 485
D10 0.0126 8 488 54 518
D10 0.0121 529 441 600 469
D10 0.0119 154 478 208 504
D10 0.0114 8 477 54 504
D10 0.0112 548 451 600 474
D10 0.0108 88 461 152 484
D10 0.0108 244 469 300 497
D10 0.0107 29 508 86 527
D10 0.0105 335 499 387 525
D20 0.0712 136 448 286 506
D20 0.0475 181 463 281 502
D20 0.0410 151 454 245 492
D20 0.0397 168 441 287 488
D20 0.0377 153 455 335 522
D20 0.0324 224 455 288 506
D20 0.0315 135 459 227 502
D20 0.0314 179 460 261 487
D20 0.0303 152 434 333 496
D20 0.0303 163 469 261 509
D20 0.0295 190 447 384 510
D20 0.0278 3 458 63 490
D20 0.0278 212 459 282 489
D20 0.0267 203 474 277 507
D20 0.0261 92 455 309 549
D20 0.0254 0 441 181 508
D20 0.0252 153 439 244 477
D20 0.0250 221 469 275 497
D20 0.0248 91 430 301 515
D20 0.0243 189 452 271 478
D20 0.0231 195 436 282 473
D20 0.0230 230 479 283 505
D20 0.0224 285 457 451 531
D20 0.0222 2 431 138 488
D20 0.0217 207 441 323 485
D20 0.0210 190 470 252 496
D20 0.0205 336 441 404 470
D20 0.0202 222 443 274 467
D20 0.0202 170 447 229 484
D20 0.0198 0 460 79 504
D20 0.0198 6 447 93 485
D20 0.0196 223 455 347 503
D20 0.0190 6 452 125 501
D20 0.0189 189 457 232 488
D20 0.0186 223 446 275 483
D20 0.0185 205 469 328 515
D20 0.0173 97 439 435 557
D20 0.0172 216 429 277 462
D20 0.0171 0 442 43 508
D20 0.0168 0 430 298 559
D20 0.0167 0 436 93 514
D20 0.0166 186 448 236 511
D20 0.0159 315 468 416 524
D20 0.0159 317 443 484 515
D20 0.0157 230 464 387 522
D20 0.0155 133 412 290 485
D20 0.0154 192 479 251 504
D20 0.0153 106 473 370 589
D20 0.0152 0 0 408 294
D20 0.0150 233 433 280 500
D20 0.0150 133 486 297 577
D20 0.0149 330 452 433 506
D20 0.0149 166 444 217 511
D20 0.0148 167 0 600 294
D20 0.0148 146 475 280 543
D20 0.0147 231 441 297 470
D20 0.0146 180 464 222 498
D20 0.0146 212 433 400 491
D20 0.0143 199 451 240 478
D20 0.0143 175 427 267 465
D20 0.0142 238 461 307 513
D20 0.0140 454 0 600 226
D20 0.0140 304 489 402 528
D20 0.0140 0 311 408 600
D20 0.0139 0 0 144 225
D20 0.0137 167 311 600 600
D20 0.0137 313 439 418 480
D20 0.0136 201 444 266 510
D20 0.0136 9 471 269 590
D20 0.0134 0 118 290 600
D20 0.0134 40 406 351 528
D20 0.0133 319 427 400 466
D20 0.0132 312 118 600 600
D20 0.0132 0 477 72 526
D20 0.0130 118 458 533 600
D20 0.0129 158 432 267 530
D20 0.0129 177 469 361 544
D20 0.0129 200 418 278 456
D20 0.0123 0 0 600 434
D20 0.0123 223 425 270 449
D20 0.0122 299 443 398 515
D20 0.0118 344 460 534 527
D20 0.0116 245 440 367 481
D20 0.0115 179 418 313 474
D20 0.0114 0 0 74 115
D20 0.0114 288 429 445 493
D20 0.0113 210 456 249 505
D20 0.0113 0 145 600 600
D20 0.0110 220 450 261 500
D20 0.0110 369 457 600 600
D20 0.0109 144 436 244 573
D20 0.0108 14 449 64 519
D20 0.0108 231 429 267 478
D20 0.0108 203 431 298 530
D20 0.0108 240 432 288 459
D20 0.0107 0 406 169 475
D20 0.0106 0 450 21 514
D20 0.0106 231 483 301 513
D20 0.0105 337 0 600 180
D20 0.0105 301 429 361 459
D20 0.0103 311 461 374 521
D20 0.0103 0 411 179 600
D20 0.0103 4 429 62 486
D20 0.0102 315 472 488 541
D20 0.0102 205 434 258 458
D20 0.0102 206 425 255 447
D20 0.0101 103 524 305 600
D20 0.0100 0 0 256 178
D20 0.0100 147 478 233 517
D40 0.0126 4 501 39 532
