D00 0.0590 456 356 600 444
D00 0.0386 188 330 216 375
D00 0.0375 491 373 595 432
D00 0.0373 490 369 600 494
D00 0.0336 419 329 592 411
D00 0.0323 473 341 600 586
D00 0.0278 534 381 600 454
D00 0.0275 447 356 572 410
D00 0.0266 537 384 600 522
D00 0.0259 434 357 584 503
D00 0.0244 393 451 421 498
D00 0.0243 177 347 220 375
D00 0.0233 385 440 430 505
D00 0.0230 523 334 600 464
D00 0.0217 197 322 222 370
D00 0.0215 553 402 600 446
D00 0.0208 167 337 215 369
D00 0.0207 450 400 567 593
D00 0.0205 425 339 548 393
D00 0.0198 566 400 600 480
D00 0.0197 1 464 26 519
D00 0.0197 1 385 78 453
D00 0.0195 514 396 596 473
D00 0.0195 570 414 600 450
D00 0.0193 390 335 600 461
D00 0.0193 0 400 60 471
D00 0.0193 0 431 40 514
D00 0.0192 511 433 598 600
D00 0.0191 556 356 600 475
D00 0.0191 180 319 221 380
D00 0.0190 1 391 42 442
D00 0.0186 354 353 591 583
D00 0.0184 374 312 551 387
D00 0.0180 0 380 65 525
D00 0.0176 396 462 433 501
D00 0.0172 475 371 559 405
D00 0.0170 0 407 33 445
D00 0.0170 380 308 453 340
D00 0.0169 511 388 587 426
D00 0.0168 389 456 446 514
D00 0.0164 363 430 443 595
D00 0.0160 177 329 219 356
D00 0.0160 0 472 31 559
D00 0.0159 0 425 81 600
D00 0.0157 0 427 70 460
D00 0.0152 471 389 588 446
D00 0.0148 371 300 445 330
D00 0.0148 237 485 277 570
D00 0.0147 402 321 523 376
D00 0.0147 407 377 537 564
D00 0.0144 515 356 600 419
D00 0.0144 377 459 427 488
D00 0.0142 0 366 172 600
D00 0.0139 542 410 600 463
D00 0.0139 166 356 218 377
D00 0.0137 0 410 71 444
D00 0.0136 6 376 107 433
D00 0.0135 1 437 51 550
D00 0.0134 0 529 44 600
D00 0.0132 5 403 53 430
D00 0.0132 0 453 29 493
D00 0.0131 546 439 596 552
D00 0.0130 1 490 25 546
D00 0.0130 390 310 479 355
D00 0.0128 146 338 226 378
D00 0.0128 215 459 293 600
D00 0.0127 386 445 413 490
D00 0.0127 438 344 509 377
D00 0.0126 358 452 444 495
D00 0.0125 436 348 545 436
D00 0.0123 377 445 430 542
D00 0.0123 362 303 420 325
D00 0.0123 484 304 600 424
D00 0.0123 1 417 75 489
D00 0.0122 564 421 600 529
D00 0.0122 370 311 430 335
D00 0.0122 525 420 584 530
D00 0.0121 10 389 47 427
D00 0.0120 387 435 450 553
D00 0.0120 0 393 109 474
D00 0.0120 246 503 285 592
D00 0.0120 565 335 600 435
D00 0.0117 79 372 114 407
D00 0.0117 0 573 47 599
D00 0.0117 5 416 96 457
D00 0.0116 63 385 111 410
D00 0.0114 494 336 590 401
D00 0.0114 193 318 225 352
D00 0.0114 396 447 479 600
D00 0.0113 456 360 534 398
D00 0.0113 384 451 432 480
D00 0.0112 446 352 521 388
D00 0.0112 374 301 510 362
D00 0.0112 541 312 594 335
D00 0.0112 472 345 549 404
D00 0.0112 536 488 600 600
D00 0.0111 1 475 51 589
D00 0.0111 176 322 221 344
D00 0.0111 379 406 568 526
D00 0.0109 479 495 594 600
D00 0.0109 573 395 599 442
D00 0.0109 35 404 295 600
D00 0.0109 192 349 225 381
D00 0.0109 4 440 53 467
D00 0.0108 100 467 180 600
D00 0.0108 418 335 494 369
D00 0.0108 325 451 410 600
D00 0.0108 384 338 510 387
D00 0.0106 551 320 599 345
D00 0.0106 2 444 38 482
D00 0.0106 410 354 530 405
D00 0.0106 442 303 566 451
D00 0.0105 176 338 213 390
D00 0.0105 504 369 570 414
D00 0.0105 1 341 55 438
D00 0.0104 293 332 337 406
D00 0.0104 400 446 430 494
D00 0.0103 363 295 418 317
D00 0.0103 469 364 546 422
D00 0.0103 526 462 582 574
D00 0.0103 0 390 116 545
D00 0.0102 355 337 544 412
D00 0.0102 343 377 552 484
D00 0.0100 518 514 587 595
D00 0.0100 68 364 125 414
D00 0.0100 581 416 600 467
D00 0.0100 310 347 335 395
D00 0.0100 0 553 27 600
D00 0.0100 0 554 72 600
D00 0.0100 566 470 600 548
D00 0.0100 243 469 329 600
D00 0.0100 396 303 452 327
D10 0.0362 481 368 574 412
D10 0.0356 544 408 600 443
D10 0.0343 524 393 600 441
D10 0.0261 496 376 589 425
D10 0.0231 564 421 600 446
D10 0.0206 561 404 600 434
D10 0.0195 494 376 564 403
D10 0.0195 0 420 71 452
D10 0.0184 503 408 597 463
D10 0.0182 547 395 597 423
D10 0.0173 122 359 190 378
D10 0.0163 125 348 210 375
D10 0.0161 3 414 54 440
D10 0.0153 430 340 517 382
D10 0.0152 2 412 104 461
D10 0.0145 505 384 571 413
D10 0.0140 96 352 195 384
D10 0.0133 475 435 568 476
D10 0.0132 113 351 179 372
D10 0.0129 0 428 81 480
D10 0.0129 537 381 600 418
D10 0.0128 355 359 416 379
D10 0.0128 469 381 564 428
D10 0.0127 153 357 215 377
D10 0.0125 219 423 299 448
D10 0.0119 530 402 593 431
D10 0.0119 297 500 392 538
D10 0.0119 507 365 579 399
D10 0.0114 515 460 600 507
D10 0.0113 539 416 600 467
D10 0.0112 355 351 415 372
D10 0.0111 326 359 384 379
D10 0.0106 566 395 600 453
D10 0.0106 479 416 598 494
D10 0.0103 218 490 301 535
D10 0.0103 518 393 581 421
D10 0.0103 566 429 600 455
D10 0.0103 259 498 355 540
D10 0.0102 358 456 429 490
D10 0.0102 390 468 479 510
D10 0.0101 490 441 579 490
D10 0.0101 452 373 545 420
D10 0.0101 185 356 231 378
D10 0.0100 341 426 400 447
D10 0.0100 488 368 554 397
D20 0.0268 126 394 560 588
D20 0.0221 0 397 60 453
D20 0.0200 227 342 600 533
D20 0.0186 139 332 224 374
D20 0.0175 376 452 600 600
D20 0.0170 51 451 484 600
D20 0.0166 386 0 600 146
D20 0.0162 0 376 87 435
D20 0.0160 452 366 600 600
D20 0.0157 1 371 42 445
D20 0.0152 0 0 408 294
D20 0.0149 0 363 129 443
D20 0.0147 167 0 600 294
D20 0.0144 1 413 44 441
D20 0.0144 0 311 408 600
D20 0.0144 0 454 223 600
D20 0.0139 0 118 290 600
D20 0.0134 47 350 505 533
D20 0.0128 525 0 600 115
D20 0.0127 491 0 600 161
D20 0.0127 312 118 600 600
D20 0.0127 393 0 600 300
D20 0.0124 333 334 412 372
D20 0.0123 0 0 600 434
D20 0.0123 0 352 69 481
D20 0.0122 387 275 592 582
D20 0.0118 573 395 600 467
D20 0.0118 0 0 211 146
D20 0.0117 0 145 600 600
D20 0.0116 0 372 145 600
D20 0.0116 485 0 600 71
D20 0.0115 149 328 217 359
D20 0.0115 300 355 540 600
D20 0.0115 93 318 225 374
D20 0.0107 340 323 523 393
D20 0.0107 0 378 50 525
D20 0.0103 0 457 25 536
D20 0.0100 349 297 440 331
D40 0.0297 344 351 398 373
D40 0.0293 1 418 40 452
D40 0.0238 0 413 50 472
D40 0.0208 3 431 55 457
D40 0.0205 333 344 412 377
D40 0.0182 348 358 407 379
D40 0.0149 2 434 40 472
D40 0.0118 346 341 396 366
