D00 0.1881 336 459 397 600
D00 0.1715 344 449 380 560
D00 0.1551 352 515 390 600
D00 0.1422 349 452 373 518
D00 0.1377 357 494 407 597
D00 0.1228 342 410 388 532
D00 0.1215 351 477 386 579
D00 0.1211 365 547 389 598
D00 0.1157 320 415 383 572
D00 0.1135 336 434 378 518
D00 0.1048 346 444 376 487
D00 0.1012 340 447 369 505
D00 0.0987 339 422 443 599
D00 0.0974 350 487 374 555
D00 0.0959 358 496 381 564
D00 0.0852 334 408 374 496
D00 0.0822 356 563 388 599
D00 0.0801 355 440 407 574
D00 0.0762 356 543 414 599
D00 0.0717 356 461 380 527
D00 0.0691 340 421 366 480
D00 0.0651 325 498 385 593
D00 0.0628 342 427 392 491
D00 0.0606 344 555 398 598
D00 0.0596 333 394 417 556
D00 0.0541 349 450 396 537
D00 0.0523 347 449 386 474
D00 0.0499 315 395 388 511
D00 0.0484 332 529 428 600
D00 0.0468 0 553 75 597
D00 0.0467 354 424 381 478
D00 0.0466 564 260 591 312
D00 0.0435 325 394 363 487
D00 0.0435 332 431 359 485
D00 0.0430 294 436 394 594
D00 0.0422 556 246 596 321
D00 0.0416 347 412 373 474
D00 0.0405 1 556 35 595
D00 0.0395 314 482 475 596
D00 0.0395 0 521 117 591
D00 0.0382 304 502 415 600
D00 0.0380 344 440 379 470
D00 0.0376 348 401 407 504
D00 0.0375 339 400 363 463
D00 0.0369 363 490 390 555
D00 0.0362 332 409 355 470
D00 0.0359 314 541 404 595
D00 0.0358 302 396 491 600
D00 0.0351 0 534 46 600
D00 0.0349 341 470 369 536
D00 0.0327 331 394 353 445
D00 0.0299 350 517 379 560
D00 0.0295 322 567 393 600
D00 0.0295 572 267 596 319
D00 0.0287 307 429 367 541
D00 0.0287 319 461 381 542
D00 0.0286 343 448 413 502
D00 0.0281 333 385 394 473
D00 0.0281 336 497 381 560
D00 0.0272 0 565 52 600
D00 0.0265 211 414 423 600
D00 0.0264 315 446 383 501
D00 0.0262 562 283 592 322
D00 0.0254 305 481 371 585
D00 0.0253 331 379 352 421
D00 0.0251 339 387 361 432
D00 0.0250 350 472 428 561
D00 0.0248 329 420 431 497
D00 0.0241 331 458 373 487
D00 0.0240 553 261 592 289
D00 0.0239 543 255 593 302
D00 0.0234 355 580 407 599
D00 0.0228 339 465 374 495
D00 0.0227 352 453 392 491
D00 0.0224 554 270 592 300
D00 0.0223 358 513 453 594
D00 0.0213 198 490 238 567
D00 0.0211 567 256 598 297
D00 0.0208 355 473 391 513
D00 0.0205 0 500 88 578
D00 0.0203 334 384 366 416
D00 0.0200 1 537 30 586
D00 0.0199 2 550 50 586
D00 0.0192 546 275 597 314
D00 0.0191 359 435 390 481
D00 0.0190 338 409 422 472
D00 0.0189 350 396 385 474
D00 0.0188 337 427 385 467
D00 0.0187 569 471 600 509
D00 0.0187 337 525 381 589
D00 0.0184 342 570 426 599
D00 0.0184 25 540 103 592
D00 0.0183 542 255 591 280
D00 0.0182 322 387 345 430
D00 0.0181 324 376 360 447
D00 0.0180 342 388 375 458
D00 0.0176 330 396 376 417
D00 0.0176 206 504 232 556
D00 0.0174 367 515 400 570
D00 0.0171 331 463 363 521
D00 0.0170 357 486 407 539
D00 0.0168 557 459 600 506
D00 0.0167 323 437 377 476
D00 0.0162 317 383 347 414
D00 0.0161 337 580 390 600
D00 0.0158 1 527 61 577
D00 0.0158 309 422 373 488
D00 0.0157 326 384 381 438
D00 0.0155 322 369 343 409
D00 0.0155 314 388 354 470
D00 0.0153 0 465 123 582
D00 0.0153 299 382 368 496
D00 0.0151 370 519 414 585
D00 0.0150 251 417 386 545
D00 0.0150 326 374 355 406
D00 0.0149 533 434 600 594
D00 0.0147 524 263 594 321
D00 0.0147 351 508 398 549
D00 0.0146 183 470 246 593
D00 0.0146 22 567 96 600
D00 0.0145 326 483 369 555
D00 0.0144 378 428 526 590
D00 0.0142 328 450 422 535
D00 0.0141 341 407 515 541
D00 0.0141 12 531 86 568
D00 0.0140 322 401 346 454
D00 0.0139 346 388 372 430
D00 0.0139 36 529 126 575
D00 0.0139 547 445 597 540
D00 0.0138 68 547 138 596
D00 0.0137 419 387 470 411
D00 0.0137 350 384 389 414
D00 0.0136 307 387 356 409
D00 0.0136 311 361 335 400
D00 0.0134 555 474 600 522
D00 0.0134 200 513 242 600
D00 0.0134 309 396 356 419
D00 0.0133 197 497 225 546
D00 0.0133 337 469 383 510
D00 0.0132 199 450 261 581
D00 0.0131 349 477 384 503
D00 0.0129 280 436 389 517
D00 0.0129 260 504 382 592
D00 0.0129 564 267 600 346
D00 0.0129 323 419 348 475
D00 0.0129 264 462 377 572
D00 0.0128 336 551 373 596
D00 0.0127 189 476 233 550
D00 0.0126 314 376 372 426
D00 0.0125 41 562 128 600
D00 0.0125 561 254 600 279
D00 0.0125 4 522 77 558
D00 0.0125 345 379 398 403
D00 0.0124 356 504 393 531
D00 0.0124 361 463 405 524
D00 0.0124 158 491 273 600
D00 0.0123 353 435 413 477
D00 0.0122 0 565 24 600
D00 0.0121 75 562 132 588
D00 0.0120 366 503 417 559
D00 0.0120 316 365 345 397
D00 0.0120 42 550 87 583
D00 0.0120 548 479 597 587
D00 0.0119 208 520 232 573
D00 0.0119 530 468 600 514
D00 0.0118 323 440 351 489
D00 0.0118 530 571 600 600
D00 0.0118 363 414 390 470
D00 0.0118 400 574 462 598
D00 0.0117 380 552 457 600
D00 0.0116 352 514 383 542
D00 0.0116 33 546 93 573
D00 0.0116 317 379 366 401
D00 0.0116 321 404 363 426
D00 0.0115 24 518 107 567
D00 0.0115 373 470 448 575
D00 0.0114 546 469 596 496
D00 0.0114 86 556 180 599
D00 0.0114 48 572 109 596
D00 0.0113 342 375 378 406
D00 0.0113 0 426 183 589
D00 0.0113 543 290 589 317
D00 0.0112 80 569 151 600
D00 0.0112 350 486 385 511
D00 0.0112 299 353 327 393
D00 0.0111 544 548 600 600
D00 0.0110 419 434 579 582
D00 0.0110 0 581 47 600
D00 0.0109 165 454 232 580
D00 0.0109 367 383 408 413
D00 0.0108 160 434 269 561
D00 0.0108 250 386 302 408
D00 0.0108 491 492 600 600
D00 0.0107 0 473 60 571
D00 0.0107 0 487 95 545
D00 0.0107 511 432 600 515
D00 0.0106 369 540 525 600
D00 0.0106 127 573 181 599
D00 0.0106 0 508 33 578
D00 0.0105 553 247 595 271
D00 0.0105 546 478 595 505
D00 0.0105 545 413 597 500
D00 0.0105 289 571 367 600
D00 0.0105 30 558 76 591
D00 0.0104 536 244 600 355
D00 0.0104 344 488 391 528
D00 0.0102 563 461 600 565
D00 0.0102 458 527 508 549
D00 0.0102 566 528 600 600
D00 0.0101 428 395 479 418
D00 0.0101 21 514 89 548
D00 0.0101 573 482 598 532
D00 0.0101 331 360 352 402
D00 0.0100 18 539 63 596
D00 0.0100 193 474 313 593
D00 0.0100 534 278 596 336
D00 0.0100 198 547 262 600
D00 0.0100 43 493 149 582
D10 0.0577 348 451 399 473
D10 0.0505 313 551 393 582
D10 0.0481 339 444 428 483
D10 0.0433 0 550 66 586
D10 0.0388 357 489 409 513
D10 0.0388 352 443 415 470
D10 0.0351 357 452 429 471
D10 0.0345 330 562 388 591
D10 0.0345 388 396 446 415
D10 0.0328 346 481 433 524
D10 0.0304 349 458 397 482
D10 0.0295 364 497 419 521
D10 0.0288 291 558 395 595
D10 0.0281 363 535 413 560
D10 0.0281 344 395 398 416
D10 0.0265 335 544 386 572
D10 0.0261 359 392 437 417
D10 0.0257 291 538 397 579
D10 0.0252 306 565 374 589
D10 0.0245 351 388 409 411
D10 0.0244 358 537 417 574
D10 0.0242 408 396 462 416
D10 0.0236 2 545 60 572
D10 0.0234 372 489 432 513
D10 0.0230 7 559 90 592
D10 0.0227 474 449 551 476
D10 0.0225 296 557 364 578
D10 0.0218 82 545 158 572
D10 0.0216 24 551 102 584
D10 0.0212 382 389 469 420
D10 0.0209 399 388 452 412
D10 0.0205 347 436 459 472
D10 0.0205 351 451 469 501
D10 0.0205 308 547 375 571
D10 0.0204 352 476 416 512
D10 0.0199 356 495 395 520
D10 0.0196 242 539 400 598
D10 0.0192 360 526 403 553
D10 0.0188 372 444 439 466
D10 0.0182 371 544 426 566
D10 0.0179 501 452 560 473
D10 0.0177 463 453 523 474
D10 0.0175 444 446 543 480
D10 0.0173 353 478 396 505
D10 0.0170 337 389 427 424
D10 0.0164 361 460 425 483
D10 0.0164 56 532 170 583
D10 0.0162 434 450 512 477
D10 0.0161 372 481 433 505
D10 0.0160 351 432 400 462
D10 0.0158 552 321 598 343
D10 0.0157 361 504 405 531
D10 0.0153 365 549 431 587
D10 0.0153 91 554 152 577
D10 0.0151 352 467 396 495
D10 0.0150 353 467 465 521
D10 0.0147 374 448 455 475
D10 0.0147 337 534 384 562
D10 0.0146 268 550 376 589
D10 0.0145 346 403 394 424
D10 0.0142 484 457 558 484
D10 0.0139 317 459 369 486
D10 0.0139 316 468 368 495
D10 0.0139 362 489 461 532
D10 0.0138 424 452 485 473
D10 0.0136 400 403 453 425
D10 0.0136 315 530 387 568
D10 0.0135 352 495 429 548
D10 0.0133 328 477 373 503
D10 0.0133 495 443 585 479
D10 0.0132 366 502 436 536
D10 0.0132 370 435 492 481
D10 0.0131 362 536 452 584
D10 0.0131 473 461 531 482
D10 0.0129 355 502 457 567
D10 0.0129 299 457 383 506
D10 0.0128 397 443 456 465
D10 0.0128 0 489 47 513
D10 0.0125 352 379 407 403
D10 0.0125 19 545 84 572
D10 0.0125 379 562 456 598
D10 0.0125 355 466 429 502
D10 0.0125 553 310 596 336
D10 0.0123 486 451 589 499
D10 0.0122 83 549 176 590
D10 0.0121 1 535 49 562
D10 0.0121 0 495 68 526
D10 0.0121 454 461 511 483
D10 0.0120 451 427 590 485
D10 0.0120 383 498 442 522
D10 0.0120 409 439 482 468
D10 0.0119 278 563 359 593
D10 0.0118 532 310 600 352
D10 0.0118 361 515 403 542
D10 0.0117 372 532 444 565
D10 0.0116 0 505 70 536
D10 0.0113 437 454 531 491
D10 0.0112 364 521 432 558
D10 0.0111 466 434 560 474
D10 0.0111 526 457 598 488
D10 0.0110 306 574 370 598
D10 0.0110 511 460 569 482
D10 0.0110 360 403 417 424
D10 0.0110 380 403 437 424
D10 0.0109 86 538 140 564
D10 0.0109 520 452 579 474
D10 0.0108 235 528 361 582
D10 0.0108 426 458 502 487
D10 0.0106 418 404 470 427
D10 0.0106 327 486 373 513
D10 0.0105 407 452 465 472
D10 0.0105 434 443 492 467
D10 0.0104 382 555 438 581
D10 0.0104 555 487 598 513
D10 0.0104 431 518 518 556
D10 0.0103 187 499 233 524
D10 0.0102 414 435 513 474
D10 0.0102 196 507 240 532
D10 0.0101 554 299 593 326
D10 0.0101 264 505 377 567
D10 0.0100 278 543 361 574
D20 0.0745 355 521 405 600
D20 0.0693 352 552 425 599
D20 0.0523 276 369 328 394
D20 0.0503 2 545 127 592
D20 0.0493 315 551 397 597
D20 0.0481 342 530 445 600
D20 0.0393 255 501 411 596
D20 0.0392 261 362 342 397
D20 0.0390 336 434 446 584
D20 0.0374 0 518 154 590
D20 0.0374 282 377 338 398
D20 0.0362 334 483 516 596
D20 0.0359 328 524 394 590
D20 0.0339 333 407 455 527
D20 0.0329 325 421 600 598
D20 0.0312 53 421 488 589
D20 0.0276 295 369 343 393
D20 0.0258 353 480 412 548
D20 0.0251 332 386 477 476
D20 0.0249 279 359 325 386
D20 0.0247 347 470 425 519
D20 0.0246 260 377 314 398
D20 0.0238 352 513 416 570
D20 0.0234 151 468 414 600
D20 0.0225 53 548 174 592
D20 0.0221 0 562 84 600
D20 0.0214 338 427 480 491
D20 0.0212 337 424 405 478
D20 0.0208 0 514 48 592
D20 0.0207 350 492 467 579
D20 0.0201 232 463 399 574
D20 0.0199 339 385 407 414
D20 0.0198 14 493 231 592
D20 0.0193 535 260 600 312
D20 0.0190 267 365 304 395
D20 0.0189 230 413 395 513
D20 0.0189 365 546 486 596
D20 0.0188 366 567 465 600
D20 0.0182 305 373 339 401
D20 0.0179 273 371 361 404
D20 0.0178 344 412 447 472
D20 0.0175 328 455 514 546
D20 0.0173 0 465 359 600
D20 0.0170 350 522 563 600
D20 0.0168 289 356 348 403
D20 0.0158 337 377 465 434
D20 0.0151 0 0 408 294
D20 0.0151 21 561 139 600
D20 0.0150 299 449 383 497
D20 0.0150 299 361 327 398
D20 0.0148 167 0 600 294
D20 0.0148 0 529 30 600
D20 0.0148 344 439 419 491
D20 0.0147 332 373 416 409
D20 0.0146 305 511 389 567
D20 0.0145 289 362 318 397
D20 0.0144 39 535 228 600
D20 0.0143 0 544 62 596
D20 0.0142 0 311 408 600
D20 0.0141 313 372 421 487
D20 0.0140 291 567 391 600
D20 0.0140 176 523 394 600
D20 0.0140 238 370 320 403
D20 0.0139 274 540 422 600
D20 0.0138 284 386 340 407
D20 0.0137 0 500 59 566
D20 0.0137 0 118 290 600
D20 0.0136 257 356 317 388
D20 0.0134 449 371 600 600
D20 0.0133 167 311 600 600
D20 0.0131 375 521 428 600
D20 0.0130 338 390 426 454
D20 0.0130 58 525 144 586
D20 0.0129 416 467 580 600
D20 0.0129 312 118 600 600
D20 0.0129 306 491 385 550
D20 0.0127 326 390 407 428
D20 0.0126 297 359 342 385
D20 0.0124 550 445 600 503
D20 0.0123 357 412 555 535
D20 0.0123 0 0 600 434
D20 0.0118 0 414 182 600
D20 0.0116 260 382 331 408
D20 0.0115 518 250 599 290
D20 0.0115 0 145 600 600
D20 0.0115 115 409 380 552
D20 0.0114 224 378 457 600
D20 0.0114 233 385 389 470
D20 0.0114 309 421 386 477
D20 0.0113 309 371 352 408
D20 0.0113 0 490 76 532
D20 0.0112 91 526 321 600
D20 0.0110 280 351 326 405
D20 0.0109 565 460 600 488
D20 0.0109 257 380 362 421
D20 0.0109 354 383 424 428
D20 0.0108 0 504 90 600
D20 0.0108 243 377 294 400
D20 0.0108 491 253 600 326
D20 0.0107 346 378 392 444
D20 0.0106 454 0 600 220
D20 0.0105 358 395 470 450
D20 0.0104 366 482 436 539
D20 0.0104 94 452 324 572
D20 0.0102 298 383 394 419
D20 0.0102 246 362 371 410
D20 0.0101 0 0 145 219
D20 0.0101 0 480 37 559
D20 0.0100 0 474 52 526
D20 0.0100 537 223 600 329
D40 0.1483 356 521 388 600
D40 0.1095 357 527 385 570
D40 0.1058 360 535 391 580
D40 0.1048 366 573 421 598
D40 0.0695 355 555 427 600
D40 0.0607 350 531 380 588
D40 0.0523 362 563 408 595
D40 0.0440 337 528 399 593
D40 0.0436 366 532 400 592
D40 0.0416 363 512 390 572
D40 0.0412 39 547 133 584
D40 0.0391 353 523 414 581
D40 0.0389 359 534 402 559
D40 0.0366 53 554 123 578
D40 0.0351 381 562 426 597
D40 0.0341 353 550 387 582
D40 0.0336 74 547 134 571
D40 0.0296 356 482 391 522
D40 0.0296 328 539 391 577
D40 0.0243 67 541 154 577
D40 0.0226 381 581 442 600
D40 0.0218 34 558 109 590
D40 0.0218 346 476 414 532
D40 0.0216 82 554 142 577
D40 0.0214 365 552 414 582
D40 0.0206 356 525 392 551
D40 0.0188 369 531 413 568
D40 0.0187 48 550 95 582
D40 0.0172 377 571 457 600
D40 0.0166 362 491 404 529
D40 0.0157 346 518 391 558
D40 0.0154 337 543 373 590
D40 0.0153 64 544 114 575
D40 0.0151 64 562 126 587
D40 0.0132 341 521 373 575
D40 0.0128 361 476 405 512
D40 0.0128 372 485 417 518
D40 0.0119 0 484 32 517
D40 0.0114 0 551 21 598
D40 0.0112 397 566 430 600
D40 0.0105 91 546 124 584
