D00 0.0886 70 60 214 152
D00 0.0656 92 71 192 136
D00 0.0599 104 81 237 165
D00 0.0514 16 53 191 128
D00 0.0503 70 62 180 112
D00 0.0458 92 65 156 122
D00 0.0441 11 134 49 228
D00 0.0386 43 88 213 178
D00 0.0380 0 96 44 168
D00 0.0379 80 87 181 152
D00 0.0356 52 73 166 129
D00 0.0350 19 39 267 157
D00 0.0341 38 55 237 214
D00 0.0329 147 139 312 222
D00 0.0328 109 79 164 133
D00 0.0326 15 61 156 174
D00 0.0323 51 63 146 102
D00 0.0314 342 180 458 285
D00 0.0313 74 85 268 253
D00 0.0307 7 72 192 262
D00 0.0307 101 55 230 122
D00 0.0300 375 181 438 244
D00 0.0300 123 82 194 152
D00 0.0295 65 236 142 407
D00 0.0295 0 62 83 211
D00 0.0292 2 165 43 246
D00 0.0283 3 113 44 198
D00 0.0283 91 73 144 105
D00 0.0280 114 81 185 118
D00 0.0274 79 68 138 93
D00 0.0274 174 148 298 267
D00 0.0270 20 153 42 214
D00 0.0265 8 108 73 245
D00 0.0264 71 76 327 187
D00 0.0262 30 41 174 103
D00 0.0257 84 46 166 145
D00 0.0249 1 191 40 289
D00 0.0247 93 102 322 312
D00 0.0242 10 153 35 213
D00 0.0241 80 269 128 384
D00 0.0240 354 203 448 260
D00 0.0238 0 35 114 143
D00 0.0236 387 185 424 220
D00 0.0230 317 184 447 249
D00 0.0229 14 88 68 189
D00 0.0229 0 77 60 140
D00 0.0228 112 113 229 296
D00 0.0228 34 105 146 297
D00 0.0226 134 103 379 442
D00 0.0223 375 191 489 305
D00 0.0220 128 74 242 137
D00 0.0220 64 244 126 300
D00 0.0218 298 192 434 305
D00 0.0216 72 108 188 297
D00 0.0214 64 142 300 497
D00 0.0213 218 160 456 505
D00 0.0212 207 168 336 287
D00 0.0211 17 123 60 209
D00 0.0211 101 82 153 113
D00 0.0211 175 159 267 208
D00 0.0210 153 146 263 336
D00 0.0207 19 157 58 238
D00 0.0207 0 144 103 278
D00 0.0206 142 96 272 156
D00 0.0205 421 213 591 500
D00 0.0204 299 165 527 510
D00 0.0203 112 113 363 231
D00 0.0200 95 271 143 381
D00 0.0200 19 227 155 464
D00 0.0199 191 150 307 206
D00 0.0199 123 135 250 247
D00 0.0198 0 76 226 436
D00 0.0197 200 160 335 232
D00 0.0196 74 77 148 116
D00 0.0193 150 89 339 163
D00 0.0192 174 131 314 354
D00 0.0192 322 196 459 432
D00 0.0190 513 276 595 436
D00 0.0190 299 217 411 410
D00 0.0189 151 151 251 196
D00 0.0189 346 189 432 236
D00 0.0189 203 138 330 182
D00 0.0188 34 0 333 404
D00 0.0188 132 56 277 162
D00 0.0186 39 61 104 118
D00 0.0186 225 183 338 373
D00 0.0185 248 190 389 428
D00 0.0185 19 181 43 236
D00 0.0184 11 75 124 130
D00 0.0179 7 109 36 161
D00 0.0176 0 137 36 223
D00 0.0174 99 66 164 99
D00 0.0174 228 206 397 297
D00 0.0174 13 112 47 173
D00 0.0174 194 130 367 196
D00 0.0173 72 293 132 425
D00 0.0172 209 41 452 369
D00 0.0171 86 44 190 97
D00 0.0171 144 90 214 164
D00 0.0171 359 227 497 472
D00 0.0171 13 60 70 152
D00 0.0171 0 84 110 157
D00 0.0170 119 95 184 137
D00 0.0170 132 88 199 126
D00 0.0169 383 211 458 288
D00 0.0169 115 152 200 195
D00 0.0169 0 248 41 334
D00 0.0168 100 153 236 406
D00 0.0167 368 170 431 224
D00 0.0167 74 252 181 451
D00 0.0166 0 257 29 291
D00 0.0165 57 229 126 277
D00 0.0165 27 106 491 527
D00 0.0164 36 146 222 337
D00 0.0164 451 259 562 460
D00 0.0164 211 159 413 262
D00 0.0163 34 189 142 379
D00 0.0162 315 218 480 318
D00 0.0162 11 106 108 207
D00 0.0161 77 253 157 364
D00 0.0161 0 251 108 449
D00 0.0160 140 184 273 437
D00 0.0159 395 205 537 442
D00 0.0159 86 314 126 400
D00 0.0158 209 159 277 226
D00 0.0158 70 69 147 188
D00 0.0158 79 62 135 84
D00 0.0158 380 192 446 226
D00 0.0157 112 77 170 103
D00 0.0157 495 257 600 356
D00 0.0157 5 51 81 121
D00 0.0156 0 415 44 495
D00 0.0156 117 92 170 123
D00 0.0155 192 211 299 415
D00 0.0155 215 220 350 463
D00 0.0154 485 284 586 334
D00 0.0154 74 185 181 381
D00 0.0153 374 181 424 208
D00 0.0153 256 167 377 333
D00 0.0153 74 109 182 193
D00 0.0152 83 50 148 107
D00 0.0152 95 82 198 214
D00 0.0152 41 251 130 365
D00 0.0152 192 173 276 250
D00 0.0152 382 176 418 233
D00 0.0151 29 164 51 220
D00 0.0149 29 90 143 148
D00 0.0149 347 180 574 396
D00 0.0148 61 270 113 384
D00 0.0148 10 192 35 244
D00 0.0148 192 193 316 268
D00 0.0147 0 84 37 134
D00 0.0147 129 137 436 296
D00 0.0147 112 108 198 161
D00 0.0147 109 70 143 117
D00 0.0146 297 229 367 287
D00 0.0146 45 53 127 155
D00 0.0146 52 111 163 166
D00 0.0145 289 173 436 228
D00 0.0145 0 0 191 203
D00 0.0145 68 335 109 424
D00 0.0145 0 102 30 150
D00 0.0145 312 205 425 262
D00 0.0144 82 239 129 325
D00 0.0144 395 196 472 272
D00 0.0144 273 158 498 351
D00 0.0144 215 147 391 218
D00 0.0144 114 251 219 450
D00 0.0142 0 118 119 357
D00 0.0142 92 300 124 366
D00 0.0142 220 179 356 250
D00 0.0141 234 140 316 168
D00 0.0140 226 153 346 205
D00 0.0140 0 110 264 298
D00 0.0140 374 197 426 222
D00 0.0139 141 53 208 142
D00 0.0139 0 223 29 287
D00 0.0139 178 144 273 190
D00 0.0138 8 171 76 258
D00 0.0138 0 162 58 285
D00 0.0138 288 260 422 496
D00 0.0138 117 184 300 295
D00 0.0138 152 164 256 225
D00 0.0137 0 227 89 381
D00 0.0137 187 166 281 317
D00 0.0137 45 315 158 438
D00 0.0136 0 349 89 491
D00 0.0135 141 86 195 111
D00 0.0135 374 227 537 313
D00 0.0135 21 103 58 165
D00 0.0135 52 13 160 136
D00 0.0134 240 81 585 579
D00 0.0134 518 288 586 356
D00 0.0134 132 158 217 208
D00 0.0134 0 44 44 123
D00 0.0134 289 162 482 262
D00 0.0133 30 72 90 168
D00 0.0133 362 189 422 214
D00 0.0132 411 293 525 488
D00 0.0132 383 277 560 547
D00 0.0131 273 190 385 282
D00 0.0131 345 211 427 288
D00 0.0131 163 110 299 177
D00 0.0131 382 177 444 213
D00 0.0131 89 38 372 153
D00 0.0131 450 199 560 378
D00 0.0130 102 65 133 108
D00 0.0130 95 84 156 176
D00 0.0130 38 11 235 117
D00 0.0130 160 147 238 264
D00 0.0130 266 239 428 330
D00 0.0129 13 191 45 263
D00 0.0128 540 310 600 443
D00 0.0128 107 36 172 122
D00 0.0128 375 212 442 250
D00 0.0128 27 138 72 222
D00 0.0127 1 145 28 202
D00 0.0127 416 266 591 342
D00 0.0127 339 289 445 482
D00 0.0127 475 303 600 530
D00 0.0127 19 135 43 193
D00 0.0126 537 265 600 382
D00 0.0125 95 308 144 417
D00 0.0124 450 333 562 515
D00 0.0124 277 220 383 311
D00 0.0124 61 74 123 102
D00 0.0124 28 254 102 395
D00 0.0123 13 116 81 173
D00 0.0123 196 219 361 315
D00 0.0123 393 175 433 232
D00 0.0122 407 244 502 299
D00 0.0122 7 180 38 222
D00 0.0122 31 76 131 223
D00 0.0121 104 139 174 191
D00 0.0121 521 238 587 344
D00 0.0120 7 64 55 119
D00 0.0120 310 274 481 550
D00 0.0120 370 183 487 252
D00 0.0120 42 51 120 97
D00 0.0119 10 129 35 180
D00 0.0119 265 289 371 478
D00 0.0119 102 260 168 388
D00 0.0118 426 264 528 315
D00 0.0118 31 145 89 252
D00 0.0118 515 309 565 337
D00 0.0118 0 300 41 380
D00 0.0118 230 154 310 268
D00 0.0117 477 172 600 400
D00 0.0117 133 0 375 296
D00 0.0117 34 61 87 100
D00 0.0116 9 208 33 270
D00 0.0116 18 36 107 98
D00 0.0116 304 258 478 371
D00 0.0116 58 149 230 241
D00 0.0115 394 189 448 215
D00 0.0115 366 201 443 324
D00 0.0114 159 233 326 514
D00 0.0114 42 98 124 175
D00 0.0114 213 108 337 258
D00 0.0113 157 185 252 243
D00 0.0113 17 367 149 470
D00 0.0113 446 281 553 332
D00 0.0113 2 201 27 256
D00 0.0112 287 189 412 240
D00 0.0112 15 17 152 84
D00 0.0112 160 64 228 155
D00 0.0112 0 200 221 552
D00 0.0111 234 274 401 549
D00 0.0111 10 429 51 507
D00 0.0111 72 57 129 119
D00 0.0110 95 323 119 376
D00 0.0110 1 119 28 169
D00 0.0110 249 242 376 361
D00 0.0110 30 162 128 268
D00 0.0110 398 245 520 351
D00 0.0110 208 205 435 349
D00 0.0110 407 170 523 337
D00 0.0109 528 306 580 417
D00 0.0109 1 46 64 97
D00 0.0109 389 221 457 256
D00 0.0109 110 131 220 214
D00 0.0109 25 65 76 116
D00 0.0108 332 140 517 298
D00 0.0108 65 65 113 95
D00 0.0108 191 388 230 463
D00 0.0108 237 205 344 262
D00 0.0108 77 237 118 270
D00 0.0107 243 223 545 412
D00 0.0107 0 325 40 413
D00 0.0107 151 171 217 237
D00 0.0107 293 242 401 297
D00 0.0107 246 171 369 219
D00 0.0107 53 63 88 128
D00 0.0106 261 0 551 411
D00 0.0106 554 265 598 343
D00 0.0106 463 266 569 321
D00 0.0106 35 291 212 476
D00 0.0105 9 90 48 128
D00 0.0105 222 178 288 242
D00 0.0105 341 136 457 240
D00 0.0105 473 222 595 335
D00 0.0105 28 143 52 205
D00 0.0105 83 309 116 373
D00 0.0104 397 183 450 257
D00 0.0104 240 224 346 280
D00 0.0104 417 215 490 292
D00 0.0104 45 74 98 102
D00 0.0103 540 213 600 336
D00 0.0103 236 147 312 180
D00 0.0103 174 204 267 258
D00 0.0103 153 292 258 476
D00 0.0103 98 315 131 381
D00 0.0103 191 292 296 477
D00 0.0103 372 241 467 299
D00 0.0102 387 201 427 240
D00 0.0102 95 148 164 181
D00 0.0102 91 244 145 340
D00 0.0102 0 9 62 125
D00 0.0101 1 184 28 236
D00 0.0101 48 79 117 115
D00 0.0101 50 130 155 221
D00 0.0101 184 179 245 276
D00 0.0101 318 259 600 459
D00 0.0101 47 154 114 208
D00 0.0101 555 355 599 438
D00 0.0101 512 344 598 497
D00 0.0101 226 101 346 147
D00 0.0100 338 409 381 494
D00 0.0100 56 73 103 155
D00 0.0100 52 175 177 283
D00 0.0100 242 128 450 222
D00 0.0100 94 325 184 469
D00 0.0100 130 74 176 133
D00 0.0100 20 197 104 273
D00 0.0100 115 161 211 258
D10 0.0931 61 247 128 274
D10 0.0909 0 241 138 290
D10 0.0859 125 138 228 170
D10 0.0854 109 128 259 178
D10 0.0697 0 105 44 129
D10 0.0668 97 97 262 170
D10 0.0611 127 149 210 174
D10 0.0600 136 145 214 165
D10 0.0538 41 235 147 275
D10 0.0511 0 96 70 143
D10 0.0508 105 113 222 164
D10 0.0480 134 129 316 196
D10 0.0477 3 112 52 137
D10 0.0463 136 145 243 180
D10 0.0461 9 141 56 162
D10 0.0460 141 117 311 169
D10 0.0439 67 113 233 188
D10 0.0431 0 263 44 285
D10 0.0410 45 254 113 276
D10 0.0395 0 253 70 283
D10 0.0393 0 132 76 176
D10 0.0391 22 59 98 83
D10 0.0380 235 129 334 158
D10 0.0359 34 56 131 90
D10 0.0358 47 61 114 81
D10 0.0347 2 133 46 159
D10 0.0336 161 138 300 180
D10 0.0336 12 60 70 80
D10 0.0316 111 141 189 170
D10 0.0315 1 120 44 152
D10 0.0297 0 53 86 88
D10 0.0297 63 247 164 289
D10 0.0296 161 141 256 167
D10 0.0296 105 146 196 184
D10 0.0296 258 134 328 152
D10 0.0293 0 229 85 278
D10 0.0289 20 141 76 164
D10 0.0278 117 142 257 205
D10 0.0278 70 239 122 267
D10 0.0273 57 68 125 91
D10 0.0266 27 219 202 288
D10 0.0260 4 95 54 123
D10 0.0259 0 110 71 163
D10 0.0257 80 253 137 275
D10 0.0257 16 62 105 99
D10 0.0252 117 153 180 174
D10 0.0245 41 67 101 89
D10 0.0245 22 67 79 88
D10 0.0243 12 207 114 269
D10 0.0240 151 152 232 172
D10 0.0239 0 256 95 294
D10 0.0234 72 134 184 180
D10 0.0229 254 119 345 153
D10 0.0224 44 251 125 292
D10 0.0220 13 258 121 310
D10 0.0217 0 244 145 331
D10 0.0216 33 248 102 272
D10 0.0212 0 142 38 164
D10 0.0212 0 112 28 138
D10 0.0208 79 244 155 272
D10 0.0208 131 151 220 194
D10 0.0206 207 117 357 164
D10 0.0206 13 122 63 152
D10 0.0203 3 37 142 97
D10 0.0202 2 206 43 232
D10 0.0200 272 126 332 150
D10 0.0199 7 67 58 88
D10 0.0199 0 188 144 280
D10 0.0195 120 129 197 163
D10 0.0194 216 137 314 174
D10 0.0194 10 148 53 171
D10 0.0194 18 256 90 277
D10 0.0185 230 135 306 155
D10 0.0184 11 397 117 444
D10 0.0179 508 300 593 344
D10 0.0177 0 53 120 119
D10 0.0176 0 58 47 81
D10 0.0174 0 380 152 461
D10 0.0174 31 124 178 189
D10 0.0174 9 123 101 169
D10 0.0173 54 257 143 313
D10 0.0171 169 96 326 157
D10 0.0171 64 259 118 285
D10 0.0170 146 135 217 160
D10 0.0170 46 209 143 267
D10 0.0170 195 128 305 164
D10 0.0167 10 197 51 225
D10 0.0164 296 244 387 289
D10 0.0161 21 104 75 128
D10 0.0160 0 253 41 296
D10 0.0160 22 51 79 75
D10 0.0159 33 133 213 216
D10 0.0156 10 139 93 188
D10 0.0156 244 127 312 149
D10 0.0155 0 246 43 274
D10 0.0155 452 270 600 346
D10 0.0154 47 398 157 444
D10 0.0153 14 44 107 81
D10 0.0152 0 377 96 427
D10 0.0151 80 231 188 274
D10 0.0150 0 194 74 243
D10 0.0147 0 402 69 432
D10 0.0145 28 133 85 159
D10 0.0142 40 52 100 75
D10 0.0142 21 113 75 138
D10 0.0141 135 159 197 184
D10 0.0137 24 170 120 211
D10 0.0137 46 238 107 265
D10 0.0136 0 255 24 281
D10 0.0136 176 130 261 162
D10 0.0135 32 378 133 427
D10 0.0134 8 215 52 239
D10 0.0133 0 95 27 123
D10 0.0132 69 152 180 197
D10 0.0131 49 233 223 312
D10 0.0131 23 149 75 173
D10 0.0130 15 207 63 232
D10 0.0130 7 50 57 74
D10 0.0130 0 58 63 103
D10 0.0130 95 122 185 169
D10 0.0129 2 83 90 134
D10 0.0128 386 197 441 221
D10 0.0126 24 184 98 215
D10 0.0126 11 187 51 215
D10 0.0126 316 283 407 325
D10 0.0125 279 131 357 155
D10 0.0125 53 179 108 204
D10 0.0125 519 309 574 337
D10 0.0124 14 143 150 208
D10 0.0122 88 398 193 447
D10 0.0122 0 270 33 296
D10 0.0122 0 259 60 309
D10 0.0118 3 178 42 204
D10 0.0118 0 149 35 174
D10 0.0117 12 102 101 152
D10 0.0116 87 99 172 149
D10 0.0115 255 134 344 168
D10 0.0115 0 406 76 450
D10 0.0114 34 180 90 205
D10 0.0114 386 216 472 264
D10 0.0114 196 140 281 169
D10 0.0114 12 359 195 443
D10 0.0112 311 254 370 280
D10 0.0112 68 92 157 139
D10 0.0111 54 382 230 462
D10 0.0111 71 379 170 429
D10 0.0109 271 252 360 296
D10 0.0109 20 128 57 164
D10 0.0109 119 160 175 186
D10 0.0108 19 263 85 285
D10 0.0108 0 215 34 239
D10 0.0108 0 392 57 425
D10 0.0108 0 177 91 226
D10 0.0108 0 413 93 468
D10 0.0107 51 47 124 79
D10 0.0107 0 226 104 311
D10 0.0107 22 402 101 431
D10 0.0106 8 400 197 479
D10 0.0106 332 292 424 335
D10 0.0106 11 247 73 272
D10 0.0105 22 94 75 121
D10 0.0105 18 179 64 205
D10 0.0103 300 260 466 348
D10 0.0102 23 197 75 222
D10 0.0102 78 404 156 432
D10 0.0100 1 83 44 113
D10 0.0100 250 216 343 262
D20 0.0325 0 91 44 167
D20 0.0243 19 69 498 327
D20 0.0217 67 157 449 380
D20 0.0185 22 111 600 446
D20 0.0181 216 166 581 380
D20 0.0180 0 138 369 500
D20 0.0179 0 11 302 365
D20 0.0178 146 222 515 454
D20 0.0176 167 0 600 294
D20 0.0172 0 311 408 600
D20 0.0170 0 185 140 280
D20 0.0169 0 0 214 147
D20 0.0168 0 78 29 152
D20 0.0167 167 311 600 600
D20 0.0163 4 20 379 225
D20 0.0160 312 118 600 600
D20 0.0148 0 222 291 445
D20 0.0144 310 227 600 454
D20 0.0140 257 67 551 328
D20 0.0134 1 9 167 93
D20 0.0132 0 65 148 437
D20 0.0130 0 0 499 600
D20 0.0130 0 81 220 295
D20 0.0129 0 152 216 372
D20 0.0129 379 0 600 145
D20 0.0128 0 62 51 209
D20 0.0124 0 132 170 223
D20 0.0122 72 0 441 147
D20 0.0122 455 0 600 216
D20 0.0121 0 172 71 313
D20 0.0112 453 149 600 516
D20 0.0109 0 454 213 600
D20 0.0105 0 76 109 168
D20 0.0104 0 237 25 310
D20 0.0104 382 454 600 600
D20 0.0102 453 356 600 600
D20 0.0101 0 101 28 180
D20 0.0100 0 357 145 600
D40 0.0223 273 165 376 201
D40 0.0131 260 155 353 194
D40 0.0118 298 171 366 196
