D00 0.1658 246 407 269 465
D00 0.1350 254 403 276 458
D00 0.0961 239 395 274 484
D00 0.0847 238 415 263 473
D00 0.0546 244 401 273 442
D00 0.0532 243 399 289 463
D00 0.0513 260 403 285 453
D00 0.0492 229 412 267 499
D00 0.0480 438 430 468 479
D00 0.0458 237 431 260 489
D00 0.0422 430 416 475 487
D00 0.0391 223 392 285 506
D00 0.0360 252 421 276 481
D00 0.0358 245 430 267 489
D00 0.0303 222 397 277 459
D00 0.0300 247 419 283 451
D00 0.0298 436 420 472 457
D00 0.0285 529 555 600 600
D00 0.0283 251 394 279 431
D00 0.0271 202 401 274 485
D00 0.0271 228 426 256 481
D00 0.0266 426 439 469 470
D00 0.0265 252 411 295 442
D00 0.0261 446 423 476 471
D00 0.0234 540 573 595 599
D00 0.0228 233 419 271 452
D00 0.0227 432 449 473 478
D00 0.0222 227 447 252 495
D00 0.0216 432 426 486 465
D00 0.0207 420 424 459 482
D00 0.0207 254 422 288 462
D00 0.0205 368 409 391 460
D00 0.0203 240 429 275 458
D00 0.0196 242 421 295 512
D00 0.0193 241 405 320 453
D00 0.0186 506 570 577 600
D00 0.0179 269 404 296 450
D00 0.0178 398 413 486 489
D00 0.0177 231 416 308 470
D00 0.0172 219 443 260 514
D00 0.0171 255 399 313 492
D00 0.0171 229 404 272 430
D00 0.0170 225 424 276 464
D00 0.0169 431 445 460 490
D00 0.0168 361 396 399 472
D00 0.0167 551 562 598 595
D00 0.0158 140 441 167 484
D00 0.0157 471 545 600 600
D00 0.0155 259 399 305 443
D00 0.0155 222 466 255 497
D00 0.0155 224 409 264 447
D00 0.0151 204 435 275 506
D00 0.0147 462 6 600 291
D00 0.0146 375 405 400 452
D00 0.0144 432 459 475 487
D00 0.0139 30 275 73 370
D00 0.0138 234 445 278 495
D00 0.0136 418 431 466 461
D00 0.0136 211 420 256 497
D00 0.0134 432 415 475 439
D00 0.0133 494 574 550 600
D00 0.0133 445 415 492 488
D00 0.0133 237 397 277 419
D00 0.0132 7 263 87 410
D00 0.0131 448 445 475 490
D00 0.0131 225 456 270 529
D00 0.0130 174 396 261 462
D00 0.0129 132 434 179 480
D00 0.0129 219 449 244 494
D00 0.0128 266 408 300 472
D00 0.0128 193 395 306 465
D00 0.0128 421 434 489 499
D00 0.0127 444 423 492 448
D00 0.0126 2 179 26 227
D00 0.0126 231 439 268 467
D00 0.0125 417 406 475 464
D00 0.0125 368 423 390 479
D00 0.0121 0 574 44 599
D00 0.0119 507 515 600 597
D00 0.0119 238 374 297 484
D00 0.0119 450 435 488 473
D00 0.0117 246 384 271 430
D00 0.0116 164 398 221 421
D00 0.0116 254 396 296 420
D00 0.0116 234 458 259 502
D00 0.0115 562 542 600 595
D00 0.0114 239 374 278 451
D00 0.0113 225 453 292 507
D00 0.0112 251 386 280 418
D00 0.0111 199 402 237 433
D00 0.0111 205 412 261 462
D00 0.0111 530 460 600 600
D00 0.0110 263 384 286 428
D00 0.0108 367 397 393 442
D00 0.0108 234 475 301 531
D00 0.0108 415 423 465 449
D00 0.0107 257 423 291 494
D00 0.0107 372 414 401 485
D00 0.0107 212 458 252 527
D00 0.0107 191 398 247 421
D00 0.0106 218 427 246 480
D00 0.0104 200 405 261 429
D00 0.0104 367 384 409 456
D00 0.0102 238 433 294 471
D00 0.0101 468 571 536 600
D00 0.0101 218 469 242 511
D00 0.0101 214 433 269 473
D00 0.0101 535 429 599 462
D00 0.0100 12 268 56 355
D00 0.0100 217 395 275 426
D00 0.0100 366 414 410 440
D00 0.0100 196 404 223 446
D00 0.0100 0 558 30 594
D10 0.0436 244 481 311 499
D10 0.0409 237 473 297 494
D10 0.0405 252 479 338 503
D10 0.0355 221 474 319 510
D10 0.0355 244 471 330 497
D10 0.0278 214 463 310 501
D10 0.0273 223 480 277 500
D10 0.0266 279 482 346 500
D10 0.0238 234 451 338 503
D10 0.0236 217 472 265 494
D10 0.0207 222 462 354 519
D10 0.0198 163 414 221 436
D10 0.0185 258 467 373 500
D10 0.0182 281 474 345 495
D10 0.0178 234 461 280 487
D10 0.0165 239 482 338 522
D10 0.0160 154 407 216 428
D10 0.0157 247 488 307 512
D10 0.0151 256 421 307 448
D10 0.0146 251 430 295 457
D10 0.0144 248 462 303 487
D10 0.0139 273 489 335 512
D10 0.0139 219 461 262 488
D10 0.0135 195 473 253 493
D10 0.0127 163 423 219 447
D10 0.0120 226 484 293 517
D10 0.0118 207 479 258 499
D10 0.0117 188 464 279 499
D10 0.0116 137 460 190 485
D10 0.0114 265 414 319 438
D10 0.0108 185 470 292 517
D10 0.0107 266 432 318 456
D10 0.0105 137 416 196 436
D10 0.0103 286 406 342 428
D10 0.0102 250 440 296 465
D10 0.0101 190 413 250 437
D10 0.0101 221 489 322 534
D10 0.0101 266 462 322 488
D20 0.0347 116 415 290 496
D20 0.0297 215 408 375 504
D20 0.0254 172 406 228 429
D20 0.0251 226 389 311 528
D20 0.0250 419 429 486 480
D20 0.0223 135 396 269 457
D20 0.0207 213 439 335 509
D20 0.0206 240 410 318 460
D20 0.0201 399 423 517 488
D20 0.0192 127 415 243 469
D20 0.0192 156 411 226 439
D20 0.0187 195 416 312 500
D20 0.0181 140 430 261 486
D20 0.0171 245 401 332 442
D20 0.0165 350 406 499 482
D20 0.0163 232 394 393 471
D20 0.0163 133 428 197 484
D20 0.0162 165 400 253 436
D20 0.0154 181 413 237 436
D20 0.0151 176 404 262 480
D20 0.0149 455 0 600 226
D20 0.0147 0 0 408 294
D20 0.0143 167 0 600 294
D20 0.0136 0 311 408 600
D20 0.0136 190 406 249 429
D20 0.0135 172 406 273 447
D20 0.0135 235 426 318 478
D20 0.0132 0 0 145 224
D20 0.0131 0 118 290 600
D20 0.0131 166 395 233 424
D20 0.0131 156 419 225 450
D20 0.0130 167 311 600 600
D20 0.0130 124 449 308 524
D20 0.0130 167 407 232 461
D20 0.0128 248 427 355 492
D20 0.0127 193 461 321 520
D20 0.0126 312 118 600 600
D20 0.0123 221 428 288 532
D20 0.0122 187 449 287 501
D20 0.0119 0 0 600 434
D20 0.0118 0 456 225 600
D20 0.0118 172 395 329 482
D20 0.0116 87 434 258 511
D20 0.0114 416 424 600 491
D20 0.0114 133 401 224 433
D20 0.0113 139 429 209 462
D20 0.0113 374 456 600 600
D20 0.0111 138 451 190 479
D20 0.0111 335 0 600 181
D20 0.0110 0 145 600 600
D20 0.0108 266 406 321 430
D20 0.0108 82 429 218 486
D20 0.0107 523 120 600 268
D20 0.0104 254 424 314 510
D20 0.0104 387 424 479 471
D20 0.0102 126 457 539 600
D20 0.0101 126 410 213 444
D20 0.0101 219 435 302 489
D20 0.0101 165 422 217 468
D20 0.0101 526 0 600 117
D20 0.0100 182 401 220 450
D20 0.0100 268 397 380 446
