D00 0.1240 286 423 321 510
D00 0.1239 262 325 319 498
D00 0.1134 270 385 339 568
D00 0.1057 278 390 313 492
D00 0.1041 274 344 298 400
D00 0.0936 284 379 329 502
D00 0.0927 293 433 317 489
D00 0.0887 274 349 311 449
D00 0.0827 268 330 305 410
D00 0.0770 268 418 318 535
D00 0.0712 284 432 330 555
D00 0.0675 265 334 367 542
D00 0.0581 251 330 304 446
D00 0.0579 279 329 329 452
D00 0.0530 278 353 306 407
D00 0.0520 239 305 389 600
D00 0.0513 276 366 300 429
D00 0.0504 285 427 311 480
D00 0.0491 266 336 292 393
D00 0.0446 284 385 305 455
D00 0.0437 304 520 341 600
D00 0.0437 229 319 336 508
D00 0.0433 302 485 338 567
D00 0.0429 292 404 314 476
D00 0.0382 236 317 318 422
D00 0.0378 168 314 366 554
D00 0.0377 280 421 363 587
D00 0.0368 293 403 346 519
D00 0.0367 292 368 400 568
D00 0.0366 277 441 318 495
D00 0.0356 270 332 331 397
D00 0.0344 297 446 326 533
D00 0.0334 250 387 308 491
D00 0.0319 274 342 310 383
D00 0.0312 310 502 333 558
D00 0.0308 259 420 321 482
D00 0.0306 269 333 302 373
D00 0.0298 253 313 352 438
D00 0.0298 208 307 229 358
D00 0.0285 289 416 328 480
D00 0.0283 200 308 222 358
D00 0.0269 201 391 364 591
D00 0.0267 255 311 301 386
D00 0.0265 189 338 309 528
D00 0.0263 230 405 333 540
D00 0.0261 275 361 321 417
D00 0.0257 269 365 306 394
D00 0.0247 284 347 317 397
D00 0.0246 267 360 293 413
D00 0.0237 67 288 308 580
D00 0.0236 303 513 328 561
D00 0.0234 276 363 357 488
D00 0.0228 312 551 336 600
D00 0.0227 254 438 337 600
D00 0.0221 263 322 291 369
D00 0.0221 285 273 523 584
D00 0.0219 242 348 306 406
D00 0.0218 291 448 327 478
D00 0.0207 277 440 312 471
D00 0.0205 291 437 339 490
D00 0.0202 383 490 427 563
D00 0.0201 311 528 334 584
D00 0.0199 292 475 354 600
D00 0.0195 293 458 317 523
D00 0.0193 249 437 307 547
D00 0.0191 200 293 235 368
D00 0.0190 276 397 302 462
D00 0.0188 270 322 414 483
D00 0.0185 238 445 396 566
D00 0.0182 0 547 65 600
D00 0.0179 194 333 225 364
D00 0.0178 276 356 323 385
D00 0.0178 198 292 223 335
D00 0.0177 280 378 320 442
D00 0.0176 152 231 600 600
D00 0.0175 531 426 600 599
D00 0.0173 137 324 173 360
D00 0.0172 150 309 176 358
D00 0.0172 284 494 332 597
D00 0.0170 285 457 318 485
D00 0.0169 274 327 312 361
D00 0.0168 325 376 441 567
D00 0.0167 280 335 322 371
D00 0.0167 207 348 412 519
D00 0.0167 182 310 356 412
D00 0.0166 249 318 286 350
D00 0.0165 207 292 230 337
D00 0.0165 283 429 391 533
D00 0.0164 545 425 596 518
D00 0.0164 264 468 325 557
D00 0.0163 261 356 302 386
D00 0.0162 294 452 350 532
D00 0.0161 274 373 311 399
D00 0.0160 303 480 325 547
D00 0.0160 554 445 599 494
D00 0.0160 0 437 90 600
D00 0.0158 294 521 334 567
D00 0.0157 255 327 284 378
D00 0.0155 224 353 305 479
D00 0.0155 281 447 365 503
D00 0.0153 308 470 352 561
D00 0.0153 0 319 240 600
D00 0.0151 285 465 410 591
D00 0.0151 292 409 485 588
D00 0.0150 370 251 592 584
D00 0.0145 141 295 185 367
D00 0.0145 454 575 509 600
D00 0.0145 255 345 285 396
D00 0.0145 314 567 346 600
D00 0.0145 189 300 229 349
D00 0.0144 227 309 288 393
D00 0.0144 566 444 600 524
D00 0.0143 572 453 599 501
D00 0.0143 258 416 355 498
D00 0.0141 273 418 305 473
D00 0.0140 263 379 301 455
D00 0.0139 266 320 303 352
D00 0.0138 275 343 342 378
D00 0.0138 288 323 350 414
D00 0.0138 314 528 361 600
D00 0.0137 290 347 330 408
D00 0.0136 530 539 597 600
D00 0.0135 14 212 380 600
D00 0.0134 196 330 242 356
D00 0.0133 318 540 342 597
D00 0.0133 490 379 596 565
D00 0.0133 215 307 238 357
D00 0.0132 5 514 82 592
D00 0.0131 174 331 224 357
D00 0.0129 229 277 460 501
D00 0.0128 144 409 327 522
D00 0.0128 563 458 600 487
D00 0.0127 294 379 375 510
D00 0.0127 518 416 591 528
D00 0.0127 245 303 271 347
D00 0.0126 250 311 439 407
D00 0.0126 453 416 567 590
D00 0.0126 452 382 497 429
D00 0.0126 297 337 327 386
D00 0.0126 339 480 458 586
D00 0.0125 141 341 274 520
D00 0.0125 547 457 596 572
D00 0.0124 32 383 147 564
D00 0.0123 285 420 358 476
D00 0.0122 392 503 420 554
D00 0.0122 438 377 487 401
D00 0.0122 144 334 183 365
D00 0.0121 187 286 216 324
D00 0.0120 217 425 306 583
D00 0.0120 21 537 97 599
D00 0.0120 141 301 168 351
D00 0.0118 223 266 332 434
D00 0.0118 0 573 41 599
D00 0.0118 267 302 341 369
D00 0.0117 307 512 349 562
D00 0.0116 2 483 54 588
D00 0.0116 203 318 231 371
D00 0.0115 246 380 570 568
D00 0.0115 271 408 337 471
D00 0.0114 297 554 352 600
D00 0.0114 0 430 31 511
D00 0.0114 206 309 251 356
D00 0.0113 422 372 595 600
D00 0.0113 94 429 180 593
D00 0.0113 435 369 495 423
D00 0.0113 370 485 436 600
D00 0.0112 487 458 584 600
D00 0.0112 450 553 515 600
D00 0.0111 440 384 489 410
D00 0.0111 378 513 436 574
D00 0.0111 297 475 382 553
D00 0.0111 140 320 187 348
D00 0.0111 289 496 327 558
D00 0.0110 285 396 315 438
D00 0.0109 270 369 338 427
D00 0.0109 371 382 488 567
D00 0.0109 506 539 576 597
D00 0.0109 303 444 333 499
D00 0.0109 284 324 337 367
D00 0.0109 149 300 197 348
D00 0.0108 201 386 339 494
D00 0.0108 242 235 383 465
D00 0.0108 129 374 288 596
D00 0.0107 189 321 218 362
D00 0.0107 544 433 592 484
D00 0.0107 278 461 316 539
D00 0.0107 216 292 240 338
D00 0.0107 287 392 332 451
D00 0.0106 151 326 191 359
D00 0.0106 122 311 171 358
D00 0.0106 1 456 24 506
D00 0.0106 509 430 595 489
D00 0.0106 308 455 446 553
D00 0.0105 239 333 304 368
D00 0.0105 150 292 176 339
D00 0.0105 0 398 31 483
D00 0.0104 325 320 446 501
D00 0.0104 415 386 533 568
D00 0.0103 303 539 330 594
D00 0.0103 197 278 223 317
D00 0.0103 240 298 275 332
D00 0.0103 178 323 237 370
D00 0.0102 143 444 333 564
D00 0.0102 256 309 294 343
D00 0.0102 316 521 341 571
D00 0.0102 296 400 323 463
D00 0.0102 565 528 600 600
D00 0.0102 63 538 136 600
D00 0.0101 518 495 589 600
D00 0.0101 453 355 565 531
D00 0.0100 420 569 514 600
D00 0.0100 0 554 29 599
D10 0.0384 143 340 208 362
D10 0.0352 288 466 430 534
D10 0.0348 313 484 423 520
D10 0.0330 355 494 432 534
D10 0.0317 262 330 311 352
D10 0.0310 250 322 303 345
D10 0.0293 135 334 238 367
D10 0.0282 371 499 422 525
D10 0.0277 312 480 399 508
D10 0.0268 144 344 225 371
D10 0.0266 128 338 186 361
D10 0.0247 171 340 226 362
D10 0.0243 0 544 82 593
D10 0.0237 274 330 328 355
D10 0.0235 329 486 464 546
D10 0.0223 138 347 197 369
D10 0.0222 191 294 243 316
D10 0.0219 276 365 321 393
D10 0.0212 327 490 402 511
D10 0.0212 17 441 159 498
D10 0.0212 183 301 232 321
D10 0.0212 247 375 300 400
D10 0.0210 347 477 449 525
D10 0.0205 260 320 326 350
D10 0.0205 138 330 191 357
D10 0.0201 15 541 85 575
D10 0.0201 379 506 427 530
D10 0.0201 13 554 67 578
D10 0.0198 275 338 327 364
D10 0.0198 236 325 305 357
D10 0.0191 127 374 204 402
D10 0.0189 224 318 299 349
D10 0.0187 390 373 469 400
D10 0.0187 287 450 392 506
D10 0.0184 230 364 314 409
D10 0.0183 292 469 385 517
D10 0.0180 235 440 321 472
D10 0.0179 109 330 206 368
D10 0.0177 250 525 342 563
D10 0.0177 9 526 125 587
D10 0.0176 242 312 292 339
D10 0.0175 21 549 98 583
D10 0.0174 211 294 265 315
D10 0.0174 212 431 316 482
D10 0.0173 373 499 453 543
D10 0.0171 360 491 418 518
D10 0.0170 0 559 57 598
D10 0.0169 291 339 349 363
D10 0.0167 293 486 400 543
D10 0.0166 231 294 282 314
D10 0.0163 152 332 216 356
D10 0.0162 418 376 476 398
D10 0.0162 276 346 325 374
D10 0.0159 330 465 521 542
D10 0.0159 193 339 243 362
D10 0.0158 0 450 105 496
D10 0.0158 258 337 302 362
D10 0.0158 482 538 580 581
D10 0.0157 282 375 332 400
D10 0.0156 0 518 75 566
D10 0.0156 7 545 60 570
D10 0.0154 240 306 333 356
D10 0.0154 119 329 173 357
D10 0.0153 0 470 76 511
D10 0.0153 45 457 122 485
D10 0.0152 182 347 233 369
D10 0.0152 177 410 337 500
D10 0.0151 108 338 166 362
D10 0.0150 332 527 431 568
D10 0.0149 281 441 371 488
D10 0.0148 0 423 128 491
D10 0.0147 259 313 310 337
D10 0.0147 280 332 380 369
D10 0.0147 97 424 238 485
D10 0.0145 265 535 331 557
D10 0.0144 232 302 282 327
D10 0.0144 191 284 242 309
D10 0.0143 220 329 283 353
D10 0.0142 282 356 333 383
D10 0.0141 23 532 97 567
D10 0.0141 321 539 421 578
D10 0.0139 382 377 438 399
D10 0.0139 0 479 46 504
D10 0.0138 202 302 256 323
D10 0.0135 268 364 347 413
D10 0.0135 506 545 591 593
D10 0.0134 6 526 59 552
D10 0.0133 136 381 210 410
D10 0.0133 112 416 224 466
D10 0.0133 302 484 370 516
D10 0.0132 16 534 67 563
D10 0.0132 117 378 176 399
D10 0.0131 310 340 371 363
D10 0.0130 491 470 587 508
D10 0.0130 11 553 109 600
D10 0.0130 460 548 578 596
D10 0.0129 223 311 278 338
D10 0.0127 400 368 458 393
D10 0.0127 291 347 347 372
D10 0.0127 302 331 359 356
D10 0.0126 220 443 285 467
D10 0.0126 547 574 600 599
D10 0.0126 523 553 576 581
D10 0.0125 512 546 567 571
D10 0.0125 246 383 300 409
D10 0.0124 101 442 192 482
D10 0.0123 34 466 108 494
D10 0.0122 283 322 338 346
D10 0.0122 293 488 458 578
D10 0.0122 531 559 598 598
D10 0.0122 317 493 397 527
D10 0.0122 390 376 488 414
D10 0.0121 212 285 263 307
D10 0.0120 326 455 430 510
D10 0.0120 138 427 247 463
D10 0.0119 284 384 333 409
D10 0.0118 349 502 427 552
D10 0.0118 342 349 397 372
D10 0.0118 120 359 216 400
D10 0.0118 379 492 494 538
D10 0.0118 270 306 375 355
D10 0.0118 0 518 48 543
D10 0.0117 70 545 161 593
D10 0.0117 544 523 600 554
D10 0.0117 378 488 448 521
D10 0.0117 137 369 195 393
D10 0.0117 236 367 293 394
D10 0.0117 510 448 596 499
D10 0.0116 524 529 600 575
D10 0.0116 139 352 213 385
D10 0.0115 376 524 460 568
D10 0.0115 118 347 177 369
D10 0.0115 544 467 593 494
D10 0.0114 398 385 458 407
D10 0.0113 110 377 202 416
D10 0.0113 314 340 408 376
D10 0.0113 338 498 412 523
D10 0.0112 305 480 360 503
D10 0.0111 279 396 362 444
D10 0.0110 0 534 52 560
D10 0.0110 232 451 298 474
D10 0.0109 502 554 563 578
D10 0.0109 419 560 514 600
D10 0.0109 242 445 322 501
D10 0.0109 250 303 300 326
D10 0.0109 361 479 557 562
D10 0.0109 383 368 437 392
D10 0.0109 332 340 389 363
D10 0.0108 37 541 117 574
D10 0.0108 88 535 179 582
D10 0.0107 286 394 334 418
D10 0.0107 89 438 209 503
D10 0.0107 43 516 177 592
D10 0.0107 12 480 69 503
D10 0.0107 354 540 424 569
D10 0.0107 563 527 600 550
D10 0.0106 181 415 302 467
D10 0.0106 121 434 220 474
D10 0.0105 116 450 202 492
D10 0.0105 309 517 415 558
D10 0.0105 24 527 76 553
D10 0.0105 348 482 411 506
D10 0.0105 135 426 305 485
D10 0.0105 121 451 179 475
D10 0.0105 203 330 257 355
D10 0.0104 419 384 476 408
D10 0.0104 551 535 600 558
D10 0.0104 294 405 346 427
D10 0.0104 469 529 564 571
D10 0.0103 354 497 487 568
D10 0.0103 234 338 291 362
D10 0.0103 212 321 271 346
D10 0.0103 205 443 257 466
D10 0.0102 12 498 155 579
D10 0.0102 133 421 211 452
D10 0.0102 256 526 324 551
D10 0.0102 303 322 400 361
D10 0.0102 4 487 57 509
D10 0.0102 62 469 118 490
D10 0.0101 20 563 78 592
D10 0.0101 383 513 426 544
D10 0.0100 208 338 272 361
D10 0.0100 4 457 137 529
D10 0.0100 182 435 287 475
D10 0.0100 109 430 188 463
D10 0.0100 320 533 402 563
D10 0.0100 0 555 41 581
D10 0.0100 232 284 282 305
D10 0.0100 55 452 114 477
D20 0.0408 147 287 234 323
D20 0.0399 130 294 310 366
D20 0.0344 0 379 393 582
D20 0.0342 172 293 226 317
D20 0.0334 65 326 450 541
D20 0.0327 141 319 327 404
D20 0.0318 146 286 283 342
D20 0.0299 230 310 317 402
D20 0.0295 144 300 253 356
D20 0.0277 194 387 589 586
D20 0.0270 0 509 176 597
D20 0.0267 269 326 333 387
D20 0.0255 248 317 309 377
D20 0.0242 258 312 346 403
D20 0.0237 16 286 600 584
D20 0.0235 136 324 236 362
D20 0.0234 121 311 246 376
D20 0.0229 84 321 321 474
D20 0.0228 197 304 303 357
D20 0.0215 224 315 316 355
D20 0.0215 163 279 251 317
D20 0.0209 7 544 126 595
D20 0.0208 198 318 322 450
D20 0.0206 175 318 295 373
D20 0.0203 248 296 549 561
D20 0.0197 0 394 212 598
D20 0.0196 165 284 219 312
D20 0.0194 55 448 460 600
D20 0.0194 186 301 347 382
D20 0.0193 266 346 348 395
D20 0.0189 268 322 372 375
D20 0.0184 275 466 439 565
D20 0.0184 241 321 379 422
D20 0.0183 143 298 211 327
D20 0.0182 0 293 280 554
D20 0.0181 16 365 284 496
D20 0.0179 165 295 249 332
D20 0.0175 109 321 201 363
D20 0.0171 0 0 408 294
D20 0.0171 0 458 91 600
D20 0.0170 127 329 273 390
D20 0.0169 250 312 427 384
D20 0.0167 195 290 300 335
D20 0.0167 167 0 600 294
D20 0.0167 0 548 57 600
D20 0.0166 161 290 204 321
D20 0.0166 175 391 334 488
D20 0.0163 81 306 282 415
D20 0.0160 140 282 216 346
D20 0.0160 245 301 291 369
D20 0.0159 368 454 600 600
D20 0.0157 186 293 230 334
D20 0.0156 5 404 148 503
D20 0.0155 134 303 193 362
D20 0.0154 62 392 328 536
D20 0.0153 312 118 600 600
D20 0.0149 208 335 309 390
D20 0.0148 191 281 227 314
D20 0.0148 201 289 234 320
D20 0.0147 154 305 379 434
D20 0.0146 137 347 229 389
D20 0.0145 261 312 325 367
D20 0.0145 151 271 232 308
D20 0.0145 76 363 197 474
D20 0.0145 150 270 277 323
D20 0.0145 448 532 600 600
D20 0.0142 30 415 241 520
D20 0.0141 224 309 294 342
D20 0.0140 26 447 231 569
D20 0.0140 29 415 147 589
D20 0.0140 0 0 600 434
D20 0.0140 244 303 367 366
D20 0.0137 530 548 599 600
D20 0.0137 109 237 408 490
D20 0.0132 0 399 93 555
D20 0.0131 0 0 346 600
D20 0.0130 114 319 211 402
D20 0.0129 452 366 600 600
D20 0.0127 44 339 252 451
D20 0.0126 75 433 169 594
D20 0.0126 76 399 259 478
D20 0.0124 0 0 145 222
D20 0.0124 236 291 282 357
D20 0.0124 133 331 203 384
D20 0.0124 217 293 293 388
D20 0.0120 150 306 219 338
D20 0.0120 174 275 225 298
D20 0.0120 183 281 220 328
D20 0.0120 454 0 600 220
D20 0.0119 214 299 283 331
D20 0.0118 0 254 321 454
D20 0.0118 197 273 238 340
D20 0.0118 169 303 228 361
D20 0.0117 153 334 227 379
D20 0.0116 16 516 104 591
D20 0.0115 142 292 187 339
D20 0.0114 175 330 226 366
D20 0.0113 204 286 251 326
D20 0.0112 508 480 598 600
D20 0.0112 19 369 159 475
D20 0.0112 86 325 206 442
D20 0.0109 380 0 600 146
D20 0.0109 192 282 261 311
D20 0.0109 0 385 32 461
D20 0.0108 141 316 209 352
D20 0.0108 203 293 500 466
D20 0.0107 0 243 154 580
D20 0.0107 88 397 181 515
D20 0.0107 205 317 283 350
D20 0.0106 369 311 600 528
D20 0.0105 124 316 184 353
D20 0.0105 35 435 137 478
D20 0.0103 0 0 74 108
D20 0.0102 150 335 193 364
D20 0.0102 96 278 247 355
D20 0.0102 482 415 596 527
D20 0.0102 323 489 542 592
D20 0.0101 47 484 158 588
D20 0.0101 0 0 265 179
D20 0.0101 0 485 331 600
D20 0.0100 174 153 478 569
D20 0.0100 198 312 264 364
D40 0.1755 81 432 149 472
D40 0.1498 93 433 144 459
D40 0.0739 98 426 147 450
D40 0.0688 86 421 159 460
D40 0.0655 87 449 146 474
D40 0.0632 49 434 162 479
D40 0.0609 102 441 156 468
D40 0.0512 111 430 150 463
D40 0.0490 244 440 327 483
D40 0.0471 18 420 180 488
D40 0.0466 267 449 316 477
D40 0.0354 72 410 194 474
D40 0.0335 96 424 174 484
D40 0.0302 283 442 312 494
D40 0.0259 162 301 221 322
D40 0.0242 70 447 168 492
D40 0.0237 300 519 330 558
D40 0.0232 254 442 315 470
D40 0.0229 80 445 122 477
D40 0.0219 257 458 314 484
D40 0.0195 78 274 600 584
D40 0.0195 149 293 203 318
D40 0.0191 73 455 146 484
D40 0.0189 82 430 125 464
D40 0.0186 131 256 509 455
D40 0.0186 99 409 147 473
D40 0.0185 260 442 322 512
D40 0.0183 268 431 313 486
D40 0.0176 43 408 134 474
D40 0.0174 41 380 200 469
D40 0.0169 57 448 135 479
D40 0.0168 87 413 148 447
D40 0.0166 292 534 333 558
D40 0.0163 97 440 136 477
D40 0.0161 102 446 176 477
D40 0.0158 247 516 342 558
D40 0.0154 60 422 175 526
D40 0.0149 142 301 189 324
D40 0.0146 74 396 170 454
D40 0.0145 0 209 501 523
D40 0.0142 0 367 235 497
D40 0.0140 44 440 133 501
D40 0.0136 279 526 329 554
D40 0.0134 239 420 322 473
D40 0.0133 183 335 222 364
D40 0.0132 74 419 138 490
D40 0.0127 428 376 481 400
D40 0.0126 96 459 152 482
D40 0.0125 1 399 27 449
D40 0.0123 202 180 579 524
D40 0.0115 146 288 180 323
D40 0.0114 251 445 294 478
D40 0.0111 73 438 111 474
D40 0.0110 78 425 135 450
D40 0.0109 379 501 419 536
D40 0.0109 3 412 105 470
D40 0.0109 266 121 584 280
D40 0.0109 365 156 473 266
D40 0.0108 269 460 311 498
D40 0.0108 7 387 141 460
D40 0.0106 462 396 536 439
D40 0.0106 111 425 169 449
D40 0.0105 282 240 600 448
D40 0.0105 466 395 515 421
D40 0.0105 29 554 127 600
D40 0.0102 119 438 148 479
