D00 0.0847 186 568 253 599
D00 0.0744 161 556 248 600
D00 0.0590 292 394 316 442
D00 0.0552 178 562 232 596
D00 0.0495 284 385 308 435
D00 0.0488 337 462 387 536
D00 0.0479 0 447 86 600
D00 0.0449 321 438 410 600
D00 0.0426 419 414 467 441
D00 0.0362 105 524 146 600
D00 0.0356 272 357 298 403
D00 0.0355 115 495 154 580
D00 0.0354 306 406 393 556
D00 0.0351 321 446 378 553
D00 0.0349 185 580 239 600
D00 0.0346 275 361 313 445
D00 0.0328 430 409 458 449
D00 0.0326 4 477 56 591
D00 0.0320 285 382 322 451
D00 0.0314 299 401 325 450
D00 0.0302 189 384 213 429
D00 0.0301 337 474 397 589
D00 0.0292 261 420 455 595
D00 0.0288 283 403 325 432
D00 0.0286 27 423 145 598
D00 0.0284 273 520 315 600
D00 0.0281 410 408 459 432
D00 0.0280 550 573 600 599
D00 0.0278 0 363 174 600
D00 0.0270 344 475 376 528
D00 0.0266 366 529 413 600
D00 0.0266 333 455 373 520
D00 0.0266 281 366 306 417
D00 0.0257 169 351 194 394
D00 0.0257 353 364 385 397
D00 0.0255 292 392 333 470
D00 0.0254 313 457 422 535
D00 0.0253 167 469 264 600
D00 0.0252 174 526 255 594
D00 0.0250 264 351 291 393
D00 0.0248 274 374 300 425
D00 0.0246 416 407 473 459
D00 0.0241 266 352 306 428
D00 0.0239 344 452 445 600
D00 0.0238 296 399 365 528
D00 0.0237 574 555 598 600
D00 0.0237 555 531 600 600
D00 0.0226 123 509 148 569
D00 0.0225 294 447 374 585
D00 0.0223 437 413 466 457
D00 0.0221 196 555 237 600
D00 0.0218 427 421 476 448
D00 0.0217 0 398 69 563
D00 0.0214 350 481 387 552
D00 0.0213 9 527 78 600
D00 0.0210 358 506 401 591
D00 0.0210 531 553 600 600
D00 0.0208 264 366 306 392
D00 0.0206 176 390 210 425
D00 0.0204 461 515 484 565
D00 0.0200 325 444 363 511
D00 0.0200 343 477 410 538
D00 0.0196 0 443 41 537
D00 0.0193 425 407 467 496
D00 0.0193 300 402 344 485
D00 0.0193 537 465 600 597
D00 0.0192 361 369 417 395
D00 0.0189 161 576 231 600
D00 0.0188 309 449 393 509
D00 0.0188 195 568 225 600
D00 0.0187 422 403 451 442
D00 0.0186 353 376 409 398
D00 0.0186 80 461 167 600
D00 0.0184 218 435 350 597
D00 0.0183 290 411 334 437
D00 0.0183 158 355 190 389
D00 0.0182 403 397 465 446
D00 0.0179 339 366 405 396
D00 0.0178 179 377 221 422
D00 0.0178 275 395 315 424
D00 0.0176 301 510 429 596
D00 0.0174 310 428 356 504
D00 0.0174 102 542 134 600
D00 0.0173 271 384 383 508
D00 0.0173 288 519 332 600
D00 0.0172 255 358 300 385
D00 0.0172 454 503 491 575
D00 0.0171 188 365 213 412
D00 0.0171 187 551 217 598
D00 0.0170 172 355 206 389
D00 0.0169 88 390 245 600
D00 0.0169 294 406 348 430
D00 0.0167 376 570 419 600
D00 0.0166 120 527 166 600
D00 0.0164 338 467 381 504
D00 0.0163 258 346 313 399
D00 0.0163 365 478 429 589
D00 0.0161 283 529 308 587
D00 0.0158 172 360 215 434
D00 0.0157 8 508 124 599
D00 0.0157 286 382 317 419
D00 0.0156 120 490 233 594
D00 0.0154 374 542 403 596
D00 0.0154 277 398 357 441
D00 0.0153 131 425 288 600
D00 0.0152 505 466 580 518
D00 0.0152 264 365 292 409
D00 0.0151 275 354 310 387
D00 0.0150 274 497 387 597
D00 0.0150 265 379 353 470
D00 0.0150 103 511 178 596
D00 0.0148 163 338 202 405
D00 0.0148 86 526 131 600
D00 0.0146 49 498 154 600
D00 0.0143 289 397 336 424
D00 0.0143 197 487 307 593
D00 0.0143 354 500 389 573
D00 0.0142 304 481 388 537
D00 0.0142 526 501 586 594
D00 0.0142 257 385 320 442
D00 0.0141 308 409 335 462
D00 0.0141 178 365 205 412
D00 0.0141 98 483 150 593
D00 0.0141 329 415 390 520
D00 0.0141 291 537 316 597
D00 0.0140 2 408 55 516
D00 0.0140 521 468 585 567
D00 0.0139 376 554 433 599
D00 0.0139 115 519 139 582
D00 0.0139 0 503 39 589
D00 0.0138 276 472 396 554
D00 0.0137 356 427 491 587
D00 0.0137 192 534 226 600
D00 0.0137 2 352 108 554
D00 0.0136 182 361 217 395
D00 0.0134 445 478 485 565
D00 0.0133 259 346 295 378
D00 0.0132 123 529 146 592
D00 0.0132 79 396 160 544
D00 0.0131 273 412 320 437
D00 0.0130 160 376 208 423
D00 0.0129 418 406 481 436
D00 0.0128 347 360 392 387
D00 0.0128 106 446 201 600
D00 0.0127 276 431 355 563
D00 0.0127 327 471 366 542
D00 0.0126 25 542 135 598
D00 0.0126 169 387 215 412
D00 0.0125 575 504 598 555
D00 0.0125 110 549 158 600
D00 0.0125 367 373 443 403
D00 0.0125 367 532 394 589
D00 0.0125 247 365 338 450
D00 0.0125 120 504 162 559
D00 0.0125 488 426 600 588
D00 0.0124 571 512 600 586
D00 0.0124 257 470 329 598
D00 0.0123 453 521 477 572
D00 0.0123 287 518 318 579
D00 0.0123 360 571 403 599
D00 0.0122 228 410 421 543
D00 0.0121 169 364 196 413
D00 0.0121 150 392 217 426
D00 0.0121 192 356 227 389
D00 0.0121 42 401 200 568
D00 0.0121 279 552 325 599
D00 0.0120 289 413 321 453
D00 0.0120 0 486 33 557
D00 0.0119 142 515 211 596
D00 0.0119 178 513 221 600
D00 0.0119 556 489 600 565
D00 0.0119 293 422 408 502
D00 0.0118 107 567 143 600
D00 0.0118 274 386 314 410
D00 0.0117 433 425 458 481
D00 0.0117 275 392 302 439
D00 0.0117 277 421 351 494
D00 0.0117 335 376 390 397
D00 0.0116 272 376 315 398
D00 0.0116 106 504 149 557
D00 0.0115 251 545 317 600
D00 0.0115 283 373 344 436
D00 0.0114 301 418 327 470
D00 0.0114 350 352 375 393
D00 0.0114 177 403 224 429
D00 0.0114 410 409 481 536
D00 0.0113 161 364 186 413
D00 0.0113 446 522 505 585
D00 0.0113 169 385 197 429
D00 0.0113 153 366 199 390
D00 0.0113 255 375 301 399
D00 0.0112 34 387 128 534
D00 0.0112 310 388 467 520
D00 0.0112 184 395 233 421
D00 0.0112 342 542 424 596
D00 0.0111 196 365 222 410
D00 0.0111 172 386 230 439
D00 0.0110 16 490 98 579
D00 0.0110 268 337 302 391
D00 0.0110 306 399 334 442
D00 0.0109 218 515 284 595
D00 0.0109 207 351 231 393
D00 0.0109 312 463 366 519
D00 0.0109 372 515 458 591
D00 0.0108 428 425 495 564
D00 0.0107 364 366 391 403
D00 0.0107 153 351 195 429
D00 0.0107 128 498 174 576
D00 0.0107 344 497 380 538
D00 0.0107 264 403 313 432
D00 0.0107 440 413 480 445
D00 0.0106 573 20 599 69
D00 0.0106 435 419 486 467
D00 0.0105 390 383 458 436
D00 0.0105 444 411 570 568
D00 0.0105 417 394 454 427
D00 0.0105 318 432 345 484
D00 0.0105 204 581 264 600
D00 0.0104 163 557 211 595
D00 0.0104 564 546 592 597
D00 0.0104 524 475 572 509
D00 0.0104 304 402 378 483
D00 0.0103 436 432 527 589
D00 0.0103 285 571 322 600
D00 0.0103 467 521 492 571
D00 0.0103 272 354 334 409
D00 0.0103 104 431 169 569
D00 0.0103 131 521 154 576
D00 0.0103 264 400 328 460
D00 0.0103 500 476 569 539
D00 0.0102 236 362 303 395
D00 0.0102 243 510 304 595
D00 0.0102 275 496 317 567
D00 0.0102 96 438 137 529
D00 0.0101 374 525 401 579
D00 0.0101 170 330 194 376
D00 0.0100 287 547 357 600
D00 0.0100 403 421 460 447
D00 0.0100 184 387 232 410
D00 0.0100 76 482 135 592
D00 0.0100 276 359 331 381
D00 0.0100 162 350 205 375
D00 0.0100 284 372 318 406
D00 0.0100 163 406 336 566
D10 0.1197 186 563 264 597
D10 0.0856 100 502 152 523
D10 0.0844 144 551 228 583
D10 0.0797 110 508 156 528
D10 0.0735 123 544 217 572
D10 0.0706 193 555 276 588
D10 0.0645 283 524 362 550
D10 0.0619 85 494 165 531
D10 0.0600 175 549 316 593
D10 0.0592 175 554 247 590
D10 0.0564 108 499 174 527
D10 0.0521 131 554 205 575
D10 0.0480 280 528 330 550
D10 0.0475 523 461 600 489
D10 0.0463 335 468 403 502
D10 0.0455 155 532 273 591
D10 0.0450 468 565 555 590
D10 0.0439 163 548 220 572
D10 0.0409 280 509 388 549
D10 0.0408 103 502 182 542
D10 0.0397 512 466 600 503
D10 0.0374 206 562 299 592
D10 0.0355 530 471 597 495
D10 0.0346 301 519 365 543
D10 0.0345 462 450 599 509
D10 0.0341 330 467 429 520
D10 0.0329 496 564 586 591
D10 0.0319 156 562 222 592
D10 0.0308 340 477 387 507
D10 0.0308 189 436 328 476
D10 0.0302 344 573 424 600
D10 0.0302 124 554 235 599
D10 0.0301 121 546 174 567
D10 0.0295 207 573 279 596
D10 0.0293 346 548 457 595
D10 0.0290 107 536 203 585
D10 0.0285 123 508 177 528
D10 0.0270 286 533 337 556
D10 0.0266 480 469 590 519
D10 0.0264 223 441 312 467
D10 0.0263 533 454 598 477
D10 0.0260 293 537 439 599
D10 0.0252 310 526 373 547
D10 0.0251 459 549 563 587
D10 0.0251 334 462 387 488
D10 0.0248 101 490 149 518
D10 0.0248 530 562 600 598
D10 0.0246 320 460 395 513
D10 0.0244 113 513 154 540
D10 0.0234 447 564 526 593
D10 0.0233 209 527 327 589
D10 0.0233 479 557 542 580
D10 0.0227 461 541 600 598
D10 0.0226 340 481 400 522
D10 0.0225 274 525 357 567
D10 0.0224 325 443 471 517
D10 0.0223 121 533 198 568
D10 0.0223 49 487 149 535
D10 0.0219 167 422 358 486
D10 0.0218 254 439 336 468
D10 0.0216 463 573 543 599
D10 0.0216 172 552 217 587
D10 0.0215 188 417 329 464
D10 0.0214 73 470 162 519
D10 0.0214 182 545 255 579
D10 0.0210 227 546 348 594
D10 0.0209 394 550 521 592
D10 0.0209 187 442 275 468
D10 0.0206 465 463 570 500
D10 0.0204 120 553 174 578
D10 0.0199 379 404 460 433
D10 0.0196 340 582 406 600
D10 0.0194 337 523 430 589
D10 0.0194 118 491 165 516
D10 0.0194 531 478 594 503
D10 0.0194 555 462 600 485
D10 0.0192 350 472 418 495
D10 0.0190 233 432 322 461
D10 0.0190 476 436 593 487
D10 0.0190 384 553 465 585
D10 0.0189 505 475 580 509
D10 0.0188 339 487 429 531
D10 0.0188 97 481 188 525
D10 0.0188 334 457 433 499
D10 0.0187 374 575 436 599
D10 0.0187 349 496 404 523
D10 0.0187 225 437 292 459
D10 0.0187 9 467 173 570
D10 0.0187 313 575 400 600
D10 0.0187 85 507 139 529
D10 0.0185 122 536 171 562
D10 0.0185 365 562 416 595
D10 0.0183 32 459 157 531
D10 0.0182 270 545 393 596
D10 0.0182 357 469 474 516
D10 0.0181 361 526 472 587
D10 0.0181 273 533 317 558
D10 0.0179 266 576 322 598
D10 0.0177 487 572 573 598
D10 0.0176 454 576 516 598
D10 0.0175 378 554 434 580
D10 0.0171 349 479 418 506
D10 0.0168 133 562 201 592
D10 0.0168 223 556 287 582
D10 0.0166 168 446 316 499
D10 0.0165 308 562 427 600
D10 0.0162 326 516 378 541
D10 0.0162 78 480 200 548
D10 0.0161 383 564 447 593
D10 0.0161 288 443 339 466
D10 0.0160 509 554 592 585
D10 0.0160 276 574 350 600
D10 0.0160 515 575 587 597
D10 0.0160 310 482 396 540
D10 0.0159 381 558 485 597
D10 0.0159 273 519 320 545
D10 0.0158 324 468 372 497
D10 0.0158 90 505 160 556
D10 0.0158 143 436 263 480
D10 0.0156 480 470 546 494
D10 0.0156 221 571 309 598
D10 0.0155 266 432 358 476
D10 0.0155 350 535 559 599
D10 0.0154 321 459 369 487
D10 0.0153 155 538 210 565
D10 0.0151 480 526 590 585
D10 0.0149 334 472 456 551
D10 0.0149 500 471 567 496
D10 0.0148 202 467 279 495
D10 0.0147 352 488 417 516
D10 0.0146 123 504 232 572
D10 0.0146 372 543 442 576
D10 0.0146 293 404 370 432
D10 0.0146 457 556 513 578
D10 0.0145 124 504 158 535
D10 0.0145 108 539 170 574
D10 0.0144 244 423 342 465
D10 0.0144 218 447 297 477
D10 0.0144 336 485 380 516
D10 0.0144 352 501 418 533
D10 0.0142 510 464 575 487
D10 0.0142 298 501 374 541
D10 0.0142 110 492 212 531
D10 0.0141 180 448 265 478
D10 0.0141 175 359 226 384
D10 0.0140 134 569 222 600
D10 0.0140 290 449 379 506
D10 0.0139 233 444 341 481
D10 0.0138 389 414 456 437
D10 0.0138 106 570 183 600
D10 0.0137 529 440 600 470
D10 0.0137 301 534 361 556
D10 0.0135 255 512 342 555
D10 0.0135 416 562 496 594
D10 0.0134 144 531 235 579
D10 0.0133 163 504 267 572
D10 0.0133 318 501 396 554
D10 0.0133 168 366 217 390
D10 0.0133 208 547 266 573
D10 0.0132 279 433 329 458
D10 0.0132 152 544 197 574
D10 0.0132 431 416 485 440
D10 0.0132 270 564 316 594
D10 0.0131 519 482 590 517
D10 0.0131 287 451 343 476
D10 0.0130 404 565 466 591
D10 0.0129 132 500 188 522
D10 0.0129 427 450 541 501
D10 0.0128 191 457 271 488
D10 0.0127 223 441 367 507
D10 0.0127 174 444 236 466
D10 0.0127 347 505 391 531
D10 0.0127 95 499 145 540
D10 0.0127 440 469 535 510
D10 0.0127 318 450 366 478
D10 0.0124 401 529 516 583
D10 0.0124 338 499 423 568
D10 0.0124 197 437 265 459
D10 0.0124 319 445 401 496
D10 0.0123 299 577 366 600
D10 0.0123 492 478 558 502
D10 0.0122 361 547 420 587
D10 0.0122 264 452 328 474
D10 0.0121 289 454 362 490
D10 0.0121 304 472 374 511
D10 0.0121 367 545 412 569
D10 0.0121 351 403 434 429
D10 0.0120 15 484 110 539
D10 0.0120 417 556 474 579
D10 0.0119 50 502 150 565
D10 0.0119 265 527 312 552
D10 0.0119 283 476 377 528
D10 0.0118 117 562 172 594
D10 0.0118 308 442 355 467
D10 0.0117 428 557 573 600
D10 0.0117 353 463 416 487
D10 0.0117 325 430 443 491
D10 0.0117 553 554 596 582
D10 0.0117 142 453 260 495
D10 0.0116 73 521 175 590
D10 0.0116 101 573 151 599
D10 0.0116 126 543 184 592
D10 0.0115 425 573 507 600
D10 0.0114 366 497 424 523
D10 0.0114 168 429 267 465
D10 0.0114 305 523 399 571
D10 0.0113 281 542 323 566
D10 0.0113 7 408 181 539
D10 0.0112 290 507 340 537
D10 0.0112 69 494 137 525
D10 0.0112 141 549 187 581
D10 0.0112 126 514 176 540
D10 0.0112 15 465 110 521
D10 0.0111 247 565 304 591
D10 0.0111 378 394 454 424
D10 0.0110 504 451 583 482
D10 0.0110 468 461 521 489
D10 0.0110 458 469 516 495
D10 0.0110 192 471 253 491
D10 0.0110 330 505 378 535
D10 0.0109 407 468 504 511
D10 0.0108 86 488 134 517
D10 0.0108 476 478 535 500
D10 0.0108 319 396 455 440
D10 0.0108 544 488 598 510
D10 0.0108 388 449 495 503
D10 0.0107 495 506 586 551
D10 0.0107 365 476 441 510
D10 0.0106 116 522 155 553
D10 0.0106 300 522 340 550
D10 0.0106 94 462 222 528
D10 0.0106 320 403 401 428
D10 0.0106 249 494 383 575
D10 0.0105 251 563 368 600
D10 0.0104 199 504 305 571
D10 0.0104 15 502 108 566
D10 0.0103 109 440 302 518
D10 0.0102 177 376 224 400
D10 0.0102 428 551 502 583
D10 0.0101 424 430 470 456
D10 0.0101 133 409 283 468
D10 0.0101 299 433 343 459
D10 0.0100 218 461 279 486
D10 0.0100 332 452 385 479
D20 0.0856 148 551 280 592
D20 0.0681 93 533 278 596
D20 0.0658 88 484 405 595
D20 0.0579 40 420 496 592
D20 0.0551 138 520 331 598
D20 0.0545 8 479 295 600
D20 0.0526 271 427 600 593
D20 0.0369 205 468 496 596
D20 0.0346 117 561 248 599
D20 0.0333 342 482 580 591
D20 0.0329 310 433 487 530
D20 0.0326 157 545 232 600
D20 0.0323 431 442 600 518
D20 0.0314 0 406 220 600
D20 0.0306 302 479 430 599
D20 0.0298 181 561 313 598
D20 0.0297 447 466 600 566
D20 0.0292 160 381 352 460
D20 0.0277 81 494 215 600
D20 0.0273 152 349 333 421
D20 0.0271 385 407 471 445
D20 0.0268 126 482 265 600
D20 0.0265 258 524 442 600
D20 0.0256 400 417 581 505
D20 0.0254 448 504 600 595
D20 0.0252 312 386 491 464
D20 0.0250 198 541 298 593
D20 0.0244 483 462 600 526
D20 0.0243 512 471 600 513
D20 0.0243 87 545 208 596
D20 0.0241 0 484 163 597
D20 0.0234 561 573 600 599
D20 0.0232 406 413 485 455
D20 0.0229 291 371 483 437
D20 0.0227 505 456 600 599
D20 0.0220 335 530 511 600
D20 0.0220 521 567 600 600
D20 0.0217 206 538 364 598
D20 0.0217 339 472 412 529
D20 0.0211 324 461 473 575
D20 0.0208 198 438 373 596
D20 0.0206 164 411 328 468
D20 0.0203 348 553 433 600
D20 0.0201 179 419 369 489
D20 0.0200 353 369 443 404
D20 0.0200 258 460 411 573
D20 0.0197 378 401 506 515
D20 0.0195 340 380 470 424
D20 0.0194 244 489 381 600
D20 0.0194 131 521 227 594
D20 0.0189 194 492 306 600
D20 0.0185 503 422 600 543
D20 0.0182 321 411 432 553
D20 0.0180 197 550 254 600
D20 0.0179 166 339 310 398
D20 0.0179 296 360 393 396
D20 0.0177 159 353 247 393
D20 0.0175 372 394 501 452
D20 0.0175 480 540 600 600
D20 0.0174 309 360 462 410
D20 0.0174 420 432 554 560
D20 0.0171 228 429 394 529
D20 0.0170 395 407 524 476
D20 0.0168 0 382 69 540
D20 0.0168 108 410 315 600
D20 0.0168 241 406 488 563
D20 0.0166 523 453 600 498
D20 0.0161 122 515 165 600
D20 0.0160 513 474 591 553
D20 0.0160 364 567 466 600
D20 0.0158 328 363 419 398
D20 0.0158 0 0 408 294
D20 0.0157 368 429 507 565
D20 0.0156 79 438 165 600
D20 0.0156 283 513 322 587
D20 0.0155 167 0 600 294
D20 0.0154 289 397 462 501
D20 0.0154 113 492 156 563
D20 0.0150 359 503 471 595
D20 0.0150 0 347 399 551
D20 0.0148 0 525 116 600
D20 0.0148 435 434 564 488
D20 0.0147 161 360 280 408
D20 0.0147 96 564 195 600
D20 0.0143 121 358 528 547
D20 0.0143 341 397 472 441
D20 0.0142 120 363 304 437
D20 0.0141 26 533 173 600
D20 0.0141 0 118 290 600
D20 0.0141 176 366 226 390
D20 0.0140 451 379 600 600
D20 0.0139 140 387 227 429
D20 0.0139 372 538 460 596
D20 0.0138 174 438 352 513
D20 0.0138 436 412 594 476
D20 0.0138 230 518 315 593
D20 0.0137 312 118 600 600
D20 0.0136 253 534 331 597
D20 0.0136 574 525 600 600
D20 0.0135 0 462 90 600
D20 0.0133 421 421 505 467
D20 0.0131 556 483 600 600
D20 0.0131 0 438 35 524
D20 0.0131 190 396 324 450
D20 0.0130 323 367 381 392
D20 0.0130 277 352 369 386
D20 0.0130 0 358 106 600
D20 0.0129 103 478 151 546
D20 0.0129 538 536 600 600
D20 0.0128 254 353 415 426
D20 0.0128 0 0 600 434
D20 0.0128 471 448 567 509
D20 0.0128 322 387 574 506
D20 0.0126 0 236 516 600
D20 0.0126 166 518 264 600
D20 0.0125 183 360 235 384
D20 0.0125 0 0 146 219
D20 0.0123 0 394 36 478
D20 0.0123 190 571 275 600
D20 0.0123 197 371 340 438
D20 0.0122 350 459 441 532
D20 0.0121 0 420 45 495
D20 0.0120 137 533 193 600
D20 0.0120 411 428 512 489
D20 0.0120 0 431 53 593
D20 0.0118 302 359 363 381
D20 0.0118 582 552 600 600
D20 0.0115 161 376 281 427
D20 0.0115 515 429 596 492
D20 0.0115 449 453 544 495
D20 0.0115 257 352 339 392
D20 0.0115 350 507 423 600
D20 0.0115 288 379 406 424
D20 0.0113 382 0 600 145
D20 0.0110 551 431 600 497
D20 0.0110 470 483 578 543
D20 0.0109 242 395 346 478
D20 0.0108 541 453 597 542
D20 0.0108 554 459 599 489
D20 0.0108 294 350 349 372
D20 0.0108 268 361 389 462
D20 0.0108 182 353 283 390
D20 0.0108 226 351 310 391
D20 0.0107 169 516 214 593
D20 0.0106 279 339 600 534
D20 0.0106 155 362 216 394
D20 0.0105 178 346 222 414
D20 0.0105 122 518 193 578
D20 0.0104 407 391 480 500
D20 0.0103 217 545 274 600
D20 0.0102 136 387 279 450
D20 0.0101 282 389 416 453
D20 0.0101 270 360 359 399
D20 0.0101 0 0 265 179
D20 0.0100 284 393 385 430
D20 0.0100 0 320 231 534
D20 0.0100 174 443 304 576
D40 0.0243 9 507 77 596
D40 0.0223 15 458 71 581
D40 0.0169 0 470 60 560
D40 0.0163 0 495 46 581
D40 0.0163 2 541 64 600
D40 0.0159 0 497 125 600
D40 0.0155 490 477 581 522
D40 0.0152 0 453 32 491
D40 0.0141 8 435 76 521
D40 0.0126 1 511 29 566
D40 0.0120 2 445 38 518
D40 0.0116 226 440 270 468
D40 0.0115 0 442 141 556
D40 0.0110 6 520 38 578
D40 0.0109 0 418 60 501
D40 0.0109 481 464 520 496
D40 0.0108 7 494 36 551
D40 0.0108 422 367 503 406
D40 0.0107 2 484 28 542
D40 0.0104 6 483 86 541
D40 0.0103 0 566 58 600
