D00 0.1025 188 431 218 478
D00 0.0902 216 503 244 551
D00 0.0814 175 423 226 482
D00 0.0623 206 495 254 553
D00 0.0481 224 494 250 542
D00 0.0479 185 450 217 488
D00 0.0476 71 498 171 598
D00 0.0475 93 513 144 600
D00 0.0469 171 414 258 565
D00 0.0456 272 422 317 445
D00 0.0439 194 434 233 473
D00 0.0438 149 433 223 491
D00 0.0423 83 451 199 592
D00 0.0412 185 427 244 466
D00 0.0408 109 479 160 559
D00 0.0401 189 442 245 550
D00 0.0394 145 426 241 533
D00 0.0390 133 403 233 491
D00 0.0382 19 435 179 585
D00 0.0377 215 501 274 539
D00 0.0376 147 417 243 467
D00 0.0376 46 556 146 599
D00 0.0375 204 514 246 546
D00 0.0374 139 384 188 412
D00 0.0370 201 448 264 573
D00 0.0362 94 505 159 570
D00 0.0360 173 430 222 461
D00 0.0359 144 373 195 422
D00 0.0351 180 434 219 515
D00 0.0346 139 391 221 462
D00 0.0341 86 407 238 558
D00 0.0338 155 464 268 589
D00 0.0335 50 573 114 597
D00 0.0332 120 461 167 543
D00 0.0327 99 551 150 599
D00 0.0320 0 467 114 600
D00 0.0311 121 370 230 444
D00 0.0308 141 376 191 403
D00 0.0308 282 413 309 452
D00 0.0304 268 408 322 456
D00 0.0304 195 478 246 579
D00 0.0301 76 572 137 597
D00 0.0301 218 498 258 528
D00 0.0298 118 452 178 515
D00 0.0298 168 458 214 485
D00 0.0298 137 456 216 491
D00 0.0289 100 434 199 534
D00 0.0285 155 364 202 413
D00 0.0274 190 422 228 454
D00 0.0273 124 425 209 499
D00 0.0272 157 450 215 479
D00 0.0268 115 459 234 571
D00 0.0264 94 383 233 472
D00 0.0260 123 389 186 425
D00 0.0258 3 478 54 587
D00 0.0258 212 479 265 545
D00 0.0256 78 544 190 596
D00 0.0255 4 462 138 533
D00 0.0253 120 485 151 541
D00 0.0252 284 423 318 460
D00 0.0249 134 414 314 587
D00 0.0248 274 384 315 451
D00 0.0247 151 367 198 393
D00 0.0244 113 522 154 595
D00 0.0244 573 265 597 320
D00 0.0242 211 509 246 572
D00 0.0242 278 402 310 440
D00 0.0241 103 541 133 596
D00 0.0240 159 429 256 480
D00 0.0239 0 512 43 600
D00 0.0237 136 455 174 493
D00 0.0233 52 455 166 556
D00 0.0231 187 431 297 557
D00 0.0227 25 569 103 600
D00 0.0224 90 559 132 596
D00 0.0223 4 475 81 554
D00 0.0223 169 487 255 544
D00 0.0221 32 521 150 590
D00 0.0221 125 464 188 500
D00 0.0218 184 443 244 477
D00 0.0217 191 503 271 559
D00 0.0215 106 511 148 550
D00 0.0215 156 389 262 468
D00 0.0214 161 440 217 471
D00 0.0213 128 359 219 414
D00 0.0212 92 380 206 428
D00 0.0211 180 453 209 500
D00 0.0211 213 523 255 550
D00 0.0209 86 514 139 563
D00 0.0209 0 485 33 551
D00 0.0208 71 527 131 600
D00 0.0207 38 538 108 600
D00 0.0206 170 361 208 396
D00 0.0206 129 476 159 529
D00 0.0205 76 472 143 577
D00 0.0205 507 461 599 600
D00 0.0205 0 459 63 534
D00 0.0204 154 381 205 433
D00 0.0202 235 399 335 447
D00 0.0202 123 382 270 513
D00 0.0202 119 513 151 563
D00 0.0201 128 493 159 547
D00 0.0200 143 576 203 599
D00 0.0199 98 490 140 555
D00 0.0197 88 473 154 539
D00 0.0196 82 563 172 600
D00 0.0191 95 396 206 446
D00 0.0190 218 483 244 537
D00 0.0190 57 560 101 597
D00 0.0189 447 574 501 599
D00 0.0189 193 482 302 598
D00 0.0188 192 409 239 478
D00 0.0187 164 441 208 495
D00 0.0185 13 498 73 597
D00 0.0184 218 482 275 576
D00 0.0184 107 491 195 576
D00 0.0183 537 532 600 597
D00 0.0183 143 446 183 485
D00 0.0182 9 452 123 507
D00 0.0181 39 421 211 513
D00 0.0181 58 464 299 595
D00 0.0181 218 447 277 548
D00 0.0179 119 474 156 512
D00 0.0179 96 484 187 543
D00 0.0179 0 554 104 600
D00 0.0179 569 533 600 596
D00 0.0177 174 356 220 382
D00 0.0177 280 416 313 477
D00 0.0176 94 523 209 587
D00 0.0176 110 521 142 574
D00 0.0175 110 560 139 600
D00 0.0174 130 459 161 509
D00 0.0174 216 415 331 586
D00 0.0174 103 573 166 598
D00 0.0173 139 436 188 505
D00 0.0173 131 398 195 433
D00 0.0172 191 429 237 507
D00 0.0172 112 464 212 523
D00 0.0171 0 427 73 569
D00 0.0170 40 463 135 589
D00 0.0170 279 414 339 465
D00 0.0169 108 483 164 520
D00 0.0169 522 485 584 587
D00 0.0168 471 440 596 560
D00 0.0165 164 443 250 506
D00 0.0165 1 511 27 563
D00 0.0164 159 405 215 482
D00 0.0164 28 486 148 541
D00 0.0164 100 413 205 469
D00 0.0164 275 408 302 446
D00 0.0164 98 500 157 541
D00 0.0163 168 371 248 449
D00 0.0163 168 409 222 453
D00 0.0162 289 397 315 443
D00 0.0162 0 402 144 552
D00 0.0161 127 488 173 564
D00 0.0160 159 351 214 405
D00 0.0159 533 513 598 575
D00 0.0158 161 358 205 384
D00 0.0158 186 466 266 531
D00 0.0157 163 374 209 399
D00 0.0157 203 473 241 545
D00 0.0157 118 403 173 429
D00 0.0157 253 403 317 439
D00 0.0156 171 479 233 581
D00 0.0156 166 467 212 493
D00 0.0155 59 508 150 555
D00 0.0155 11 427 156 498
D00 0.0155 287 418 328 449
D00 0.0153 274 384 298 438
D00 0.0153 271 395 375 447
D00 0.0153 113 479 143 531
D00 0.0150 2 482 59 519
D00 0.0150 243 420 324 462
D00 0.0150 150 462 194 496
D00 0.0150 138 465 167 515
D00 0.0150 114 569 211 600
D00 0.0150 0 416 97 514
D00 0.0149 106 437 171 500
D00 0.0149 117 512 254 591
D00 0.0147 25 484 96 589
D00 0.0147 195 452 221 507
D00 0.0146 178 419 210 466
D00 0.0146 456 571 527 600
D00 0.0146 105 447 154 525
D00 0.0145 102 528 162 564
D00 0.0145 168 425 202 475
D00 0.0145 141 504 245 561
D00 0.0145 16 502 129 566
D00 0.0144 48 453 164 504
D00 0.0143 113 495 156 524
D00 0.0142 61 382 192 544
D00 0.0142 1 552 28 600
D00 0.0142 313 369 390 411
D00 0.0141 442 553 506 600
D00 0.0141 2 493 54 545
D00 0.0141 177 382 226 456
D00 0.0140 188 461 213 516
D00 0.0139 88 581 143 600
D00 0.0139 14 365 241 569
D00 0.0139 107 394 191 503
D00 0.0139 172 364 209 433
D00 0.0138 208 514 259 600
D00 0.0138 118 485 230 543
D00 0.0138 458 460 584 529
D00 0.0137 271 368 340 445
D00 0.0137 100 413 150 436
D00 0.0137 43 581 101 600
D00 0.0136 168 521 257 582
D00 0.0135 93 507 124 555
D00 0.0135 567 253 600 335
D00 0.0135 157 441 188 489
D00 0.0134 444 451 563 581
D00 0.0133 75 433 184 487
D00 0.0133 183 348 230 373
D00 0.0132 569 444 600 479
D00 0.0132 108 374 195 413
D00 0.0132 458 490 587 600
D00 0.0132 147 405 203 449
D00 0.0131 265 384 289 435
D00 0.0131 487 474 553 531
D00 0.0130 127 522 159 571
D00 0.0129 223 501 262 561
D00 0.0128 177 398 431 597
D00 0.0128 127 447 167 485
D00 0.0128 549 441 600 467
D00 0.0128 201 498 247 525
D00 0.0128 271 424 308 459
D00 0.0127 384 419 449 454
D00 0.0127 28 409 178 476
D00 0.0127 148 554 216 600
D00 0.0127 455 561 493 597
D00 0.0127 163 412 205 443
D00 0.0126 285 531 325 600
D00 0.0125 326 376 406 423
D00 0.0125 110 395 165 423
D00 0.0125 204 526 241 561
D00 0.0125 125 384 170 417
D00 0.0124 94 521 124 575
D00 0.0123 542 466 597 571
D00 0.0123 265 362 304 451
D00 0.0123 135 438 205 475
D00 0.0123 394 428 458 463
D00 0.0122 185 398 234 443
D00 0.0122 125 525 180 600
D00 0.0121 212 470 309 562
D00 0.0121 162 572 235 600
D00 0.0121 324 376 378 401
D00 0.0121 136 456 184 538
D00 0.0121 99 537 138 577
D00 0.0121 141 479 211 584
D00 0.0120 501 468 567 570
D00 0.0120 246 381 412 453
D00 0.0120 197 382 240 453
D00 0.0120 147 392 180 436
D00 0.0119 96 401 158 434
D00 0.0119 164 411 359 533
D00 0.0119 310 365 372 397
D00 0.0118 191 404 263 454
D00 0.0118 197 416 261 510
D00 0.0118 376 411 439 444
D00 0.0118 61 353 220 427
D00 0.0118 223 478 288 535
D00 0.0117 289 374 395 435
D00 0.0117 147 349 267 454
D00 0.0117 544 433 600 489
D00 0.0117 528 430 599 463
D00 0.0117 74 549 141 589
D00 0.0116 138 504 167 554
D00 0.0115 0 515 34 543
D00 0.0115 256 414 371 588
D00 0.0115 138 483 166 538
D00 0.0115 194 419 274 468
D00 0.0115 11 474 81 509
D00 0.0115 462 471 542 516
D00 0.0114 222 462 254 541
D00 0.0114 499 514 577 592
D00 0.0114 2 495 45 523
D00 0.0114 566 431 600 508
D00 0.0114 42 559 85 597
D00 0.0114 225 376 345 461
D00 0.0113 173 401 212 436
D00 0.0113 303 360 366 417
D00 0.0113 137 545 246 596
D00 0.0113 532 570 600 600
D00 0.0113 140 433 169 486
D00 0.0113 181 369 217 405
D00 0.0112 420 422 591 506
D00 0.0112 4 540 55 597
D00 0.0112 0 505 35 534
D00 0.0111 117 413 172 434
D00 0.0111 210 429 242 473
D00 0.0111 74 497 129 547
D00 0.0111 558 530 597 570
D00 0.0110 2 528 27 589
D00 0.0110 168 394 197 441
D00 0.0110 373 423 426 449
D00 0.0110 207 383 232 437
D00 0.0110 195 502 237 541
D00 0.0109 230 413 307 539
D00 0.0109 192 467 229 541
D00 0.0109 133 524 328 600
D00 0.0108 115 416 177 482
D00 0.0108 401 411 600 600
D00 0.0108 299 356 350 380
D00 0.0108 222 517 250 567
D00 0.0107 40 398 173 444
D00 0.0107 231 485 259 533
D00 0.0107 306 394 418 446
D00 0.0107 118 456 157 493
D00 0.0107 120 379 181 402
D00 0.0106 0 389 31 424
D00 0.0106 237 366 257 415
D00 0.0106 519 451 584 549
D00 0.0106 3 512 54 564
D00 0.0106 503 554 599 599
D00 0.0106 100 484 140 521
D00 0.0106 358 389 421 445
D00 0.0106 581 274 600 327
D00 0.0105 570 259 598 299
D00 0.0105 228 373 247 428
D00 0.0105 255 376 278 426
D00 0.0105 189 514 238 600
D00 0.0105 0 569 54 600
D00 0.0105 561 556 598 594
D00 0.0104 282 357 332 381
D00 0.0104 449 451 557 506
D00 0.0104 191 361 227 394
D00 0.0103 367 402 430 434
D00 0.0103 217 382 239 436
D00 0.0103 164 387 363 484
D00 0.0102 564 505 600 585
D00 0.0102 75 440 140 534
D00 0.0102 502 570 577 600
D00 0.0102 346 390 410 426
D00 0.0101 23 542 80 596
D00 0.0101 98 466 162 502
D00 0.0101 499 492 561 530
D00 0.0101 141 470 180 506
D00 0.0101 82 555 116 598
D00 0.0100 38 431 131 542
D00 0.0100 154 420 197 453
D00 0.0100 265 367 286 415
D00 0.0100 382 432 437 458
D00 0.0100 485 487 537 515
D10 0.0709 184 424 233 446
D10 0.0707 183 417 236 437
D10 0.0511 248 417 312 438
D10 0.0491 172 419 246 463
D10 0.0490 187 422 264 449
D10 0.0433 160 414 229 443
D10 0.0429 214 409 331 442
D10 0.0428 224 420 319 445
D10 0.0421 179 416 309 456
D10 0.0415 203 417 272 437
D10 0.0364 278 416 324 441
D10 0.0362 281 423 336 446
D10 0.0360 262 422 315 444
D10 0.0352 146 413 279 470
D10 0.0351 209 425 288 443
D10 0.0321 160 424 217 446
D10 0.0305 272 415 352 453
D10 0.0302 155 400 266 452
D10 0.0267 509 478 586 508
D10 0.0264 143 460 207 487
D10 0.0261 517 486 595 516
D10 0.0241 194 431 252 459
D10 0.0234 185 407 234 433
D10 0.0233 216 503 287 536
D10 0.0230 101 525 152 551
D10 0.0225 167 402 335 469
D10 0.0215 147 415 204 436
D10 0.0214 288 416 349 440
D10 0.0211 251 405 305 434
D10 0.0201 166 406 218 431
D10 0.0200 162 431 218 459
D10 0.0197 191 525 244 549
D10 0.0193 174 514 254 555
D10 0.0187 535 481 597 504
D10 0.0187 80 520 147 556
D10 0.0186 484 474 572 518
D10 0.0185 546 489 600 511
D10 0.0183 95 516 146 546
D10 0.0182 509 489 566 514
D10 0.0173 122 478 168 504
D10 0.0170 500 481 557 505
D10 0.0169 134 405 218 449
D10 0.0169 4 516 53 542
D10 0.0168 109 533 157 559
D10 0.0168 187 427 297 476
D10 0.0166 202 406 254 433
D10 0.0165 210 493 314 532
D10 0.0159 274 407 382 445
D10 0.0157 217 393 349 451
D10 0.0156 0 520 60 555
D10 0.0156 217 423 322 461
D10 0.0155 49 516 140 563
D10 0.0154 145 404 198 430
D10 0.0152 284 430 334 457
D10 0.0152 116 516 162 544
D10 0.0151 106 488 153 514
D10 0.0147 6 522 106 588
D10 0.0144 110 545 231 596
D10 0.0143 192 411 242 451
D10 0.0142 102 568 207 600
D10 0.0141 232 500 294 525
D10 0.0140 296 424 362 446
D10 0.0140 500 463 597 506
D10 0.0140 219 406 282 432
D10 0.0138 4 506 53 533
D10 0.0136 264 429 312 456
D10 0.0135 86 533 138 557
D10 0.0134 115 469 164 496
D10 0.0133 5 495 53 523
D10 0.0132 123 526 172 552
D10 0.0132 0 569 68 600
D10 0.0132 10 487 63 513
D10 0.0132 106 480 155 505
D10 0.0130 95 506 146 535
D10 0.0130 65 526 123 551
D10 0.0129 200 532 244 557
D10 0.0129 212 433 282 456
D10 0.0128 160 413 313 505
D10 0.0128 114 504 231 563
D10 0.0127 135 477 190 502
D10 0.0127 528 494 598 527
D10 0.0125 2 507 91 553
D10 0.0124 286 406 335 434
D10 0.0124 95 497 146 523
D10 0.0124 123 451 173 478
D10 0.0124 177 518 240 543
D10 0.0123 555 552 598 580
D10 0.0120 481 480 537 506
D10 0.0120 222 514 279 541
D10 0.0119 494 488 546 515
D10 0.0118 534 522 596 560
D10 0.0118 368 539 454 579
D10 0.0117 236 432 305 455
D10 0.0116 465 451 575 507
D10 0.0116 491 468 564 502
D10 0.0116 478 418 593 464
D10 0.0116 505 421 576 451
D10 0.0115 460 468 525 502
D10 0.0115 118 506 162 534
D10 0.0115 114 460 165 486
D10 0.0115 0 524 34 551
D10 0.0114 140 423 195 445
D10 0.0114 464 548 576 596
D10 0.0114 410 441 460 467
D10 0.0114 0 533 43 558
D10 0.0113 538 538 599 577
D10 0.0113 543 563 595 591
D10 0.0113 479 432 591 488
D10 0.0112 245 395 413 464
D10 0.0112 540 574 595 598
D10 0.0112 190 507 244 537
D10 0.0112 115 529 179 563
D10 0.0111 538 441 597 466
D10 0.0111 22 517 76 541
D10 0.0111 109 543 157 568
D10 0.0111 217 524 267 550
D10 0.0111 127 487 173 512
D10 0.0110 68 503 138 539
D10 0.0109 551 450 600 474
D10 0.0108 47 513 120 547
D10 0.0108 12 503 82 536
D10 0.0108 552 534 596 565
D10 0.0107 505 490 586 537
D10 0.0107 128 414 183 435
D10 0.0107 315 405 410 444
D10 0.0106 518 498 573 523
D10 0.0106 0 563 44 595
D10 0.0106 130 369 190 392
D10 0.0105 253 394 301 422
D10 0.0104 364 423 418 448
D10 0.0104 243 387 294 409
D10 0.0103 162 525 251 568
D10 0.0102 491 524 584 587
D10 0.0101 141 442 196 469
D10 0.0101 335 420 409 450
D10 0.0100 424 550 538 596
D10 0.0100 18 479 75 505
D10 0.0100 381 546 437 566
D10 0.0100 539 518 591 542
D20 0.0524 2 503 176 600
D20 0.0371 1 435 221 590
D20 0.0346 67 501 243 598
D20 0.0326 51 533 183 600
D20 0.0323 148 424 230 475
D20 0.0317 1 469 159 573
D20 0.0299 132 442 230 490
D20 0.0293 0 410 387 586
D20 0.0292 139 392 326 463
D20 0.0286 92 460 253 572
D20 0.0250 13 545 136 597
D20 0.0233 123 367 265 458
D20 0.0229 0 440 169 531
D20 0.0225 555 526 600 600
D20 0.0222 68 385 224 468
D20 0.0221 109 457 541 600
D20 0.0200 218 397 326 439
D20 0.0188 35 372 214 443
D20 0.0175 132 393 212 439
D20 0.0170 0 388 175 464
D20 0.0170 0 520 105 600
D20 0.0165 0 470 59 529
D20 0.0161 16 379 238 508
D20 0.0156 0 537 43 600
D20 0.0155 45 561 160 600
D20 0.0154 0 0 408 294
D20 0.0154 176 375 316 448
D20 0.0153 371 456 600 600
D20 0.0150 167 0 600 294
D20 0.0144 458 504 600 599
D20 0.0143 453 422 600 506
D20 0.0141 167 311 600 600
D20 0.0136 312 118 600 600
D20 0.0136 167 407 286 480
D20 0.0135 0 118 290 600
D20 0.0130 528 540 600 592
D20 0.0130 97 390 183 429
D20 0.0129 117 434 202 485
D20 0.0128 511 425 600 464
D20 0.0125 0 431 95 580
D20 0.0125 0 0 600 434
D20 0.0125 64 360 293 600
D20 0.0124 246 380 308 441
D20 0.0124 126 415 212 460
D20 0.0124 0 564 80 600
D20 0.0123 454 0 600 221
D20 0.0121 466 414 600 472
D20 0.0120 30 483 338 600
D20 0.0120 0 236 516 600
D20 0.0119 0 0 145 222
D20 0.0118 485 545 587 596
D20 0.0117 0 573 46 599
D20 0.0116 84 553 223 600
D20 0.0116 525 478 600 600
D20 0.0115 453 376 600 600
D20 0.0112 280 406 600 588
D20 0.0109 0 467 53 600
D20 0.0106 270 381 447 453
D20 0.0106 500 418 600 547
D20 0.0105 214 380 314 423
D20 0.0104 0 336 377 531
D20 0.0102 0 320 151 600
D20 0.0101 157 384 239 435
D20 0.0100 577 532 600 596
D40 0.0225 569 546 600 585
D40 0.0168 554 532 600 584
D40 0.0164 298 350 349 372
D40 0.0116 0 567 31 600
D40 0.0116 287 345 358 378
D40 0.0113 306 357 357 381
D40 0.0105 564 562 600 590
D40 0.0102 455 470 534 514
