D00 0.1122 319 119 343 163
D00 0.0705 311 130 352 159
D00 0.0614 304 122 345 153
D00 0.0608 311 110 337 156
D00 0.0601 441 299 466 350
D00 0.0542 306 110 356 163
D00 0.0488 434 291 473 366
D00 0.0478 315 122 362 153
D00 0.0421 429 283 463 349
D00 0.0416 213 121 246 155
D00 0.0415 192 200 230 288
D00 0.0404 413 263 466 360
D00 0.0376 440 306 482 356
D00 0.0376 200 169 236 249
D00 0.0360 432 304 459 357
D00 0.0359 399 224 482 364
D00 0.0352 208 184 231 240
D00 0.0333 433 309 473 339
D00 0.0328 408 276 472 409
D00 0.0323 204 204 233 269
D00 0.0322 377 195 400 242
D00 0.0321 281 115 375 164
D00 0.0317 416 278 498 375
D00 0.0308 313 128 383 160
D00 0.0299 285 104 345 158
D00 0.0295 380 301 488 498
D00 0.0295 407 276 586 582
D00 0.0293 310 114 351 144
D00 0.0286 388 212 456 343
D00 0.0281 408 331 524 537
D00 0.0268 371 208 506 448
D00 0.0267 176 181 247 362
D00 0.0259 408 266 528 460
D00 0.0259 357 253 521 540
D00 0.0257 416 295 459 382
D00 0.0253 316 140 365 164
D00 0.0250 419 269 454 341
D00 0.0248 200 217 224 276
D00 0.0242 417 301 493 350
D00 0.0241 325 109 353 156
D00 0.0239 443 367 559 571
D00 0.0238 87 279 247 600
D00 0.0236 426 249 483 345
D00 0.0235 371 182 408 253
D00 0.0233 302 139 348 164
D00 0.0233 314 119 352 191
D00 0.0232 438 296 560 500
D00 0.0232 0 239 33 326
D00 0.0230 365 175 444 333
D00 0.0223 406 249 447 326
D00 0.0221 344 176 559 410
D00 0.0220 225 110 252 153
D00 0.0218 448 293 476 343
D00 0.0218 406 203 530 384
D00 0.0218 379 201 413 237
D00 0.0217 190 207 232 250
D00 0.0216 126 151 277 475
D00 0.0215 292 115 339 143
D00 0.0213 450 312 475 364
D00 0.0213 400 337 472 467
D00 0.0212 286 204 565 600
D00 0.0211 201 114 260 158
D00 0.0208 200 200 226 244
D00 0.0207 379 368 490 569
D00 0.0207 396 277 451 372
D00 0.0207 182 168 242 289
D00 0.0205 423 298 451 349
D00 0.0203 218 202 471 547
D00 0.0202 372 191 430 244
D00 0.0202 1 275 176 598
D00 0.0202 57 183 299 547
D00 0.0199 418 293 546 361
D00 0.0199 378 202 429 308
D00 0.0199 425 317 467 345
D00 0.0198 403 280 482 340
D00 0.0197 437 318 469 360
D00 0.0196 424 248 577 391
D00 0.0196 349 228 453 423
D00 0.0195 200 216 237 305
D00 0.0194 390 294 458 440
D00 0.0193 156 283 324 600
D00 0.0193 332 341 544 588
D00 0.0189 135 410 215 578
D00 0.0188 157 207 252 427
D00 0.0187 432 310 515 355
D00 0.0187 425 309 480 383
D00 0.0186 1 267 27 322
D00 0.0185 424 284 528 339
D00 0.0185 413 404 528 591
D00 0.0185 138 349 268 600
D00 0.0184 106 213 232 502
D00 0.0184 0 147 61 272
D00 0.0184 131 196 386 549
D00 0.0183 481 327 593 539
D00 0.0183 362 176 421 235
D00 0.0182 414 261 439 312
D00 0.0181 0 179 43 264
D00 0.0180 316 103 378 158
D00 0.0180 552 526 600 600
D00 0.0178 427 297 482 335
D00 0.0178 151 421 193 500
D00 0.0178 404 235 473 316
D00 0.0176 321 135 344 179
D00 0.0173 173 212 222 333
D00 0.0173 191 228 237 352
D00 0.0173 437 286 471 326
D00 0.0173 416 308 489 454
D00 0.0173 319 100 344 150
D00 0.0173 345 341 455 533
D00 0.0173 307 103 339 138
D00 0.0172 446 319 495 346
D00 0.0172 375 199 425 225
D00 0.0172 296 130 393 177
D00 0.0171 60 350 198 598
D00 0.0169 204 112 239 148
D00 0.0169 170 207 232 266
D00 0.0167 382 207 435 232
D00 0.0167 375 168 490 352
D00 0.0165 175 129 250 260
D00 0.0164 361 336 521 451
D00 0.0164 393 386 479 487
D00 0.0164 0 502 32 591
D00 0.0164 531 300 600 451
D00 0.0163 119 334 220 552
D00 0.0163 481 480 600 596
D00 0.0163 394 295 556 412
D00 0.0162 0 147 424 583
D00 0.0161 355 185 417 316
D00 0.0160 199 170 225 223
D00 0.0159 232 119 261 156
D00 0.0158 333 144 466 369
D00 0.0157 369 189 394 235
D00 0.0156 407 193 595 460
D00 0.0156 448 300 492 374
D00 0.0156 208 225 230 285
D00 0.0155 431 271 459 326
D00 0.0154 139 189 221 357
D00 0.0154 374 200 402 267
D00 0.0154 415 309 460 337
D00 0.0154 166 195 236 246
D00 0.0154 445 472 564 594
D00 0.0154 216 115 259 144
D00 0.0153 175 181 299 446
D00 0.0153 421 263 449 313
D00 0.0153 408 317 448 398
D00 0.0152 423 321 449 379
D00 0.0152 280 123 339 150
D00 0.0151 292 127 343 168
D00 0.0151 387 370 547 487
D00 0.0150 485 291 600 396
D00 0.0150 405 255 517 333
D00 0.0149 199 198 252 258
D00 0.0148 214 196 238 246
D00 0.0146 477 196 596 376
D00 0.0145 377 242 431 342
D00 0.0145 41 153 214 474
D00 0.0144 378 185 463 286
D00 0.0144 193 120 233 154
D00 0.0144 114 445 202 600
D00 0.0144 399 387 462 454
D00 0.0144 296 83 360 170
D00 0.0143 416 394 492 520
D00 0.0143 191 219 264 381
D00 0.0143 333 116 364 158
D00 0.0142 476 262 594 451
D00 0.0141 369 161 435 271
D00 0.0141 258 130 365 174
D00 0.0140 372 185 405 223
D00 0.0140 156 288 252 514
D00 0.0140 190 362 370 600
D00 0.0139 0 269 40 350
D00 0.0138 198 181 257 315
D00 0.0138 210 209 242 281
D00 0.0137 151 446 237 600
D00 0.0137 0 166 32 234
D00 0.0137 413 257 460 303
D00 0.0136 144 394 206 526
D00 0.0136 435 318 557 369
D00 0.0136 206 147 254 246
D00 0.0136 0 450 88 600
D00 0.0136 19 215 160 495
D00 0.0135 297 95 333 153
D00 0.0135 415 330 582 449
D00 0.0135 296 167 432 403
D00 0.0134 254 522 298 600
D00 0.0134 1 198 52 295
D00 0.0134 274 333 461 600
D00 0.0134 229 456 312 600
D00 0.0133 437 172 567 350
D00 0.0133 547 347 596 450
D00 0.0132 415 334 439 387
D00 0.0132 0 115 89 246
D00 0.0132 35 373 146 578
D00 0.0131 517 310 595 377
D00 0.0131 401 254 433 316
D00 0.0131 250 105 409 167
D00 0.0131 414 277 439 332
D00 0.0130 80 288 185 514
D00 0.0130 378 194 416 274
D00 0.0129 382 184 450 236
D00 0.0129 302 302 586 498
D00 0.0128 170 154 228 244
D00 0.0127 443 454 518 579
D00 0.0127 322 114 372 142
D00 0.0127 187 375 292 581
D00 0.0126 545 298 598 390
D00 0.0126 407 297 465 334
D00 0.0126 412 298 445 362
D00 0.0125 98 405 187 559
D00 0.0124 77 447 165 600
D00 0.0124 0 466 32 552
D00 0.0123 76 209 186 426
D00 0.0123 526 551 600 600
D00 0.0123 574 389 598 442
D00 0.0123 0 243 56 305
D00 0.0123 166 252 228 381
D00 0.0123 1 539 26 595
D00 0.0122 425 430 498 557
D00 0.0122 159 197 234 306
D00 0.0121 1 204 28 259
D00 0.0121 433 294 510 422
D00 0.0121 342 404 454 593
D00 0.0121 441 298 505 333
D00 0.0120 190 135 241 229
D00 0.0120 394 389 600 550
D00 0.0119 188 156 291 347
D00 0.0119 386 298 468 354
D00 0.0118 405 264 450 290
D00 0.0118 371 326 446 453
D00 0.0118 566 381 600 460
D00 0.0118 188 102 600 518
D00 0.0117 1 510 26 568
D00 0.0117 0 157 118 230
D00 0.0117 345 150 462 249
D00 0.0117 456 302 485 348
D00 0.0116 169 525 214 600
D00 0.0116 200 272 239 362
D00 0.0116 93 160 423 427
D00 0.0116 421 371 483 473
D00 0.0115 530 193 600 353
D00 0.0115 169 417 256 577
D00 0.0115 319 375 492 483
D00 0.0115 212 133 247 163
D00 0.0115 504 428 600 577
D00 0.0115 192 137 362 417
D00 0.0114 355 408 521 527
D00 0.0114 184 182 225 240
D00 0.0113 513 339 599 488
D00 0.0113 252 110 334 164
D00 0.0113 165 96 219 117
D00 0.0113 468 526 515 600
D00 0.0113 377 215 422 241
D00 0.0113 128 378 192 507
D00 0.0112 180 102 246 156
D00 0.0112 415 198 492 325
D00 0.0112 387 261 466 323
D00 0.0111 1 477 51 588
D00 0.0111 397 235 439 304
D00 0.0110 359 206 404 232
D00 0.0110 152 438 202 556
D00 0.0110 0 369 108 574
D00 0.0109 527 330 584 430
D00 0.0109 0 218 55 346
D00 0.0109 0 149 109 333
D00 0.0109 202 156 235 218
D00 0.0109 564 33 600 127
D00 0.0109 572 540 599 596
D00 0.0109 501 328 577 373
D00 0.0109 512 512 594 593
D00 0.0109 134 425 185 535
D00 0.0108 338 120 380 154
D00 0.0108 400 230 564 326
D00 0.0108 291 108 320 151
D00 0.0108 39 450 132 600
D00 0.0108 296 284 440 519
D00 0.0108 541 573 594 599
D00 0.0108 139 295 218 473
D00 0.0107 0 160 61 223
D00 0.0107 392 178 519 298
D00 0.0107 208 230 253 349
D00 0.0107 465 485 527 583
D00 0.0107 385 210 409 260
D00 0.0106 0 530 47 600
D00 0.0106 533 374 600 536
D00 0.0105 391 197 421 239
D00 0.0105 440 325 584 397
D00 0.0105 404 247 430 293
D00 0.0104 190 291 288 511
D00 0.0104 374 167 440 224
D00 0.0104 396 412 474 460
D00 0.0104 153 215 207 331
D00 0.0104 322 226 496 337
D00 0.0104 367 259 453 356
D00 0.0104 303 376 420 571
D00 0.0104 395 195 437 228
D00 0.0103 539 14 600 139
D00 0.0103 174 466 294 600
D00 0.0103 30 179 147 376
D00 0.0103 80 176 242 386
D00 0.0103 386 468 509 597
D00 0.0103 396 259 439 342
D00 0.0103 290 105 336 130
D00 0.0103 366 208 396 246
D00 0.0102 348 212 428 359
D00 0.0102 107 289 144 369
D00 0.0102 446 271 582 353
D00 0.0102 290 102 369 231
D00 0.0102 321 117 372 180
D00 0.0102 408 352 448 434
D00 0.0102 323 264 496 373
D00 0.0101 440 435 489 517
D00 0.0101 138 166 264 324
D00 0.0101 324 300 494 414
D00 0.0101 0 182 83 245
D00 0.0101 217 100 243 146
D00 0.0101 301 110 420 195
D00 0.0101 388 406 461 533
D00 0.0101 349 195 414 229
D00 0.0101 261 459 351 600
D00 0.0101 0 179 120 441
D00 0.0100 544 489 599 587
D00 0.0100 208 271 348 533
D00 0.0100 145 481 210 600
D10 0.0419 174 217 230 238
D10 0.0408 150 210 242 246
D10 0.0278 0 241 57 274
D10 0.0270 414 368 458 391
D10 0.0245 197 216 237 240
D10 0.0237 432 297 595 360
D10 0.0206 155 210 226 233
D10 0.0202 529 318 600 349
D10 0.0196 321 159 401 186
D10 0.0192 414 371 474 403
D10 0.0184 455 482 581 553
D10 0.0177 521 328 592 357
D10 0.0177 0 245 79 285
D10 0.0176 408 357 493 401
D10 0.0169 319 149 399 176
D10 0.0167 472 319 590 368
D10 0.0165 135 189 232 242
D10 0.0164 160 219 232 253
D10 0.0161 348 163 409 183
D10 0.0157 378 171 435 192
D10 0.0155 388 199 443 224
D10 0.0152 189 223 230 249
D10 0.0152 316 138 395 167
D10 0.0151 420 357 466 384
D10 0.0151 5 254 64 277
D10 0.0142 394 392 475 453
D10 0.0142 317 151 366 174
D10 0.0141 317 162 368 184
D10 0.0141 198 212 255 245
D10 0.0141 364 165 449 204
D10 0.0140 204 140 256 161
D10 0.0139 361 160 433 187
D10 0.0139 496 303 598 354
D10 0.0136 307 132 412 178
D10 0.0135 516 198 600 240
D10 0.0135 291 140 344 165
D10 0.0134 445 286 582 339
D10 0.0133 403 310 453 336
D10 0.0133 375 199 457 238
D10 0.0131 189 205 243 240
D10 0.0131 353 169 425 195
D10 0.0131 396 207 451 231
D10 0.0131 407 375 450 397
D10 0.0130 116 207 220 255
D10 0.0129 301 151 349 173
D10 0.0129 479 503 584 564
D10 0.0129 416 317 460 345
D10 0.0126 149 217 213 239
D10 0.0125 440 487 531 541
D10 0.0125 0 213 97 284
D10 0.0124 322 165 418 200
D10 0.0124 417 409 580 530
D10 0.0123 339 171 402 190
D10 0.0123 380 320 434 347
D10 0.0122 560 319 600 345
D10 0.0122 347 153 407 175
D10 0.0121 546 329 599 351
D10 0.0121 212 257 309 293
D10 0.0120 176 198 226 228
D10 0.0119 384 373 463 438
D10 0.0119 390 373 553 473
D10 0.0118 118 431 203 485
D10 0.0117 405 411 494 466
D10 0.0116 261 143 358 177
D10 0.0116 551 310 600 339
D10 0.0115 403 302 451 326
D10 0.0115 107 189 250 273
D10 0.0114 388 163 442 185
D10 0.0114 414 468 562 566
D10 0.0113 407 374 496 432
D10 0.0113 389 168 457 197
D10 0.0112 366 409 458 466
D10 0.0112 382 312 434 337
D10 0.0111 495 490 595 543
D10 0.0111 278 152 338 172
D10 0.0110 496 326 570 356
D10 0.0110 204 224 247 250
D10 0.0110 531 166 599 197
D10 0.0110 518 323 578 346
D10 0.0109 137 345 476 543
D10 0.0109 19 252 98 280
D10 0.0109 299 161 350 183
D10 0.0108 533 212 600 246
D10 0.0108 66 413 221 513
D10 0.0107 460 471 567 528
D10 0.0107 538 207 595 232
D10 0.0107 204 152 254 173
D10 0.0106 144 243 237 289
D10 0.0105 0 256 57 291
D10 0.0105 180 136 248 162
D10 0.0104 346 377 444 435
D10 0.0104 422 367 520 410
D10 0.0104 0 412 177 531
D10 0.0103 90 461 183 506
D10 0.0103 0 233 123 300
D10 0.0103 150 431 236 485
D10 0.0102 434 258 591 329
D10 0.0102 392 329 443 353
D10 0.0102 270 351 364 389
D10 0.0101 416 327 459 353
D10 0.0101 383 427 468 484
D10 0.0100 0 141 73 172
D10 0.0100 196 162 243 185
D10 0.0100 350 446 528 571
D10 0.0100 419 353 600 446
D10 0.0100 385 356 463 411
D20 0.0324 187 120 276 156
D20 0.0282 418 290 600 367
D20 0.0254 0 210 40 281
D20 0.0251 382 302 467 471
D20 0.0236 0 233 33 315
D20 0.0233 263 116 357 156
D20 0.0201 200 108 378 166
D20 0.0192 305 125 399 163
D20 0.0188 389 382 460 462
D20 0.0172 245 227 589 469
D20 0.0168 0 188 580 553
D20 0.0157 0 147 66 294
D20 0.0157 141 178 533 386
D20 0.0156 0 0 408 294
D20 0.0156 372 374 477 489
D20 0.0155 326 293 600 541
D20 0.0155 170 108 255 151
D20 0.0154 167 0 600 294
D20 0.0153 102 154 254 244
D20 0.0152 360 313 443 352
D20 0.0151 0 153 436 417
D20 0.0150 157 147 242 277
D20 0.0150 452 218 600 592
D20 0.0147 0 311 408 600
D20 0.0147 238 374 594 590
D20 0.0145 376 197 600 382
D20 0.0144 149 191 241 236
D20 0.0142 215 119 316 155
D20 0.0141 0 118 290 600
D20 0.0141 0 153 36 228
D20 0.0140 68 226 465 471
D20 0.0137 414 328 456 403
D20 0.0136 160 292 530 549
D20 0.0136 289 105 437 171
D20 0.0135 312 118 600 600
D20 0.0135 380 454 600 600
D20 0.0135 209 113 266 149
D20 0.0133 370 350 448 461
D20 0.0133 0 154 181 260
D20 0.0130 422 316 598 406
D20 0.0127 0 0 600 434
D20 0.0125 0 149 146 530
D20 0.0124 416 251 600 340
D20 0.0124 0 0 212 145
D20 0.0124 0 454 213 600
D20 0.0123 0 202 56 325
D20 0.0122 237 102 347 153
D20 0.0120 200 126 348 177
D20 0.0120 0 223 286 461
D20 0.0119 384 302 451 360
D20 0.0118 372 393 448 445
D20 0.0117 49 112 466 293
D20 0.0116 169 115 304 164
D20 0.0116 0 357 144 600
D20 0.0113 145 118 250 161
D20 0.0112 157 205 237 252
D20 0.0112 356 278 498 372
D20 0.0112 432 144 600 212
D20 0.0110 317 362 472 452
D20 0.0107 452 90 600 458
D20 0.0105 0 160 210 372
D20 0.0105 0 138 156 214
D20 0.0104 383 0 600 144
D20 0.0102 0 298 202 532
D20 0.0102 527 0 600 109
D20 0.0100 374 299 421 360
D40 0.0933 0 239 30 275
D40 0.0523 219 131 270 155
D40 0.0366 0 247 44 281
D40 0.0357 0 220 34 289
D40 0.0327 212 125 246 156
D40 0.0306 206 123 282 157
D40 0.0293 0 254 29 293
D40 0.0253 188 128 257 156
D40 0.0243 0 235 65 277
D40 0.0240 196 212 229 244
D40 0.0231 0 231 44 269
D40 0.0218 417 267 493 311
D40 0.0216 428 274 480 297
D40 0.0194 0 99 30 137
D40 0.0193 0 252 23 279
D40 0.0189 236 121 272 153
D40 0.0187 432 277 509 319
D40 0.0183 437 282 488 306
D40 0.0181 2 142 80 213
D40 0.0179 367 321 417 347
D40 0.0173 1 214 28 267
D40 0.0173 444 296 535 335
D40 0.0168 0 164 32 202
D40 0.0156 435 277 473 314
D40 0.0156 425 269 464 304
D40 0.0156 212 139 263 161
D40 0.0155 462 305 558 342
D40 0.0155 0 126 102 194
D40 0.0153 234 133 292 156
D40 0.0151 0 155 62 235
D40 0.0146 1 174 28 227
D40 0.0143 0 136 135 219
D40 0.0141 269 88 320 108
D40 0.0139 183 206 226 238
D40 0.0137 170 121 244 154
D40 0.0135 489 323 576 361
D40 0.0134 399 419 475 464
D40 0.0133 0 153 48 199
D40 0.0129 227 140 280 162
D40 0.0125 375 400 453 450
D40 0.0125 0 88 49 144
D40 0.0121 223 115 267 143
D40 0.0121 375 312 425 338
D40 0.0120 372 328 426 352
D40 0.0120 0 235 22 263
D40 0.0117 415 262 477 296
D40 0.0117 170 213 220 241
D40 0.0116 450 293 509 317
D40 0.0116 0 137 85 178
D40 0.0116 402 421 456 449
D40 0.0116 373 316 442 350
D40 0.0115 435 272 502 303
D40 0.0114 483 318 562 347
D40 0.0113 186 141 242 161
D40 0.0109 0 160 38 187
D40 0.0106 407 431 466 455
D40 0.0105 0 115 89 169
D40 0.0103 0 112 45 140
D40 0.0103 0 101 139 184
D40 0.0103 459 302 521 326
D40 0.0102 0 97 90 226
D40 0.0102 397 411 446 444
D40 0.0101 184 127 225 157
D40 0.0101 3 191 38 230
D40 0.0101 386 272 431 297
