D00 0.0336 329 438 392 505
D00 0.0313 31 524 69 600
D00 0.0297 327 425 453 494
D00 0.0265 0 287 43 338
D00 0.0262 421 545 468 589
D00 0.0258 339 424 401 486
D00 0.0251 348 413 488 475
D00 0.0239 1 573 57 599
D00 0.0229 6 528 55 600
D00 0.0228 4 291 51 317
D00 0.0224 321 415 425 474
D00 0.0222 289 395 422 496
D00 0.0216 355 445 402 498
D00 0.0209 232 488 285 513
D00 0.0208 428 555 477 582
D00 0.0194 352 444 389 483
D00 0.0194 40 501 78 600
D00 0.0193 27 545 59 600
D00 0.0182 400 558 467 592
D00 0.0180 0 554 46 600
D00 0.0180 348 441 432 486
D00 0.0178 234 466 300 515
D00 0.0177 361 436 398 475
D00 0.0177 0 266 85 422
D00 0.0174 324 393 451 464
D00 0.0170 1 270 57 325
D00 0.0169 451 481 496 553
D00 0.0169 434 441 600 526
D00 0.0168 0 280 35 316
D00 0.0164 246 475 284 507
D00 0.0163 0 323 40 411
D00 0.0162 432 526 495 586
D00 0.0162 7 493 76 600
D00 0.0162 439 463 569 574
D00 0.0162 348 386 525 465
D00 0.0161 42 505 76 538
D00 0.0160 333 417 551 523
D00 0.0160 303 433 370 496
D00 0.0159 33 567 66 600
D00 0.0156 164 284 217 305
D00 0.0155 357 422 385 475
D00 0.0152 362 450 415 475
D00 0.0152 391 521 535 585
D00 0.0151 0 277 57 375
D00 0.0150 336 456 422 506
D00 0.0149 431 552 460 591
D00 0.0146 79 302 114 402
D00 0.0145 384 540 457 597
D00 0.0143 1 332 25 388
D00 0.0143 365 449 453 496
D00 0.0143 341 453 381 492
D00 0.0142 352 461 387 502
D00 0.0141 245 431 419 505
D00 0.0140 0 296 32 363
D00 0.0139 394 393 597 554
D00 0.0139 412 492 516 579
D00 0.0139 433 564 489 586
D00 0.0138 435 551 504 583
D00 0.0138 417 573 467 595
D00 0.0136 495 451 600 546
D00 0.0135 12 292 72 401
D00 0.0135 12 569 83 600
D00 0.0134 356 403 405 481
D00 0.0133 0 295 66 347
D00 0.0132 363 422 416 472
D00 0.0132 300 361 436 472
D00 0.0131 342 436 382 475
D00 0.0131 321 445 386 484
D00 0.0130 227 448 294 504
D00 0.0130 321 462 384 502
D00 0.0129 433 507 536 568
D00 0.0129 255 489 311 514
D00 0.0129 11 268 73 353
D00 0.0129 345 479 393 506
D00 0.0128 403 538 486 585
D00 0.0128 42 543 75 600
D00 0.0128 166 576 220 599
D00 0.0128 232 497 283 522
D00 0.0128 280 415 390 470
D00 0.0127 354 459 403 484
D00 0.0127 217 474 285 521
D00 0.0127 363 433 412 510
D00 0.0126 369 363 428 417
D00 0.0125 325 570 396 600
D00 0.0125 349 414 396 467
D00 0.0125 440 535 467 584
D00 0.0125 240 466 277 501
D00 0.0125 0 563 27 600
D00 0.0124 265 392 403 459
D00 0.0123 362 398 475 453
D00 0.0123 32 495 71 560
D00 0.0123 244 478 271 517
D00 0.0123 413 525 462 595
D00 0.0122 307 453 520 556
D00 0.0122 278 448 389 501
D00 0.0122 531 573 600 600
D00 0.0121 184 284 236 307
D00 0.0121 389 570 463 599
D00 0.0121 382 372 417 407
D00 0.0120 246 372 380 479
D00 0.0120 279 378 541 498
D00 0.0120 395 431 472 459
D00 0.0119 255 480 310 505
D00 0.0118 149 275 200 299
D00 0.0116 300 333 532 600
D00 0.0116 316 405 381 489
D00 0.0116 368 452 407 489
D00 0.0115 498 419 600 507
D00 0.0115 21 501 63 577
D00 0.0115 177 291 226 315
D00 0.0115 9 299 62 326
D00 0.0115 360 434 476 514
D00 0.0114 39 533 100 600
D00 0.0113 255 466 294 501
D00 0.0113 313 430 430 529
D00 0.0113 88 295 122 387
D00 0.0112 319 551 384 600
D00 0.0112 365 454 392 505
D00 0.0112 9 343 53 432
D00 0.0112 249 456 316 510
D00 0.0111 403 448 553 510
D00 0.0111 545 375 600 435
D00 0.0111 461 502 523 557
D00 0.0111 337 567 440 600
D00 0.0111 14 276 45 320
D00 0.0110 366 390 430 446
D00 0.0109 439 399 600 490
D00 0.0109 36 282 123 435
D00 0.0109 407 550 450 586
D00 0.0108 427 456 534 548
D00 0.0108 260 414 365 498
D00 0.0108 365 408 435 485
D00 0.0108 376 475 544 566
D00 0.0108 378 515 417 549
D00 0.0107 0 353 41 443
D00 0.0107 10 581 67 600
D00 0.0107 328 428 393 464
D00 0.0107 203 494 278 525
D00 0.0107 324 439 363 502
D00 0.0106 365 528 432 591
D00 0.0106 19 292 73 316
D00 0.0106 301 495 521 586
D00 0.0106 68 346 108 436
D00 0.0106 354 475 423 508
D00 0.0105 387 380 423 414
D00 0.0105 2 554 96 600
D00 0.0105 66 378 131 435
D00 0.0105 452 495 477 546
D00 0.0104 248 457 285 494
D00 0.0104 38 346 83 432
D00 0.0104 459 523 526 580
D00 0.0104 0 522 30 600
D00 0.0103 522 557 600 595
D00 0.0103 183 499 240 525
D00 0.0103 84 296 110 370
D00 0.0103 35 500 83 527
D00 0.0102 364 463 432 502
D00 0.0102 460 517 509 546
D00 0.0102 448 544 476 586
D00 0.0102 70 289 107 376
D00 0.0102 173 283 229 343
D00 0.0101 451 487 555 548
D00 0.0101 428 562 475 598
D00 0.0100 564 488 600 567
D00 0.0100 487 464 581 505
D10 0.0518 547 415 600 436
D10 0.0449 3 517 62 538
D10 0.0443 522 409 600 442
D10 0.0392 24 516 75 537
D10 0.0382 0 509 79 545
D10 0.0307 24 411 103 438
D10 0.0301 70 409 145 436
D10 0.0287 98 377 157 395
D10 0.0283 0 420 70 450
D10 0.0271 537 423 597 444
D10 0.0261 0 525 49 547
D10 0.0256 46 415 115 435
D10 0.0250 2 415 61 438
D10 0.0249 0 407 88 446
D10 0.0242 108 370 165 392
D10 0.0240 82 372 183 406
D10 0.0240 352 409 552 475
D10 0.0232 411 430 519 459
D10 0.0231 86 403 159 433
D10 0.0219 233 481 287 504
D10 0.0216 41 516 95 537
D10 0.0213 561 406 600 431
D10 0.0210 48 397 150 434
D10 0.0205 82 377 136 395
D10 0.0199 411 415 589 468
D10 0.0198 501 416 600 451
D10 0.0197 0 432 47 457
D10 0.0197 15 524 65 545
D10 0.0189 33 420 109 445
D10 0.0185 94 364 207 397
D10 0.0184 73 374 148 400
D10 0.0184 12 396 123 443
D10 0.0180 21 424 84 445
D10 0.0178 60 406 121 431
D10 0.0176 290 419 384 457
D10 0.0175 400 427 600 499
D10 0.0172 447 516 526 559
D10 0.0171 0 423 38 448
D10 0.0171 216 473 307 511
D10 0.0168 223 489 279 514
D10 0.0168 171 368 235 387
D10 0.0165 28 377 134 429
D10 0.0164 372 432 533 487
D10 0.0163 52 369 153 412
D10 0.0162 83 367 162 395
D10 0.0160 426 435 500 455
D10 0.0159 100 415 163 437
D10 0.0157 28 509 115 545
D10 0.0156 124 370 186 390
D10 0.0154 182 359 238 383
D10 0.0154 34 405 92 431
D10 0.0152 506 463 600 506
D10 0.0152 302 425 366 446
D10 0.0151 241 471 294 497
D10 0.0149 0 563 47 596
D10 0.0148 0 329 43 352
D10 0.0145 0 491 91 535
D10 0.0144 369 388 582 461
D10 0.0144 359 522 429 552
D10 0.0143 459 525 512 548
D10 0.0142 157 360 254 389
D10 0.0141 64 377 114 398
D10 0.0141 50 414 143 446
D10 0.0137 193 482 293 520
D10 0.0136 427 419 535 455
D10 0.0136 62 380 173 427
D10 0.0135 0 319 42 345
D10 0.0134 147 284 202 304
D10 0.0133 288 413 361 442
D10 0.0130 91 395 141 425
D10 0.0128 55 373 124 403
D10 0.0126 114 375 195 399
D10 0.0126 482 409 600 475
D10 0.0125 1 415 105 464
D10 0.0125 43 392 187 446
D10 0.0125 90 409 190 441
D10 0.0124 92 385 143 410
D10 0.0124 452 436 588 484
D10 0.0124 37 523 82 546
D10 0.0123 395 420 491 456
D10 0.0123 527 458 600 492
D10 0.0123 55 423 123 442
D10 0.0122 521 479 600 525
D10 0.0119 433 437 533 469
D10 0.0119 551 367 600 391
D10 0.0119 5 405 60 431
D10 0.0119 174 429 270 458
D10 0.0118 0 317 60 366
D10 0.0118 47 510 106 534
D10 0.0116 0 507 41 535
D10 0.0115 0 442 48 465
D10 0.0113 441 526 492 546
D10 0.0113 7 363 188 438
D10 0.0112 1 307 42 337
D10 0.0112 408 435 496 468
D10 0.0110 534 471 596 496
D10 0.0110 157 360 216 382
D10 0.0110 1 429 79 459
D10 0.0109 0 516 59 559
D10 0.0108 451 428 549 463
D10 0.0108 135 366 220 389
D10 0.0108 508 415 574 438
D10 0.0108 87 419 160 445
D10 0.0108 477 398 595 448
D10 0.0107 0 534 45 557
D10 0.0107 198 435 263 454
D10 0.0106 73 394 124 425
D10 0.0106 74 385 123 410
D10 0.0105 483 455 581 496
D10 0.0105 190 420 291 451
D10 0.0105 419 341 578 386
D10 0.0105 267 322 425 372
D10 0.0105 316 429 387 463
D10 0.0104 100 381 169 413
D10 0.0104 209 431 289 455
D10 0.0104 359 534 418 556
D10 0.0103 339 527 425 563
D10 0.0102 532 427 600 461
D10 0.0102 75 368 123 392
D10 0.0101 507 424 575 444
D10 0.0101 0 337 43 364
D10 0.0101 531 372 600 402
D10 0.0100 20 514 103 559
D20 0.0254 0 418 162 496
D20 0.0232 0 573 50 599
D20 0.0193 0 549 54 600
D20 0.0189 397 511 568 585
D20 0.0184 12 446 149 505
D20 0.0179 221 391 600 574
D20 0.0179 0 379 164 454
D20 0.0166 341 517 514 589
D20 0.0157 0 471 84 600
D20 0.0149 372 454 600 600
D20 0.0148 26 408 164 468
D20 0.0145 54 395 498 571
D20 0.0142 0 0 408 294
D20 0.0140 0 493 46 560
D20 0.0139 447 532 537 578
D20 0.0139 445 536 585 590
D20 0.0138 167 0 600 294
D20 0.0138 0 333 112 452
D20 0.0134 0 514 35 600
D20 0.0134 454 0 600 221
D20 0.0133 38 434 154 485
D20 0.0131 0 311 408 600
D20 0.0131 333 378 587 505
D20 0.0131 11 395 123 478
D20 0.0131 136 452 546 600
D20 0.0131 482 410 600 515
D20 0.0127 340 540 478 598
D20 0.0127 0 118 290 600
D20 0.0126 0 399 44 467
D20 0.0126 0 455 226 600
D20 0.0125 151 325 541 522
D20 0.0124 451 367 600 600
D20 0.0123 3 466 128 524
D20 0.0123 447 386 600 465
D20 0.0123 388 538 534 591
D20 0.0121 0 0 144 215
D20 0.0119 312 118 600 600
D20 0.0118 0 366 97 503
D20 0.0116 0 581 29 600
D20 0.0115 0 0 600 434
D20 0.0114 0 484 104 544
D20 0.0109 0 534 104 600
D20 0.0108 350 281 600 546
D20 0.0106 0 145 600 600
D20 0.0104 1 432 98 517
D20 0.0104 334 0 600 179
D20 0.0103 0 273 30 347
D20 0.0102 74 389 142 437
D20 0.0102 343 450 497 536
D20 0.0101 0 291 83 428
D40 0.0322 2 287 41 323
D40 0.0280 402 463 482 503
D40 0.0270 443 489 598 577
D40 0.0253 337 422 496 495
D40 0.0236 347 439 591 569
D40 0.0235 382 451 467 496
D40 0.0229 456 526 576 577
D40 0.0228 418 470 471 498
D40 0.0225 461 518 541 560
D40 0.0213 365 435 456 475
D40 0.0212 359 526 418 549
D40 0.0188 0 508 52 535
D40 0.0186 473 526 528 552
D40 0.0185 341 520 427 554
D40 0.0174 29 454 126 493
D40 0.0172 297 396 600 542
D40 0.0171 0 569 41 599
D40 0.0167 429 479 479 503
D40 0.0165 0 499 75 541
D40 0.0163 24 433 139 486
D40 0.0163 415 519 552 584
D40 0.0149 59 455 156 490
D40 0.0149 417 462 468 489
D40 0.0149 363 444 503 508
D40 0.0148 387 448 461 479
D40 0.0146 335 493 556 584
D40 0.0146 0 276 66 320
D40 0.0138 481 534 539 562
D40 0.0134 386 437 522 481
D40 0.0128 0 511 31 544
D40 0.0127 12 283 62 309
D40 0.0125 377 426 470 464
D40 0.0122 376 444 442 467
D40 0.0122 488 505 593 565
D40 0.0118 468 538 538 574
D40 0.0118 11 473 115 519
D40 0.0115 24 511 61 541
D40 0.0113 361 413 440 461
D40 0.0112 19 443 105 507
D40 0.0111 399 435 481 470
D40 0.0108 0 323 29 359
D40 0.0106 464 486 575 549
D40 0.0105 510 527 600 571
D40 0.0105 437 465 486 506
D40 0.0103 2 519 40 552
D40 0.0102 7 423 86 493
