D00 0.0239 320 474 411 571
D00 0.0239 341 494 400 560
D00 0.0229 314 569 349 600
D00 0.0220 180 488 221 571
D00 0.0207 348 494 376 546
D00 0.0204 336 466 473 572
D00 0.0198 317 487 375 583
D00 0.0197 304 529 346 600
D00 0.0194 0 473 155 559
D00 0.0185 311 554 338 600
D00 0.0180 362 443 417 467
D00 0.0177 356 501 384 554
D00 0.0177 195 487 225 556
D00 0.0177 175 504 209 566
D00 0.0174 149 497 212 567
D00 0.0166 189 502 214 559
D00 0.0163 351 452 497 509
D00 0.0161 339 471 384 548
D00 0.0159 377 472 508 524
D00 0.0153 120 500 186 560
D00 0.0152 335 486 434 550
D00 0.0151 357 508 422 566
D00 0.0150 421 486 539 578
D00 0.0150 310 535 337 583
D00 0.0149 317 543 344 595
D00 0.0148 310 548 370 600
D00 0.0145 331 500 435 589
D00 0.0144 424 496 502 543
D00 0.0143 229 485 265 570
D00 0.0143 426 482 518 522
D00 0.0142 112 480 232 585
D00 0.0141 448 506 535 554
D00 0.0140 327 500 378 554
D00 0.0138 281 478 391 593
D00 0.0138 237 501 258 557
D00 0.0138 427 478 499 509
D00 0.0136 264 489 479 596
D00 0.0136 349 469 462 526
D00 0.0135 380 487 506 545
D00 0.0134 364 447 433 476
D00 0.0134 246 494 267 548
D00 0.0133 104 510 167 565
D00 0.0132 0 486 98 577
D00 0.0131 297 558 354 600
D00 0.0131 207 487 231 537
D00 0.0131 0 507 154 591
D00 0.0130 1 488 26 536
D00 0.0130 330 441 450 545
D00 0.0130 347 505 391 535
D00 0.0127 307 485 394 549
D00 0.0126 308 509 352 585
D00 0.0124 428 514 570 588
D00 0.0124 415 494 482 527
D00 0.0123 453 487 531 517
D00 0.0123 291 574 342 599
D00 0.0122 0 496 36 576
D00 0.0122 76 483 204 552
D00 0.0121 332 493 389 533
D00 0.0121 361 506 482 563
D00 0.0121 32 492 204 576
D00 0.0120 301 480 358 572
D00 0.0118 392 460 524 504
D00 0.0118 115 504 177 538
D00 0.0117 359 510 398 548
D00 0.0117 347 475 407 538
D00 0.0116 381 525 433 568
D00 0.0116 129 515 201 574
D00 0.0116 465 516 553 563
D00 0.0115 338 453 439 501
D00 0.0114 314 572 385 600
D00 0.0113 182 482 236 545
D00 0.0113 1 503 27 555
D00 0.0112 345 524 459 578
D00 0.0112 344 486 379 524
D00 0.0112 402 504 520 562
D00 0.0112 124 512 166 548
D00 0.0111 0 500 83 544
D00 0.0111 341 436 421 471
D00 0.0111 499 489 599 579
D00 0.0111 298 520 334 577
D00 0.0111 199 480 224 528
D00 0.0110 309 516 337 563
D00 0.0110 110 526 161 553
D00 0.0109 451 481 514 505
D00 0.0109 434 505 497 568
D00 0.0109 442 489 503 513
D00 0.0109 314 496 348 561
D00 0.0108 157 513 232 586
D00 0.0107 90 505 196 590
D00 0.0107 308 582 357 600
D00 0.0106 338 489 368 539
D00 0.0105 284 503 339 596
D00 0.0104 0 458 30 525
D00 0.0104 0 454 102 544
D00 0.0104 39 490 165 541
D00 0.0103 150 491 268 597
D00 0.0103 165 528 203 566
D00 0.0103 86 499 167 544
D00 0.0102 118 574 172 600
D00 0.0102 441 511 507 548
D00 0.0102 444 523 526 570
D00 0.0102 368 488 432 576
D00 0.0102 21 466 172 529
D00 0.0101 188 487 241 581
D00 0.0101 324 555 353 600
D00 0.0101 94 530 157 563
D00 0.0101 123 495 187 528
D00 0.0101 414 496 479 560
D00 0.0100 203 493 235 562
D00 0.0100 316 564 364 593
D10 0.0189 0 496 67 528
D10 0.0163 0 469 48 492
D10 0.0147 164 537 262 573
D10 0.0146 386 532 459 565
D10 0.0145 182 546 241 567
D10 0.0143 0 499 35 524
D10 0.0143 0 457 64 490
D10 0.0138 309 544 353 567
D10 0.0130 0 506 47 531
D10 0.0124 0 490 46 516
D10 0.0119 165 544 218 566
D10 0.0118 0 461 38 486
D10 0.0115 458 525 544 570
D10 0.0114 396 540 469 573
D10 0.0112 362 525 479 578
D10 0.0108 315 536 366 560
D10 0.0107 497 496 578 527
D10 0.0106 309 540 374 572
D10 0.0106 193 555 249 576
D10 0.0104 386 527 441 554
D10 0.0103 139 533 224 574
D10 0.0100 388 543 445 569
D10 0.0100 0 478 46 503
D20 0.0387 411 479 590 561
D20 0.0325 350 476 533 563
D20 0.0287 313 477 574 600
D20 0.0268 402 472 559 532
D20 0.0218 331 506 508 589
D20 0.0191 390 504 567 593
D20 0.0177 296 487 450 582
D20 0.0164 0 457 157 541
D20 0.0159 349 452 527 520
D20 0.0159 366 526 450 568
D20 0.0149 414 482 496 523
D20 0.0149 0 461 34 539
D20 0.0145 302 511 346 584
D20 0.0140 0 487 191 592
D20 0.0139 0 0 408 294
D20 0.0138 379 465 507 544
D20 0.0136 349 515 430 563
D20 0.0136 167 0 600 294
D20 0.0130 455 0 600 225
D20 0.0129 468 488 587 544
D20 0.0129 0 311 408 600
D20 0.0127 81 490 232 580
D20 0.0126 444 483 547 552
D20 0.0125 0 483 53 541
D20 0.0124 0 118 290 600
D20 0.0121 461 492 596 596
D20 0.0121 260 502 414 597
D20 0.0120 167 311 600 600
D20 0.0117 381 535 469 576
D20 0.0116 312 118 600 600
D20 0.0115 0 0 143 219
D20 0.0113 0 0 600 434
D20 0.0112 0 445 54 500
D20 0.0112 418 459 574 513
D20 0.0111 156 476 505 600
D20 0.0111 240 480 399 570
D20 0.0109 445 476 536 513
D20 0.0107 351 533 490 599
D20 0.0104 0 145 600 600
D20 0.0103 0 525 114 600
D20 0.0102 32 527 205 600
D20 0.0100 0 444 75 581
D40 0.0280 465 491 555 532
D40 0.0164 486 499 552 522
D40 0.0162 307 540 341 575
D40 0.0161 483 497 571 542
D40 0.0158 416 490 494 532
D40 0.0154 365 519 446 563
D40 0.0152 446 483 538 522
D40 0.0146 303 536 345 561
D40 0.0132 397 483 484 522
D40 0.0124 466 504 552 555
D40 0.0121 381 535 434 562
D40 0.0120 478 491 542 515
D40 0.0118 529 508 600 553
D40 0.0112 309 525 353 572
D40 0.0110 480 484 576 524
D40 0.0107 372 526 423 554
D40 0.0105 306 521 341 558
D40 0.0100 551 516 598 543
D40 0.0100 420 498 477 523
