D00 0.1430 458 505 593 600
D00 0.1182 511 534 567 595
D00 0.1056 472 541 583 595
D00 0.0808 437 448 588 591
D00 0.0729 149 261 198 312
D00 0.0716 524 541 556 593
D00 0.0695 514 562 563 593
D00 0.0648 518 521 595 589
D00 0.0623 510 552 599 595
D00 0.0581 487 474 597 582
D00 0.0520 479 559 564 597
D00 0.0515 460 573 553 600
D00 0.0475 151 268 179 315
D00 0.0462 497 572 561 595
D00 0.0407 459 581 530 598
D00 0.0399 526 501 600 558
D00 0.0396 518 531 584 566
D00 0.0393 142 280 191 312
D00 0.0383 142 262 190 290
D00 0.0371 157 272 209 304
D00 0.0353 379 385 599 600
D00 0.0353 482 526 565 580
D00 0.0350 132 257 185 306
D00 0.0335 148 291 204 314
D00 0.0328 549 495 597 546
D00 0.0319 471 485 590 543
D00 0.0304 555 520 596 555
D00 0.0301 413 468 540 600
D00 0.0301 549 508 600 585
D00 0.0300 300 283 536 600
D00 0.0291 157 253 187 297
D00 0.0289 443 522 552 592
D00 0.0287 522 541 571 573
D00 0.0286 567 510 599 548
D00 0.0285 167 272 197 314
D00 0.0275 526 547 577 588
D00 0.0275 460 552 539 600
D00 0.0266 562 488 600 564
D00 0.0263 439 475 559 551
D00 0.0261 527 471 598 534
D00 0.0261 442 468 507 533
D00 0.0241 499 525 571 556
D00 0.0236 170 235 600 600
D00 0.0236 159 278 186 318
D00 0.0234 450 488 534 535
D00 0.0232 0 266 48 343
D00 0.0232 512 533 557 569
D00 0.0230 488 511 581 553
D00 0.0229 542 460 600 600
D00 0.0226 122 273 191 324
D00 0.0221 425 454 521 545
D00 0.0220 144 229 206 310
D00 0.0215 446 492 532 578
D00 0.0211 404 414 574 544
D00 0.0209 138 286 177 317
D00 0.0208 573 485 598 538
D00 0.0207 55 266 307 580
D00 0.0206 12 273 161 514
D00 0.0204 137 255 178 285
D00 0.0198 573 520 598 572
D00 0.0197 528 529 563 582
D00 0.0195 211 183 462 532
D00 0.0194 429 460 489 520
D00 0.0193 462 574 508 600
D00 0.0192 468 516 519 600
D00 0.0192 500 402 600 600
D00 0.0191 160 264 218 289
D00 0.0191 531 523 586 556
D00 0.0187 378 396 509 577
D00 0.0187 205 350 481 600
D00 0.0186 500 547 551 590
D00 0.0181 466 566 530 595
D00 0.0181 537 507 593 535
D00 0.0180 543 540 600 592
D00 0.0179 489 467 588 527
D00 0.0178 0 470 41 548
D00 0.0175 168 261 213 313
D00 0.0175 0 326 110 531
D00 0.0175 142 283 207 330
D00 0.0173 0 311 78 367
D00 0.0173 1 476 26 527
D00 0.0170 51 241 86 275
D00 0.0170 147 244 198 285
D00 0.0169 528 566 578 595
D00 0.0169 333 318 369 353
D00 0.0168 459 507 548 550
D00 0.0167 4 298 44 334
D00 0.0166 250 396 323 555
D00 0.0163 122 333 393 600
D00 0.0161 0 269 115 447
D00 0.0161 515 475 583 510
D00 0.0159 114 245 176 316
D00 0.0159 3 300 80 418
D00 0.0159 376 149 585 541
D00 0.0158 145 295 182 324
D00 0.0158 31 367 143 566
D00 0.0156 0 227 57 287
D00 0.0156 421 390 512 534
D00 0.0156 126 275 169 314
D00 0.0155 0 463 59 593
D00 0.0155 433 468 495 569
D00 0.0154 146 247 183 276
D00 0.0154 312 322 409 374
D00 0.0153 370 576 429 598
D00 0.0152 67 296 182 496
D00 0.0151 256 439 297 525
D00 0.0150 265 441 312 549
D00 0.0150 167 253 212 283
D00 0.0149 458 489 508 565
D00 0.0149 4 226 84 333
D00 0.0147 0 224 68 256
D00 0.0147 216 345 346 586
D00 0.0147 442 535 513 600
D00 0.0147 557 483 596 521
D00 0.0146 29 231 93 282
D00 0.0145 131 294 193 345
D00 0.0145 578 494 600 559
D00 0.0144 92 145 425 565
D00 0.0144 570 531 600 597
D00 0.0143 484 516 544 565
D00 0.0142 1 244 66 309
D00 0.0141 349 354 545 547
D00 0.0141 0 495 43 579
D00 0.0141 105 320 167 381
D00 0.0140 2 315 41 382
D00 0.0139 0 219 51 241
D00 0.0139 241 449 304 572
D00 0.0138 328 339 430 388
D00 0.0138 487 575 535 598
D00 0.0138 106 259 129 313
D00 0.0138 105 260 152 313
D00 0.0138 150 229 258 288
D00 0.0138 472 495 551 530
D00 0.0138 0 534 31 599
D00 0.0138 265 368 367 571
D00 0.0137 564 454 600 533
D00 0.0136 0 184 234 514
D00 0.0136 463 507 521 532
D00 0.0136 5 233 78 266
D00 0.0135 554 560 599 593
D00 0.0134 283 350 427 589
D00 0.0132 338 382 459 574
D00 0.0131 0 449 28 519
D00 0.0131 352 337 402 380
D00 0.0130 6 246 99 286
D00 0.0130 44 232 79 268
D00 0.0130 122 337 150 383
D00 0.0129 536 488 592 514
D00 0.0129 537 497 592 524
D00 0.0129 44 249 81 281
D00 0.0128 308 453 537 573
D00 0.0128 121 199 235 309
D00 0.0128 508 580 566 600
D00 0.0128 111 306 176 359
D00 0.0127 426 458 474 496
D00 0.0127 50 342 196 583
D00 0.0125 125 279 191 400
D00 0.0125 509 498 575 572
D00 0.0125 257 467 318 591
D00 0.0124 0 325 65 393
D00 0.0124 457 497 510 526
D00 0.0124 573 468 598 521
D00 0.0124 24 245 81 271
D00 0.0123 490 518 557 539
D00 0.0123 450 475 527 510
D00 0.0122 488 526 535 600
D00 0.0122 295 66 520 439
D00 0.0122 126 330 161 388
D00 0.0122 248 468 294 548
D00 0.0121 0 536 63 599
D00 0.0121 14 307 100 355
D00 0.0121 341 321 391 368
D00 0.0121 480 509 544 532
D00 0.0120 196 271 269 302
D00 0.0120 2 230 42 266
D00 0.0120 360 357 411 383
D00 0.0120 39 246 101 303
D00 0.0119 57 249 95 280
D00 0.0119 191 371 300 567
D00 0.0118 266 388 314 493
D00 0.0118 393 506 507 598
D00 0.0118 93 275 237 517
D00 0.0118 406 439 501 522
D00 0.0117 11 281 69 331
D00 0.0117 1 493 27 545
D00 0.0117 547 524 587 574
D00 0.0116 136 306 173 338
D00 0.0116 0 304 37 355
D00 0.0116 128 96 385 432
D00 0.0116 433 418 490 511
D00 0.0116 267 465 299 537
D00 0.0116 273 388 334 527
D00 0.0115 98 247 138 325
D00 0.0115 319 151 460 248
D00 0.0115 535 462 595 510
D00 0.0115 322 310 377 363
D00 0.0115 13 251 48 325
D00 0.0114 555 537 597 575
D00 0.0114 171 243 241 273
D00 0.0114 445 574 488 600
D00 0.0113 533 433 600 552
D00 0.0113 1 280 30 333
D00 0.0113 292 394 317 441
D00 0.0112 264 465 289 521
D00 0.0112 439 476 491 505
D00 0.0112 117 312 154 372
D00 0.0111 450 481 496 521
D00 0.0110 508 467 572 502
D00 0.0110 284 380 325 452
D00 0.0110 25 261 97 330
D00 0.0110 418 552 498 600
D00 0.0109 126 575 181 598
D00 0.0108 8 269 36 328
D00 0.0108 161 377 202 456
D00 0.0108 130 311 175 386
D00 0.0108 205 280 280 309
D00 0.0107 0 252 32 322
D00 0.0107 132 208 177 231
D00 0.0107 112 256 138 303
D00 0.0107 402 362 491 510
D00 0.0107 101 258 133 293
D00 0.0106 23 319 95 377
D00 0.0106 262 524 309 600
D00 0.0105 179 252 252 281
D00 0.0105 108 299 175 422
D00 0.0105 452 504 498 591
D00 0.0105 76 264 144 322
D00 0.0105 473 516 533 539
D00 0.0104 272 447 333 576
D00 0.0104 135 347 280 581
D00 0.0103 150 299 176 341
D00 0.0103 16 281 44 332
D00 0.0103 172 242 247 312
D00 0.0103 114 340 177 394
D00 0.0103 301 312 492 402
D00 0.0102 505 562 539 598
D00 0.0102 125 316 190 445
D00 0.0102 22 312 98 441
D00 0.0102 274 355 337 477
D00 0.0102 0 563 49 600
D00 0.0102 0 209 51 231
D00 0.0101 0 226 41 251
D00 0.0100 142 214 186 288
D00 0.0100 6 486 34 536
D00 0.0100 199 312 258 334
D00 0.0100 172 303 263 338
D00 0.0100 329 356 433 403
D00 0.0100 51 257 88 290
D00 0.0100 189 261 260 291
D00 0.0100 262 489 306 561
D10 0.1318 0 310 87 335
D10 0.1117 0 304 112 345
D10 0.0916 0 282 151 337
D10 0.0875 1 318 55 340
D10 0.0776 21 302 116 329
D10 0.0664 52 302 144 324
D10 0.0633 84 304 153 321
D10 0.0621 95 300 179 324
D10 0.0599 28 312 107 331
D10 0.0502 5 303 62 331
D10 0.0495 454 569 563 600
D10 0.0493 520 523 597 555
D10 0.0486 57 285 196 325
D10 0.0475 147 256 199 278
D10 0.0474 116 293 178 315
D10 0.0451 517 559 595 595
D10 0.0449 9 299 186 350
D10 0.0444 29 305 145 337
D10 0.0425 97 295 161 317
D10 0.0418 147 249 200 270
D10 0.0408 393 543 556 600
D10 0.0392 455 578 537 597
D10 0.0380 0 316 102 368
D10 0.0372 139 292 192 314
D10 0.0372 9 319 87 341
D10 0.0371 78 295 140 318
D10 0.0345 120 255 193 283
D10 0.0331 415 572 528 600
D10 0.0309 105 312 167 333
D10 0.0309 521 535 578 558
D10 0.0308 152 253 223 282
D10 0.0306 0 305 60 352
D10 0.0306 117 250 180 269
D10 0.0304 526 518 594 542
D10 0.0304 0 284 64 335
D10 0.0299 0 311 34 336
D10 0.0298 306 359 361 380
D10 0.0291 0 302 134 383
D10 0.0287 63 311 134 331
D10 0.0285 2 326 51 353
D10 0.0284 89 305 185 341
D10 0.0277 433 578 506 599
D10 0.0275 136 301 191 322
D10 0.0275 513 528 575 549
D10 0.0275 38 291 122 324
D10 0.0270 539 574 599 596
D10 0.0266 121 281 210 319
D10 0.0256 307 350 362 373
D10 0.0255 99 245 202 279
D10 0.0245 0 286 86 360
D10 0.0224 100 257 160 276
D10 0.0219 527 553 591 584
D10 0.0219 50 255 106 277
D10 0.0216 544 533 594 559
D10 0.0215 52 449 128 478
D10 0.0197 525 542 584 572
D10 0.0196 314 355 388 382
D10 0.0195 169 247 226 270
D10 0.0193 213 519 312 554
D10 0.0189 363 552 495 598
D10 0.0184 10 289 92 326
D10 0.0180 35 315 118 347
D10 0.0178 111 298 211 345
D10 0.0177 67 256 127 276
D10 0.0176 285 352 371 386
D10 0.0174 243 527 298 548
D10 0.0170 376 573 461 600
D10 0.0169 1 455 106 494
D10 0.0168 136 311 188 334
D10 0.0167 38 248 139 283
D10 0.0164 419 524 531 590
D10 0.0164 556 565 600 591
D10 0.0160 0 570 68 600
D10 0.0160 437 496 516 542
D10 0.0159 45 246 95 272
D10 0.0159 13 434 121 485
D10 0.0158 0 443 137 512
D10 0.0157 527 508 592 533
D10 0.0157 117 320 171 343
D10 0.0157 0 497 43 524
D10 0.0156 0 376 46 402
D10 0.0156 148 238 198 262
D10 0.0155 43 456 116 487
D10 0.0154 71 252 180 285
D10 0.0153 50 433 157 483
D10 0.0151 2 467 83 498
D10 0.0150 307 366 360 389
D10 0.0147 499 518 569 539
D10 0.0146 92 250 148 270
D10 0.0146 237 514 304 546
D10 0.0145 458 566 519 595
D10 0.0145 7 292 59 321
D10 0.0145 0 506 43 533
D10 0.0144 110 281 169 311
D10 0.0144 119 358 171 382
D10 0.0142 0 563 48 593
D10 0.0142 27 250 96 281
D10 0.0141 59 247 114 272
D10 0.0139 177 255 236 277
D10 0.0138 37 319 163 368
D10 0.0138 167 264 228 289
D10 0.0137 34 461 92 486
D10 0.0136 0 380 66 414
D10 0.0136 45 453 99 477
D10 0.0136 271 404 321 431
D10 0.0135 201 514 287 544
D10 0.0134 51 263 105 284
D10 0.0134 253 522 316 553
D10 0.0133 68 415 174 467
D10 0.0133 131 238 182 262
D10 0.0133 279 350 340 372
D10 0.0133 70 440 146 472
D10 0.0130 0 488 43 515
D10 0.0130 77 451 137 474
D10 0.0130 5 546 123 596
D10 0.0129 0 497 73 544
D10 0.0129 25 300 74 330
D10 0.0129 0 468 98 522
D10 0.0128 351 561 451 600
D10 0.0126 0 554 46 581
D10 0.0125 0 297 41 334
D10 0.0124 62 444 118 469
D10 0.0123 50 450 154 503
D10 0.0123 258 313 314 333
D10 0.0123 108 288 182 333
D10 0.0123 2 337 48 364
D10 0.0121 14 418 196 503
D10 0.0121 46 301 94 328
D10 0.0121 69 293 148 333
D10 0.0121 3 462 62 485
D10 0.0121 180 500 290 540
D10 0.0120 84 432 188 482
D10 0.0120 0 366 45 394
D10 0.0120 78 492 177 533
D10 0.0120 548 488 594 514
D10 0.0120 437 566 500 594
D10 0.0119 163 238 216 262
D10 0.0119 340 572 421 600
D10 0.0119 451 507 502 533
D10 0.0118 127 349 177 375
D10 0.0117 244 397 336 439
D10 0.0117 0 332 95 392
D10 0.0117 228 313 287 334
D10 0.0117 279 358 340 379
D10 0.0117 94 282 146 311
D10 0.0116 280 413 327 438
D10 0.0116 0 470 46 495
D10 0.0115 135 320 187 343
D10 0.0115 0 479 44 506
D10 0.0115 378 458 485 492
D10 0.0114 412 507 504 548
D10 0.0114 406 562 489 597
D10 0.0114 140 231 225 272
D10 0.0114 511 576 579 600
D10 0.0114 289 340 348 364
D10 0.0112 33 415 139 468
D10 0.0112 0 523 97 585
D10 0.0111 414 582 481 600
D10 0.0111 483 553 550 583
D10 0.0110 268 517 315 542
D10 0.0110 458 516 510 539
D10 0.0109 34 465 106 496
D10 0.0108 0 347 47 372
D10 0.0108 16 328 82 354
D10 0.0108 558 554 600 581
D10 0.0108 379 566 437 594
D10 0.0108 559 543 600 568
D10 0.0108 0 384 36 410
D10 0.0108 125 298 168 324
D10 0.0107 111 349 197 390
D10 0.0107 278 312 332 334
D10 0.0107 0 448 72 481
D10 0.0107 67 300 110 326
D10 0.0106 4 332 77 368
D10 0.0106 0 515 44 542
D10 0.0106 91 317 166 348
D10 0.0105 0 545 45 570
D10 0.0105 310 560 421 598
D10 0.0105 97 300 136 324
D10 0.0104 44 547 161 596
D10 0.0104 358 520 508 595
D10 0.0104 0 356 76 404
D10 0.0104 248 507 334 550
D10 0.0104 0 357 46 383
D10 0.0104 229 487 311 542
D10 0.0103 228 321 287 341
D10 0.0103 10 486 119 541
D10 0.0103 69 263 126 284
D10 0.0102 13 245 73 270
D10 0.0102 262 443 309 466
D10 0.0102 332 367 389 389
D10 0.0102 2 508 101 552
D10 0.0101 203 527 305 568
D10 0.0101 281 396 328 422
D10 0.0100 1 263 48 288
D10 0.0100 97 439 177 470
D10 0.0100 0 451 47 476
D10 0.0100 119 328 169 352
D10 0.0100 238 530 303 561
D10 0.0100 29 324 104 359
D10 0.0100 0 432 46 456
D10 0.0100 0 543 64 594
D10 0.0100 1 254 50 279
D10 0.0100 314 572 394 600
D20 0.1415 123 265 231 316
D20 0.0857 86 245 246 318
D20 0.0829 455 469 600 599
D20 0.0608 0 258 224 325
D20 0.0569 462 556 571 600
D20 0.0558 295 464 600 599
D20 0.0543 138 281 264 324
D20 0.0527 404 531 585 600
D20 0.0521 141 248 257 305
D20 0.0514 60 267 199 315
D20 0.0512 160 269 246 309
D20 0.0500 113 257 197 305
D20 0.0493 149 254 213 313
D20 0.0467 122 393 569 592
D20 0.0459 508 553 598 596
D20 0.0410 28 240 310 330
D20 0.0397 512 509 600 554
D20 0.0370 120 228 237 299
D20 0.0363 0 239 119 338
D20 0.0348 0 262 266 365
D20 0.0347 456 462 590 541
D20 0.0336 0 381 425 587
D20 0.0310 503 487 594 533
D20 0.0299 0 275 600 591
D20 0.0292 32 228 222 305
D20 0.0289 485 479 578 523
D20 0.0287 154 260 223 295
D20 0.0274 0 305 176 382
D20 0.0270 0 225 461 477
D20 0.0269 0 287 60 339
D20 0.0257 83 268 311 351
D20 0.0252 0 272 206 515
D20 0.0248 107 272 189 326
D20 0.0243 17 289 211 357
D20 0.0241 118 248 209 353
D20 0.0240 23 287 353 557
D20 0.0238 508 470 590 515
D20 0.0236 0 300 106 418
D20 0.0235 0 309 57 367
D20 0.0228 0 265 81 388
D20 0.0228 351 292 600 577
D20 0.0220 548 524 600 599
D20 0.0218 293 331 375 370
D20 0.0209 141 238 206 293
D20 0.0208 181 276 277 312
D20 0.0205 295 340 398 385
D20 0.0200 78 210 404 336
D20 0.0200 0 142 456 391
D20 0.0200 85 245 170 311
D20 0.0198 3 283 254 420
D20 0.0197 290 315 371 355
D20 0.0196 17 4 600 343
D20 0.0196 103 205 322 302
D20 0.0192 519 482 600 600
D20 0.0190 333 539 541 600
D20 0.0187 0 260 86 327
D20 0.0185 0 298 126 552
D20 0.0183 459 472 560 516
D20 0.0183 0 528 45 600
D20 0.0180 0 466 108 593
D20 0.0179 270 317 394 374
D20 0.0178 0 0 290 436
D20 0.0177 0 246 163 399
D20 0.0175 272 343 369 378
D20 0.0174 312 0 600 436
D20 0.0174 152 240 237 278
D20 0.0174 179 285 306 326
D20 0.0172 11 0 441 600
D20 0.0172 0 453 225 600
D20 0.0172 161 0 591 600
D20 0.0172 22 247 149 304
D20 0.0171 101 259 190 384
D20 0.0170 12 274 153 338
D20 0.0170 0 224 110 288
D20 0.0169 0 315 46 401
D20 0.0167 158 262 308 316
D20 0.0166 439 550 529 597
D20 0.0165 180 38 483 312
D20 0.0164 0 294 31 364
D20 0.0163 0 469 33 548
D20 0.0160 98 290 224 350
D20 0.0156 113 158 451 315
D20 0.0156 0 450 156 545
D20 0.0153 14 311 161 472
D20 0.0153 313 355 352 383
D20 0.0150 299 359 390 396
D20 0.0149 36 258 127 325
D20 0.0149 95 232 198 289
D20 0.0148 233 434 312 583
D20 0.0148 453 0 600 220
D20 0.0147 373 0 600 148
D20 0.0146 0 249 47 357
D20 0.0142 259 0 544 259
D20 0.0141 257 328 412 397
D20 0.0140 14 380 157 597
D20 0.0139 0 526 160 600
D20 0.0138 479 571 543 599
D20 0.0136 0 405 90 549
D20 0.0133 252 361 328 521
D20 0.0133 0 0 221 146
D20 0.0132 0 482 59 600
D20 0.0132 92 313 181 354
D20 0.0131 28 317 204 408
D20 0.0131 117 279 232 399
D20 0.0131 0 445 41 525
D20 0.0130 138 277 242 354
D20 0.0128 35 239 128 278
D20 0.0128 0 417 161 506
D20 0.0128 71 6 458 228
D20 0.0127 543 564 600 599
D20 0.0127 168 249 227 289
D20 0.0127 0 291 74 488
D20 0.0126 94 277 170 315
D20 0.0126 284 349 410 409
D20 0.0126 305 346 345 375
D20 0.0125 486 463 572 506
D20 0.0125 0 349 43 423
D20 0.0124 169 192 399 296
D20 0.0124 179 257 267 296
D20 0.0121 528 472 590 545
D20 0.0121 263 322 358 362
D20 0.0121 232 291 394 363
D20 0.0120 33 45 356 314
D20 0.0120 0 494 35 579
D20 0.0120 65 296 259 497
D20 0.0119 151 292 296 346
D20 0.0117 258 332 374 436
D20 0.0117 295 352 358 404
D20 0.0117 34 469 166 592
D20 0.0116 133 230 181 300
D20 0.0116 44 311 149 352
D20 0.0116 2 396 261 545
D20 0.0115 573 512 600 596
D20 0.0114 161 270 381 357
D20 0.0113 196 267 255 305
D20 0.0112 57 420 149 565
D20 0.0112 526 438 600 563
D20 0.0111 74 277 391 438
D20 0.0111 2 298 43 345
D20 0.0110 29 253 114 296
D20 0.0109 71 320 168 364
D20 0.0109 267 342 345 488
D20 0.0108 345 565 467 600
D20 0.0108 99 214 195 328
D20 0.0107 485 340 600 600
D20 0.0106 273 305 360 343
D20 0.0105 0 0 74 109
D20 0.0105 0 166 241 366
D20 0.0105 52 252 163 361
D20 0.0104 186 308 372 382
D20 0.0104 324 349 377 385
D20 0.0104 254 494 493 593
D20 0.0103 567 569 600 599
D20 0.0103 55 403 184 513
D20 0.0103 0 205 64 233
D20 0.0102 78 277 172 407
D20 0.0101 0 223 58 323
D20 0.0101 164 229 216 295
D20 0.0101 210 306 307 339
D20 0.0101 11 309 105 374
D20 0.0100 11 432 118 525
D20 0.0100 126 242 341 380
D20 0.0100 145 0 511 150
D40 0.1428 164 287 238 315
D40 0.0608 168 279 216 311
D40 0.0514 444 455 594 555
D40 0.0470 162 272 234 306
D40 0.0418 170 295 243 323
D40 0.0416 194 281 241 310
D40 0.0350 141 272 237 325
D40 0.0343 326 338 375 365
D40 0.0339 450 468 567 524
D40 0.0327 327 329 372 356
D40 0.0310 430 463 504 508
D40 0.0302 324 349 378 372
D40 0.0290 190 292 256 314
D40 0.0289 493 499 590 542
D40 0.0285 430 431 552 541
D40 0.0274 439 454 538 509
D40 0.0273 311 329 389 370
D40 0.0266 107 257 173 276
D40 0.0261 220 327 577 552
D40 0.0260 113 260 187 294
D40 0.0242 58 249 472 450
D40 0.0242 432 463 484 487
D40 0.0236 342 348 393 373
D40 0.0234 184 276 245 300
D40 0.0230 292 322 373 362
D40 0.0210 297 133 531 266
D40 0.0210 62 166 464 360
D40 0.0207 436 469 492 496
D40 0.0205 15 179 600 532
D40 0.0195 501 493 581 528
D40 0.0195 342 357 396 380
D40 0.0194 326 338 404 378
D40 0.0192 318 321 366 348
D40 0.0185 134 77 509 284
D40 0.0178 218 241 564 452
D40 0.0177 155 300 215 321
D40 0.0175 253 518 302 543
D40 0.0171 339 175 494 253
D40 0.0169 469 453 586 508
D40 0.0167 494 484 572 518
D40 0.0167 313 346 354 375
D40 0.0165 103 263 158 287
D40 0.0164 314 335 355 367
D40 0.0161 411 459 493 496
D40 0.0158 333 321 381 366
D40 0.0158 437 460 519 490
D40 0.0157 516 509 587 532
D40 0.0157 455 460 532 554
D40 0.0155 444 443 509 531
D40 0.0155 125 255 168 283
D40 0.0149 447 431 582 498
D40 0.0149 238 507 317 550
D40 0.0148 482 505 565 536
D40 0.0148 250 475 305 543
D40 0.0148 184 280 260 322
D40 0.0147 359 343 398 377
D40 0.0144 210 154 564 353
D40 0.0144 259 501 295 539
D40 0.0143 225 100 479 243
D40 0.0141 121 270 178 302
D40 0.0141 520 487 580 514
D40 0.0140 377 457 537 538
D40 0.0139 512 479 570 505
D40 0.0139 348 333 389 370
D40 0.0139 298 330 356 354
D40 0.0138 202 284 266 307
D40 0.0138 194 302 257 324
D40 0.0136 430 464 467 499
D40 0.0134 439 427 518 500
D40 0.0133 252 90 600 584
D40 0.0133 107 253 143 281
D40 0.0129 341 70 547 253
D40 0.0128 183 171 448 302
D40 0.0126 260 481 293 521
D40 0.0124 492 466 577 560
D40 0.0124 523 515 577 546
D40 0.0124 296 322 355 345
D40 0.0123 365 204 474 255
D40 0.0123 446 468 528 499
D40 0.0123 5 304 38 341
D40 0.0123 336 328 366 369
D40 0.0122 344 193 600 495
D40 0.0121 331 354 370 382
D40 0.0118 158 300 245 338
D40 0.0114 104 256 153 302
D40 0.0114 219 148 435 262
D40 0.0112 528 497 589 523
D40 0.0112 265 521 302 554
D40 0.0111 0 557 31 595
D40 0.0107 267 490 299 531
D40 0.0107 345 347 424 389
D40 0.0107 501 0 591 29
D40 0.0106 250 522 291 551
D40 0.0105 489 499 557 525
D40 0.0104 391 184 483 249
D40 0.0104 255 443 302 466
D40 0.0101 0 308 20 352
D40 0.0100 469 476 552 508
D40 0.0100 0 286 58 360
D40 0.0100 318 163 470 292
D40 0.0100 253 491 288 530
