D00 0.0603 188 509 232 600
D00 0.0556 17 383 159 576
D00 0.0488 0 404 99 544
D00 0.0434 345 443 426 600
D00 0.0397 62 399 128 433
D00 0.0387 126 426 194 568
D00 0.0361 570 530 600 600
D00 0.0353 357 479 403 574
D00 0.0349 78 391 119 428
D00 0.0347 3 443 61 546
D00 0.0342 172 524 219 600
D00 0.0341 72 379 134 435
D00 0.0322 196 527 224 589
D00 0.0322 146 429 193 504
D00 0.0316 143 405 207 540
D00 0.0306 134 437 176 518
D00 0.0306 366 530 409 600
D00 0.0302 3 459 117 567
D00 0.0298 178 552 225 598
D00 0.0292 352 470 416 531
D00 0.0291 360 439 409 554
D00 0.0282 156 448 226 587
D00 0.0279 169 573 220 598
D00 0.0276 1 362 93 484
D00 0.0269 304 372 344 455
D00 0.0265 357 476 449 587
D00 0.0263 36 403 121 447
D00 0.0258 372 474 420 558
D00 0.0251 95 381 220 584
D00 0.0250 552 551 600 599
D00 0.0250 0 460 68 591
D00 0.0246 105 403 184 533
D00 0.0245 375 550 401 599
D00 0.0239 556 387 594 421
D00 0.0231 546 504 598 597
D00 0.0227 146 500 242 597
D00 0.0226 380 460 415 526
D00 0.0226 373 422 426 536
D00 0.0225 500 485 598 591
D00 0.0223 187 510 220 571
D00 0.0222 2 336 61 432
D00 0.0221 51 386 114 429
D00 0.0216 5 323 37 366
D00 0.0213 160 433 200 489
D00 0.0212 147 445 178 498
D00 0.0211 368 542 393 593
D00 0.0211 352 481 390 551
D00 0.0211 4 479 79 538
D00 0.0208 31 383 129 504
D00 0.0208 571 509 600 574
D00 0.0207 2 467 39 538
D00 0.0205 141 453 169 508
D00 0.0203 25 473 97 533
D00 0.0202 192 519 229 556
D00 0.0202 357 387 412 510
D00 0.0201 382 483 428 532
D00 0.0200 84 405 139 432
D00 0.0198 86 381 126 417
D00 0.0197 23 422 91 479
D00 0.0197 147 483 206 588
D00 0.0196 313 326 389 353
D00 0.0196 363 489 411 545
D00 0.0196 295 379 334 473
D00 0.0195 11 332 45 372
D00 0.0194 321 499 416 595
D00 0.0193 70 382 114 419
D00 0.0193 168 426 210 505
D00 0.0192 364 514 396 579
D00 0.0191 76 385 166 509
D00 0.0191 201 520 232 576
D00 0.0191 141 556 231 600
D00 0.0191 311 381 335 434
D00 0.0190 56 371 146 481
D00 0.0189 39 415 96 457
D00 0.0188 79 396 147 447
D00 0.0188 77 405 119 439
D00 0.0188 115 457 171 576
D00 0.0185 552 371 598 434
D00 0.0184 159 441 201 533
D00 0.0184 203 539 232 593
D00 0.0184 194 520 255 590
D00 0.0184 151 443 190 485
D00 0.0183 113 527 159 600
D00 0.0180 370 571 444 600
D00 0.0178 374 498 426 596
D00 0.0177 361 479 450 525
D00 0.0177 173 508 237 559
D00 0.0176 122 374 197 500
D00 0.0176 159 391 222 520
D00 0.0176 358 483 400 520
D00 0.0175 32 356 132 457
D00 0.0174 424 529 469 600
D00 0.0174 220 428 254 516
D00 0.0174 362 392 398 456
D00 0.0173 569 567 600 600
D00 0.0172 550 378 585 416
D00 0.0172 228 444 247 501
D00 0.0170 434 392 574 583
D00 0.0170 370 399 405 469
D00 0.0169 375 431 456 560
D00 0.0168 14 398 91 457
D00 0.0167 84 430 168 567
D00 0.0167 570 376 599 419
D00 0.0167 7 338 51 394
D00 0.0166 90 321 145 345
D00 0.0166 43 484 110 519
D00 0.0164 385 485 446 550
D00 0.0164 394 476 419 525
D00 0.0163 57 413 149 541
D00 0.0162 129 456 163 523
D00 0.0159 365 498 393 558
D00 0.0159 156 451 186 506
D00 0.0158 1 494 28 541
D00 0.0158 340 538 403 599
D00 0.0157 328 422 371 506
D00 0.0156 1 290 54 377
D00 0.0156 358 554 423 600
D00 0.0155 373 437 407 515
D00 0.0155 290 514 338 592
D00 0.0154 91 361 140 400
D00 0.0152 150 526 199 600
D00 0.0152 390 536 456 600
D00 0.0151 28 438 128 518
D00 0.0150 93 326 162 355
D00 0.0149 327 321 392 346
D00 0.0149 144 533 284 600
D00 0.0149 17 346 99 434
D00 0.0148 0 309 30 360
D00 0.0148 11 438 85 509
D00 0.0148 0 501 45 591
D00 0.0148 554 480 597 567
D00 0.0147 349 462 391 522
D00 0.0147 363 567 398 600
D00 0.0146 174 430 243 562
D00 0.0146 181 340 243 363
D00 0.0145 92 390 135 427
D00 0.0145 370 541 404 574
D00 0.0145 10 320 64 367
D00 0.0145 451 405 511 465
D00 0.0144 300 374 331 438
D00 0.0144 215 443 243 519
D00 0.0143 372 477 405 526
D00 0.0143 34 493 87 539
D00 0.0142 168 547 204 600
D00 0.0142 524 523 589 600
D00 0.0142 146 575 207 598
D00 0.0142 48 354 180 524
D00 0.0142 94 341 157 398
D00 0.0142 309 382 357 434
D00 0.0140 334 489 395 565
D00 0.0138 129 500 190 596
D00 0.0138 148 460 176 518
D00 0.0137 388 490 424 565
D00 0.0137 295 319 375 348
D00 0.0137 59 343 148 442
D00 0.0136 371 495 418 524
D00 0.0135 177 564 208 600
D00 0.0135 346 387 393 434
D00 0.0134 151 510 216 566
D00 0.0134 73 393 124 465
D00 0.0134 431 553 480 600
D00 0.0133 408 572 482 600
D00 0.0133 364 475 424 513
D00 0.0132 152 383 204 487
D00 0.0132 374 510 402 565
D00 0.0131 179 569 248 600
D00 0.0131 22 477 94 584
D00 0.0131 62 464 148 595
D00 0.0130 166 520 239 577
D00 0.0130 545 570 594 600
D00 0.0130 42 496 95 525
D00 0.0129 391 452 438 528
D00 0.0129 168 451 195 505
D00 0.0129 504 379 599 535
D00 0.0129 56 408 103 442
D00 0.0129 339 450 379 515
D00 0.0128 429 427 536 532
D00 0.0128 469 412 497 460
D00 0.0127 106 382 173 479
D00 0.0127 88 405 204 483
D00 0.0125 395 457 485 579
D00 0.0125 356 527 390 592
D00 0.0125 95 329 182 372
D00 0.0124 358 509 384 565
D00 0.0124 153 337 231 365
D00 0.0124 198 513 248 563
D00 0.0124 285 393 323 484
D00 0.0124 193 337 269 366
D00 0.0124 319 478 382 587
D00 0.0123 17 333 59 384
D00 0.0123 53 458 106 528
D00 0.0123 380 543 411 593
D00 0.0123 191 348 253 368
D00 0.0122 180 433 219 522
D00 0.0122 20 348 62 409
D00 0.0122 405 518 467 583
D00 0.0122 207 531 245 596
D00 0.0122 176 437 206 485
D00 0.0121 534 383 589 423
D00 0.0121 410 552 461 599
D00 0.0121 496 535 563 600
D00 0.0121 134 448 162 501
D00 0.0121 514 440 591 570
D00 0.0121 341 477 384 533
D00 0.0120 119 543 186 600
D00 0.0120 8 500 50 537
D00 0.0120 91 372 180 439
D00 0.0119 572 389 598 437
D00 0.0119 180 528 207 592
D00 0.0119 322 334 396 361
D00 0.0119 171 455 211 547
D00 0.0118 0 299 45 352
D00 0.0118 472 460 559 585
D00 0.0118 0 301 117 466
D00 0.0117 349 422 396 511
D00 0.0117 200 436 240 524
D00 0.0117 317 388 345 443
D00 0.0117 49 398 106 465
D00 0.0116 477 516 539 578
D00 0.0116 60 472 115 514
D00 0.0116 44 430 97 515
D00 0.0116 386 407 449 520
D00 0.0115 396 496 458 563
D00 0.0115 337 446 364 502
D00 0.0114 364 388 428 449
D00 0.0114 123 336 200 366
D00 0.0114 100 401 132 443
D00 0.0114 428 570 465 600
D00 0.0114 315 398 349 471
D00 0.0114 419 351 468 375
D00 0.0113 211 415 247 497
D00 0.0112 45 485 93 560
D00 0.0112 337 325 416 353
D00 0.0111 370 582 427 600
D00 0.0111 334 569 406 600
D00 0.0110 284 372 346 429
D00 0.0110 384 445 410 505
D00 0.0110 520 555 582 599
D00 0.0110 20 470 62 535
D00 0.0110 122 550 150 599
D00 0.0110 189 563 239 592
D00 0.0110 377 517 415 579
D00 0.0109 31 360 71 418
D00 0.0109 540 371 600 500
D00 0.0109 88 321 148 380
D00 0.0109 176 519 211 554
D00 0.0109 385 546 427 600
D00 0.0109 100 369 130 409
D00 0.0108 428 394 531 488
D00 0.0108 142 436 170 485
D00 0.0108 176 416 218 489
D00 0.0108 396 484 433 519
D00 0.0108 472 418 555 545
D00 0.0108 98 355 134 389
D00 0.0107 9 358 53 418
D00 0.0107 324 409 358 481
D00 0.0107 432 542 460 596
D00 0.0107 326 384 382 433
D00 0.0106 390 383 538 559
D00 0.0106 0 569 42 600
D00 0.0106 305 535 344 596
D00 0.0106 465 508 518 553
D00 0.0106 392 456 419 512
D00 0.0105 288 425 318 490
D00 0.0105 540 369 591 396
D00 0.0105 395 398 485 527
D00 0.0105 366 419 401 488
D00 0.0104 392 508 439 586
D00 0.0104 546 390 600 455
D00 0.0104 367 398 404 437
D00 0.0104 330 438 356 490
D00 0.0104 65 350 241 483
D00 0.0104 382 499 411 557
D00 0.0104 162 348 222 369
D00 0.0103 220 436 241 491
D00 0.0103 188 547 245 587
D00 0.0103 140 471 167 527
D00 0.0103 41 571 80 600
D00 0.0103 95 497 153 596
D00 0.0103 357 398 387 448
D00 0.0103 283 432 325 516
D00 0.0102 137 371 267 565
D00 0.0102 46 486 77 533
D00 0.0102 469 489 535 550
D00 0.0102 252 571 324 600
D00 0.0101 48 429 105 475
D00 0.0101 353 557 391 596
D00 0.0101 329 357 506 486
D00 0.0101 128 532 212 587
D00 0.0101 105 387 145 443
D00 0.0101 179 451 204 506
D00 0.0101 129 540 158 595
D00 0.0100 416 509 483 570
D00 0.0100 346 500 381 570
D00 0.0100 0 403 33 469
D10 0.0810 1 340 47 365
D10 0.0416 178 519 230 542
D10 0.0412 0 343 70 375
D10 0.0397 186 511 238 534
D10 0.0374 370 546 423 567
D10 0.0372 145 513 247 550
D10 0.0362 144 490 243 541
D10 0.0356 166 512 221 535
D10 0.0348 333 484 399 518
D10 0.0335 155 518 211 541
D10 0.0326 0 327 59 364
D10 0.0325 201 499 252 521
D10 0.0321 142 483 291 551
D10 0.0310 427 514 506 543
D10 0.0300 191 504 257 537
D10 0.0291 129 506 224 563
D10 0.0289 0 510 68 542
D10 0.0282 93 373 169 401
D10 0.0279 385 482 540 551
D10 0.0274 360 537 439 582
D10 0.0264 9 467 116 525
D10 0.0262 116 477 235 554
D10 0.0250 322 467 417 522
D10 0.0249 529 570 600 600
D10 0.0248 321 489 378 513
D10 0.0248 350 542 413 572
D10 0.0247 59 477 130 508
D10 0.0247 283 454 419 535
D10 0.0245 454 518 511 541
D10 0.0243 366 537 412 562
D10 0.0236 184 490 270 532
D10 0.0230 96 369 151 393
D10 0.0229 402 507 530 561
D10 0.0228 416 504 498 536
D10 0.0226 197 517 249 542
D10 0.0223 0 400 72 430
D10 0.0223 474 379 596 424
D10 0.0222 439 521 511 556
D10 0.0221 19 410 137 464
D10 0.0217 331 479 382 508
D10 0.0216 368 488 482 540
D10 0.0211 16 448 137 508
D10 0.0211 448 509 533 553
D10 0.0210 0 301 47 323
D10 0.0208 2 506 47 535
D10 0.0208 339 495 392 521
D10 0.0208 148 509 199 534
D10 0.0208 155 499 317 572
D10 0.0205 192 523 240 550
D10 0.0205 371 553 422 580
D10 0.0204 533 530 600 567
D10 0.0204 328 537 414 581
D10 0.0203 0 495 87 540
D10 0.0203 77 412 134 436
D10 0.0203 0 571 74 600
D10 0.0203 476 365 598 409
D10 0.0201 275 320 422 366
D10 0.0201 385 576 445 599
D10 0.0200 386 545 441 567
D10 0.0199 298 447 406 507
D10 0.0198 0 330 30 357
D10 0.0198 341 447 428 509
D10 0.0196 356 468 451 524
D10 0.0196 360 487 410 516
D10 0.0195 156 440 201 470
D10 0.0194 52 393 166 445
D10 0.0194 14 341 77 365
D10 0.0193 181 508 263 553
D10 0.0191 121 377 179 399
D10 0.0189 51 481 107 506
D10 0.0188 352 480 403 508
D10 0.0185 474 518 527 541
D10 0.0185 343 484 430 540
D10 0.0185 335 546 391 568
D10 0.0184 358 553 404 580
D10 0.0183 68 472 123 496
D10 0.0181 299 484 406 542
D10 0.0180 292 479 389 520
D10 0.0179 464 525 517 553
D10 0.0179 438 540 511 572
D10 0.0178 168 524 221 548
D10 0.0178 177 501 230 523
D10 0.0178 18 428 136 489
D10 0.0177 18 485 138 539
D10 0.0177 551 563 597 593
D10 0.0177 1 306 122 355
D10 0.0177 260 472 407 557
D10 0.0176 380 470 505 526
D10 0.0175 371 505 483 562
D10 0.0174 60 448 173 506
D10 0.0174 0 515 38 540
D10 0.0174 205 489 251 515
D10 0.0173 4 395 64 420
D10 0.0173 38 427 111 459
D10 0.0172 0 376 53 401
D10 0.0172 72 361 186 408
D10 0.0172 94 413 149 438
D10 0.0170 0 409 75 443
D10 0.0169 445 489 558 542
D10 0.0169 319 422 366 446
D10 0.0169 534 547 600 587
D10 0.0168 507 517 600 562
D10 0.0166 112 544 159 567
D10 0.0165 145 466 237 527
D10 0.0165 71 377 182 426
D10 0.0164 10 324 144 371
D10 0.0163 1 420 78 455
D10 0.0163 390 486 464 518
D10 0.0163 539 527 595 553
D10 0.0163 158 433 202 460
D10 0.0162 42 404 105 426
D10 0.0161 0 564 52 593
D10 0.0160 111 522 211 588
D10 0.0160 2 318 44 348
D10 0.0159 381 489 429 515
D10 0.0159 0 309 45 332
D10 0.0159 86 429 184 488
D10 0.0159 409 462 552 536
D10 0.0158 145 521 243 588
D10 0.0158 50 413 109 438
D10 0.0157 149 447 193 481
D10 0.0157 396 572 473 600
D10 0.0157 92 484 187 541
D10 0.0155 483 455 575 498
D10 0.0155 50 488 105 515
D10 0.0155 320 459 367 484
D10 0.0154 20 515 79 539
D10 0.0154 94 540 157 573
D10 0.0154 25 484 97 521
D10 0.0154 273 304 422 350
D10 0.0153 114 463 198 526
D10 0.0153 373 480 417 507
D10 0.0153 319 426 413 490
D10 0.0152 88 480 143 504
D10 0.0152 80 411 182 469
D10 0.0152 554 542 597 569
D10 0.0152 0 524 47 547
D10 0.0152 406 494 487 526
D10 0.0152 41 479 124 522
D10 0.0151 456 509 510 534
D10 0.0151 423 400 501 432
D10 0.0151 350 536 396 562
D10 0.0151 133 512 198 545
D10 0.0150 203 546 342 592
D10 0.0149 93 504 190 565
D10 0.0149 527 389 594 420
D10 0.0149 454 534 511 561
D10 0.0148 371 525 484 586
D10 0.0148 387 553 441 579
D10 0.0146 400 354 467 380
D10 0.0146 186 489 318 543
D10 0.0146 147 432 219 479
D10 0.0146 44 467 115 501
D10 0.0145 319 431 364 456
D10 0.0145 334 555 390 579
D10 0.0145 418 517 480 538
D10 0.0144 459 505 578 565
D10 0.0144 68 488 121 513
D10 0.0143 96 422 152 446
D10 0.0143 379 532 447 567
D10 0.0142 0 405 42 428
D10 0.0142 465 443 590 515
D10 0.0142 554 552 597 580
D10 0.0141 87 384 139 409
D10 0.0141 0 295 70 336
D10 0.0141 30 575 88 598
D10 0.0141 140 520 206 554
D10 0.0140 431 545 483 568
D10 0.0140 320 417 386 450
D10 0.0140 155 461 315 536
D10 0.0139 218 499 270 521
D10 0.0139 303 474 375 509
D10 0.0139 172 441 219 467
D10 0.0139 0 385 54 412
D10 0.0139 143 457 184 488
D10 0.0138 423 377 579 437
D10 0.0138 344 503 431 564
D10 0.0138 252 551 326 580
D10 0.0137 464 469 569 524
D10 0.0137 6 496 59 527
D10 0.0137 66 472 160 514
D10 0.0137 85 325 152 354
D10 0.0137 147 467 190 494
D10 0.0137 378 559 449 598
D10 0.0137 0 551 69 587
D10 0.0136 157 500 206 525
D10 0.0136 4 522 99 586
D10 0.0135 353 547 462 596
D10 0.0135 172 433 219 458
D10 0.0135 84 401 153 435
D10 0.0135 468 503 535 538
D10 0.0134 182 525 321 583
D10 0.0134 163 448 207 478
D10 0.0134 12 501 117 563
D10 0.0133 330 468 377 497
D10 0.0133 294 526 404 585
D10 0.0133 76 342 189 391
D10 0.0133 103 381 174 409
D10 0.0132 347 378 458 429
D10 0.0132 372 376 508 439
D10 0.0131 465 443 558 486
D10 0.0131 306 542 381 574
D10 0.0131 463 544 519 567
D10 0.0131 368 448 476 509
D10 0.0131 301 355 526 452
D10 0.0131 372 342 463 379
D10 0.0130 75 319 144 347
D10 0.0130 487 513 555 545
D10 0.0130 457 432 546 474
D10 0.0130 312 548 423 595
D10 0.0130 113 364 184 395
D10 0.0129 503 562 579 597
D10 0.0129 48 417 121 451
D10 0.0127 415 541 479 574
D10 0.0127 13 475 89 511
D10 0.0127 79 443 134 465
D10 0.0126 21 404 84 425
D10 0.0126 315 556 369 580
D10 0.0126 429 525 490 550
D10 0.0126 372 562 423 594
D10 0.0126 405 582 465 600
D10 0.0126 256 544 356 587
D10 0.0126 337 406 429 467
D10 0.0125 276 555 335 577
D10 0.0125 432 553 481 579
D10 0.0125 298 502 403 567
D10 0.0125 426 531 495 566
D10 0.0125 135 442 181 468
D10 0.0125 59 438 131 469
D10 0.0124 121 539 183 573
D10 0.0124 301 492 376 524
D10 0.0123 142 434 190 458
D10 0.0123 356 427 450 489
D10 0.0123 138 449 179 480
D10 0.0123 281 338 418 395
D10 0.0122 33 505 86 533
D10 0.0122 308 450 357 477
D10 0.0122 121 536 169 562
D10 0.0121 23 415 83 440
D10 0.0120 20 564 77 594
D10 0.0120 477 467 550 501
D10 0.0119 327 451 373 477
D10 0.0119 258 560 335 592
D10 0.0119 411 545 460 568
D10 0.0119 163 334 262 365
D10 0.0119 390 480 441 507
D10 0.0118 319 412 368 439
D10 0.0118 12 488 71 515
D10 0.0118 71 416 141 449
D10 0.0118 39 439 95 463
D10 0.0118 132 443 212 509
D10 0.0118 551 402 595 428
D10 0.0118 79 467 151 500
D10 0.0117 24 349 90 372
D10 0.0117 216 507 270 532
D10 0.0117 404 395 516 448
D10 0.0117 474 392 589 445
D10 0.0116 22 497 81 526
D10 0.0116 98 433 154 456
D10 0.0116 219 322 378 367
D10 0.0116 429 396 494 421
D10 0.0116 476 521 541 556
D10 0.0115 448 451 551 504
D10 0.0115 389 496 442 522
D10 0.0115 136 467 174 496
D10 0.0114 83 546 134 569
D10 0.0114 382 450 428 474
D10 0.0114 0 413 42 437
D10 0.0114 329 531 397 566
D10 0.0114 309 361 420 412
D10 0.0113 68 536 153 583
D10 0.0113 13 518 83 551
D10 0.0113 247 436 395 518
D10 0.0113 129 412 211 470
D10 0.0113 170 544 293 595
D10 0.0113 465 529 530 566
D10 0.0113 508 466 582 501
D10 0.0113 412 351 497 384
D10 0.0112 373 525 419 554
D10 0.0111 319 441 363 469
D10 0.0111 445 549 519 583
D10 0.0110 410 553 460 580
D10 0.0110 500 470 558 495
D10 0.0110 270 466 366 514
D10 0.0110 218 456 375 536
D10 0.0110 299 405 400 470
D10 0.0110 80 433 134 456
D10 0.0109 500 462 558 486
D10 0.0109 114 479 158 505
D10 0.0109 385 384 457 414
D10 0.0109 188 490 238 513
D10 0.0109 486 497 579 543
D10 0.0109 119 434 172 456
D10 0.0108 324 320 466 369
D10 0.0108 449 421 580 495
D10 0.0108 336 432 386 455
D10 0.0108 101 393 195 448
D10 0.0108 291 453 361 488
D10 0.0108 331 356 468 421
D10 0.0108 133 477 173 505
D10 0.0107 412 490 477 514
D10 0.0107 12 310 65 332
D10 0.0106 94 322 247 371
D10 0.0106 471 442 528 465
D10 0.0106 387 350 448 373
D10 0.0106 113 551 157 580
D10 0.0106 89 488 142 513
D10 0.0106 424 358 480 378
D10 0.0105 506 470 598 517
D10 0.0105 497 521 569 555
D10 0.0105 131 507 179 532
D10 0.0105 35 308 162 350
D10 0.0105 297 554 350 579
D10 0.0105 470 475 540 510
D10 0.0105 363 504 410 530
D10 0.0105 129 530 194 565
D10 0.0105 323 564 380 592
D10 0.0104 141 494 203 530
D10 0.0104 409 563 461 594
D10 0.0104 323 341 441 386
D10 0.0104 92 359 140 385
D10 0.0103 80 451 133 475
D10 0.0103 102 536 152 563
D10 0.0103 335 460 385 484
D10 0.0103 370 408 478 466
D10 0.0103 310 468 363 495
D10 0.0102 6 479 57 504
D10 0.0102 112 370 201 405
D10 0.0102 123 487 165 514
D10 0.0102 116 424 170 447
D10 0.0102 494 507 546 533
D10 0.0102 280 483 353 517
D10 0.0102 304 412 346 438
D10 0.0102 338 411 387 439
D10 0.0101 303 422 346 447
D10 0.0101 518 539 594 575
D10 0.0101 108 342 233 384
D10 0.0101 62 456 130 491
D10 0.0101 409 507 468 531
D10 0.0101 390 448 460 478
D10 0.0101 175 508 208 540
D10 0.0100 345 469 396 498
D10 0.0100 404 450 520 507
D10 0.0100 235 493 391 579
D10 0.0100 190 531 231 558
D10 0.0100 99 442 155 465
D20 0.4915 28 387 544 597
D20 0.2154 245 402 600 600
D20 0.1617 0 402 313 600
D20 0.0927 192 392 461 591
D20 0.0881 77 460 418 599
D20 0.0857 0 346 397 554
D20 0.0825 338 464 594 600
D20 0.0723 423 507 600 599
D20 0.0694 3 341 148 437
D20 0.0679 1 368 177 589
D20 0.0630 254 365 519 531
D20 0.0625 0 332 68 372
D20 0.0612 114 425 204 600
D20 0.0611 0 339 42 364
D20 0.0599 0 377 154 468
D20 0.0595 274 439 524 575
D20 0.0591 325 387 441 538
D20 0.0577 0 412 129 539
D20 0.0575 124 364 451 530
D20 0.0570 27 437 233 579
D20 0.0529 47 483 290 592
D20 0.0505 232 481 491 589
D20 0.0501 370 527 559 600
D20 0.0462 284 373 414 519
D20 0.0456 145 432 237 600
D20 0.0432 345 428 465 565
D20 0.0423 0 325 100 415
D20 0.0415 555 525 600 600
D20 0.0406 1 460 144 567
D20 0.0403 41 414 187 548
D20 0.0400 0 330 50 399
D20 0.0397 548 384 595 412
D20 0.0394 0 348 108 496
D20 0.0392 308 442 429 587
D20 0.0384 352 405 418 547
D20 0.0382 0 314 149 394
D20 0.0379 35 387 124 430
D20 0.0370 139 435 184 517
D20 0.0363 0 499 171 600
D20 0.0355 0 308 46 374
D20 0.0355 354 450 537 550
D20 0.0354 360 470 497 596
D20 0.0351 137 419 349 584
D20 0.0350 21 393 187 498
D20 0.0343 526 377 600 416
D20 0.0336 357 394 490 534
D20 0.0335 471 544 596 596
D20 0.0331 522 553 600 600
D20 0.0322 98 464 256 574
D20 0.0319 316 394 480 600
D20 0.0313 36 371 172 438
D20 0.0306 331 478 414 523
D20 0.0298 272 409 395 585
D20 0.0297 18 394 139 445
D20 0.0290 388 499 542 572
D20 0.0287 0 338 202 478
D20 0.0283 315 361 449 483
D20 0.0282 375 429 417 522
D20 0.0280 444 373 600 600
D20 0.0279 430 460 573 584
D20 0.0276 71 432 177 598
D20 0.0275 75 372 134 429
D20 0.0272 0 459 44 544
D20 0.0271 68 395 152 438
D20 0.0271 128 482 225 589
D20 0.0269 91 390 206 520
D20 0.0267 148 507 362 594
D20 0.0263 532 519 600 579
D20 0.0261 328 484 449 600
D20 0.0257 329 329 600 536
D20 0.0255 431 568 533 600
D20 0.0249 53 524 234 600
D20 0.0249 0 358 69 418
D20 0.0249 145 430 201 489
D20 0.0248 33 360 153 415
D20 0.0246 369 399 410 483
D20 0.0245 287 369 412 446
D20 0.0245 386 412 545 591
D20 0.0242 343 382 512 477
D20 0.0241 131 453 175 538
D20 0.0238 15 438 168 519
D20 0.0236 31 413 118 456
D20 0.0235 0 415 88 462
D20 0.0234 426 372 600 444
D20 0.0233 0 328 32 372
D20 0.0231 0 165 557 591
D20 0.0229 91 498 194 597
D20 0.0227 430 516 517 560
D20 0.0225 77 369 154 408
D20 0.0223 565 380 600 416
D20 0.0221 505 482 600 600
D20 0.0220 383 545 509 597
D20 0.0219 0 486 89 535
D20 0.0219 502 363 600 410
D20 0.0219 363 553 449 600
D20 0.0218 0 371 84 564
D20 0.0216 353 454 406 529
D20 0.0215 35 374 282 495
D20 0.0214 450 533 545 600
D20 0.0213 185 504 248 560
D20 0.0210 99 426 248 541
D20 0.0209 21 333 193 412
D20 0.0203 324 459 390 518
D20 0.0203 258 361 386 474
D20 0.0202 0 302 135 363
D20 0.0201 432 534 518 580
D20 0.0201 0 557 83 599
D20 0.0199 551 367 599 426
D20 0.0198 490 568 591 600
D20 0.0198 548 574 599 599
D20 0.0197 0 408 50 484
D20 0.0195 358 385 402 461
D20 0.0195 179 439 280 596
D20 0.0195 0 478 94 600
D20 0.0194 363 455 432 538
D20 0.0191 263 373 365 541
D20 0.0191 160 487 262 586
D20 0.0189 432 548 499 600
D20 0.0188 8 313 71 395
D20 0.0187 124 473 194 558
D20 0.0185 17 15 600 441
D20 0.0183 307 322 395 354
D20 0.0183 391 386 571 468
D20 0.0182 0 0 408 294
D20 0.0182 371 521 420 600
D20 0.0182 446 356 600 420
D20 0.0182 43 569 138 600
D20 0.0182 383 567 484 600
D20 0.0181 468 515 567 591
D20 0.0180 337 402 399 521
D20 0.0180 72 453 196 537
D20 0.0180 296 530 488 600
D20 0.0179 311 389 354 478
D20 0.0178 167 0 600 294
D20 0.0178 577 530 600 599
D20 0.0177 236 431 351 596
D20 0.0177 434 416 565 545
D20 0.0177 0 535 120 600
D20 0.0177 305 557 404 599
D20 0.0176 195 523 440 600
D20 0.0176 328 431 372 517
D20 0.0176 61 350 170 475
D20 0.0174 343 416 467 503
D20 0.0173 415 515 511 591
D20 0.0172 149 452 194 541
D20 0.0170 331 385 394 444
D20 0.0170 164 412 212 484
D20 0.0170 211 350 434 456
D20 0.0169 113 518 160 600
D20 0.0169 361 421 406 511
D20 0.0169 0 278 87 399
D20 0.0167 0 118 290 600
D20 0.0165 425 553 575 600
D20 0.0165 205 472 250 548
D20 0.0164 43 545 160 596
D20 0.0163 0 495 65 551
D20 0.0163 0 294 58 431
D20 0.0163 107 543 214 597
D20 0.0162 312 118 600 600
D20 0.0162 170 536 336 598
D20 0.0161 333 373 471 441
D20 0.0160 0 430 57 584
D20 0.0160 254 539 406 597
D20 0.0158 32 430 120 474
D20 0.0158 537 374 583 407
D20 0.0157 46 473 183 554
D20 0.0157 320 411 363 492
D20 0.0154 0 379 61 434
D20 0.0154 295 501 404 594
D20 0.0154 123 447 191 501
D20 0.0152 151 505 217 554
D20 0.0150 304 378 388 425
D20 0.0150 278 554 367 597
D20 0.0149 3 341 107 380
D20 0.0148 0 486 37 560
D20 0.0147 34 341 156 394
D20 0.0146 364 372 439 502
D20 0.0146 107 331 198 369
D20 0.0145 383 462 448 523
D20 0.0144 438 480 526 596
D20 0.0143 379 528 447 593
D20 0.0143 60 349 224 425
D20 0.0143 462 396 593 523
D20 0.0142 482 438 600 571
D20 0.0141 223 441 416 560
D20 0.0141 466 516 530 575
D20 0.0141 0 528 47 600
D20 0.0141 227 546 359 592
D20 0.0139 81 403 149 457
D20 0.0138 252 359 389 420
D20 0.0138 328 391 374 475
D20 0.0137 0 397 61 457
D20 0.0136 302 395 393 487
D20 0.0136 122 485 169 573
D20 0.0136 436 492 510 548
D20 0.0136 381 414 426 491
D20 0.0135 250 566 344 600
D20 0.0133 0 292 29 368
D20 0.0132 117 428 180 491
D20 0.0131 115 460 158 537
D20 0.0130 0 336 75 460
D20 0.0130 313 356 449 423
D20 0.0130 79 337 220 392
D20 0.0129 0 319 20 365
D20 0.0129 335 491 411 544
D20 0.0129 308 529 357 600
D20 0.0129 132 507 196 567
D20 0.0129 376 0 600 145
D20 0.0129 281 330 419 429
D20 0.0128 61 412 131 471
D20 0.0128 544 547 600 586
D20 0.0127 97 353 169 402
D20 0.0127 557 537 600 575
D20 0.0126 0 288 52 345
D20 0.0126 189 474 233 554
D20 0.0125 456 504 511 569
D20 0.0125 123 497 206 542
D20 0.0125 523 367 593 400
D20 0.0125 184 486 316 583
D20 0.0124 18 352 121 390
D20 0.0124 116 421 224 501
D20 0.0123 216 456 256 536
D20 0.0123 65 483 147 599
D20 0.0122 0 321 96 366
D20 0.0122 159 470 203 548
D20 0.0122 303 353 572 471
D20 0.0122 453 0 600 215
D20 0.0121 350 394 425 444
D20 0.0121 252 503 373 593
D20 0.0120 269 535 342 593
D20 0.0120 0 0 145 220
D20 0.0119 293 370 361 465
D20 0.0119 530 406 600 596
D20 0.0119 69 523 176 587
D20 0.0119 316 571 390 600
D20 0.0118 392 480 488 551
D20 0.0118 43 320 185 378
D20 0.0117 420 403 508 449
D20 0.0116 387 440 532 518
D20 0.0115 331 470 381 539
D20 0.0114 54 442 122 505
D20 0.0114 0 364 42 412
D20 0.0113 91 414 160 472
D20 0.0112 493 374 587 431
D20 0.0112 377 387 466 428
D20 0.0112 409 385 518 535
D20 0.0112 0 336 30 414
D20 0.0111 329 315 424 349
D20 0.0111 315 421 384 535
D20 0.0111 292 402 332 485
D20 0.0110 142 333 241 365
D20 0.0110 0 263 153 527
D20 0.0110 570 582 600 600
D20 0.0110 391 434 438 516
D20 0.0109 0 565 51 600
D20 0.0109 118 463 188 518
D20 0.0109 456 480 542 555
D20 0.0108 77 344 139 398
D20 0.0108 69 479 159 523
D20 0.0107 510 360 600 486
D20 0.0107 187 521 265 573
D20 0.0107 37 511 128 591
D20 0.0106 573 500 600 578
D20 0.0106 328 528 398 591
D20 0.0106 577 566 600 600
D20 0.0106 370 440 445 489
D20 0.0106 0 501 44 538
D20 0.0105 0 0 73 111
D20 0.0105 83 535 149 600
D20 0.0104 36 550 103 600
D20 0.0104 108 450 167 514
D20 0.0104 382 446 426 503
D20 0.0103 96 387 162 445
D20 0.0103 0 449 27 531
D20 0.0103 452 556 514 599
D20 0.0102 0 0 272 178
D20 0.0101 538 352 600 448
D20 0.0101 185 340 277 370
D20 0.0101 212 490 258 563
D20 0.0101 301 438 367 500
D20 0.0100 14 530 69 600
D20 0.0100 73 434 139 493
D40 0.0668 2 345 49 371
D40 0.0556 1 446 41 482
D40 0.0514 0 396 113 529
D40 0.0488 0 433 79 478
D40 0.0436 0 440 49 505
D40 0.0429 0 335 38 367
D40 0.0417 5 418 91 501
D40 0.0402 2 373 110 473
D40 0.0371 9 412 106 465
D40 0.0368 11 428 85 460
D40 0.0352 2 443 51 468
D40 0.0351 0 344 69 390
D40 0.0337 13 394 126 447
D40 0.0335 27 386 120 429
D40 0.0322 2 345 90 424
D40 0.0313 3 355 50 382
D40 0.0310 82 376 132 399
D40 0.0309 5 454 86 537
D40 0.0285 2 455 28 509
D40 0.0263 33 425 88 452
D40 0.0263 59 371 134 413
D40 0.0262 571 529 599 569
D40 0.0259 466 567 558 600
D40 0.0244 406 389 491 427
D40 0.0242 0 366 76 412
D40 0.0238 51 395 113 422
D40 0.0237 73 384 122 413
D40 0.0236 328 484 404 529
D40 0.0235 418 396 475 421
D40 0.0234 90 369 141 393
D40 0.0232 2 393 62 494
D40 0.0229 4 344 39 389
D40 0.0227 554 524 600 575
D40 0.0224 15 343 60 375
D40 0.0219 340 483 385 517
D40 0.0211 68 363 144 401
D40 0.0210 0 386 88 428
D40 0.0209 437 572 512 600
D40 0.0207 52 568 147 600
D40 0.0204 68 576 130 599
D40 0.0203 0 423 53 472
D40 0.0201 2 361 45 396
D40 0.0195 109 574 159 599
D40 0.0193 498 575 560 599
D40 0.0191 16 436 67 470
D40 0.0190 3 458 54 485
D40 0.0190 36 410 106 445
D40 0.0188 389 482 483 522
D40 0.0186 30 402 130 476
D40 0.0183 23 374 99 406
D40 0.0179 25 429 108 474
D40 0.0178 0 465 44 523
D40 0.0176 350 489 391 526
D40 0.0174 39 385 104 414
D40 0.0169 429 575 483 599
D40 0.0168 374 434 406 474
D40 0.0167 22 385 81 413
D40 0.0167 31 395 96 418
D40 0.0166 2 433 55 459
D40 0.0165 538 381 584 412
D40 0.0163 0 467 34 495
D40 0.0159 132 515 216 560
D40 0.0158 191 515 229 549
D40 0.0157 5 377 62 401
D40 0.0157 90 564 175 600
D40 0.0155 12 364 83 395
D40 0.0154 31 366 110 420
D40 0.0153 3 500 39 538
D40 0.0153 51 367 130 394
D40 0.0153 405 490 503 531
D40 0.0151 386 380 470 420
D40 0.0150 30 439 86 464
D40 0.0150 7 450 68 475
D40 0.0149 11 395 73 419
D40 0.0148 161 437 200 476
D40 0.0148 415 396 508 438
D40 0.0148 289 555 374 598
D40 0.0147 423 404 486 427
D40 0.0146 315 574 369 598
D40 0.0146 379 444 412 482
D40 0.0145 10 433 46 478
D40 0.0145 488 570 534 600
D40 0.0142 248 373 335 407
D40 0.0141 105 542 163 600
D40 0.0139 261 378 314 402
D40 0.0136 49 378 114 401
D40 0.0135 17 357 77 381
D40 0.0134 91 371 123 412
D40 0.0134 1 463 62 501
D40 0.0133 44 422 77 463
D40 0.0132 375 321 435 342
D40 0.0132 153 512 192 544
D40 0.0132 411 388 463 413
D40 0.0131 0 428 34 465
D40 0.0131 96 570 139 600
D40 0.0128 118 556 153 597
D40 0.0128 275 323 376 354
D40 0.0126 307 564 359 592
D40 0.0124 118 570 191 600
D40 0.0124 23 405 85 452
D40 0.0123 319 379 395 425
D40 0.0122 87 582 146 600
D40 0.0119 362 314 447 347
D40 0.0119 351 391 389 428
D40 0.0118 9 380 55 415
D40 0.0117 425 559 489 597
D40 0.0117 48 399 96 431
D40 0.0117 2 297 40 329
D40 0.0117 0 370 35 405
D40 0.0116 491 555 549 599
D40 0.0115 333 474 373 511
D40 0.0115 29 368 90 390
D40 0.0114 0 335 21 380
D40 0.0114 19 421 70 455
D40 0.0113 1 400 43 432
D40 0.0113 547 523 593 558
D40 0.0112 121 524 202 573
D40 0.0110 315 561 390 596
D40 0.0110 269 385 323 410
D40 0.0109 464 555 523 599
D40 0.0107 371 414 404 455
D40 0.0107 327 483 365 516
D40 0.0107 471 582 533 600
D40 0.0107 140 496 189 543
D40 0.0107 297 543 351 591
D40 0.0106 163 506 199 538
D40 0.0105 2 395 64 438
D40 0.0105 170 429 208 465
D40 0.0104 336 386 385 412
D40 0.0104 0 478 35 503
D40 0.0104 279 534 363 583
D40 0.0103 452 514 499 545
D40 0.0103 50 582 109 600
D40 0.0102 366 425 399 464
D40 0.0102 0 448 20 497
D40 0.0100 25 449 115 500
D40 0.0100 473 565 532 593
D40 0.0100 461 521 506 556
