D00 0.4248 397 399 488 496
D00 0.4154 379 369 510 507
D00 0.3167 422 434 483 495
D00 0.2899 440 450 480 500
D00 0.2898 190 398 270 493
D00 0.2660 403 407 458 484
D00 0.2543 194 423 248 492
D00 0.2472 404 433 520 498
D00 0.2334 390 406 563 503
D00 0.1919 278 377 552 498
D00 0.1857 387 382 468 474
D00 0.1764 397 403 441 463
D00 0.1672 216 425 242 487
D00 0.1670 438 454 512 501
D00 0.1583 412 378 595 483
D00 0.1501 131 386 354 481
D00 0.1491 411 414 442 474
D00 0.1485 211 392 273 466
D00 0.1286 210 401 250 481
D00 0.1264 163 368 290 492
D00 0.1208 211 439 254 495
D00 0.1173 365 340 600 506
D00 0.1134 370 350 476 458
D00 0.1108 157 424 262 491
D00 0.1052 426 448 473 482
D00 0.0992 494 389 598 489
D00 0.0988 382 358 564 440
D00 0.0985 414 434 470 478
D00 0.0976 446 466 500 498
D00 0.0967 438 421 495 511
D00 0.0962 330 414 550 537
D00 0.0947 392 403 435 439
D00 0.0936 415 417 501 569
D00 0.0928 382 381 441 447
D00 0.0859 446 374 588 443
D00 0.0801 220 376 281 446
D00 0.0801 211 352 288 474
D00 0.0795 264 353 288 408
D00 0.0795 397 448 499 513
D00 0.0783 84 381 272 483
D00 0.0772 185 444 270 494
D00 0.0763 208 413 303 489
D00 0.0763 450 368 532 408
D00 0.0758 19 391 145 499
D00 0.0746 488 393 590 448
D00 0.0731 419 354 488 384
D00 0.0726 205 449 242 491
D00 0.0724 426 359 517 399
D00 0.0721 335 331 370 369
D00 0.0706 421 461 487 504
D00 0.0702 208 431 260 475
D00 0.0689 168 407 250 474
D00 0.0673 233 388 261 439
D00 0.0666 353 415 466 489
D00 0.0659 436 427 571 494
D00 0.0654 204 437 242 470
D00 0.0644 401 347 471 379
D00 0.0643 330 324 359 365
D00 0.0642 430 465 478 495
D00 0.0631 522 410 600 459
D00 0.0624 463 375 556 418
D00 0.0621 239 355 289 436
D00 0.0605 454 460 485 503
D00 0.0594 449 454 491 525
D00 0.0592 398 369 501 451
D00 0.0591 180 377 270 453
D00 0.0583 360 338 512 425
D00 0.0583 396 360 451 453
D00 0.0582 4 407 102 506
D00 0.0573 414 381 523 470
D00 0.0571 462 376 522 401
D00 0.0566 418 364 566 409
D00 0.0565 383 371 471 433
D00 0.0562 213 398 271 435
D00 0.0558 62 395 174 490
D00 0.0537 479 384 574 432
D00 0.0536 335 326 391 391
D00 0.0533 395 345 547 402
D00 0.0527 354 367 446 479
D00 0.0513 66 421 225 497
D00 0.0503 272 347 294 398
D00 0.0500 257 341 293 419
D00 0.0482 406 408 449 450
D00 0.0474 388 433 464 495
D00 0.0471 106 440 168 502
D00 0.0468 358 385 569 600
D00 0.0467 222 396 267 422
D00 0.0461 232 358 266 435
D00 0.0458 382 357 492 409
D00 0.0449 32 408 133 472
D00 0.0445 46 425 150 494
D00 0.0434 171 452 246 490
D00 0.0433 443 475 481 502
D00 0.0433 440 367 506 393
D00 0.0431 228 400 263 457
D00 0.0431 385 424 447 477
D00 0.0427 341 340 379 379
D00 0.0425 240 374 271 429
D00 0.0423 454 440 534 500
D00 0.0420 365 357 433 430
D00 0.0417 211 430 249 457
D00 0.0416 420 463 542 509
D00 0.0412 364 420 487 524
D00 0.0412 175 418 281 524
D00 0.0411 532 412 600 497
D00 0.0410 376 397 434 477
D00 0.0409 336 328 456 434
D00 0.0407 15 446 115 505
D00 0.0402 140 432 219 494
D00 0.0400 348 338 413 402
D00 0.0398 84 438 150 504
D00 0.0395 67 389 218 459
D00 0.0394 252 362 282 419
D00 0.0389 329 339 360 377
D00 0.0385 380 344 494 388
D00 0.0383 410 427 452 462
D00 0.0382 118 374 262 445
D00 0.0382 333 320 369 354
D00 0.0380 237 367 323 480
D00 0.0378 205 386 422 501
D00 0.0372 131 448 180 497
D00 0.0367 339 340 365 393
D00 0.0365 513 364 600 456
D00 0.0364 337 333 398 369
D00 0.0362 214 414 257 458
D00 0.0362 219 433 279 490
D00 0.0362 326 318 365 393
D00 0.0356 450 406 600 514
D00 0.0355 255 349 282 399
D00 0.0355 44 396 154 448
D00 0.0354 382 392 427 429
D00 0.0352 452 391 533 494
D00 0.0350 189 334 280 439
D00 0.0349 225 379 255 429
D00 0.0347 204 368 262 436
D00 0.0346 429 451 487 547
D00 0.0346 488 434 584 503
D00 0.0346 196 442 231 491
D00 0.0342 356 352 383 402
D00 0.0342 0 442 63 507
D00 0.0341 127 462 164 499
D00 0.0338 199 421 517 549
D00 0.0336 393 390 450 428
D00 0.0336 441 365 514 425
D00 0.0336 507 406 584 441
D00 0.0333 105 411 232 474
D00 0.0332 207 461 263 496
D00 0.0331 322 327 374 361
D00 0.0327 138 390 239 465
D00 0.0322 37 417 102 492
D00 0.0321 136 465 219 496
D00 0.0319 439 463 476 520
D00 0.0319 260 345 289 381
D00 0.0318 447 430 506 491
D00 0.0314 230 406 279 477
D00 0.0313 348 350 374 401
D00 0.0312 62 448 179 500
D00 0.0309 426 333 587 430
D00 0.0306 390 338 462 371
D00 0.0306 12 382 225 517
D00 0.0305 372 451 512 595
D00 0.0300 151 394 338 548
D00 0.0300 469 383 533 409
D00 0.0297 362 342 451 384
D00 0.0292 436 439 481 478
D00 0.0292 409 394 469 451
D00 0.0291 405 387 439 444
D00 0.0291 41 394 101 458
D00 0.0290 0 463 31 502
D00 0.0290 426 365 485 389
D00 0.0287 406 436 600 545
D00 0.0284 454 477 513 500
D00 0.0283 197 467 243 494
D00 0.0282 229 343 289 407
D00 0.0282 320 333 352 366
D00 0.0282 109 461 145 500
D00 0.0277 182 434 233 475
D00 0.0273 476 406 555 499
D00 0.0272 239 393 284 457
D00 0.0272 409 355 467 403
D00 0.0272 124 423 190 493
D00 0.0269 385 402 422 453
D00 0.0267 417 409 477 473
D00 0.0267 213 455 246 508
D00 0.0265 231 385 306 450
D00 0.0264 420 442 459 492
D00 0.0262 413 334 488 379
D00 0.0261 246 341 287 388
D00 0.0260 355 363 408 412
D00 0.0258 118 453 155 495
D00 0.0256 248 382 280 436
D00 0.0256 462 311 600 489
D00 0.0255 209 383 269 422
D00 0.0254 228 452 260 496
D00 0.0254 52 445 105 502
D00 0.0254 345 346 395 372
D00 0.0252 336 342 414 465
D00 0.0251 16 353 226 462
D00 0.0251 195 417 241 459
D00 0.0249 53 409 120 443
D00 0.0249 552 384 600 459
D00 0.0248 548 417 600 454
D00 0.0247 281 352 305 403
D00 0.0247 419 341 468 369
D00 0.0247 388 441 472 557
D00 0.0246 352 343 420 377
D00 0.0246 489 359 588 418
D00 0.0244 1 390 116 459
D00 0.0244 69 445 126 501
D00 0.0244 431 340 503 393
D00 0.0243 243 357 274 412
D00 0.0242 434 402 503 482
D00 0.0241 121 387 209 494
D00 0.0241 79 413 147 481
D00 0.0240 389 380 430 421
D00 0.0240 463 468 525 496
D00 0.0239 561 405 600 478
D00 0.0238 51 376 188 443
D00 0.0238 219 337 307 434
D00 0.0237 60 421 116 508
D00 0.0236 523 385 584 439
D00 0.0235 418 347 474 432
D00 0.0235 251 405 319 488
D00 0.0234 344 351 404 389
D00 0.0234 182 461 227 493
D00 0.0233 444 449 501 480
D00 0.0232 219 410 320 459
D00 0.0231 255 348 314 444
D00 0.0231 131 396 199 456
D00 0.0229 256 370 293 439
D00 0.0226 255 364 294 393
D00 0.0223 370 376 414 437
D00 0.0221 370 347 427 396
D00 0.0220 389 349 448 394
D00 0.0217 273 358 338 478
D00 0.0216 267 357 299 426
D00 0.0216 175 356 272 416
D00 0.0216 428 362 484 413
D00 0.0214 178 439 233 503
D00 0.0214 350 366 397 395
D00 0.0213 214 448 264 480
D00 0.0213 264 342 303 389
D00 0.0213 157 413 217 461
D00 0.0213 543 350 600 490
D00 0.0213 566 423 600 462
D00 0.0212 271 339 311 413
D00 0.0212 540 409 593 446
D00 0.0212 448 355 497 389
D00 0.0211 343 343 384 418
D00 0.0209 108 440 309 538
D00 0.0209 556 425 596 502
D00 0.0206 35 455 88 507
D00 0.0205 110 478 161 502
D00 0.0205 496 394 564 423
D00 0.0205 468 381 541 448
D00 0.0204 377 348 437 372
D00 0.0204 330 315 386 365
D00 0.0204 419 382 505 434
D00 0.0203 400 344 456 422
D00 0.0203 356 339 414 364
D00 0.0201 440 455 584 515
D00 0.0201 402 441 447 480
D00 0.0201 119 334 300 520
D00 0.0200 222 348 258 425
D00 0.0200 187 340 340 502
D00 0.0199 345 323 475 381
D00 0.0199 129 478 181 501
D00 0.0198 377 340 436 364
D00 0.0198 6 429 90 484
D00 0.0198 254 332 281 377
D00 0.0197 245 424 285 494
D00 0.0196 159 380 236 440
D00 0.0196 204 421 249 449
D00 0.0195 509 427 590 484
D00 0.0194 99 428 152 486
D00 0.0194 100 404 165 468
D00 0.0194 368 438 439 493
D00 0.0190 345 427 465 600
D00 0.0189 519 368 600 534
D00 0.0188 151 463 194 496
D00 0.0188 240 345 278 378
D00 0.0187 424 378 482 462
D00 0.0187 232 377 290 419
D00 0.0187 492 437 550 493
D00 0.0187 207 339 271 405
D00 0.0186 460 442 497 496
D00 0.0185 294 483 501 586
D00 0.0185 172 421 218 486
D00 0.0185 406 460 481 588
D00 0.0184 471 455 507 499
D00 0.0184 309 330 399 407
D00 0.0184 356 375 409 401
D00 0.0184 30 381 136 434
D00 0.0184 515 398 567 434
D00 0.0184 365 370 431 406
D00 0.0183 315 312 525 482
D00 0.0183 539 446 591 500
D00 0.0182 351 354 394 431
D00 0.0182 47 413 95 439
D00 0.0182 339 399 416 477
D00 0.0182 430 457 541 545
D00 0.0181 0 471 49 508
D00 0.0181 66 417 137 452
D00 0.0181 332 353 426 411
D00 0.0180 140 377 207 440
D00 0.0180 362 345 394 396
D00 0.0180 1 466 97 516
D00 0.0180 436 459 510 587
D00 0.0179 149 456 175 499
D00 0.0178 223 468 280 494
D00 0.0177 131 439 159 493
D00 0.0177 0 455 51 495
D00 0.0176 319 331 346 397
D00 0.0175 480 411 568 462
D00 0.0175 273 333 295 379
D00 0.0175 157 395 214 444
D00 0.0174 91 478 144 502
D00 0.0174 14 404 93 468
D00 0.0173 54 421 104 447
D00 0.0173 167 444 412 544
D00 0.0172 206 334 267 367
D00 0.0172 512 392 575 472
D00 0.0172 223 462 251 503
D00 0.0171 29 417 95 453
D00 0.0170 93 467 178 503
D00 0.0170 232 331 279 374
D00 0.0170 24 431 82 512
D00 0.0170 180 382 254 420
D00 0.0170 246 354 380 492
D00 0.0170 447 474 481 535
D00 0.0169 238 443 271 493
D00 0.0169 349 326 435 365
D00 0.0168 479 455 536 499
D00 0.0168 9 444 223 545
D00 0.0168 154 452 271 513
D00 0.0168 0 396 63 492
D00 0.0167 98 452 138 495
D00 0.0167 56 424 118 464
D00 0.0167 362 366 417 393
D00 0.0167 320 319 355 351
D00 0.0166 149 406 203 485
D00 0.0166 219 330 271 355
D00 0.0166 338 323 391 347
D00 0.0166 429 345 462 383
D00 0.0165 454 467 517 516
D00 0.0164 508 365 568 440
D00 0.0163 439 350 497 376
D00 0.0163 235 357 283 381
D00 0.0162 469 423 514 498
D00 0.0162 132 446 207 484
D00 0.0162 163 454 209 489
D00 0.0162 326 423 355 483
D00 0.0162 464 344 566 405
D00 0.0162 367 412 416 488
D00 0.0161 235 439 309 497
D00 0.0160 512 446 571 497
D00 0.0160 362 356 416 384
D00 0.0159 439 391 523 443
D00 0.0159 293 346 315 394
D00 0.0158 566 409 600 448
D00 0.0158 301 351 356 478
D00 0.0157 423 404 459 463
D00 0.0157 182 399 229 464
D00 0.0157 325 337 375 428
D00 0.0156 76 409 147 442
D00 0.0156 405 470 509 539
D00 0.0156 329 430 432 482
D00 0.0155 245 367 300 407
D00 0.0155 372 316 527 399
D00 0.0155 400 479 578 588
D00 0.0154 536 570 600 600
D00 0.0154 96 358 237 425
D00 0.0154 474 368 535 396
D00 0.0154 139 421 194 470
D00 0.0154 0 473 28 520
D00 0.0154 457 421 542 476
D00 0.0154 197 443 267 561
D00 0.0153 436 375 498 399
D00 0.0153 379 357 437 382
D00 0.0153 301 417 344 488
D00 0.0153 170 466 249 503
D00 0.0153 206 463 236 503
D00 0.0153 112 438 142 495
D00 0.0152 375 450 463 516
D00 0.0152 355 331 413 356
D00 0.0152 453 478 487 512
D00 0.0151 88 461 129 501
D00 0.0150 221 348 273 372
D00 0.0150 312 322 395 474
D00 0.0150 194 356 247 408
D00 0.0150 334 355 376 383
D00 0.0150 481 377 548 404
D00 0.0149 141 464 167 504
D00 0.0149 102 394 181 441
D00 0.0149 231 362 267 399
D00 0.0148 382 365 416 420
D00 0.0148 287 372 463 560
D00 0.0148 0 440 28 495
D00 0.0147 484 540 600 600
D00 0.0147 242 339 285 363
D00 0.0146 64 435 128 473
D00 0.0146 62 466 150 506
D00 0.0146 461 387 529 423
D00 0.0145 120 420 170 473
D00 0.0145 241 417 300 467
D00 0.0144 38 444 100 483
D00 0.0144 13 453 82 494
D00 0.0144 27 456 167 514
D00 0.0144 222 454 297 492
D00 0.0144 249 326 283 357
D00 0.0144 276 431 338 491
D00 0.0144 462 358 514 387
D00 0.0143 141 405 281 600
D00 0.0143 493 385 559 413
D00 0.0143 402 379 445 420
D00 0.0142 193 458 233 507
D00 0.0142 312 426 371 483
D00 0.0141 304 351 325 402
D00 0.0140 395 369 458 406
D00 0.0140 276 345 307 380
D00 0.0140 320 430 345 478
D00 0.0140 296 331 383 369
D00 0.0140 118 402 170 450
D00 0.0139 457 373 511 457
D00 0.0139 470 352 525 400
D00 0.0139 151 365 233 414
D00 0.0138 394 453 453 499
D00 0.0137 150 391 222 425
D00 0.0137 186 363 244 433
D00 0.0137 198 342 258 376
D00 0.0137 527 440 586 526
D00 0.0137 301 332 355 354
D00 0.0137 402 316 467 376
D00 0.0137 381 293 600 445
D00 0.0136 262 349 306 373
D00 0.0136 214 367 247 422
D00 0.0136 282 342 333 434
D00 0.0136 0 456 34 533
D00 0.0135 301 340 354 361
D00 0.0135 51 410 92 479
D00 0.0135 357 441 408 482
D00 0.0134 364 371 394 420
D00 0.0134 44 472 110 508
D00 0.0134 220 370 281 408
D00 0.0134 455 343 510 405
D00 0.0134 400 365 457 389
D00 0.0133 382 329 449 360
D00 0.0133 67 461 109 502
D00 0.0132 69 458 223 512
D00 0.0132 441 515 600 594
D00 0.0132 0 422 138 557
D00 0.0132 577 416 600 455
D00 0.0132 331 348 353 401
D00 0.0131 326 367 374 469
D00 0.0131 145 337 265 407
D00 0.0131 306 391 399 480
D00 0.0130 313 346 360 371
D00 0.0130 508 380 577 419
D00 0.0130 0 336 138 470
D00 0.0129 339 437 361 484
D00 0.0129 337 463 489 548
D00 0.0129 0 415 38 504
D00 0.0129 508 436 599 584
D00 0.0129 572 433 598 492
D00 0.0128 312 342 334 392
D00 0.0128 433 330 473 384
D00 0.0128 382 423 426 465
D00 0.0128 170 461 316 596
D00 0.0128 207 353 272 385
D00 0.0127 387 362 430 398
D00 0.0127 414 322 563 386
D00 0.0127 93 398 191 519
D00 0.0126 58 383 114 450
D00 0.0126 55 402 85 451
D00 0.0126 154 417 196 454
D00 0.0125 357 369 383 418
D00 0.0125 121 418 190 453
D00 0.0124 70 478 126 504
D00 0.0124 89 399 157 434
D00 0.0124 312 396 350 479
D00 0.0124 506 312 600 438
D00 0.0124 130 390 194 425
D00 0.0124 180 346 255 393
D00 0.0124 310 312 367 360
D00 0.0124 221 450 267 514
D00 0.0123 378 443 420 478
D00 0.0123 307 337 353 429
D00 0.0123 204 509 255 532
D00 0.0123 152 432 249 568
D00 0.0122 525 509 600 598
D00 0.0121 263 322 287 364
D00 0.0121 270 357 316 384
D00 0.0121 409 379 476 416
D00 0.0121 265 334 394 437
D00 0.0120 555 400 595 440
D00 0.0120 371 451 406 487
D00 0.0120 434 341 485 366
D00 0.0120 260 374 303 401
D00 0.0120 145 404 184 464
D00 0.0119 292 396 334 472
D00 0.0119 290 350 319 416
D00 0.0118 337 440 385 483
D00 0.0118 304 327 341 403
D00 0.0118 348 455 420 487
D00 0.0118 312 330 336 370
D00 0.0118 147 442 200 506
D00 0.0118 349 416 393 489
D00 0.0117 376 400 408 452
D00 0.0117 230 397 332 518
D00 0.0117 474 368 509 407
D00 0.0117 100 365 180 469
D00 0.0117 158 447 187 494
D00 0.0117 60 369 143 469
D00 0.0117 543 432 598 471
D00 0.0117 213 477 259 499
D00 0.0116 162 435 209 472
D00 0.0116 434 490 494 544
D00 0.0116 336 526 523 600
D00 0.0116 454 410 508 468
D00 0.0115 245 463 285 495
D00 0.0115 232 429 332 477
D00 0.0115 419 349 455 390
D00 0.0115 309 437 336 484
D00 0.0115 210 362 251 397
D00 0.0115 407 468 475 521
D00 0.0114 290 422 323 483
D00 0.0114 493 384 554 463
D00 0.0114 204 379 239 426
D00 0.0114 532 358 595 429
D00 0.0113 365 415 432 454
D00 0.0113 393 433 426 483
D00 0.0113 447 384 507 408
D00 0.0113 198 337 246 365
D00 0.0112 261 360 324 397
D00 0.0112 66 404 124 433
D00 0.0112 233 338 263 383
D00 0.0112 303 338 325 382
D00 0.0111 277 340 385 391
D00 0.0111 360 384 407 466
D00 0.0111 301 437 326 485
D00 0.0111 0 309 203 498
D00 0.0111 514 338 592 405
D00 0.0110 168 403 198 453
D00 0.0110 291 326 422 377
D00 0.0110 220 510 274 533
D00 0.0110 503 419 563 474
D00 0.0109 153 399 194 435
D00 0.0109 9 469 68 498
D00 0.0109 224 346 253 397
D00 0.0109 220 428 305 530
D00 0.0109 148 413 204 441
D00 0.0109 320 446 363 489
D00 0.0108 230 322 277 344
D00 0.0108 376 438 401 483
D00 0.0108 85 444 130 485
D00 0.0108 85 422 142 447
D00 0.0108 437 355 469 398
D00 0.0107 361 333 395 376
D00 0.0107 465 401 520 454
D00 0.0106 122 450 170 479
D00 0.0106 81 364 274 575
D00 0.0106 335 370 401 404
D00 0.0106 445 345 478 386
D00 0.0106 111 375 189 423
D00 0.0105 43 466 299 594
D00 0.0105 419 470 464 503
D00 0.0105 150 309 267 476
D00 0.0104 556 454 593 494
D00 0.0104 233 341 334 393
D00 0.0104 480 345 600 600
D00 0.0104 110 436 231 600
D00 0.0104 171 401 217 434
D00 0.0104 0 486 33 511
D00 0.0103 212 323 284 362
D00 0.0103 270 336 342 403
D00 0.0103 0 482 64 513
D00 0.0103 173 473 216 501
D00 0.0103 141 429 167 484
D00 0.0102 54 464 85 509
D00 0.0102 244 395 348 450
D00 0.0102 186 509 237 532
D00 0.0102 371 340 405 386
D00 0.0102 485 446 518 497
D00 0.0102 581 426 600 479
D00 0.0102 182 392 229 426
D00 0.0102 257 437 294 497
D00 0.0102 46 458 94 487
D00 0.0102 168 362 233 396
D00 0.0101 335 414 364 479
D00 0.0101 194 357 245 381
D00 0.0101 443 374 486 440
D00 0.0101 348 438 371 484
D00 0.0101 188 502 272 537
D00 0.0101 540 222 600 348
D00 0.0101 489 469 548 495
D00 0.0101 462 476 498 533
D00 0.0101 183 544 332 600
D00 0.0101 199 461 244 529
D00 0.0101 127 404 179 429
D00 0.0101 512 0 600 133
D00 0.0100 271 447 321 493
D00 0.0100 116 435 156 474
D00 0.0100 66 444 110 484
D00 0.0100 209 328 251 360
D10 0.1074 207 403 262 425
D10 0.1021 188 397 271 444
D10 0.0526 170 402 251 431
D10 0.0477 187 397 252 421
D10 0.0473 203 410 255 436
D10 0.0469 367 436 463 484
D10 0.0413 230 403 286 429
D10 0.0390 163 404 255 456
D10 0.0382 387 440 445 469
D10 0.0371 227 395 275 421
D10 0.0347 218 409 267 440
D10 0.0346 219 394 317 442
D10 0.0343 532 413 593 442
D10 0.0341 176 432 241 458
D10 0.0334 177 413 242 438
D10 0.0333 372 450 436 475
D10 0.0324 178 439 241 470
D10 0.0324 142 423 244 469
D10 0.0319 545 421 595 450
D10 0.0285 222 406 291 446
D10 0.0282 397 448 456 476
D10 0.0271 175 468 237 493
D10 0.0266 156 432 223 456
D10 0.0264 401 404 453 428
D10 0.0256 358 439 437 472
D10 0.0252 372 404 427 430
D10 0.0250 393 428 443 462
D10 0.0241 213 430 268 458
D10 0.0241 244 395 297 420
D10 0.0240 206 386 258 416
D10 0.0237 191 421 246 450
D10 0.0236 166 459 233 487
D10 0.0229 165 422 232 450
D10 0.0224 157 441 224 466
D10 0.0223 408 412 464 436
D10 0.0220 249 406 312 428
D10 0.0211 238 413 301 440
D10 0.0210 370 395 424 423
D10 0.0209 397 395 445 420
D10 0.0208 388 451 464 490
D10 0.0203 347 448 424 478
D10 0.0196 214 420 261 449
D10 0.0191 512 412 578 437
D10 0.0190 363 375 419 400
D10 0.0188 428 442 479 467
D10 0.0187 0 423 89 472
D10 0.0187 159 392 236 425
D10 0.0186 409 419 461 447
D10 0.0183 526 424 598 462
D10 0.0183 156 450 223 479
D10 0.0182 366 384 421 411
D10 0.0180 132 428 206 460
D10 0.0175 509 415 583 451
D10 0.0173 531 100 600 126
D10 0.0169 239 383 285 413
D10 0.0168 225 412 332 458
D10 0.0168 460 467 581 512
D10 0.0167 356 444 413 468
D10 0.0166 148 423 207 450
D10 0.0165 382 458 445 485
D10 0.0163 145 475 225 502
D10 0.0159 174 479 234 500
D10 0.0158 221 424 292 461
D10 0.0158 147 464 255 510
D10 0.0153 219 439 276 465
D10 0.0153 373 464 475 514
D10 0.0149 1 419 75 453
D10 0.0147 158 414 218 440
D10 0.0147 455 449 515 479
D10 0.0146 412 399 484 436
D10 0.0146 237 365 283 390
D10 0.0145 365 459 420 485
D10 0.0143 383 375 434 398
D10 0.0141 5 432 65 456
D10 0.0139 139 441 197 465
D10 0.0138 544 404 592 433
D10 0.0138 488 407 565 442
D10 0.0137 393 383 439 410
D10 0.0137 416 477 471 501
D10 0.0135 157 405 217 428
D10 0.0135 466 473 543 502
D10 0.0134 408 467 465 494
D10 0.0134 418 430 472 457
D10 0.0131 451 435 521 474
D10 0.0131 235 373 280 401
D10 0.0130 404 484 490 534
D10 0.0129 224 358 276 380
D10 0.0128 447 441 504 466
D10 0.0128 238 421 301 450
D10 0.0127 205 477 250 499
D10 0.0126 516 435 585 473
D10 0.0120 435 408 503 443
D10 0.0119 139 451 196 479
D10 0.0117 195 466 291 513
D10 0.0117 129 432 183 455
D10 0.0116 335 373 426 416
D10 0.0115 240 385 337 430
D10 0.0114 476 427 546 463
D10 0.0113 432 475 573 538
D10 0.0113 70 489 127 509
D10 0.0113 250 409 328 443
D10 0.0113 350 384 401 408
D10 0.0112 353 477 478 540
D10 0.0111 217 375 264 400
D10 0.0110 421 416 490 453
D10 0.0109 264 396 318 420
D10 0.0109 377 463 452 496
D10 0.0109 216 366 265 387
D10 0.0108 431 412 489 436
D10 0.0108 220 449 275 478
D10 0.0107 467 418 537 454
D10 0.0106 251 399 294 434
D10 0.0106 342 375 390 401
D10 0.0105 491 403 559 428
D10 0.0105 432 426 498 464
D10 0.0105 0 436 57 471
D10 0.0105 49 488 105 510
D10 0.0104 569 413 600 441
D10 0.0104 90 488 144 508
D10 0.0103 550 438 595 465
D10 0.0100 424 487 474 510
D10 0.0100 253 428 332 459
D20 0.2183 124 370 561 495
D20 0.2023 102 409 272 497
D20 0.1800 396 405 585 505
D20 0.1548 46 382 305 486
D20 0.1542 186 387 315 490
D20 0.1414 139 317 599 544
D20 0.1269 145 384 424 482
D20 0.1247 343 386 470 487
D20 0.0972 13 377 497 551
D20 0.0774 357 328 600 499
D20 0.0729 132 370 283 470
D20 0.0727 162 445 253 492
D20 0.0585 30 411 216 502
D20 0.0568 0 165 557 591
D20 0.0502 198 359 347 461
D20 0.0497 119 436 556 600
D20 0.0496 134 459 238 497
D20 0.0490 329 225 600 589
D20 0.0451 17 15 600 441
D20 0.0440 439 457 537 500
D20 0.0436 152 422 253 472
D20 0.0390 193 393 268 456
D20 0.0353 307 354 456 454
D20 0.0343 186 415 399 488
D20 0.0338 192 379 268 429
D20 0.0336 192 433 314 498
D20 0.0334 216 408 319 474
D20 0.0327 284 358 532 600
D20 0.0311 447 287 600 600
D20 0.0301 218 373 292 430
D20 0.0300 356 449 600 600
D20 0.0295 204 257 561 478
D20 0.0295 153 405 251 454
D20 0.0290 5 348 258 475
D20 0.0281 253 397 462 480
D20 0.0272 206 348 313 431
D20 0.0269 227 382 362 486
D20 0.0264 0 301 315 534
D20 0.0255 100 443 263 512
D20 0.0251 154 424 450 550
D20 0.0244 367 445 465 491
D20 0.0244 0 0 291 600
D20 0.0243 417 443 587 520
D20 0.0243 317 421 447 486
D20 0.0243 0 0 408 294
D20 0.0240 167 0 600 294
D20 0.0231 234 361 312 416
D20 0.0230 471 447 565 498
D20 0.0225 127 364 400 600
D20 0.0213 508 457 591 502
D20 0.0212 207 456 293 497
D20 0.0212 21 423 280 545
D20 0.0208 0 451 255 600
D20 0.0207 411 195 600 497
D20 0.0206 152 387 246 433
D20 0.0201 253 0 600 600
D20 0.0181 0 467 82 511
D20 0.0180 125 291 363 496
D20 0.0176 159 470 438 597
D20 0.0170 215 338 404 412
D20 0.0163 159 468 246 503
D20 0.0160 345 393 439 441
D20 0.0158 42 263 457 469
D20 0.0151 0 362 155 600
D20 0.0147 251 356 339 402
D20 0.0145 325 443 428 482
D20 0.0141 8 445 183 516
D20 0.0137 35 466 119 510
D20 0.0137 426 513 600 593
D20 0.0134 182 317 486 446
D20 0.0130 241 432 356 482
D20 0.0129 0 0 147 227
D20 0.0127 131 417 239 531
D20 0.0126 454 0 600 230
D20 0.0124 183 537 370 600
D20 0.0122 0 434 28 508
D20 0.0117 389 0 600 320
D20 0.0110 0 0 213 146
D20 0.0107 218 506 486 600
D20 0.0105 0 0 73 115
D20 0.0101 495 0 600 156
D20 0.0101 381 0 600 144
D20 0.0101 283 334 378 368
D40 0.0295 540 478 589 503
D40 0.0294 23 394 95 444
D40 0.0241 519 458 593 503
D40 0.0240 38 393 85 423
D40 0.0232 50 398 88 439
D40 0.0201 1 371 145 457
D40 0.0193 40 387 114 438
D40 0.0179 537 464 582 500
D40 0.0167 551 573 598 600
D40 0.0144 555 464 593 501
D40 0.0139 6 379 101 432
D40 0.0137 27 402 84 431
D40 0.0135 219 538 400 600
D40 0.0125 260 568 351 600
D40 0.0124 65 384 146 435
D40 0.0118 567 558 600 597
D40 0.0118 537 553 600 600
D40 0.0114 52 392 99 425
D40 0.0112 44 388 90 411
D40 0.0112 20 385 83 416
D40 0.0112 256 424 350 466
D40 0.0111 274 432 361 477
D40 0.0111 0 463 23 501
D40 0.0107 295 538 476 600
D40 0.0102 177 568 264 600
D40 0.0100 533 487 586 508
D40 0.0100 307 568 392 600
