D00 0.1368 461 502 597 590
D00 0.0906 256 345 277 395
D00 0.0817 462 554 484 599
D00 0.0790 500 522 578 568
D00 0.0727 430 447 586 589
D00 0.0642 397 494 421 544
D00 0.0616 527 511 600 589
D00 0.0552 497 536 591 592
D00 0.0548 404 502 427 550
D00 0.0535 292 447 315 499
D00 0.0514 313 528 350 600
D00 0.0507 262 346 285 393
D00 0.0490 452 570 496 597
D00 0.0477 455 535 492 600
D00 0.0457 395 483 433 551
D00 0.0455 513 525 563 557
D00 0.0452 482 508 564 559
D00 0.0452 347 399 391 453
D00 0.0439 521 534 574 563
D00 0.0429 250 337 284 415
D00 0.0414 257 358 278 415
D00 0.0409 534 541 600 600
D00 0.0401 485 480 591 568
D00 0.0396 256 331 276 377
D00 0.0355 454 560 514 597
D00 0.0353 284 442 308 492
D00 0.0351 518 498 570 573
D00 0.0351 320 551 345 600
D00 0.0350 248 347 271 393
D00 0.0347 505 434 600 586
D00 0.0345 429 503 548 594
D00 0.0333 338 488 572 590
D00 0.0328 331 381 390 443
D00 0.0328 284 435 320 507
D00 0.0319 0 575 51 599
D00 0.0316 256 327 293 398
D00 0.0313 348 400 591 596
D00 0.0304 263 331 287 375
D00 0.0298 454 549 478 597
D00 0.0294 436 556 495 600
D00 0.0293 260 351 289 423
D00 0.0292 447 541 569 592
D00 0.0280 572 551 598 600
D00 0.0265 269 327 303 360
D00 0.0265 396 515 438 544
D00 0.0259 314 363 410 451
D00 0.0256 526 532 587 577
D00 0.0256 393 503 447 560
D00 0.0255 552 560 600 600
D00 0.0252 341 402 384 432
D00 0.0250 388 505 427 537
D00 0.0249 513 512 575 553
D00 0.0243 322 567 356 600
D00 0.0241 264 339 311 362
D00 0.0240 416 478 558 559
D00 0.0237 248 359 286 447
D00 0.0237 429 572 486 598
D00 0.0234 248 330 267 376
D00 0.0233 303 507 341 600
D00 0.0232 456 463 577 542
D00 0.0229 379 477 425 544
D00 0.0227 561 501 600 594
D00 0.0225 256 357 298 384
D00 0.0223 262 339 307 382
D00 0.0220 241 328 278 398
D00 0.0220 391 484 496 587
D00 0.0220 244 352 275 420
D00 0.0217 256 348 299 374
D00 0.0216 256 378 279 435
D00 0.0213 0 527 43 600
D00 0.0210 337 394 384 422
D00 0.0205 299 448 323 499
D00 0.0203 281 460 311 500
D00 0.0201 402 441 558 532
D00 0.0201 442 411 600 547
D00 0.0198 264 378 287 436
D00 0.0198 279 360 381 452
D00 0.0198 277 331 328 355
D00 0.0197 290 477 364 600
D00 0.0195 315 372 378 430
D00 0.0194 349 388 401 436
D00 0.0194 269 348 296 391
D00 0.0194 408 497 436 546
D00 0.0194 449 460 500 503
D00 0.0193 308 566 343 600
D00 0.0192 352 411 399 441
D00 0.0191 387 489 415 536
D00 0.0191 0 560 31 597
D00 0.0191 335 392 375 456
D00 0.0189 320 437 481 584
D00 0.0189 458 469 508 512
D00 0.0188 104 469 143 546
D00 0.0188 327 376 429 433
D00 0.0188 387 462 456 581
D00 0.0188 440 581 490 600
D00 0.0186 0 551 67 600
D00 0.0186 379 449 511 564
D00 0.0185 264 363 305 448
D00 0.0185 418 513 503 591
D00 0.0184 320 549 380 600
D00 0.0183 276 404 313 492
D00 0.0182 335 408 407 459
D00 0.0181 257 350 316 404
D00 0.0180 306 378 459 465
D00 0.0180 496 516 555 547
D00 0.0180 252 327 280 361
D00 0.0180 553 547 596 586
D00 0.0179 317 359 369 402
D00 0.0178 344 395 425 443
D00 0.0178 410 544 526 595
D00 0.0178 270 331 319 370
D00 0.0178 477 481 547 551
D00 0.0177 112 475 137 527
D00 0.0176 460 528 530 596
D00 0.0176 453 556 496 584
D00 0.0175 392 485 423 525
D00 0.0175 283 543 347 600
D00 0.0174 479 515 555 593
D00 0.0174 402 509 432 576
D00 0.0174 323 382 383 416
D00 0.0173 0 393 76 424
D00 0.0171 242 343 302 458
D00 0.0170 378 420 539 509
D00 0.0170 264 448 310 496
D00 0.0170 273 390 297 443
D00 0.0169 378 484 432 583
D00 0.0168 509 495 553 562
D00 0.0168 325 378 378 400
D00 0.0168 342 420 385 451
D00 0.0167 328 542 353 599
D00 0.0167 410 501 469 595
D00 0.0167 308 368 362 392
D00 0.0165 256 353 321 477
D00 0.0165 457 581 506 600
D00 0.0164 237 358 283 383
D00 0.0164 248 365 289 391
D00 0.0164 247 340 292 362
D00 0.0164 293 359 394 412
D00 0.0163 252 402 504 600
D00 0.0161 301 343 366 397
D00 0.0160 293 446 330 527
D00 0.0160 274 450 314 479
D00 0.0159 301 419 411 593
D00 0.0159 322 353 362 388
D00 0.0158 367 496 446 544
D00 0.0158 499 560 595 600
D00 0.0158 301 388 396 481
D00 0.0157 261 366 310 390
D00 0.0156 571 495 600 566
D00 0.0156 202 488 255 516
D00 0.0156 333 390 428 482
D00 0.0155 434 452 516 496
D00 0.0154 318 499 368 600
D00 0.0153 356 416 383 463
D00 0.0152 248 346 336 433
D00 0.0152 351 399 520 489
D00 0.0152 341 386 391 410
D00 0.0152 465 573 529 597
D00 0.0151 545 516 598 566
D00 0.0150 447 488 515 587
D00 0.0150 358 498 459 597
D00 0.0150 316 348 366 374
D00 0.0150 249 309 285 383
D00 0.0150 294 499 334 580
D00 0.0150 466 539 509 598
D00 0.0149 440 469 493 495
D00 0.0148 349 377 411 464
D00 0.0148 434 427 560 495
D00 0.0147 315 373 355 405
D00 0.0147 429 469 539 523
D00 0.0147 104 469 131 519
D00 0.0146 304 340 357 364
D00 0.0145 400 506 446 538
D00 0.0145 284 339 341 363
D00 0.0145 257 373 371 495
D00 0.0144 465 479 518 504
D00 0.0143 293 562 373 600
D00 0.0143 237 349 283 374
D00 0.0143 462 476 526 541
D00 0.0143 265 418 374 593
D00 0.0142 278 369 336 468
D00 0.0142 283 352 436 433
D00 0.0141 254 318 307 372
D00 0.0139 302 521 388 600
D00 0.0139 333 375 397 405
D00 0.0139 316 581 366 600
D00 0.0139 296 373 359 465
D00 0.0139 440 461 491 486
D00 0.0139 334 411 379 441
D00 0.0138 246 379 270 433
D00 0.0138 308 489 432 600
D00 0.0138 273 321 316 349
D00 0.0138 376 497 422 527
D00 0.0137 287 439 317 473
D00 0.0136 305 400 387 451
D00 0.0136 522 527 566 594
D00 0.0135 312 523 335 581
D00 0.0135 243 326 270 359
D00 0.0134 276 453 330 494
D00 0.0134 434 424 497 486
D00 0.0133 279 391 309 458
D00 0.0133 429 420 533 564
D00 0.0133 288 344 356 378
D00 0.0133 464 471 520 495
D00 0.0133 326 365 389 396
D00 0.0132 308 411 514 537
D00 0.0132 416 406 542 481
D00 0.0131 281 369 430 511
D00 0.0131 284 421 306 473
D00 0.0130 13 383 83 416
D00 0.0130 530 509 561 562
D00 0.0130 399 492 465 549
D00 0.0130 302 464 323 516
D00 0.0129 274 443 301 490
D00 0.0129 210 497 262 521
D00 0.0129 540 469 600 572
D00 0.0129 201 574 258 599
D00 0.0129 394 496 434 527
D00 0.0129 235 383 417 570
D00 0.0128 418 463 505 538
D00 0.0128 104 487 131 535
D00 0.0127 2 142 26 198
D00 0.0127 308 498 338 565
D00 0.0126 325 360 431 411
D00 0.0126 104 497 144 577
D00 0.0126 369 445 438 560
D00 0.0126 325 388 366 427
D00 0.0126 324 341 375 384
D00 0.0125 266 393 304 471
D00 0.0125 94 527 140 600
D00 0.0124 442 515 486 600
D00 0.0124 329 575 387 599
D00 0.0123 282 407 332 504
D00 0.0123 316 506 346 577
D00 0.0123 247 332 292 354
D00 0.0123 354 417 418 455
D00 0.0122 96 448 138 525
D00 0.0122 191 482 269 521
D00 0.0122 80 457 157 600
D00 0.0122 330 559 366 598
D00 0.0121 260 392 291 453
D00 0.0121 316 338 382 367
D00 0.0120 0 44 62 197
D00 0.0120 272 354 313 385
D00 0.0120 575 486 599 539
D00 0.0119 447 327 600 600
D00 0.0119 265 372 362 432
D00 0.0119 342 488 432 534
D00 0.0119 371 436 474 531
D00 0.0119 348 431 393 459
D00 0.0118 350 384 421 414
D00 0.0118 270 363 296 412
D00 0.0118 463 446 586 515
D00 0.0118 317 397 378 435
D00 0.0118 496 469 589 526
D00 0.0118 365 468 415 536
D00 0.0117 0 408 32 441
D00 0.0117 573 533 598 586
D00 0.0117 332 349 385 372
D00 0.0117 293 332 348 354
D00 0.0117 309 546 339 590
D00 0.0117 0 402 43 432
D00 0.0116 247 343 342 389
D00 0.0116 389 390 523 460
D00 0.0116 301 376 351 422
D00 0.0115 247 388 297 486
D00 0.0115 500 490 577 545
D00 0.0115 471 562 504 600
D00 0.0114 288 413 318 482
D00 0.0114 415 413 477 478
D00 0.0114 441 548 473 596
D00 0.0113 456 461 511 485
D00 0.0113 432 386 595 469
D00 0.0113 255 400 279 447
D00 0.0113 390 519 449 594
D00 0.0113 445 561 559 600
D00 0.0112 28 396 88 420
D00 0.0112 518 502 558 544
D00 0.0112 472 471 528 515
D00 0.0112 390 454 498 503
D00 0.0111 443 447 507 482
D00 0.0111 359 394 474 450
D00 0.0111 227 350 276 391
D00 0.0111 290 451 335 477
D00 0.0111 359 409 396 467
D00 0.0111 329 372 452 544
D00 0.0110 313 567 406 600
D00 0.0110 264 314 290 358
D00 0.0110 343 372 519 447
D00 0.0110 210 570 285 600
D00 0.0110 223 350 287 421
D00 0.0109 228 420 339 591
D00 0.0109 276 339 331 379
D00 0.0109 304 354 346 386
D00 0.0109 318 350 396 392
D00 0.0108 0 414 44 495
D00 0.0108 279 374 353 403
D00 0.0108 387 434 497 483
D00 0.0108 274 409 297 459
D00 0.0107 259 335 359 409
D00 0.0106 341 376 575 516
D00 0.0106 347 411 452 465
D00 0.0106 0 468 57 600
D00 0.0105 0 401 66 447
D00 0.0105 551 581 600 600
D00 0.0105 311 385 363 410
D00 0.0105 333 371 367 413
D00 0.0105 466 458 517 525
D00 0.0105 0 458 42 539
D00 0.0105 325 346 376 415
D00 0.0104 277 340 404 398
D00 0.0104 113 495 137 543
D00 0.0104 356 379 475 428
D00 0.0104 439 478 494 504
D00 0.0104 302 514 327 567
D00 0.0103 224 551 290 600
D00 0.0103 89 438 150 557
D00 0.0103 317 341 349 384
D00 0.0103 536 519 571 565
D00 0.0103 279 451 339 591
D00 0.0103 289 470 317 509
D00 0.0102 197 553 264 600
D00 0.0102 332 357 384 383
D00 0.0102 266 429 315 521
D00 0.0102 80 487 133 582
D00 0.0102 357 404 411 430
D00 0.0102 251 378 329 527
D00 0.0102 0 370 73 413
D00 0.0102 303 464 349 574
D00 0.0101 374 544 483 597
D00 0.0101 422 409 502 521
D00 0.0101 264 361 327 416
D00 0.0101 388 524 434 549
D00 0.0101 284 411 379 465
D00 0.0100 429 535 482 589
D00 0.0100 551 495 599 551
D00 0.0100 458 451 488 496
D10 0.0583 522 533 594 580
D10 0.0543 541 544 594 567
D10 0.0483 528 536 590 563
D10 0.0431 0 403 69 431
D10 0.0368 0 573 70 600
D10 0.0336 0 413 51 436
D10 0.0324 546 552 594 580
D10 0.0293 402 523 480 551
D10 0.0271 481 520 561 557
D10 0.0240 404 519 461 544
D10 0.0234 0 565 48 595
D10 0.0209 556 536 600 560
D10 0.0196 273 359 335 381
D10 0.0190 313 500 371 522
D10 0.0189 458 560 537 595
D10 0.0187 284 369 347 390
D10 0.0183 201 481 257 505
D10 0.0180 0 517 45 541
D10 0.0177 0 397 100 440
D10 0.0175 8 410 86 436
D10 0.0173 0 559 100 599
D10 0.0171 195 474 250 495
D10 0.0170 1 397 62 421
D10 0.0170 543 526 594 555
D10 0.0169 296 358 353 382
D10 0.0167 303 492 403 529
D10 0.0165 268 348 322 373
D10 0.0165 5 509 57 532
D10 0.0164 328 499 442 537
D10 0.0161 255 351 353 387
D10 0.0156 266 368 324 390
D10 0.0156 266 362 364 398
D10 0.0156 518 516 600 567
D10 0.0155 326 442 380 463
D10 0.0154 410 521 514 563
D10 0.0153 361 507 423 532
D10 0.0153 0 381 99 426
D10 0.0153 18 403 97 429
D10 0.0152 0 502 94 540
D10 0.0151 472 512 549 548
D10 0.0150 190 476 272 512
D10 0.0148 208 489 263 515
D10 0.0147 314 504 389 532
D10 0.0147 93 508 138 531
D10 0.0144 463 555 519 583
D10 0.0143 304 443 364 463
D10 0.0140 164 426 216 447
D10 0.0140 421 520 482 543
D10 0.0137 0 421 47 446
D10 0.0136 433 527 493 546
D10 0.0134 85 471 133 495
D10 0.0134 337 508 406 529
D10 0.0133 102 498 144 524
D10 0.0132 471 529 549 566
D10 0.0132 69 500 146 543
D10 0.0132 19 566 79 593
D10 0.0131 172 469 265 503
D10 0.0131 0 508 63 551
D10 0.0131 487 536 565 573
D10 0.0130 381 448 454 475
D10 0.0128 567 539 600 575
D10 0.0128 296 434 391 467
D10 0.0128 301 499 348 522
D10 0.0127 0 452 45 477
D10 0.0127 284 348 343 373
D10 0.0127 308 491 359 515
D10 0.0126 469 549 551 585
D10 0.0125 290 444 338 464
D10 0.0125 95 478 138 504
D10 0.0125 0 525 43 549
D10 0.0121 27 575 89 598
D10 0.0120 236 496 318 523
D10 0.0118 0 460 44 487
D10 0.0118 413 533 473 557
D10 0.0118 339 499 405 523
D10 0.0118 0 523 102 588
D10 0.0117 0 385 129 452
D10 0.0117 345 442 395 464
D10 0.0117 309 507 357 530
D10 0.0117 102 471 147 495
D10 0.0117 353 511 431 542
D10 0.0115 474 574 540 597
D10 0.0115 439 508 538 554
D10 0.0114 164 434 217 453
D10 0.0113 329 432 379 458
D10 0.0113 0 443 45 467
D10 0.0113 215 487 296 515
D10 0.0112 11 507 124 564
D10 0.0112 185 351 236 372
D10 0.0112 387 443 485 480
D10 0.0111 184 360 237 380
D10 0.0111 472 468 541 496
D10 0.0110 398 572 486 600
D10 0.0108 524 516 582 544
D10 0.0108 418 564 482 593
D10 0.0107 0 405 30 430
D10 0.0107 306 434 362 457
D10 0.0106 269 500 322 522
D10 0.0106 224 350 277 373
D10 0.0105 0 508 35 534
D10 0.0104 0 550 65 588
D10 0.0104 21 510 82 531
D10 0.0103 217 498 273 521
D10 0.0102 468 526 529 549
D10 0.0102 0 412 71 454
D10 0.0101 520 502 590 539
D10 0.0101 12 517 69 539
D10 0.0100 92 498 176 542
D10 0.0100 237 540 340 581
D10 0.0100 247 556 306 579
D20 0.0464 206 414 599 595
D20 0.0419 398 506 589 596
D20 0.0313 44 454 507 600
D20 0.0285 546 523 600 600
D20 0.0223 529 561 600 600
D20 0.0217 257 360 405 452
D20 0.0211 267 328 325 359
D20 0.0209 448 555 546 597
D20 0.0209 263 332 345 369
D20 0.0207 281 476 569 599
D20 0.0190 340 503 523 598
D20 0.0185 0 507 155 599
D20 0.0184 418 414 600 600
D20 0.0180 466 530 564 583
D20 0.0180 305 475 473 565
D20 0.0174 368 473 538 571
D20 0.0173 0 456 236 600
D20 0.0170 0 405 349 585
D20 0.0167 252 351 343 388
D20 0.0163 573 526 600 600
D20 0.0155 0 545 103 598
D20 0.0154 0 0 408 294
D20 0.0153 278 340 364 382
D20 0.0151 0 111 32 198
D20 0.0151 167 0 600 294
D20 0.0151 254 353 376 418
D20 0.0142 0 118 290 600
D20 0.0141 381 535 520 600
D20 0.0133 218 343 578 548
D20 0.0131 350 322 600 600
D20 0.0131 0 400 56 449
D20 0.0130 265 340 389 398
D20 0.0129 454 0 600 221
D20 0.0128 0 473 158 568
D20 0.0127 0 582 29 600
D20 0.0127 0 236 516 600
D20 0.0126 0 461 92 600
D20 0.0125 0 0 600 434
D20 0.0121 152 360 321 441
D20 0.0121 577 566 600 600
D20 0.0120 300 334 380 373
D20 0.0117 0 377 147 600
D20 0.0117 0 0 145 219
D20 0.0116 570 582 600 600
D20 0.0116 518 497 600 552
D20 0.0116 0 376 131 429
D20 0.0116 193 354 299 388
D20 0.0116 381 0 600 147
D20 0.0112 186 481 264 521
D20 0.0110 190 530 364 600
D20 0.0110 254 0 600 600
D20 0.0110 574 486 600 568
D20 0.0106 0 525 26 600
D20 0.0106 0 432 155 526
D20 0.0106 0 444 43 516
D20 0.0105 258 525 473 600
D20 0.0105 65 445 148 588
D20 0.0105 453 238 600 599
D20 0.0103 200 478 467 600
D20 0.0103 526 0 600 111
D20 0.0103 554 476 600 554
D20 0.0102 0 563 58 600
D20 0.0102 0 343 428 527
D20 0.0102 322 466 453 536
D20 0.0101 506 540 600 600
D20 0.0100 0 329 34 356
D20 0.0100 261 370 351 408
D40 0.0146 459 453 537 492
D40 0.0136 2 126 27 184
D40 0.0123 470 462 529 484
D40 0.0123 100 503 135 536
D40 0.0114 67 507 145 551
D40 0.0103 478 471 537 492
D40 0.0102 82 516 134 542
D40 0.0101 559 535 593 584
D40 0.0100 450 433 530 478
