D00 0.1181 46 511 95 600
D00 0.0746 43 547 89 599
D00 0.0671 3 510 46 600
D00 0.0563 34 486 110 592
D00 0.0547 39 571 89 598
D00 0.0445 279 485 330 532
D00 0.0414 19 560 99 599
D00 0.0381 254 475 367 595
D00 0.0370 55 528 86 593
D00 0.0364 37 503 95 559
D00 0.0364 62 531 104 600
D00 0.0358 28 519 78 600
D00 0.0357 269 481 349 552
D00 0.0338 59 499 108 577
D00 0.0320 9 539 37 597
D00 0.0310 287 505 338 532
D00 0.0301 285 512 369 595
D00 0.0300 223 467 348 532
D00 0.0300 28 489 74 553
D00 0.0295 6 486 50 572
D00 0.0276 61 559 92 600
D00 0.0275 46 568 115 600
D00 0.0268 304 557 396 600
D00 0.0258 15 557 65 596
D00 0.0258 204 462 404 571
D00 0.0258 261 546 371 596
D00 0.0256 291 495 347 542
D00 0.0251 320 573 383 598
D00 0.0244 24 468 61 547
D00 0.0233 164 574 218 599
D00 0.0232 253 472 324 526
D00 0.0228 60 520 94 579
D00 0.0222 19 503 65 578
D00 0.0209 139 451 193 498
D00 0.0208 46 371 75 447
D00 0.0206 52 512 87 569
D00 0.0203 47 581 103 600
D00 0.0201 10 328 34 373
D00 0.0199 5 413 55 494
D00 0.0199 201 542 357 600
D00 0.0193 153 556 226 600
D00 0.0190 46 518 79 582
D00 0.0189 335 571 414 600
D00 0.0189 32 357 72 444
D00 0.0189 33 445 68 527
D00 0.0188 248 522 354 589
D00 0.0188 71 513 102 566
D00 0.0187 324 531 376 600
D00 0.0187 14 457 51 534
D00 0.0183 34 550 72 597
D00 0.0183 0 426 30 500
D00 0.0183 261 487 317 517
D00 0.0182 242 435 360 542
D00 0.0182 287 504 368 552
D00 0.0177 19 494 49 549
D00 0.0176 261 485 331 583
D00 0.0173 25 435 59 516
D00 0.0169 329 560 373 596
D00 0.0169 286 486 414 598
D00 0.0169 19 509 47 570
D00 0.0167 301 524 406 590
D00 0.0166 133 470 185 497
D00 0.0166 0 301 121 570
D00 0.0165 43 553 135 600
D00 0.0163 140 426 206 487
D00 0.0162 2 420 27 471
D00 0.0162 305 564 366 594
D00 0.0161 209 493 348 572
D00 0.0160 41 421 81 486
D00 0.0158 50 363 71 418
D00 0.0156 286 492 326 554
D00 0.0156 212 455 329 511
D00 0.0156 139 429 207 459
D00 0.0153 134 461 184 488
D00 0.0153 159 563 209 593
D00 0.0152 132 433 184 455
D00 0.0152 151 546 292 600
D00 0.0151 315 547 433 597
D00 0.0151 279 560 357 597
D00 0.0150 137 446 177 484
D00 0.0150 4 446 40 521
D00 0.0150 282 489 383 541
D00 0.0149 75 521 112 595
D00 0.0149 246 494 335 536
D00 0.0148 47 489 101 544
D00 0.0147 184 422 432 546
D00 0.0146 285 462 336 540
D00 0.0144 259 571 335 600
D00 0.0143 280 473 311 522
D00 0.0143 18 329 42 373
D00 0.0143 148 460 179 502
D00 0.0142 237 475 314 510
D00 0.0141 35 478 65 537
D00 0.0140 267 449 346 523
D00 0.0139 2 529 29 592
D00 0.0139 168 443 217 489
D00 0.0138 118 444 182 501
D00 0.0137 12 502 37 558
D00 0.0137 349 555 405 599
D00 0.0134 56 401 81 454
D00 0.0134 262 463 500 567
D00 0.0134 187 480 248 503
D00 0.0133 67 505 116 555
D00 0.0133 3 405 40 469
D00 0.0133 10 344 34 393
D00 0.0132 40 379 65 438
D00 0.0131 234 555 320 598
D00 0.0130 60 422 95 482
D00 0.0130 40 363 63 418
D00 0.0129 55 420 83 471
D00 0.0128 269 479 318 507
D00 0.0128 35 393 71 458
D00 0.0126 42 341 78 421
D00 0.0126 131 572 208 600
D00 0.0126 142 436 184 472
D00 0.0126 0 467 40 552
D00 0.0126 18 345 43 394
D00 0.0125 165 523 318 592
D00 0.0124 305 512 359 562
D00 0.0123 46 522 168 587
D00 0.0122 144 422 183 452
D00 0.0122 60 499 94 551
D00 0.0122 198 471 259 496
D00 0.0120 50 438 88 506
D00 0.0119 10 484 38 542
D00 0.0119 23 527 58 594
D00 0.0119 17 427 68 483
D00 0.0119 295 501 333 569
D00 0.0119 364 575 429 598
D00 0.0118 57 380 80 438
D00 0.0118 49 459 87 535
D00 0.0118 312 540 357 600
D00 0.0118 47 411 75 463
D00 0.0118 168 568 262 600
D00 0.0117 306 480 374 573
D00 0.0116 151 447 195 484
D00 0.0115 342 531 395 600
D00 0.0114 179 489 238 510
D00 0.0114 19 341 62 420
D00 0.0114 148 437 213 471
D00 0.0114 219 390 476 580
D00 0.0113 138 488 196 510
D00 0.0112 127 423 189 473
D00 0.0112 188 459 227 491
D00 0.0111 60 483 127 545
D00 0.0111 2 336 27 381
D00 0.0111 337 581 398 600
D00 0.0111 0 502 33 579
D00 0.0110 143 502 260 600
D00 0.0110 10 312 34 358
D00 0.0110 38 436 65 492
D00 0.0110 119 479 177 503
D00 0.0110 309 551 376 588
D00 0.0109 305 502 338 550
D00 0.0109 73 493 160 597
D00 0.0109 152 546 202 592
D00 0.0108 65 413 90 461
D00 0.0108 224 571 299 600
D00 0.0108 355 567 455 600
D00 0.0108 285 443 388 578
D00 0.0108 162 421 203 451
D00 0.0107 2 320 27 366
D00 0.0106 173 428 212 459
D00 0.0105 208 462 268 501
D00 0.0105 64 572 143 600
D00 0.0105 1 455 27 511
D00 0.0105 49 387 182 554
D00 0.0104 323 515 361 585
D00 0.0104 180 425 346 512
D00 0.0104 297 517 479 597
D00 0.0104 58 357 80 405
D00 0.0104 176 561 219 597
D00 0.0104 288 533 342 600
D00 0.0103 301 506 403 566
D00 0.0103 65 582 124 600
D00 0.0103 6 354 39 424
D00 0.0102 75 557 114 597
D00 0.0102 140 427 170 467
D00 0.0102 475 0 600 208
D00 0.0101 93 502 226 600
D00 0.0101 28 355 54 407
D00 0.0100 24 382 61 450
D00 0.0100 14 364 50 435
D00 0.0100 31 334 143 528
D00 0.0100 186 571 230 600
D00 0.0100 292 488 343 517
D00 0.0100 242 472 313 556
D00 0.0100 176 433 224 478
D10 0.0633 19 509 79 550
D10 0.0519 14 572 85 597
D10 0.0513 17 515 64 543
D10 0.0453 34 524 88 549
D10 0.0397 35 423 85 447
D10 0.0368 22 484 114 542
D10 0.0363 32 505 84 537
D10 0.0333 5 419 79 452
D10 0.0326 47 515 98 544
D10 0.0318 33 496 83 525
D10 0.0309 43 431 93 457
D10 0.0307 88 387 146 410
D10 0.0285 96 395 155 415
D10 0.0276 7 524 53 547
D10 0.0268 25 414 77 440
D10 0.0267 20 464 101 522
D10 0.0266 23 525 88 565
D10 0.0264 37 532 88 557
D10 0.0263 0 512 74 568
D10 0.0257 17 491 77 532
D10 0.0255 17 413 101 462
D10 0.0253 50 425 104 448
D10 0.0251 1 423 49 448
D10 0.0247 33 488 83 513
D10 0.0240 39 493 104 532
D10 0.0236 2 426 66 463
D10 0.0225 7 414 61 440
D10 0.0223 15 496 62 524
D10 0.0216 73 392 147 418
D10 0.0214 44 414 91 441
D10 0.0214 7 506 54 535
D10 0.0211 48 489 101 512
D10 0.0210 43 450 93 477
D10 0.0210 164 433 216 455
D10 0.0209 9 393 91 449
D10 0.0209 163 425 215 448
D10 0.0209 36 459 84 483
D10 0.0208 44 440 93 469
D10 0.0202 58 523 103 552
D10 0.0202 13 425 90 483
D10 0.0194 56 507 107 535
D10 0.0192 13 487 60 513
D10 0.0187 71 380 164 414
D10 0.0185 50 476 123 507
D10 0.0183 15 532 61 556
D10 0.0182 19 443 103 504
D10 0.0182 274 505 327 530
D10 0.0177 24 552 83 583
D10 0.0177 52 542 95 568
D10 0.0175 19 459 66 482
D10 0.0173 28 450 76 477
D10 0.0172 42 479 91 502
D10 0.0172 138 426 193 448
D10 0.0170 0 485 63 542
D10 0.0169 51 460 102 484
D10 0.0165 59 485 131 515
D10 0.0164 206 476 291 506
D10 0.0164 56 498 110 525
D10 0.0161 11 454 74 489
D10 0.0161 52 527 107 566
D10 0.0159 63 386 119 408
D10 0.0158 47 376 95 399
D10 0.0158 180 434 235 455
D10 0.0157 51 551 94 582
D10 0.0157 80 481 135 503
D10 0.0156 43 469 92 493
D10 0.0156 27 478 74 504
D10 0.0155 89 388 180 421
D10 0.0155 58 433 115 456
D10 0.0154 11 478 57 504
D10 0.0154 10 553 61 582
D10 0.0153 8 439 57 467
D10 0.0152 8 348 53 371
D10 0.0150 290 514 341 540
D10 0.0150 10 509 43 549
D10 0.0150 63 377 118 400
D10 0.0148 9 449 56 476
D10 0.0147 145 417 227 456
D10 0.0147 28 468 74 492
D10 0.0146 0 431 38 457
D10 0.0144 40 535 94 577
D10 0.0143 10 468 55 494
D10 0.0143 27 404 74 431
D10 0.0143 80 489 134 510
D10 0.0142 1 357 45 381
D10 0.0141 158 426 239 464
D10 0.0139 29 463 89 500
D10 0.0138 198 480 259 503
D10 0.0137 214 471 281 495
D10 0.0137 66 516 116 542
D10 0.0136 80 377 135 402
D10 0.0135 2 459 45 485
D10 0.0135 47 506 130 554
D10 0.0133 12 473 73 512
D10 0.0132 16 525 51 568
D10 0.0131 27 542 83 569
D10 0.0130 28 376 74 398
D10 0.0129 40 460 134 505
D10 0.0128 8 404 60 431
D10 0.0127 73 474 166 511
D10 0.0125 246 479 308 506
D10 0.0125 59 470 114 495
D10 0.0124 63 395 118 416
D10 0.0123 175 442 224 466
D10 0.0122 47 489 172 537
D10 0.0120 46 404 91 430
D10 0.0119 14 535 79 577
D10 0.0118 173 421 239 451
D10 0.0118 9 366 55 391
D10 0.0117 48 384 93 409
D10 0.0116 59 451 112 475
D10 0.0116 38 368 83 392
D10 0.0116 59 441 113 466
D10 0.0115 98 489 156 510
D10 0.0115 225 467 305 500
D10 0.0114 0 440 36 466
D10 0.0114 56 368 105 393
D10 0.0113 226 484 313 515
D10 0.0113 0 478 39 504
D10 0.0112 100 481 156 504
D10 0.0112 50 531 129 585
D10 0.0111 66 534 114 560
D10 0.0110 114 387 169 410
D10 0.0109 198 489 259 511
D10 0.0108 9 375 57 400
D10 0.0108 0 469 37 495
D10 0.0105 13 542 60 567
D10 0.0105 99 404 154 426
D10 0.0104 47 485 88 523
D10 0.0102 66 543 114 567
D10 0.0101 39 393 81 420
D10 0.0101 207 462 269 487
D10 0.0100 33 425 72 464
D20 0.3090 10 464 106 600
D20 0.1388 0 414 143 600
D20 0.1363 5 432 315 591
D20 0.1286 14 524 93 596
D20 0.1127 4 391 93 563
D20 0.0867 18 446 80 570
D20 0.0779 2 523 47 600
D20 0.0772 0 563 99 598
D20 0.0744 21 488 87 555
D20 0.0677 33 502 98 578
D20 0.0580 0 521 187 600
D20 0.0546 15 495 72 585
D20 0.0513 9 452 174 555
D20 0.0510 14 417 238 542
D20 0.0498 6 551 60 598
D20 0.0486 20 490 142 581
D20 0.0467 0 388 524 583
D20 0.0466 0 436 67 598
D20 0.0424 12 480 62 557
D20 0.0418 155 459 349 528
D20 0.0400 48 490 344 586
D20 0.0397 6 404 194 492
D20 0.0384 11 366 81 497
D20 0.0354 238 501 387 600
D20 0.0334 9 449 57 540
D20 0.0332 37 396 85 477
D20 0.0330 132 442 311 510
D20 0.0326 21 412 127 524
D20 0.0314 75 423 239 502
D20 0.0306 29 541 142 596
D20 0.0301 278 537 405 600
D20 0.0299 10 404 122 478
D20 0.0297 4 408 62 526
D20 0.0288 7 580 76 598
D20 0.0285 108 461 355 565
D20 0.0285 178 483 427 595
D20 0.0272 214 472 359 561
D20 0.0272 26 459 115 542
D20 0.0271 28 428 74 523
D20 0.0270 0 418 44 507
D20 0.0268 48 478 101 557
D20 0.0264 160 456 241 496
D20 0.0258 0 567 50 600
D20 0.0256 136 453 218 499
D20 0.0247 212 472 337 521
D20 0.0245 59 430 327 529
D20 0.0244 44 421 93 499
D20 0.0242 0 337 412 536
D20 0.0235 35 444 198 513
D20 0.0234 0 464 45 574
D20 0.0226 41 363 79 454
D20 0.0225 183 532 370 600
D20 0.0223 20 420 84 489
D20 0.0222 130 432 229 493
D20 0.0212 7 333 36 369
D20 0.0212 36 498 120 550
D20 0.0211 169 465 265 501
D20 0.0209 44 408 110 467
D20 0.0205 18 394 109 449
D20 0.0203 63 413 212 477
D20 0.0199 19 388 307 513
D20 0.0198 198 463 299 502
D20 0.0198 3 322 41 395
D20 0.0196 26 477 76 537
D20 0.0196 164 471 310 514
D20 0.0187 23 392 172 455
D20 0.0187 259 496 501 591
D20 0.0180 4 398 56 477
D20 0.0177 69 455 242 522
D20 0.0175 210 444 565 584
D20 0.0173 37 419 141 457
D20 0.0172 126 470 215 507
D20 0.0171 1 348 44 371
D20 0.0169 0 345 65 473
D20 0.0168 28 439 109 488
D20 0.0162 0 0 408 294
D20 0.0161 121 502 297 600
D20 0.0159 17 372 148 438
D20 0.0158 17 385 67 465
D20 0.0157 45 402 90 453
D20 0.0157 170 446 254 487
D20 0.0156 106 462 191 502
D20 0.0156 119 408 272 486
D20 0.0156 167 0 600 294
D20 0.0155 133 425 215 465
D20 0.0155 36 448 98 520
D20 0.0155 0 448 37 535
D20 0.0153 8 339 53 363
D20 0.0153 47 442 139 569
D20 0.0152 34 431 159 485
D20 0.0151 138 425 392 546
D20 0.0151 167 311 600 600
D20 0.0150 274 562 385 600
D20 0.0149 3 466 84 525
D20 0.0147 53 370 150 406
D20 0.0145 312 118 600 600
D20 0.0145 0 327 236 600
D20 0.0144 55 388 98 464
D20 0.0144 454 0 600 222
D20 0.0142 0 376 46 457
D20 0.0140 0 118 290 600
D20 0.0140 9 339 52 420
D20 0.0135 38 373 115 488
D20 0.0134 179 477 255 505
D20 0.0134 365 456 600 600
D20 0.0132 0 0 600 434
D20 0.0131 102 362 379 599
D20 0.0130 159 449 221 482
D20 0.0130 52 429 101 478
D20 0.0129 188 471 247 496
D20 0.0129 9 340 121 454
D20 0.0128 2 329 41 357
D20 0.0125 0 258 103 575
D20 0.0125 0 581 32 600
D20 0.0125 0 437 74 493
D20 0.0124 0 551 32 599
D20 0.0124 50 426 87 463
D20 0.0122 49 472 180 519
D20 0.0122 121 432 194 479
D20 0.0122 0 145 600 600
D20 0.0121 27 401 77 453
D20 0.0121 51 542 215 599
D20 0.0120 6 350 37 387
D20 0.0119 160 434 240 477
D20 0.0119 526 0 600 115
D20 0.0118 184 448 280 508
D20 0.0117 0 339 64 380
D20 0.0117 190 487 329 532
D20 0.0116 17 353 185 424
D20 0.0115 0 412 26 492
D20 0.0114 183 496 337 569
D20 0.0114 59 419 94 454
D20 0.0114 332 0 600 179
D20 0.0114 11 364 71 437
D20 0.0112 95 481 225 600
D20 0.0112 56 468 169 600
D20 0.0110 172 485 244 512
D20 0.0109 50 351 87 430
D20 0.0109 36 558 86 600
D20 0.0109 0 0 144 218
D20 0.0109 115 421 201 457
D20 0.0108 307 526 540 600
D20 0.0105 452 365 600 600
D20 0.0101 99 480 192 513
D20 0.0100 54 563 176 600
D20 0.0100 153 479 294 536
D20 0.0100 321 562 436 600
D40 0.0661 5 573 66 597
D40 0.0551 158 467 222 500
D40 0.0473 6 557 42 597
D40 0.0433 172 479 226 503
D40 0.0281 0 580 54 599
D40 0.0275 167 463 216 488
D40 0.0251 180 471 236 496
D40 0.0246 147 479 207 504
D40 0.0236 289 556 381 599
D40 0.0224 149 447 217 503
D40 0.0223 163 488 220 510
D40 0.0206 165 472 252 506
D40 0.0201 141 470 195 497
D40 0.0190 56 527 97 568
D40 0.0181 277 570 358 600
D40 0.0176 176 455 224 496
D40 0.0176 229 313 573 467
D40 0.0159 249 556 343 599
D40 0.0151 24 503 59 556
D40 0.0148 177 463 209 502
D40 0.0148 23 560 56 597
D40 0.0142 255 372 535 491
D40 0.0138 182 463 236 488
D40 0.0138 32 511 68 567
D40 0.0137 278 343 519 439
D40 0.0134 149 546 216 592
D40 0.0129 3 418 40 455
D40 0.0128 525 132 600 180
D40 0.0127 496 94 600 210
D40 0.0125 283 288 570 415
D40 0.0125 235 547 317 593
D40 0.0122 246 245 600 387
D40 0.0117 163 366 480 527
D40 0.0116 159 554 206 581
D40 0.0115 0 275 29 312
D40 0.0113 285 365 445 435
D40 0.0111 541 107 597 202
D40 0.0111 248 414 528 536
D40 0.0111 422 256 600 327
D40 0.0108 167 469 200 507
D40 0.0106 277 564 335 593
D40 0.0106 22 418 62 453
D40 0.0105 158 546 205 570
D40 0.0104 472 35 600 274
D40 0.0102 34 408 71 446
