D00 0.1435 208 478 263 525
D00 0.1101 148 479 176 554
D00 0.0965 172 483 256 530
D00 0.0785 189 450 280 600
D00 0.0728 209 482 253 559
D00 0.0644 145 479 167 536
D00 0.0619 137 467 249 584
D00 0.0608 145 480 208 546
D00 0.0530 145 496 167 557
D00 0.0527 140 486 187 564
D00 0.0527 170 397 271 553
D00 0.0496 196 473 246 540
D00 0.0495 120 456 206 600
D00 0.0456 128 470 172 550
D00 0.0450 225 472 301 598
D00 0.0398 196 492 249 526
D00 0.0395 152 504 174 564
D00 0.0371 210 407 285 541
D00 0.0362 206 487 264 595
D00 0.0358 175 366 254 397
D00 0.0318 187 372 266 406
D00 0.0314 264 481 304 569
D00 0.0307 201 487 242 580
D00 0.0304 228 480 281 567
D00 0.0296 66 390 316 600
D00 0.0296 154 490 182 546
D00 0.0293 210 441 254 536
D00 0.0281 199 483 245 516
D00 0.0273 149 490 207 595
D00 0.0269 136 475 178 526
D00 0.0263 99 497 193 594
D00 0.0259 167 368 226 391
D00 0.0256 148 490 232 531
D00 0.0254 379 466 440 527
D00 0.0252 0 572 65 600
D00 0.0249 130 394 234 549
D00 0.0242 197 376 291 418
D00 0.0240 574 79 598 135
D00 0.0239 265 510 303 597
D00 0.0237 119 444 220 537
D00 0.0236 243 489 293 581
D00 0.0235 115 447 181 565
D00 0.0235 205 367 264 393
D00 0.0227 174 361 232 385
D00 0.0225 173 367 293 489
D00 0.0219 177 375 235 399
D00 0.0218 187 420 249 527
D00 0.0217 169 394 444 600
D00 0.0215 144 502 233 550
D00 0.0214 567 54 600 140
D00 0.0209 90 475 219 555
D00 0.0208 196 476 257 506
D00 0.0207 359 474 436 506
D00 0.0207 364 470 478 597
D00 0.0204 142 510 182 600
D00 0.0204 64 455 198 578
D00 0.0200 216 367 274 411
D00 0.0200 198 490 234 551
D00 0.0195 135 483 162 540
D00 0.0193 146 493 185 526
D00 0.0192 203 384 327 515
D00 0.0189 146 504 183 535
D00 0.0184 6 307 50 339
D00 0.0184 207 390 262 511
D00 0.0181 541 13 600 148
D00 0.0178 117 492 198 548
D00 0.0177 239 481 363 600
D00 0.0176 394 478 452 541
D00 0.0175 102 472 205 525
D00 0.0174 143 451 185 534
D00 0.0174 278 499 307 575
D00 0.0173 205 385 268 411
D00 0.0172 0 564 50 593
D00 0.0171 0 299 60 334
D00 0.0170 532 54 600 222
D00 0.0167 133 396 195 452
D00 0.0167 148 387 180 446
D00 0.0166 160 401 184 448
D00 0.0166 99 390 190 544
D00 0.0162 397 500 523 600
D00 0.0160 441 534 507 600
D00 0.0160 389 480 432 518
D00 0.0159 357 485 442 533
D00 0.0159 529 571 600 600
D00 0.0158 128 516 225 600
D00 0.0158 83 354 153 384
D00 0.0158 272 471 313 548
D00 0.0158 217 360 270 383
D00 0.0158 377 451 456 508
D00 0.0158 542 548 600 600
D00 0.0157 225 513 280 600
D00 0.0156 273 508 297 568
D00 0.0156 155 360 215 383
D00 0.0155 210 574 269 598
D00 0.0153 128 314 367 583
D00 0.0152 413 519 595 599
D00 0.0152 547 66 596 172
D00 0.0151 29 428 161 582
D00 0.0151 94 565 188 600
D00 0.0150 373 471 434 562
D00 0.0150 358 452 472 547
D00 0.0150 158 505 239 589
D00 0.0147 17 441 70 548
D00 0.0146 129 547 193 600
D00 0.0144 215 497 245 545
D00 0.0144 413 533 477 600
D00 0.0143 566 527 600 600
D00 0.0143 245 507 317 591
D00 0.0143 150 377 251 471
D00 0.0143 460 548 528 600
D00 0.0142 66 341 150 381
D00 0.0141 19 572 98 600
D00 0.0141 0 317 47 360
D00 0.0141 133 414 187 521
D00 0.0141 223 376 283 402
D00 0.0141 159 370 242 430
D00 0.0141 251 498 299 557
D00 0.0140 154 499 202 538
D00 0.0139 474 558 568 600
D00 0.0139 129 456 163 522
D00 0.0139 574 553 598 600
D00 0.0138 217 386 308 427
D00 0.0138 266 574 323 596
D00 0.0138 574 51 597 111
D00 0.0137 6 468 79 589
D00 0.0136 186 362 215 398
D00 0.0136 206 549 274 600
D00 0.0136 98 479 157 582
D00 0.0135 398 493 437 529
D00 0.0135 377 576 440 598
D00 0.0135 8 297 249 582
D00 0.0135 144 464 166 516
D00 0.0134 151 333 266 511
D00 0.0133 105 536 180 599
D00 0.0133 279 495 333 595
D00 0.0133 181 384 269 424
D00 0.0132 340 458 434 600
D00 0.0132 149 514 194 542
D00 0.0130 123 382 184 439
D00 0.0130 273 491 299 546
D00 0.0130 0 556 30 598
D00 0.0130 408 487 468 587
D00 0.0128 163 358 232 400
D00 0.0128 90 349 145 375
D00 0.0128 196 358 243 389
D00 0.0127 501 515 600 597
D00 0.0126 25 443 94 576
D00 0.0126 393 502 450 597
D00 0.0126 123 501 172 581
D00 0.0125 198 365 265 436
D00 0.0125 366 550 433 600
D00 0.0125 198 499 263 545
D00 0.0125 416 570 489 600
D00 0.0125 279 533 307 597
D00 0.0124 368 435 466 489
D00 0.0123 213 508 245 585
D00 0.0123 74 358 162 396
D00 0.0122 74 571 146 600
D00 0.0122 186 571 258 600
D00 0.0122 28 410 74 479
D00 0.0122 143 381 204 441
D00 0.0122 18 312 74 336
D00 0.0121 1 371 26 423
D00 0.0120 391 549 465 600
D00 0.0120 46 508 167 591
D00 0.0120 404 491 450 566
D00 0.0120 7 562 87 594
D00 0.0120 125 574 181 600
D00 0.0119 231 420 297 520
D00 0.0119 354 572 429 600
D00 0.0118 348 465 426 518
D00 0.0118 282 483 321 568
D00 0.0118 208 384 289 450
D00 0.0118 164 485 220 558
D00 0.0118 114 393 210 497
D00 0.0118 353 471 422 494
D00 0.0118 166 393 229 505
D00 0.0118 117 414 169 517
D00 0.0117 182 355 249 418
D00 0.0117 55 364 221 563
D00 0.0117 5 330 40 391
D00 0.0117 581 70 600 126
D00 0.0117 567 87 600 173
D00 0.0117 233 365 276 396
D00 0.0116 254 548 318 600
D00 0.0115 539 475 600 596
D00 0.0115 556 36 597 125
D00 0.0115 139 414 189 440
D00 0.0114 219 559 256 594
D00 0.0113 407 475 439 523
D00 0.0113 185 384 244 408
D00 0.0113 119 489 177 531
D00 0.0112 358 413 476 507
D00 0.0112 425 527 533 587
D00 0.0112 141 394 169 441
D00 0.0111 236 533 300 595
D00 0.0111 137 514 174 542
D00 0.0111 216 395 278 418
D00 0.0111 458 529 579 586
D00 0.0110 89 367 146 390
D00 0.0110 229 395 321 437
D00 0.0110 0 537 51 579
D00 0.0109 128 508 183 548
D00 0.0109 157 403 206 447
D00 0.0109 250 521 287 589
D00 0.0109 1 318 54 413
D00 0.0108 1 461 56 564
D00 0.0108 546 104 595 216
D00 0.0108 185 498 231 532
D00 0.0108 221 523 255 592
D00 0.0108 393 464 473 526
D00 0.0107 287 449 417 578
D00 0.0107 189 540 255 598
D00 0.0107 234 381 278 415
D00 0.0107 51 575 108 599
D00 0.0107 488 574 549 599
D00 0.0107 126 486 172 514
D00 0.0106 151 409 176 454
D00 0.0106 18 320 75 343
D00 0.0106 571 104 599 145
D00 0.0106 82 345 198 387
D00 0.0105 115 477 181 511
D00 0.0105 89 460 166 536
D00 0.0105 233 437 374 563
D00 0.0104 222 362 256 402
D00 0.0104 1 354 27 405
D00 0.0103 263 519 291 577
D00 0.0102 120 470 157 535
D00 0.0102 193 366 225 405
D00 0.0102 356 481 415 583
D00 0.0102 368 461 417 490
D00 0.0102 142 571 219 600
D00 0.0102 283 484 307 537
D00 0.0102 567 16 600 107
D00 0.0102 73 336 140 368
D00 0.0101 231 535 264 597
D00 0.0101 37 432 82 511
D00 0.0101 363 440 534 514
D00 0.0101 370 570 408 600
D00 0.0100 153 509 204 560
D00 0.0100 151 466 174 516
D00 0.0100 4 526 59 568
D00 0.0100 6 328 56 373
D10 0.0763 134 478 265 518
D10 0.0582 180 482 256 515
D10 0.0521 388 469 448 494
D10 0.0499 150 482 244 504
D10 0.0450 362 465 442 498
D10 0.0308 339 455 461 507
D10 0.0304 90 538 182 582
D10 0.0301 168 475 244 497
D10 0.0280 161 499 244 533
D10 0.0271 140 503 240 547
D10 0.0266 143 482 194 503
D10 0.0261 284 471 359 497
D10 0.0259 2 546 61 567
D10 0.0255 292 481 352 502
D10 0.0244 13 415 70 437
D10 0.0240 366 471 464 516
D10 0.0234 142 473 223 502
D10 0.0230 29 445 133 483
D10 0.0225 115 555 173 578
D10 0.0222 0 420 72 452
D10 0.0221 117 547 171 568
D10 0.0218 275 475 370 509
D10 0.0213 0 538 75 577
D10 0.0210 15 446 86 478
D10 0.0206 203 476 253 498
D10 0.0206 219 456 376 513
D10 0.0204 187 361 252 384
D10 0.0204 4 536 60 562
D10 0.0204 40 452 99 474
D10 0.0201 31 440 109 471
D10 0.0199 192 504 246 529
D10 0.0198 120 458 223 510
D10 0.0197 398 477 456 500
D10 0.0197 274 474 334 493
D10 0.0196 384 465 487 501
D10 0.0194 2 555 60 577
D10 0.0193 5 451 63 476
D10 0.0192 4 405 63 429
D10 0.0191 0 415 97 466
D10 0.0191 158 515 224 539
D10 0.0190 48 541 193 599
D10 0.0187 151 506 216 534
D10 0.0184 239 468 346 503
D10 0.0181 24 424 76 447
D10 0.0180 220 556 313 595
D10 0.0179 45 437 155 475
D10 0.0178 0 455 68 489
D10 0.0175 118 545 203 593
D10 0.0174 0 437 72 472
D10 0.0174 251 479 330 507
D10 0.0174 344 460 488 534
D10 0.0172 139 546 183 567
D10 0.0170 10 427 164 491
D10 0.0169 150 495 222 526
D10 0.0169 80 515 208 590
D10 0.0169 250 566 302 590
D10 0.0168 88 555 183 600
D10 0.0168 24 411 94 440
D10 0.0167 24 442 77 468
D10 0.0167 0 522 69 557
D10 0.0167 23 417 144 465
D10 0.0165 238 575 298 596
D10 0.0165 397 572 474 600
D10 0.0164 247 558 349 596
D10 0.0163 255 417 354 452
D10 0.0162 220 565 278 590
D10 0.0162 130 541 191 572
D10 0.0161 268 566 321 590
D10 0.0161 0 396 84 439
D10 0.0161 6 432 64 458
D10 0.0161 189 520 272 585
D10 0.0160 0 357 48 382
D10 0.0159 1 328 48 351
D10 0.0158 286 459 418 502
D10 0.0157 0 395 50 420
D10 0.0156 43 529 167 583
D10 0.0156 354 442 511 515
D10 0.0154 204 564 258 591
D10 0.0151 200 390 276 420
D10 0.0151 276 430 353 456
D10 0.0151 56 444 122 467
D10 0.0150 138 522 228 584
D10 0.0148 116 477 207 523
D10 0.0147 142 474 193 496
D10 0.0147 400 499 446 524
D10 0.0146 5 518 60 542
D10 0.0146 405 472 470 493
D10 0.0144 386 497 462 543
D10 0.0144 347 461 430 489
D10 0.0143 251 474 314 494
D10 0.0143 1 349 48 373
D10 0.0141 353 436 451 490
D10 0.0141 83 552 159 585
D10 0.0140 189 513 239 537
D10 0.0140 402 507 449 531
D10 0.0140 0 508 88 553
D10 0.0140 519 572 600 600
D10 0.0140 250 571 322 598
D10 0.0137 5 449 95 496
D10 0.0137 44 360 144 398
D10 0.0136 16 428 83 464
D10 0.0135 205 556 256 581
D10 0.0135 386 576 451 597
D10 0.0134 185 557 278 597
D10 0.0133 185 499 257 544
D10 0.0133 196 392 302 436
D10 0.0133 0 366 47 391
D10 0.0132 33 405 85 429
D10 0.0132 24 459 77 483
D10 0.0130 114 534 242 600
D10 0.0130 109 521 192 572
D10 0.0129 144 555 195 578
D10 0.0129 283 566 342 591
D10 0.0128 355 495 444 541
D10 0.0127 283 425 344 448
D10 0.0127 155 420 233 450
D10 0.0126 63 373 137 403
D10 0.0125 213 427 344 496
D10 0.0125 10 532 86 564
D10 0.0124 274 574 334 597
D10 0.0124 147 423 200 447
D10 0.0124 312 473 369 495
D10 0.0124 0 385 47 412
D10 0.0124 173 432 266 490
D10 0.0122 71 368 129 391
D10 0.0122 2 338 48 363
D10 0.0120 34 364 110 393
D10 0.0120 104 563 168 593
D10 0.0118 5 353 77 385
D10 0.0118 0 469 49 495
D10 0.0118 165 548 260 591
D10 0.0118 312 478 391 507
D10 0.0117 0 414 43 439
D10 0.0116 110 413 201 454
D10 0.0115 67 448 150 479
D10 0.0115 239 424 337 460
D10 0.0115 152 518 226 553
D10 0.0115 144 455 253 501
D10 0.0115 234 521 324 585
D10 0.0115 372 453 426 480
D10 0.0114 185 556 240 579
D10 0.0114 70 453 184 505
D10 0.0113 383 507 435 531
D10 0.0113 24 517 77 541
D10 0.0113 0 460 40 485
D10 0.0111 550 563 598 594
D10 0.0111 93 503 181 554
D10 0.0111 35 455 105 488
D10 0.0111 164 429 242 458
D10 0.0110 0 423 44 448
D10 0.0109 0 375 46 402
D10 0.0109 136 563 186 594
D10 0.0109 124 480 172 505
D10 0.0109 0 502 69 538
D10 0.0108 214 455 314 501
D10 0.0108 335 518 388 541
D10 0.0108 223 555 276 581
D10 0.0108 313 488 369 511
D10 0.0108 13 366 68 389
D10 0.0108 408 565 464 594
D10 0.0108 237 406 337 445
D10 0.0108 18 544 97 571
D10 0.0107 153 546 206 567
D10 0.0107 129 423 182 447
D10 0.0107 283 572 361 600
D10 0.0107 91 532 171 565
D10 0.0106 25 396 141 447
D10 0.0106 153 552 229 584
D10 0.0106 268 455 364 493
D10 0.0105 168 533 291 600
D10 0.0105 142 534 181 561
D10 0.0105 0 526 41 553
D10 0.0105 66 415 179 464
D10 0.0104 135 432 238 488
D10 0.0104 223 537 350 600
D10 0.0104 345 502 418 535
D10 0.0104 325 508 419 548
D10 0.0103 5 464 74 500
D10 0.0103 301 431 380 460
D10 0.0103 1 358 103 401
D10 0.0102 22 526 77 552
D10 0.0102 92 434 198 485
D10 0.0102 207 438 274 469
D10 0.0102 0 474 67 510
D10 0.0102 409 505 477 536
D10 0.0101 275 549 371 591
D10 0.0101 204 403 328 470
D10 0.0101 38 430 119 463
D10 0.0101 291 422 369 452
D10 0.0101 424 526 505 575
D10 0.0101 374 497 428 524
D10 0.0100 143 560 218 597
D10 0.0100 0 442 43 467
D10 0.0100 121 535 169 562
D20 0.1371 172 480 258 528
D20 0.1102 135 473 273 560
D20 0.0670 0 430 319 585
D20 0.0565 161 457 477 569
D20 0.0555 174 466 284 600
D20 0.0542 176 363 286 409
D20 0.0520 177 404 287 545
D20 0.0472 119 419 590 580
D20 0.0432 352 465 446 500
D20 0.0430 137 494 249 540
D20 0.0426 4 485 246 589
D20 0.0410 204 476 383 559
D20 0.0386 166 354 321 419
D20 0.0371 90 446 264 536
D20 0.0330 172 356 265 394
D20 0.0321 213 463 268 542
D20 0.0318 284 464 457 532
D20 0.0303 322 455 453 508
D20 0.0299 16 439 194 576
D20 0.0298 334 472 444 517
D20 0.0296 108 493 264 598
D20 0.0288 204 436 455 530
D20 0.0285 189 376 303 423
D20 0.0283 153 343 280 400
D20 0.0275 0 557 72 598
D20 0.0270 0 308 61 340
D20 0.0267 0 536 186 600
D20 0.0259 122 367 286 437
D20 0.0250 0 367 87 511
D20 0.0243 110 360 261 410
D20 0.0240 0 574 50 600
D20 0.0238 101 367 313 559
D20 0.0238 137 379 263 527
D20 0.0232 189 370 361 438
D20 0.0231 258 486 501 589
D20 0.0226 4 550 129 595
D20 0.0226 0 415 107 539
D20 0.0220 0 343 107 460
D20 0.0219 207 365 277 396
D20 0.0218 238 473 409 527
D20 0.0215 0 420 190 504
D20 0.0209 447 535 600 600
D20 0.0206 0 347 43 426
D20 0.0202 187 369 310 484
D20 0.0202 147 376 260 423
D20 0.0201 0 351 243 563
D20 0.0200 203 495 360 598
D20 0.0199 0 165 557 591
D20 0.0197 197 360 257 384
D20 0.0197 101 381 271 468
D20 0.0189 145 377 455 532
D20 0.0182 0 380 184 465
D20 0.0180 0 468 109 589
D20 0.0180 0 0 408 294
D20 0.0178 79 405 212 531
D20 0.0178 350 456 600 600
D20 0.0175 167 0 600 294
D20 0.0174 0 347 175 422
D20 0.0172 283 426 457 496
D20 0.0171 55 367 236 443
D20 0.0171 212 409 344 523
D20 0.0169 0 377 46 452
D20 0.0169 0 15 557 441
D20 0.0168 0 298 45 361
D20 0.0167 0 535 49 600
D20 0.0166 312 118 600 600
D20 0.0165 0 311 408 600
D20 0.0165 1 322 45 398
D20 0.0163 8 444 77 575
D20 0.0163 328 470 472 561
D20 0.0162 8 421 77 495
D20 0.0160 12 396 112 486
D20 0.0160 121 348 244 390
D20 0.0159 88 566 184 600
D20 0.0158 0 118 290 600
D20 0.0158 146 467 197 542
D20 0.0158 77 511 205 600
D20 0.0157 207 387 391 455
D20 0.0155 520 555 600 600
D20 0.0154 147 465 248 518
D20 0.0153 73 336 255 398
D20 0.0152 141 362 233 394
D20 0.0150 220 359 310 415
D20 0.0150 0 409 71 465
D20 0.0149 7 326 76 442
D20 0.0147 0 529 101 583
D20 0.0144 193 332 297 406
D20 0.0143 0 385 82 431
D20 0.0141 145 518 308 600
D20 0.0141 18 331 312 501
D20 0.0140 0 0 146 223
D20 0.0140 9 569 105 600
D20 0.0139 0 334 134 396
D20 0.0139 58 462 203 534
D20 0.0138 217 425 258 522
D20 0.0134 0 435 47 510
D20 0.0134 342 505 510 599
D20 0.0133 277 468 420 569
D20 0.0132 112 268 281 349
D20 0.0132 0 520 58 573
D20 0.0132 263 403 525 600
D20 0.0132 0 319 70 359
D20 0.0132 16 373 69 468
D20 0.0128 454 0 600 218
D20 0.0128 28 401 74 475
D20 0.0128 231 522 454 600
D20 0.0128 377 0 600 147
D20 0.0127 377 530 549 600
D20 0.0124 31 371 131 509
D20 0.0124 26 426 94 481
D20 0.0123 0 315 110 375
D20 0.0122 29 431 137 526
D20 0.0122 0 459 46 540
D20 0.0122 0 339 76 383
D20 0.0121 23 510 145 591
D20 0.0120 565 538 600 600
D20 0.0119 51 356 191 411
D20 0.0119 145 406 245 446
D20 0.0119 0 363 133 583
D20 0.0119 346 446 438 487
D20 0.0119 189 347 273 427
D20 0.0119 186 389 406 499
D20 0.0118 2 392 55 487
D20 0.0118 455 376 600 600
D20 0.0116 0 489 46 568
D20 0.0114 169 353 267 463
D20 0.0114 251 406 445 474
D20 0.0113 0 356 95 411
D20 0.0112 61 541 151 597
D20 0.0111 0 0 268 180
D20 0.0111 0 310 27 337
D20 0.0111 337 483 438 537
D20 0.0110 41 381 247 501
D20 0.0110 7 449 74 514
D20 0.0109 107 378 220 426
D20 0.0109 263 487 383 537
D20 0.0108 52 339 189 392
D20 0.0108 24 437 95 515
D20 0.0108 45 398 160 485
D20 0.0108 0 304 94 351
D20 0.0108 357 429 452 541
D20 0.0107 29 359 136 445
D20 0.0106 276 480 370 520
D20 0.0105 383 448 437 503
D20 0.0104 6 347 55 393
D20 0.0104 223 395 342 442
D20 0.0104 218 446 289 518
D20 0.0103 125 424 253 502
D20 0.0102 113 309 280 387
D20 0.0102 0 582 30 600
D20 0.0101 22 384 96 457
D20 0.0100 11 376 118 429
D20 0.0100 0 288 33 341
D20 0.0100 252 464 347 585
D40 0.4624 211 481 271 527
D40 0.3173 182 489 279 534
D40 0.2360 194 476 302 542
D40 0.2281 134 469 338 557
D40 0.2045 213 483 259 513
D40 0.1557 176 476 279 574
D40 0.1367 102 459 383 587
D40 0.1167 141 476 265 539
D40 0.1154 214 491 250 527
D40 0.1139 196 466 285 520
D40 0.1087 388 471 437 492
D40 0.0918 22 452 301 576
D40 0.0812 216 479 295 514
D40 0.0792 216 486 299 571
D40 0.0774 229 476 325 534
D40 0.0717 203 496 267 547
D40 0.0667 12 414 500 589
D40 0.0608 83 438 281 543
D40 0.0537 193 451 350 529
D40 0.0536 213 503 267 527
D40 0.0519 150 437 428 548
D40 0.0483 371 465 439 497
D40 0.0462 202 479 343 582
D40 0.0443 224 494 288 523
D40 0.0440 85 500 321 600
D40 0.0437 218 461 329 512
D40 0.0429 22 351 392 543
D40 0.0424 158 486 248 566
D40 0.0424 146 484 239 520
D40 0.0389 133 474 204 556
D40 0.0373 137 455 282 600
D40 0.0355 213 474 274 504
D40 0.0342 0 310 46 338
D40 0.0325 140 460 247 514
D40 0.0298 249 484 299 521
D40 0.0296 148 487 207 513
D40 0.0294 238 479 316 509
D40 0.0284 212 477 256 497
D40 0.0280 146 481 201 533
D40 0.0279 201 415 291 527
D40 0.0277 2 320 56 343
D40 0.0269 167 519 368 600
D40 0.0268 147 479 178 513
D40 0.0255 200 504 270 591
D40 0.0248 0 271 439 600
D40 0.0242 397 469 433 505
D40 0.0238 33 520 256 600
D40 0.0210 86 466 224 536
D40 0.0209 260 478 341 549
D40 0.0209 392 485 437 514
D40 0.0189 371 473 441 524
D40 0.0185 165 378 306 529
D40 0.0181 127 451 202 523
D40 0.0171 144 340 574 532
D40 0.0170 228 475 295 496
D40 0.0169 235 489 272 535
D40 0.0168 180 426 259 507
D40 0.0168 246 490 299 544
D40 0.0164 0 297 33 334
D40 0.0162 230 504 289 529
D40 0.0160 165 479 222 510
D40 0.0157 390 464 446 510
D40 0.0156 239 475 288 526
D40 0.0155 90 350 172 386
D40 0.0153 3 322 41 355
D40 0.0153 203 432 289 489
D40 0.0151 218 520 301 586
D40 0.0148 231 454 376 573
D40 0.0144 266 490 303 529
D40 0.0143 0 309 30 350
D40 0.0141 114 358 170 380
D40 0.0134 227 498 281 553
D40 0.0129 402 462 440 493
D40 0.0126 259 471 308 537
D40 0.0123 461 565 541 600
D40 0.0119 84 539 168 597
D40 0.0115 263 454 344 514
D40 0.0115 216 505 256 540
D40 0.0113 84 381 268 508
D40 0.0111 253 472 297 501
D40 0.0111 105 349 160 375
D40 0.0109 392 461 426 495
D40 0.0107 265 488 316 514
D40 0.0107 166 490 222 529
D40 0.0107 23 420 63 453
D40 0.0106 162 415 258 454
D40 0.0106 276 477 311 509
D40 0.0106 0 551 44 583
D40 0.0105 32 410 69 442
D40 0.0103 3 558 38 598
D40 0.0103 151 471 190 503
D40 0.0101 117 353 214 385
D40 0.0101 134 359 193 380
D40 0.0100 572 0 600 17
