D00 0.0893 262 364 287 414
D00 0.0834 505 478 591 587
D00 0.0630 245 360 286 407
D00 0.0591 256 354 292 433
D00 0.0568 512 408 598 579
D00 0.0564 396 410 419 455
D00 0.0552 544 463 595 577
D00 0.0525 534 486 582 572
D00 0.0494 441 467 592 579
D00 0.0451 536 506 597 591
D00 0.0446 351 314 389 352
D00 0.0427 254 373 291 404
D00 0.0416 415 385 583 588
D00 0.0409 377 376 423 462
D00 0.0409 0 450 86 600
D00 0.0380 387 403 430 452
D00 0.0346 522 457 588 546
D00 0.0345 477 519 587 583
D00 0.0338 1 491 27 542
D00 0.0324 1 477 58 588
D00 0.0321 367 359 442 485
D00 0.0317 388 407 428 502
D00 0.0316 165 307 201 337
D00 0.0313 564 523 600 600
D00 0.0310 394 565 445 590
D00 0.0308 140 526 191 553
D00 0.0304 375 371 401 426
D00 0.0302 338 308 396 344
D00 0.0298 0 478 63 533
D00 0.0295 386 392 412 448
D00 0.0285 357 323 396 359
D00 0.0283 53 442 122 493
D00 0.0278 482 483 582 552
D00 0.0274 388 388 450 494
D00 0.0273 367 358 409 438
D00 0.0270 213 362 290 397
D00 0.0269 562 478 600 584
D00 0.0267 251 357 310 412
D00 0.0266 23 383 149 550
D00 0.0261 392 422 441 449
D00 0.0260 539 470 574 540
D00 0.0260 367 364 394 415
D00 0.0258 64 458 112 490
D00 0.0252 229 359 282 386
D00 0.0252 237 347 296 417
D00 0.0242 543 493 572 552
D00 0.0240 256 356 289 394
D00 0.0240 573 549 598 599
D00 0.0239 157 319 207 342
D00 0.0237 347 311 405 366
D00 0.0235 0 569 34 600
D00 0.0233 16 469 85 517
D00 0.0232 97 361 135 397
D00 0.0231 268 370 295 421
D00 0.0230 0 362 105 513
D00 0.0229 7 449 143 567
D00 0.0228 498 540 591 593
D00 0.0224 128 453 176 481
D00 0.0223 0 562 57 599
D00 0.0222 468 517 541 574
D00 0.0222 544 407 595 525
D00 0.0220 0 484 32 522
D00 0.0218 261 384 288 426
D00 0.0217 0 489 31 582
D00 0.0216 383 367 481 521
D00 0.0215 392 386 459 450
D00 0.0215 326 310 380 337
D00 0.0215 369 391 505 568
D00 0.0214 137 504 197 557
D00 0.0213 249 382 286 410
D00 0.0211 496 379 600 518
D00 0.0209 130 447 174 527
D00 0.0209 352 341 426 460
D00 0.0205 76 447 197 564
D00 0.0202 77 448 116 486
D00 0.0201 113 453 173 501
D00 0.0196 358 318 409 348
D00 0.0194 234 327 302 453
D00 0.0193 314 304 410 354
D00 0.0193 172 300 209 332
D00 0.0193 77 353 140 403
D00 0.0191 512 511 575 566
D00 0.0190 546 503 594 561
D00 0.0190 324 303 376 327
D00 0.0190 358 343 403 419
D00 0.0189 490 329 600 600
D00 0.0188 379 413 425 444
D00 0.0188 346 305 377 347
D00 0.0186 150 510 178 554
D00 0.0184 127 462 167 493
D00 0.0183 133 462 187 559
D00 0.0181 478 532 550 595
D00 0.0181 550 452 599 531
D00 0.0181 257 367 304 396
D00 0.0180 88 370 127 402
D00 0.0180 0 536 31 600
D00 0.0179 359 395 428 453
D00 0.0179 372 411 431 470
D00 0.0178 25 455 98 508
D00 0.0177 223 357 287 434
D00 0.0177 382 413 464 455
D00 0.0177 427 375 461 438
D00 0.0176 412 558 439 594
D00 0.0176 460 432 582 546
D00 0.0175 374 358 400 407
D00 0.0173 121 441 182 488
D00 0.0172 400 417 427 465
D00 0.0172 521 529 584 582
D00 0.0171 451 503 532 559
D00 0.0171 45 395 162 491
D00 0.0170 338 329 388 353
D00 0.0170 19 431 114 498
D00 0.0169 253 376 285 444
D00 0.0168 402 407 469 514
D00 0.0165 376 391 404 445
D00 0.0165 105 353 143 389
D00 0.0164 326 314 438 427
D00 0.0163 388 417 414 463
D00 0.0162 0 363 51 427
D00 0.0162 345 330 420 400
D00 0.0162 342 339 539 586
D00 0.0160 139 312 194 336
D00 0.0160 524 393 585 500
D00 0.0160 367 344 463 442
D00 0.0159 262 368 302 450
D00 0.0159 427 479 499 542
D00 0.0157 2 508 26 566
D00 0.0156 396 423 420 482
D00 0.0156 378 447 473 594
D00 0.0154 141 420 186 488
D00 0.0154 308 297 388 337
D00 0.0154 413 431 537 539
D00 0.0154 302 314 423 375
D00 0.0153 538 517 579 560
D00 0.0153 482 522 523 585
D00 0.0152 398 554 455 597
D00 0.0151 73 429 143 490
D00 0.0151 63 452 146 497
D00 0.0151 351 333 389 366
D00 0.0150 22 463 92 558
D00 0.0150 56 433 194 518
D00 0.0149 327 319 382 346
D00 0.0149 53 358 185 524
D00 0.0148 55 364 130 398
D00 0.0147 231 376 289 414
D00 0.0147 534 491 569 532
D00 0.0147 260 382 302 410
D00 0.0146 194 345 471 572
D00 0.0146 98 376 223 548
D00 0.0146 402 408 446 445
D00 0.0145 305 301 362 325
D00 0.0145 103 520 199 559
D00 0.0145 554 406 600 481
D00 0.0145 530 508 584 550
D00 0.0144 295 293 350 317
D00 0.0143 510 462 572 529
D00 0.0142 341 355 458 537
D00 0.0142 521 487 566 559
D00 0.0141 343 304 391 328
D00 0.0141 286 288 321 319
D00 0.0140 4 489 51 526
D00 0.0140 102 346 364 568
D00 0.0140 130 425 213 560
D00 0.0140 406 362 464 426
D00 0.0139 345 356 398 402
D00 0.0139 396 355 472 465
D00 0.0139 529 442 592 515
D00 0.0139 558 431 596 500
D00 0.0137 570 448 600 517
D00 0.0136 382 572 440 595
D00 0.0136 558 546 596 588
D00 0.0136 423 391 451 442
D00 0.0135 87 338 149 394
D00 0.0135 569 537 598 578
D00 0.0134 244 348 326 438
D00 0.0134 487 529 532 565
D00 0.0134 393 382 420 442
D00 0.0133 432 380 598 466
D00 0.0133 0 337 64 466
D00 0.0133 371 366 421 416
D00 0.0132 401 382 543 513
D00 0.0132 51 406 247 573
D00 0.0131 139 488 174 558
D00 0.0131 379 388 415 428
D00 0.0130 330 322 395 375
D00 0.0130 99 347 137 381
D00 0.0130 360 363 514 456
D00 0.0130 0 374 84 421
D00 0.0129 381 443 454 502
D00 0.0129 354 391 430 509
D00 0.0129 406 519 446 599
D00 0.0129 546 484 595 540
D00 0.0129 535 364 600 488
D00 0.0128 278 285 330 309
D00 0.0128 131 463 161 513
D00 0.0128 146 369 260 551
D00 0.0128 359 328 412 371
D00 0.0128 392 470 466 529
D00 0.0127 4 518 52 600
D00 0.0127 314 293 365 318
D00 0.0127 76 411 121 501
D00 0.0127 385 375 482 434
D00 0.0126 366 376 412 401
D00 0.0126 115 483 205 571
D00 0.0126 342 322 445 370
D00 0.0125 521 499 577 539
D00 0.0125 371 319 401 363
D00 0.0123 540 527 595 568
D00 0.0123 22 359 119 401
D00 0.0123 488 393 572 439
D00 0.0122 271 406 492 582
D00 0.0122 0 426 75 530
D00 0.0121 0 371 29 423
D00 0.0120 213 323 329 419
D00 0.0120 53 463 110 504
D00 0.0120 305 370 423 559
D00 0.0120 160 423 186 474
D00 0.0119 413 465 487 524
D00 0.0119 39 457 120 593
D00 0.0119 74 357 128 386
D00 0.0119 70 430 110 494
D00 0.0119 1 488 116 575
D00 0.0119 379 401 444 437
D00 0.0118 336 303 368 345
D00 0.0118 323 336 470 472
D00 0.0118 517 385 592 459
D00 0.0118 187 362 295 555
D00 0.0118 560 521 591 577
D00 0.0117 143 517 171 558
D00 0.0117 366 347 393 394
D00 0.0117 352 337 402 383
D00 0.0117 134 518 184 547
D00 0.0117 154 405 194 480
D00 0.0116 421 383 480 445
D00 0.0116 14 364 110 434
D00 0.0116 448 462 551 542
D00 0.0114 470 520 516 556
D00 0.0114 490 501 552 572
D00 0.0114 497 390 563 424
D00 0.0114 28 392 99 495
D00 0.0114 153 304 211 348
D00 0.0113 540 543 600 596
D00 0.0113 401 398 463 436
D00 0.0113 406 462 472 559
D00 0.0113 158 521 201 553
D00 0.0113 373 428 435 520
D00 0.0113 185 302 213 338
D00 0.0112 159 310 190 345
D00 0.0112 209 370 351 595
D00 0.0112 356 354 444 414
D00 0.0112 535 469 563 524
D00 0.0112 452 489 494 546
D00 0.0112 29 482 206 576
D00 0.0111 332 300 405 394
D00 0.0111 229 369 277 403
D00 0.0111 404 562 434 599
D00 0.0111 13 513 97 592
D00 0.0111 581 539 600 594
D00 0.0111 10 368 77 483
D00 0.0110 145 518 212 568
D00 0.0110 1 321 57 414
D00 0.0109 465 392 578 496
D00 0.0109 534 520 567 574
D00 0.0109 364 565 452 598
D00 0.0109 249 349 283 381
D00 0.0109 0 373 36 450
D00 0.0109 66 346 133 379
D00 0.0109 423 373 575 434
D00 0.0109 396 487 459 547
D00 0.0108 92 465 173 512
D00 0.0108 242 357 295 493
D00 0.0108 419 378 453 420
D00 0.0108 397 419 449 466
D00 0.0108 148 447 202 545
D00 0.0107 146 437 181 477
D00 0.0107 103 423 199 499
D00 0.0107 572 419 598 469
D00 0.0107 441 335 565 523
D00 0.0106 256 372 324 405
D00 0.0106 246 335 316 401
D00 0.0105 164 323 200 354
D00 0.0105 271 387 295 440
D00 0.0105 356 364 422 397
D00 0.0105 132 523 195 583
D00 0.0105 226 351 365 414
D00 0.0105 311 373 511 493
D00 0.0104 376 546 445 594
D00 0.0104 442 514 516 572
D00 0.0104 0 285 220 576
D00 0.0103 264 364 380 558
D00 0.0103 531 409 597 443
D00 0.0103 572 437 598 492
D00 0.0103 572 512 598 568
D00 0.0103 542 483 584 522
D00 0.0103 398 393 505 444
D00 0.0102 350 353 391 386
D00 0.0102 105 368 142 402
D00 0.0102 297 284 347 309
D00 0.0102 330 364 412 412
D00 0.0102 347 372 435 435
D00 0.0101 81 470 168 550
D00 0.0101 70 372 113 403
D00 0.0101 441 467 512 563
D00 0.0101 0 445 37 530
D00 0.0101 386 400 515 476
D00 0.0101 496 523 542 585
D00 0.0100 503 386 556 410
D00 0.0100 179 342 296 443
D00 0.0100 397 495 438 583
D00 0.0100 43 347 129 477
D00 0.0100 299 284 326 323
D00 0.0100 336 288 385 355
D00 0.0100 84 359 115 401
D00 0.0100 264 397 287 447
D00 0.0100 282 285 409 369
D10 0.1116 11 449 181 496
D10 0.0863 0 451 126 512
D10 0.0756 66 455 186 488
D10 0.0673 31 460 111 496
D10 0.0615 103 462 173 483
D10 0.0596 0 484 72 518
D10 0.0520 7 477 88 510
D10 0.0500 52 458 134 489
D10 0.0438 356 468 445 497
D10 0.0412 26 464 164 511
D10 0.0412 0 423 164 505
D10 0.0396 0 574 83 600
D10 0.0384 374 469 486 520
D10 0.0366 1 552 117 597
D10 0.0336 364 452 467 506
D10 0.0326 387 474 467 507
D10 0.0320 1 495 57 523
D10 0.0316 1 566 60 595
D10 0.0301 198 358 291 385
D10 0.0296 78 444 205 500
D10 0.0295 0 471 99 542
D10 0.0288 144 526 198 552
D10 0.0286 399 483 475 515
D10 0.0283 78 453 157 481
D10 0.0282 119 467 169 490
D10 0.0259 430 507 526 548
D10 0.0259 131 460 182 483
D10 0.0259 119 451 194 489
D10 0.0252 432 486 576 549
D10 0.0247 419 525 560 578
D10 0.0247 0 489 40 517
D10 0.0244 396 422 451 448
D10 0.0242 0 536 178 600
D10 0.0242 480 530 567 565
D10 0.0240 80 463 183 521
D10 0.0239 77 468 159 490
D10 0.0225 32 577 102 599
D10 0.0224 69 452 124 483
D10 0.0224 189 351 281 377
D10 0.0224 356 478 426 501
D10 0.0224 315 454 491 532
D10 0.0224 134 518 215 556
D10 0.0220 446 517 542 560
D10 0.0218 72 376 127 400
D10 0.0218 390 485 507 540
D10 0.0217 445 517 507 542
D10 0.0213 0 523 84 589
D10 0.0209 39 448 198 536
D10 0.0206 413 469 548 529
D10 0.0199 10 372 122 419
D10 0.0197 375 560 459 593
D10 0.0196 402 548 530 593
D10 0.0195 398 450 513 509
D10 0.0194 8 472 72 499
D10 0.0192 385 412 466 455
D10 0.0189 44 368 137 406
D10 0.0188 548 487 595 514
D10 0.0188 188 360 262 381
D10 0.0187 392 430 441 451
D10 0.0183 47 413 159 480
D10 0.0183 384 518 526 587
D10 0.0183 370 464 431 490
D10 0.0182 152 518 207 546
D10 0.0182 0 504 40 532
D10 0.0182 422 488 483 512
D10 0.0182 404 556 468 587
D10 0.0181 462 525 526 552
D10 0.0179 379 427 469 493
D10 0.0179 0 454 66 507
D10 0.0178 138 533 191 555
D10 0.0178 345 474 406 496
D10 0.0177 530 476 599 531
D10 0.0177 229 352 283 373
D10 0.0174 334 349 390 373
D10 0.0172 546 496 594 522
D10 0.0170 25 568 91 594
D10 0.0170 316 549 466 598
D10 0.0166 331 473 430 508
D10 0.0165 475 534 534 560
D10 0.0165 500 537 583 574
D10 0.0164 291 339 409 387
D10 0.0162 0 480 43 507
D10 0.0159 349 475 484 545
D10 0.0159 336 339 389 363
D10 0.0159 293 320 405 369
D10 0.0158 342 358 396 382
D10 0.0157 395 559 442 584
D10 0.0156 365 422 422 449
D10 0.0156 0 433 89 493
D10 0.0155 0 393 85 434
D10 0.0155 112 525 199 562
D10 0.0154 380 458 455 494
D10 0.0153 487 543 557 568
D10 0.0152 359 349 415 370
D10 0.0152 19 481 133 534
D10 0.0152 343 538 527 600
D10 0.0151 552 441 596 466
D10 0.0150 501 485 577 541
D10 0.0149 0 551 63 588
D10 0.0149 1 498 81 564
D10 0.0146 50 475 109 500
D10 0.0145 407 413 457 440
D10 0.0144 405 432 460 454
D10 0.0144 344 413 437 455
D10 0.0144 419 520 498 549
D10 0.0143 417 442 575 521
D10 0.0143 408 491 484 528
D10 0.0142 245 343 375 390
D10 0.0142 181 352 247 373
D10 0.0141 369 566 437 589
D10 0.0140 44 381 118 412
D10 0.0138 72 436 181 483
D10 0.0138 469 518 533 545
D10 0.0137 221 345 317 394
D10 0.0136 100 350 152 375
D10 0.0136 178 325 290 372
D10 0.0136 3 403 57 427
D10 0.0135 355 367 403 392
D10 0.0135 389 488 449 512
D10 0.0135 546 505 592 532
D10 0.0134 32 571 139 600
D10 0.0134 358 339 413 362
D10 0.0134 395 503 507 562
D10 0.0133 510 534 575 561
D10 0.0133 377 405 424 430
D10 0.0133 541 478 588 506
D10 0.0132 121 527 179 554
D10 0.0132 63 368 122 394
D10 0.0131 119 436 217 481
D10 0.0131 361 358 415 381
D10 0.0130 299 512 484 592
D10 0.0129 208 366 283 390
D10 0.0128 552 450 596 475
D10 0.0128 62 550 184 595
D10 0.0127 19 529 136 584
D10 0.0127 351 341 444 380
D10 0.0127 22 390 96 423
D10 0.0126 419 501 495 540
D10 0.0126 535 499 588 540
D10 0.0125 19 463 80 489
D10 0.0125 451 508 511 536
D10 0.0124 360 530 462 583
D10 0.0124 553 431 597 458
D10 0.0124 352 478 448 522
D10 0.0123 47 453 105 482
D10 0.0123 392 405 444 432
D10 0.0123 10 395 69 420
D10 0.0122 526 437 595 472
D10 0.0122 5 409 104 474
D10 0.0121 541 510 596 550
D10 0.0121 126 527 227 576
D10 0.0121 306 355 389 383
D10 0.0120 20 372 100 405
D10 0.0119 86 436 247 519
D10 0.0118 375 349 437 371
D10 0.0118 414 470 469 498
D10 0.0116 386 418 517 501
D10 0.0116 247 322 375 371
D10 0.0116 106 558 203 597
D10 0.0116 20 403 79 427
D10 0.0115 294 348 383 374
D10 0.0115 489 448 582 505
D10 0.0115 416 566 484 590
D10 0.0115 561 478 600 506
D10 0.0114 164 351 221 373
D10 0.0114 1 362 75 397
D10 0.0114 529 496 572 523
D10 0.0114 81 383 131 408
D10 0.0113 83 349 135 374
D10 0.0113 491 547 574 585
D10 0.0113 38 479 101 515
D10 0.0113 0 394 45 421
D10 0.0112 154 547 311 599
D10 0.0112 0 514 39 540
D10 0.0111 91 483 185 546
D10 0.0111 289 554 412 594
D10 0.0111 2 380 76 416
D10 0.0110 482 512 565 551
D10 0.0110 416 423 465 448
D10 0.0110 25 509 215 589
D10 0.0110 328 330 384 353
D10 0.0110 0 378 112 458
D10 0.0109 249 350 298 371
D10 0.0109 498 525 566 555
D10 0.0108 328 458 432 498
D10 0.0108 105 358 161 384
D10 0.0108 328 361 400 393
D10 0.0107 521 482 577 522
D10 0.0107 219 324 320 373
D10 0.0107 541 422 594 448
D10 0.0107 342 354 430 413
D10 0.0107 461 504 542 539
D10 0.0106 30 386 92 411
D10 0.0106 96 375 149 399
D10 0.0106 371 557 434 582
D10 0.0106 265 439 469 517
D10 0.0106 417 517 479 541
D10 0.0106 369 368 426 392
D10 0.0106 395 422 484 467
D10 0.0105 67 529 183 579
D10 0.0105 548 524 592 553
D10 0.0105 94 508 193 558
D10 0.0105 551 469 596 496
D10 0.0104 368 393 414 420
D10 0.0104 373 488 465 534
D10 0.0104 495 408 567 442
D10 0.0104 147 511 247 549
D10 0.0104 89 414 495 584
D10 0.0104 401 498 455 523
D10 0.0103 420 554 506 584
D10 0.0103 74 441 124 470
D10 0.0103 21 495 76 521
D10 0.0103 114 350 174 373
D10 0.0102 552 459 596 485
D10 0.0101 155 346 261 378
D10 0.0101 487 493 567 527
D10 0.0101 291 356 412 409
D10 0.0101 366 337 441 367
D10 0.0101 432 480 490 505
D10 0.0100 509 409 592 463
D10 0.0100 435 496 492 526
D10 0.0100 511 427 590 482
D20 0.0975 342 414 600 589
D20 0.0961 425 483 600 583
D20 0.0690 109 388 583 582
D20 0.0515 381 466 568 562
D20 0.0419 0 573 72 600
D20 0.0415 372 413 506 538
D20 0.0365 0 452 72 600
D20 0.0353 204 359 295 400
D20 0.0351 158 311 208 335
D20 0.0349 2 349 135 415
D20 0.0348 456 521 588 580
D20 0.0335 392 525 586 599
D20 0.0332 0 477 41 550
D20 0.0322 0 417 141 510
D20 0.0316 0 342 427 534
D20 0.0303 435 504 580 564
D20 0.0302 0 447 114 541
D20 0.0301 35 446 514 600
D20 0.0300 0 378 180 552
D20 0.0297 307 334 600 549
D20 0.0295 0 475 72 526
D20 0.0285 362 376 459 519
D20 0.0272 15 397 190 495
D20 0.0270 39 452 117 496
D20 0.0270 405 403 574 551
D20 0.0258 174 304 227 328
D20 0.0249 0 553 56 600
D20 0.0244 475 447 600 570
D20 0.0241 0 344 133 473
D20 0.0238 164 297 259 331
D20 0.0231 230 327 427 401
D20 0.0231 477 540 589 591
D20 0.0224 449 371 600 600
D20 0.0218 152 304 233 338
D20 0.0217 0 325 246 503
D20 0.0217 24 339 167 400
D20 0.0216 310 303 393 345
D20 0.0215 310 489 545 587
D20 0.0211 137 332 308 399
D20 0.0211 17 443 171 528
D20 0.0208 0 527 91 600
D20 0.0207 0 482 180 589
D20 0.0207 0 529 36 600
D20 0.0204 380 439 465 515
D20 0.0204 404 453 522 589
D20 0.0203 417 545 554 592
D20 0.0202 334 340 448 461
D20 0.0200 375 436 477 580
D20 0.0197 174 355 286 385
D20 0.0196 394 458 486 532
D20 0.0195 74 358 155 400
D20 0.0191 188 303 249 326
D20 0.0190 240 291 411 361
D20 0.0187 278 293 332 316
D20 0.0185 553 424 599 506
D20 0.0185 506 500 600 600
D20 0.0183 290 294 376 332
D20 0.0180 260 287 353 321
D20 0.0180 248 355 450 441
D20 0.0178 1 338 100 397
D20 0.0178 548 462 598 542
D20 0.0176 174 350 298 413
D20 0.0175 428 477 531 554
D20 0.0170 26 460 194 559
D20 0.0170 178 311 240 333
D20 0.0167 89 351 180 391
D20 0.0166 0 0 408 294
D20 0.0166 276 314 413 375
D20 0.0165 431 512 531 581
D20 0.0163 167 0 600 294
D20 0.0161 51 435 152 493
D20 0.0161 124 304 208 340
D20 0.0161 0 373 78 556
D20 0.0160 141 315 206 343
D20 0.0158 0 446 269 600
D20 0.0158 147 320 291 373
D20 0.0156 0 485 23 547
D20 0.0154 167 297 215 335
D20 0.0153 0 118 290 600
D20 0.0152 379 395 465 447
D20 0.0150 0 344 64 420
D20 0.0150 369 397 475 479
D20 0.0149 0 165 557 591
D20 0.0149 0 310 145 397
D20 0.0146 57 332 222 402
D20 0.0145 0 416 130 600
D20 0.0144 309 350 403 386
D20 0.0143 312 118 600 600
D20 0.0138 242 281 332 315
D20 0.0137 468 553 564 597
D20 0.0136 373 391 534 497
D20 0.0135 259 293 314 315
D20 0.0135 450 460 550 572
D20 0.0135 0 0 600 434
D20 0.0134 0 324 90 438
D20 0.0134 238 435 536 575
D20 0.0134 319 408 482 505
D20 0.0134 269 285 321 309
D20 0.0133 307 312 427 418
D20 0.0132 366 459 449 525
D20 0.0132 0 573 30 599
D20 0.0132 236 350 394 414
D20 0.0130 0 498 37 537
D20 0.0130 474 503 567 600
D20 0.0129 130 301 272 349
D20 0.0129 79 443 179 489
D20 0.0128 413 491 508 567
D20 0.0124 47 345 262 457
D20 0.0124 44 341 301 600
D20 0.0123 0 432 64 524
D20 0.0122 296 301 353 324
D20 0.0121 205 278 389 344
D20 0.0121 0 454 27 532
D20 0.0119 313 320 397 360
D20 0.0119 0 496 26 525
D20 0.0117 138 355 306 443
D20 0.0117 327 357 410 402
D20 0.0117 242 292 331 331
D20 0.0116 0 290 111 561
D20 0.0116 45 409 247 524
D20 0.0116 348 321 437 363
D20 0.0115 186 304 292 337
D20 0.0114 149 303 200 329
D20 0.0114 343 425 441 560
D20 0.0113 122 323 241 366
D20 0.0113 56 338 179 441
D20 0.0112 0 303 209 434
D20 0.0112 0 266 208 600
D20 0.0111 152 346 505 520
D20 0.0111 22 524 220 600
D20 0.0110 207 341 337 400
D20 0.0110 0 503 24 591
D20 0.0110 455 0 600 217
D20 0.0110 195 340 283 396
D20 0.0110 270 297 342 326
D20 0.0109 380 0 600 145
D20 0.0109 403 563 519 600
D20 0.0108 0 546 23 600
D20 0.0105 383 472 465 548
D20 0.0105 79 314 247 375
D20 0.0105 182 286 274 324
D20 0.0105 0 0 215 145
D20 0.0105 198 299 277 328
D20 0.0104 281 282 346 312
D20 0.0104 348 393 434 444
D20 0.0104 352 567 449 599
D20 0.0103 350 367 434 415
D20 0.0101 17 554 102 600
D40 0.0871 39 469 101 496
D40 0.0739 33 477 89 503
D40 0.0557 11 471 93 509
D40 0.0412 403 565 450 590
D40 0.0282 14 451 113 504
D40 0.0271 544 541 600 600
D40 0.0267 0 570 42 600
D40 0.0266 0 462 75 527
D40 0.0262 569 566 600 600
D40 0.0258 398 559 478 594
D40 0.0225 31 485 84 511
D40 0.0221 512 562 600 600
D40 0.0219 62 462 111 491
D40 0.0213 0 490 39 528
D40 0.0182 540 572 598 598
D40 0.0178 16 573 64 600
D40 0.0173 552 561 595 594
D40 0.0172 365 534 547 600
D40 0.0156 410 571 471 596
D40 0.0145 25 582 93 600
D40 0.0134 413 536 503 596
D40 0.0132 417 562 463 592
D40 0.0131 21 481 68 514
D40 0.0128 452 511 496 545
D40 0.0126 458 554 550 596
D40 0.0123 377 564 456 598
D40 0.0120 6 568 92 600
D40 0.0120 474 565 570 600
D40 0.0117 481 575 543 597
D40 0.0117 42 473 79 514
D40 0.0113 551 581 600 600
D40 0.0112 581 549 600 599
D40 0.0104 56 464 95 503
D40 0.0102 400 515 481 585
D40 0.0102 387 466 430 497
