D00 0.1925 435 524 471 600
D00 0.1595 147 431 242 600
D00 0.1483 442 546 467 597
D00 0.1295 156 476 217 590
D00 0.1237 401 502 479 598
D00 0.1049 158 511 202 600
D00 0.0973 168 505 223 578
D00 0.0905 412 539 493 597
D00 0.0787 272 336 297 390
D00 0.0783 264 344 290 399
D00 0.0773 169 520 199 579
D00 0.0757 378 441 471 599
D00 0.0727 158 428 206 522
D00 0.0719 411 465 466 585
D00 0.0680 258 330 298 410
D00 0.0676 0 420 84 572
D00 0.0674 423 527 465 582
D00 0.0671 29 513 76 562
D00 0.0659 437 557 480 599
D00 0.0617 14 486 76 578
D00 0.0607 164 424 230 550
D00 0.0578 167 483 203 568
D00 0.0576 421 467 509 600
D00 0.0555 387 455 410 509
D00 0.0547 366 520 506 600
D00 0.0540 162 526 236 600
D00 0.0535 427 572 471 598
D00 0.0534 439 507 499 597
D00 0.0514 170 456 215 546
D00 0.0506 379 431 418 518
D00 0.0500 152 465 197 559
D00 0.0496 163 527 190 589
D00 0.0477 0 363 32 399
D00 0.0471 393 447 452 562
D00 0.0458 441 536 475 582
D00 0.0438 363 376 501 600
D00 0.0433 256 352 284 405
D00 0.0415 172 518 212 563
D00 0.0414 0 363 34 432
D00 0.0411 173 418 222 513
D00 0.0402 3 467 62 566
D00 0.0384 397 562 480 600
D00 0.0379 425 498 462 570
D00 0.0378 114 510 241 595
D00 0.0378 430 533 467 560
D00 0.0374 279 330 305 380
D00 0.0368 372 419 442 553
D00 0.0361 170 338 273 489
D00 0.0361 145 440 190 525
D00 0.0361 227 461 307 597
D00 0.0349 439 519 466 574
D00 0.0342 190 367 333 574
D00 0.0336 3 520 82 570
D00 0.0333 8 476 100 600
D00 0.0332 439 572 494 599
D00 0.0331 418 534 552 600
D00 0.0321 270 323 311 398
D00 0.0312 227 460 270 543
D00 0.0310 164 374 244 502
D00 0.0310 131 421 214 551
D00 0.0309 179 406 244 463
D00 0.0309 382 504 466 568
D00 0.0306 168 437 197 496
D00 0.0304 0 358 64 389
D00 0.0301 207 339 294 474
D00 0.0299 1 351 60 435
D00 0.0296 163 504 190 563
D00 0.0294 160 445 189 506
D00 0.0294 150 465 181 533
D00 0.0293 179 545 270 600
D00 0.0290 234 326 306 447
D00 0.0286 0 348 49 403
D00 0.0285 177 454 205 515
D00 0.0283 167 429 214 483
D00 0.0281 245 351 492 595
D00 0.0280 260 359 291 425
D00 0.0279 219 548 302 600
D00 0.0278 450 540 484 598
D00 0.0274 271 358 294 410
D00 0.0272 347 357 429 530
D00 0.0272 413 518 480 573
D00 0.0270 422 556 466 596
D00 0.0269 94 480 215 586
D00 0.0268 421 561 520 600
D00 0.0268 261 335 296 373
D00 0.0265 178 494 206 556
D00 0.0264 14 392 160 577
D00 0.0263 6 503 84 551
D00 0.0263 136 528 212 598
D00 0.0262 152 541 185 600
D00 0.0258 172 358 229 381
D00 0.0257 223 479 267 574
D00 0.0255 160 472 207 532
D00 0.0254 38 498 88 567
D00 0.0253 270 327 302 363
D00 0.0252 383 456 428 540
D00 0.0252 41 507 77 543
D00 0.0250 31 389 87 430
D00 0.0241 321 394 470 567
D00 0.0241 391 464 418 517
D00 0.0236 185 359 249 466
D00 0.0236 2 358 112 543
D00 0.0235 186 464 213 523
D00 0.0233 366 473 468 560
D00 0.0233 168 569 257 600
D00 0.0232 427 447 482 570
D00 0.0232 419 476 454 554
D00 0.0231 255 440 321 594
D00 0.0231 259 554 305 600
D00 0.0230 174 420 227 469
D00 0.0228 390 424 585 597
D00 0.0228 234 327 300 387
D00 0.0226 230 381 382 582
D00 0.0226 237 442 278 528
D00 0.0225 202 409 239 447
D00 0.0224 166 538 209 600
D00 0.0224 378 388 427 505
D00 0.0224 2 391 29 441
D00 0.0222 24 446 87 554
D00 0.0222 40 520 79 582
D00 0.0218 1 464 40 536
D00 0.0217 220 333 286 423
D00 0.0217 167 464 197 521
D00 0.0217 252 343 290 381
D00 0.0216 373 363 460 536
D00 0.0215 28 513 90 600
D00 0.0215 244 571 300 599
D00 0.0212 6 512 61 598
D00 0.0212 185 348 235 389
D00 0.0212 300 435 536 599
D00 0.0207 258 355 296 385
D00 0.0206 160 481 187 541
D00 0.0206 48 515 83 561
D00 0.0204 380 465 404 514
D00 0.0204 154 527 210 568
D00 0.0203 275 451 313 544
D00 0.0201 285 447 324 530
D00 0.0199 290 362 422 564
D00 0.0199 195 339 246 384
D00 0.0199 352 335 416 472
D00 0.0199 197 391 261 452
D00 0.0199 430 549 466 582
D00 0.0195 388 433 438 518
D00 0.0195 7 363 84 421
D00 0.0195 362 458 423 517
D00 0.0193 332 339 391 402
D00 0.0193 444 496 477 576
D00 0.0190 192 416 232 455
D00 0.0189 165 430 203 465
D00 0.0188 303 452 342 527
D00 0.0188 171 329 276 420
D00 0.0187 418 513 457 551
D00 0.0187 242 439 300 563
D00 0.0187 407 532 458 600
D00 0.0185 329 326 436 445
D00 0.0184 276 456 338 598
D00 0.0184 371 413 413 499
D00 0.0184 22 496 66 555
D00 0.0184 380 478 421 506
D00 0.0183 166 350 218 376
D00 0.0182 330 337 355 386
D00 0.0181 270 346 315 375
D00 0.0180 220 509 259 588
D00 0.0180 2 380 51 417
D00 0.0180 279 350 304 402
D00 0.0180 209 532 257 600
D00 0.0179 406 411 496 580
D00 0.0178 234 563 326 600
D00 0.0178 136 427 206 490
D00 0.0177 197 346 240 433
D00 0.0177 246 362 292 447
D00 0.0177 14 379 94 459
D00 0.0176 262 498 316 596
D00 0.0176 412 451 457 536
D00 0.0175 272 560 299 600
D00 0.0175 335 332 368 393
D00 0.0175 209 493 251 565
D00 0.0174 396 482 469 544
D00 0.0173 255 388 321 531
D00 0.0172 250 358 302 399
D00 0.0172 38 383 110 435
D00 0.0172 24 519 65 587
D00 0.0171 264 364 303 447
D00 0.0171 163 494 235 555
D00 0.0171 0 552 27 599
D00 0.0170 9 513 59 548
D00 0.0167 156 565 193 600
D00 0.0167 192 359 229 393
D00 0.0167 179 526 214 587
D00 0.0166 0 525 35 600
D00 0.0166 456 523 521 600
D00 0.0166 368 383 409 471
D00 0.0165 356 319 404 348
D00 0.0165 265 391 304 478
D00 0.0164 385 429 410 485
D00 0.0164 348 348 392 423
D00 0.0164 175 480 209 522
D00 0.0163 161 525 203 553
D00 0.0163 344 346 378 409
D00 0.0162 347 451 436 573
D00 0.0162 168 500 203 541
D00 0.0162 155 472 191 513
D00 0.0161 204 329 256 374
D00 0.0160 398 438 468 524
D00 0.0159 243 339 282 402
D00 0.0159 197 518 245 597
D00 0.0158 0 496 52 546
D00 0.0157 43 500 106 588
D00 0.0156 184 434 214 495
D00 0.0156 313 338 374 398
D00 0.0155 389 473 442 529
D00 0.0155 111 358 246 532
D00 0.0154 153 490 179 550
D00 0.0154 294 438 334 516
D00 0.0152 236 362 289 411
D00 0.0152 48 385 89 418
D00 0.0152 184 483 214 543
D00 0.0151 266 470 304 557
D00 0.0151 120 499 181 594
D00 0.0150 211 341 388 486
D00 0.0150 378 437 404 495
D00 0.0150 252 330 300 354
D00 0.0149 316 466 346 529
D00 0.0149 241 384 300 504
D00 0.0148 212 483 263 540
D00 0.0148 276 328 404 431
D00 0.0147 555 528 600 600
D00 0.0147 127 469 193 529
D00 0.0146 302 458 326 510
D00 0.0146 1 409 28 460
D00 0.0146 39 399 91 448
D00 0.0145 154 523 182 578
D00 0.0145 34 535 73 571
D00 0.0145 264 573 318 599
D00 0.0145 140 554 201 600
D00 0.0145 358 365 400 446
D00 0.0144 205 353 232 401
D00 0.0144 399 581 464 600
D00 0.0144 89 544 212 594
D00 0.0144 408 569 456 599
D00 0.0144 454 457 527 597
D00 0.0144 273 422 315 505
D00 0.0143 451 510 488 582
D00 0.0143 236 486 365 600
D00 0.0143 44 393 78 437
D00 0.0143 226 498 253 559
D00 0.0142 436 530 494 568
D00 0.0142 356 311 404 337
D00 0.0142 388 478 411 535
D00 0.0142 252 377 287 414
D00 0.0142 236 474 262 532
D00 0.0141 144 393 232 465
D00 0.0141 30 486 158 578
D00 0.0140 158 422 196 480
D00 0.0140 438 480 577 600
D00 0.0140 31 358 89 380
D00 0.0139 185 468 228 537
D00 0.0139 1 341 27 391
D00 0.0139 29 478 112 555
D00 0.0139 143 368 272 445
D00 0.0138 334 326 398 381
D00 0.0137 435 477 469 554
D00 0.0137 190 541 233 600
D00 0.0136 216 429 267 522
D00 0.0135 171 309 310 534
D00 0.0134 310 465 335 518
D00 0.0132 57 503 190 592
D00 0.0132 242 339 294 363
D00 0.0132 353 327 391 358
D00 0.0132 136 474 184 559
D00 0.0132 276 409 335 542
D00 0.0130 434 511 467 552
D00 0.0130 348 439 458 521
D00 0.0130 194 377 231 448
D00 0.0130 286 336 315 385
D00 0.0130 346 330 418 401
D00 0.0130 24 370 113 414
D00 0.0129 387 423 422 494
D00 0.0129 430 484 457 545
D00 0.0128 148 358 204 380
D00 0.0128 189 320 345 442
D00 0.0127 11 355 43 396
D00 0.0127 127 505 212 559
D00 0.0127 245 457 269 514
D00 0.0127 210 376 245 448
D00 0.0127 0 562 46 600
D00 0.0126 342 317 406 366
D00 0.0125 67 297 91 345
D00 0.0125 271 524 301 600
D00 0.0124 574 542 598 594
D00 0.0124 161 334 225 384
D00 0.0124 225 352 295 389
D00 0.0124 264 439 307 523
D00 0.0124 331 330 517 521
D00 0.0124 45 403 102 429
D00 0.0123 440 546 506 588
D00 0.0123 181 526 232 568
D00 0.0123 276 321 311 350
D00 0.0123 373 350 427 459
D00 0.0123 202 340 277 398
D00 0.0123 178 566 222 599
D00 0.0122 159 356 238 395
D00 0.0122 284 469 306 530
D00 0.0122 339 352 365 402
D00 0.0121 201 357 256 382
D00 0.0121 293 462 316 519
D00 0.0121 165 365 221 388
D00 0.0121 362 341 473 471
D00 0.0120 368 407 543 545
D00 0.0120 6 404 55 466
D00 0.0120 171 345 232 440
D00 0.0120 296 322 430 380
D00 0.0120 275 408 297 464
D00 0.0120 152 439 181 494
D00 0.0120 280 327 319 360
D00 0.0119 374 546 456 600
D00 0.0119 455 556 501 596
D00 0.0119 343 366 396 477
D00 0.0118 141 483 217 540
D00 0.0118 185 415 217 461
D00 0.0117 199 414 237 485
D00 0.0117 543 432 595 459
D00 0.0117 0 358 25 386
D00 0.0117 412 483 443 542
D00 0.0117 267 378 298 413
D00 0.0117 50 482 85 547
D00 0.0116 223 324 253 364
D00 0.0116 264 353 377 407
D00 0.0116 152 512 210 549
D00 0.0115 20 363 92 392
D00 0.0115 188 362 233 413
D00 0.0115 322 337 347 385
D00 0.0115 356 355 383 406
D00 0.0115 388 330 440 356
D00 0.0115 272 329 336 410
D00 0.0115 347 338 374 386
D00 0.0115 11 294 33 346
D00 0.0114 151 349 201 374
D00 0.0114 13 371 64 407
D00 0.0114 116 446 182 551
D00 0.0114 447 448 501 567
D00 0.0114 268 362 316 408
D00 0.0114 0 490 32 530
D00 0.0114 144 475 171 524
D00 0.0114 4 349 77 379
D00 0.0113 207 384 233 440
D00 0.0113 277 409 308 481
D00 0.0113 364 313 394 354
D00 0.0113 214 345 241 392
D00 0.0113 317 354 409 408
D00 0.0113 377 419 403 472
D00 0.0113 181 444 231 506
D00 0.0113 469 517 553 593
D00 0.0113 12 527 58 565
D00 0.0113 226 334 268 368
D00 0.0112 18 408 128 508
D00 0.0112 371 481 435 515
D00 0.0111 476 546 540 600
D00 0.0111 348 323 450 371
D00 0.0111 190 581 255 600
D00 0.0111 443 363 562 554
D00 0.0110 21 541 130 595
D00 0.0110 286 429 366 594
D00 0.0110 178 417 207 464
D00 0.0109 246 465 283 534
D00 0.0109 288 433 321 499
D00 0.0109 323 388 417 499
D00 0.0109 69 349 124 370
D00 0.0108 398 456 430 511
D00 0.0108 361 317 428 353
D00 0.0108 381 463 436 504
D00 0.0107 132 574 188 598
D00 0.0107 301 337 396 499
D00 0.0107 50 357 107 380
D00 0.0107 237 327 277 359
D00 0.0107 45 524 101 567
D00 0.0107 270 348 338 493
D00 0.0106 447 581 509 600
D00 0.0106 330 348 377 374
D00 0.0105 338 320 392 346
D00 0.0105 321 352 384 389
D00 0.0105 238 489 273 566
D00 0.0105 357 359 418 420
D00 0.0104 266 549 332 600
D00 0.0104 435 506 537 568
D00 0.0104 229 319 444 401
D00 0.0104 140 451 178 515
D00 0.0104 154 462 209 503
D00 0.0103 383 401 450 483
D00 0.0103 58 297 83 343
D00 0.0103 49 531 88 595
D00 0.0103 168 340 197 380
D00 0.0103 277 370 471 493
D00 0.0103 49 356 200 519
D00 0.0102 343 335 380 367
D00 0.0102 3 506 44 567
D00 0.0102 274 426 298 482
D00 0.0102 301 326 368 383
D00 0.0102 1 349 43 375
D00 0.0101 371 469 414 499
D00 0.0101 280 488 306 562
D00 0.0101 38 489 67 543
D10 0.1033 394 525 468 556
D10 0.0740 413 534 465 559
D10 0.0714 0 392 83 424
D10 0.0575 3 513 77 548
D10 0.0534 3 404 67 429
D10 0.0505 419 528 461 552
D10 0.0481 381 528 451 550
D10 0.0461 379 508 471 554
D10 0.0460 29 396 86 420
D10 0.0458 19 522 73 554
D10 0.0432 403 518 458 546
D10 0.0400 358 339 415 359
D10 0.0385 1 413 53 438
D10 0.0367 35 533 80 562
D10 0.0367 362 523 472 586
D10 0.0357 5 386 73 414
D10 0.0353 0 367 56 392
D10 0.0346 169 495 256 550
D10 0.0335 38 516 87 544
D10 0.0332 348 331 427 365
D10 0.0328 171 409 269 465
D10 0.0317 3 394 50 422
D10 0.0317 375 531 460 563
D10 0.0307 179 507 240 532
D10 0.0307 195 410 262 447
D10 0.0303 267 387 322 408
D10 0.0295 26 510 74 536
D10 0.0289 2 524 60 550
D10 0.0287 184 392 282 449
D10 0.0287 166 463 264 522
D10 0.0281 201 523 301 589
D10 0.0281 177 515 238 543
D10 0.0275 354 331 406 355
D10 0.0274 161 424 253 486
D10 0.0273 161 433 212 459
D10 0.0271 194 421 244 450
D10 0.0268 2 407 78 444
D10 0.0268 176 491 247 530
D10 0.0266 400 536 469 575
D10 0.0264 2 383 46 411
D10 0.0261 256 378 356 413
D10 0.0257 1 422 53 447
D10 0.0256 171 517 242 561
D10 0.0249 182 497 282 571
D10 0.0248 145 428 230 473
D10 0.0242 28 542 77 567
D10 0.0240 254 384 297 409
D10 0.0240 203 417 286 453
D10 0.0240 268 395 322 415
D10 0.0239 34 538 97 570
D10 0.0233 173 444 276 504
D10 0.0229 16 507 128 562
D10 0.0225 436 534 477 560
D10 0.0224 362 484 458 545
D10 0.0224 39 388 95 414
D10 0.0224 171 419 237 456
D10 0.0223 177 497 228 521
D10 0.0223 10 533 67 560
D10 0.0223 367 516 448 546
D10 0.0221 1 508 54 535
D10 0.0220 282 387 344 408
D10 0.0218 0 371 73 407
D10 0.0218 185 481 284 542
D10 0.0218 7 360 70 383
D10 0.0214 131 431 209 462
D10 0.0213 11 529 88 578
D10 0.0212 188 475 268 512
D10 0.0210 12 487 97 549
D10 0.0209 167 559 257 597
D10 0.0207 202 371 296 431
D10 0.0204 262 375 306 403
D10 0.0202 189 425 290 486
D10 0.0201 198 496 255 525
D10 0.0200 39 402 91 428
D10 0.0200 173 439 222 464
D10 0.0198 36 520 103 558
D10 0.0198 221 550 298 589
D10 0.0196 197 405 245 433
D10 0.0194 111 415 234 467
D10 0.0194 154 440 203 466
D10 0.0192 172 531 225 562
D10 0.0191 147 426 207 450
D10 0.0191 198 487 259 515
D10 0.0189 191 423 260 460
D10 0.0188 0 517 46 542
D10 0.0187 133 397 247 450
D10 0.0187 212 479 266 504
D10 0.0185 253 394 298 416
D10 0.0184 202 401 274 437
D10 0.0183 171 486 216 514
D10 0.0181 261 323 309 343
D10 0.0181 234 373 329 423
D10 0.0180 124 446 228 506
D10 0.0180 59 375 143 402
D10 0.0179 213 414 278 441
D10 0.0179 273 377 333 401
D10 0.0179 224 486 270 515
D10 0.0178 382 571 469 600
D10 0.0177 177 536 259 576
D10 0.0177 213 323 265 345
D10 0.0177 275 392 351 418
D10 0.0176 203 469 292 523
D10 0.0175 210 505 259 532
D10 0.0171 112 518 208 564
D10 0.0170 2 432 54 458
D10 0.0170 131 483 226 543
D10 0.0170 178 414 233 441
D10 0.0168 375 331 432 356
D10 0.0168 173 338 278 389
D10 0.0167 211 409 304 466
D10 0.0167 199 508 263 547
D10 0.0167 248 374 290 403
D10 0.0166 147 526 197 552
D10 0.0166 171 481 234 521
D10 0.0165 378 441 419 465
D10 0.0163 552 440 600 464
D10 0.0163 238 323 294 344
D10 0.0162 263 364 304 393
D10 0.0162 164 546 236 587
D10 0.0161 218 545 276 569
D10 0.0159 191 350 289 412
D10 0.0158 211 447 305 504
D10 0.0157 33 527 124 567
D10 0.0155 164 496 208 520
D10 0.0154 269 356 316 383
D10 0.0154 346 521 451 561
D10 0.0153 160 477 205 507
D10 0.0153 153 487 198 514
D10 0.0153 15 367 79 388
D10 0.0152 236 378 297 413
D10 0.0152 235 478 280 505
D10 0.0151 201 528 268 567
D10 0.0151 355 342 418 373
D10 0.0150 9 543 63 568
D10 0.0150 217 430 278 455
D10 0.0149 169 501 226 538
D10 0.0149 197 523 251 552
D10 0.0149 404 505 453 535
D10 0.0149 379 449 419 473
D10 0.0148 183 533 248 560
D10 0.0148 168 448 211 474
D10 0.0147 139 529 203 567
D10 0.0146 47 383 129 414
D10 0.0146 442 542 489 569
D10 0.0145 213 490 277 531
D10 0.0144 275 322 329 343
D10 0.0143 283 373 362 403
D10 0.0143 171 402 240 436
D10 0.0142 28 525 164 579
D10 0.0142 227 331 286 354
D10 0.0142 405 563 467 594
D10 0.0142 91 467 214 521
D10 0.0141 31 500 115 546
D10 0.0141 391 487 442 513
D10 0.0140 234 392 326 444
D10 0.0140 181 433 249 469
D10 0.0140 169 541 213 570
D10 0.0139 123 425 194 447
D10 0.0139 176 477 222 506
D10 0.0139 87 432 217 487
D10 0.0138 175 542 240 568
D10 0.0137 211 534 262 560
D10 0.0137 169 516 210 542
D10 0.0136 188 554 257 581
D10 0.0136 420 550 467 582
D10 0.0135 144 479 192 506
D10 0.0135 428 516 468 541
D10 0.0134 164 562 218 593
D10 0.0134 158 375 259 432
D10 0.0133 202 466 274 503
D10 0.0132 132 535 190 559
D10 0.0132 166 552 215 581
D10 0.0132 106 467 190 499
D10 0.0131 308 494 455 569
D10 0.0131 11 465 97 529
D10 0.0131 174 443 237 480
D10 0.0130 246 555 297 582
D10 0.0129 218 338 278 363
D10 0.0128 35 552 85 578
D10 0.0128 338 340 391 362
D10 0.0128 412 496 455 521
D10 0.0128 18 546 83 583
D10 0.0127 317 485 436 538
D10 0.0127 48 378 110 400
D10 0.0126 376 433 460 482
D10 0.0124 380 501 450 540
D10 0.0124 47 509 98 534
D10 0.0124 233 481 296 520
D10 0.0124 167 506 209 530
D10 0.0124 221 389 293 423
D10 0.0123 227 470 274 496
D10 0.0123 6 553 59 580
D10 0.0123 153 468 197 496
D10 0.0122 238 422 292 449
D10 0.0122 195 329 250 353
D10 0.0121 273 367 331 392
D10 0.0121 378 437 437 472
D10 0.0121 232 496 279 525
D10 0.0121 0 404 29 431
D10 0.0120 231 425 299 462
D10 0.0120 17 464 88 495
D10 0.0120 53 536 110 559
D10 0.0119 51 507 193 562
D10 0.0119 195 322 249 344
D10 0.0119 30 377 86 402
D10 0.0119 293 382 372 410
D10 0.0118 155 356 260 406
D10 0.0118 364 528 425 551
D10 0.0118 69 369 131 393
D10 0.0118 28 540 107 589
D10 0.0117 6 498 58 524
D10 0.0117 124 413 209 443
D10 0.0117 390 427 480 468
D10 0.0117 433 526 515 579
D10 0.0116 300 462 344 486
D10 0.0116 529 431 600 471
D10 0.0116 27 412 116 455
D10 0.0116 220 515 268 540
D10 0.0116 347 347 398 371
D10 0.0115 83 456 201 495
D10 0.0115 214 371 291 406
D10 0.0114 236 366 288 394
D10 0.0113 319 526 436 583
D10 0.0113 395 490 456 529
D10 0.0113 387 548 466 586
D10 0.0113 553 449 600 472
D10 0.0112 0 563 46 594
D10 0.0112 175 464 242 502
D10 0.0111 332 339 415 383
D10 0.0111 176 468 220 495
D10 0.0111 212 434 285 469
D10 0.0111 2 574 58 599
D10 0.0111 231 348 289 373
D10 0.0111 181 454 255 491
D10 0.0111 211 502 303 556
D10 0.0110 147 517 195 542
D10 0.0110 317 451 427 509
D10 0.0110 351 431 429 481
D10 0.0109 229 465 291 502
D10 0.0109 365 519 423 541
D10 0.0109 221 385 281 409
D10 0.0109 26 457 101 488
D10 0.0109 29 489 165 543
D10 0.0108 262 403 307 427
D10 0.0108 222 318 308 354
D10 0.0108 235 429 326 487
D10 0.0108 197 396 244 420
D10 0.0107 209 348 269 373
D10 0.0107 237 541 301 576
D10 0.0107 235 466 326 520
D10 0.0106 364 540 445 573
D10 0.0106 244 550 358 596
D10 0.0106 389 582 454 600
D10 0.0106 235 357 289 383
D10 0.0106 188 470 249 495
D10 0.0105 228 408 297 446
D10 0.0105 175 459 219 484
D10 0.0105 251 363 390 430
D10 0.0105 116 534 204 586
D10 0.0104 372 444 426 480
D10 0.0104 127 343 244 385
D10 0.0104 189 450 244 473
D10 0.0104 11 351 69 375
D10 0.0104 96 362 231 403
D10 0.0103 238 314 292 333
D10 0.0103 56 544 110 566
D10 0.0103 210 395 268 420
D10 0.0103 387 338 441 360
D10 0.0102 154 458 198 485
D10 0.0102 198 440 254 464
D10 0.0102 56 545 192 594
D10 0.0102 318 498 366 522
D10 0.0101 369 432 411 459
D10 0.0101 307 470 354 493
D10 0.0101 380 458 418 487
D10 0.0101 227 404 286 429
D10 0.0101 355 479 411 505
D10 0.0101 169 391 237 425
D10 0.0100 98 379 231 427
D10 0.0100 233 440 286 464
D10 0.0100 352 555 459 599
D10 0.0100 220 524 270 550
D20 0.3037 19 401 421 595
D20 0.2674 156 459 282 599
D20 0.2369 123 367 330 600
D20 0.1913 136 458 410 596
D20 0.1785 54 457 311 594
D20 0.1517 150 406 253 576
D20 0.1053 164 526 288 599
D20 0.0856 164 486 246 583
D20 0.0812 335 502 488 598
D20 0.0774 0 372 121 438
D20 0.0771 158 382 282 529
D20 0.0733 18 371 294 520
D20 0.0706 0 374 85 549
D20 0.0697 0 407 237 592
D20 0.0692 189 394 301 571
D20 0.0671 149 520 390 599
D20 0.0662 0 387 89 430
D20 0.0654 0 358 45 436
D20 0.0654 198 485 473 586
D20 0.0639 165 391 558 600
D20 0.0618 5 483 87 580
D20 0.0597 87 498 257 598
D20 0.0596 213 447 311 600
D20 0.0596 180 352 304 501
D20 0.0542 0 363 72 478
D20 0.0506 161 451 241 543
D20 0.0504 2 513 82 562
D20 0.0503 0 365 71 414
D20 0.0487 52 433 242 531
D20 0.0483 346 449 472 582
D20 0.0449 208 325 323 448
D20 0.0420 223 328 390 411
D20 0.0415 0 387 48 462
D20 0.0413 0 402 82 450
D20 0.0412 0 367 43 393
D20 0.0408 80 404 259 498
D20 0.0390 197 545 310 594
D20 0.0386 151 539 244 595
D20 0.0383 0 489 165 578
D20 0.0378 212 513 268 600
D20 0.0378 283 476 543 591
D20 0.0371 161 416 242 507
D20 0.0370 393 530 472 586
D20 0.0367 388 551 480 600
D20 0.0362 265 330 321 393
D20 0.0361 0 348 261 464
D20 0.0349 162 559 277 600
D20 0.0348 0 311 318 571
D20 0.0345 140 338 405 532
D20 0.0343 198 487 291 582
D20 0.0341 177 411 261 458
D20 0.0341 0 355 74 395
D20 0.0333 148 404 270 481
D20 0.0330 236 333 334 399
D20 0.0324 186 493 257 566
D20 0.0318 176 382 291 464
D20 0.0317 0 387 126 485
D20 0.0310 0 456 44 543
D20 0.0307 384 489 589 593
D20 0.0305 0 385 192 455
D20 0.0295 0 355 166 543
D20 0.0295 11 365 136 412
D20 0.0295 17 165 600 591
D20 0.0288 262 430 453 584
D20 0.0287 9 525 81 600
D20 0.0282 173 511 239 569
D20 0.0277 180 331 301 404
D20 0.0276 198 389 400 566
D20 0.0275 2 377 40 417
D20 0.0275 240 331 327 510
D20 0.0273 214 474 261 561
D20 0.0272 0 418 53 499
D20 0.0271 28 522 102 568
D20 0.0267 229 453 271 539
D20 0.0263 0 455 62 597
D20 0.0262 233 341 305 425
D20 0.0258 221 324 316 380
D20 0.0258 118 402 230 541
D20 0.0256 339 427 600 600
D20 0.0255 0 324 106 431
D20 0.0254 0 453 217 546
D20 0.0252 25 393 103 438
D20 0.0251 189 423 267 547
D20 0.0246 394 499 466 560
D20 0.0242 257 346 353 392
D20 0.0242 219 338 600 543
D20 0.0239 232 407 308 555
D20 0.0239 1 522 226 600
D20 0.0233 112 345 294 445
D20 0.0231 182 408 232 493
D20 0.0229 1 398 41 435
D20 0.0226 0 15 557 441
D20 0.0226 197 331 286 372
D20 0.0225 224 532 287 600
D20 0.0225 0 489 62 551
D20 0.0223 192 405 296 452
D20 0.0220 153 418 243 464
D20 0.0220 32 473 210 590
D20 0.0220 204 454 290 541
D20 0.0220 23 381 161 426
D20 0.0217 37 372 244 441
D20 0.0216 206 327 274 359
D20 0.0216 156 429 229 482
D20 0.0214 0 403 119 593
D20 0.0214 0 416 211 503
D20 0.0212 194 401 242 475
D20 0.0211 178 470 259 538
D20 0.0208 0 337 159 408
D20 0.0205 248 324 359 380
D20 0.0203 324 457 458 537
D20 0.0203 0 374 29 450
D20 0.0193 0 0 408 294
D20 0.0192 89 393 246 459
D20 0.0190 194 368 364 479
D20 0.0189 14 357 218 415
D20 0.0188 213 347 303 396
D20 0.0186 167 0 600 294
D20 0.0186 304 375 492 600
D20 0.0184 191 427 365 535
D20 0.0182 0 362 23 399
D20 0.0182 218 351 391 446
D20 0.0181 312 118 600 600
D20 0.0179 49 371 151 406
D20 0.0178 0 510 51 587
D20 0.0178 203 415 291 504
D20 0.0177 0 318 58 453
D20 0.0174 270 335 336 370
D20 0.0173 236 416 281 515
D20 0.0172 9 345 114 396
D20 0.0171 128 423 216 502
D20 0.0171 145 464 220 522
D20 0.0170 265 327 323 360
D20 0.0166 0 344 28 414
D20 0.0165 337 544 461 596
D20 0.0164 0 544 52 600
D20 0.0164 207 397 263 465
D20 0.0163 189 324 255 381
D20 0.0160 246 363 333 410
D20 0.0160 0 0 291 600
D20 0.0157 240 450 287 532
D20 0.0156 243 472 379 600
D20 0.0155 230 379 304 463
D20 0.0151 376 521 458 575
D20 0.0150 22 355 94 383
D20 0.0149 53 349 104 372
D20 0.0148 23 395 162 443
D20 0.0147 34 408 212 471
D20 0.0146 0 411 34 478
D20 0.0143 211 338 268 364
D20 0.0142 231 490 279 585
D20 0.0142 155 341 236 381
D20 0.0141 223 401 274 479
D20 0.0140 254 393 299 475
D20 0.0140 455 372 600 600
D20 0.0138 22 367 82 432
D20 0.0137 4 455 110 541
D20 0.0137 454 0 600 218
D20 0.0136 0 308 245 428
D20 0.0135 198 320 264 348
D20 0.0134 0 0 145 221
D20 0.0133 203 365 301 412
D20 0.0132 0 407 23 443
D20 0.0132 29 343 110 378
D20 0.0130 260 414 445 512
D20 0.0129 141 336 274 395
D20 0.0129 253 315 349 443
D20 0.0129 44 336 239 394
D20 0.0127 469 526 600 600
D20 0.0126 95 190 396 600
D20 0.0125 349 313 429 355
D20 0.0125 69 363 211 404
D20 0.0124 345 513 440 588
D20 0.0123 181 437 254 515
D20 0.0123 101 552 234 600
D20 0.0123 385 483 463 541
D20 0.0122 294 475 425 600
D20 0.0121 270 321 337 347
D20 0.0121 0 371 20 423
D20 0.0121 113 433 210 479
D20 0.0120 35 347 158 390
D20 0.0120 34 350 89 374
D20 0.0116 36 360 124 399
D20 0.0116 544 428 600 462
D20 0.0116 326 0 600 179
D20 0.0115 0 441 31 516
D20 0.0115 274 347 328 375
D20 0.0113 105 441 198 517
D20 0.0112 214 314 263 376
D20 0.0110 109 318 295 407
D20 0.0110 124 511 214 600
D20 0.0108 111 354 256 413
D20 0.0108 0 525 26 600
D20 0.0108 74 346 208 386
D20 0.0108 70 381 213 425
D20 0.0107 253 419 300 506
D20 0.0107 0 0 263 179
D20 0.0106 127 414 210 467
D20 0.0106 19 387 67 444
D20 0.0106 213 318 302 353
D20 0.0105 241 505 294 595
D20 0.0105 84 353 164 390
D20 0.0105 64 341 110 365
D20 0.0104 160 391 233 456
D20 0.0104 252 532 463 600
D20 0.0104 271 357 314 429
D20 0.0104 62 346 130 372
D20 0.0103 211 376 287 443
D20 0.0103 52 354 123 383
D20 0.0103 225 563 338 600
D20 0.0103 0 0 73 110
D20 0.0101 238 308 410 374
D20 0.0101 74 358 146 402
D20 0.0100 32 260 476 514
D20 0.0100 130 350 217 383
D20 0.0100 0 538 138 600
D20 0.0100 418 285 600 561
D40 0.1003 1 443 58 502
D40 0.0907 4 454 45 494
D40 0.0734 200 553 301 600
D40 0.0648 7 451 56 478
D40 0.0609 96 377 151 399
D40 0.0555 6 416 76 498
D40 0.0535 171 528 285 593
D40 0.0519 3 470 40 509
D40 0.0519 0 383 90 538
D40 0.0489 3 424 59 538
D40 0.0433 6 437 68 472
D40 0.0433 9 467 60 494
D40 0.0412 14 427 77 460
D40 0.0382 8 455 75 491
D40 0.0346 76 370 153 404
D40 0.0342 4 407 84 464
D40 0.0339 192 568 274 600
D40 0.0337 1 447 38 484
D40 0.0333 214 562 283 594
D40 0.0326 211 530 268 590
D40 0.0322 0 463 62 516
D40 0.0298 23 419 86 453
D40 0.0288 224 511 305 593
D40 0.0288 153 548 237 600
D40 0.0277 20 450 56 495
D40 0.0261 0 449 39 526
D40 0.0261 174 505 240 561
D40 0.0248 217 554 280 582
D40 0.0245 24 446 69 482
D40 0.0235 90 363 176 398
D40 0.0234 2 388 41 427
D40 0.0231 102 369 161 394
D40 0.0229 218 538 261 578
D40 0.0224 200 415 238 454
D40 0.0223 0 407 33 443
D40 0.0212 1 473 29 526
D40 0.0211 161 555 202 596
D40 0.0204 90 384 145 406
D40 0.0200 154 566 217 600
D40 0.0195 199 518 259 579
D40 0.0189 0 420 53 472
D40 0.0189 13 437 91 519
D40 0.0188 198 501 254 559
D40 0.0188 12 434 49 482
D40 0.0187 32 411 82 440
D40 0.0185 0 443 43 467
D40 0.0182 229 543 263 596
D40 0.0178 24 400 102 448
D40 0.0176 365 335 407 362
D40 0.0176 0 406 41 512
D40 0.0175 225 473 286 543
D40 0.0174 360 327 399 358
D40 0.0167 26 463 68 497
D40 0.0166 1 401 141 469
D40 0.0166 92 377 173 411
D40 0.0164 177 502 220 541
D40 0.0162 240 472 272 513
D40 0.0160 33 422 68 467
D40 0.0159 204 410 265 457
D40 0.0158 177 485 239 541
D40 0.0156 168 573 235 598
D40 0.0153 242 558 293 597
D40 0.0153 0 416 43 453
D40 0.0151 29 398 78 431
D40 0.0150 172 426 259 478
D40 0.0150 26 440 79 466
D40 0.0146 190 423 230 462
D40 0.0145 181 480 217 522
D40 0.0143 230 451 288 522
D40 0.0142 232 480 265 523
D40 0.0142 0 426 34 464
D40 0.0141 225 518 254 580
D40 0.0141 222 489 268 548
D40 0.0140 247 536 323 598
D40 0.0137 178 433 219 471
D40 0.0136 216 411 305 461
D40 0.0134 207 581 271 600
D40 0.0131 107 370 141 404
D40 0.0130 220 507 255 549
D40 0.0128 232 541 278 578
D40 0.0128 551 432 599 459
D40 0.0128 238 488 272 531
D40 0.0127 198 558 248 596
D40 0.0127 35 432 90 455
D40 0.0126 42 412 75 457
D40 0.0124 214 541 249 596
D40 0.0123 221 508 269 570
D40 0.0122 0 486 35 512
D40 0.0122 46 537 88 570
D40 0.0119 18 407 69 444
D40 0.0117 220 560 256 600
D40 0.0116 225 416 269 453
D40 0.0116 349 326 412 373
D40 0.0115 568 435 600 468
D40 0.0113 17 430 102 475
D40 0.0112 234 526 277 598
D40 0.0112 245 480 282 521
D40 0.0111 100 478 195 521
D40 0.0110 109 380 153 408
D40 0.0110 176 556 221 595
D40 0.0110 352 335 391 365
D40 0.0108 306 464 337 502
D40 0.0107 232 491 296 564
D40 0.0106 241 464 303 535
D40 0.0106 375 327 416 358
D40 0.0104 189 496 225 551
D40 0.0104 89 366 131 396
D40 0.0104 234 458 319 510
D40 0.0104 7 481 49 519
D40 0.0102 54 530 97 563
D40 0.0101 214 509 247 568
D40 0.0101 25 412 61 460
D40 0.0100 227 427 308 481
D40 0.0100 194 526 245 568
