D00 0.3357 32 237 182 418
D00 0.3326 8 305 115 454
D00 0.2952 16 244 157 516
D00 0.2751 102 212 215 331
D00 0.2739 41 285 143 409
D00 0.2348 67 237 200 351
D00 0.2269 58 199 228 391
D00 0.2253 0 326 86 491
D00 0.1971 124 184 243 304
D00 0.1946 39 271 169 357
D00 0.1925 136 227 202 310
D00 0.1870 86 282 148 349
D00 0.1844 54 321 110 408
D00 0.1774 0 297 121 580
D00 0.1696 12 354 85 449
D00 0.1623 37 345 96 419
D00 0.1618 70 293 140 371
D00 0.1487 3 385 55 465
D00 0.1466 148 215 215 282
D00 0.1447 99 271 165 340
D00 0.1421 115 256 195 309
D00 0.1340 62 309 127 391
D00 0.1286 81 257 176 392
D00 0.1158 0 372 62 528
D00 0.1135 137 199 233 271
D00 0.1109 57 356 89 403
D00 0.1098 76 173 269 335
D00 0.1077 149 163 263 276
D00 0.1054 30 196 237 528
D00 0.1002 198 168 257 234
D00 0.0980 76 260 184 325
D00 0.0870 61 347 96 394
D00 0.0830 0 246 118 406
D00 0.0796 109 277 172 316
D00 0.0770 73 302 156 438
D00 0.0760 219 172 256 214
D00 0.0750 81 266 215 492
D00 0.0746 156 228 205 271
D00 0.0735 0 403 40 487
D00 0.0734 43 338 109 452
D00 0.0713 55 320 138 462
D00 0.0709 95 201 271 470
D00 0.0698 116 249 187 354
D00 0.0692 25 337 139 423
D00 0.0674 179 178 250 247
D00 0.0669 15 372 145 547
D00 0.0657 74 309 136 352
D00 0.0637 0 398 86 576
D00 0.0633 149 253 199 306
D00 0.0627 128 270 191 303
D00 0.0626 164 235 196 298
D00 0.0622 18 379 69 442
D00 0.0618 2 415 29 470
D00 0.0613 26 369 82 430
D00 0.0588 210 180 252 222
D00 0.0534 0 357 142 476
D00 0.0534 21 334 101 398
D00 0.0530 65 211 361 570
D00 0.0525 134 222 207 261
D00 0.0521 215 155 262 225
D00 0.0507 44 366 85 411
D00 0.0501 71 203 209 276
D00 0.0499 139 243 198 288
D00 0.0498 104 284 149 328
D00 0.0482 152 167 251 231
D00 0.0481 103 301 166 414
D00 0.0475 176 209 232 265
D00 0.0474 94 295 141 333
D00 0.0466 0 370 58 434
D00 0.0455 148 185 299 360
D00 0.0450 225 164 263 203
D00 0.0447 8 398 39 459
D00 0.0447 154 224 246 303
D00 0.0444 48 358 121 411
D00 0.0440 170 150 271 223
D00 0.0415 130 245 209 387
D00 0.0410 91 310 181 476
D00 0.0409 12 393 91 480
D00 0.0407 117 283 190 424
D00 0.0404 104 154 315 297
D00 0.0403 25 358 90 402
D00 0.0402 209 169 256 198
D00 0.0399 154 212 225 251
D00 0.0396 61 337 114 382
D00 0.0387 191 161 281 263
D00 0.0387 197 178 252 207
D00 0.0383 4 434 53 553
D00 0.0377 44 220 191 293
D00 0.0377 171 226 220 269
D00 0.0377 14 394 52 440
D00 0.0373 97 299 146 388
D00 0.0370 47 341 173 488
D00 0.0368 8 411 72 498
D00 0.0359 3 227 156 361
D00 0.0353 2 431 27 488
D00 0.0343 147 228 227 355
D00 0.0339 22 239 175 315
D00 0.0330 0 336 75 415
D00 0.0325 217 180 256 248
D00 0.0320 198 190 245 231
D00 0.0318 0 481 42 564
D00 0.0318 0 341 219 570
D00 0.0305 181 208 264 286
D00 0.0303 83 318 136 378
D00 0.0303 113 233 172 319
D00 0.0302 194 192 240 260
D00 0.0293 218 157 272 194
D00 0.0291 34 291 136 345
D00 0.0290 165 218 456 573
D00 0.0286 0 422 52 465
D00 0.0281 125 213 199 249
D00 0.0281 147 189 230 242
D00 0.0279 170 184 244 220
D00 0.0268 2 513 28 563
D00 0.0268 54 339 140 397
D00 0.0262 231 180 260 232
D00 0.0257 126 258 174 300
D00 0.0254 73 287 143 326
D00 0.0253 153 250 196 279
D00 0.0251 90 340 150 449
D00 0.0250 44 355 92 384
D00 0.0247 0 461 60 588
D00 0.0246 62 365 102 406
D00 0.0244 121 366 166 412
D00 0.0243 101 293 171 361
D00 0.0241 39 326 195 432
D00 0.0241 21 391 67 421
D00 0.0240 455 214 559 416
D00 0.0239 115 342 160 416
D00 0.0236 491 214 592 417
D00 0.0234 107 363 176 504
D00 0.0230 190 200 235 241
D00 0.0229 173 234 297 454
D00 0.0228 0 328 38 413
D00 0.0228 29 382 78 413
D00 0.0228 174 181 272 320
D00 0.0227 55 388 175 582
D00 0.0227 227 146 275 217
D00 0.0226 121 277 276 544
D00 0.0224 108 161 365 378
D00 0.0224 44 376 110 492
D00 0.0223 142 205 192 269
D00 0.0222 280 177 538 530
D00 0.0221 185 165 246 212
D00 0.0220 429 163 586 454
D00 0.0220 59 364 94 437
D00 0.0220 158 194 208 264
D00 0.0217 105 301 139 357
D00 0.0217 135 185 202 250
D00 0.0217 66 290 258 409
D00 0.0216 124 332 190 463
D00 0.0215 3 275 105 355
D00 0.0213 61 345 103 373
D00 0.0213 6 446 167 565
D00 0.0212 495 283 593 494
D00 0.0209 431 265 590 592
D00 0.0207 142 266 205 324
D00 0.0206 112 377 161 403
D00 0.0203 0 504 34 581
D00 0.0203 163 248 210 320
D00 0.0203 0 322 60 384
D00 0.0202 98 350 217 557
D00 0.0202 127 267 178 327
D00 0.0200 129 245 253 318
D00 0.0199 7 408 44 441
D00 0.0198 238 159 270 206
D00 0.0197 191 160 256 194
D00 0.0197 77 384 193 521
D00 0.0197 175 235 217 304
D00 0.0193 166 263 206 304
D00 0.0193 415 187 525 378
D00 0.0192 229 150 267 186
D00 0.0191 0 430 33 526
D00 0.0189 383 170 497 291
D00 0.0188 368 142 479 256
D00 0.0188 517 316 587 442
D00 0.0188 195 177 347 433
D00 0.0186 0 438 31 467
D00 0.0185 376 154 422 233
D00 0.0184 1 343 28 400
D00 0.0183 6 193 198 311
D00 0.0182 115 371 174 433
D00 0.0180 177 179 238 206
D00 0.0179 197 136 269 206
D00 0.0178 192 217 225 271
D00 0.0178 215 178 283 299
D00 0.0178 21 389 116 447
D00 0.0176 90 368 178 411
D00 0.0175 225 180 267 270
D00 0.0175 0 292 58 350
D00 0.0175 88 162 228 279
D00 0.0174 69 357 115 398
D00 0.0173 460 284 561 496
D00 0.0173 145 124 298 263
D00 0.0171 26 417 88 531
D00 0.0171 6 473 77 556
D00 0.0170 115 194 187 256
D00 0.0169 131 358 158 407
D00 0.0169 64 269 128 355
D00 0.0168 119 267 155 317
D00 0.0168 159 244 222 284
D00 0.0168 64 381 143 518
D00 0.0168 420 187 494 312
D00 0.0167 124 372 151 416
D00 0.0165 150 204 199 242
D00 0.0165 49 374 87 449
D00 0.0163 38 403 122 537
D00 0.0163 114 292 149 347
D00 0.0162 499 297 571 424
D00 0.0162 380 178 440 243
D00 0.0162 147 282 202 398
D00 0.0161 536 334 600 461
D00 0.0160 93 240 151 329
D00 0.0159 300 464 389 600
D00 0.0159 358 131 381 180
D00 0.0158 27 394 69 466
D00 0.0157 497 360 595 573
D00 0.0157 367 136 410 215
D00 0.0156 70 334 121 366
D00 0.0156 145 227 187 278
D00 0.0156 130 331 176 412
D00 0.0155 215 159 248 206
D00 0.0155 88 329 122 388
D00 0.0155 70 316 110 376
D00 0.0154 210 199 244 253
D00 0.0153 57 325 91 388
D00 0.0152 438 204 512 332
D00 0.0152 218 195 262 225
D00 0.0152 132 381 184 493
D00 0.0150 220 173 280 236
D00 0.0150 181 193 230 231
D00 0.0150 405 208 469 273
D00 0.0149 213 254 349 516
D00 0.0149 5 379 48 420
D00 0.0149 268 287 435 584
D00 0.0148 360 122 600 567
D00 0.0148 53 209 180 258
D00 0.0147 91 205 167 301
D00 0.0147 367 129 434 238
D00 0.0147 363 133 394 196
D00 0.0147 37 385 80 457
D00 0.0147 0 377 33 462
D00 0.0146 0 430 24 460
D00 0.0146 381 185 488 374
D00 0.0145 407 219 542 475
D00 0.0145 95 378 152 494
D00 0.0145 47 336 83 397
D00 0.0145 94 418 184 560
D00 0.0144 212 150 302 242
D00 0.0143 154 177 222 211
D00 0.0143 318 524 363 600
D00 0.0143 142 313 205 443
D00 0.0142 199 148 332 303
D00 0.0142 394 189 460 254
D00 0.0142 0 524 33 553
D00 0.0141 37 305 286 469
D00 0.0141 167 203 221 241
D00 0.0141 99 355 154 405
D00 0.0141 473 136 600 373
D00 0.0141 0 480 104 597
D00 0.0139 240 172 269 224
D00 0.0139 146 185 212 220
D00 0.0139 341 278 518 591
D00 0.0138 565 381 600 467
D00 0.0137 110 218 174 263
D00 0.0137 138 365 186 444
D00 0.0137 103 244 163 298
D00 0.0136 525 250 600 450
D00 0.0136 319 487 443 600
D00 0.0136 95 330 137 402
D00 0.0136 387 130 552 386
D00 0.0136 251 358 384 581
D00 0.0135 430 188 554 319
D00 0.0135 21 404 55 461
D00 0.0134 247 147 282 183
D00 0.0134 83 265 144 320
D00 0.0134 423 226 488 291
D00 0.0134 0 273 37 357
D00 0.0133 515 264 586 397
D00 0.0133 481 277 553 405
D00 0.0133 460 364 561 575
D00 0.0132 83 293 122 346
D00 0.0132 510 188 594 351
D00 0.0132 527 364 579 470
D00 0.0132 565 0 600 85
D00 0.0132 253 217 384 484
D00 0.0131 177 171 236 197
D00 0.0131 71 446 169 540
D00 0.0130 8 494 35 552
D00 0.0130 404 300 542 567
D00 0.0130 113 413 234 536
D00 0.0129 42 209 133 337
D00 0.0128 363 154 448 295
D00 0.0127 0 361 29 420
D00 0.0126 410 159 534 279
D00 0.0126 116 356 228 482
D00 0.0126 354 161 521 455
D00 0.0125 185 223 238 253
D00 0.0125 455 225 532 351
D00 0.0125 116 310 152 385
D00 0.0125 358 262 381 309
D00 0.0125 141 369 206 503
D00 0.0124 64 367 108 456
D00 0.0124 318 574 367 600
D00 0.0123 237 159 284 187
D00 0.0123 240 162 295 258
D00 0.0122 513 453 592 600
D00 0.0122 71 219 145 321
D00 0.0122 300 383 406 567
D00 0.0121 186 200 266 254
D00 0.0121 131 208 189 234
D00 0.0121 352 118 389 193
D00 0.0121 318 357 456 589
D00 0.0121 546 380 595 489
D00 0.0121 169 138 260 188
D00 0.0121 0 224 84 367
D00 0.0120 367 123 390 169
D00 0.0120 382 144 455 216
D00 0.0120 384 168 431 221
D00 0.0119 26 428 201 525
D00 0.0119 160 266 225 408
D00 0.0119 79 342 134 417
D00 0.0119 228 133 283 189
D00 0.0118 201 150 261 184
D00 0.0118 433 233 487 335
D00 0.0118 136 281 188 315
D00 0.0117 359 152 403 230
D00 0.0117 189 226 228 296
D00 0.0117 324 265 458 524
D00 0.0117 401 213 517 290
D00 0.0116 194 173 230 221
D00 0.0116 533 366 600 530
D00 0.0116 375 159 402 211
D00 0.0116 2 503 91 563
D00 0.0115 515 331 565 410
D00 0.0115 384 176 413 228
D00 0.0115 147 201 182 252
D00 0.0115 350 239 388 313
D00 0.0115 189 323 300 527
D00 0.0115 149 360 262 556
D00 0.0114 113 425 167 525
D00 0.0114 495 247 570 376
D00 0.0113 364 167 451 226
D00 0.0113 142 274 186 340
D00 0.0113 238 141 275 174
D00 0.0112 65 254 157 305
D00 0.0112 235 403 468 598
D00 0.0112 114 359 192 407
D00 0.0112 393 185 422 237
D00 0.0111 353 153 416 267
D00 0.0111 164 156 246 201
D00 0.0111 358 150 382 198
D00 0.0111 198 219 254 270
D00 0.0110 166 232 254 394
D00 0.0110 149 312 337 594
D00 0.0110 398 160 475 236
D00 0.0110 443 253 505 321
D00 0.0109 251 326 328 481
D00 0.0109 304 295 405 500
D00 0.0108 265 365 349 508
D00 0.0108 0 513 56 564
D00 0.0108 130 378 158 428
D00 0.0108 0 534 29 576
D00 0.0108 267 447 392 553
D00 0.0108 372 124 403 185
D00 0.0108 229 378 337 559
D00 0.0107 367 159 393 209
D00 0.0107 381 119 414 153
D00 0.0107 0 406 26 448
D00 0.0107 101 228 163 270
D00 0.0107 38 461 196 597
D00 0.0107 152 383 194 458
D00 0.0106 350 123 371 169
D00 0.0106 36 405 81 496
D00 0.0106 476 452 552 600
D00 0.0105 37 272 129 324
D00 0.0105 394 198 450 295
D00 0.0105 370 192 438 268
D00 0.0105 0 269 52 392
D00 0.0105 273 158 442 465
D00 0.0104 317 483 375 587
D00 0.0104 265 329 305 408
D00 0.0104 335 522 381 600
D00 0.0104 376 115 400 158
D00 0.0104 532 342 583 415
D00 0.0104 178 186 404 295
D00 0.0104 0 288 28 343
D00 0.0104 229 212 278 309
D00 0.0103 348 183 452 371
D00 0.0103 354 117 462 219
D00 0.0103 171 176 218 238
D00 0.0102 367 115 500 333
D00 0.0102 381 574 433 600
D00 0.0102 508 347 563 449
D00 0.0102 460 273 524 339
D00 0.0101 245 157 387 386
D00 0.0101 381 249 487 455
D00 0.0101 519 457 554 541
D00 0.0101 297 546 394 597
D00 0.0101 0 389 39 429
D00 0.0101 0 262 63 332
D00 0.0101 410 216 477 338
D00 0.0101 159 276 204 359
D00 0.0101 132 283 175 351
D00 0.0101 2 516 40 546
D00 0.0101 531 153 600 308
D00 0.0101 138 210 174 259
D00 0.0101 340 256 380 327
D00 0.0101 0 212 100 310
D00 0.0100 573 406 599 463
D00 0.0100 0 522 74 580
D00 0.0100 324 571 397 600
D00 0.0100 377 126 439 183
D00 0.0100 204 229 261 323
D00 0.0100 392 132 515 236
D00 0.0100 126 297 194 361
D10 0.1569 4 314 126 356
D10 0.1542 20 291 151 371
D10 0.1258 0 325 95 351
D10 0.1104 20 322 110 343
D10 0.1061 52 308 135 365
D10 0.0924 120 227 210 276
D10 0.0762 130 236 198 261
D10 0.0748 0 329 58 349
D10 0.0745 0 301 118 410
D10 0.0730 66 318 127 343
D10 0.0721 41 327 112 349
D10 0.0699 122 244 188 265
D10 0.0685 74 304 139 346
D10 0.0639 99 237 191 282
D10 0.0519 0 328 97 376
D10 0.0506 125 272 194 308
D10 0.0475 139 226 203 255
D10 0.0469 35 312 116 339
D10 0.0457 110 237 177 260
D10 0.0435 147 241 200 268
D10 0.0430 10 281 126 343
D10 0.0404 131 246 197 288
D10 0.0393 126 257 223 314
D10 0.0389 94 242 173 270
D10 0.0375 147 280 198 305
D10 0.0373 9 307 102 345
D10 0.0364 0 333 62 364
D10 0.0359 109 276 203 330
D10 0.0347 66 325 121 353
D10 0.0338 56 244 181 301
D10 0.0335 42 318 111 373
D10 0.0312 153 217 216 243
D10 0.0307 127 252 185 278
D10 0.0303 81 208 200 261
D10 0.0294 281 482 372 518
D10 0.0292 109 288 170 316
D10 0.0290 16 337 93 360
D10 0.0268 266 467 394 526
D10 0.0263 0 295 85 362
D10 0.0263 89 294 183 352
D10 0.0251 0 335 66 393
D10 0.0247 92 317 140 345
D10 0.0247 56 353 151 410
D10 0.0246 55 226 182 277
D10 0.0244 2 312 66 351
D10 0.0237 44 296 129 336
D10 0.0232 17 262 146 323
D10 0.0231 8 393 54 419
D10 0.0226 34 318 91 348
D10 0.0226 3 429 46 460
D10 0.0225 0 414 69 471
D10 0.0225 14 384 65 411
D10 0.0223 49 335 104 361
D10 0.0219 277 461 447 539
D10 0.0219 136 288 193 311
D10 0.0213 10 359 87 400
D10 0.0212 99 308 151 338
D10 0.0211 76 371 156 405
D10 0.0208 162 207 226 232
D10 0.0207 99 283 153 308
D10 0.0202 0 320 43 347
D10 0.0200 308 474 414 518
D10 0.0199 109 274 164 299
D10 0.0198 293 489 358 509
D10 0.0198 130 217 193 243
D10 0.0197 277 455 378 503
D10 0.0197 75 334 165 396
D10 0.0197 0 337 42 360
D10 0.0195 0 446 165 545
D10 0.0188 158 271 207 301
D10 0.0184 10 374 67 401
D10 0.0184 9 400 50 429
D10 0.0183 22 408 199 527
D10 0.0181 250 438 413 520
D10 0.0175 112 227 175 254
D10 0.0169 42 371 234 486
D10 0.0167 57 367 129 405
D10 0.0166 101 311 170 349
D10 0.0166 92 379 162 412
D10 0.0164 103 253 164 276
D10 0.0164 215 457 384 538
D10 0.0162 84 233 161 265
D10 0.0162 158 276 231 308
D10 0.0161 118 263 173 291
D10 0.0161 401 198 488 246
D10 0.0161 13 469 111 524
D10 0.0160 7 365 68 390
D10 0.0159 0 479 75 530
D10 0.0159 176 197 236 223
D10 0.0156 84 373 176 424
D10 0.0156 545 385 592 411
D10 0.0155 244 473 350 519
D10 0.0154 31 391 78 421
D10 0.0154 28 356 89 382
D10 0.0151 126 376 175 402
D10 0.0150 79 290 138 318
D10 0.0149 68 279 143 314
D10 0.0149 253 472 406 565
D10 0.0149 270 479 350 509
D10 0.0148 71 333 267 447
D10 0.0148 5 435 122 515
D10 0.0148 10 395 88 453
D10 0.0148 10 420 57 451
D10 0.0147 114 367 191 412
D10 0.0146 164 240 264 296
D10 0.0146 21 400 69 431
D10 0.0146 107 298 165 328
D10 0.0144 408 207 463 232
D10 0.0143 93 314 183 374
D10 0.0141 295 487 393 538
D10 0.0140 413 217 497 267
D10 0.0140 385 188 470 237
D10 0.0139 140 207 197 233
D10 0.0139 11 428 101 486
D10 0.0138 4 475 126 555
D10 0.0137 13 410 58 441
D10 0.0136 208 205 254 231
D10 0.0135 2 346 51 373
D10 0.0135 330 468 469 526
D10 0.0134 523 374 600 421
D10 0.0133 0 329 31 352
D10 0.0133 31 377 110 431
D10 0.0132 310 455 412 505
D10 0.0132 47 452 267 560
D10 0.0131 93 326 140 355
D10 0.0130 399 198 453 224
D10 0.0129 5 356 67 381
D10 0.0128 418 217 472 241
D10 0.0127 380 205 471 262
D10 0.0127 22 347 90 372
D10 0.0127 156 197 218 222
D10 0.0126 160 289 212 312
D10 0.0126 77 270 151 304
D10 0.0125 233 446 363 509
D10 0.0125 4 447 83 502
D10 0.0125 176 484 268 521
D10 0.0123 450 261 543 319
D10 0.0123 0 432 65 490
D10 0.0122 109 294 303 407
D10 0.0121 1 489 45 511
D10 0.0121 45 470 153 522
D10 0.0121 527 385 577 408
D10 0.0121 21 409 120 468
D10 0.0121 536 375 583 404
D10 0.0120 432 241 523 300
D10 0.0120 75 335 125 366
D10 0.0119 468 279 560 338
D10 0.0119 83 345 204 419
D10 0.0119 39 390 140 445
D10 0.0119 0 384 45 410
D10 0.0119 428 223 522 280
D10 0.0118 551 78 600 98
D10 0.0118 76 384 140 408
D10 0.0118 314 474 487 565
D10 0.0117 124 460 312 538
D10 0.0116 234 168 285 194
D10 0.0116 16 245 140 296
D10 0.0116 310 483 370 506
D10 0.0116 196 214 247 241
D10 0.0116 149 279 251 329
D10 0.0115 419 226 471 252
D10 0.0113 367 161 413 185
D10 0.0113 21 488 229 589
D10 0.0113 393 206 443 233
D10 0.0112 386 197 433 224
D10 0.0112 431 239 497 276
D10 0.0112 45 451 151 504
D10 0.0111 555 393 598 421
D10 0.0111 392 188 442 215
D10 0.0111 425 213 498 247
D10 0.0111 174 242 231 269
D10 0.0110 112 252 279 344
D10 0.0110 153 262 258 306
D10 0.0110 112 307 204 355
D10 0.0110 83 416 297 523
D10 0.0109 73 310 111 365
D10 0.0109 408 194 479 229
D10 0.0109 0 374 42 400
D10 0.0108 368 169 413 195
D10 0.0108 86 259 160 294
D10 0.0108 407 232 487 284
D10 0.0108 329 488 431 536
D10 0.0108 435 241 591 345
D10 0.0107 428 235 481 262
D10 0.0107 0 365 40 391
D10 0.0107 15 484 87 517
D10 0.0107 133 384 185 410
D10 0.0106 412 539 503 584
D10 0.0106 336 218 432 258
D10 0.0105 396 211 460 248
D10 0.0105 522 339 600 389
D10 0.0105 6 525 50 553
D10 0.0104 440 249 504 285
D10 0.0104 84 366 144 395
D10 0.0104 438 279 528 337
D10 0.0103 142 474 247 524
D10 0.0103 390 168 484 225
D10 0.0103 190 223 285 277
D10 0.0102 384 179 432 205
D10 0.0102 92 463 223 531
D10 0.0102 72 250 148 281
D10 0.0102 489 297 575 356
D10 0.0102 457 297 546 355
D10 0.0101 345 227 398 248
D10 0.0101 86 329 147 369
D10 0.0101 52 376 114 414
D10 0.0101 52 383 93 411
D10 0.0100 14 295 93 335
D10 0.0100 83 388 154 421
D10 0.0100 30 395 90 434
D10 0.0100 264 443 351 487
D10 0.0100 147 256 349 364
D20 0.1872 0 178 234 496
D20 0.1285 95 199 232 322
D20 0.1224 0 149 359 586
D20 0.1029 0 179 425 390
D20 0.0856 131 213 212 275
D20 0.0791 0 90 242 371
D20 0.0776 0 267 155 372
D20 0.0621 134 177 275 283
D20 0.0620 0 298 235 600
D20 0.0602 28 42 299 462
D20 0.0557 0 140 584 464
D20 0.0538 82 165 333 337
D20 0.0523 161 0 591 600
D20 0.0489 0 201 173 400
D20 0.0485 19 118 432 317
D20 0.0370 109 209 199 257
D20 0.0352 54 184 218 277
D20 0.0343 0 228 133 345
D20 0.0324 0 319 473 600
D20 0.0287 135 175 584 379
D20 0.0282 124 214 286 308
D20 0.0270 0 0 558 294
D20 0.0266 253 215 600 600
D20 0.0260 92 86 354 404
D20 0.0248 312 0 600 436
D20 0.0248 0 398 171 600
D20 0.0247 0 289 83 417
D20 0.0214 104 223 186 278
D20 0.0211 22 290 129 344
D20 0.0198 26 396 315 600
D20 0.0198 34 238 350 458
D20 0.0194 0 294 72 350
D20 0.0182 149 106 588 299
D20 0.0176 30 308 100 388
D20 0.0170 20 156 240 300
D20 0.0162 0 308 50 377
D20 0.0140 185 374 582 583
D20 0.0139 0 0 179 289
D20 0.0135 553 370 600 444
D20 0.0127 459 149 600 528
D20 0.0123 113 34 486 432
D20 0.0123 375 0 600 144
D20 0.0122 3 467 260 599
D20 0.0121 378 454 600 600
D20 0.0118 120 346 366 600
D20 0.0117 0 474 73 600
D20 0.0117 455 357 600 600
D20 0.0115 0 249 81 368
D20 0.0114 0 328 28 408
D20 0.0112 382 228 600 453
D20 0.0112 218 151 299 195
D20 0.0111 107 451 520 600
D20 0.0108 19 298 86 366
D20 0.0108 456 0 600 216
D20 0.0108 375 162 600 374
D20 0.0107 138 173 426 309
D20 0.0106 0 526 106 600
D20 0.0104 0 366 32 452
D20 0.0100 540 351 593 426
D40 0.0108 0 314 34 350
D40 0.0100 558 388 596 427
