D00 0.1006 294 473 329 567
D00 0.0879 302 497 325 561
D00 0.0720 246 287 270 341
D00 0.0687 301 489 338 580
D00 0.0644 280 440 336 578
D00 0.0635 246 267 268 325
D00 0.0586 239 259 275 353
D00 0.0576 285 436 322 528
D00 0.0525 294 489 319 552
D00 0.0517 309 507 332 568
D00 0.0452 237 262 262 312
D00 0.0419 277 421 314 514
D00 0.0378 292 444 315 507
D00 0.0372 300 440 347 559
D00 0.0368 270 378 340 557
D00 0.0367 248 306 282 343
D00 0.0362 285 435 307 498
D00 0.0357 238 276 263 334
D00 0.0347 265 344 287 399
D00 0.0338 296 515 331 575
D00 0.0333 269 444 319 554
D00 0.0332 258 344 295 433
D00 0.0315 270 361 299 431
D00 0.0307 266 359 288 419
D00 0.0306 251 279 277 335
D00 0.0302 301 472 324 539
D00 0.0299 275 391 312 486
D00 0.0289 262 368 318 523
D00 0.0276 256 345 279 397
D00 0.0266 267 371 303 461
D00 0.0263 230 253 267 323
D00 0.0259 295 473 352 598
D00 0.0257 234 304 268 342
D00 0.0255 244 285 287 352
D00 0.0255 257 319 296 402
D00 0.0250 253 349 377 584
D00 0.0244 284 418 305 479
D00 0.0238 307 528 336 593
D00 0.0237 312 510 345 579
D00 0.0220 275 388 296 445
D00 0.0219 284 385 329 507
D00 0.0217 228 270 267 299
D00 0.0215 252 314 324 491
D00 0.0213 307 483 333 547
D00 0.0200 247 304 290 375
D00 0.0200 268 490 328 561
D00 0.0198 231 344 333 546
D00 0.0195 263 326 289 376
D00 0.0192 311 487 346 558
D00 0.0189 287 412 318 489
D00 0.0187 239 300 278 330
D00 0.0187 281 475 318 549
D00 0.0187 271 345 297 398
D00 0.0186 242 313 303 445
D00 0.0186 299 455 324 515
D00 0.0186 261 311 289 350
D00 0.0184 292 463 329 527
D00 0.0180 264 329 312 437
D00 0.0180 297 374 404 569
D00 0.0177 278 373 308 441
D00 0.0176 290 471 318 513
D00 0.0174 235 263 276 292
D00 0.0173 254 316 281 360
D00 0.0171 246 268 280 306
D00 0.0171 237 280 275 305
D00 0.0171 275 407 297 467
D00 0.0166 273 419 303 493
D00 0.0165 303 538 327 587
D00 0.0165 265 354 305 409
D00 0.0165 238 458 342 584
D00 0.0164 220 259 284 331
D00 0.0164 294 432 327 504
D00 0.0159 248 335 289 388
D00 0.0158 223 261 258 296
D00 0.0157 254 297 292 335
D00 0.0153 263 336 309 387
D00 0.0153 283 398 305 458
D00 0.0150 312 459 366 566
D00 0.0147 248 353 288 406
D00 0.0146 470 357 494 405
D00 0.0145 263 380 292 449
D00 0.0144 251 364 297 479
D00 0.0143 166 400 198 434
D00 0.0142 282 460 312 505
D00 0.0137 390 331 443 353
D00 0.0137 239 290 276 316
D00 0.0136 267 439 367 600
D00 0.0136 231 275 283 311
D00 0.0136 211 280 274 346
D00 0.0132 266 332 305 366
D00 0.0131 226 269 256 319
D00 0.0131 243 418 314 543
D00 0.0130 296 523 329 553
D00 0.0130 270 306 300 346
D00 0.0129 268 357 323 425
D00 0.0129 290 461 396 583
D00 0.0127 280 364 306 417
D00 0.0127 146 415 199 436
D00 0.0125 133 328 157 373
D00 0.0125 200 405 358 588
D00 0.0124 233 256 263 290
D00 0.0122 288 501 360 560
D00 0.0122 462 364 486 410
D00 0.0121 252 332 285 367
D00 0.0120 283 406 362 524
D00 0.0119 243 309 277 364
D00 0.0119 238 320 283 400
D00 0.0119 280 348 330 460
D00 0.0117 225 300 255 345
D00 0.0117 573 555 599 599
D00 0.0115 240 286 293 322
D00 0.0114 317 540 343 588
D00 0.0114 222 301 324 421
D00 0.0112 391 322 443 345
D00 0.0112 0 454 85 600
D00 0.0112 296 533 330 562
D00 0.0112 390 339 443 362
D00 0.0111 256 304 314 383
D00 0.0111 244 268 305 328
D00 0.0111 302 514 338 543
D00 0.0110 193 347 302 537
D00 0.0107 566 531 600 600
D00 0.0106 137 406 193 431
D00 0.0106 256 368 280 424
D00 0.0106 246 346 272 396
D00 0.0106 566 383 600 468
D00 0.0105 163 334 332 598
D00 0.0104 573 381 598 428
D00 0.0104 288 507 336 550
D00 0.0104 330 377 443 565
D00 0.0103 538 245 600 370
D00 0.0103 0 559 52 600
D00 0.0103 256 357 298 382
D00 0.0102 122 321 167 365
D00 0.0102 0 450 42 531
D00 0.0102 179 385 202 432
D00 0.0102 217 280 262 306
D00 0.0101 287 524 364 580
D00 0.0101 52 392 85 425
D00 0.0101 280 531 340 599
D00 0.0101 541 429 600 555
D00 0.0100 555 507 599 583
D00 0.0100 296 389 348 500
D00 0.0100 317 498 361 576
D00 0.0100 461 344 501 415
D10 0.0403 234 320 286 344
D10 0.0390 0 576 73 600
D10 0.0339 238 486 323 515
D10 0.0301 222 328 281 349
D10 0.0259 263 480 315 505
D10 0.0243 6 552 123 597
D10 0.0234 274 487 318 511
D10 0.0217 0 567 54 594
D10 0.0210 215 475 336 512
D10 0.0197 236 324 303 352
D10 0.0191 237 482 305 504
D10 0.0188 57 562 160 597
D10 0.0178 253 475 329 529
D10 0.0178 228 491 292 512
D10 0.0176 534 554 600 584
D10 0.0174 0 538 178 600
D10 0.0160 27 576 108 600
D10 0.0153 201 319 293 353
D10 0.0149 205 329 264 350
D10 0.0149 285 323 354 343
D10 0.0148 86 568 149 591
D10 0.0139 80 553 201 595
D10 0.0139 12 565 85 597
D10 0.0138 553 547 598 569
D10 0.0138 261 496 316 522
D10 0.0135 552 442 599 467
D10 0.0131 285 478 321 504
D10 0.0130 77 574 157 600
D10 0.0128 103 548 254 599
D10 0.0127 513 538 600 579
D10 0.0126 379 331 436 352
D10 0.0126 298 469 343 494
D10 0.0125 285 331 354 351
D10 0.0124 0 433 47 457
D10 0.0123 563 555 600 579
D10 0.0122 39 566 121 596
D10 0.0121 493 552 595 589
D10 0.0120 289 461 371 508
D10 0.0119 0 503 64 537
D10 0.0117 0 498 44 524
D10 0.0115 202 484 309 521
D10 0.0115 280 395 328 419
D10 0.0113 296 458 363 490
D10 0.0113 409 384 492 412
D10 0.0113 519 558 585 578
D10 0.0112 96 565 175 594
D10 0.0111 0 526 95 585
D10 0.0110 541 516 591 542
D10 0.0109 158 553 273 595
D10 0.0109 0 424 47 448
D10 0.0109 4 335 75 364
D10 0.0109 238 498 302 521
D10 0.0109 445 548 600 600
D10 0.0108 380 323 436 344
D10 0.0107 525 433 600 475
D10 0.0107 213 479 293 508
D10 0.0107 340 323 401 343
D10 0.0106 0 395 47 419
D10 0.0105 235 338 285 360
D10 0.0104 164 415 214 435
D10 0.0104 0 441 47 467
D10 0.0103 195 463 328 532
D10 0.0103 0 545 73 595
D10 0.0102 25 528 139 582
D10 0.0102 521 563 600 595
D10 0.0102 542 450 594 474
D10 0.0101 0 516 46 541
D10 0.0101 0 488 43 515
D10 0.0100 298 477 341 502
D10 0.0100 339 328 422 352
D20 0.0350 238 305 319 346
D20 0.0294 226 315 294 346
D20 0.0286 228 298 349 356
D20 0.0278 250 312 300 340
D20 0.0277 232 291 288 347
D20 0.0262 259 318 362 349
D20 0.0251 210 282 299 341
D20 0.0243 187 302 292 349
D20 0.0220 136 273 302 342
D20 0.0209 165 284 276 335
D20 0.0209 269 327 350 353
D20 0.0204 239 320 336 365
D20 0.0189 224 277 384 346
D20 0.0188 0 576 47 600
D20 0.0185 55 397 466 583
D20 0.0175 235 276 303 372
D20 0.0169 265 312 335 343
D20 0.0168 211 306 278 343
D20 0.0167 253 299 299 361
D20 0.0167 236 314 412 374
D20 0.0167 213 392 600 583
D20 0.0164 7 564 122 600
D20 0.0162 256 324 387 364
D20 0.0161 217 264 325 355
D20 0.0156 0 303 91 350
D20 0.0154 220 290 326 393
D20 0.0152 264 333 325 364
D20 0.0152 0 455 228 600
D20 0.0149 238 303 282 372
D20 0.0147 210 318 304 365
D20 0.0143 375 454 600 600
D20 0.0143 0 0 408 294
D20 0.0140 132 452 533 600
D20 0.0140 167 0 600 294
D20 0.0140 220 314 260 346
D20 0.0138 0 553 61 600
D20 0.0136 124 288 212 322
D20 0.0133 255 304 421 351
D20 0.0133 135 302 310 375
D20 0.0132 0 318 89 369
D20 0.0130 138 331 530 529
D20 0.0127 0 118 290 600
D20 0.0125 203 264 255 290
D20 0.0122 154 262 280 323
D20 0.0121 233 301 268 351
D20 0.0120 312 118 600 600
D20 0.0120 262 311 311 372
D20 0.0119 408 359 505 402
D20 0.0118 452 368 600 600
D20 0.0118 524 567 600 600
D20 0.0117 0 0 145 216
D20 0.0117 101 293 284 357
D20 0.0117 454 0 600 217
D20 0.0116 0 0 600 434
D20 0.0114 0 332 387 526
D20 0.0113 0 236 516 600
D20 0.0112 140 278 228 315
D20 0.0110 250 331 439 399
D20 0.0109 0 532 95 600
D20 0.0108 0 373 147 600
D20 0.0108 0 339 43 415
D20 0.0107 362 343 524 417
D20 0.0107 241 282 315 331
D20 0.0107 350 324 444 357
D20 0.0107 179 260 269 294
D20 0.0107 331 316 432 347
D20 0.0105 0 293 97 390
D20 0.0105 377 334 502 394
D20 0.0105 63 565 178 600
D20 0.0104 0 312 45 387
D20 0.0104 305 319 600 525
D20 0.0103 362 332 451 369
D20 0.0103 281 321 444 367
D20 0.0102 0 291 142 357
D20 0.0102 264 338 346 381
D20 0.0101 449 541 600 600
D20 0.0101 203 263 274 352
D20 0.0100 248 314 365 418
D40 0.0738 263 322 320 345
D40 0.0459 251 316 329 350
D40 0.0430 270 329 329 351
D40 0.0402 243 320 294 344
D40 0.0337 7 578 72 600
D40 0.0305 253 328 306 349
D40 0.0301 257 313 310 340
D40 0.0297 155 294 211 317
D40 0.0255 139 288 229 321
D40 0.0223 161 301 220 322
D40 0.0206 0 574 45 600
D40 0.0186 254 319 302 359
D40 0.0184 250 322 285 353
D40 0.0179 269 314 300 350
D40 0.0157 268 337 320 361
D40 0.0154 561 573 600 600
D40 0.0150 290 319 331 346
D40 0.0148 27 582 89 600
D40 0.0147 0 311 74 351
D40 0.0140 182 294 239 316
D40 0.0136 0 319 49 346
D40 0.0134 275 322 311 357
D40 0.0127 3 329 59 353
D40 0.0123 569 559 600 596
D40 0.0123 46 405 94 427
D40 0.0119 534 566 600 600
D40 0.0118 77 571 177 600
D40 0.0116 95 576 158 598
D40 0.0113 281 311 322 342
D40 0.0111 0 322 32 357
D40 0.0108 156 285 209 309
D40 0.0103 157 276 244 315
D40 0.0101 229 322 269 351
