D00 0.0563 0 463 100 600
D00 0.0394 2 496 58 597
D00 0.0389 449 410 570 593
D00 0.0363 493 447 600 588
D00 0.0355 25 413 146 593
D00 0.0328 398 371 600 595
D00 0.0278 6 473 82 558
D00 0.0277 4 519 88 590
D00 0.0271 0 512 36 600
D00 0.0270 0 421 111 548
D00 0.0263 0 549 47 599
D00 0.0258 3 393 236 600
D00 0.0248 1 540 28 595
D00 0.0240 37 399 152 521
D00 0.0236 0 482 48 564
D00 0.0229 75 414 136 477
D00 0.0229 543 480 598 586
D00 0.0226 459 393 586 521
D00 0.0213 8 542 112 597
D00 0.0213 92 395 154 458
D00 0.0212 16 409 145 474
D00 0.0211 455 500 600 599
D00 0.0209 566 510 600 600
D00 0.0201 57 425 122 486
D00 0.0199 533 433 600 564
D00 0.0198 18 496 135 597
D00 0.0197 332 361 366 454
D00 0.0197 6 571 57 599
D00 0.0193 61 394 184 581
D00 0.0190 516 474 593 558
D00 0.0182 1 511 28 568
D00 0.0182 547 367 598 394
D00 0.0179 515 509 593 592
D00 0.0177 427 374 545 498
D00 0.0177 328 369 354 445
D00 0.0176 6 487 59 540
D00 0.0173 12 500 108 567
D00 0.0172 362 385 516 600
D00 0.0170 13 541 66 597
D00 0.0170 20 482 220 595
D00 0.0167 60 375 171 477
D00 0.0165 4 466 94 524
D00 0.0164 417 371 482 426
D00 0.0164 340 386 360 446
D00 0.0162 568 362 600 397
D00 0.0161 13 484 109 541
D00 0.0160 105 411 223 594
D00 0.0159 558 173 595 264
D00 0.0158 105 381 164 442
D00 0.0156 66 427 128 465
D00 0.0156 476 468 558 595
D00 0.0155 422 385 475 411
D00 0.0155 84 417 145 455
D00 0.0153 472 534 532 600
D00 0.0152 545 543 600 600
D00 0.0152 399 462 556 600
D00 0.0150 194 447 274 600
D00 0.0150 12 567 83 600
D00 0.0149 15 454 136 536
D00 0.0149 530 355 599 389
D00 0.0149 574 539 598 596
D00 0.0148 0 565 33 600
D00 0.0145 495 492 579 577
D00 0.0144 489 437 600 517
D00 0.0142 552 503 599 555
D00 0.0142 481 542 587 596
D00 0.0139 0 357 91 586
D00 0.0139 0 338 47 362
D00 0.0137 15 445 114 507
D00 0.0136 213 409 290 577
D00 0.0135 3 502 42 540
D00 0.0135 433 381 498 436
D00 0.0134 15 500 64 558
D00 0.0134 392 371 530 434
D00 0.0134 0 461 55 531
D00 0.0134 0 370 164 453
D00 0.0133 8 401 132 449
D00 0.0133 207 527 250 600
D00 0.0133 135 394 277 600
D00 0.0133 0 417 112 463
D00 0.0131 438 385 569 458
D00 0.0131 573 511 598 564
D00 0.0131 26 446 95 555
D00 0.0130 437 390 528 557
D00 0.0130 530 345 599 376
D00 0.0129 558 375 600 399
D00 0.0127 402 373 475 408
D00 0.0127 95 453 185 600
D00 0.0127 24 493 74 580
D00 0.0127 341 380 376 467
D00 0.0127 23 485 74 537
D00 0.0126 96 409 139 448
D00 0.0125 494 456 580 538
D00 0.0125 563 462 600 567
D00 0.0125 313 429 580 589
D00 0.0124 0 430 106 485
D00 0.0124 378 364 419 448
D00 0.0124 469 522 572 587
D00 0.0123 238 440 278 526
D00 0.0123 382 359 504 470
D00 0.0122 46 437 116 473
D00 0.0122 78 434 119 475
D00 0.0122 81 406 156 545
D00 0.0121 3 331 59 356
D00 0.0120 63 434 139 518
D00 0.0120 565 189 589 250
D00 0.0119 435 388 474 425
D00 0.0119 67 498 172 597
D00 0.0119 35 474 123 556
D00 0.0119 384 361 495 414
D00 0.0119 73 423 127 450
D00 0.0118 448 418 569 496
D00 0.0118 431 501 534 597
D00 0.0117 551 573 598 599
D00 0.0117 0 433 53 493
D00 0.0117 561 357 600 385
D00 0.0116 150 453 240 600
D00 0.0116 431 376 460 421
D00 0.0116 106 399 147 438
D00 0.0115 234 392 496 600
D00 0.0113 227 449 312 600
D00 0.0113 509 388 595 504
D00 0.0113 338 408 451 592
D00 0.0113 476 572 526 598
D00 0.0113 32 430 112 460
D00 0.0112 483 429 585 487
D00 0.0112 3 538 39 579
D00 0.0112 313 357 351 445
D00 0.0112 55 416 167 493
D00 0.0111 458 398 538 480
D00 0.0111 116 390 155 428
D00 0.0110 15 506 63 532
D00 0.0110 522 338 596 367
D00 0.0110 201 423 240 501
D00 0.0110 0 421 56 573
D00 0.0109 11 434 79 535
D00 0.0109 533 153 600 304
D00 0.0109 39 543 155 596
D00 0.0106 204 574 255 600
D00 0.0106 10 508 51 549
D00 0.0106 175 413 259 578
D00 0.0105 245 421 287 510
D00 0.0105 511 340 569 362
D00 0.0105 349 398 369 454
D00 0.0104 508 324 600 559
D00 0.0104 2 429 82 460
D00 0.0103 111 498 204 599
D00 0.0103 0 371 196 510
D00 0.0103 443 449 516 589
D00 0.0103 120 378 168 426
D00 0.0102 473 448 572 503
D00 0.0102 560 557 597 597
D00 0.0102 209 396 351 600
D00 0.0102 27 556 70 597
D00 0.0102 495 515 545 597
D00 0.0102 413 390 514 445
D00 0.0102 51 380 154 434
D00 0.0102 0 325 29 359
D00 0.0102 55 432 107 514
D00 0.0102 519 349 580 370
D00 0.0101 523 466 600 525
D00 0.0101 10 421 91 451
D00 0.0101 450 386 507 488
D00 0.0101 228 460 269 539
D00 0.0101 534 500 595 541
D00 0.0100 428 384 496 521
D00 0.0100 365 340 415 363
D00 0.0100 91 365 182 452
D00 0.0100 468 482 527 589
D10 0.0497 219 426 282 445
D10 0.0351 206 420 303 452
D10 0.0311 220 433 279 454
D10 0.0234 228 429 302 457
D10 0.0200 221 416 279 441
D10 0.0196 247 424 302 448
D10 0.0164 201 430 271 459
D10 0.0164 196 426 255 445
D10 0.0163 546 376 599 399
D10 0.0156 258 433 311 453
D10 0.0152 520 443 600 486
D10 0.0143 2 507 48 532
D10 0.0140 549 451 599 476
D10 0.0134 0 396 127 456
D10 0.0130 296 499 390 539
D10 0.0127 12 427 110 465
D10 0.0123 370 358 477 414
D10 0.0122 235 425 336 461
D10 0.0119 262 481 398 547
D10 0.0112 2 514 45 542
D10 0.0109 315 508 370 531
D10 0.0109 228 411 300 445
D10 0.0108 373 352 466 393
D10 0.0107 434 385 508 415
D10 0.0106 346 340 399 360
D10 0.0106 528 380 597 408
D10 0.0105 280 508 372 550
D10 0.0103 167 417 275 460
D20 0.0312 118 406 558 593
D20 0.0245 519 361 600 398
D20 0.0227 209 364 305 395
D20 0.0206 0 453 402 600
D20 0.0197 316 409 600 600
D20 0.0165 450 382 600 475
D20 0.0158 451 373 600 600
D20 0.0155 0 0 408 294
D20 0.0153 0 0 147 219
D20 0.0153 167 0 600 294
D20 0.0143 0 411 175 600
D20 0.0143 0 525 109 600
D20 0.0141 0 118 290 600
D20 0.0139 0 477 74 600
D20 0.0139 514 342 600 380
D20 0.0136 451 354 600 421
D20 0.0135 312 118 600 600
D20 0.0133 349 350 505 429
D20 0.0130 0 0 265 179
D20 0.0130 223 345 596 539
D20 0.0126 0 0 600 434
D20 0.0125 0 236 516 600
D20 0.0124 484 526 600 600
D20 0.0123 525 476 600 600
D20 0.0123 455 0 600 219
D20 0.0117 470 340 600 393
D20 0.0117 445 376 588 436
D20 0.0112 13 498 161 600
D20 0.0110 0 551 55 600
D20 0.0110 51 351 484 539
D20 0.0103 220 361 279 384
D20 0.0101 326 0 600 179
D40 0.0393 509 370 595 401
D40 0.0385 518 377 583 397
D40 0.0257 225 369 289 392
D40 0.0213 234 377 294 396
D40 0.0189 525 366 572 395
D40 0.0142 509 352 595 391
D40 0.0141 544 372 591 399
D40 0.0138 506 370 564 392
D40 0.0133 514 381 586 409
D40 0.0119 426 381 517 422
D40 0.0117 213 376 271 397
D40 0.0108 521 359 580 384
D40 0.0105 218 365 257 394
