D00 0.1569 249 295 322 489
D00 0.1540 264 340 314 461
D00 0.1337 257 367 300 475
D00 0.1003 227 321 329 546
D00 0.0902 252 348 293 447
D00 0.0792 192 286 347 600
D00 0.0714 260 399 296 461
D00 0.0676 189 351 301 569
D00 0.0651 224 333 305 468
D00 0.0628 269 301 313 402
D00 0.0627 273 386 310 461
D00 0.0615 189 421 216 468
D00 0.0603 258 416 296 496
D00 0.0584 257 360 283 420
D00 0.0553 252 318 305 415
D00 0.0510 183 399 223 471
D00 0.0487 257 345 362 574
D00 0.0459 182 316 314 493
D00 0.0455 196 412 221 463
D00 0.0451 281 362 321 455
D00 0.0437 242 378 305 516
D00 0.0427 257 385 283 454
D00 0.0416 262 367 291 432
D00 0.0407 434 268 476 355
D00 0.0375 186 415 226 496
D00 0.0368 425 223 588 544
D00 0.0366 271 311 330 434
D00 0.0362 450 253 562 451
D00 0.0358 242 379 290 467
D00 0.0356 181 438 219 466
D00 0.0350 150 336 279 534
D00 0.0347 273 352 311 433
D00 0.0341 229 397 310 588
D00 0.0341 285 308 318 394
D00 0.0322 291 386 316 449
D00 0.0322 263 432 290 483
D00 0.0319 173 427 218 472
D00 0.0314 188 430 227 461
D00 0.0312 82 328 309 580
D00 0.0307 265 394 313 502
D00 0.0307 0 315 42 367
D00 0.0302 488 279 592 495
D00 0.0294 283 264 530 579
D00 0.0290 1 324 29 375
D00 0.0279 268 377 299 444
D00 0.0278 516 307 558 383
D00 0.0264 248 290 431 600
D00 0.0262 154 389 240 559
D00 0.0256 258 375 337 482
D00 0.0253 485 253 581 399
D00 0.0253 242 332 286 422
D00 0.0252 424 248 468 322
D00 0.0248 194 354 282 471
D00 0.0248 216 386 391 594
D00 0.0248 134 420 284 579
D00 0.0247 236 289 368 452
D00 0.0244 457 313 562 541
D00 0.0240 441 283 468 344
D00 0.0239 195 387 237 471
D00 0.0236 261 417 316 471
D00 0.0231 162 356 229 476
D00 0.0229 169 385 266 483
D00 0.0228 234 412 301 469
D00 0.0228 496 292 571 425
D00 0.0226 256 336 284 396
D00 0.0225 149 234 600 597
D00 0.0224 297 370 325 445
D00 0.0221 253 431 285 509
D00 0.0220 285 320 400 539
D00 0.0220 0 325 56 389
D00 0.0217 416 238 535 416
D00 0.0216 287 343 317 423
D00 0.0208 208 398 298 499
D00 0.0204 294 304 327 375
D00 0.0203 195 432 221 484
D00 0.0203 478 322 600 588
D00 0.0202 481 364 521 439
D00 0.0202 274 334 355 460
D00 0.0201 175 421 247 468
D00 0.0201 180 414 210 464
D00 0.0200 142 422 228 470
D00 0.0196 433 269 460 322
D00 0.0196 292 277 329 350
D00 0.0196 382 293 564 600
D00 0.0194 170 250 489 500
D00 0.0193 1 300 29 352
D00 0.0193 506 289 554 368
D00 0.0192 522 294 580 396
D00 0.0191 131 238 372 542
D00 0.0188 194 402 272 546
D00 0.0187 517 316 546 366
D00 0.0185 423 238 493 367
D00 0.0184 480 304 550 442
D00 0.0183 202 418 229 467
D00 0.0182 249 367 275 428
D00 0.0179 123 375 243 489
D00 0.0177 1 495 27 546
D00 0.0177 202 461 343 599
D00 0.0175 113 416 208 575
D00 0.0175 363 220 578 432
D00 0.0172 152 388 208 482
D00 0.0172 524 252 600 449
D00 0.0171 289 385 330 469
D00 0.0167 90 385 259 544
D00 0.0167 212 270 337 414
D00 0.0167 283 406 318 468
D00 0.0167 3 328 50 356
D00 0.0167 429 221 573 369
D00 0.0166 0 336 41 363
D00 0.0164 1 420 84 569
D00 0.0164 170 417 223 531
D00 0.0163 247 433 297 560
D00 0.0163 453 291 600 409
D00 0.0161 203 312 417 478
D00 0.0161 81 326 269 476
D00 0.0158 3 318 52 347
D00 0.0157 301 293 324 341
D00 0.0155 449 294 475 349
D00 0.0154 406 210 476 334
D00 0.0152 489 379 514 432
D00 0.0151 4 296 51 355
D00 0.0150 193 415 274 485
D00 0.0149 180 434 209 481
D00 0.0149 247 420 285 476
D00 0.0149 1 341 28 393
D00 0.0148 252 443 323 591
D00 0.0147 526 319 600 531
D00 0.0147 311 325 462 584
D00 0.0147 225 416 282 532
D00 0.0147 165 418 222 460
D00 0.0147 191 401 338 530
D00 0.0146 246 521 288 600
D00 0.0146 387 189 429 267
D00 0.0145 233 427 293 490
D00 0.0145 11 327 144 404
D00 0.0145 0 482 42 557
D00 0.0144 341 160 600 570
D00 0.0143 185 350 245 465
D00 0.0142 2 305 69 342
D00 0.0141 237 360 309 420
D00 0.0141 270 396 336 547
D00 0.0141 219 466 290 596
D00 0.0141 331 521 368 600
D00 0.0141 16 463 71 564
D00 0.0140 127 464 224 568
D00 0.0140 566 525 600 600
D00 0.0140 249 397 277 456
D00 0.0138 408 305 546 467
D00 0.0138 180 448 218 474
D00 0.0138 403 250 485 414
D00 0.0137 445 278 494 358
D00 0.0136 300 295 339 382
D00 0.0136 367 257 515 517
D00 0.0136 234 316 299 388
D00 0.0136 187 407 218 450
D00 0.0136 424 260 452 311
D00 0.0135 492 316 563 367
D00 0.0135 2 444 54 549
D00 0.0135 263 430 303 524
D00 0.0134 36 187 334 577
D00 0.0132 181 535 321 599
D00 0.0132 483 277 549 380
D00 0.0132 9 316 63 364
D00 0.0131 418 266 468 377
D00 0.0130 287 313 350 421
D00 0.0130 292 324 329 414
D00 0.0129 228 360 278 454
D00 0.0128 43 354 218 504
D00 0.0128 471 343 514 425
D00 0.0128 422 267 457 340
D00 0.0128 249 347 274 404
D00 0.0128 418 356 530 571
D00 0.0128 8 340 48 378
D00 0.0127 1 427 43 500
D00 0.0127 0 467 30 538
D00 0.0126 176 444 255 579
D00 0.0126 441 286 516 426
D00 0.0126 29 335 149 522
D00 0.0125 3 297 112 477
D00 0.0125 395 206 440 280
D00 0.0124 489 378 530 462
D00 0.0124 189 441 214 496
D00 0.0124 254 372 292 404
D00 0.0123 244 482 297 589
D00 0.0123 32 349 167 416
D00 0.0123 195 424 239 510
D00 0.0122 395 205 420 257
D00 0.0121 163 434 231 483
D00 0.0121 455 399 563 591
D00 0.0120 125 510 187 578
D00 0.0119 419 238 454 304
D00 0.0119 466 304 527 417
D00 0.0119 515 326 587 462
D00 0.0118 271 425 308 487
D00 0.0118 297 141 525 472
D00 0.0118 93 469 191 567
D00 0.0117 499 313 549 398
D00 0.0117 50 383 211 590
D00 0.0117 149 440 206 554
D00 0.0116 110 336 208 474
D00 0.0116 270 420 416 582
D00 0.0116 567 369 600 458
D00 0.0116 3 510 38 548
D00 0.0115 100 401 226 474
D00 0.0115 111 515 251 583
D00 0.0114 30 412 150 581
D00 0.0113 250 575 299 599
D00 0.0112 102 365 154 411
D00 0.0112 512 438 598 595
D00 0.0111 322 505 361 588
D00 0.0110 542 309 596 413
D00 0.0110 0 345 33 374
D00 0.0110 329 290 449 494
D00 0.0109 233 544 343 596
D00 0.0109 433 283 485 397
D00 0.0109 248 358 301 402
D00 0.0109 259 375 308 418
D00 0.0108 0 506 45 582
D00 0.0108 493 270 575 354
D00 0.0108 377 356 490 570
D00 0.0108 90 341 189 429
D00 0.0107 69 338 170 395
D00 0.0107 573 551 599 600
D00 0.0107 251 289 286 352
D00 0.0107 390 193 457 307
D00 0.0105 1 287 192 565
D00 0.0105 2 345 40 408
D00 0.0104 206 318 276 431
D00 0.0104 301 361 323 423
D00 0.0103 128 372 192 468
D00 0.0103 278 395 353 471
D00 0.0103 288 251 404 434
D00 0.0103 19 316 91 348
D00 0.0103 110 377 164 402
D00 0.0102 178 502 291 593
D00 0.0102 457 274 529 378
D00 0.0102 288 301 348 358
D00 0.0102 509 319 551 349
D00 0.0102 402 213 429 265
D00 0.0101 170 422 201 468
D00 0.0101 264 451 287 511
D00 0.0101 515 237 591 361
D00 0.0100 263 384 376 513
D00 0.0100 206 460 265 573
D10 0.0499 286 312 329 338
D10 0.0498 266 431 309 459
D10 0.0387 210 409 298 466
D10 0.0378 255 417 324 464
D10 0.0349 266 304 347 345
D10 0.0339 206 299 325 360
D10 0.0317 185 427 283 475
D10 0.0301 426 273 517 317
D10 0.0298 228 427 305 474
D10 0.0273 271 440 324 464
D10 0.0260 436 282 488 305
D10 0.0231 161 403 305 498
D10 0.0230 549 265 600 287
D10 0.0226 241 432 293 459
D10 0.0223 279 303 320 332
D10 0.0222 170 412 270 467
D10 0.0216 261 428 341 475
D10 0.0209 394 256 448 278
D10 0.0206 416 243 511 300
D10 0.0199 522 257 600 295
D10 0.0198 422 250 547 330
D10 0.0192 192 431 241 460
D10 0.0189 235 395 329 473
D10 0.0187 218 323 296 352
D10 0.0185 367 248 463 283
D10 0.0180 2 301 47 328
D10 0.0180 154 429 248 476
D10 0.0179 124 374 192 405
D10 0.0177 446 287 574 368
D10 0.0177 270 410 364 464
D10 0.0176 509 252 588 280
D10 0.0176 448 282 512 303
D10 0.0174 344 364 421 390
D10 0.0172 440 274 501 300
D10 0.0172 395 245 444 271
D10 0.0171 276 421 318 452
D10 0.0171 466 316 560 365
D10 0.0169 267 354 363 408
D10 0.0167 4 309 54 337
D10 0.0166 232 264 282 285
D10 0.0166 440 277 551 341
D10 0.0163 438 289 485 313
D10 0.0162 293 317 343 342
D10 0.0159 549 255 599 281
D10 0.0158 439 263 541 307
D10 0.0156 266 333 362 391
D10 0.0155 414 255 459 279
D10 0.0155 372 256 432 275
D10 0.0154 424 317 509 361
D10 0.0154 226 328 311 391
D10 0.0153 449 245 574 295
D10 0.0151 1 292 47 318
D10 0.0150 412 245 458 270
D10 0.0148 487 243 576 271
D10 0.0147 408 260 494 317
D10 0.0147 372 313 476 351
D10 0.0146 332 352 435 387
D10 0.0145 242 256 292 279
D10 0.0144 251 265 305 286
D10 0.0144 422 277 492 333
D10 0.0143 399 224 490 282
D10 0.0141 435 296 533 354
D10 0.0141 297 303 343 330
D10 0.0141 352 360 408 383
D10 0.0140 214 400 350 499
D10 0.0140 441 328 488 353
D10 0.0139 480 252 564 281
D10 0.0137 268 371 362 434
D10 0.0136 223 441 285 465
D10 0.0136 402 235 448 261
D10 0.0135 372 236 493 303
D10 0.0135 169 304 285 351
D10 0.0134 278 295 371 339
D10 0.0133 282 432 334 458
D10 0.0133 434 320 479 347
D10 0.0132 216 446 391 572
D10 0.0132 445 315 524 350
D10 0.0129 424 329 582 441
D10 0.0129 271 509 366 548
D10 0.0128 262 558 367 595
D10 0.0128 283 351 433 409
D10 0.0128 267 448 313 473
D10 0.0126 3 298 69 333
D10 0.0126 125 499 268 572
D10 0.0126 423 225 533 283
D10 0.0125 356 237 454 275
D10 0.0125 188 445 276 498
D10 0.0124 398 246 474 295
D10 0.0124 357 361 456 399
D10 0.0124 5 346 51 373
D10 0.0124 395 225 439 252
D10 0.0123 286 325 329 350
D10 0.0123 447 327 545 376
D10 0.0122 472 261 581 317
D10 0.0122 415 368 519 412
D10 0.0122 0 367 45 391
D10 0.0122 134 385 186 410
D10 0.0122 375 247 429 270
D10 0.0121 416 263 461 290
D10 0.0120 241 319 426 408
D10 0.0120 437 205 509 232
D10 0.0120 297 284 600 495
D10 0.0120 499 262 580 291
D10 0.0120 520 241 595 272
D10 0.0119 462 273 520 298
D10 0.0119 409 232 476 266
D10 0.0118 462 277 538 309
D10 0.0118 387 259 458 292
D10 0.0117 520 336 600 386
D10 0.0117 388 215 464 265
D10 0.0117 168 319 284 368
D10 0.0116 198 423 258 451
D10 0.0116 197 441 258 465
D10 0.0115 271 410 308 442
D10 0.0115 205 432 276 458
D10 0.0115 229 446 305 497
D10 0.0114 225 312 285 340
D10 0.0114 305 340 416 388
D10 0.0113 539 272 594 296
D10 0.0113 247 303 300 329
D10 0.0113 110 381 180 414
D10 0.0113 283 439 358 470
D10 0.0113 481 247 542 269
D10 0.0113 0 282 46 307
D10 0.0113 117 358 198 401
D10 0.0112 414 323 482 356
D10 0.0111 225 256 271 281
D10 0.0111 418 241 489 275
D10 0.0110 300 514 361 543
D10 0.0110 222 423 284 451
D10 0.0110 316 240 464 296
D10 0.0110 132 368 189 391
D10 0.0110 183 301 237 325
D10 0.0109 383 309 460 340
D10 0.0109 380 368 434 392
D10 0.0109 274 443 370 482
D10 0.0109 453 328 512 352
D10 0.0109 248 384 399 479
D10 0.0109 511 318 600 370
D10 0.0109 346 218 474 283
D10 0.0108 207 371 297 424
D10 0.0108 263 382 303 409
D10 0.0108 153 525 275 581
D10 0.0108 258 447 294 473
D10 0.0108 10 338 62 363
D10 0.0108 391 367 480 410
D10 0.0108 424 369 584 482
D10 0.0108 390 321 448 341
D10 0.0107 302 311 358 334
D10 0.0106 6 377 56 401
D10 0.0106 500 298 589 359
D10 0.0106 326 332 530 440
D10 0.0106 142 436 216 470
D10 0.0106 526 364 600 414
D10 0.0104 7 356 53 384
D10 0.0104 491 331 568 384
D10 0.0104 254 356 295 382
D10 0.0103 417 295 496 350
D10 0.0103 269 373 308 400
D10 0.0102 307 360 413 392
D10 0.0101 240 337 292 358
D10 0.0101 253 348 296 371
D10 0.0101 334 368 396 387
D10 0.0101 550 226 599 250
D10 0.0101 460 320 574 404
D10 0.0101 126 376 206 423
D10 0.0100 463 209 519 229
D10 0.0100 174 311 227 334
D10 0.0100 482 234 565 263
D10 0.0100 388 234 434 263
D10 0.0100 223 257 319 294
D20 0.1225 248 299 323 471
D20 0.0616 201 345 313 472
D20 0.0438 264 355 330 450
D20 0.0435 0 371 388 581
D20 0.0406 7 314 330 500
D20 0.0389 279 300 322 362
D20 0.0351 160 385 313 483
D20 0.0345 0 294 91 399
D20 0.0340 117 302 511 543
D20 0.0336 239 342 369 462
D20 0.0327 0 289 46 363
D20 0.0308 220 307 317 349
D20 0.0307 224 284 330 403
D20 0.0287 251 385 314 461
D20 0.0281 9 296 286 431
D20 0.0277 245 297 330 345
D20 0.0268 190 364 578 585
D20 0.0267 33 470 305 595
D20 0.0262 182 298 319 359
D20 0.0259 426 246 565 370
D20 0.0245 0 255 65 374
D20 0.0243 411 231 585 326
D20 0.0243 60 267 456 466
D20 0.0239 414 215 505 362
D20 0.0237 0 313 140 413
D20 0.0235 202 255 582 463
D20 0.0235 168 314 319 432
D20 0.0227 54 447 451 600
D20 0.0226 138 488 329 590
D20 0.0225 108 329 297 463
D20 0.0221 217 385 300 462
D20 0.0216 264 291 362 444
D20 0.0216 67 401 277 583
D20 0.0216 214 285 312 342
D20 0.0214 239 336 325 425
D20 0.0213 282 294 600 537
D20 0.0211 258 253 342 389
D20 0.0205 2 309 58 410
D20 0.0203 0 279 62 340
D20 0.0201 0 301 76 348
D20 0.0191 179 434 361 600
D20 0.0188 0 489 214 588
D20 0.0186 0 165 557 591
D20 0.0185 251 285 303 357
D20 0.0185 249 318 346 407
D20 0.0181 8 314 111 378
D20 0.0177 0 0 408 294
D20 0.0173 167 0 600 294
D20 0.0172 8 336 205 444
D20 0.0171 0 271 244 574
D20 0.0166 395 185 485 324
D20 0.0165 414 231 459 312
D20 0.0164 0 406 188 600
D20 0.0162 69 369 282 487
D20 0.0162 241 306 290 374
D20 0.0162 437 223 588 289
D20 0.0162 0 317 75 364
D20 0.0161 0 256 38 337
D20 0.0159 204 291 428 445
D20 0.0159 217 243 326 357
D20 0.0159 0 271 192 377
D20 0.0158 312 118 600 600
D20 0.0158 17 15 600 441
D20 0.0158 214 379 348 481
D20 0.0157 0 334 64 384
D20 0.0154 479 229 587 373
D20 0.0148 370 454 600 600
D20 0.0147 0 323 35 402
D20 0.0144 206 490 405 592
D20 0.0144 453 224 600 586
D20 0.0142 372 237 600 452
D20 0.0138 269 227 321 250
D20 0.0137 2 297 42 335
D20 0.0137 0 0 346 600
D20 0.0133 1 358 62 416
D20 0.0133 391 210 545 308
D20 0.0132 158 535 304 599
D20 0.0132 404 219 451 294
D20 0.0130 94 506 276 586
D20 0.0128 455 0 600 219
D20 0.0126 181 413 267 462
D20 0.0125 0 301 28 375
D20 0.0124 256 219 335 255
D20 0.0121 1 278 118 349
D20 0.0119 0 0 145 220
D20 0.0119 426 240 476 317
D20 0.0117 458 209 599 267
D20 0.0116 0 251 125 456
D20 0.0115 488 229 590 267
D20 0.0111 11 374 208 483
D20 0.0109 27 525 244 600
D20 0.0107 232 259 494 400
D20 0.0107 219 371 396 600
D20 0.0107 160 281 298 382
D20 0.0106 13 328 74 423
D20 0.0106 214 264 264 289
D20 0.0106 449 222 537 339
D20 0.0105 288 295 349 350
D20 0.0105 272 267 320 357
D20 0.0104 332 0 600 177
D20 0.0103 14 355 116 412
D20 0.0101 475 238 600 303
D20 0.0101 0 526 117 600
D20 0.0101 447 288 494 364
D20 0.0101 0 248 50 308
D20 0.0100 0 0 72 109
D20 0.0100 439 242 505 343
D40 0.2143 253 318 315 343
D40 0.1573 247 312 328 351
D40 0.1265 262 424 295 462
D40 0.1036 284 312 320 346
D40 0.0964 273 319 312 354
D40 0.0917 255 304 318 391
D40 0.0659 251 320 293 352
D40 0.0586 258 400 300 470
D40 0.0524 252 312 300 369
D40 0.0499 234 297 332 361
D40 0.0423 263 330 304 370
D40 0.0408 294 307 326 342
D40 0.0355 269 319 310 384
D40 0.0341 253 438 294 464
D40 0.0331 284 306 320 374
D40 0.0328 265 415 310 464
D40 0.0308 225 298 343 413
D40 0.0306 223 318 313 357
D40 0.0303 259 366 294 412
D40 0.0302 259 324 294 381
D40 0.0293 257 336 309 415
D40 0.0281 267 335 300 395
D40 0.0281 245 285 324 343
D40 0.0281 245 426 306 468
D40 0.0280 266 310 303 347
D40 0.0258 280 333 307 394
D40 0.0247 435 276 471 313
D40 0.0246 278 302 333 357
D40 0.0244 124 263 520 466
D40 0.0229 238 313 296 342
D40 0.0224 429 266 463 307
D40 0.0223 426 272 577 381
D40 0.0222 271 265 316 289
D40 0.0212 253 308 283 349
D40 0.0211 266 314 360 373
D40 0.0209 4 317 36 366
D40 0.0204 18 231 600 536
D40 0.0202 226 320 288 346
D40 0.0195 240 287 390 380
D40 0.0192 275 358 308 402
D40 0.0190 422 248 494 331
D40 0.0187 267 303 316 332
D40 0.0176 431 273 479 301
D40 0.0167 446 312 479 351
D40 0.0164 263 355 304 383
D40 0.0161 432 265 516 350
D40 0.0154 277 226 327 250
D40 0.0152 421 258 455 297
D40 0.0151 344 359 400 382
D40 0.0149 256 300 296 337
D40 0.0147 358 244 576 398
D40 0.0146 436 296 494 359
D40 0.0145 449 285 541 366
D40 0.0144 408 233 477 310
D40 0.0143 281 272 322 296
D40 0.0142 288 217 334 243
D40 0.0142 257 322 374 403
D40 0.0141 249 283 533 431
D40 0.0140 265 440 298 477
D40 0.0139 225 296 294 380
D40 0.0138 5 444 38 485
D40 0.0137 441 283 479 322
D40 0.0136 246 316 276 359
D40 0.0136 294 318 326 358
D40 0.0136 439 301 471 345
D40 0.0134 254 343 306 380
D40 0.0133 270 257 315 279
D40 0.0133 244 258 326 295
D40 0.0132 252 336 299 359
D40 0.0131 282 424 318 462
D40 0.0129 0 433 48 496
D40 0.0128 217 193 585 384
D40 0.0128 254 382 292 409
D40 0.0125 433 264 489 311
D40 0.0125 270 347 308 373
D40 0.0124 430 235 516 312
D40 0.0120 398 219 433 258
D40 0.0116 391 210 424 250
D40 0.0116 417 240 453 277
D40 0.0115 286 349 315 392
D40 0.0114 442 306 592 419
D40 0.0114 414 263 478 349
D40 0.0113 444 252 540 331
D40 0.0113 319 338 410 382
D40 0.0113 281 298 312 343
D40 0.0111 305 212 337 245
D40 0.0110 288 299 351 400
D40 0.0109 439 300 516 383
D40 0.0109 220 370 304 427
D40 0.0106 303 311 335 348
D40 0.0106 470 269 561 353
D40 0.0104 410 251 447 285
D40 0.0103 452 321 489 357
D40 0.0103 69 192 452 386
D40 0.0102 290 264 508 379
D40 0.0102 448 277 491 310
D40 0.0102 273 264 317 310
D40 0.0101 283 277 354 352
D40 0.0100 439 321 472 357
