D00 0.0421 431 467 498 498
D00 0.0362 429 463 483 489
D00 0.0283 573 495 597 546
D00 0.0266 406 457 490 495
D00 0.0245 561 511 596 547
D00 0.0220 565 479 600 556
D00 0.0195 565 512 600 600
D00 0.0192 522 507 600 550
D00 0.0185 546 485 598 579
D00 0.0183 439 463 471 501
D00 0.0182 442 472 484 505
D00 0.0173 419 463 481 518
D00 0.0166 544 519 598 552
D00 0.0161 412 451 479 483
D00 0.0157 435 469 496 529
D00 0.0154 412 470 469 494
D00 0.0151 573 540 598 597
D00 0.0149 0 513 48 583
D00 0.0147 535 535 598 600
D00 0.0145 505 502 600 594
D00 0.0144 397 445 499 512
D00 0.0142 573 520 597 573
D00 0.0135 405 456 524 561
D00 0.0132 573 476 598 529
D00 0.0130 409 441 516 490
D00 0.0128 437 447 488 505
D00 0.0126 2 50 25 108
D00 0.0126 0 487 94 577
D00 0.0124 416 459 459 490
D00 0.0123 39 507 97 575
D00 0.0117 418 477 553 544
D00 0.0117 428 473 467 507
D00 0.0117 0 531 28 582
D00 0.0116 435 473 574 585
D00 0.0115 417 477 476 543
D00 0.0113 400 453 457 477
D00 0.0112 540 508 595 536
D00 0.0111 436 453 487 480
D00 0.0111 0 0 41 89
D00 0.0110 183 461 233 485
D00 0.0110 581 503 600 553
D00 0.0106 561 492 596 531
D00 0.0106 526 523 599 569
D00 0.0105 11 490 114 541
D00 0.0105 572 516 600 543
D00 0.0104 0 46 29 140
D00 0.0103 421 436 577 497
D00 0.0103 18 514 80 578
D00 0.0101 560 528 596 563
D10 0.0452 436 470 492 495
D10 0.0298 441 478 503 502
D10 0.0248 434 470 524 508
D10 0.0164 540 525 596 549
D10 0.0163 244 464 306 484
D10 0.0161 516 517 600 556
D10 0.0152 445 484 518 515
D10 0.0151 451 488 591 538
D10 0.0149 452 471 521 496
D10 0.0141 237 471 297 490
D10 0.0140 303 521 408 556
D10 0.0136 439 459 514 493
D10 0.0133 321 528 383 548
D10 0.0131 424 478 475 502
D10 0.0128 321 517 403 544
D10 0.0126 313 519 371 541
D10 0.0124 153 509 212 529
D10 0.0119 222 459 318 489
D10 0.0118 220 471 277 491
D10 0.0118 480 506 595 559
D10 0.0116 440 488 491 511
D10 0.0116 463 480 533 504
D10 0.0113 287 511 382 548
D10 0.0112 379 510 476 546
D10 0.0111 409 518 464 541
D10 0.0107 353 520 406 541
D10 0.0107 137 502 229 537
D10 0.0105 296 519 353 539
D10 0.0100 464 490 534 512
D10 0.0100 388 519 448 540
D20 0.0447 418 460 600 534
D20 0.0383 430 463 515 501
D20 0.0322 412 452 558 508
D20 0.0260 458 480 600 548
D20 0.0198 413 467 518 519
D20 0.0196 515 509 600 549
D20 0.0172 555 473 600 551
D20 0.0154 437 453 489 511
D20 0.0141 375 455 528 531
D20 0.0141 0 0 408 294
D20 0.0139 167 0 600 294
D20 0.0138 486 497 600 567
D20 0.0137 506 467 600 597
D20 0.0136 496 470 597 526
D20 0.0134 0 311 408 600
D20 0.0133 415 482 596 588
D20 0.0129 0 118 290 600
D20 0.0126 0 0 147 222
D20 0.0123 167 311 600 600
D20 0.0119 312 118 600 600
D20 0.0117 514 489 600 534
D20 0.0116 456 0 600 221
D20 0.0114 0 0 600 434
D20 0.0113 414 441 509 551
D20 0.0113 467 456 593 507
D20 0.0109 382 0 600 145
D20 0.0108 0 145 600 600
D20 0.0107 441 424 600 573
D20 0.0104 544 464 600 523
D20 0.0103 0 0 263 179
D20 0.0102 526 454 600 545
D20 0.0100 483 525 600 600
