D00 0.0975 89 447 154 482
D00 0.0862 471 445 597 583
D00 0.0833 214 465 245 512
D00 0.0800 64 428 214 486
D00 0.0780 205 450 258 512
D00 0.0746 482 402 600 531
D00 0.0729 390 417 591 580
D00 0.0709 384 469 413 518
D00 0.0707 99 440 142 476
D00 0.0686 96 436 185 479
D00 0.0631 455 457 589 536
D00 0.0619 232 456 260 507
D00 0.0606 378 455 422 527
D00 0.0593 185 426 248 524
D00 0.0544 516 439 600 555
D00 0.0532 542 441 598 508
D00 0.0525 71 355 139 388
D00 0.0513 465 478 547 522
D00 0.0513 169 413 259 567
D00 0.0499 77 429 159 475
D00 0.0496 73 453 136 478
D00 0.0496 182 412 217 480
D00 0.0492 213 462 256 546
D00 0.0483 367 448 459 544
D00 0.0480 26 436 167 479
D00 0.0473 218 454 256 496
D00 0.0468 491 496 599 595
D00 0.0468 390 476 419 526
D00 0.0462 381 475 437 541
D00 0.0453 88 392 235 544
D00 0.0431 69 391 208 467
D00 0.0425 491 477 558 542
D00 0.0415 77 348 248 485
D00 0.0412 409 510 463 553
D00 0.0404 543 534 600 600
D00 0.0394 163 414 236 509
D00 0.0393 29 378 210 498
D00 0.0392 74 337 215 399
D00 0.0386 188 455 245 569
D00 0.0385 376 447 445 505
D00 0.0383 377 460 406 509
D00 0.0377 413 380 586 525
D00 0.0376 380 478 421 507
D00 0.0371 516 419 596 508
D00 0.0370 199 453 263 597
D00 0.0364 105 433 149 466
D00 0.0363 480 486 540 515
D00 0.0361 24 433 196 506
D00 0.0358 80 348 151 380
D00 0.0353 243 455 268 505
D00 0.0352 59 451 147 487
D00 0.0347 166 440 234 546
D00 0.0346 458 391 597 455
D00 0.0343 75 446 194 492
D00 0.0343 379 478 477 577
D00 0.0338 225 438 265 512
D00 0.0338 186 387 268 511
D00 0.0336 154 429 215 478
D00 0.0336 384 465 425 501
D00 0.0334 522 462 600 513
D00 0.0332 556 462 594 503
D00 0.0329 379 467 484 525
D00 0.0329 447 467 523 501
D00 0.0328 354 410 539 547
D00 0.0327 72 443 135 471
D00 0.0327 128 333 261 400
D00 0.0323 367 468 435 518
D00 0.0322 537 477 598 585
D00 0.0321 60 363 127 394
D00 0.0320 162 338 241 384
D00 0.0317 463 479 530 506
D00 0.0316 69 428 196 561
D00 0.0314 387 499 467 547
D00 0.0314 497 492 566 563
D00 0.0311 385 487 429 515
D00 0.0306 533 398 600 454
D00 0.0306 187 404 213 458
D00 0.0298 150 332 275 450
D00 0.0296 485 524 536 600
D00 0.0295 342 324 378 360
D00 0.0295 427 515 458 557
D00 0.0292 354 423 429 535
D00 0.0291 554 409 600 541
D00 0.0289 229 450 261 487
D00 0.0289 216 480 244 529
D00 0.0288 338 321 382 345
D00 0.0287 379 457 418 492
D00 0.0286 194 458 239 517
D00 0.0285 173 425 213 467
D00 0.0284 93 417 149 490
D00 0.0283 103 430 228 600
D00 0.0282 61 345 209 437
D00 0.0278 149 337 216 369
D00 0.0278 101 447 133 486
D00 0.0276 415 521 486 555
D00 0.0275 225 471 265 564
D00 0.0275 143 326 254 376
D00 0.0273 538 408 595 486
D00 0.0272 481 479 555 584
D00 0.0271 508 357 600 582
D00 0.0268 120 343 239 441
D00 0.0263 170 502 195 554
D00 0.0262 106 431 199 463
D00 0.0262 100 411 175 471
D00 0.0262 189 424 228 486
D00 0.0260 219 443 274 541
D00 0.0259 193 346 247 390
D00 0.0257 192 473 251 532
D00 0.0255 498 489 543 527
D00 0.0254 568 541 600 600
D00 0.0254 219 477 262 506
D00 0.0252 158 352 241 484
D00 0.0252 175 338 227 366
D00 0.0252 85 528 130 600
D00 0.0252 495 532 566 600
D00 0.0252 442 462 503 488
D00 0.0251 190 342 233 379
D00 0.0251 487 470 586 519
D00 0.0250 500 408 591 467
D00 0.0250 162 488 203 563
D00 0.0247 202 568 237 600
D00 0.0247 141 425 218 522
D00 0.0247 361 461 417 561
D00 0.0247 448 378 514 435
D00 0.0245 382 476 450 509
D00 0.0244 178 326 283 411
D00 0.0244 321 327 346 374
D00 0.0243 165 362 293 528
D00 0.0242 43 375 247 599
D00 0.0241 428 377 578 438
D00 0.0241 59 343 164 390
D00 0.0239 73 351 126 377
D00 0.0239 199 527 241 600
D00 0.0238 216 413 277 510
D00 0.0237 564 454 600 532
D00 0.0235 81 435 141 459
D00 0.0234 97 328 222 375
D00 0.0233 44 412 142 474
D00 0.0233 166 346 220 372
D00 0.0232 219 492 257 581
D00 0.0232 329 327 357 373
D00 0.0232 530 454 593 494
D00 0.0232 512 544 590 600
D00 0.0231 421 397 539 496
D00 0.0230 120 339 192 367
D00 0.0229 167 473 229 585
D00 0.0229 567 470 599 510
D00 0.0229 549 450 585 500
D00 0.0225 61 460 128 481
D00 0.0225 103 348 164 373
D00 0.0224 337 321 367 367
D00 0.0222 448 449 552 516
D00 0.0221 334 316 388 370
D00 0.0221 174 410 212 446
D00 0.0221 185 356 239 384
D00 0.0215 87 441 163 585
D00 0.0215 154 444 195 480
D00 0.0215 112 442 191 469
D00 0.0215 405 389 555 454
D00 0.0215 87 438 138 498
D00 0.0214 386 492 450 528
D00 0.0214 366 429 417 507
D00 0.0211 49 454 119 475
D00 0.0210 362 389 443 503
D00 0.0210 73 355 184 408
D00 0.0208 352 330 402 356
D00 0.0208 393 456 439 488
D00 0.0208 530 569 600 600
D00 0.0207 350 332 387 369
D00 0.0207 178 571 245 600
D00 0.0206 441 501 563 564
D00 0.0206 106 421 187 453
D00 0.0205 97 341 185 380
D00 0.0204 57 547 125 600
D00 0.0204 179 494 203 545
D00 0.0203 81 573 133 598
D00 0.0203 347 447 438 595
D00 0.0203 393 488 446 561
D00 0.0202 391 435 446 482
D00 0.0202 468 485 541 550
D00 0.0202 88 312 286 541
D00 0.0201 504 515 583 581
D00 0.0201 470 515 520 599
D00 0.0199 84 421 168 525
D00 0.0197 145 457 213 568
D00 0.0196 422 505 500 560
D00 0.0196 151 338 216 399
D00 0.0196 174 347 255 421
D00 0.0194 375 473 411 537
D00 0.0194 323 372 489 511
D00 0.0194 85 360 154 394
D00 0.0194 370 443 507 596
D00 0.0193 403 503 450 541
D00 0.0193 379 374 529 436
D00 0.0192 386 448 429 483
D00 0.0190 177 437 209 484
D00 0.0190 459 454 489 496
D00 0.0190 359 349 419 410
D00 0.0189 326 317 361 350
D00 0.0189 434 470 528 587
D00 0.0189 540 411 594 443
D00 0.0189 488 471 534 520
D00 0.0188 200 335 240 371
D00 0.0188 162 418 209 456
D00 0.0188 115 417 198 499
D00 0.0186 454 395 548 438
D00 0.0185 29 352 159 415
D00 0.0184 233 480 258 535
D00 0.0183 143 442 207 469
D00 0.0183 330 312 374 336
D00 0.0183 149 431 198 504
D00 0.0183 318 321 373 376
D00 0.0182 76 368 171 446
D00 0.0182 227 500 250 559
D00 0.0182 229 468 275 497
D00 0.0181 341 460 429 508
D00 0.0180 240 462 270 530
D00 0.0180 464 424 572 504
D00 0.0179 455 403 509 432
D00 0.0176 142 389 218 482
D00 0.0176 398 486 429 537
D00 0.0176 496 381 594 432
D00 0.0175 166 331 218 357
D00 0.0175 173 476 288 600
D00 0.0175 215 378 315 418
D00 0.0175 122 439 194 548
D00 0.0174 95 377 223 432
D00 0.0173 195 362 262 394
D00 0.0172 84 421 152 452
D00 0.0171 74 500 177 596
D00 0.0170 436 511 466 554
D00 0.0170 362 323 600 544
D00 0.0170 20 436 161 553
D00 0.0169 180 338 360 471
D00 0.0169 286 400 455 541
D00 0.0169 204 553 251 599
D00 0.0168 180 320 242 374
D00 0.0168 442 450 486 484
D00 0.0167 89 557 125 598
D00 0.0167 406 527 465 562
D00 0.0167 85 386 158 473
D00 0.0167 133 448 192 491
D00 0.0166 201 348 254 375
D00 0.0166 556 409 600 459
D00 0.0166 562 391 600 496
D00 0.0166 420 510 467 593
D00 0.0165 382 422 435 493
D00 0.0165 454 444 510 510
D00 0.0165 348 330 408 389
D00 0.0165 332 326 433 412
D00 0.0165 222 456 285 494
D00 0.0165 397 470 429 516
D00 0.0165 40 361 153 457
D00 0.0164 362 368 431 422
D00 0.0164 360 339 414 363
D00 0.0164 181 332 223 387
D00 0.0164 254 319 278 361
D00 0.0163 183 401 216 435
D00 0.0162 0 458 39 535
D00 0.0161 96 341 156 366
D00 0.0161 1 474 27 524
D00 0.0161 170 487 219 537
D00 0.0161 563 499 600 596
D00 0.0160 465 463 499 504
D00 0.0160 203 350 271 405
D00 0.0159 159 447 210 535
D00 0.0159 79 462 142 494
D00 0.0159 214 339 244 384
D00 0.0158 415 437 472 481
D00 0.0158 377 494 433 591
D00 0.0158 380 495 423 523
D00 0.0158 369 371 408 407
D00 0.0157 339 323 416 363
D00 0.0156 253 300 279 342
D00 0.0156 351 322 401 346
D00 0.0156 76 362 135 408
D00 0.0155 157 401 306 600
D00 0.0153 215 511 245 588
D00 0.0153 186 330 236 355
D00 0.0153 209 377 336 557
D00 0.0153 123 291 333 465
D00 0.0153 324 328 366 356
D00 0.0153 471 551 555 600
D00 0.0152 110 424 156 479
D00 0.0152 159 422 192 472
D00 0.0152 354 316 383 356
D00 0.0152 133 348 198 408
D00 0.0152 226 367 410 504
D00 0.0151 183 467 224 529
D00 0.0151 333 340 370 376
D00 0.0151 461 388 505 428
D00 0.0151 235 500 258 559
D00 0.0150 569 449 598 502
D00 0.0150 195 549 230 600
D00 0.0150 443 472 517 525
D00 0.0150 0 408 185 587
D00 0.0149 176 353 229 400
D00 0.0149 351 483 433 533
D00 0.0149 437 426 505 492
D00 0.0149 559 574 600 599
D00 0.0148 78 455 140 518
D00 0.0148 209 317 288 384
D00 0.0148 43 439 123 470
D00 0.0148 66 564 150 600
D00 0.0147 370 339 406 403
D00 0.0147 81 354 114 391
D00 0.0147 210 432 251 493
D00 0.0147 375 443 404 492
D00 0.0147 147 510 198 561
D00 0.0146 102 356 162 382
D00 0.0146 2 428 51 519
D00 0.0146 97 450 170 503
D00 0.0146 187 446 220 496
D00 0.0145 504 476 548 514
D00 0.0145 247 386 306 414
D00 0.0145 131 415 202 461
D00 0.0144 172 350 213 387
D00 0.0144 207 319 255 342
D00 0.0144 507 499 550 539
D00 0.0144 169 372 217 447
D00 0.0144 487 531 516 587
D00 0.0143 33 504 142 597
D00 0.0143 154 398 214 443
D00 0.0143 144 432 208 459
D00 0.0142 555 400 598 438
D00 0.0142 408 449 508 551
D00 0.0142 43 454 176 526
D00 0.0142 225 495 275 596
D00 0.0141 71 568 112 600
D00 0.0141 140 373 208 406
D00 0.0141 469 466 516 514
D00 0.0141 313 319 336 367
D00 0.0141 343 339 454 393
D00 0.0140 464 337 600 480
D00 0.0140 404 359 546 422
D00 0.0140 109 478 171 585
D00 0.0140 90 545 158 600
D00 0.0140 147 358 216 416
D00 0.0140 84 445 117 483
D00 0.0139 94 454 124 498
D00 0.0139 186 368 270 438
D00 0.0138 472 443 526 521
D00 0.0138 335 435 410 552
D00 0.0138 472 407 511 440
D00 0.0138 397 413 520 472
D00 0.0137 17 441 110 500
D00 0.0137 538 357 600 471
D00 0.0137 330 403 414 513
D00 0.0137 146 332 202 357
D00 0.0137 386 489 413 544
D00 0.0137 388 514 455 574
D00 0.0136 360 342 397 376
D00 0.0136 95 312 289 416
D00 0.0136 375 341 435 363
D00 0.0136 182 499 249 600
D00 0.0136 240 428 270 496
D00 0.0135 244 329 271 370
D00 0.0135 194 581 246 600
D00 0.0135 205 319 254 364
D00 0.0135 214 355 244 399
D00 0.0135 410 444 442 486
D00 0.0135 0 446 94 542
D00 0.0135 472 384 525 432
D00 0.0135 493 522 551 576
D00 0.0135 0 446 58 578
D00 0.0134 153 305 275 366
D00 0.0134 216 352 257 388
D00 0.0133 309 318 425 381
D00 0.0133 514 400 590 437
D00 0.0133 436 430 528 535
D00 0.0133 243 309 271 351
D00 0.0132 28 453 94 474
D00 0.0132 200 571 280 600
D00 0.0132 433 515 511 577
D00 0.0132 217 335 258 368
D00 0.0132 0 485 34 570
D00 0.0132 561 526 600 575
D00 0.0131 510 503 553 570
D00 0.0131 205 482 242 548
D00 0.0131 206 366 286 491
D00 0.0130 364 439 436 475
D00 0.0129 311 348 360 373
D00 0.0129 152 343 197 375
D00 0.0129 92 428 126 474
D00 0.0129 166 455 228 507
D00 0.0129 47 459 137 499
D00 0.0129 145 425 188 482
D00 0.0128 318 307 350 367
D00 0.0128 216 541 240 596
D00 0.0128 391 350 580 454
D00 0.0128 439 396 512 447
D00 0.0128 366 355 394 403
D00 0.0128 263 310 286 352
D00 0.0127 75 339 141 371
D00 0.0127 371 360 499 412
D00 0.0127 376 380 418 414
D00 0.0127 508 543 550 600
D00 0.0127 404 388 509 427
D00 0.0127 378 385 434 425
D00 0.0127 316 356 519 596
D00 0.0127 402 504 432 552
D00 0.0126 79 479 133 589
D00 0.0126 345 313 390 337
D00 0.0126 278 339 444 469
D00 0.0126 142 351 205 387
D00 0.0126 119 367 198 464
D00 0.0126 369 467 397 515
D00 0.0126 495 540 525 595
D00 0.0125 395 456 453 528
D00 0.0125 498 441 591 492
D00 0.0125 399 425 473 509
D00 0.0125 500 452 555 527
D00 0.0125 460 403 521 458
D00 0.0124 454 381 495 418
D00 0.0124 208 534 272 600
D00 0.0124 119 382 193 413
D00 0.0124 160 497 189 547
D00 0.0123 140 471 189 555
D00 0.0123 377 362 416 399
D00 0.0122 134 343 177 375
D00 0.0122 5 459 51 505
D00 0.0122 259 380 383 558
D00 0.0122 510 562 567 600
D00 0.0122 345 347 392 372
D00 0.0121 355 441 412 490
D00 0.0121 115 498 181 562
D00 0.0121 1 492 26 545
D00 0.0121 7 341 146 397
D00 0.0121 128 333 184 356
D00 0.0121 343 346 524 477
D00 0.0121 376 395 502 446
D00 0.0121 88 357 125 397
D00 0.0120 218 307 260 337
D00 0.0120 223 414 256 487
D00 0.0120 170 537 237 600
D00 0.0120 362 323 393 364
D00 0.0120 0 430 31 498
D00 0.0120 247 575 306 598
D00 0.0120 230 353 299 413
D00 0.0119 476 562 530 600
D00 0.0119 152 314 381 411
D00 0.0119 534 517 596 567
D00 0.0119 176 334 208 375
D00 0.0118 360 469 412 497
D00 0.0118 353 378 418 471
D00 0.0118 450 531 534 586
D00 0.0118 490 493 534 563
D00 0.0118 150 503 216 539
D00 0.0118 582 548 600 599
D00 0.0117 566 390 600 450
D00 0.0117 176 387 224 433
D00 0.0117 364 344 431 374
D00 0.0117 166 494 202 531
D00 0.0117 336 308 366 347
D00 0.0116 113 468 176 538
D00 0.0116 234 548 301 600
D00 0.0116 150 447 180 491
D00 0.0116 406 492 504 538
D00 0.0116 240 492 270 567
D00 0.0116 494 573 549 599
D00 0.0115 359 329 429 359
D00 0.0115 84 543 114 598
D00 0.0115 441 514 484 549
D00 0.0115 383 433 413 483
D00 0.0115 461 359 593 426
D00 0.0115 550 551 586 598
D00 0.0115 159 511 204 597
D00 0.0114 429 531 499 598
D00 0.0114 231 302 274 328
D00 0.0114 294 576 354 598
D00 0.0114 386 349 445 371
D00 0.0114 230 511 262 581
D00 0.0114 403 522 450 600
D00 0.0114 156 455 191 527
D00 0.0114 20 566 124 600
D00 0.0113 220 449 311 600
D00 0.0112 95 510 140 593
D00 0.0112 443 362 518 464
D00 0.0112 431 506 473 541
D00 0.0112 110 372 180 405
D00 0.0112 104 491 151 569
D00 0.0112 71 359 105 396
D00 0.0112 121 362 188 398
D00 0.0112 417 480 470 559
D00 0.0111 234 330 262 372
D00 0.0111 80 336 134 396
D00 0.0111 192 490 235 524
D00 0.0111 170 518 194 571
D00 0.0111 48 448 129 585
D00 0.0111 463 385 516 411
D00 0.0110 533 394 598 427
D00 0.0110 514 505 580 558
D00 0.0110 325 302 379 353
D00 0.0110 179 475 206 529
D00 0.0110 313 331 391 401
D00 0.0110 313 321 359 343
D00 0.0110 75 331 162 427
D00 0.0109 386 372 426 407
D00 0.0109 476 541 512 600
D00 0.0109 221 531 253 600
D00 0.0109 556 428 600 483
D00 0.0109 160 315 241 408
D00 0.0109 577 456 600 519
D00 0.0108 116 346 173 391
D00 0.0108 323 479 421 579
D00 0.0108 128 488 162 557
D00 0.0107 252 457 277 503
D00 0.0107 139 500 219 600
D00 0.0107 0 365 61 481
D00 0.0107 543 430 577 483
D00 0.0107 3 364 133 513
D00 0.0107 467 445 497 493
D00 0.0106 432 362 500 421
D00 0.0106 412 520 443 566
D00 0.0106 467 413 514 503
D00 0.0106 367 450 397 500
D00 0.0106 63 349 117 406
D00 0.0106 237 432 294 521
D00 0.0105 182 319 243 348
D00 0.0105 373 401 423 480
D00 0.0105 156 324 377 567
D00 0.0104 174 289 289 388
D00 0.0104 20 373 112 476
D00 0.0104 499 556 541 596
D00 0.0104 377 534 441 599
D00 0.0103 196 403 238 476
D00 0.0103 123 457 183 501
D00 0.0103 359 495 414 591
D00 0.0103 163 347 203 407
D00 0.0103 401 416 451 491
D00 0.0102 0 548 68 600
D00 0.0102 427 529 477 580
D00 0.0102 143 385 206 429
D00 0.0102 217 367 277 409
D00 0.0102 97 351 133 390
D00 0.0102 217 341 281 426
D00 0.0102 174 502 224 552
D00 0.0102 336 341 400 430
D00 0.0102 0 468 69 514
D00 0.0102 331 418 411 474
D00 0.0102 526 309 600 502
D00 0.0101 393 431 458 464
D00 0.0101 123 435 162 477
D00 0.0101 437 395 498 422
D00 0.0101 570 481 600 560
D00 0.0101 21 461 79 482
D00 0.0101 394 374 487 487
D00 0.0100 526 525 572 593
D00 0.0100 554 480 600 516
D00 0.0100 20 470 106 596
D00 0.0100 312 312 358 334
D00 0.0100 400 486 447 518
D00 0.0100 216 569 256 600
D00 0.0100 0 533 31 598
D10 0.0537 529 539 598 573
D10 0.0483 451 470 583 522
D10 0.0472 548 544 596 567
D10 0.0391 541 431 592 453
D10 0.0391 429 456 571 507
D10 0.0364 96 454 174 485
D10 0.0355 533 420 598 468
D10 0.0349 472 481 584 544
D10 0.0319 381 461 438 484
D10 0.0316 489 482 557 520
D10 0.0314 508 533 600 584
D10 0.0305 471 396 595 444
D10 0.0300 492 501 588 567
D10 0.0295 492 415 593 454
D10 0.0288 443 470 509 494
D10 0.0281 249 389 422 446
D10 0.0279 202 372 376 429
D10 0.0277 550 550 595 581
D10 0.0267 385 470 447 493
D10 0.0259 190 487 244 513
D10 0.0244 157 453 238 487
D10 0.0242 404 524 457 550
D10 0.0240 185 381 394 454
D10 0.0238 525 424 586 447
D10 0.0237 167 413 214 437
D10 0.0237 166 406 216 428
D10 0.0236 505 530 582 565
D10 0.0236 146 464 244 521
D10 0.0235 438 403 521 442
D10 0.0235 503 492 584 527
D10 0.0235 187 377 305 422
D10 0.0227 373 452 429 477
D10 0.0225 543 439 590 464
D10 0.0223 351 401 427 431
D10 0.0220 454 430 584 494
D10 0.0219 102 464 180 493
D10 0.0217 502 474 600 524
D10 0.0214 386 480 443 504
D10 0.0214 438 475 519 505
D10 0.0210 559 537 600 562
D10 0.0210 344 433 447 488
D10 0.0206 464 410 537 440
D10 0.0205 281 405 434 470
D10 0.0204 467 521 576 585
D10 0.0202 186 496 241 521
D10 0.0202 413 434 544 492
D10 0.0200 538 574 596 598
D10 0.0199 455 410 585 467
D10 0.0199 262 379 402 428
D10 0.0198 159 376 259 425
D10 0.0198 181 405 237 427
D10 0.0196 454 413 511 436
D10 0.0196 172 393 271 445
D10 0.0193 220 395 357 438
D10 0.0193 33 453 133 487
D10 0.0192 238 387 337 422
D10 0.0191 332 395 443 447
D10 0.0190 475 419 570 447
D10 0.0190 514 503 593 536
D10 0.0190 551 561 596 595
D10 0.0188 130 460 193 483
D10 0.0187 134 411 215 443
D10 0.0187 247 340 301 361
D10 0.0184 525 521 594 562
D10 0.0184 341 411 420 441
D10 0.0183 385 486 460 517
D10 0.0183 505 428 586 458
D10 0.0183 395 517 450 544
D10 0.0182 179 468 240 495
D10 0.0181 170 484 252 528
D10 0.0180 175 397 227 420
D10 0.0179 418 532 467 559
D10 0.0179 156 421 211 449
D10 0.0178 376 405 435 427
D10 0.0178 174 473 247 511
D10 0.0177 176 356 283 409
D10 0.0175 368 395 427 420
D10 0.0175 183 394 258 424
D10 0.0173 368 414 427 435
D10 0.0172 202 366 255 391
D10 0.0169 116 377 233 430
D10 0.0169 496 538 569 575
D10 0.0168 98 468 154 490
D10 0.0168 395 498 453 523
D10 0.0168 330 377 440 428
D10 0.0166 203 359 329 412
D10 0.0165 523 557 598 598
D10 0.0164 218 391 299 421
D10 0.0163 511 544 574 567
D10 0.0162 497 520 570 558
D10 0.0162 569 544 600 569
D10 0.0161 555 421 600 449
D10 0.0160 391 476 476 504
D10 0.0158 407 397 511 434
D10 0.0155 111 530 186 564
D10 0.0155 460 463 518 489
D10 0.0154 49 461 119 481
D10 0.0154 503 479 569 507
D10 0.0153 202 376 257 399
D10 0.0153 477 472 536 500
D10 0.0153 220 486 263 511
D10 0.0151 169 499 222 523
D10 0.0149 511 488 580 513
D10 0.0149 514 429 593 481
D10 0.0149 210 373 287 405
D10 0.0149 393 506 446 535
D10 0.0148 345 390 421 423
D10 0.0148 443 453 499 480
D10 0.0148 168 507 217 533
D10 0.0147 204 382 278 414
D10 0.0147 148 515 198 544
D10 0.0147 376 392 453 422
D10 0.0147 90 523 199 584
D10 0.0147 156 392 223 425
D10 0.0147 549 450 592 477
D10 0.0145 458 417 522 447
D10 0.0145 299 408 405 448
D10 0.0144 465 575 523 598
D10 0.0143 136 524 192 552
D10 0.0143 228 348 281 370
D10 0.0143 327 451 432 504
D10 0.0142 378 521 451 554
D10 0.0142 255 400 338 427
D10 0.0142 500 465 582 503
D10 0.0141 181 412 234 436
D10 0.0141 128 433 202 458
D10 0.0140 320 416 421 459
D10 0.0140 510 511 585 550
D10 0.0140 210 396 269 419
D10 0.0140 435 567 535 600
D10 0.0139 523 498 589 521
D10 0.0139 354 439 427 473
D10 0.0139 153 385 210 409
D10 0.0139 0 556 95 598
D10 0.0138 482 415 560 437
D10 0.0138 270 398 374 436
D10 0.0137 147 463 226 497
D10 0.0137 113 458 207 502
D10 0.0137 494 535 552 559
D10 0.0137 209 348 263 373
D10 0.0136 400 490 466 510
D10 0.0136 133 469 191 491
D10 0.0136 209 357 263 384
D10 0.0136 193 386 249 410
D10 0.0136 129 484 233 543
D10 0.0135 444 576 505 598
D10 0.0134 0 550 68 584
D10 0.0133 479 529 546 566
D10 0.0133 174 386 228 410
D10 0.0132 521 552 583 580
D10 0.0132 419 479 493 500
D10 0.0130 22 457 103 484
D10 0.0130 524 413 585 441
D10 0.0130 361 385 417 410
D10 0.0129 380 521 478 580
D10 0.0129 177 371 247 403
D10 0.0129 169 489 226 513
D10 0.0128 119 543 231 596
D10 0.0128 111 504 216 564
D10 0.0128 436 405 500 429
D10 0.0128 252 569 357 600
D10 0.0127 543 479 599 516
D10 0.0127 507 506 565 532
D10 0.0127 216 368 275 392
D10 0.0127 166 515 214 542
D10 0.0126 253 395 318 419
D10 0.0126 159 496 250 542
D10 0.0125 157 524 203 551
D10 0.0125 189 410 288 470
D10 0.0124 184 506 239 531
D10 0.0124 147 372 215 406
D10 0.0124 0 571 71 600
D10 0.0124 319 402 407 432
D10 0.0123 228 478 276 504
D10 0.0123 48 365 112 394
D10 0.0122 241 474 355 509
D10 0.0122 354 451 412 476
D10 0.0122 535 508 592 529
D10 0.0122 0 564 49 592
D10 0.0121 247 348 302 368
D10 0.0121 529 477 591 505
D10 0.0121 241 359 377 413
D10 0.0120 142 395 206 419
D10 0.0120 394 483 494 525
D10 0.0119 300 432 416 484
D10 0.0119 145 534 197 560
D10 0.0119 222 445 266 468
D10 0.0119 570 552 600 580
D10 0.0118 495 526 552 551
D10 0.0118 54 519 145 564
D10 0.0117 312 420 393 452
D10 0.0117 78 526 164 575
D10 0.0117 377 348 436 370
D10 0.0117 141 503 207 540
D10 0.0116 471 558 538 597
D10 0.0116 215 548 328 595
D10 0.0116 485 573 541 598
D10 0.0115 125 544 184 567
D10 0.0115 419 410 498 438
D10 0.0114 168 479 229 504
D10 0.0114 394 534 448 559
D10 0.0114 214 495 254 520
D10 0.0114 489 547 554 587
D10 0.0113 299 348 353 372
D10 0.0113 130 406 201 429
D10 0.0113 103 539 173 572
D10 0.0113 341 428 417 464
D10 0.0113 20 572 105 600
D10 0.0113 386 402 466 429
D10 0.0113 360 487 412 514
D10 0.0112 0 536 93 582
D10 0.0112 284 576 346 598
D10 0.0112 103 535 154 559
D10 0.0111 308 357 362 378
D10 0.0111 415 532 514 580
D10 0.0111 489 509 556 548
D10 0.0111 294 573 371 600
D10 0.0111 381 442 437 470
D10 0.0110 0 544 46 570
D10 0.0110 405 496 480 528
D10 0.0110 510 563 569 594
D10 0.0110 146 557 246 599
D10 0.0109 33 529 127 574
D10 0.0109 370 495 417 523
D10 0.0109 417 573 496 600
D10 0.0108 338 485 431 532
D10 0.0108 344 532 419 564
D10 0.0107 276 559 376 598
D10 0.0107 354 526 451 570
D10 0.0106 369 511 439 546
D10 0.0106 385 387 444 412
D10 0.0106 112 525 164 554
D10 0.0106 207 405 366 471
D10 0.0105 487 543 537 570
D10 0.0105 346 504 443 561
D10 0.0105 264 340 326 361
D10 0.0105 359 423 418 447
D10 0.0104 379 506 426 532
D10 0.0104 562 486 600 512
D10 0.0104 402 397 471 420
D10 0.0103 0 554 38 579
D10 0.0103 267 482 363 518
D10 0.0103 143 522 239 585
D10 0.0103 426 485 509 514
D10 0.0103 181 421 232 447
D10 0.0103 183 547 283 596
D10 0.0102 328 415 396 438
D10 0.0102 358 460 412 487
D10 0.0101 431 534 492 560
D10 0.0101 79 506 178 564
D10 0.0101 12 467 127 517
D10 0.0101 325 437 405 469
D10 0.0101 495 562 547 594
D10 0.0101 72 527 126 550
D10 0.0101 93 571 173 600
D10 0.0101 43 524 119 555
D10 0.0101 177 565 232 593
D10 0.0101 478 534 527 560
D10 0.0100 149 499 202 524
D10 0.0100 446 422 504 444
D10 0.0100 435 583 494 600
D20 0.1628 78 413 254 507
D20 0.1162 66 394 579 576
D20 0.0985 361 432 591 577
D20 0.0933 461 462 597 594
D20 0.0917 371 457 564 541
D20 0.0833 73 384 239 478
D20 0.0774 45 366 334 526
D20 0.0766 423 437 600 534
D20 0.0736 362 423 535 510
D20 0.0735 96 435 194 478
D20 0.0715 110 423 253 560
D20 0.0706 162 424 255 526
D20 0.0703 109 429 243 488
D20 0.0695 381 484 558 580
D20 0.0648 139 368 264 503
D20 0.0608 31 401 297 583
D20 0.0607 25 406 206 481
D20 0.0560 169 412 229 481
D20 0.0558 379 445 472 487
D20 0.0548 324 372 597 546
D20 0.0536 457 473 545 515
D20 0.0487 193 456 260 511
D20 0.0466 378 454 513 503
D20 0.0461 139 446 245 504
D20 0.0443 341 389 476 504
D20 0.0437 9 345 416 594
D20 0.0436 5 429 158 485
D20 0.0424 389 470 539 522
D20 0.0419 97 397 424 539
D20 0.0405 435 396 600 501
D20 0.0402 229 449 600 600
D20 0.0395 139 421 221 474
D20 0.0394 370 439 482 525
D20 0.0392 72 332 451 492
D20 0.0391 87 348 286 464
D20 0.0390 395 510 470 553
D20 0.0380 160 413 315 512
D20 0.0372 440 463 531 504
D20 0.0370 96 460 231 593
D20 0.0369 383 468 504 561
D20 0.0369 101 417 195 461
D20 0.0366 251 361 445 444
D20 0.0359 91 450 189 489
D20 0.0342 334 364 510 450
D20 0.0331 128 380 394 488
D20 0.0330 408 517 498 559
D20 0.0327 435 374 600 452
D20 0.0325 410 447 508 489
D20 0.0324 174 475 254 520
D20 0.0324 436 485 568 541
D20 0.0323 111 397 235 455
D20 0.0322 163 343 336 426
D20 0.0321 409 517 591 600
D20 0.0312 197 404 529 541
D20 0.0311 496 515 600 600
D20 0.0311 523 550 600 600
D20 0.0309 0 338 266 492
D20 0.0308 152 452 261 598
D20 0.0291 151 443 291 542
D20 0.0291 528 402 600 452
D20 0.0284 192 429 285 523
D20 0.0283 90 443 472 600
D20 0.0281 545 406 599 485
D20 0.0278 363 383 543 472
D20 0.0275 99 370 240 444
D20 0.0274 186 340 269 384
D20 0.0269 185 402 265 487
D20 0.0267 306 342 463 431
D20 0.0265 17 165 600 591
D20 0.0264 264 396 450 479
D20 0.0262 188 328 386 409
D20 0.0260 202 331 287 371
D20 0.0258 168 405 216 457
D20 0.0255 217 336 580 495
D20 0.0255 551 523 600 600
D20 0.0255 46 436 142 475
D20 0.0255 171 388 253 466
D20 0.0251 240 331 288 355
D20 0.0249 174 366 308 491
D20 0.0248 331 377 444 471
D20 0.0247 0 400 223 527
D20 0.0247 70 520 246 600
D20 0.0242 13 435 212 600
D20 0.0240 278 323 541 590
D20 0.0239 220 322 309 360
D20 0.0238 297 433 462 523
D20 0.0237 351 480 473 597
D20 0.0236 230 340 281 362
D20 0.0233 390 494 496 591
D20 0.0231 355 434 447 483
D20 0.0228 0 506 161 599
D20 0.0222 106 388 202 428
D20 0.0217 9 450 136 495
D20 0.0213 17 15 600 441
D20 0.0212 221 310 269 334
D20 0.0212 162 368 290 435
D20 0.0212 344 353 491 419
D20 0.0211 417 503 547 563
D20 0.0208 232 320 279 361
D20 0.0206 2 447 173 540
D20 0.0204 375 471 470 513
D20 0.0204 173 397 266 438
D20 0.0203 202 425 256 501
D20 0.0203 141 446 394 562
D20 0.0202 186 356 270 399
D20 0.0201 290 466 465 562
D20 0.0201 179 383 221 463
D20 0.0200 20 445 124 479
D20 0.0198 453 316 600 600
D20 0.0198 170 313 327 394
D20 0.0197 248 334 282 365
D20 0.0197 240 320 286 344
D20 0.0197 122 442 199 496
D20 0.0195 208 459 299 505
D20 0.0194 12 287 237 577
D20 0.0194 235 304 291 356
D20 0.0192 132 470 249 553
D20 0.0191 230 314 323 350
D20 0.0191 0 0 408 294
D20 0.0191 125 355 320 600
D20 0.0191 543 467 600 600
D20 0.0189 247 327 323 356
D20 0.0189 251 321 296 359
D20 0.0187 167 0 600 294
D20 0.0185 444 438 513 500
D20 0.0185 353 376 441 418
D20 0.0185 346 248 600 600
D20 0.0184 215 314 274 346
D20 0.0184 366 414 482 473
D20 0.0183 239 336 311 364
D20 0.0182 335 334 466 400
D20 0.0182 318 327 390 374
D20 0.0181 121 506 210 555
D20 0.0181 221 330 271 354
D20 0.0181 515 511 597 570
D20 0.0180 419 523 522 572
D20 0.0180 240 311 285 334
D20 0.0177 247 485 493 588
D20 0.0177 0 452 40 524
D20 0.0176 467 541 576 596
D20 0.0174 192 457 304 598
D20 0.0174 490 396 590 440
D20 0.0174 88 452 218 532
D20 0.0174 0 118 290 600
D20 0.0173 322 414 433 504
D20 0.0172 257 321 311 344
D20 0.0170 335 385 430 427
D20 0.0170 207 313 269 367
D20 0.0169 257 315 289 348
D20 0.0169 120 377 211 417
D20 0.0169 179 438 386 518
D20 0.0164 126 483 339 592
D20 0.0162 207 369 304 411
D20 0.0162 0 431 97 514
D20 0.0162 34 537 178 600
D20 0.0160 0 450 111 581
D20 0.0158 365 388 464 425
D20 0.0157 245 316 286 382
D20 0.0156 158 380 224 439
D20 0.0156 109 524 205 569
D20 0.0156 186 422 245 475
D20 0.0156 231 300 276 341
D20 0.0154 85 543 199 596
D20 0.0154 321 397 426 438
D20 0.0154 151 457 223 528
D20 0.0152 149 355 236 402
D20 0.0152 353 334 438 371
D20 0.0151 340 451 429 499
D20 0.0150 211 318 361 380
D20 0.0150 76 471 172 600
D20 0.0150 0 527 45 600
D20 0.0149 254 0 600 600
D20 0.0149 75 303 313 437
D20 0.0149 207 353 370 443
D20 0.0148 243 380 346 420
D20 0.0148 211 340 264 363
D20 0.0147 573 532 600 600
D20 0.0146 151 489 248 536
D20 0.0146 370 343 460 378
D20 0.0145 137 490 222 573
D20 0.0145 194 460 330 524
D20 0.0144 282 332 415 400
D20 0.0143 330 424 424 471
D20 0.0143 51 354 128 391
D20 0.0143 72 564 160 600
D20 0.0142 175 408 242 442
D20 0.0141 241 333 355 366
D20 0.0140 378 523 467 568
D20 0.0140 559 389 600 459
D20 0.0138 231 456 445 539
D20 0.0138 9 545 129 597
D20 0.0136 314 378 415 419
D20 0.0135 199 508 387 595
D20 0.0135 202 416 421 500
D20 0.0135 352 415 441 461
D20 0.0134 322 520 497 600
D20 0.0134 277 331 376 372
D20 0.0134 360 396 482 446
D20 0.0132 220 341 287 400
D20 0.0129 99 511 182 589
D20 0.0128 416 441 488 475
D20 0.0128 168 365 256 408
D20 0.0126 454 0 600 220
D20 0.0126 410 433 508 533
D20 0.0126 0 0 146 224
D20 0.0125 199 325 260 357
D20 0.0125 364 358 450 404
D20 0.0124 325 470 427 514
D20 0.0124 46 233 337 499
D20 0.0123 3 464 37 502
D20 0.0123 382 0 600 146
D20 0.0122 160 306 448 427
D20 0.0122 0 421 36 505
D20 0.0120 195 320 299 446
D20 0.0119 0 381 141 482
D20 0.0119 212 326 262 395
D20 0.0119 297 334 409 462
D20 0.0119 293 357 409 413
D20 0.0117 146 394 208 468
D20 0.0117 400 432 454 493
D20 0.0116 469 387 571 430
D20 0.0115 251 302 294 342
D20 0.0115 362 369 417 437
D20 0.0115 269 378 398 453
D20 0.0115 388 350 481 386
D20 0.0113 0 496 34 577
D20 0.0113 258 313 309 335
D20 0.0112 230 323 266 378
D20 0.0111 196 369 265 423
D20 0.0111 137 505 191 579
D20 0.0111 288 390 400 429
D20 0.0110 218 541 364 599
D20 0.0110 209 353 279 387
D20 0.0109 413 464 499 513
D20 0.0109 382 380 493 419
D20 0.0109 144 525 328 600
D20 0.0108 424 541 539 595
D20 0.0108 302 343 370 375
D20 0.0107 253 530 451 600
D20 0.0107 229 344 298 372
D20 0.0107 202 439 286 486
D20 0.0106 223 339 349 394
D20 0.0106 242 333 307 385
D20 0.0106 484 561 586 600
D20 0.0106 267 318 342 346
D20 0.0106 136 529 220 600
D20 0.0106 218 457 354 576
D20 0.0105 284 491 418 598
D20 0.0105 569 582 600 600
D20 0.0105 369 395 426 435
D20 0.0104 363 391 417 464
D20 0.0104 185 372 233 446
D20 0.0103 313 345 395 384
D20 0.0102 0 477 31 506
D20 0.0102 572 401 600 481
D20 0.0101 0 460 67 505
D20 0.0100 238 343 275 374
D40 0.0867 393 453 496 489
D40 0.0820 211 470 247 511
D40 0.0764 84 398 168 436
D40 0.0721 409 460 480 485
D40 0.0718 190 452 250 476
D40 0.0692 98 405 155 428
D40 0.0684 177 444 262 492
D40 0.0581 209 455 251 495
D40 0.0516 1 404 175 481
D40 0.0448 94 406 180 447
D40 0.0444 405 452 466 480
D40 0.0435 182 436 220 475
D40 0.0431 458 477 547 517
D40 0.0424 195 462 253 505
D40 0.0418 187 459 246 483
D40 0.0415 174 439 248 475
D40 0.0402 220 450 256 486
D40 0.0380 9 435 142 480
D40 0.0380 416 469 494 490
D40 0.0378 193 480 251 515
D40 0.0356 69 405 150 448
D40 0.0349 3 416 110 471
D40 0.0334 197 445 252 469
D40 0.0319 70 386 149 431
D40 0.0316 100 389 190 428
D40 0.0313 106 397 164 422
D40 0.0311 164 450 226 476
D40 0.0311 0 417 32 453
D40 0.0303 104 413 167 435
D40 0.0302 195 441 226 490
D40 0.0292 18 360 262 529
D40 0.0284 446 487 532 530
D40 0.0271 197 439 242 501
D40 0.0265 383 465 466 494
D40 0.0262 538 412 596 458
D40 0.0261 442 457 487 489
D40 0.0259 452 476 554 552
D40 0.0258 466 487 532 512
D40 0.0257 438 508 523 555
D40 0.0254 0 406 49 466
D40 0.0251 0 388 126 464
D40 0.0248 116 446 203 481
D40 0.0238 429 449 533 513
D40 0.0237 213 487 247 524
D40 0.0236 81 413 140 437
D40 0.0234 86 401 133 433
D40 0.0229 59 416 143 460
D40 0.0228 2 425 40 463
D40 0.0218 431 449 477 483
D40 0.0215 59 367 114 391
D40 0.0214 540 427 584 459
D40 0.0213 96 393 140 425
D40 0.0211 39 395 155 457
D40 0.0209 119 401 168 432
D40 0.0208 155 441 214 470
D40 0.0207 451 504 519 535
D40 0.0205 14 361 172 457
D40 0.0202 392 439 460 477
D40 0.0201 0 421 60 492
D40 0.0200 176 431 222 461
D40 0.0187 393 471 497 508
D40 0.0185 487 552 575 600
D40 0.0182 133 454 214 487
D40 0.0179 3 423 53 448
D40 0.0176 0 450 106 497
D40 0.0173 190 396 286 434
D40 0.0172 107 454 158 484
D40 0.0170 56 364 131 405
D40 0.0169 203 387 302 424
D40 0.0168 83 376 165 421
D40 0.0168 467 497 528 520
D40 0.0166 461 515 546 567
D40 0.0165 110 397 142 437
D40 0.0160 154 452 193 487
D40 0.0153 215 439 246 486
D40 0.0152 38 424 127 465
D40 0.0152 564 415 600 454
D40 0.0152 70 424 132 447
D40 0.0151 1 466 27 516
D40 0.0150 100 425 156 447
D40 0.0148 12 400 71 483
D40 0.0147 545 435 588 473
D40 0.0147 2 427 28 482
D40 0.0146 100 386 153 450
D40 0.0146 210 404 267 426
D40 0.0145 329 347 376 374
D40 0.0144 441 484 518 514
D40 0.0143 324 433 420 477
D40 0.0142 556 420 591 469
D40 0.0141 213 480 270 515
D40 0.0141 415 444 472 470
D40 0.0141 419 450 451 489
D40 0.0140 22 262 394 466
D40 0.0139 64 373 120 398
D40 0.0138 183 462 230 500
D40 0.0137 0 403 92 507
D40 0.0137 509 574 569 599
D40 0.0136 456 517 510 541
D40 0.0133 121 402 208 433
D40 0.0131 566 399 600 438
D40 0.0129 0 395 81 453
D40 0.0128 61 433 123 457
D40 0.0128 117 415 192 437
D40 0.0128 122 396 187 419
D40 0.0126 194 428 239 467
D40 0.0125 562 536 593 585
D40 0.0125 306 424 404 465
D40 0.0124 429 518 492 543
D40 0.0121 531 419 577 451
D40 0.0120 408 439 464 498
D40 0.0120 464 492 507 525
D40 0.0119 267 390 374 428
D40 0.0117 200 423 254 476
D40 0.0117 110 383 182 414
D40 0.0116 473 520 513 559
D40 0.0116 32 439 112 470
D40 0.0115 21 374 132 432
D40 0.0115 188 401 226 434
D40 0.0115 482 529 521 568
D40 0.0114 0 455 30 493
D40 0.0114 67 414 122 441
D40 0.0113 75 396 130 420
D40 0.0112 423 506 501 539
D40 0.0111 415 491 513 535
D40 0.0111 55 424 111 449
D40 0.0111 469 511 538 546
D40 0.0109 316 451 420 496
D40 0.0108 1 393 27 444
D40 0.0108 0 435 50 473
D40 0.0107 6 459 34 507
D40 0.0106 0 354 73 491
D40 0.0106 219 391 258 422
D40 0.0105 101 405 134 448
D40 0.0105 360 395 420 436
D40 0.0103 188 260 574 468
D40 0.0103 397 351 488 386
D40 0.0102 534 389 600 436
D40 0.0101 446 529 517 567
D40 0.0101 397 347 470 375
D40 0.0101 74 379 138 415
D40 0.0101 425 442 483 498
D40 0.0100 0 440 35 467
D40 0.0100 59 202 600 545
