D00 0.0764 236 378 345 420
D00 0.0635 272 380 336 415
D00 0.0505 273 353 346 418
D00 0.0496 204 357 348 422
D00 0.0431 288 365 339 412
D00 0.0415 85 351 110 406
D00 0.0412 319 344 343 398
D00 0.0411 304 331 343 412
D00 0.0384 77 335 115 414
D00 0.0370 310 354 337 406
D00 0.0367 220 393 330 437
D00 0.0348 191 399 271 552
D00 0.0331 198 379 343 452
D00 0.0325 254 315 353 419
D00 0.0323 259 366 375 425
D00 0.0315 547 180 596 285
D00 0.0293 77 346 103 400
D00 0.0291 566 191 600 284
D00 0.0276 222 363 333 556
D00 0.0269 246 360 356 458
D00 0.0266 189 442 242 548
D00 0.0265 206 423 260 535
D00 0.0262 144 433 250 557
D00 0.0256 141 344 334 434
D00 0.0247 424 327 594 600
D00 0.0244 198 385 309 506
D00 0.0240 245 400 316 431
D00 0.0239 169 339 372 567
D00 0.0235 286 278 359 429
D00 0.0231 573 200 598 257
D00 0.0229 320 197 372 305
D00 0.0228 257 336 368 519
D00 0.0223 290 196 365 363
D00 0.0222 283 335 357 405
D00 0.0214 261 234 372 418
D00 0.0212 574 218 598 278
D00 0.0209 181 318 357 470
D00 0.0207 492 372 596 575
D00 0.0207 305 212 354 323
D00 0.0206 558 193 597 247
D00 0.0204 307 173 384 322
D00 0.0203 68 359 110 411
D00 0.0201 171 459 224 558
D00 0.0201 217 275 387 443
D00 0.0201 546 217 596 315
D00 0.0200 299 226 403 420
D00 0.0199 225 404 296 433
D00 0.0196 529 170 582 267
D00 0.0193 223 420 277 533
D00 0.0193 312 327 336 383
D00 0.0192 258 387 324 424
D00 0.0191 137 353 284 567
D00 0.0190 151 369 323 484
D00 0.0186 264 307 434 584
D00 0.0186 82 342 114 380
D00 0.0186 0 305 139 397
D00 0.0186 311 303 348 391
D00 0.0185 308 365 347 395
D00 0.0185 210 414 266 484
D00 0.0182 209 376 310 428
D00 0.0181 0 321 104 431
D00 0.0179 291 357 384 412
D00 0.0176 574 241 598 291
D00 0.0175 303 374 348 402
D00 0.0175 517 160 597 296
D00 0.0175 90 339 141 360
D00 0.0175 281 326 394 431
D00 0.0174 0 307 119 551
D00 0.0174 569 191 599 231
D00 0.0173 174 418 306 572
D00 0.0172 242 398 304 420
D00 0.0171 319 318 343 371
D00 0.0171 336 185 390 287
D00 0.0171 0 392 83 560
D00 0.0171 221 427 255 502
D00 0.0170 264 181 424 449
D00 0.0170 226 405 286 467
D00 0.0169 0 479 42 564
D00 0.0168 503 457 600 600
D00 0.0167 295 331 404 523
D00 0.0167 220 338 336 405
D00 0.0167 212 438 248 511
D00 0.0165 318 323 357 401
D00 0.0165 0 347 215 574
D00 0.0163 405 149 429 199
D00 0.0163 242 383 332 486
D00 0.0161 304 253 350 366
D00 0.0161 552 192 588 230
D00 0.0161 565 525 600 600
D00 0.0160 0 355 53 421
D00 0.0159 219 368 389 482
D00 0.0157 340 213 379 302
D00 0.0156 233 401 301 541
D00 0.0156 453 410 564 589
D00 0.0155 232 413 284 439
D00 0.0154 566 234 600 309
D00 0.0153 341 314 523 593
D00 0.0153 8 354 110 412
D00 0.0152 311 309 335 357
D00 0.0152 56 320 147 407
D00 0.0152 33 337 144 533
D00 0.0151 306 306 370 420
D00 0.0150 0 340 86 488
D00 0.0150 32 334 128 420
D00 0.0148 539 140 600 265
D00 0.0148 161 496 205 576
D00 0.0147 66 256 303 557
D00 0.0147 564 210 591 268
D00 0.0144 278 373 330 443
D00 0.0144 99 455 223 564
D00 0.0142 326 345 351 395
D00 0.0142 560 185 594 222
D00 0.0142 303 295 342 370
D00 0.0142 112 376 234 558
D00 0.0141 273 389 366 440
D00 0.0141 91 344 119 398
D00 0.0140 50 341 108 405
D00 0.0140 34 282 168 386
D00 0.0139 202 449 240 519
D00 0.0138 0 309 51 372
D00 0.0138 312 233 372 380
D00 0.0138 72 328 128 386
D00 0.0137 25 321 134 375
D00 0.0137 413 372 529 569
D00 0.0136 397 141 435 220
D00 0.0136 175 463 252 530
D00 0.0135 77 340 123 363
D00 0.0135 146 473 216 555
D00 0.0135 144 213 370 520
D00 0.0133 250 307 427 411
D00 0.0133 296 228 332 320
D00 0.0133 280 241 344 381
D00 0.0132 179 404 294 474
D00 0.0132 262 377 325 406
D00 0.0132 414 148 436 199
D00 0.0132 1 511 28 564
D00 0.0131 378 196 418 278
D00 0.0131 355 184 407 283
D00 0.0131 183 420 253 506
D00 0.0131 99 331 151 356
D00 0.0130 196 470 262 552
D00 0.0130 175 485 210 555
D00 0.0129 18 321 161 463
D00 0.0129 534 236 600 293
D00 0.0129 295 204 335 286
D00 0.0129 542 184 578 219
D00 0.0129 194 393 282 450
D00 0.0128 533 362 600 524
D00 0.0128 0 329 36 412
D00 0.0128 183 475 219 548
D00 0.0127 34 308 255 405
D00 0.0127 574 257 599 307
D00 0.0126 336 360 445 560
D00 0.0126 1 441 51 550
D00 0.0126 58 316 185 380
D00 0.0126 77 364 114 396
D00 0.0125 335 223 438 419
D00 0.0124 567 439 600 524
D00 0.0124 0 286 96 379
D00 0.0124 0 392 35 476
D00 0.0123 295 379 329 422
D00 0.0123 206 412 275 444
D00 0.0122 297 351 345 392
D00 0.0122 82 362 126 411
D00 0.0122 558 205 595 233
D00 0.0121 554 202 583 256
D00 0.0121 69 375 190 559
D00 0.0120 229 417 267 456
D00 0.0120 338 161 420 300
D00 0.0119 0 384 52 445
D00 0.0119 192 465 229 537
D00 0.0119 567 357 600 438
D00 0.0118 296 366 353 455
D00 0.0118 310 196 359 276
D00 0.0117 514 323 596 484
D00 0.0117 375 366 487 564
D00 0.0117 531 534 600 600
D00 0.0117 542 187 577 251
D00 0.0116 36 342 253 437
D00 0.0116 321 196 399 356
D00 0.0116 0 513 35 592
D00 0.0116 0 467 105 579
D00 0.0116 0 271 145 356
D00 0.0115 84 346 127 370
D00 0.0115 69 355 107 385
D00 0.0115 225 402 394 531
D00 0.0115 179 489 245 564
D00 0.0115 496 516 541 600
D00 0.0115 308 281 337 348
D00 0.0114 483 501 585 597
D00 0.0114 354 202 385 274
D00 0.0113 106 339 160 361
D00 0.0113 315 351 369 439
D00 0.0113 333 203 369 272
D00 0.0113 0 317 29 367
D00 0.0113 77 374 278 487
D00 0.0112 72 336 169 394
D00 0.0112 1 529 27 580
D00 0.0112 0 346 69 398
D00 0.0112 573 550 599 599
D00 0.0112 221 425 257 465
D00 0.0111 6 302 119 356
D00 0.0111 551 175 600 234
D00 0.0111 327 183 373 257
D00 0.0110 539 429 600 565
D00 0.0110 395 157 421 207
D00 0.0110 14 425 162 572
D00 0.0110 310 362 348 421
D00 0.0110 48 304 156 355
D00 0.0109 59 353 134 407
D00 0.0109 238 381 308 454
D00 0.0109 266 383 349 551
D00 0.0109 293 209 527 524
D00 0.0109 279 192 349 314
D00 0.0108 581 210 600 266
D00 0.0108 307 229 337 302
D00 0.0108 545 481 598 588
D00 0.0108 144 414 284 522
D00 0.0108 0 336 28 385
D00 0.0108 251 411 303 438
D00 0.0108 348 239 372 296
D00 0.0107 81 377 113 414
D00 0.0107 68 347 110 372
D00 0.0107 0 439 34 525
D00 0.0107 179 261 350 392
D00 0.0107 273 395 320 429
D00 0.0106 0 285 38 361
D00 0.0106 315 291 346 355
D00 0.0106 582 230 600 283
D00 0.0106 363 194 396 264
D00 0.0106 582 249 600 299
D00 0.0106 564 231 593 283
D00 0.0105 386 222 410 273
D00 0.0105 395 223 418 273
D00 0.0105 1 402 52 515
D00 0.0104 1 484 27 541
D00 0.0103 315 278 453 516
D00 0.0103 528 179 573 225
D00 0.0103 378 159 418 242
D00 0.0103 373 187 405 257
D00 0.0103 46 363 112 422
D00 0.0102 132 504 222 560
D00 0.0102 575 455 598 511
D00 0.0102 0 266 223 464
D00 0.0102 522 175 556 210
D00 0.0102 80 325 154 363
D00 0.0102 442 354 576 521
D00 0.0102 337 230 386 334
D00 0.0101 9 351 73 441
D00 0.0101 221 326 458 453
D00 0.0101 481 451 551 587
D00 0.0101 335 241 369 308
D00 0.0101 567 402 600 490
D00 0.0101 304 229 325 283
D00 0.0101 78 368 103 418
D00 0.0100 78 299 206 361
D00 0.0100 405 164 428 216
D00 0.0100 170 511 212 563
D00 0.0100 269 316 343 379
D10 0.0517 193 368 350 430
D10 0.0475 249 387 334 424
D10 0.0450 427 202 482 223
D10 0.0374 258 395 324 418
D10 0.0322 402 195 498 226
D10 0.0296 547 340 600 360
D10 0.0271 536 331 600 353
D10 0.0262 435 207 489 228
D10 0.0261 548 303 600 325
D10 0.0254 175 382 313 424
D10 0.0251 522 333 600 366
D10 0.0242 531 259 600 291
D10 0.0233 0 390 65 423
D10 0.0223 184 399 301 439
D10 0.0217 527 291 600 318
D10 0.0215 0 377 86 419
D10 0.0200 553 254 598 281
D10 0.0198 161 388 324 462
D10 0.0188 517 341 583 361
D10 0.0185 411 207 470 228
D10 0.0184 401 200 460 221
D10 0.0179 501 325 600 357
D10 0.0171 563 262 600 288
D10 0.0167 214 405 288 433
D10 0.0166 509 264 600 302
D10 0.0164 0 364 119 430
D10 0.0159 420 192 472 217
D10 0.0158 289 374 386 423
D10 0.0157 9 386 71 411
D10 0.0151 538 272 597 297
D10 0.0150 0 398 52 433
D10 0.0148 266 401 323 427
D10 0.0146 561 293 600 316
D10 0.0145 224 396 300 425
D10 0.0144 0 315 62 351
D10 0.0142 517 280 600 308
D10 0.0142 508 332 573 353
D10 0.0141 129 394 275 447
D10 0.0138 519 265 584 288
D10 0.0137 257 356 422 437
D10 0.0133 549 348 600 371
D10 0.0133 384 245 431 270
D10 0.0129 343 293 395 315
D10 0.0127 426 200 521 234
D10 0.0126 512 508 600 554
D10 0.0126 124 373 279 427
D10 0.0125 0 395 39 420
D10 0.0124 19 390 97 421
D10 0.0124 31 380 106 413
D10 0.0123 384 199 485 238
D10 0.0123 300 384 350 410
D10 0.0122 497 338 568 365
D10 0.0122 200 407 266 427
D10 0.0121 0 391 87 443
D10 0.0121 290 392 343 418
D10 0.0121 331 284 431 320
D10 0.0121 503 247 600 289
D10 0.0120 79 384 255 454
D10 0.0118 0 355 75 412
D10 0.0117 342 302 396 322
D10 0.0117 0 319 80 364
D10 0.0117 0 328 45 355
D10 0.0116 101 398 222 437
D10 0.0116 508 295 574 316
D10 0.0115 80 332 151 369
D10 0.0115 360 294 415 315
D10 0.0113 511 274 573 296
D10 0.0113 514 342 600 378
D10 0.0112 389 254 442 277
D10 0.0110 0 337 44 365
D10 0.0109 327 343 441 380
D10 0.0109 403 190 456 215
D10 0.0107 313 366 359 392
D10 0.0107 555 244 597 273
D10 0.0107 0 310 46 336
D10 0.0106 0 347 44 372
D10 0.0105 99 379 222 421
D10 0.0104 85 390 179 424
D10 0.0104 541 295 600 336
D10 0.0103 351 299 427 325
D10 0.0103 522 256 582 281
D10 0.0102 496 189 546 212
D10 0.0101 0 319 37 345
D20 0.0381 504 306 600 341
D20 0.0357 164 350 358 425
D20 0.0255 82 301 338 421
D20 0.0220 126 329 314 405
D20 0.0217 542 298 600 348
D20 0.0204 0 306 371 523
D20 0.0203 531 186 600 337
D20 0.0194 65 251 440 459
D20 0.0188 469 294 600 353
D20 0.0176 516 318 600 348
D20 0.0175 135 306 515 529
D20 0.0174 563 197 600 300
D20 0.0172 522 285 600 337
D20 0.0172 549 310 600 337
D20 0.0161 497 259 600 348
D20 0.0154 495 313 600 366
D20 0.0153 51 332 317 452
D20 0.0150 564 279 600 351
D20 0.0150 567 314 600 350
D20 0.0148 0 0 408 294
D20 0.0146 215 247 589 459
D20 0.0145 167 0 600 294
D20 0.0143 109 310 279 387
D20 0.0139 0 309 37 386
D20 0.0136 544 241 597 331
D20 0.0136 305 306 600 532
D20 0.0135 504 170 600 290
D20 0.0132 0 118 290 600
D20 0.0131 573 233 600 310
D20 0.0131 547 153 600 301
D20 0.0130 534 187 600 236
D20 0.0129 499 289 594 322
D20 0.0127 62 374 450 573
D20 0.0127 216 377 597 578
D20 0.0127 0 453 220 600
D20 0.0127 312 118 600 600
D20 0.0124 18 264 600 563
D20 0.0124 47 264 316 392
D20 0.0123 378 453 600 600
D20 0.0120 0 0 600 434
D20 0.0119 0 0 210 145
D20 0.0119 563 305 600 372
D20 0.0116 0 360 148 600
D20 0.0115 386 0 600 145
D20 0.0115 549 321 600 358
D20 0.0114 187 309 346 405
D20 0.0112 453 361 600 600
D20 0.0112 135 340 258 392
D20 0.0111 92 331 230 396
D20 0.0111 526 0 600 111
D20 0.0108 0 238 228 449
D20 0.0108 511 180 589 224
D20 0.0108 463 226 600 309
D20 0.0107 69 186 441 380
D20 0.0106 568 298 600 330
D20 0.0104 515 297 582 331
D20 0.0101 152 359 288 409
D20 0.0101 521 233 593 303
D20 0.0101 578 292 600 351
D40 0.0202 503 301 583 328
D40 0.0142 507 311 573 335
D40 0.0136 312 196 374 261
D40 0.0132 436 198 472 225
D40 0.0119 332 209 369 248
D40 0.0115 499 304 550 326
D40 0.0113 323 201 362 240
D40 0.0103 444 202 479 230
D40 0.0101 557 300 600 329
