D00 0.1595 208 317 231 364
D00 0.1296 217 315 237 365
D00 0.0656 212 369 247 457
D00 0.0600 218 375 242 426
D00 0.0576 203 304 236 384
D00 0.0539 211 314 244 435
D00 0.0520 219 396 242 454
D00 0.0495 212 310 239 346
D00 0.0441 200 310 224 356
D00 0.0440 192 317 239 422
D00 0.0415 209 320 250 349
D00 0.0414 206 313 255 367
D00 0.0401 219 387 253 474
D00 0.0401 194 325 232 359
D00 0.0395 217 336 254 425
D00 0.0394 226 406 248 462
D00 0.0389 209 296 230 350
D00 0.0380 195 300 263 456
D00 0.0378 273 505 316 532
D00 0.0374 225 367 248 416
D00 0.0368 219 352 240 411
D00 0.0360 223 317 246 363
D00 0.0330 210 327 231 389
D00 0.0330 214 288 241 358
D00 0.0324 218 326 237 392
D00 0.0310 276 467 317 537
D00 0.0287 207 343 238 416
D00 0.0286 210 384 245 409
D00 0.0283 282 491 309 534
D00 0.0273 219 310 250 344
D00 0.0264 215 327 261 356
D00 0.0239 192 369 248 429
D00 0.0238 257 496 328 536
D00 0.0237 1 552 27 599
D00 0.0223 280 487 323 555
D00 0.0220 267 457 342 599
D00 0.0220 190 315 217 358
D00 0.0220 212 301 270 358
D00 0.0213 216 314 263 337
D00 0.0209 69 574 126 599
D00 0.0204 221 287 251 351
D00 0.0203 178 318 245 364
D00 0.0200 224 330 271 434
D00 0.0199 222 368 263 450
D00 0.0197 202 285 257 396
D00 0.0196 56 549 122 600
D00 0.0193 193 319 282 364
D00 0.0188 252 469 333 558
D00 0.0184 175 331 306 557
D00 0.0183 466 0 600 200
D00 0.0183 184 320 229 349
D00 0.0182 214 355 344 580
D00 0.0182 212 322 264 401
D00 0.0182 175 346 252 450
D00 0.0181 201 335 238 361
D00 0.0180 545 546 600 600
D00 0.0179 193 284 229 367
D00 0.0177 550 575 600 599
D00 0.0175 193 314 232 338
D00 0.0174 433 518 476 600
D00 0.0173 210 333 284 492
D00 0.0170 574 552 599 600
D00 0.0169 135 353 273 583
D00 0.0165 210 388 239 443
D00 0.0161 249 410 332 546
D00 0.0161 211 380 261 414
D00 0.0158 199 378 241 406
D00 0.0153 225 330 247 390
D00 0.0152 199 330 226 386
D00 0.0150 59 356 200 593
D00 0.0150 40 459 133 600
D00 0.0150 523 567 600 600
D00 0.0150 284 506 319 545
D00 0.0150 160 306 242 434
D00 0.0149 172 311 226 402
D00 0.0147 73 535 142 600
D00 0.0147 112 374 224 573
D00 0.0147 200 309 303 424
D00 0.0145 262 383 371 564
D00 0.0143 164 389 394 596
D00 0.0143 282 495 332 597
D00 0.0143 395 465 438 541
D00 0.0141 216 422 245 463
D00 0.0140 225 292 271 339
D00 0.0139 523 75 600 221
D00 0.0139 186 330 223 365
D00 0.0139 227 347 261 415
D00 0.0138 231 374 257 423
D00 0.0138 284 484 319 524
D00 0.0137 0 544 43 597
D00 0.0136 201 391 242 417
D00 0.0135 20 387 160 600
D00 0.0134 381 462 466 600
D00 0.0131 269 480 341 530
D00 0.0131 196 300 224 337
D00 0.0131 70 537 106 600
D00 0.0131 154 326 258 509
D00 0.0130 210 334 431 553
D00 0.0130 190 407 297 586
D00 0.0129 233 301 282 330
D00 0.0126 227 383 274 491
D00 0.0125 218 391 253 416
D00 0.0124 232 399 257 456
D00 0.0124 193 399 251 461
D00 0.0123 253 472 419 557
D00 0.0122 77 559 117 598
D00 0.0121 566 518 600 600
D00 0.0120 399 575 458 597
D00 0.0119 513 465 600 600
D00 0.0119 47 533 96 600
D00 0.0118 266 502 346 559
D00 0.0117 154 574 210 599
D00 0.0117 234 283 261 332
D00 0.0117 393 491 456 545
D00 0.0116 77 383 317 597
D00 0.0116 232 474 321 600
D00 0.0116 484 59 595 242
D00 0.0116 59 568 100 600
D00 0.0116 420 548 484 600
D00 0.0115 0 436 92 600
D00 0.0115 186 265 242 375
D00 0.0115 399 494 434 531
D00 0.0115 213 416 266 478
D00 0.0114 255 312 311 336
D00 0.0114 195 367 274 528
D00 0.0113 402 383 472 414
D00 0.0112 191 296 213 345
D00 0.0112 241 462 315 535
D00 0.0112 218 302 261 329
D00 0.0111 233 304 259 346
D00 0.0111 425 573 480 598
D00 0.0110 411 505 466 595
D00 0.0110 288 494 328 529
D00 0.0110 212 376 286 422
D00 0.0110 223 377 266 405
D00 0.0109 237 308 276 339
D00 0.0109 125 403 165 489
D00 0.0108 25 496 103 600
D00 0.0108 239 287 274 323
D00 0.0107 317 337 385 366
D00 0.0107 241 397 475 595
D00 0.0107 263 433 317 531
D00 0.0106 223 360 310 524
D00 0.0106 398 479 514 593
D00 0.0106 48 516 125 595
D00 0.0106 98 534 173 596
D00 0.0105 574 533 599 586
D00 0.0105 441 532 468 586
D00 0.0104 546 486 597 585
D00 0.0104 135 387 172 468
D00 0.0104 387 441 453 559
D00 0.0104 279 400 425 548
D00 0.0104 1 539 77 600
D00 0.0103 445 559 480 595
D00 0.0103 274 482 303 529
D00 0.0103 228 319 262 377
D00 0.0103 300 341 384 382
D00 0.0103 406 502 442 538
D00 0.0103 84 565 143 600
D00 0.0102 248 302 299 329
D00 0.0102 196 486 347 576
D00 0.0102 86 451 158 591
D00 0.0101 359 0 586 197
D00 0.0101 196 318 365 505
D00 0.0101 287 457 334 533
D00 0.0100 274 322 332 344
D00 0.0100 192 413 368 530
D00 0.0100 279 327 347 356
D10 0.0363 225 322 288 342
D10 0.0318 185 385 243 410
D10 0.0273 208 315 305 347
D10 0.0257 229 313 286 336
D10 0.0247 247 497 326 536
D10 0.0236 165 376 252 419
D10 0.0219 225 330 286 352
D10 0.0211 174 377 236 404
D10 0.0205 0 504 69 534
D10 0.0197 253 322 314 343
D10 0.0196 254 500 312 526
D10 0.0185 243 331 306 351
D10 0.0181 272 489 347 534
D10 0.0174 217 324 315 356
D10 0.0173 104 537 200 579
D10 0.0173 283 499 332 525
D10 0.0165 70 525 173 589
D10 0.0163 0 537 87 586
D10 0.0160 33 526 141 590
D10 0.0160 118 548 210 589
D10 0.0157 250 471 332 528
D10 0.0156 128 508 181 531
D10 0.0156 124 546 182 569
D10 0.0155 1 573 60 599
D10 0.0153 75 571 151 600
D10 0.0153 3 444 105 485
D10 0.0147 2 545 58 569
D10 0.0145 183 336 230 361
D10 0.0145 238 309 309 338
D10 0.0144 0 532 67 567
D10 0.0144 217 482 335 546
D10 0.0143 0 512 59 544
D10 0.0140 2 554 57 582
D10 0.0140 135 555 193 578
D10 0.0140 0 507 83 553
D10 0.0139 228 445 323 481
D10 0.0139 0 562 44 595
D10 0.0139 109 500 197 539
D10 0.0138 265 331 324 352
D10 0.0134 541 536 595 559
D10 0.0134 374 502 443 534
D10 0.0134 160 376 212 402
D10 0.0131 138 500 187 525
D10 0.0130 43 452 98 476
D10 0.0128 71 564 124 595
D10 0.0128 55 470 103 496
D10 0.0128 552 544 600 566
D10 0.0126 172 393 239 418
D10 0.0126 107 544 165 569
D10 0.0124 44 460 97 487
D10 0.0124 0 499 50 524
D10 0.0124 247 452 305 475
D10 0.0124 0 560 80 598
D10 0.0122 47 559 114 599
D10 0.0122 265 480 392 544
D10 0.0122 527 527 600 570
D10 0.0121 94 530 164 567
D10 0.0121 73 554 174 599
D10 0.0120 274 471 374 524
D10 0.0120 173 452 343 543
D10 0.0120 118 517 173 540
D10 0.0120 137 504 203 533
D10 0.0119 23 452 83 475
D10 0.0119 116 535 170 564
D10 0.0118 0 508 39 531
D10 0.0118 115 554 176 577
D10 0.0117 281 488 323 519
D10 0.0117 416 386 473 411
D10 0.0116 228 306 349 349
D10 0.0116 159 385 212 411
D10 0.0116 220 338 271 361
D10 0.0116 135 544 207 574
D10 0.0115 0 536 48 560
D10 0.0115 504 444 591 487
D10 0.0114 109 526 162 553
D10 0.0114 173 329 226 355
D10 0.0113 209 471 311 525
D10 0.0112 0 447 69 479
D10 0.0111 399 507 450 534
D10 0.0111 242 453 333 495
D10 0.0110 0 522 57 556
D10 0.0109 14 528 104 576
D10 0.0109 242 508 304 533
D10 0.0109 25 439 99 472
D10 0.0109 25 452 114 497
D10 0.0109 228 322 347 367
D10 0.0107 148 405 198 429
D10 0.0107 255 456 451 538
D10 0.0107 392 498 439 528
D10 0.0107 130 460 176 485
D10 0.0106 77 505 169 568
D10 0.0105 550 413 600 437
D10 0.0105 102 518 155 542
D10 0.0104 63 461 112 488
D10 0.0104 97 541 245 600
D10 0.0104 89 548 163 584
D10 0.0103 128 491 216 531
D10 0.0103 65 479 112 503
D10 0.0103 169 367 223 394
D10 0.0103 264 513 314 540
D10 0.0103 45 479 96 503
D10 0.0103 23 545 79 569
D10 0.0103 17 545 103 597
D10 0.0103 102 494 175 529
D10 0.0103 22 574 83 599
D10 0.0101 381 499 470 541
D10 0.0101 107 340 163 363
D10 0.0101 542 563 595 595
D10 0.0101 138 373 229 429
D10 0.0100 107 349 162 370
D10 0.0100 531 466 600 500
D10 0.0100 260 460 314 481
D20 0.0289 0 539 145 600
D20 0.0243 50 537 190 600
D20 0.0241 169 320 246 363
D20 0.0222 0 533 43 600
D20 0.0183 44 556 135 600
D20 0.0179 0 555 79 600
D20 0.0171 0 572 46 599
D20 0.0171 0 492 194 594
D20 0.0167 0 393 382 591
D20 0.0164 74 461 170 600
D20 0.0163 455 0 600 217
D20 0.0158 207 307 299 345
D20 0.0155 0 0 408 294
D20 0.0151 167 0 600 294
D20 0.0151 39 483 136 600
D20 0.0148 131 397 533 591
D20 0.0146 0 483 94 600
D20 0.0144 0 562 33 594
D20 0.0140 62 511 238 596
D20 0.0140 4 362 179 600
D20 0.0140 67 566 159 600
D20 0.0139 0 118 290 600
D20 0.0138 321 0 600 179
D20 0.0135 185 311 265 355
D20 0.0135 312 118 600 600
D20 0.0131 30 474 295 600
D20 0.0128 0 0 215 147
D20 0.0127 376 454 600 600
D20 0.0127 16 566 109 600
D20 0.0126 0 0 600 434
D20 0.0124 0 236 516 600
D20 0.0123 527 0 600 118
D20 0.0123 80 516 161 593
D20 0.0119 219 301 361 353
D20 0.0117 167 360 245 417
D20 0.0117 92 526 181 573
D20 0.0115 224 294 306 335
D20 0.0112 97 415 181 580
D20 0.0111 0 544 22 600
D20 0.0106 453 369 600 600
D20 0.0106 129 325 242 441
D20 0.0105 109 460 200 600
D20 0.0103 487 0 600 69
D20 0.0101 206 310 375 377
D20 0.0100 574 526 600 600
D40 0.0124 37 570 109 600
