D00 0.1184 188 170 221 263
D00 0.1024 184 207 220 295
D00 0.0914 171 172 249 340
D00 0.0893 419 94 533 203
D00 0.0867 150 150 261 290
D00 0.0780 389 71 540 245
D00 0.0688 67 176 282 395
D00 0.0683 95 187 131 283
D00 0.0676 130 276 169 354
D00 0.0661 449 122 526 164
D00 0.0651 121 253 245 379
D00 0.0624 463 111 539 206
D00 0.0618 407 121 442 188
D00 0.0614 124 45 166 127
D00 0.0574 412 129 436 168
D00 0.0569 176 222 265 377
D00 0.0543 151 20 199 78
D00 0.0541 443 132 536 270
D00 0.0538 108 215 267 494
D00 0.0533 161 440 200 519
D00 0.0527 434 129 524 192
D00 0.0522 206 288 245 366
D00 0.0513 115 156 352 369
D00 0.0484 195 195 218 252
D00 0.0469 460 229 540 378
D00 0.0469 404 126 464 172
D00 0.0469 424 52 540 160
D00 0.0464 74 234 223 365
D00 0.0441 165 25 194 71
D00 0.0428 404 54 496 88
D00 0.0418 160 466 222 524
D00 0.0418 195 278 260 403
D00 0.0416 167 165 220 246
D00 0.0402 190 219 213 278
D00 0.0401 173 230 214 313
D00 0.0401 192 210 227 270
D00 0.0399 180 184 238 271
D00 0.0395 186 359 268 510
D00 0.0394 466 130 534 181
D00 0.0389 97 0 150 54
D00 0.0387 399 129 441 162
D00 0.0386 149 136 297 242
D00 0.0386 389 46 476 82
D00 0.0381 158 191 326 443
D00 0.0367 458 94 532 170
D00 0.0359 349 27 535 193
D00 0.0358 123 188 236 302
D00 0.0354 112 126 249 336
D00 0.0351 178 474 238 539
D00 0.0348 492 256 535 365
D00 0.0343 147 462 206 515
D00 0.0342 187 286 243 344
D00 0.0337 480 153 540 207
D00 0.0335 136 290 161 344
D00 0.0331 149 77 321 324
D00 0.0328 418 62 515 94
D00 0.0326 472 242 527 351
D00 0.0325 222 392 253 483
D00 0.0323 214 303 251 388
D00 0.0321 117 267 190 381
D00 0.0317 134 295 186 363
D00 0.0316 189 186 212 246
D00 0.0314 99 0 129 48
D00 0.0311 133 0 191 51
D00 0.0307 103 468 140 540
D00 0.0303 91 216 125 276
D00 0.0302 166 427 193 499
D00 0.0296 99 184 127 244
D00 0.0296 119 263 175 327
D00 0.0294 177 421 296 538
D00 0.0292 139 215 227 348
D00 0.0291 134 68 156 123
D00 0.0290 497 122 540 196
D00 0.0290 213 369 277 491
D00 0.0289 199 145 287 185
D00 0.0288 486 86 538 183
D00 0.0287 173 259 233 322
D00 0.0280 406 132 484 191
D00 0.0277 410 217 526 364
D00 0.0276 517 159 539 204
D00 0.0273 230 414 248 471
D00 0.0271 169 462 193 509
D00 0.0271 193 191 249 292
D00 0.0269 186 225 236 334
D00 0.0266 184 177 289 278
D00 0.0266 458 167 535 216
D00 0.0265 117 71 180 135
D00 0.0262 403 34 534 93
D00 0.0261 411 61 475 83
D00 0.0260 165 27 204 105
D00 0.0260 397 141 456 198
D00 0.0259 170 437 249 535
D00 0.0258 233 6 305 34
D00 0.0258 375 38 461 75
D00 0.0257 508 152 540 217
D00 0.0254 103 204 124 264
D00 0.0254 259 190 334 335
D00 0.0250 292 63 363 108
D00 0.0250 106 7 137 62
D00 0.0250 197 43 362 276
D00 0.0249 91 191 123 258
D00 0.0249 154 466 196 540
D00 0.0247 384 60 471 94
D00 0.0247 90 285 187 419
D00 0.0245 157 390 239 516
D00 0.0244 219 386 304 537
D00 0.0243 473 59 540 104
D00 0.0243 154 455 195 502
D00 0.0240 160 14 187 59
D00 0.0240 157 288 267 368
D00 0.0240 103 5 166 36
D00 0.0239 125 271 160 334
D00 0.0238 453 21 540 228
D00 0.0238 451 231 515 295
D00 0.0235 489 115 540 253
D00 0.0233 88 4 141 38
D00 0.0233 190 245 320 358
D00 0.0232 218 221 345 422
D00 0.0232 240 169 318 306
D00 0.0229 268 18 351 54
D00 0.0229 476 163 540 285
D00 0.0227 166 220 232 300
D00 0.0227 219 305 244 356
D00 0.0223 473 125 516 158
D00 0.0222 179 107 309 199
D00 0.0222 452 70 519 91
D00 0.0221 98 171 141 240
D00 0.0221 178 134 263 182
D00 0.0221 486 231 536 331
D00 0.0220 0 122 76 259
D00 0.0219 199 300 262 350
D00 0.0218 94 16 134 43
D00 0.0218 458 65 536 125
D00 0.0218 180 162 245 229
D00 0.0217 219 291 268 398
D00 0.0215 25 320 151 512
D00 0.0214 155 63 294 190
D00 0.0212 147 276 238 352
D00 0.0209 404 53 464 76
D00 0.0208 393 57 515 133
D00 0.0207 215 131 341 331
D00 0.0207 212 271 301 416
D00 0.0206 103 213 188 345
D00 0.0206 211 299 237 348
D00 0.0205 3 284 113 481
D00 0.0205 294 275 337 347
D00 0.0204 198 249 251 351
D00 0.0203 102 14 126 56
D00 0.0203 142 439 220 533
D00 0.0201 76 360 153 495
D00 0.0201 92 250 175 364
D00 0.0201 0 204 61 318
D00 0.0198 99 205 141 261
D00 0.0198 180 197 215 266
D00 0.0197 116 166 161 237
D00 0.0196 302 75 363 127
D00 0.0195 77 9 135 56
D00 0.0193 217 21 334 123
D00 0.0191 382 131 442 192
D00 0.0191 0 152 50 270
D00 0.0191 1 0 37 73
D00 0.0190 104 276 165 339
D00 0.0190 198 417 253 518
D00 0.0190 269 408 358 540
D00 0.0190 153 31 231 73
D00 0.0189 387 74 493 156
D00 0.0189 480 112 531 158
D00 0.0188 193 173 216 233
D00 0.0188 485 173 540 226
D00 0.0186 268 0 336 44
D00 0.0185 401 68 488 102
D00 0.0185 508 283 540 372
D00 0.0185 212 62 328 180
D00 0.0184 260 99 383 289
D00 0.0184 390 121 471 157
D00 0.0184 433 62 499 85
D00 0.0183 417 68 486 89
D00 0.0183 138 5 177 35
D00 0.0183 149 174 215 286
D00 0.0182 164 445 186 496
D00 0.0181 432 52 531 105
D00 0.0180 188 246 209 301
D00 0.0178 161 482 206 530
D00 0.0178 298 70 425 247
D00 0.0176 471 21 540 147
D00 0.0176 0 216 41 295
D00 0.0173 134 0 177 15
D00 0.0173 131 271 201 332
D00 0.0170 155 7 249 150
D00 0.0170 162 479 206 508
D00 0.0170 406 41 474 71
D00 0.0170 144 262 223 314
D00 0.0170 128 485 232 534
D00 0.0169 188 198 254 251
D00 0.0169 163 474 186 519
D00 0.0169 503 69 540 108
D00 0.0169 219 415 268 516
D00 0.0168 72 302 164 447
D00 0.0168 110 477 167 540
D00 0.0167 431 361 539 529
D00 0.0166 94 397 132 473
D00 0.0166 140 302 170 352
D00 0.0166 3 129 46 225
D00 0.0165 478 384 540 540
D00 0.0165 459 262 540 497
D00 0.0164 410 143 439 181
D00 0.0164 445 182 527 225
D00 0.0164 90 159 120 226
D00 0.0164 111 12 147 45
D00 0.0163 197 155 256 251
D00 0.0163 278 197 374 335
D00 0.0162 288 22 356 71
D00 0.0162 116 0 180 25
D00 0.0162 187 152 265 210
D00 0.0161 1 184 23 230
D00 0.0161 247 400 314 520
D00 0.0160 260 248 343 377
D00 0.0160 324 56 466 213
D00 0.0159 134 322 183 398
D00 0.0159 132 281 162 319
D00 0.0159 0 44 141 285
D00 0.0159 187 21 270 179
D00 0.0159 107 299 178 349
D00 0.0158 67 0 128 45
D00 0.0157 300 42 350 102
D00 0.0156 153 12 294 101
D00 0.0156 125 78 153 134
D00 0.0156 81 118 141 243
D00 0.0155 162 427 216 501
D00 0.0154 67 139 129 259
D00 0.0154 213 312 237 366
D00 0.0153 223 185 298 293
D00 0.0152 208 122 267 188
D00 0.0151 216 369 256 446
D00 0.0151 376 52 467 176
D00 0.0151 1 23 24 69
D00 0.0150 428 46 487 84
D00 0.0150 445 213 507 260
D00 0.0149 409 122 441 150
D00 0.0148 435 103 518 150
D00 0.0148 252 227 312 337
D00 0.0147 397 87 471 188
D00 0.0147 438 41 511 91
D00 0.0147 278 32 345 60
D00 0.0146 151 1 179 44
D00 0.0146 14 147 60 242
D00 0.0146 151 288 206 370
D00 0.0145 244 23 402 229
D00 0.0145 292 74 343 112
D00 0.0145 7 32 31 75
D00 0.0144 176 463 235 512
D00 0.0144 237 396 287 493
D00 0.0144 474 182 534 241
D00 0.0143 0 329 58 484
D00 0.0143 225 13 299 43
D00 0.0142 398 69 458 90
D00 0.0142 210 75 286 209
D00 0.0142 223 225 296 337
D00 0.0141 46 286 146 423
D00 0.0141 107 198 132 249
D00 0.0141 136 14 180 45
D00 0.0140 206 472 253 540
D00 0.0140 183 227 205 285
D00 0.0140 223 423 244 475
D00 0.0139 154 7 189 36
D00 0.0139 264 185 301 255
D00 0.0138 357 42 431 69
D00 0.0138 524 150 540 197
D00 0.0138 269 160 350 295
D00 0.0137 434 75 524 113
D00 0.0137 202 402 248 478
D00 0.0137 319 172 411 312
D00 0.0137 431 244 500 346
D00 0.0137 415 114 448 165
D00 0.0136 120 324 162 403
D00 0.0136 432 176 506 236
D00 0.0135 293 66 361 177
D00 0.0135 393 74 462 100
D00 0.0135 260 195 304 289
D00 0.0134 94 15 119 53
D00 0.0134 275 195 317 293
D00 0.0134 396 45 455 67
D00 0.0134 97 0 154 27
D00 0.0133 511 275 540 335
D00 0.0133 67 391 131 503
D00 0.0133 253 1 304 64
D00 0.0132 192 218 223 244
D00 0.0132 499 39 540 154
D00 0.0132 128 79 167 147
D00 0.0132 483 351 540 467
D00 0.0132 128 137 172 214
D00 0.0131 465 55 523 94
D00 0.0130 389 60 451 82
D00 0.0130 212 5 290 143
D00 0.0130 198 179 223 240
D00 0.0130 107 23 140 81
D00 0.0130 209 169 273 264
D00 0.0130 1 202 24 242
D00 0.0129 148 424 197 488
D00 0.0129 383 34 453 62
D00 0.0129 350 96 459 170
D00 0.0128 8 14 30 60
D00 0.0128 426 231 487 288
D00 0.0128 314 68 353 116
D00 0.0128 108 494 148 540
D00 0.0128 120 2 157 54
D00 0.0128 4 354 107 531
D00 0.0128 230 280 326 382
D00 0.0128 166 112 261 224
D00 0.0127 74 9 122 34
D00 0.0127 0 267 28 327
D00 0.0127 54 268 99 349
D00 0.0126 504 81 540 122
D00 0.0126 378 449 422 526
D00 0.0125 248 38 316 145
D00 0.0125 475 244 515 305
D00 0.0125 500 264 537 318
D00 0.0125 169 17 214 77
D00 0.0125 137 309 186 344
D00 0.0124 0 179 57 233
D00 0.0124 308 61 344 108
D00 0.0123 10 151 107 243
D00 0.0123 194 307 240 385
D00 0.0123 1 39 24 82
D00 0.0122 370 380 458 516
D00 0.0122 347 48 421 78
D00 0.0122 271 270 332 324
D00 0.0121 280 13 333 76
D00 0.0120 231 402 259 473
D00 0.0120 240 3 295 23
D00 0.0120 176 481 220 517
D00 0.0120 236 58 291 181
D00 0.0120 211 309 249 339
D00 0.0120 171 420 203 491
D00 0.0119 493 412 536 515
D00 0.0118 0 388 60 539
D00 0.0118 144 192 224 254
D00 0.0118 295 15 335 42
D00 0.0118 203 273 265 336
D00 0.0118 203 294 240 327
D00 0.0118 0 470 29 540
D00 0.0118 193 483 222 533
D00 0.0117 508 36 540 110
D00 0.0116 477 136 524 173
D00 0.0116 299 286 362 345
D00 0.0116 469 79 519 158
D00 0.0116 1 168 34 230
D00 0.0116 108 215 147 276
D00 0.0116 257 166 302 227
D00 0.0115 287 9 352 36
D00 0.0115 122 451 198 540
D00 0.0115 236 432 286 528
D00 0.0115 489 67 534 97
D00 0.0115 143 118 190 203
D00 0.0114 152 145 242 212
D00 0.0114 1 231 23 283
D00 0.0114 515 180 538 224
D00 0.0114 258 0 295 44
D00 0.0113 419 287 462 365
D00 0.0113 3 343 46 441
D00 0.0113 100 379 141 458
D00 0.0112 170 490 231 525
D00 0.0112 127 296 171 336
D00 0.0112 516 309 537 362
D00 0.0111 295 102 392 187
D00 0.0111 515 60 539 103
D00 0.0111 11 8 41 64
D00 0.0111 305 36 360 77
D00 0.0111 212 151 269 181
D00 0.0110 382 50 440 87
D00 0.0110 225 377 265 462
D00 0.0110 0 49 77 166
D00 0.0110 347 73 456 146
D00 0.0110 173 35 200 81
D00 0.0110 292 88 358 119
D00 0.0110 223 34 276 161
D00 0.0110 386 119 438 153
D00 0.0110 127 488 187 540
D00 0.0109 221 432 256 480
D00 0.0109 154 213 231 269
D00 0.0109 445 10 540 84
D00 0.0109 133 244 163 302
D00 0.0109 407 33 473 60
D00 0.0108 237 7 303 97
D00 0.0108 297 30 334 82
D00 0.0108 3 42 34 94
D00 0.0108 509 394 540 471
D00 0.0108 507 173 540 244
D00 0.0107 212 139 280 233
D00 0.0107 3 445 46 539
D00 0.0107 232 269 285 365
D00 0.0106 87 2 141 82
D00 0.0106 416 35 469 91
D00 0.0106 461 194 521 256
D00 0.0106 499 183 540 303
D00 0.0105 91 0 123 30
D00 0.0105 323 83 372 122
D00 0.0105 125 162 156 218
D00 0.0105 280 64 341 145
D00 0.0104 294 19 413 171
D00 0.0104 494 90 539 135
D00 0.0104 128 209 197 314
D00 0.0104 192 273 234 329
D00 0.0104 102 0 144 15
D00 0.0104 163 402 205 474
D00 0.0104 187 510 245 540
D00 0.0104 144 0 168 23
D00 0.0104 116 483 141 535
D00 0.0103 482 254 532 302
D00 0.0103 393 97 443 175
D00 0.0103 0 95 51 192
D00 0.0103 107 176 133 224
D00 0.0103 404 39 489 119
D00 0.0102 316 91 364 131
D00 0.0102 87 120 125 194
D00 0.0102 499 104 536 162
D00 0.0102 224 313 251 366
D00 0.0101 302 283 328 332
D00 0.0100 400 0 514 160
D00 0.0100 319 473 363 540
D00 0.0100 472 72 517 99
D00 0.0100 131 289 181 324
D10 0.0978 411 116 526 148
D10 0.0950 0 269 69 295
D10 0.0866 148 149 329 215
D10 0.0809 113 136 289 233
D10 0.0786 86 171 232 246
D10 0.0779 203 155 357 198
D10 0.0725 31 238 277 393
D10 0.0699 230 166 329 193
D10 0.0696 85 117 364 255
D10 0.0672 436 122 526 162
D10 0.0663 179 255 277 288
D10 0.0652 177 225 296 291
D10 0.0651 50 137 279 299
D10 0.0649 415 112 511 137
D10 0.0643 434 228 505 261
D10 0.0624 214 159 303 189
D10 0.0623 73 229 244 334
D10 0.0622 427 121 513 140
D10 0.0620 406 163 524 197
D10 0.0604 167 233 310 326
D10 0.0588 192 129 376 194
D10 0.0587 120 247 255 354
D10 0.0586 100 461 203 493
D10 0.0585 1 265 60 286
D10 0.0584 117 210 194 236
D10 0.0583 0 217 58 245
D10 0.0573 164 155 285 195
D10 0.0564 97 450 240 513
D10 0.0562 51 241 202 309
D10 0.0553 103 87 436 221
D10 0.0552 73 205 329 367
D10 0.0549 0 213 53 234
D10 0.0545 459 70 540 103
D10 0.0540 95 97 295 203
D10 0.0539 112 166 237 217
D10 0.0538 144 133 297 197
D10 0.0537 467 126 533 172
D10 0.0532 391 51 536 101
D10 0.0527 185 249 259 279
D10 0.0518 237 171 302 187
D10 0.0510 152 241 260 312
D10 0.0509 122 48 200 80
D10 0.0506 122 367 219 401
D10 0.0505 23 300 203 380
D10 0.0498 129 15 271 72
D10 0.0498 87 298 283 394
D10 0.0488 0 131 81 159
D10 0.0487 76 76 159 101
D10 0.0487 407 63 534 122
D10 0.0483 448 160 540 204
D10 0.0469 307 64 403 94
D10 0.0468 123 467 191 485
D10 0.0468 97 192 299 306
D10 0.0468 264 169 353 192
D10 0.0466 94 204 177 243
D10 0.0463 194 263 264 281
D10 0.0452 79 262 172 298
D10 0.0450 81 185 188 232
D10 0.0439 103 253 225 299
D10 0.0438 187 163 372 227
D10 0.0435 180 219 267 262
D10 0.0431 128 265 363 371
D10 0.0428 200 252 292 278
D10 0.0423 119 204 229 243
D10 0.0422 146 269 240 319
D10 0.0417 123 21 196 54
D10 0.0416 220 141 336 184
D10 0.0410 455 236 511 257
D10 0.0409 242 165 316 184
D10 0.0407 252 162 348 186
D10 0.0401 162 261 272 331
D10 0.0398 9 310 147 370
D10 0.0398 11 124 114 155
D10 0.0397 77 84 157 109
D10 0.0394 45 61 196 121
D10 0.0393 200 255 309 297
D10 0.0392 110 193 207 234
D10 0.0390 480 77 538 100
D10 0.0389 137 167 412 266
D10 0.0388 0 271 39 290
D10 0.0388 315 74 393 98
D10 0.0385 476 134 528 160
D10 0.0385 171 234 250 283
D10 0.0385 0 205 76 240
D10 0.0384 104 455 195 480
D10 0.0383 146 8 345 68
D10 0.0379 145 234 421 339
D10 0.0377 7 136 66 155
D10 0.0374 94 50 269 181
D10 0.0374 153 25 192 51
D10 0.0372 454 127 518 151
D10 0.0371 306 166 409 201
D10 0.0367 111 213 163 234
D10 0.0364 123 53 180 75
D10 0.0360 2 130 57 152
D10 0.0359 401 215 492 253
D10 0.0359 129 18 187 40
D10 0.0359 141 200 416 304
D10 0.0356 449 230 535 269
D10 0.0353 65 330 149 361
D10 0.0350 212 260 297 284
D10 0.0349 122 378 198 404
D10 0.0348 426 63 526 95
D10 0.0344 119 471 196 501
D10 0.0343 183 263 271 302
D10 0.0343 491 84 538 106
D10 0.0342 169 110 277 140
D10 0.0340 132 268 217 298
D10 0.0336 70 204 221 285
D10 0.0336 13 183 152 244
D10 0.0335 32 131 224 239
D10 0.0335 170 167 276 213
D10 0.0334 191 241 280 272
D10 0.0333 136 375 201 395
D10 0.0333 0 112 148 174
D10 0.0332 458 139 540 190
D10 0.0331 9 261 83 290
D10 0.0329 322 173 433 207
D10 0.0327 191 215 245 250
D10 0.0324 81 83 192 129
D10 0.0323 17 70 220 143
D10 0.0323 144 34 197 74
D10 0.0323 91 269 207 317
D10 0.0322 68 63 171 97
D10 0.0321 413 114 478 131
D10 0.0320 397 169 477 195
D10 0.0320 115 31 355 135
D10 0.0319 0 270 80 314
D10 0.0319 272 74 345 101
D10 0.0311 55 320 177 363
D10 0.0311 104 115 175 140
D10 0.0309 209 247 387 324
D10 0.0309 27 331 214 439
D10 0.0308 82 26 130 48
D10 0.0308 203 171 314 211
D10 0.0307 129 27 224 82
D10 0.0304 93 47 193 103
D10 0.0303 242 172 339 206
D10 0.0302 103 109 202 145
D10 0.0301 30 97 222 201
D10 0.0301 327 70 400 89
D10 0.0301 128 43 193 66
D10 0.0301 99 272 163 291
D10 0.0300 115 5 222 63
D10 0.0298 9 205 125 250
D10 0.0297 202 107 302 138
D10 0.0294 239 173 302 200
D10 0.0293 0 220 35 242
D10 0.0291 125 233 230 286
D10 0.0290 346 116 452 145
D10 0.0290 421 83 529 136
D10 0.0289 67 233 186 287
D10 0.0289 22 131 84 151
D10 0.0289 115 6 184 35
D10 0.0289 87 87 222 156
D10 0.0288 160 29 194 63
D10 0.0288 127 94 277 166
D10 0.0286 218 19 327 61
D10 0.0286 266 15 336 42
D10 0.0286 224 240 323 282
D10 0.0285 142 180 235 233
D10 0.0284 53 18 140 51
D10 0.0283 153 466 195 487
D10 0.0283 26 138 95 155
D10 0.0281 360 169 443 195
D10 0.0278 486 128 534 153
D10 0.0275 103 198 167 231
D10 0.0274 422 171 508 191
D10 0.0274 143 63 405 172
D10 0.0273 125 258 208 289
D10 0.0272 121 21 322 90
D10 0.0272 48 268 171 319
D10 0.0272 485 142 534 166
D10 0.0271 158 23 210 57
D10 0.0271 117 71 251 147
D10 0.0270 394 294 461 334
D10 0.0267 85 71 150 91
D10 0.0267 3 107 115 149
D10 0.0267 407 98 505 132
D10 0.0265 114 268 180 296
D10 0.0265 368 127 444 153
D10 0.0265 188 270 284 319
D10 0.0264 108 13 178 44
D10 0.0262 135 282 231 341
D10 0.0262 2 204 52 227
D10 0.0260 346 41 521 140
D10 0.0260 412 122 479 141
D10 0.0260 474 169 540 195
D10 0.0260 399 40 524 85
D10 0.0260 265 112 349 145
D10 0.0260 125 204 185 226
D10 0.0259 139 9 186 30
D10 0.0259 15 98 173 150
D10 0.0258 125 440 236 494
D10 0.0257 467 180 540 210
D10 0.0257 467 231 524 252
D10 0.0256 137 213 212 233
D10 0.0255 173 1 322 51
D10 0.0255 465 121 517 145
D10 0.0253 68 80 133 98
D10 0.0252 0 277 48 301
D10 0.0248 98 463 168 488
D10 0.0248 101 26 144 49
D10 0.0246 474 162 538 185
D10 0.0246 34 88 158 130
D10 0.0246 157 20 197 41
D10 0.0245 198 155 274 185
D10 0.0244 162 249 237 300
D10 0.0242 49 126 122 151
D10 0.0242 153 472 198 499
D10 0.0241 298 77 357 98
D10 0.0240 474 116 531 150
D10 0.0238 300 156 379 193
D10 0.0238 35 17 112 41
D10 0.0238 148 8 260 50
D10 0.0237 193 117 265 142
D10 0.0237 280 175 355 201
D10 0.0236 0 227 43 249
D10 0.0236 76 338 135 357
D10 0.0236 114 26 170 47
D10 0.0235 0 250 63 284
D10 0.0232 191 291 261 336
D10 0.0232 247 3 369 55
D10 0.0232 72 169 168 219
D10 0.0232 200 234 289 263
D10 0.0230 478 147 536 181
D10 0.0230 75 30 139 56
D10 0.0229 452 340 540 372
D10 0.0229 87 275 164 302
D10 0.0229 397 109 485 144
D10 0.0229 209 26 339 81
D10 0.0228 217 113 347 181
D10 0.0228 48 326 186 391
D10 0.0228 235 36 327 72
D10 0.0227 212 114 268 132
D10 0.0227 87 100 172 138
D10 0.0226 3 166 181 276
D10 0.0226 269 81 335 109
D10 0.0226 136 314 218 361
D10 0.0225 0 256 46 295
D10 0.0225 290 312 362 350
D10 0.0224 67 88 132 107
D10 0.0223 302 269 384 295
D10 0.0223 69 92 147 117
D10 0.0222 201 219 303 271
D10 0.0222 149 83 296 143
D10 0.0221 231 234 357 293
D10 0.0221 50 27 113 45
D10 0.0220 206 267 285 293
D10 0.0219 194 243 277 310
D10 0.0218 244 50 318 76
D10 0.0218 0 190 96 232
D10 0.0218 402 101 473 125
D10 0.0217 0 219 73 261
D10 0.0217 160 452 251 512
D10 0.0217 193 226 231 252
D10 0.0216 251 258 346 301
D10 0.0216 115 110 164 133
D10 0.0216 372 123 436 142
D10 0.0215 443 215 525 255
D10 0.0215 399 120 485 156
D10 0.0215 97 120 146 138
D10 0.0215 153 215 235 270
D10 0.0214 98 262 161 285
D10 0.0214 316 171 379 192
D10 0.0213 95 150 214 205
D10 0.0212 478 24 540 48
D10 0.0212 201 229 268 251
D10 0.0212 223 97 318 131
D10 0.0211 24 45 180 104
D10 0.0211 385 152 472 194
D10 0.0211 198 271 259 289
D10 0.0210 101 214 160 245
D10 0.0210 98 202 142 226
D10 0.0210 471 82 540 122
D10 0.0209 146 457 224 504
D10 0.0208 237 61 352 121
D10 0.0208 183 292 240 325
D10 0.0207 117 43 167 65
D10 0.0207 141 360 212 391
D10 0.0206 113 61 210 121
D10 0.0205 248 102 338 138
D10 0.0205 270 196 364 229
D10 0.0204 456 113 513 134
D10 0.0204 94 469 178 508
D10 0.0203 70 31 176 84
D10 0.0202 107 9 158 32
D10 0.0201 39 130 129 162
D10 0.0201 47 320 126 354
D10 0.0200 99 181 163 215
D10 0.0200 185 262 228 283
D10 0.0198 331 71 432 100
D10 0.0197 229 112 286 132
D10 0.0196 120 34 183 56
D10 0.0195 417 222 481 246
D10 0.0195 492 69 537 95
D10 0.0195 244 31 316 60
D10 0.0195 188 164 264 194
D10 0.0194 414 178 494 198
D10 0.0194 130 220 197 239
D10 0.0193 407 303 454 323
D10 0.0192 167 118 282 176
D10 0.0192 342 66 423 91
D10 0.0192 134 2 201 45
D10 0.0192 4 326 121 393
D10 0.0191 339 78 407 95
D10 0.0191 127 262 184 284
D10 0.0190 72 18 123 42
D10 0.0190 278 120 337 140
D10 0.0190 155 10 199 28
D10 0.0190 9 201 81 228
D10 0.0189 334 472 418 514
D10 0.0189 175 101 316 164
D10 0.0188 277 22 345 50
D10 0.0188 45 94 122 118
D10 0.0187 140 317 194 353
D10 0.0187 170 414 251 451
D10 0.0187 493 91 537 114
D10 0.0187 131 38 260 105
D10 0.0186 16 212 71 232
D10 0.0186 289 85 346 105
D10 0.0186 0 114 71 154
D10 0.0185 73 284 189 341
D10 0.0185 497 136 540 158
D10 0.0185 229 449 320 484
D10 0.0184 169 460 242 495
D10 0.0183 221 115 293 141
D10 0.0183 109 34 155 56
D10 0.0182 483 281 537 315
D10 0.0182 181 99 287 131
D10 0.0182 92 56 160 87
D10 0.0182 110 475 173 496
D10 0.0181 274 124 342 150
D10 0.0181 159 116 250 146
D10 0.0180 255 178 323 197
D10 0.0179 165 465 214 489
D10 0.0179 274 141 383 186
D10 0.0179 16 137 105 169
D10 0.0178 461 243 511 266
D10 0.0177 140 457 193 498
D10 0.0177 310 319 380 347
D10 0.0177 146 1 193 19
D10 0.0177 381 68 498 109
D10 0.0176 228 109 324 145
D10 0.0176 212 43 338 101
D10 0.0176 107 175 175 207
D10 0.0176 454 76 521 96
D10 0.0176 276 82 374 127
D10 0.0176 409 147 501 181
D10 0.0175 339 172 413 193
D10 0.0175 476 266 533 301
D10 0.0175 177 278 293 348
D10 0.0174 452 224 501 248
D10 0.0174 143 310 214 341
D10 0.0174 211 302 272 335
D10 0.0174 72 112 156 148
D10 0.0173 0 85 136 141
D10 0.0173 207 303 249 330
D10 0.0173 121 250 193 281
D10 0.0173 104 194 153 219
D10 0.0172 250 44 309 65
D10 0.0171 165 471 214 501
D10 0.0170 225 0 337 39
D10 0.0170 287 77 432 132
D10 0.0169 106 132 235 187
D10 0.0169 192 234 245 262
D10 0.0169 404 123 450 144
D10 0.0168 77 336 153 373
D10 0.0168 236 256 295 277
D10 0.0167 476 107 534 138
D10 0.0167 67 108 206 174
D10 0.0167 252 260 314 286
D10 0.0167 130 0 215 28
D10 0.0167 28 27 82 46
D10 0.0166 177 265 233 298
D10 0.0166 184 201 266 249
D10 0.0166 477 237 532 257
D10 0.0165 102 373 184 411
D10 0.0165 24 97 112 132
D10 0.0165 108 0 174 26
D10 0.0164 312 163 367 186
D10 0.0163 415 163 496 186
D10 0.0163 96 110 147 133
D10 0.0163 156 43 208 76
D10 0.0163 208 82 335 140
D10 0.0163 188 253 228 277
D10 0.0162 124 374 176 396
D10 0.0162 109 115 234 165
D10 0.0162 53 68 132 91
D10 0.0162 209 168 280 187
D10 0.0161 262 284 338 327
D10 0.0161 3 70 53 90
D10 0.0160 165 428 277 501
D10 0.0160 169 167 240 197
D10 0.0160 198 0 295 33
D10 0.0159 68 330 123 353
D10 0.0159 98 124 162 152
D10 0.0159 90 165 156 198
D10 0.0159 246 110 305 132
D10 0.0159 235 21 307 51
D10 0.0159 406 289 492 328
D10 0.0159 116 89 213 135
D10 0.0158 278 112 335 133
D10 0.0158 460 202 538 251
D10 0.0157 155 263 210 286
D10 0.0157 204 298 249 320
D10 0.0156 155 298 231 329
D10 0.0156 233 155 290 180
D10 0.0156 177 179 269 237
D10 0.0156 34 117 110 147
D10 0.0155 338 107 442 137
D10 0.0155 125 276 192 306
D10 0.0155 153 456 192 479
D10 0.0154 489 119 534 143
D10 0.0154 181 451 250 485
D10 0.0153 478 98 536 127
D10 0.0153 153 107 238 138
D10 0.0153 269 300 349 345
D10 0.0153 303 322 350 344
D10 0.0152 426 105 495 125
D10 0.0152 263 192 335 222
D10 0.0152 485 187 540 220
D10 0.0152 152 27 248 64
D10 0.0152 141 480 193 507
D10 0.0152 163 33 284 74
D10 0.0151 93 209 133 230
D10 0.0151 60 120 146 156
D10 0.0151 332 57 413 86
D10 0.0151 461 182 537 233
D10 0.0151 234 57 308 82
D10 0.0151 131 118 189 138
D10 0.0150 396 111 462 135
D10 0.0150 293 19 349 40
D10 0.0149 58 137 114 156
D10 0.0149 225 41 299 67
D10 0.0149 240 104 295 126
D10 0.0148 18 73 141 114
D10 0.0148 210 445 286 484
D10 0.0148 97 177 147 201
D10 0.0148 288 107 356 135
D10 0.0148 227 271 330 319
D10 0.0147 405 232 479 261
D10 0.0147 27 271 82 293
D10 0.0147 0 63 80 94
D10 0.0147 358 380 445 415
D10 0.0147 502 152 540 174
D10 0.0147 15 221 71 241
D10 0.0146 440 260 525 304
D10 0.0146 438 138 520 172
D10 0.0146 331 178 404 199
D10 0.0145 0 255 34 280
D10 0.0145 60 99 133 126
D10 0.0145 153 159 240 189
D10 0.0145 331 118 407 142
D10 0.0145 113 353 194 398
D10 0.0145 238 92 357 159
D10 0.0144 403 163 449 186
D10 0.0144 204 222 266 244
D10 0.0144 161 17 228 45
D10 0.0144 465 348 533 368
D10 0.0144 462 244 534 293
D10 0.0144 60 116 129 144
D10 0.0143 116 279 163 300
D10 0.0143 285 12 338 33
D10 0.0143 314 78 409 110
D10 0.0142 258 151 344 180
D10 0.0142 25 209 106 234
D10 0.0142 159 0 255 31
D10 0.0142 151 62 295 124
D10 0.0142 156 0 201 15
D10 0.0142 405 209 482 241
D10 0.0141 243 87 330 126
D10 0.0141 92 339 151 359
D10 0.0141 192 243 237 271
D10 0.0141 392 87 481 122
D10 0.0141 306 380 442 439
D10 0.0141 178 147 258 182
D10 0.0140 191 454 284 508
D10 0.0140 483 263 530 286
D10 0.0140 1 43 40 66
D10 0.0140 198 257 244 285
D10 0.0139 256 183 325 215
D10 0.0139 466 59 538 90
D10 0.0139 0 263 26 286
D10 0.0139 13 20 100 50
D10 0.0139 263 449 336 488
D10 0.0139 344 161 430 191
D10 0.0138 499 294 535 317
D10 0.0138 4 312 90 351
D10 0.0137 211 135 281 194
D10 0.0137 0 51 40 74
D10 0.0137 181 114 249 132
D10 0.0136 183 422 234 441
D10 0.0136 91 169 136 190
D10 0.0135 452 80 525 108
D10 0.0135 450 53 540 138
D10 0.0135 123 484 192 514
D10 0.0135 154 41 222 150
D10 0.0135 415 297 461 319
D10 0.0135 207 46 302 77
D10 0.0135 485 19 536 41
D10 0.0134 289 284 359 333
D10 0.0134 21 19 72 39
D10 0.0134 0 299 64 330
D10 0.0134 51 103 111 122
D10 0.0133 185 275 248 307
D10 0.0133 185 162 252 182
D10 0.0132 160 316 235 350
D10 0.0132 500 157 539 191
D10 0.0131 449 277 532 318
D10 0.0131 0 120 44 146
D10 0.0131 110 254 166 277
D10 0.0131 123 93 173 117
D10 0.0131 147 214 220 247
D10 0.0131 16 70 71 88
D10 0.0130 0 60 41 83
D10 0.0130 258 120 359 169
D10 0.0130 185 255 213 291
D10 0.0130 451 100 519 129
D10 0.0130 258 247 340 287
D10 0.0130 482 226 540 254
D10 0.0130 179 136 244 233
D10 0.0129 464 152 525 176
D10 0.0129 62 34 119 53
D10 0.0129 274 89 340 119
D10 0.0129 327 260 402 296
D10 0.0129 263 0 353 32
D10 0.0128 196 27 292 60
D10 0.0128 307 100 457 155
D10 0.0128 141 279 211 302
D10 0.0128 272 262 340 289
D10 0.0128 222 246 289 269
D10 0.0128 310 437 404 472
D10 0.0127 153 488 200 511
D10 0.0127 420 23 528 67
D10 0.0127 465 28 524 46
D10 0.0127 130 267 163 298
D10 0.0127 215 226 294 255
D10 0.0126 492 110 536 131
D10 0.0126 32 326 115 363
D10 0.0126 116 0 163 15
D10 0.0126 296 115 364 142
D10 0.0125 494 34 539 55
D10 0.0125 403 300 470 350
D10 0.0125 380 336 463 365
D10 0.0125 362 443 438 487
D10 0.0124 219 438 310 476
D10 0.0124 340 266 439 301
D10 0.0124 91 128 135 149
D10 0.0124 303 14 514 96
D10 0.0124 173 23 251 51
D10 0.0124 29 170 133 219
D10 0.0123 124 101 174 126
D10 0.0123 224 105 276 125
D10 0.0123 412 190 487 219
D10 0.0123 100 219 142 240
D10 0.0123 18 278 75 303
D10 0.0123 113 228 175 331
D10 0.0123 0 74 61 100
D10 0.0122 512 77 540 101
D10 0.0122 472 241 534 273
D10 0.0122 71 107 138 136
D10 0.0121 321 122 419 152
D10 0.0121 232 53 289 73
D10 0.0121 453 188 521 218
D10 0.0121 248 122 322 150
D10 0.0121 127 420 233 476
D10 0.0121 300 151 363 180
D10 0.0120 271 203 324 224
D10 0.0120 31 316 101 347
D10 0.0120 165 420 221 448
D10 0.0120 145 248 214 283
D10 0.0120 364 114 425 133
D10 0.0120 422 250 503 296
D10 0.0119 195 172 272 204
D10 0.0119 288 204 346 223
D10 0.0119 322 482 395 527
D10 0.0119 247 155 314 178
D10 0.0119 195 285 255 317
D10 0.0118 265 103 319 126
D10 0.0118 373 345 448 371
D10 0.0118 244 295 331 336
D10 0.0118 152 202 216 226
D10 0.0118 280 297 336 332
D10 0.0118 45 106 118 137
D10 0.0118 230 3 288 22
D10 0.0118 37 11 90 33
D10 0.0118 207 290 294 332
D10 0.0117 309 321 402 359
D10 0.0117 143 314 192 336
D10 0.0117 209 455 253 477
D10 0.0116 283 269 348 298
D10 0.0116 117 381 166 404
D10 0.0116 402 199 479 229
D10 0.0116 408 95 462 115
D10 0.0116 503 193 540 217
D10 0.0116 462 13 540 45
D10 0.0116 220 118 312 158
D10 0.0115 0 281 54 318
D10 0.0115 471 28 540 62
D10 0.0115 393 82 461 108
D10 0.0114 97 325 169 357
D10 0.0114 277 444 363 483
D10 0.0114 226 70 318 112
D10 0.0113 215 309 257 340
D10 0.0113 13 27 61 48
D10 0.0113 243 267 307 294
D10 0.0113 514 161 540 186
D10 0.0113 281 98 349 129
D10 0.0113 475 254 522 277
D10 0.0113 391 280 465 322
D10 0.0113 168 270 214 294
D10 0.0112 285 35 340 57
D10 0.0112 1 35 39 59
D10 0.0112 287 120 372 157
D10 0.0112 304 112 396 146
D10 0.0112 4 196 50 221
D10 0.0112 202 189 277 219
D10 0.0112 116 171 167 194
D10 0.0112 294 116 442 176
D10 0.0112 0 296 45 321
D10 0.0111 10 61 60 83
D10 0.0111 366 75 442 99
D10 0.0111 255 118 314 139
D10 0.0111 71 151 166 203
D10 0.0111 162 8 229 33
D10 0.0111 251 444 316 474
D10 0.0111 416 271 508 312
D10 0.0111 223 456 269 476
D10 0.0111 125 121 195 150
D10 0.0111 87 102 142 124
D10 0.0111 462 326 537 359
D10 0.0111 155 451 209 485
D10 0.0110 207 23 280 50
D10 0.0110 249 162 291 187
D10 0.0109 0 304 34 326
D10 0.0109 9 344 143 411
D10 0.0109 267 94 319 117
D10 0.0109 34 205 96 224
D10 0.0109 138 299 204 332
D10 0.0109 359 459 433 507
D10 0.0109 237 457 292 476
D10 0.0109 63 58 139 85
D10 0.0109 30 144 91 164
D10 0.0109 7 17 49 38
D10 0.0109 123 127 175 146
D10 0.0109 235 92 304 121
D10 0.0108 0 199 34 231
D10 0.0108 231 35 290 56
D10 0.0108 185 31 260 57
D10 0.0108 287 294 329 318
D10 0.0108 450 257 513 291
D10 0.0108 318 310 392 341
D10 0.0108 430 135 512 157
D10 0.0108 191 435 269 482
D10 0.0107 134 364 185 388
D10 0.0107 359 477 435 525
D10 0.0107 50 127 187 194
D10 0.0106 0 321 77 362
D10 0.0106 307 314 356 340
D10 0.0106 10 362 93 399
D10 0.0106 21 154 107 189
D10 0.0106 483 251 540 282
D10 0.0106 219 142 286 175
D10 0.0106 503 101 540 123
D10 0.0105 17 229 71 250
D10 0.0105 45 77 123 100
D10 0.0105 0 317 61 347
D10 0.0105 333 164 397 187
D10 0.0105 472 222 524 244
D10 0.0105 0 230 49 263
D10 0.0105 151 128 248 164
D10 0.0104 154 47 232 87
D10 0.0104 367 431 488 498
D10 0.0104 21 93 95 118
D10 0.0104 337 446 415 475
D10 0.0104 172 456 226 479
D10 0.0104 376 97 464 132
D10 0.0103 104 140 173 170
D10 0.0103 331 414 452 487
D10 0.0103 52 334 126 372
D10 0.0103 435 111 485 136
D10 0.0103 1 26 38 48
D10 0.0103 286 8 394 47
D10 0.0103 295 128 349 147
D10 0.0103 466 380 533 410
D10 0.0103 19 121 72 146
D10 0.0102 19 9 70 32
D10 0.0102 183 123 255 154
D10 0.0102 0 308 51 338
D10 0.0102 164 420 237 465
D10 0.0102 305 447 377 475
D10 0.0102 304 472 378 519
D10 0.0102 0 151 65 192
D10 0.0102 296 312 340 339
D10 0.0101 97 161 146 184
D10 0.0101 399 77 456 97
D10 0.0101 92 42 139 64
D10 0.0101 340 352 413 379
D10 0.0101 0 267 35 315
D10 0.0101 20 34 140 78
D10 0.0101 0 403 146 498
D10 0.0101 208 203 305 242
D10 0.0101 438 211 493 242
D10 0.0101 221 198 295 226
D10 0.0101 0 212 25 234
D10 0.0101 297 102 382 138
D10 0.0100 468 103 521 122
D10 0.0100 323 266 378 289
D10 0.0100 1 169 88 221
D10 0.0100 281 132 349 161
D10 0.0100 75 318 150 351
D10 0.0100 445 192 522 239
D10 0.0100 27 217 104 245
D10 0.0100 63 10 117 33
D10 0.0100 500 303 535 324
D10 0.0100 0 160 41 182
D10 0.0100 20 255 74 278
D20 0.5565 17 44 520 487
D20 0.4710 73 148 424 538
D20 0.4173 67 72 300 454
D20 0.2937 38 318 481 523
D20 0.2605 23 168 263 525
D20 0.2491 67 16 283 261
D20 0.2284 132 57 540 328
D20 0.1931 393 115 540 206
D20 0.1881 13 145 284 372
D20 0.1823 1 35 378 341
D20 0.1670 104 12 216 126
D20 0.1565 248 62 540 503
D20 0.1559 31 356 322 536
D20 0.1393 109 203 540 393
D20 0.1364 214 51 540 216
D20 0.1193 87 393 422 540
D20 0.1159 51 215 371 429
D20 0.1147 0 24 215 452
D20 0.1115 315 32 538 358
D20 0.1069 181 232 487 538
D20 0.1012 250 28 405 98
D20 0.1006 111 227 317 540
D20 0.0973 0 3 251 187
D20 0.0945 35 31 508 237
D20 0.0878 11 212 222 416
D20 0.0837 147 18 198 75
D20 0.0825 96 34 234 176
D20 0.0800 89 14 326 166
D20 0.0795 93 433 295 530
D20 0.0785 343 71 540 244
D20 0.0739 40 197 180 317
D20 0.0734 275 34 474 90
D20 0.0699 0 63 236 285
D20 0.0691 71 173 234 288
D20 0.0680 128 275 251 385
D20 0.0679 90 126 263 236
D20 0.0671 239 9 372 78
D20 0.0650 0 282 211 540
D20 0.0639 85 83 364 225
D20 0.0632 400 72 540 165
D20 0.0630 83 9 201 78
D20 0.0628 37 16 206 101
D20 0.0620 56 43 221 133
D20 0.0619 236 390 530 540
D20 0.0616 175 198 266 358
D20 0.0606 121 44 160 118
D20 0.0603 115 16 201 62
D20 0.0596 255 51 402 120
D20 0.0584 105 191 246 330
D20 0.0584 444 118 538 256
D20 0.0580 121 15 237 78
D20 0.0559 456 217 538 373
D20 0.0558 0 190 166 282
D20 0.0545 66 0 265 127
D20 0.0545 147 406 264 530
D20 0.0544 362 147 540 444
D20 0.0536 117 32 206 81
D20 0.0536 171 195 308 291
D20 0.0534 194 32 524 144
D20 0.0530 107 93 283 206
D20 0.0513 111 448 249 516
D20 0.0508 122 117 346 404
D20 0.0508 0 404 238 540
D20 0.0494 403 122 524 157
D20 0.0493 293 265 540 475
D20 0.0492 138 329 290 534
D20 0.0492 4 209 154 359
D20 0.0488 365 32 534 92
D20 0.0483 74 137 204 259
D20 0.0480 70 145 158 294
D20 0.0467 16 262 198 360
D20 0.0465 114 37 174 95
D20 0.0462 109 48 433 194
D20 0.0459 130 161 281 274
D20 0.0455 293 129 485 202
D20 0.0448 113 75 288 327
D20 0.0443 90 61 204 230
D20 0.0410 161 176 401 456
D20 0.0410 290 55 377 93
D20 0.0409 325 16 499 78
D20 0.0394 0 223 141 465
D20 0.0392 237 9 321 47
D20 0.0391 0 196 94 329
D20 0.0389 239 22 353 120
D20 0.0388 0 134 184 326
D20 0.0387 96 388 235 507
D20 0.0381 282 22 432 74
D20 0.0378 0 263 86 408
D20 0.0373 102 9 187 49
D20 0.0371 350 40 481 81
D20 0.0364 63 18 197 195
D20 0.0364 244 65 382 146
D20 0.0363 188 222 258 271
D20 0.0361 160 20 390 298
D20 0.0351 172 170 334 260
D20 0.0349 264 69 353 104
D20 0.0349 306 45 394 84
D20 0.0349 105 24 162 85
D20 0.0348 147 121 299 219
D20 0.0346 338 100 516 172
D20 0.0337 403 142 510 186
D20 0.0334 78 78 160 115
D20 0.0334 389 42 540 123
D20 0.0333 119 470 318 540
D20 0.0333 195 94 449 371
D20 0.0329 104 9 311 97
D20 0.0325 71 217 188 368
D20 0.0322 430 132 524 180
D20 0.0322 95 8 150 62
D20 0.0321 147 463 225 509
D20 0.0319 79 60 166 100
D20 0.0318 406 0 540 290
D20 0.0314 125 5 424 113
D20 0.0314 400 236 540 540
D20 0.0312 200 107 371 186
D20 0.0300 260 17 341 55
D20 0.0295 121 471 207 513
D20 0.0294 296 57 488 118
D20 0.0293 476 120 538 177
D20 0.0290 71 2 169 130
D20 0.0288 217 2 305 36
D20 0.0288 93 162 131 236
D20 0.0282 493 137 540 208
D20 0.0281 134 18 269 203
D20 0.0278 274 70 448 140
D20 0.0278 269 37 352 75
D20 0.0274 114 1 163 72
D20 0.0271 0 6 177 67
D20 0.0270 109 60 155 127
D20 0.0269 21 248 124 378
D20 0.0268 136 319 214 368
D20 0.0266 154 21 235 61
D20 0.0262 81 58 189 149
D20 0.0262 0 200 41 261
D20 0.0261 280 42 371 163
D20 0.0260 85 178 165 224
D20 0.0258 185 222 237 294
D20 0.0257 13 156 191 246
D20 0.0256 68 17 174 64
D20 0.0250 170 457 249 531
D20 0.0249 252 29 325 77
D20 0.0245 42 11 135 44
D20 0.0245 499 268 539 342
D20 0.0244 103 0 540 174
D20 0.0244 186 227 320 336
D20 0.0243 283 75 369 112
D20 0.0242 76 0 239 57
D20 0.0241 319 53 422 88
D20 0.0240 336 26 458 68
D20 0.0237 462 172 540 319
D20 0.0235 319 37 407 73
D20 0.0235 333 76 510 150
D20 0.0234 328 0 540 131
D20 0.0231 129 461 232 540
D20 0.0229 32 150 132 292
D20 0.0229 0 142 80 288
D20 0.0226 72 204 127 276
D20 0.0224 34 471 234 540
D20 0.0223 0 60 189 127
D20 0.0221 161 282 311 383
D20 0.0220 392 19 528 76
D20 0.0219 55 357 187 527
D20 0.0218 54 105 179 231
D20 0.0217 90 153 154 218
D20 0.0211 479 263 538 317
D20 0.0207 499 297 537 375
D20 0.0204 45 73 184 180
D20 0.0204 124 172 168 244
D20 0.0203 131 452 198 505
D20 0.0202 42 269 146 400
D20 0.0201 198 24 369 154
D20 0.0199 71 94 160 131
D20 0.0197 262 115 396 205
D20 0.0196 222 4 323 69
D20 0.0195 141 304 190 372
D20 0.0193 156 430 239 505
D20 0.0192 492 97 539 168
D20 0.0192 186 238 270 284
D20 0.0192 93 180 187 303
D20 0.0189 216 17 307 54
D20 0.0188 388 76 488 201
D20 0.0187 74 41 164 83
D20 0.0187 0 259 43 326
D20 0.0185 260 85 340 125
D20 0.0185 66 5 169 47
D20 0.0184 309 83 456 181
D20 0.0183 278 28 365 65
D20 0.0183 406 158 505 201
D20 0.0183 1 9 37 78
D20 0.0183 90 117 161 241
D20 0.0182 87 23 145 78
D20 0.0181 375 368 529 540
D20 0.0180 101 0 189 29
D20 0.0177 127 217 169 292
D20 0.0177 0 303 61 441
D20 0.0176 94 163 190 207
D20 0.0175 0 209 31 289
D20 0.0174 516 150 540 219
D20 0.0173 28 36 163 226
D20 0.0173 87 139 125 212
D20 0.0173 0 161 30 236
D20 0.0172 470 236 521 310
D20 0.0172 119 429 202 527
D20 0.0171 250 0 339 33
D20 0.0169 2 0 53 43
D20 0.0167 0 275 74 323
D20 0.0166 144 0 345 59
D20 0.0162 239 45 325 183
D20 0.0162 0 238 67 348
D20 0.0161 184 76 277 211
D20 0.0161 177 401 317 540
D20 0.0161 384 30 465 67
D20 0.0160 99 126 139 206
D20 0.0160 495 70 540 131
D20 0.0156 94 59 163 189
D20 0.0156 477 84 539 145
D20 0.0156 124 198 167 266
D20 0.0155 147 67 264 170
D20 0.0155 150 0 203 56
D20 0.0154 181 14 308 194
D20 0.0154 290 34 340 97
D20 0.0154 135 0 209 97
D20 0.0154 291 0 393 105
D20 0.0154 12 12 101 44
D20 0.0153 78 155 120 229
D20 0.0153 302 83 375 122
D20 0.0152 216 142 289 187
D20 0.0152 258 60 320 113
D20 0.0152 10 27 153 119
D20 0.0152 0 217 57 281
D20 0.0152 122 247 191 301
D20 0.0151 154 20 219 109
D20 0.0151 369 120 445 159
D20 0.0151 302 43 379 126
D20 0.0150 412 105 499 146
D20 0.0150 135 56 210 165
D20 0.0148 0 116 44 175
D20 0.0148 307 43 360 101
D20 0.0146 29 389 144 540
D20 0.0146 265 74 359 198
D20 0.0144 225 0 365 48
D20 0.0144 0 33 45 86
D20 0.0143 43 102 133 141
D20 0.0142 0 188 48 238
D20 0.0141 189 0 442 79
D20 0.0140 82 0 152 91
D20 0.0140 320 451 540 540
D20 0.0139 107 470 176 520
D20 0.0139 119 146 163 219
D20 0.0139 137 10 181 68
D20 0.0138 0 354 40 422
D20 0.0138 0 68 128 153
D20 0.0137 280 93 366 132
D20 0.0135 305 15 481 198
D20 0.0134 215 146 304 263
D20 0.0133 392 22 472 56
D20 0.0133 0 91 77 205
D20 0.0133 0 195 27 246
D20 0.0132 392 77 479 112
D20 0.0132 203 241 257 302
D20 0.0132 4 0 33 56
D20 0.0131 170 7 281 72
D20 0.0130 489 207 540 346
D20 0.0129 309 47 407 164
D20 0.0129 406 87 500 123
D20 0.0129 0 52 113 324
D20 0.0127 50 48 139 164
D20 0.0127 230 103 321 212
D20 0.0127 47 0 142 33
D20 0.0127 0 0 130 49
D20 0.0127 265 96 334 142
D20 0.0126 1 243 55 306
D20 0.0126 168 11 216 73
D20 0.0126 428 1 540 94
D20 0.0123 51 81 133 216
D20 0.0122 12 200 59 262
D20 0.0122 283 55 333 115
D20 0.0122 194 248 248 322
D20 0.0122 188 442 244 516
D20 0.0120 251 89 318 136
D20 0.0120 417 22 502 55
D20 0.0119 300 74 386 207
D20 0.0119 267 180 309 244
D20 0.0119 37 8 109 36
D20 0.0119 0 175 48 308
D20 0.0119 95 112 131 182
D20 0.0118 211 294 273 348
D20 0.0118 506 250 540 321
D20 0.0118 4 341 51 405
D20 0.0117 247 125 342 229
D20 0.0117 61 426 176 540
D20 0.0116 0 27 70 66
D20 0.0116 0 136 40 203
D20 0.0116 73 16 124 51
D20 0.0116 102 236 160 301
D20 0.0116 415 108 468 169
D20 0.0116 317 162 396 206
D20 0.0115 273 76 327 114
D20 0.0115 98 78 146 138
D20 0.0115 515 61 540 125
D20 0.0114 92 104 151 154
D20 0.0114 0 278 31 346
D20 0.0113 491 318 540 460
D20 0.0113 13 0 105 33
D20 0.0112 199 196 252 265
D20 0.0112 109 90 170 141
D20 0.0112 0 44 39 108
D20 0.0111 100 120 159 176
D20 0.0111 463 222 513 280
D20 0.0110 428 473 540 540
D20 0.0110 316 402 459 540
D20 0.0110 56 33 144 70
D20 0.0109 138 210 186 284
D20 0.0108 35 27 131 57
D20 0.0108 132 236 212 293
D20 0.0107 237 39 306 82
D20 0.0107 475 426 540 540
D20 0.0107 106 135 173 203
D20 0.0107 249 1 397 195
D20 0.0107 428 90 509 139
D20 0.0106 86 95 126 161
D20 0.0106 293 0 462 65
D20 0.0106 313 104 412 218
D20 0.0106 136 188 190 255
D20 0.0105 209 436 256 512
D20 0.0105 160 297 217 372
D20 0.0104 119 92 158 161
D20 0.0104 22 241 73 309
D20 0.0104 0 10 125 96
D20 0.0104 0 294 85 524
D20 0.0103 327 37 430 138
D20 0.0103 133 465 183 531
D20 0.0103 0 247 24 316
D20 0.0103 0 119 44 255
D20 0.0102 0 474 108 540
D20 0.0101 461 335 540 540
D20 0.0101 397 425 509 540
D20 0.0101 404 92 470 139
D20 0.0100 23 304 125 443
D20 0.0100 141 335 193 404
D20 0.0100 90 59 141 116
D40 0.2792 256 127 531 318
D40 0.2623 220 191 523 387
D40 0.2384 107 327 462 522
D40 0.2363 225 361 365 432
D40 0.2255 443 231 493 258
D40 0.2124 352 161 516 264
D40 0.2020 347 157 526 351
D40 0.1998 331 107 529 253
D40 0.1952 195 253 534 456
D40 0.1946 127 166 231 210
D40 0.1895 383 132 540 218
D40 0.1851 242 376 345 416
D40 0.1826 344 198 512 302
D40 0.1688 244 372 342 452
D40 0.1670 287 229 518 343
D40 0.1639 308 158 502 225
D40 0.1563 410 226 520 264
D40 0.1536 209 346 329 453
D40 0.1509 387 198 522 263
D40 0.1441 189 383 505 528
D40 0.1375 247 376 312 408
D40 0.1374 90 251 345 527
D40 0.1327 394 129 513 312
D40 0.1308 115 326 246 423
D40 0.1287 330 179 483 236
D40 0.1278 331 259 509 370
D40 0.1251 401 220 525 301
D40 0.1250 162 370 403 475
D40 0.1222 118 312 388 459
D40 0.1199 252 387 358 431
D40 0.1176 227 366 303 427
D40 0.1162 243 339 344 421
D40 0.1161 241 382 377 476
D40 0.1144 188 317 305 440
D40 0.1088 348 146 502 207
D40 0.1079 291 276 516 418
D40 0.1078 188 336 450 434
D40 0.1065 125 276 238 397
D40 0.1062 426 233 521 282
D40 0.1053 146 332 266 465
D40 0.1048 232 358 329 407
D40 0.1045 137 413 423 540
D40 0.1031 337 172 471 214
D40 0.1005 0 229 161 330
D40 0.0988 137 177 216 200
D40 0.0981 242 63 540 263
D40 0.0955 134 341 220 409
D40 0.0931 393 183 515 239
D40 0.0898 415 205 536 361
D40 0.0895 150 167 219 233
D40 0.0892 357 188 441 224
D40 0.0879 391 167 522 213
D40 0.0877 402 149 534 198
D40 0.0877 82 143 247 249
D40 0.0866 347 197 540 488
D40 0.0858 262 52 339 90
D40 0.0849 162 290 276 422
D40 0.0846 137 153 499 291
D40 0.0845 139 315 189 373
D40 0.0841 184 349 272 449
D40 0.0838 221 137 513 229
D40 0.0836 252 352 451 494
D40 0.0825 63 442 223 521
D40 0.0823 129 371 231 415
D40 0.0818 186 299 459 401
D40 0.0813 162 378 327 524
D40 0.0807 162 345 285 411
D40 0.0802 129 320 204 395
D40 0.0795 504 340 537 371
D40 0.0794 51 243 271 464
D40 0.0794 263 46 394 103
D40 0.0791 125 245 448 395
D40 0.0791 146 361 264 427
D40 0.0786 147 54 200 126
D40 0.0776 282 332 533 516
D40 0.0773 424 96 535 270
D40 0.0765 276 169 434 216
D40 0.0759 276 268 456 355
D40 0.0743 28 210 192 311
D40 0.0737 196 298 367 532
D40 0.0735 139 157 209 203
D40 0.0728 229 433 469 532
D40 0.0723 451 216 527 276
D40 0.0721 364 203 486 250
D40 0.0720 409 131 438 164
D40 0.0712 122 52 197 107
D40 0.0704 439 141 533 235
D40 0.0701 254 325 394 426
D40 0.0698 442 228 502 273
D40 0.0694 277 368 368 423
D40 0.0690 76 343 312 505
D40 0.0689 330 337 513 435
D40 0.0683 377 305 540 377
D40 0.0680 253 9 328 46
D40 0.0676 192 378 308 447
D40 0.0675 427 220 491 256
D40 0.0673 206 314 354 413
D40 0.0655 201 357 292 403
D40 0.0655 154 377 224 405
D40 0.0655 262 362 323 433
D40 0.0642 101 364 242 469
D40 0.0639 98 308 216 378
D40 0.0638 77 434 199 495
D40 0.0633 300 63 381 97
D40 0.0632 137 88 496 219
D40 0.0625 444 225 487 250
D40 0.0623 384 117 518 180
D40 0.0621 145 33 200 100
D40 0.0620 397 252 517 447
D40 0.0619 85 457 183 504
D40 0.0618 164 71 197 106
D40 0.0617 157 354 251 400
D40 0.0615 251 17 373 74
D40 0.0613 493 328 540 375
D40 0.0612 111 378 270 523
D40 0.0610 360 212 499 272
D40 0.0603 121 50 163 97
D40 0.0602 4 248 122 360
D40 0.0598 439 167 533 206
D40 0.0598 164 202 400 493
D40 0.0596 59 260 154 295
D40 0.0592 182 372 274 416
D40 0.0586 86 229 144 287
D40 0.0584 146 184 218 208
D40 0.0580 263 391 325 421
D40 0.0572 330 369 514 478
D40 0.0569 13 240 189 389
D40 0.0562 385 361 540 440
D40 0.0560 259 36 336 73
D40 0.0556 400 129 496 168
D40 0.0555 59 194 164 296
D40 0.0555 311 70 371 92
D40 0.0552 270 249 435 326
D40 0.0550 258 400 354 456
D40 0.0549 289 49 459 96
D40 0.0548 472 311 535 375
D40 0.0547 303 303 479 385
D40 0.0540 399 331 476 361
D40 0.0537 140 171 187 204
D40 0.0528 173 203 475 305
D40 0.0528 113 298 317 396
D40 0.0524 31 241 121 312
D40 0.0523 374 195 461 232
D40 0.0522 168 322 246 396
D40 0.0519 100 362 216 425
D40 0.0516 448 228 530 333
D40 0.0516 322 174 454 274
D40 0.0514 318 157 454 201
D40 0.0510 112 55 166 119
D40 0.0508 252 288 382 488
D40 0.0501 205 327 252 429
D40 0.0498 413 330 538 385
D40 0.0497 40 282 215 373
D40 0.0496 386 130 452 166
D40 0.0495 11 279 217 490
D40 0.0492 78 164 183 266
D40 0.0490 446 241 499 264
D40 0.0489 269 69 526 174
D40 0.0487 221 331 269 428
D40 0.0485 443 305 540 408
D40 0.0484 260 380 409 438
D40 0.0482 126 282 247 498
D40 0.0478 291 186 413 225
D40 0.0477 265 29 355 91
D40 0.0475 64 187 134 228
D40 0.0474 162 348 225 446
D40 0.0473 237 148 431 207
D40 0.0471 58 463 177 531
D40 0.0471 80 447 144 514
D40 0.0471 394 126 478 195
D40 0.0470 351 324 525 394
D40 0.0470 511 346 539 379
D40 0.0469 270 52 330 74
D40 0.0468 188 212 240 278
D40 0.0468 121 60 165 83
D40 0.0461 83 401 231 497
D40 0.0460 208 163 392 223
D40 0.0459 128 55 151 106
D40 0.0459 316 77 377 97
D40 0.0458 455 336 533 380
D40 0.0457 437 159 520 190
D40 0.0457 234 371 291 459
D40 0.0456 105 299 201 442
D40 0.0453 214 357 279 478
D40 0.0452 13 197 153 264
D40 0.0451 280 282 417 403
D40 0.0450 13 257 100 332
D40 0.0449 438 203 522 253
D40 0.0449 271 60 330 83
D40 0.0447 433 175 522 277
D40 0.0447 24 232 139 288
D40 0.0446 211 391 322 468
D40 0.0443 273 67 381 110
D40 0.0441 255 370 298 402
D40 0.0440 140 314 235 375
D40 0.0439 220 219 425 361
D40 0.0436 414 339 469 360
D40 0.0436 144 61 197 95
D40 0.0435 414 316 539 457
D40 0.0433 131 289 205 368
D40 0.0433 141 164 413 364
D40 0.0433 380 183 451 212
D40 0.0432 369 175 445 201
D40 0.0431 106 157 216 229
D40 0.0427 90 191 121 225
D40 0.0425 112 353 203 401
D40 0.0425 455 170 529 245
D40 0.0425 313 295 461 489
D40 0.0423 366 129 474 250
D40 0.0421 380 196 436 217
D40 0.0420 70 269 168 304
D40 0.0419 80 251 171 291
D40 0.0418 262 384 324 472
D40 0.0417 255 173 376 212
D40 0.0415 177 376 247 451
D40 0.0414 258 420 413 512
D40 0.0412 415 347 537 410
D40 0.0407 499 352 538 375
D40 0.0405 75 191 148 267
D40 0.0405 129 385 232 432
D40 0.0405 170 179 215 216
D40 0.0405 466 129 528 216
D40 0.0405 0 416 241 540
D40 0.0405 358 191 440 255
D40 0.0404 289 270 407 322
D40 0.0403 480 265 540 407
D40 0.0402 73 415 153 540
D40 0.0402 151 375 214 395
D40 0.0402 18 272 165 351
D40 0.0401 160 282 238 327
D40 0.0401 54 225 134 274
D40 0.0398 148 78 200 115
D40 0.0398 96 471 203 523
D40 0.0396 159 26 194 67
D40 0.0395 261 11 318 34
D40 0.0395 307 165 387 216
D40 0.0393 293 449 438 538
D40 0.0391 287 340 464 417
D40 0.0391 307 22 388 53
D40 0.0390 271 65 343 95
D40 0.0390 481 160 540 211
D40 0.0389 137 43 197 79
D40 0.0388 62 240 156 310
D40 0.0387 369 381 529 523
D40 0.0386 320 263 467 329
D40 0.0386 89 439 174 476
D40 0.0385 205 167 295 203
D40 0.0383 314 203 471 379
D40 0.0383 128 349 191 443
D40 0.0382 99 196 127 231
D40 0.0381 50 213 137 339
D40 0.0376 123 179 198 211
D40 0.0376 4 244 84 314
D40 0.0374 124 78 153 114
D40 0.0373 76 202 124 225
D40 0.0372 107 44 187 88
D40 0.0371 96 244 129 281
D40 0.0369 3 136 58 156
D40 0.0362 88 186 138 244
D40 0.0361 84 271 149 290
D40 0.0361 250 179 385 233
D40 0.0361 271 159 393 199
D40 0.0361 493 275 535 375
D40 0.0360 6 202 123 298
D40 0.0359 297 34 387 91
D40 0.0357 391 134 439 158
D40 0.0357 407 135 459 160
D40 0.0356 388 323 516 365
D40 0.0355 381 203 436 224
D40 0.0353 469 121 540 308
D40 0.0353 219 251 345 455
D40 0.0351 63 390 172 502
D40 0.0351 33 268 151 320
D40 0.0351 145 334 184 364
D40 0.0350 512 170 540 205
D40 0.0349 144 338 199 373
D40 0.0349 35 181 166 245
D40 0.0347 369 187 432 209
D40 0.0345 167 59 203 136
D40 0.0345 121 307 183 358
D40 0.0344 0 123 92 160
D40 0.0344 470 343 540 370
D40 0.0344 119 53 167 75
D40 0.0343 381 164 475 199
D40 0.0343 112 213 201 250
D40 0.0342 57 202 130 243
D40 0.0340 185 173 363 253
D40 0.0339 91 450 193 482
D40 0.0338 204 365 252 471
D40 0.0338 411 164 486 253
D40 0.0337 161 51 197 86
D40 0.0337 0 296 138 384
D40 0.0336 94 221 131 274
D40 0.0334 224 176 301 217
D40 0.0331 223 324 295 401
D40 0.0331 185 386 273 434
D40 0.0329 88 262 143 285
D40 0.0328 160 369 231 398
D40 0.0328 297 283 428 338
D40 0.0328 117 167 180 224
D40 0.0328 302 260 424 304
D40 0.0327 119 220 171 239
D40 0.0327 256 396 320 440
D40 0.0327 394 227 483 291
D40 0.0325 258 185 418 266
D40 0.0325 119 71 209 124
D40 0.0325 258 325 332 402
D40 0.0324 117 449 207 512
D40 0.0323 241 401 354 520
D40 0.0321 164 383 231 415
D40 0.0321 15 425 175 509
D40 0.0320 109 26 184 123
D40 0.0320 85 83 164 125
D40 0.0320 269 45 329 65
D40 0.0320 84 319 192 366
D40 0.0320 351 54 483 91
D40 0.0319 269 409 347 482
D40 0.0319 266 17 327 39
D40 0.0319 290 372 356 452
D40 0.0317 376 241 503 315
D40 0.0317 299 168 371 194
D40 0.0317 465 363 535 431
D40 0.0316 247 25 330 64
D40 0.0316 14 288 96 359
D40 0.0313 362 281 471 369
D40 0.0312 378 287 459 327
D40 0.0310 277 291 396 359
D40 0.0310 408 375 532 421
D40 0.0307 360 124 450 156
D40 0.0306 485 340 538 414
D40 0.0305 117 328 175 422
D40 0.0305 156 452 318 539
D40 0.0304 399 148 464 234
D40 0.0302 88 158 164 232
D40 0.0302 255 355 308 413
D40 0.0301 131 58 197 83
D40 0.0300 199 335 284 389
D40 0.0300 368 44 458 80
D40 0.0299 99 421 149 507
D40 0.0299 130 187 222 222
D40 0.0298 140 315 177 352
D40 0.0297 291 73 364 101
D40 0.0297 139 107 242 153
D40 0.0296 383 166 445 247
D40 0.0296 321 32 391 58
D40 0.0295 115 216 176 280
D40 0.0295 82 354 192 481
D40 0.0295 125 66 174 90
D40 0.0294 142 118 323 259
D40 0.0293 259 254 381 312
D40 0.0293 307 201 380 224
D40 0.0292 274 384 321 413
D40 0.0292 398 187 466 266
D40 0.0291 87 66 163 110
D40 0.0291 29 315 201 402
D40 0.0291 282 356 403 407
D40 0.0290 67 245 192 347
D40 0.0290 296 135 430 323
D40 0.0289 489 176 537 202
D40 0.0289 145 366 210 470
D40 0.0285 115 332 188 380
D40 0.0285 73 239 127 286
D40 0.0284 349 350 486 408
D40 0.0283 148 359 216 390
D40 0.0281 147 343 227 385
D40 0.0280 142 87 216 148
D40 0.0279 346 136 468 189
D40 0.0279 238 301 315 415
D40 0.0279 320 28 377 47
D40 0.0278 194 219 224 260
D40 0.0278 23 254 103 297
D40 0.0277 91 430 141 480
D40 0.0277 153 171 219 193
D40 0.0275 269 266 359 422
D40 0.0275 297 26 419 68
D40 0.0274 193 302 257 385
D40 0.0273 146 379 246 494
D40 0.0272 106 376 183 449
D40 0.0272 314 36 399 73
D40 0.0272 385 275 520 349
D40 0.0272 390 172 445 192
D40 0.0271 301 356 422 434
D40 0.0271 128 215 163 244
D40 0.0271 438 135 540 408
D40 0.0271 430 112 533 205
D40 0.0270 289 58 361 89
D40 0.0269 373 340 495 381
D40 0.0268 395 178 456 198
D40 0.0266 67 270 127 291
D40 0.0265 208 471 424 540
D40 0.0265 391 283 540 540
D40 0.0265 87 470 139 533
D40 0.0265 126 43 151 89
D40 0.0264 211 186 330 297
D40 0.0264 186 379 269 490
D40 0.0263 254 385 309 426
D40 0.0263 427 149 516 182
D40 0.0263 237 185 311 225
D40 0.0263 92 177 133 225
D40 0.0263 431 279 538 369
D40 0.0263 259 45 315 80
D40 0.0262 115 71 152 105
D40 0.0261 143 142 247 214
D40 0.0260 315 32 440 89
D40 0.0260 315 266 393 299
D40 0.0260 92 418 195 538
D40 0.0260 0 135 78 170
D40 0.0260 108 80 167 113
D40 0.0260 361 145 439 234
D40 0.0260 409 234 487 272
D40 0.0259 162 167 201 211
D40 0.0259 326 195 426 232
D40 0.0257 377 207 443 237
D40 0.0257 120 204 170 242
D40 0.0257 7 307 76 377
D40 0.0255 1 452 158 538
D40 0.0254 101 441 136 473
D40 0.0254 317 62 380 85
D40 0.0253 314 302 446 353
D40 0.0253 270 400 333 429
D40 0.0253 321 319 443 400
D40 0.0252 117 32 165 80
D40 0.0252 177 64 198 117
D40 0.0251 472 186 540 376
D40 0.0251 283 200 449 290
D40 0.0251 339 322 458 368
D40 0.0248 163 85 199 125
D40 0.0248 93 197 149 231
D40 0.0248 237 209 352 321
D40 0.0247 110 67 156 91
D40 0.0246 471 270 532 352
D40 0.0245 94 451 154 478
D40 0.0245 282 388 365 504
D40 0.0245 474 225 538 298
D40 0.0244 295 36 490 150
D40 0.0244 309 79 370 109
D40 0.0244 104 183 167 240
D40 0.0244 296 337 355 420
D40 0.0244 12 319 109 366
D40 0.0243 379 302 485 356
D40 0.0243 255 308 373 379
D40 0.0242 245 32 338 112
D40 0.0242 231 380 292 403
D40 0.0242 423 336 495 363
D40 0.0242 104 458 174 476
D40 0.0241 47 258 114 290
D40 0.0241 424 235 481 258
D40 0.0240 187 173 212 230
D40 0.0240 99 421 199 476
D40 0.0239 332 119 482 177
D40 0.0239 193 227 218 281
D40 0.0239 104 93 153 116
D40 0.0239 7 283 84 330
D40 0.0239 251 2 305 39
D40 0.0239 105 20 138 53
D40 0.0239 187 236 227 290
D40 0.0239 134 143 182 212
D40 0.0239 0 124 144 199
D40 0.0239 333 272 384 293
D40 0.0238 154 387 214 409
D40 0.0238 301 181 370 214
D40 0.0236 288 273 367 347
D40 0.0236 451 165 506 194
D40 0.0236 2 131 39 160
D40 0.0236 399 303 452 324
D40 0.0235 364 153 448 194
D40 0.0235 265 56 305 84
D40 0.0234 246 408 315 480
D40 0.0233 371 191 417 220
D40 0.0233 152 123 254 172
D40 0.0233 109 22 153 68
D40 0.0232 128 277 224 321
D40 0.0231 292 40 357 106
D40 0.0231 357 105 496 159
D40 0.0230 313 310 409 375
D40 0.0230 47 290 135 357
D40 0.0230 309 454 421 508
D40 0.0230 168 298 243 348
D40 0.0230 99 237 192 280
D40 0.0230 137 69 193 105
D40 0.0229 475 321 540 462
D40 0.0229 237 78 410 314
D40 0.0229 343 161 419 248
D40 0.0228 263 378 300 413
D40 0.0228 213 260 388 342
D40 0.0228 504 324 534 362
D40 0.0225 60 273 133 301
D40 0.0225 130 178 164 213
D40 0.0225 389 136 445 214
D40 0.0225 262 25 322 48
D40 0.0224 35 20 92 40
D40 0.0223 133 39 208 147
D40 0.0223 283 434 379 527
D40 0.0222 273 77 330 98
D40 0.0220 97 139 190 216
D40 0.0220 442 176 518 199
D40 0.0219 313 59 402 111
D40 0.0219 282 234 413 298
D40 0.0219 277 336 379 390
D40 0.0219 98 208 158 272
D40 0.0218 59 219 112 264
D40 0.0218 307 367 470 540
D40 0.0218 148 156 178 203
D40 0.0217 185 458 260 533
D40 0.0217 67 211 121 231
D40 0.0217 121 227 214 273
D40 0.0217 4 2 33 36
D40 0.0217 413 67 505 101
D40 0.0217 110 440 170 520
D40 0.0216 53 217 122 246
D40 0.0216 3 208 78 284
D40 0.0216 427 321 471 361
D40 0.0216 377 182 426 243
D40 0.0216 330 366 465 421
D40 0.0216 237 176 290 197
D40 0.0216 269 189 364 224
D40 0.0215 47 260 106 316
D40 0.0215 115 37 148 71
D40 0.0213 250 170 339 250
D40 0.0212 65 431 132 498
D40 0.0212 163 145 227 254
D40 0.0212 422 345 478 363
D40 0.0211 0 308 139 458
D40 0.0210 499 80 539 108
D40 0.0210 287 372 453 457
D40 0.0210 265 74 385 134
D40 0.0210 160 467 191 504
D40 0.0210 78 255 118 288
D40 0.0209 243 361 303 394
D40 0.0209 409 129 478 153
D40 0.0208 298 178 356 198
D40 0.0207 94 252 148 277
D40 0.0207 94 292 177 362
D40 0.0207 214 315 252 394
D40 0.0206 318 193 399 221
D40 0.0206 138 431 224 503
D40 0.0206 74 423 159 473
D40 0.0204 253 151 334 199
D40 0.0204 302 338 425 387
D40 0.0203 347 436 461 539
D40 0.0203 401 181 483 210
D40 0.0203 81 153 133 218
D40 0.0203 48 235 101 282
D40 0.0203 82 182 116 217
D40 0.0203 218 229 298 290
D40 0.0202 482 268 539 324
D40 0.0202 298 267 383 380
D40 0.0201 24 197 127 230
D40 0.0201 316 285 399 327
D40 0.0201 0 103 101 187
D40 0.0201 101 34 145 56
D40 0.0201 264 190 298 222
D40 0.0201 394 191 471 220
D40 0.0200 108 189 215 265
D40 0.0200 388 35 476 85
D40 0.0199 334 183 421 212
D40 0.0199 480 185 538 208
D40 0.0199 235 26 405 147
D40 0.0199 84 279 151 298
D40 0.0198 345 62 492 113
D40 0.0198 337 230 472 295
D40 0.0198 203 382 244 435
D40 0.0198 290 440 405 489
D40 0.0197 5 143 54 166
D40 0.0197 73 191 111 223
D40 0.0197 259 119 346 154
D40 0.0196 107 181 171 214
D40 0.0196 196 283 359 381
D40 0.0196 4 126 67 189
D40 0.0195 283 319 380 366
D40 0.0195 73 208 125 259
D40 0.0195 326 467 426 526
D40 0.0195 89 401 134 493
D40 0.0195 90 204 122 238
D40 0.0195 400 49 495 98
D40 0.0195 0 113 53 170
D40 0.0195 192 184 287 226
D40 0.0194 98 334 165 462
D40 0.0193 384 222 484 363
D40 0.0193 221 429 338 492
D40 0.0192 0 154 155 243
D40 0.0192 37 262 89 306
D40 0.0191 281 41 334 100
D40 0.0190 452 341 520 419
D40 0.0190 455 264 527 318
D40 0.0190 137 292 226 342
D40 0.0189 335 270 416 306
D40 0.0189 197 471 272 517
D40 0.0189 113 273 191 352
D40 0.0189 262 68 315 89
D40 0.0189 269 35 328 57
D40 0.0188 7 312 104 405
D40 0.0188 125 74 172 99
D40 0.0188 92 372 184 415
D40 0.0188 422 256 513 331
D40 0.0188 403 169 464 204
D40 0.0188 377 189 458 297
D40 0.0187 457 386 527 415
D40 0.0187 129 197 163 231
D40 0.0187 208 161 310 235
D40 0.0187 280 402 398 454
D40 0.0186 295 49 335 79
D40 0.0186 3 99 69 155
D40 0.0184 267 250 328 312
D40 0.0184 91 204 190 283
D40 0.0184 427 386 531 438
D40 0.0184 136 54 168 106
D40 0.0184 84 486 177 537
D40 0.0183 394 259 472 331
D40 0.0183 502 281 535 316
D40 0.0182 328 267 389 320
D40 0.0182 248 180 336 219
D40 0.0182 136 330 173 366
D40 0.0182 524 164 540 210
D40 0.0181 171 61 200 96
D40 0.0181 296 201 404 243
D40 0.0180 0 272 67 347
D40 0.0180 212 368 265 431
D40 0.0180 205 401 290 457
D40 0.0180 117 87 160 132
D40 0.0179 429 180 512 210
D40 0.0179 95 391 160 470
D40 0.0179 90 163 120 198
D40 0.0179 321 425 439 513
D40 0.0179 260 146 358 183
D40 0.0179 268 67 320 106
D40 0.0178 378 70 463 102
D40 0.0178 337 269 426 376
D40 0.0178 39 273 93 342
D40 0.0178 67 464 132 520
D40 0.0178 104 449 170 471
D40 0.0177 250 186 296 211
D40 0.0177 313 49 386 79
D40 0.0177 170 406 250 445
D40 0.0177 282 387 340 423
D40 0.0177 411 300 467 362
D40 0.0176 141 165 168 210
D40 0.0176 285 266 371 305
D40 0.0176 245 0 347 63
D40 0.0176 450 250 523 299
D40 0.0176 308 322 357 344
D40 0.0176 26 133 63 157
D40 0.0176 0 171 88 259
D40 0.0176 343 256 457 304
D40 0.0175 39 244 91 289
D40 0.0175 126 191 182 234
D40 0.0174 333 333 433 460
D40 0.0174 256 194 331 232
D40 0.0174 348 39 440 73
D40 0.0174 34 281 111 389
D40 0.0173 380 298 482 416
D40 0.0173 243 166 286 189
D40 0.0173 277 226 377 352
D40 0.0172 475 191 538 262
D40 0.0172 92 187 135 211
D40 0.0172 506 295 540 389
D40 0.0172 341 342 426 378
D40 0.0172 153 331 191 390
D40 0.0172 465 173 527 213
D40 0.0171 192 207 280 279
D40 0.0171 297 413 389 484
D40 0.0171 438 226 473 256
D40 0.0171 334 380 417 418
D40 0.0170 105 221 167 256
D40 0.0170 180 493 249 540
D40 0.0170 306 163 361 185
D40 0.0170 404 149 447 194
D40 0.0170 232 11 308 64
D40 0.0170 53 270 104 293
D40 0.0170 299 294 355 394
D40 0.0170 0 215 28 246
D40 0.0169 262 202 304 224
D40 0.0169 83 277 168 321
D40 0.0169 341 277 390 300
D40 0.0169 268 128 350 166
D40 0.0168 303 307 388 345
D40 0.0168 105 100 153 125
D40 0.0167 256 396 308 417
D40 0.0167 286 15 374 46
D40 0.0167 202 2 288 34
D40 0.0167 334 170 391 238
D40 0.0167 102 82 145 110
D40 0.0166 421 121 503 157
D40 0.0166 237 60 326 96
D40 0.0166 358 278 448 320
D40 0.0166 6 8 48 32
D40 0.0165 131 241 164 275
D40 0.0165 311 470 507 540
D40 0.0165 277 232 342 298
D40 0.0164 258 124 365 195
D40 0.0164 255 228 308 283
D40 0.0164 79 230 121 268
D40 0.0164 30 437 130 527
D40 0.0163 122 226 169 249
D40 0.0162 177 381 233 403
D40 0.0162 122 122 236 199
D40 0.0162 103 204 135 239
D40 0.0161 71 102 158 140
D40 0.0160 302 155 395 262
D40 0.0160 79 188 118 239
D40 0.0160 448 246 507 281
D40 0.0160 0 303 83 343
D40 0.0160 217 159 284 190
D40 0.0159 408 294 455 334
D40 0.0159 348 179 424 199
D40 0.0159 31 302 110 346
D40 0.0159 263 40 306 68
D40 0.0159 90 21 124 50
D40 0.0159 108 401 170 494
D40 0.0158 124 243 171 287
D40 0.0158 160 348 201 381
D40 0.0158 256 256 345 342
D40 0.0157 54 254 109 278
D40 0.0157 212 433 305 528
D40 0.0156 405 144 435 181
D40 0.0156 446 140 513 202
D40 0.0156 66 228 120 253
D40 0.0156 38 263 90 285
D40 0.0155 132 77 175 115
D40 0.0155 0 325 56 397
D40 0.0155 439 335 474 362
D40 0.0154 366 56 441 85
D40 0.0154 325 68 357 102
D40 0.0154 3 337 85 386
D40 0.0154 307 126 422 201
D40 0.0154 102 39 150 85
D40 0.0154 196 305 240 356
D40 0.0153 174 294 230 318
D40 0.0153 504 173 535 214
D40 0.0153 41 179 130 220
D40 0.0153 346 235 456 359
D40 0.0152 37 209 115 234
D40 0.0152 187 244 213 284
D40 0.0152 207 18 300 53
D40 0.0152 133 186 173 221
D40 0.0152 255 170 297 234
D40 0.0152 511 288 539 323
D40 0.0152 114 400 218 457
D40 0.0152 433 302 498 377
D40 0.0151 352 181 407 264
D40 0.0151 0 368 169 474
D40 0.0151 394 186 423 225
D40 0.0151 249 359 289 407
D40 0.0151 155 76 240 121
D40 0.0151 386 342 469 366
D40 0.0150 193 233 234 262
D40 0.0150 305 313 360 359
D40 0.0150 80 39 157 107
D40 0.0150 168 367 212 414
D40 0.0150 103 311 161 402
D40 0.0150 296 419 354 511
D40 0.0150 73 120 155 157
D40 0.0149 373 128 442 181
D40 0.0149 190 488 288 536
D40 0.0149 497 342 529 379
D40 0.0149 136 231 171 267
D40 0.0149 129 383 205 412
D40 0.0149 106 482 136 519
D40 0.0148 111 485 217 535
D40 0.0148 218 391 243 443
D40 0.0148 96 90 147 130
D40 0.0148 299 197 355 219
D40 0.0148 386 301 445 381
D40 0.0148 210 193 305 231
D40 0.0148 416 163 492 197
D40 0.0148 195 158 273 216
D40 0.0148 159 97 271 133
D40 0.0148 90 245 140 306
D40 0.0147 321 192 362 220
D40 0.0147 353 82 492 138
D40 0.0147 265 402 306 433
D40 0.0147 121 187 157 223
D40 0.0147 195 233 260 274
D40 0.0146 237 368 279 400
D40 0.0146 0 328 80 424
D40 0.0146 281 52 315 89
D40 0.0146 415 232 482 326
D40 0.0146 312 314 374 406
D40 0.0146 236 461 356 534
D40 0.0146 5 87 145 167
D40 0.0146 83 336 160 376
D40 0.0146 397 129 428 164
D40 0.0145 310 223 415 348
D40 0.0145 492 180 539 223
D40 0.0145 326 280 393 369
D40 0.0145 292 150 362 194
D40 0.0144 0 194 54 261
D40 0.0144 65 199 103 228
D40 0.0144 368 338 463 464
D40 0.0144 397 179 435 229
D40 0.0143 217 350 258 399
D40 0.0143 56 245 112 269
D40 0.0142 192 356 242 429
D40 0.0142 314 27 369 63
D40 0.0142 316 486 409 538
D40 0.0142 335 281 397 313
D40 0.0142 268 415 322 508
D40 0.0142 130 209 163 271
D40 0.0141 63 245 111 308
D40 0.0141 100 212 127 250
D40 0.0141 252 251 311 281
D40 0.0141 350 373 435 412
D40 0.0140 97 437 131 493
D40 0.0140 484 334 530 366
D40 0.0140 94 462 155 489
D40 0.0140 340 287 432 326
D40 0.0140 334 355 394 435
D40 0.0140 53 344 183 411
D40 0.0139 266 207 322 281
D40 0.0139 386 193 416 232
D40 0.0139 246 169 296 205
D40 0.0139 362 347 442 385
D40 0.0139 317 207 385 232
D40 0.0139 49 191 109 282
D40 0.0138 276 477 390 540
D40 0.0138 286 245 335 328
D40 0.0138 96 171 126 209
D40 0.0138 412 167 452 195
D40 0.0138 276 219 318 310
D40 0.0138 12 143 98 180
D40 0.0138 243 195 293 217
D40 0.0138 374 20 456 73
D40 0.0138 118 20 157 53
D40 0.0137 220 420 307 471
D40 0.0137 215 381 246 419
D40 0.0137 286 8 327 36
D40 0.0137 233 137 332 178
D40 0.0136 257 20 298 51
D40 0.0136 343 212 427 248
D40 0.0136 407 76 497 113
D40 0.0136 508 333 540 408
D40 0.0136 130 247 181 269
D40 0.0136 290 191 363 254
D40 0.0136 132 35 178 94
D40 0.0136 221 321 244 376
D40 0.0136 288 278 340 377
D40 0.0136 329 23 416 55
D40 0.0136 158 394 230 441
D40 0.0136 270 454 360 505
D40 0.0136 160 451 189 487
D40 0.0136 410 119 466 177
D40 0.0135 107 184 132 230
D40 0.0135 256 210 372 278
D40 0.0135 1 222 36 254
D40 0.0135 118 82 145 124
D40 0.0135 136 217 190 264
D40 0.0134 76 283 154 390
D40 0.0134 99 245 155 269
D40 0.0134 267 205 297 238
D40 0.0134 435 369 540 481
D40 0.0134 258 201 307 261
D40 0.0134 290 302 350 355
D40 0.0134 482 266 523 301
D40 0.0134 406 332 489 427
D40 0.0133 409 142 476 164
D40 0.0133 363 329 437 423
D40 0.0133 86 168 127 190
D40 0.0133 125 383 192 486
D40 0.0133 287 41 357 69
D40 0.0133 376 444 446 516
D40 0.0132 0 123 29 155
D40 0.0132 402 199 447 228
D40 0.0132 318 172 363 202
D40 0.0132 201 270 287 312
D40 0.0132 509 86 540 118
D40 0.0132 50 487 143 537
D40 0.0132 156 103 204 138
D40 0.0132 168 363 225 385
D40 0.0132 36 114 109 168
D40 0.0131 290 171 347 207
D40 0.0131 489 274 531 309
D40 0.0131 379 168 425 195
D40 0.0131 318 62 348 98
D40 0.0131 120 142 202 194
D40 0.0131 181 344 255 390
D40 0.0131 379 97 470 210
D40 0.0131 87 172 146 206
D40 0.0131 146 347 185 381
D40 0.0131 87 120 140 175
D40 0.0130 17 213 114 251
D40 0.0130 178 372 219 428
D40 0.0130 59 155 137 196
D40 0.0130 490 364 537 458
D40 0.0130 283 163 372 293
D40 0.0130 174 19 270 52
D40 0.0129 96 156 126 191
D40 0.0129 144 158 194 187
D40 0.0129 167 42 201 77
D40 0.0129 209 427 274 499
D40 0.0129 185 415 234 438
D40 0.0129 177 390 238 426
D40 0.0128 94 477 151 510
D40 0.0128 522 333 540 377
D40 0.0128 164 274 223 352
D40 0.0128 322 20 375 41
D40 0.0127 217 383 284 415
D40 0.0127 0 11 27 43
D40 0.0127 267 240 297 274
D40 0.0127 134 202 158 242
D40 0.0127 355 66 432 91
D40 0.0127 250 19 311 91
D40 0.0127 97 115 128 144
D40 0.0127 214 478 260 528
D40 0.0127 165 372 198 407
D40 0.0127 12 229 103 273
D40 0.0127 414 321 476 393
D40 0.0127 221 343 246 390
D40 0.0126 312 248 372 327
D40 0.0126 189 10 280 44
D40 0.0126 197 298 236 333
D40 0.0126 145 71 183 124
D40 0.0126 223 464 285 521
D40 0.0126 381 51 443 74
D40 0.0126 98 427 129 461
D40 0.0126 164 68 203 88
D40 0.0126 208 303 278 348
D40 0.0126 151 30 185 78
D40 0.0126 23 143 82 164
D40 0.0125 431 362 500 439
D40 0.0125 337 41 410 68
D40 0.0125 264 50 326 128
D40 0.0125 37 14 71 42
D40 0.0125 232 349 285 413
D40 0.0125 345 208 419 276
D40 0.0125 387 266 446 355
D40 0.0125 41 72 149 142
D40 0.0124 507 290 532 343
D40 0.0124 274 367 304 407
D40 0.0124 215 255 280 286
D40 0.0124 262 406 309 451
D40 0.0124 108 268 156 295
D40 0.0124 92 88 166 155
D40 0.0123 354 392 470 509
D40 0.0123 102 57 156 149
D40 0.0123 97 235 141 263
D40 0.0123 258 48 295 76
D40 0.0123 335 193 431 330
D40 0.0123 303 328 350 350
D40 0.0123 0 141 43 183
D40 0.0123 152 391 217 423
D40 0.0122 341 448 428 493
D40 0.0122 443 322 539 363
D40 0.0122 381 451 540 540
D40 0.0122 143 114 213 187
D40 0.0122 109 214 147 247
D40 0.0122 44 22 79 47
D40 0.0122 315 449 373 535
D40 0.0122 99 466 131 522
D40 0.0122 260 228 337 270
D40 0.0121 344 352 421 397
D40 0.0121 368 212 420 235
D40 0.0121 257 3 308 25
D40 0.0121 382 217 458 246
D40 0.0121 52 133 142 230
D40 0.0121 277 382 333 444
D40 0.0121 285 21 329 51
D40 0.0121 404 315 461 352
D40 0.0121 436 172 487 200
D40 0.0120 384 297 443 320
D40 0.0120 511 187 540 220
D40 0.0120 140 208 184 236
D40 0.0120 222 9 282 30
D40 0.0120 301 272 366 292
D40 0.0120 514 337 540 363
D40 0.0120 67 272 105 303
D40 0.0120 226 333 251 383
D40 0.0120 504 356 537 388
D40 0.0120 32 297 89 334
D40 0.0119 143 376 187 403
D40 0.0119 107 55 145 87
D40 0.0119 369 363 454 406
D40 0.0119 278 31 322 78
D40 0.0119 267 374 322 398
D40 0.0119 332 63 363 96
D40 0.0119 45 204 107 225
D40 0.0119 222 189 297 266
D40 0.0119 18 270 76 314
D40 0.0119 382 174 422 220
D40 0.0119 177 168 219 200
D40 0.0118 164 100 228 145
D40 0.0118 213 316 302 371
D40 0.0118 265 290 333 363
D40 0.0118 429 210 487 242
D40 0.0118 425 119 475 144
D40 0.0118 268 223 296 257
D40 0.0118 55 232 93 266
D40 0.0117 123 71 195 183
D40 0.0117 350 143 410 211
D40 0.0117 356 380 482 441
D40 0.0117 174 410 248 489
D40 0.0117 207 407 242 442
D40 0.0117 0 141 103 211
D40 0.0117 519 79 540 111
D40 0.0117 131 256 164 289
D40 0.0117 259 103 328 148
D40 0.0116 324 85 384 105
D40 0.0116 162 327 215 394
D40 0.0116 366 448 426 533
D40 0.0116 271 9 307 46
D40 0.0116 211 321 240 358
D40 0.0116 5 157 67 231
D40 0.0116 352 338 412 416
D40 0.0116 355 203 417 225
D40 0.0116 253 376 284 414
D40 0.0116 184 112 260 158
D40 0.0116 44 104 140 185
D40 0.0116 215 477 275 508
D40 0.0116 327 43 388 64
D40 0.0115 107 435 145 468
D40 0.0115 6 19 89 52
D40 0.0115 499 316 540 432
D40 0.0115 345 36 402 56
D40 0.0115 332 62 397 93
D40 0.0115 386 306 452 336
D40 0.0115 258 420 331 468
D40 0.0115 153 147 187 197
D40 0.0114 57 95 126 152
D40 0.0114 241 242 304 274
D40 0.0114 289 388 385 423
D40 0.0114 98 110 143 148
D40 0.0114 102 484 128 534
D40 0.0114 149 475 187 509
D40 0.0114 165 409 220 464
D40 0.0114 62 287 153 330
D40 0.0114 266 259 299 287
D40 0.0114 109 441 146 489
D40 0.0114 406 145 469 180
D40 0.0113 494 289 531 322
D40 0.0113 127 99 195 152
D40 0.0113 329 41 391 102
D40 0.0113 174 302 232 325
D40 0.0113 121 230 158 267
D40 0.0113 107 500 136 537
D40 0.0113 70 283 144 311
D40 0.0113 0 0 53 39
D40 0.0113 55 325 135 390
D40 0.0113 98 130 127 163
D40 0.0113 476 258 515 292
D40 0.0112 406 335 450 362
D40 0.0112 86 157 145 190
D40 0.0112 85 135 168 179
D40 0.0112 195 477 246 528
D40 0.0112 350 257 411 339
D40 0.0112 345 440 414 524
D40 0.0112 5 147 67 178
D40 0.0112 257 277 336 320
D40 0.0112 85 37 147 68
D40 0.0112 195 375 247 409
D40 0.0112 429 344 509 368
D40 0.0112 302 159 355 222
D40 0.0111 179 280 221 316
D40 0.0111 0 284 44 329
D40 0.0111 292 270 339 317
D40 0.0111 322 376 407 492
D40 0.0111 100 258 127 296
D40 0.0111 398 342 458 416
D40 0.0111 284 396 369 434
D40 0.0111 73 151 120 248
D40 0.0111 470 239 511 272
D40 0.0111 385 471 458 515
D40 0.0110 226 247 289 280
D40 0.0110 103 105 139 136
D40 0.0110 213 375 269 408
D40 0.0110 222 2 279 22
D40 0.0109 302 52 330 92
D40 0.0109 77 261 143 355
D40 0.0109 180 418 216 447
D40 0.0108 86 471 143 502
D40 0.0108 194 400 247 466
D40 0.0108 154 323 196 361
D40 0.0108 401 164 436 211
D40 0.0108 245 444 315 514
D40 0.0108 131 345 175 368
D40 0.0108 104 122 135 153
D40 0.0108 93 488 134 512
D40 0.0108 216 445 262 520
D40 0.0108 90 123 121 153
D40 0.0108 347 25 385 51
D40 0.0108 215 250 262 277
D40 0.0108 392 158 432 189
D40 0.0108 6 134 33 174
D40 0.0108 6 14 69 42
D40 0.0107 188 284 231 341
D40 0.0107 268 414 315 436
D40 0.0107 343 172 410 207
D40 0.0107 304 53 362 75
D40 0.0107 347 46 420 90
D40 0.0106 86 214 139 247
D40 0.0106 233 220 312 263
D40 0.0106 123 275 160 307
D40 0.0106 343 195 412 216
D40 0.0106 142 235 166 281
D40 0.0106 239 180 280 212
D40 0.0106 267 143 358 246
D40 0.0106 192 387 238 412
D40 0.0105 452 218 504 256
D40 0.0105 1 17 38 38
D40 0.0105 172 74 214 122
D40 0.0105 131 477 185 520
D40 0.0105 0 137 50 214
D40 0.0105 227 171 273 200
D40 0.0105 305 326 361 384
D40 0.0105 158 416 208 480
D40 0.0105 104 448 136 507
D40 0.0105 297 224 352 312
D40 0.0105 215 341 263 376
D40 0.0105 293 59 322 98
D40 0.0105 371 356 426 436
D40 0.0105 119 337 169 361
D40 0.0105 209 262 266 300
D40 0.0104 44 288 82 325
D40 0.0104 369 300 443 329
D40 0.0104 421 184 481 227
D40 0.0104 49 229 104 251
D40 0.0104 464 229 499 261
D40 0.0104 220 257 292 303
D40 0.0104 93 132 153 162
D40 0.0104 0 352 44 398
D40 0.0104 138 331 177 393
D40 0.0104 259 239 304 325
D40 0.0104 388 357 476 396
D40 0.0104 393 212 459 234
D40 0.0104 301 372 393 412
D40 0.0104 213 355 250 379
D40 0.0104 126 209 152 253
D40 0.0104 32 230 80 300
D40 0.0104 61 15 99 41
D40 0.0104 449 303 532 350
D40 0.0103 106 327 159 369
D40 0.0103 133 94 204 133
D40 0.0103 127 170 177 195
D40 0.0103 149 117 216 140
D40 0.0103 273 231 304 266
D40 0.0103 383 126 427 153
D40 0.0103 240 255 293 287
D40 0.0103 444 378 515 425
D40 0.0102 45 278 91 302
D40 0.0102 196 108 251 141
D40 0.0102 316 75 399 132
D40 0.0102 122 329 170 353
D40 0.0102 314 16 373 84
D40 0.0102 140 210 166 252
D40 0.0102 94 90 134 118
D40 0.0102 96 491 145 527
D40 0.0102 391 78 449 97
D40 0.0102 246 262 315 331
D40 0.0102 217 365 248 401
D40 0.0102 123 103 154 135
D40 0.0102 333 144 389 211
D40 0.0102 88 476 126 510
D40 0.0101 276 366 332 409
D40 0.0101 322 14 404 46
D40 0.0101 110 30 136 76
D40 0.0101 83 158 113 190
D40 0.0101 260 176 287 218
D40 0.0101 155 57 234 101
D40 0.0101 384 382 467 415
D40 0.0101 397 392 478 427
D40 0.0101 376 221 425 244
D40 0.0101 358 80 453 111
D40 0.0101 180 157 219 220
D40 0.0101 310 277 374 300
D40 0.0100 0 224 58 273
D40 0.0100 323 387 433 429
D40 0.0100 232 236 288 324
D40 0.0100 280 111 335 145
D40 0.0100 84 376 146 450
D40 0.0100 117 394 197 438
D40 0.0100 303 282 375 314
D40 0.0100 220 127 309 171
D40 0.0100 105 249 135 291
