D00 0.2410 237 313 261 364
D00 0.1419 227 306 274 367
D00 0.1346 218 314 313 372
D00 0.1201 288 332 320 373
D00 0.1028 235 325 276 359
D00 0.0971 299 333 325 382
D00 0.0939 271 315 325 377
D00 0.0920 229 308 256 354
D00 0.0869 241 306 350 384
D00 0.0866 241 317 270 383
D00 0.0822 219 297 289 398
D00 0.0767 252 332 317 371
D00 0.0743 105 452 259 508
D00 0.0741 292 324 331 402
D00 0.0707 129 435 192 493
D00 0.0688 277 324 314 365
D00 0.0680 345 385 442 544
D00 0.0640 225 287 312 449
D00 0.0608 128 455 223 495
D00 0.0608 209 310 265 354
D00 0.0592 84 344 308 530
D00 0.0592 237 283 286 371
D00 0.0585 180 468 276 515
D00 0.0582 125 408 169 488
D00 0.0580 254 310 307 363
D00 0.0567 238 336 293 364
D00 0.0547 376 494 451 560
D00 0.0537 351 418 392 503
D00 0.0535 149 332 405 537
D00 0.0534 242 295 268 353
D00 0.0533 294 325 328 366
D00 0.0532 247 341 483 550
D00 0.0523 281 340 335 378
D00 0.0518 137 459 192 490
D00 0.0513 355 423 425 485
D00 0.0511 358 397 497 577
D00 0.0510 133 421 161 476
D00 0.0503 97 433 221 497
D00 0.0500 174 309 209 341
D00 0.0498 139 430 169 486
D00 0.0494 270 315 372 404
D00 0.0492 391 534 462 597
D00 0.0491 200 293 276 361
D00 0.0490 132 455 291 543
D00 0.0488 356 427 382 478
D00 0.0473 290 315 350 378
D00 0.0468 349 420 374 470
D00 0.0462 102 396 240 514
D00 0.0455 198 284 280 457
D00 0.0452 368 441 431 505
D00 0.0450 225 320 261 383
D00 0.0449 233 299 262 338
D00 0.0449 0 338 84 381
D00 0.0446 220 312 262 341
D00 0.0444 298 341 340 394
D00 0.0427 357 428 421 536
D00 0.0424 341 395 383 478
D00 0.0423 379 515 455 578
D00 0.0420 0 353 69 386
D00 0.0419 260 294 349 444
D00 0.0418 238 306 282 348
D00 0.0416 337 378 411 509
D00 0.0410 170 318 222 343
D00 0.0410 237 290 325 362
D00 0.0407 354 397 406 478
D00 0.0404 167 313 202 349
D00 0.0403 233 275 263 356
D00 0.0402 373 485 468 593
D00 0.0398 372 412 438 476
D00 0.0397 289 346 321 383
D00 0.0393 278 304 369 370
D00 0.0389 179 305 394 388
D00 0.0383 204 316 275 386
D00 0.0380 306 330 335 378
D00 0.0380 235 336 264 376
D00 0.0380 133 406 158 457
D00 0.0375 336 360 440 463
D00 0.0372 145 459 229 517
D00 0.0372 132 408 325 532
D00 0.0360 147 316 271 516
D00 0.0355 416 552 469 598
D00 0.0352 214 288 251 352
D00 0.0350 3 348 63 374
D00 0.0347 287 315 319 356
D00 0.0347 145 442 178 490
D00 0.0344 284 321 411 443
D00 0.0342 354 337 428 366
D00 0.0342 365 450 439 552
D00 0.0342 227 318 279 428
D00 0.0329 240 320 329 425
D00 0.0327 2 322 90 367
D00 0.0326 272 301 301 358
D00 0.0321 159 473 258 528
D00 0.0319 471 472 592 600
D00 0.0318 187 295 213 340
D00 0.0314 299 315 389 381
D00 0.0314 301 347 326 402
D00 0.0314 172 300 324 424
D00 0.0314 95 365 184 517
D00 0.0312 242 321 287 398
D00 0.0312 323 312 378 335
D00 0.0311 141 428 281 513
D00 0.0311 362 410 417 464
D00 0.0306 259 302 292 357
D00 0.0306 159 306 217 357
D00 0.0305 342 400 451 481
D00 0.0303 290 393 426 522
D00 0.0302 213 313 344 510
D00 0.0302 389 403 579 560
D00 0.0299 143 482 321 565
D00 0.0297 309 349 334 404
D00 0.0296 218 314 251 359
D00 0.0295 379 434 446 489
D00 0.0294 35 316 217 527
D00 0.0294 182 485 273 535
D00 0.0290 248 328 277 376
D00 0.0289 395 503 440 567
D00 0.0288 201 302 422 453
D00 0.0287 512 548 580 600
D00 0.0287 516 574 574 598
D00 0.0285 309 336 352 416
D00 0.0282 331 383 373 468
D00 0.0282 185 302 252 371
D00 0.0275 109 420 176 508
D00 0.0271 4 339 63 365
D00 0.0271 294 331 433 398
D00 0.0271 370 388 409 452
D00 0.0268 309 331 477 486
D00 0.0267 372 481 435 530
D00 0.0265 364 421 464 501
D00 0.0264 122 455 199 517
D00 0.0263 492 561 567 597
D00 0.0263 0 451 43 526
D00 0.0262 352 440 396 468
D00 0.0262 355 372 546 528
D00 0.0259 313 336 386 464
D00 0.0258 2 464 26 518
D00 0.0257 447 446 583 517
D00 0.0257 534 536 597 600
D00 0.0256 363 436 393 489
D00 0.0255 114 300 314 476
D00 0.0254 316 439 443 520
D00 0.0251 172 284 215 350
D00 0.0250 301 308 368 338
D00 0.0248 218 332 260 416
D00 0.0247 380 403 431 455
D00 0.0247 88 416 171 477
D00 0.0245 391 416 512 520
D00 0.0245 345 434 386 486
D00 0.0245 254 323 291 367
D00 0.0245 196 294 222 341
D00 0.0243 359 442 384 500
D00 0.0243 386 447 427 480
D00 0.0243 201 313 247 347
D00 0.0242 407 483 539 584
D00 0.0242 0 352 35 387
D00 0.0241 173 319 208 357
D00 0.0240 415 452 533 550
D00 0.0240 362 448 402 510
D00 0.0239 515 515 589 595
D00 0.0239 160 317 187 364
D00 0.0238 355 444 416 479
D00 0.0236 362 421 393 471
D00 0.0236 227 282 252 340
D00 0.0236 319 315 386 346
D00 0.0235 262 292 305 348
D00 0.0235 202 286 239 347
D00 0.0235 113 435 174 476
D00 0.0235 205 330 269 366
D00 0.0234 314 304 368 328
D00 0.0233 412 559 514 599
D00 0.0233 377 453 419 491
D00 0.0232 116 392 163 470
D00 0.0232 386 500 464 541
D00 0.0232 296 307 421 357
D00 0.0230 171 297 197 341
D00 0.0228 274 331 320 409
D00 0.0228 401 518 477 582
D00 0.0228 29 324 102 358
D00 0.0227 140 426 208 512
D00 0.0227 173 304 219 332
D00 0.0226 388 531 458 566
D00 0.0226 50 397 201 539
D00 0.0225 192 258 281 388
D00 0.0224 307 419 439 578
D00 0.0223 153 304 197 372
D00 0.0223 334 324 425 364
D00 0.0223 131 380 182 494
D00 0.0222 287 339 368 385
D00 0.0222 177 507 241 558
D00 0.0222 320 361 344 413
D00 0.0222 272 282 315 367
D00 0.0221 58 425 124 486
D00 0.0221 246 342 328 384
D00 0.0220 237 338 278 390
D00 0.0220 346 427 406 466
D00 0.0219 481 444 600 559
D00 0.0217 207 273 231 318
D00 0.0217 298 355 341 381
D00 0.0214 346 380 397 462
D00 0.0214 352 418 388 457
D00 0.0212 253 274 297 355
D00 0.0212 398 420 450 470
D00 0.0211 364 534 441 599
D00 0.0210 190 456 252 537
D00 0.0210 0 456 29 490
D00 0.0209 155 453 186 494
D00 0.0209 277 305 311 345
D00 0.0209 432 505 567 595
D00 0.0208 252 284 279 339
D00 0.0208 423 573 481 598
D00 0.0207 406 552 460 582
D00 0.0207 18 329 81 356
D00 0.0206 368 464 413 503
D00 0.0206 394 437 436 473
D00 0.0205 310 343 348 379
D00 0.0203 169 322 195 371
D00 0.0203 185 304 254 445
D00 0.0203 385 407 483 481
D00 0.0200 527 559 569 597
D00 0.0200 341 410 365 462
D00 0.0200 402 540 451 576
D00 0.0198 186 370 284 526
D00 0.0198 26 333 76 369
D00 0.0197 446 476 578 552
D00 0.0196 286 349 342 416
D00 0.0196 297 329 344 357
D00 0.0194 0 344 96 507
D00 0.0193 324 347 408 423
D00 0.0193 258 379 395 559
D00 0.0193 39 317 115 348
D00 0.0191 307 311 360 356
D00 0.0191 322 375 362 453
D00 0.0191 377 437 420 473
D00 0.0190 330 382 353 429
D00 0.0190 403 491 445 551
D00 0.0189 0 468 65 592
D00 0.0189 158 309 195 342
D00 0.0189 424 426 563 502
D00 0.0189 177 299 224 369
D00 0.0189 96 436 237 587
D00 0.0188 26 347 88 375
D00 0.0187 351 333 415 384
D00 0.0187 342 575 401 599
D00 0.0186 217 281 243 337
D00 0.0186 387 426 428 465
D00 0.0185 365 402 395 457
D00 0.0185 347 400 373 457
D00 0.0185 338 558 431 600
D00 0.0184 284 575 344 600
D00 0.0184 436 488 486 532
D00 0.0183 378 399 417 439
D00 0.0183 450 463 494 536
D00 0.0182 312 357 374 417
D00 0.0182 78 432 136 479
D00 0.0182 124 413 155 465
D00 0.0181 0 476 30 544
D00 0.0181 355 347 410 370
D00 0.0181 77 302 136 326
D00 0.0181 3 574 60 599
D00 0.0181 262 285 290 336
D00 0.0180 527 569 595 600
D00 0.0180 410 413 462 461
D00 0.0180 126 485 267 595
D00 0.0179 127 452 175 489
D00 0.0179 180 283 205 335
D00 0.0179 208 346 250 424
D00 0.0179 378 471 414 517
D00 0.0179 370 371 465 447
D00 0.0179 371 439 404 489
D00 0.0178 198 274 223 319
D00 0.0177 350 331 410 357
D00 0.0177 421 410 485 462
D00 0.0176 245 275 270 325
D00 0.0176 233 287 262 325
D00 0.0176 497 525 562 597
D00 0.0176 60 307 133 338
D00 0.0175 77 443 118 481
D00 0.0175 290 303 337 354
D00 0.0175 269 351 399 485
D00 0.0174 229 298 283 333
D00 0.0174 331 392 423 450
D00 0.0173 124 430 165 459
D00 0.0173 531 475 600 598
D00 0.0172 172 465 259 574
D00 0.0172 23 460 98 520
D00 0.0171 383 463 426 501
D00 0.0168 503 487 570 590
D00 0.0168 363 379 414 425
D00 0.0167 371 420 404 471
D00 0.0167 478 455 547 509
D00 0.0167 154 327 199 356
D00 0.0167 140 302 240 379
D00 0.0167 392 568 463 600
D00 0.0167 296 302 354 325
D00 0.0166 109 305 227 350
D00 0.0166 0 324 84 439
D00 0.0166 61 393 153 504
D00 0.0166 303 339 354 366
D00 0.0165 124 421 163 448
D00 0.0165 354 487 426 573
D00 0.0165 319 414 397 532
D00 0.0165 118 302 197 485
D00 0.0165 342 452 406 542
D00 0.0165 186 313 213 359
D00 0.0164 366 329 445 362
D00 0.0164 14 320 135 403
D00 0.0164 389 395 442 445
D00 0.0164 0 320 61 398
D00 0.0163 30 304 159 351
D00 0.0163 5 360 52 393
D00 0.0163 311 373 355 419
D00 0.0163 448 431 550 572
D00 0.0162 328 364 354 413
D00 0.0162 392 494 438 532
D00 0.0162 69 416 108 480
D00 0.0162 2 459 59 507
D00 0.0161 334 427 380 474
D00 0.0161 493 465 572 517
D00 0.0161 129 401 160 438
D00 0.0161 355 352 448 424
D00 0.0161 23 436 165 597
D00 0.0161 458 461 540 534
D00 0.0160 27 329 103 384
D00 0.0160 209 300 266 335
D00 0.0159 197 511 239 540
D00 0.0159 0 528 46 600
D00 0.0159 338 390 362 443
D00 0.0159 320 576 384 599
D00 0.0159 453 372 600 591
D00 0.0158 114 367 158 449
D00 0.0158 402 519 448 556
D00 0.0158 375 547 449 585
D00 0.0158 436 443 521 521
D00 0.0157 396 417 436 455
D00 0.0156 367 522 436 567
D00 0.0156 244 337 295 459
D00 0.0156 183 524 235 550
D00 0.0156 328 335 399 366
D00 0.0156 2 493 38 557
D00 0.0155 289 526 413 600
D00 0.0155 302 560 402 600
D00 0.0155 272 285 299 334
D00 0.0155 281 552 347 600
D00 0.0154 188 501 260 548
D00 0.0153 302 316 341 352
D00 0.0153 261 338 313 454
D00 0.0153 463 446 527 504
D00 0.0153 326 377 377 419
D00 0.0153 219 269 286 342
D00 0.0153 226 340 253 390
D00 0.0152 329 536 397 600
D00 0.0151 151 318 178 366
D00 0.0151 79 312 166 483
D00 0.0151 514 482 585 540
D00 0.0151 418 500 490 592
D00 0.0151 117 413 226 478
D00 0.0150 217 332 246 380
D00 0.0150 365 340 432 395
D00 0.0150 179 498 288 592
D00 0.0150 185 286 219 326
D00 0.0149 409 505 457 569
D00 0.0149 61 448 118 494
D00 0.0149 531 512 600 571
D00 0.0148 209 416 318 510
D00 0.0148 123 396 151 445
D00 0.0148 0 557 74 600
D00 0.0148 392 454 476 554
D00 0.0148 141 409 176 478
D00 0.0148 361 398 401 437
D00 0.0148 530 526 569 600
D00 0.0148 226 355 267 436
D00 0.0148 136 388 167 454
D00 0.0148 211 577 270 600
D00 0.0147 437 575 508 598
D00 0.0147 323 301 390 331
D00 0.0147 147 290 209 346
D00 0.0147 207 461 299 510
D00 0.0147 333 329 391 354
D00 0.0147 143 325 188 373
D00 0.0146 307 362 339 423
D00 0.0146 7 499 118 598
D00 0.0146 249 279 282 314
D00 0.0146 253 511 375 593
D00 0.0146 151 469 196 504
D00 0.0146 518 499 582 564
D00 0.0145 460 452 505 528
D00 0.0145 30 333 138 498
D00 0.0145 360 383 400 416
D00 0.0145 288 291 357 320
D00 0.0145 438 417 505 473
D00 0.0145 421 495 494 550
D00 0.0144 311 325 352 361
D00 0.0142 0 400 67 518
D00 0.0142 105 417 165 455
D00 0.0142 244 573 327 600
D00 0.0142 321 514 422 584
D00 0.0142 43 414 104 484
D00 0.0141 315 347 365 396
D00 0.0141 281 294 327 342
D00 0.0141 32 319 151 371
D00 0.0141 375 391 439 426
D00 0.0141 201 328 245 405
D00 0.0141 0 281 151 360
D00 0.0141 428 565 494 593
D00 0.0140 433 419 475 453
D00 0.0140 460 478 486 527
D00 0.0139 334 305 366 342
D00 0.0139 321 381 345 427
D00 0.0138 7 476 35 526
D00 0.0138 429 560 460 600
D00 0.0138 335 385 388 430
D00 0.0137 545 559 589 596
D00 0.0137 51 460 124 522
D00 0.0137 221 364 254 426
D00 0.0137 373 367 423 443
D00 0.0137 17 406 108 516
D00 0.0136 290 319 335 344
D00 0.0136 156 444 241 499
D00 0.0136 0 335 35 369
D00 0.0136 391 359 483 470
D00 0.0135 210 504 337 593
D00 0.0135 344 368 397 413
D00 0.0135 389 502 427 552
D00 0.0135 266 333 309 388
D00 0.0135 400 523 434 572
D00 0.0135 390 454 435 488
D00 0.0135 409 392 479 448
D00 0.0135 527 348 600 389
D00 0.0134 332 389 367 422
D00 0.0134 325 437 410 485
D00 0.0134 568 351 600 385
D00 0.0134 205 315 243 374
D00 0.0134 352 321 450 376
D00 0.0133 401 445 445 478
D00 0.0133 216 373 241 420
D00 0.0133 315 329 367 375
D00 0.0132 351 441 375 499
D00 0.0132 159 524 240 567
D00 0.0132 556 0 594 80
D00 0.0132 396 393 540 455
D00 0.0132 444 434 506 494
D00 0.0132 95 361 152 472
D00 0.0131 394 338 552 393
D00 0.0131 418 428 469 475
D00 0.0131 356 357 405 405
D00 0.0131 5 494 56 541
D00 0.0130 420 542 464 577
D00 0.0130 85 310 142 334
D00 0.0130 491 479 556 541
D00 0.0130 0 361 38 408
D00 0.0130 204 357 236 416
D00 0.0129 35 337 95 365
D00 0.0129 155 361 232 514
D00 0.0129 210 478 298 532
D00 0.0129 191 302 228 353
D00 0.0129 278 293 330 315
D00 0.0129 128 517 232 557
D00 0.0128 459 335 600 394
D00 0.0128 168 310 229 399
D00 0.0127 289 288 398 398
D00 0.0127 381 544 442 568
D00 0.0127 293 359 317 411
D00 0.0127 496 418 600 512
D00 0.0127 5 326 54 361
D00 0.0127 318 333 386 392
D00 0.0126 269 433 396 520
D00 0.0126 521 517 559 587
D00 0.0125 136 440 181 469
D00 0.0125 444 486 510 545
D00 0.0125 87 575 145 598
D00 0.0125 365 487 415 546
D00 0.0125 457 428 526 486
D00 0.0125 294 359 363 438
D00 0.0124 11 346 105 410
D00 0.0124 276 289 311 322
D00 0.0124 1 511 27 562
D00 0.0124 10 339 47 381
D00 0.0123 151 337 197 365
D00 0.0123 347 347 398 395
D00 0.0123 143 311 209 460
D00 0.0123 19 322 83 346
D00 0.0122 257 309 302 336
D00 0.0122 452 499 489 536
D00 0.0121 274 344 341 488
D00 0.0121 236 349 260 402
D00 0.0121 373 342 420 372
D00 0.0121 489 506 553 574
D00 0.0121 424 411 467 445
D00 0.0121 456 494 546 575
D00 0.0120 187 461 249 500
D00 0.0120 87 294 144 317
D00 0.0120 424 434 494 536
D00 0.0120 17 324 65 378
D00 0.0120 46 502 158 596
D00 0.0120 91 431 119 479
D00 0.0120 406 410 446 445
D00 0.0119 83 423 112 474
D00 0.0119 171 269 268 353
D00 0.0119 237 366 277 446
D00 0.0119 216 352 242 402
D00 0.0119 344 449 388 473
D00 0.0119 208 262 230 302
D00 0.0118 335 357 387 406
D00 0.0118 1 560 41 597
D00 0.0118 378 383 418 417
D00 0.0117 42 451 99 496
D00 0.0117 409 550 445 597
D00 0.0117 194 572 291 600
D00 0.0117 138 317 201 350
D00 0.0117 310 466 402 529
D00 0.0117 129 320 209 366
D00 0.0117 354 527 409 600
D00 0.0117 152 325 213 385
D00 0.0117 262 292 306 314
D00 0.0117 409 431 440 476
D00 0.0117 49 312 112 337
D00 0.0117 262 539 330 600
D00 0.0116 396 374 545 433
D00 0.0116 110 304 173 432
D00 0.0116 489 465 532 499
D00 0.0116 539 490 600 553
D00 0.0116 134 330 181 447
D00 0.0115 339 317 412 351
D00 0.0115 414 378 501 489
D00 0.0115 331 398 355 450
D00 0.0114 160 332 185 380
D00 0.0114 468 467 517 516
D00 0.0114 13 520 72 600
D00 0.0114 104 517 146 600
D00 0.0114 287 561 324 598
D00 0.0113 552 341 600 381
D00 0.0113 66 319 126 343
D00 0.0113 105 351 148 429
D00 0.0113 201 472 257 507
D00 0.0112 342 408 406 446
D00 0.0112 184 541 332 600
D00 0.0112 291 525 356 595
D00 0.0112 276 571 317 600
D00 0.0112 234 373 303 513
D00 0.0112 49 298 182 397
D00 0.0112 297 370 367 504
D00 0.0112 351 562 391 597
D00 0.0111 430 421 461 467
D00 0.0111 82 502 202 594
D00 0.0111 486 476 538 523
D00 0.0111 537 548 579 589
D00 0.0111 445 410 581 481
D00 0.0111 159 441 199 496
D00 0.0111 319 300 369 365
D00 0.0111 369 374 408 407
D00 0.0111 1 0 45 64
D00 0.0110 355 393 386 446
D00 0.0110 251 334 301 409
D00 0.0110 442 426 482 462
D00 0.0110 246 387 288 462
D00 0.0110 437 421 473 481
D00 0.0110 241 351 272 419
D00 0.0109 20 572 99 600
D00 0.0109 336 366 364 413
D00 0.0109 403 315 593 383
D00 0.0109 263 297 321 329
D00 0.0109 105 428 154 465
D00 0.0109 478 457 523 491
D00 0.0109 219 342 305 389
D00 0.0109 253 283 296 307
D00 0.0109 400 384 452 456
D00 0.0108 24 547 140 597
D00 0.0107 565 346 600 423
D00 0.0107 0 348 56 457
D00 0.0107 567 535 600 598
D00 0.0107 280 301 328 322
D00 0.0107 16 496 87 555
D00 0.0107 512 498 550 565
D00 0.0107 114 379 347 598
D00 0.0107 416 355 573 411
D00 0.0107 420 552 501 586
D00 0.0107 389 354 486 419
D00 0.0107 443 390 549 523
D00 0.0107 130 426 187 463
D00 0.0107 48 338 151 439
D00 0.0107 75 388 121 477
D00 0.0106 322 300 497 370
D00 0.0106 86 438 124 498
D00 0.0106 308 365 354 392
D00 0.0106 557 522 597 583
D00 0.0106 102 395 155 442
D00 0.0106 0 284 115 464
D00 0.0106 186 277 220 310
D00 0.0106 172 574 253 600
D00 0.0106 61 437 101 475
D00 0.0105 17 426 86 487
D00 0.0105 536 0 587 64
D00 0.0105 151 492 250 556
D00 0.0105 300 502 362 541
D00 0.0105 293 298 333 330
D00 0.0105 405 339 581 479
D00 0.0105 380 370 436 413
D00 0.0105 122 436 157 485
D00 0.0104 514 556 547 598
D00 0.0104 194 513 257 574
D00 0.0104 308 411 408 466
D00 0.0104 244 288 301 321
D00 0.0104 199 493 298 558
D00 0.0104 531 461 600 531
D00 0.0104 335 310 514 431
D00 0.0104 372 357 425 403
D00 0.0103 522 333 600 374
D00 0.0103 249 410 364 507
D00 0.0103 13 370 74 484
D00 0.0103 391 387 422 436
D00 0.0103 468 477 495 525
D00 0.0103 0 424 30 489
D00 0.0103 297 367 329 407
D00 0.0102 568 531 600 566
D00 0.0102 443 502 512 593
D00 0.0102 143 525 253 600
D00 0.0102 260 300 304 323
D00 0.0102 398 484 471 529
D00 0.0102 283 349 311 398
D00 0.0102 441 412 483 444
D00 0.0102 326 298 358 335
D00 0.0102 135 313 177 383
D00 0.0102 316 305 349 345
D00 0.0102 518 440 586 525
D00 0.0101 457 442 492 508
D00 0.0101 573 362 599 412
D00 0.0101 0 364 65 423
D00 0.0101 482 444 572 491
D00 0.0101 474 324 593 373
D00 0.0101 225 269 250 309
D00 0.0101 192 442 262 505
D00 0.0101 30 570 70 600
D00 0.0101 313 294 365 318
D00 0.0101 124 411 179 444
D00 0.0101 355 379 386 421
D00 0.0101 74 286 213 371
D00 0.0101 95 574 175 600
D00 0.0101 499 473 542 508
D00 0.0101 564 12 588 68
D00 0.0100 52 396 110 468
D00 0.0100 386 342 466 393
D00 0.0100 524 543 556 596
D00 0.0100 396 373 472 426
D00 0.0100 364 331 395 369
D00 0.0100 122 384 164 437
D00 0.0100 555 13 579 68
D00 0.0100 358 539 432 573
D00 0.0100 138 332 172 369
D00 0.0100 0 407 44 496
D00 0.0100 91 549 158 600
D10 0.1245 161 470 352 520
D10 0.1022 3 465 155 526
D10 0.1007 115 453 295 517
D10 0.0931 17 497 112 521
D10 0.0912 261 490 452 543
D10 0.0902 137 501 249 535
D10 0.0897 141 464 255 502
D10 0.0889 4 489 135 530
D10 0.0878 52 457 246 521
D10 0.0877 199 476 329 511
D10 0.0842 32 480 220 534
D10 0.0812 183 488 384 537
D10 0.0782 101 474 271 536
D10 0.0744 232 487 335 510
D10 0.0729 291 501 464 561
D10 0.0702 317 513 431 547
D10 0.0693 0 458 69 488
D10 0.0642 151 510 239 529
D10 0.0639 364 488 423 510
D10 0.0636 202 465 454 531
D10 0.0629 118 507 219 530
D10 0.0609 71 495 198 528
D10 0.0607 256 487 365 516
D10 0.0604 303 519 401 544
D10 0.0593 220 479 393 519
D10 0.0584 2 494 70 524
D10 0.0566 45 495 144 525
D10 0.0548 0 480 91 523
D10 0.0535 52 501 125 522
D10 0.0526 273 491 349 508
D10 0.0518 360 479 432 523
D10 0.0513 281 516 367 542
D10 0.0507 180 313 248 337
D10 0.0506 148 469 238 492
D10 0.0498 219 482 310 505
D10 0.0496 517 486 597 516
D10 0.0493 182 465 282 509
D10 0.0492 335 526 413 546
D10 0.0492 19 491 86 516
D10 0.0471 111 426 441 526
D10 0.0469 190 319 262 345
D10 0.0466 180 499 271 539
D10 0.0460 133 462 203 493
D10 0.0447 368 485 492 547
D10 0.0433 4 451 116 508
D10 0.0430 73 502 154 523
D10 0.0427 105 509 189 528
D10 0.0426 18 363 97 389
D10 0.0425 296 489 386 512
D10 0.0424 287 475 427 524
D10 0.0422 251 345 317 371
D10 0.0422 379 451 432 475
D10 0.0411 381 345 468 371
D10 0.0410 155 484 299 532
D10 0.0407 0 353 79 385
D10 0.0405 139 501 216 524
D10 0.0402 507 477 589 509
D10 0.0401 121 437 262 498
D10 0.0399 4 468 60 492
D10 0.0393 373 481 431 504
D10 0.0393 270 495 354 526
D10 0.0386 357 520 441 553
D10 0.0385 172 512 244 540
D10 0.0385 203 501 424 569
D10 0.0384 12 502 94 530
D10 0.0383 364 337 448 366
D10 0.0383 364 466 476 531
D10 0.0379 209 458 352 507
D10 0.0378 255 501 359 540
D10 0.0374 83 496 250 560
D10 0.0373 20 461 80 483
D10 0.0371 256 511 414 552
D10 0.0370 305 526 378 546
D10 0.0362 364 442 445 486
D10 0.0360 381 490 445 512
D10 0.0358 342 336 490 392
D10 0.0354 332 474 426 512
D10 0.0353 352 521 466 582
D10 0.0353 219 488 335 527
D10 0.0351 352 483 405 506
D10 0.0343 332 491 399 508
D10 0.0342 37 506 110 526
D10 0.0335 1 348 52 374
D10 0.0330 2 366 61 390
D10 0.0329 467 462 591 529
D10 0.0329 320 322 474 375
D10 0.0328 0 461 38 484
D10 0.0328 33 456 109 488
D10 0.0327 390 496 480 530
D10 0.0324 364 446 473 508
D10 0.0323 387 442 440 469
D10 0.0319 385 446 455 478
D10 0.0318 0 453 49 481
D10 0.0314 194 509 258 533
D10 0.0311 17 348 113 386
D10 0.0310 34 358 99 382
D10 0.0308 5 493 135 566
D10 0.0308 24 488 226 573
D10 0.0306 288 485 354 505
D10 0.0305 333 387 391 410
D10 0.0301 285 504 393 542
D10 0.0299 130 513 228 540
D10 0.0298 379 459 431 485
D10 0.0297 44 368 110 387
D10 0.0296 13 463 83 498
D10 0.0293 362 411 469 468
D10 0.0293 533 498 596 520
D10 0.0292 349 502 424 541
D10 0.0291 382 503 513 564
D10 0.0289 362 441 418 469
D10 0.0286 2 489 46 515
D10 0.0286 129 474 230 525
D10 0.0286 6 505 59 531
D10 0.0284 182 470 256 495
D10 0.0282 373 468 423 498
D10 0.0275 58 484 173 523
D10 0.0274 358 495 416 522
D10 0.0273 491 467 571 500
D10 0.0272 329 488 421 532
D10 0.0270 515 493 585 525
D10 0.0269 60 460 118 485
D10 0.0266 550 536 598 559
D10 0.0265 380 477 465 508
D10 0.0265 0 470 105 554
D10 0.0263 411 470 531 525
D10 0.0262 121 458 184 487
D10 0.0261 185 304 241 331
D10 0.0260 502 489 564 512
D10 0.0260 397 491 472 514
D10 0.0260 385 523 519 584
D10 0.0259 0 345 125 408
D10 0.0257 168 429 312 507
D10 0.0256 149 367 406 507
D10 0.0255 374 496 435 525
D10 0.0254 492 479 578 522
D10 0.0254 343 394 399 417
D10 0.0253 298 496 381 528
D10 0.0253 371 429 488 485
D10 0.0252 1 445 95 488
D10 0.0252 57 506 191 554
D10 0.0251 195 327 260 352
D10 0.0250 311 481 398 508
D10 0.0249 245 515 335 543
D10 0.0249 140 492 284 556
D10 0.0247 396 383 471 413
D10 0.0245 200 512 286 541
D10 0.0242 307 509 372 537
D10 0.0242 268 522 349 548
D10 0.0240 367 347 430 369
D10 0.0240 65 492 126 518
D10 0.0239 327 525 422 564
D10 0.0237 23 472 98 514
D10 0.0236 255 355 316 378
D10 0.0233 273 508 341 535
D10 0.0233 4 471 65 513
D10 0.0232 362 431 416 459
D10 0.0231 420 499 482 524
D10 0.0231 43 449 131 494
D10 0.0231 460 452 571 508
D10 0.0230 475 458 547 491
D10 0.0230 487 575 560 597
D10 0.0227 493 479 552 504
D10 0.0226 239 342 327 383
D10 0.0225 370 530 447 564
D10 0.0224 31 468 89 492
D10 0.0222 84 437 173 473
D10 0.0222 212 336 263 363
D10 0.0221 529 527 600 575
D10 0.0221 122 470 197 504
D10 0.0220 395 532 466 566
D10 0.0219 53 451 110 479
D10 0.0218 178 500 244 527
D10 0.0217 2 339 52 365
D10 0.0216 359 357 477 408
D10 0.0213 388 375 464 405
D10 0.0212 539 527 593 552
D10 0.0212 483 469 541 495
D10 0.0211 102 484 191 520
D10 0.0211 415 478 564 552
D10 0.0210 36 361 134 396
D10 0.0210 381 465 460 498
D10 0.0209 199 477 274 504
D10 0.0208 239 446 419 515
D10 0.0207 427 423 479 449
D10 0.0207 49 469 110 490
D10 0.0207 500 565 561 594
D10 0.0206 154 313 204 336
D10 0.0206 359 449 408 474
D10 0.0206 426 415 481 440
D10 0.0206 326 395 380 417
D10 0.0205 162 476 243 500
D10 0.0205 203 490 285 528
D10 0.0204 345 383 411 415
D10 0.0203 329 509 397 536
D10 0.0203 363 422 416 448
D10 0.0202 461 449 527 482
D10 0.0202 387 520 459 556
D10 0.0202 146 476 208 499
D10 0.0202 107 449 175 478
D10 0.0201 390 455 466 488
D10 0.0201 248 496 327 520
D10 0.0200 551 349 599 374
D10 0.0200 373 396 488 451
D10 0.0198 2 476 45 507
D10 0.0197 405 441 459 467
D10 0.0197 429 526 565 586
D10 0.0196 374 515 438 544
D10 0.0195 211 347 260 372
D10 0.0195 34 452 89 479
D10 0.0193 344 339 403 363
D10 0.0192 389 431 439 461
D10 0.0192 369 327 498 371
D10 0.0192 209 497 324 540
D10 0.0191 95 464 187 496
D10 0.0190 68 454 148 489
D10 0.0190 386 348 483 388
D10 0.0190 544 480 600 505
D10 0.0189 388 387 446 409
D10 0.0189 436 490 485 517
D10 0.0189 76 450 139 477
D10 0.0188 352 375 455 434
D10 0.0187 462 485 569 540
D10 0.0187 487 476 599 551
D10 0.0186 526 468 600 501
D10 0.0185 468 460 520 485
D10 0.0185 41 468 129 517
D10 0.0185 216 472 291 500
D10 0.0185 72 442 127 469
D10 0.0184 1 370 77 401
D10 0.0183 285 525 426 581
D10 0.0182 175 327 233 353
D10 0.0180 433 413 508 442
D10 0.0180 411 346 490 376
D10 0.0178 208 486 282 511
D10 0.0177 145 451 233 488
D10 0.0175 104 512 191 541
D10 0.0173 364 394 413 419
D10 0.0171 258 433 308 457
D10 0.0171 332 497 397 521
D10 0.0171 407 521 488 552
D10 0.0171 462 564 549 595
D10 0.0171 170 480 251 521
D10 0.0170 205 304 255 329
D10 0.0169 434 494 500 527
D10 0.0169 344 377 396 404
D10 0.0169 87 491 164 516
D10 0.0169 102 405 154 429
D10 0.0169 242 355 294 380
D10 0.0169 380 413 430 440
D10 0.0169 101 413 157 437
D10 0.0168 239 468 322 503
D10 0.0168 318 387 369 411
D10 0.0167 389 422 440 448
D10 0.0167 393 505 456 536
D10 0.0167 146 487 209 516
D10 0.0167 214 281 262 301
D10 0.0166 208 356 257 381
D10 0.0166 399 509 481 546
D10 0.0165 59 459 158 503
D10 0.0165 409 537 471 559
D10 0.0165 412 408 493 450
D10 0.0163 49 479 110 507
D10 0.0163 358 534 429 556
D10 0.0162 316 356 421 410
D10 0.0162 562 356 600 380
D10 0.0162 408 431 460 460
D10 0.0161 29 376 90 397
D10 0.0161 74 470 138 490
D10 0.0161 410 423 462 449
D10 0.0160 524 342 600 381
D10 0.0160 506 497 560 521
D10 0.0160 411 481 475 504
D10 0.0159 372 386 424 409
D10 0.0158 131 422 170 446
D10 0.0158 496 462 560 487
D10 0.0157 97 432 162 460
D10 0.0156 155 521 233 554
D10 0.0156 428 431 478 458
D10 0.0156 409 415 463 439
D10 0.0156 183 514 267 555
D10 0.0155 431 505 486 532
D10 0.0155 450 451 500 475
D10 0.0155 23 368 112 406
D10 0.0155 0 502 80 559
D10 0.0154 530 502 598 537
D10 0.0153 154 488 236 530
D10 0.0153 179 330 279 383
D10 0.0152 412 378 475 400
D10 0.0152 362 458 408 485
D10 0.0151 542 543 591 570
D10 0.0151 312 529 392 558
D10 0.0151 486 488 539 513
D10 0.0151 380 378 436 400
D10 0.0151 398 392 469 425
D10 0.0151 363 378 414 402
D10 0.0150 470 469 557 513
D10 0.0150 415 431 528 489
D10 0.0150 481 453 539 479
D10 0.0149 202 459 284 495
D10 0.0148 69 368 127 389
D10 0.0148 433 504 555 564
D10 0.0148 413 460 469 484
D10 0.0147 456 488 504 516
D10 0.0146 412 470 472 493
D10 0.0145 346 348 401 370
D10 0.0145 86 515 241 588
D10 0.0144 368 570 449 600
D10 0.0144 366 403 413 431
D10 0.0143 326 377 379 404
D10 0.0143 418 532 502 562
D10 0.0142 67 475 145 508
D10 0.0142 448 442 499 467
D10 0.0142 91 459 169 485
D10 0.0141 93 302 151 324
D10 0.0141 313 386 404 428
D10 0.0141 411 546 468 570
D10 0.0141 415 451 468 475
D10 0.0141 487 502 579 567
D10 0.0139 4 287 155 345
D10 0.0138 477 478 528 505
D10 0.0137 133 490 201 529
D10 0.0137 228 355 271 381
D10 0.0137 0 372 96 421
D10 0.0137 357 413 408 440
D10 0.0135 403 368 496 408
D10 0.0135 423 354 499 384
D10 0.0134 389 395 443 420
D10 0.0133 424 406 481 431
D10 0.0133 401 357 470 380
D10 0.0133 557 489 600 514
D10 0.0133 444 432 499 458
D10 0.0132 163 462 217 493
D10 0.0132 77 395 167 440
D10 0.0132 313 349 366 372
D10 0.0132 414 414 528 467
D10 0.0132 131 413 248 476
D10 0.0132 0 564 48 594
D10 0.0131 101 422 160 449
D10 0.0131 371 352 444 384
D10 0.0131 469 469 519 495
D10 0.0131 443 420 516 452
D10 0.0131 35 347 96 375
D10 0.0130 1 515 43 544
D10 0.0130 392 379 512 428
D10 0.0130 410 341 475 365
D10 0.0130 190 290 236 317
D10 0.0130 186 338 245 362
D10 0.0130 357 318 541 384
D10 0.0130 346 402 399 428
D10 0.0129 355 470 401 498
D10 0.0129 468 483 533 518
D10 0.0129 234 574 320 600
D10 0.0129 56 304 179 349
D10 0.0128 54 504 139 544
D10 0.0127 16 414 132 474
D10 0.0127 288 525 378 566
D10 0.0127 520 522 583 557
D10 0.0126 187 349 243 371
D10 0.0126 389 404 442 431
D10 0.0126 122 405 163 430
D10 0.0126 428 441 478 466
D10 0.0126 136 415 184 438
D10 0.0126 11 512 151 594
D10 0.0125 207 366 253 390
D10 0.0125 452 460 499 484
D10 0.0125 526 513 593 549
D10 0.0125 73 430 151 466
D10 0.0125 396 363 475 396
D10 0.0125 407 405 463 430
D10 0.0124 464 443 519 469
D10 0.0124 83 404 138 427
D10 0.0124 526 535 575 559
D10 0.0123 334 312 396 334
D10 0.0123 136 430 181 455
D10 0.0123 549 517 598 545
D10 0.0122 239 300 285 325
D10 0.0121 4 520 96 588
D10 0.0121 3 363 131 436
D10 0.0121 0 442 47 471
D10 0.0121 235 282 278 303
D10 0.0121 523 507 576 532
D10 0.0121 243 424 324 461
D10 0.0120 439 479 486 506
D10 0.0120 252 424 300 450
D10 0.0120 260 465 366 506
D10 0.0120 170 449 264 495
D10 0.0119 432 446 496 480
D10 0.0119 159 337 207 364
D10 0.0118 57 289 184 332
D10 0.0118 421 387 482 408
D10 0.0117 0 374 38 400
D10 0.0117 309 395 358 418
D10 0.0117 314 357 365 381
D10 0.0116 465 545 559 591
D10 0.0116 391 562 450 592
D10 0.0115 58 356 133 386
D10 0.0115 37 337 148 386
D10 0.0115 225 433 341 493
D10 0.0114 325 339 380 363
D10 0.0114 250 365 306 389
D10 0.0114 0 468 25 494
D10 0.0113 153 304 202 329
D10 0.0113 507 458 584 493
D10 0.0113 181 281 227 302
D10 0.0113 77 510 153 540
D10 0.0112 455 492 521 526
D10 0.0112 51 373 123 402
D10 0.0112 476 432 584 495
D10 0.0112 451 533 533 563
D10 0.0112 268 425 317 450
D10 0.0112 300 386 348 411
D10 0.0111 146 514 284 585
D10 0.0111 0 400 68 432
D10 0.0111 479 492 545 526
D10 0.0111 0 384 48 409
D10 0.0110 0 520 64 555
D10 0.0110 349 516 397 544
D10 0.0110 429 515 488 541
D10 0.0110 405 450 495 496
D10 0.0110 496 445 600 514
D10 0.0110 220 508 290 532
D10 0.0110 226 366 271 389
D10 0.0109 94 367 141 391
D10 0.0109 241 351 330 404
D10 0.0109 103 395 150 422
D10 0.0109 197 524 252 549
D10 0.0108 250 440 302 463
D10 0.0108 374 364 443 396
D10 0.0108 100 501 172 533
D10 0.0108 215 518 323 556
D10 0.0107 460 478 506 507
D10 0.0107 134 421 203 450
D10 0.0107 447 567 520 592
D10 0.0107 539 340 597 366
D10 0.0107 206 291 252 314
D10 0.0107 440 470 487 493
D10 0.0107 433 401 530 437
D10 0.0107 66 432 115 461
D10 0.0107 316 459 418 506
D10 0.0106 0 534 43 558
D10 0.0106 95 294 152 316
D10 0.0106 188 358 241 381
D10 0.0106 197 377 244 402
D10 0.0105 474 541 548 574
D10 0.0105 227 291 268 312
D10 0.0105 442 407 501 430
D10 0.0105 16 504 106 549
D10 0.0105 440 522 519 554
D10 0.0105 40 437 107 476
D10 0.0105 64 524 181 584
D10 0.0104 103 479 176 502
D10 0.0104 149 347 197 371
D10 0.0104 5 395 59 419
D10 0.0104 364 356 416 380
D10 0.0104 540 458 600 491
D10 0.0103 261 477 326 510
D10 0.0103 255 526 323 547
D10 0.0103 83 413 139 435
D10 0.0103 419 542 502 573
D10 0.0103 147 505 200 530
D10 0.0103 542 552 590 583
D10 0.0102 274 433 328 455
D10 0.0102 503 554 557 582
D10 0.0102 13 515 69 541
D10 0.0102 233 518 303 539
D10 0.0102 559 471 600 494
D10 0.0102 163 574 243 600
D10 0.0102 282 386 330 410
D10 0.0102 423 396 480 420
D10 0.0101 204 521 285 552
D10 0.0101 452 506 504 532
D10 0.0101 502 502 563 538
D10 0.0100 520 539 581 576
D10 0.0100 242 508 316 533
D10 0.0100 70 568 162 600
D10 0.0100 560 507 600 531
D10 0.0100 0 525 33 551
D10 0.0100 197 386 244 411
D10 0.0100 215 352 297 403
D10 0.0100 243 291 286 314
D20 0.3153 80 393 557 579
D20 0.1797 57 435 275 516
D20 0.1779 267 419 572 591
D20 0.1397 8 417 214 509
D20 0.1394 14 415 330 553
D20 0.1359 184 305 311 368
D20 0.1344 349 454 492 577
D20 0.1219 227 305 292 364
D20 0.1159 108 455 301 524
D20 0.1148 280 483 525 584
D20 0.1142 212 302 372 380
D20 0.1081 230 324 321 369
D20 0.1075 170 311 281 351
D20 0.1003 220 457 513 563
D20 0.0994 43 342 442 538
D20 0.0838 73 458 403 545
D20 0.0838 351 400 482 538
D20 0.0825 357 502 548 596
D20 0.0778 210 329 504 564
D20 0.0778 327 480 469 553
D20 0.0724 91 449 240 506
D20 0.0712 94 469 487 587
D20 0.0652 343 370 466 492
D20 0.0634 356 493 443 548
D20 0.0628 116 447 199 494
D20 0.0621 5 443 159 515
D20 0.0596 8 366 253 523
D20 0.0589 175 313 234 337
D20 0.0576 339 510 475 588
D20 0.0568 0 313 124 380
D20 0.0564 21 457 298 589
D20 0.0558 307 439 455 549
D20 0.0556 145 466 248 512
D20 0.0542 385 497 487 546
D20 0.0530 246 312 423 390
D20 0.0527 385 531 600 600
D20 0.0520 84 438 187 486
D20 0.0510 17 165 600 591
D20 0.0509 168 296 268 340
D20 0.0507 223 287 340 362
D20 0.0501 362 462 431 524
D20 0.0484 303 362 537 528
D20 0.0474 130 288 292 358
D20 0.0471 236 417 494 536
D20 0.0455 0 335 99 387
D20 0.0452 54 407 191 490
D20 0.0447 198 276 243 297
D20 0.0439 186 301 443 409
D20 0.0430 171 298 290 400
D20 0.0410 237 514 444 593
D20 0.0401 370 436 559 534
D20 0.0391 191 305 255 346
D20 0.0391 0 446 203 556
D20 0.0388 320 335 453 456
D20 0.0388 481 566 575 600
D20 0.0386 184 496 393 570
D20 0.0380 171 306 218 345
D20 0.0376 17 15 600 441
D20 0.0375 391 469 579 569
D20 0.0367 372 403 437 471
D20 0.0366 358 512 448 561
D20 0.0366 400 352 600 600
D20 0.0359 5 296 335 476
D20 0.0349 195 323 275 370
D20 0.0348 359 387 420 453
D20 0.0346 360 405 494 480
D20 0.0341 281 325 447 412
D20 0.0341 0 323 84 367
D20 0.0338 303 320 455 376
D20 0.0331 143 423 330 514
D20 0.0327 0 450 100 584
D20 0.0327 134 305 251 352
D20 0.0322 512 554 598 600
D20 0.0319 157 465 331 547
D20 0.0319 507 574 568 598
D20 0.0315 469 494 594 600
D20 0.0315 453 548 583 596
D20 0.0311 205 302 539 462
D20 0.0305 123 466 273 572
D20 0.0303 212 296 285 350
D20 0.0303 283 304 430 364
D20 0.0302 0 342 56 394
D20 0.0299 0 381 121 508
D20 0.0295 301 305 381 342
D20 0.0293 53 440 145 485
D20 0.0290 78 423 176 473
D20 0.0285 392 406 458 469
D20 0.0280 451 438 600 527
D20 0.0279 0 308 268 600
D20 0.0276 103 422 232 537
D20 0.0275 213 275 263 297
D20 0.0272 379 432 463 476
D20 0.0272 0 448 43 522
D20 0.0270 199 263 305 381
D20 0.0265 179 304 229 331
D20 0.0263 362 439 466 523
D20 0.0260 387 513 476 563
D20 0.0260 395 414 515 556
D20 0.0258 179 282 224 350
D20 0.0256 221 286 457 365
D20 0.0252 388 545 524 595
D20 0.0249 0 335 59 369
D20 0.0249 0 313 93 454
D20 0.0247 196 278 246 353
D20 0.0246 76 284 345 378
D20 0.0246 349 348 514 432
D20 0.0245 71 459 187 502
D20 0.0241 10 305 140 355
D20 0.0241 294 534 452 600
D20 0.0240 203 276 234 308
D20 0.0238 199 533 391 600
D20 0.0237 362 394 470 453
D20 0.0237 280 284 600 600
D20 0.0236 73 367 176 509
D20 0.0236 372 422 515 500
D20 0.0235 326 379 411 421
D20 0.0233 384 454 442 536
D20 0.0232 0 466 75 519
D20 0.0232 0 480 42 554
D20 0.0230 439 570 550 600
D20 0.0228 196 272 227 302
D20 0.0227 0 501 151 600
D20 0.0226 0 0 408 294
D20 0.0224 311 0 600 600
D20 0.0224 0 0 291 600
D20 0.0224 22 391 167 543
D20 0.0223 320 312 402 351
D20 0.0222 192 271 277 306
D20 0.0220 167 0 600 294
D20 0.0219 36 424 137 498
D20 0.0219 375 382 439 444
D20 0.0218 69 504 258 593
D20 0.0217 285 296 367 335
D20 0.0214 374 366 494 458
D20 0.0213 1 481 68 537
D20 0.0212 205 281 253 301
D20 0.0211 409 490 500 532
D20 0.0210 226 328 388 424
D20 0.0209 290 320 371 368
D20 0.0209 368 458 454 506
D20 0.0206 147 298 231 341
D20 0.0204 404 415 484 459
D20 0.0202 206 270 249 307
D20 0.0200 0 336 137 425
D20 0.0198 272 373 441 473
D20 0.0196 314 471 439 594
D20 0.0194 284 497 427 569
D20 0.0194 102 504 400 600
D20 0.0192 420 446 533 590
D20 0.0192 190 281 234 334
D20 0.0192 146 317 229 362
D20 0.0189 199 414 416 508
D20 0.0189 402 479 506 555
D20 0.0189 0 310 169 504
D20 0.0188 109 457 193 519
D20 0.0187 0 440 68 492
D20 0.0187 263 287 379 366
D20 0.0185 394 481 453 553
D20 0.0182 366 408 428 446
D20 0.0182 440 472 500 531
D20 0.0181 24 452 95 517
D20 0.0180 219 270 275 335
D20 0.0180 183 278 243 306
D20 0.0178 73 281 260 347
D20 0.0178 320 330 408 371
D20 0.0177 67 240 320 568
D20 0.0177 0 408 82 538
D20 0.0176 201 315 307 486
D20 0.0176 44 474 204 584
D20 0.0173 201 271 257 328
D20 0.0173 311 368 400 413
D20 0.0172 497 435 600 574
D20 0.0170 169 322 245 355
D20 0.0170 355 366 405 438
D20 0.0167 348 566 448 600
D20 0.0166 378 387 554 472
D20 0.0164 453 460 512 523
D20 0.0164 245 350 422 449
D20 0.0163 409 421 474 480
D20 0.0163 465 460 544 506
D20 0.0162 355 333 482 407
D20 0.0160 28 530 218 600
D20 0.0159 0 428 35 498
D20 0.0158 18 294 207 362
D20 0.0157 0 310 69 407
D20 0.0156 143 309 263 451
D20 0.0155 185 297 237 359
D20 0.0153 183 323 331 427
D20 0.0153 344 477 414 526
D20 0.0153 294 340 382 385
D20 0.0153 344 386 399 432
D20 0.0150 239 270 292 333
D20 0.0149 223 570 332 600
D20 0.0149 552 515 600 590
D20 0.0148 274 287 356 324
D20 0.0147 348 370 429 414
D20 0.0146 39 386 171 469
D20 0.0146 283 570 382 600
D20 0.0145 206 374 327 515
D20 0.0145 52 450 123 515
D20 0.0144 422 330 600 397
D20 0.0144 524 476 600 526
D20 0.0143 0 504 76 552
D20 0.0143 64 296 147 331
D20 0.0142 384 388 467 432
D20 0.0142 281 497 363 543
D20 0.0141 241 293 317 346
D20 0.0140 27 437 97 492
D20 0.0140 0 362 63 407
D20 0.0140 430 405 594 497
D20 0.0139 335 458 424 507
D20 0.0139 221 277 254 309
D20 0.0139 61 304 285 400
D20 0.0139 417 463 486 526
D20 0.0139 106 288 225 336
D20 0.0137 0 346 37 418
D20 0.0136 0 315 41 387
D20 0.0136 399 367 511 502
D20 0.0136 231 271 265 303
D20 0.0136 357 552 485 600
D20 0.0136 85 404 169 453
D20 0.0134 392 442 466 498
D20 0.0134 350 383 392 415
D20 0.0133 400 349 588 417
D20 0.0132 0 457 25 538
D20 0.0132 319 349 402 395
D20 0.0131 96 378 260 491
D20 0.0130 0 536 115 600
D20 0.0129 0 270 240 381
D20 0.0128 78 267 460 490
D20 0.0127 79 431 131 503
D20 0.0127 111 429 174 500
D20 0.0126 297 315 531 399
D20 0.0126 343 335 592 473
D20 0.0126 459 477 542 523
D20 0.0126 336 364 387 433
D20 0.0125 172 272 233 300
D20 0.0125 126 528 308 600
D20 0.0124 1 329 51 356
D20 0.0124 454 0 600 220
D20 0.0124 0 357 30 383
D20 0.0123 0 455 21 491
D20 0.0123 321 495 406 546
D20 0.0122 0 317 67 352
D20 0.0122 489 582 555 600
D20 0.0121 499 518 580 600
D20 0.0121 418 504 514 548
D20 0.0120 47 477 128 525
D20 0.0120 227 279 285 309
D20 0.0120 168 338 266 380
D20 0.0119 550 483 600 560
D20 0.0118 0 294 195 425
D20 0.0118 14 492 92 539
D20 0.0118 376 0 600 146
D20 0.0116 235 256 333 397
D20 0.0116 201 407 455 600
D20 0.0115 155 276 256 376
D20 0.0115 0 503 34 589
D20 0.0115 0 365 29 392
D20 0.0115 0 0 147 227
D20 0.0115 323 393 409 444
D20 0.0115 0 275 139 369
D20 0.0114 100 312 241 373
D20 0.0114 0 565 67 600
D20 0.0112 528 477 600 600
D20 0.0112 0 321 53 479
D20 0.0112 424 367 597 438
D20 0.0109 182 274 226 320
D20 0.0109 564 335 600 404
D20 0.0109 526 581 583 600
D20 0.0107 388 0 600 303
D20 0.0106 0 468 53 600
D20 0.0106 0 339 24 397
D20 0.0106 160 270 278 337
D20 0.0104 0 0 218 146
D20 0.0102 286 513 363 556
D20 0.0100 141 425 342 600
D20 0.0100 79 433 172 531
D40 0.0464 349 513 445 557
D40 0.0408 364 484 415 516
D40 0.0345 362 490 430 528
D40 0.0318 143 461 190 493
D40 0.0310 125 463 209 510
D40 0.0296 357 500 433 542
D40 0.0245 3 492 38 527
D40 0.0209 364 512 417 545
D40 0.0198 372 519 428 552
D40 0.0194 2 485 26 536
D40 0.0191 478 576 551 598
D40 0.0172 119 454 186 500
D40 0.0163 530 552 600 600
D40 0.0159 356 485 396 513
D40 0.0157 215 571 322 600
D40 0.0154 547 572 597 599
D40 0.0147 94 523 322 600
D40 0.0143 368 486 407 535
D40 0.0142 0 505 34 533
D40 0.0138 225 577 290 600
D40 0.0135 4 491 85 569
D40 0.0134 557 558 597 596
D40 0.0130 73 498 121 523
D40 0.0124 0 487 53 535
D40 0.0121 567 567 600 600
D40 0.0118 3 508 37 548
D40 0.0117 8 455 77 533
D40 0.0117 290 514 338 541
D40 0.0111 283 525 367 567
D40 0.0110 30 457 74 489
D40 0.0103 135 470 183 504
D40 0.0100 5 453 34 497
