D00 0.1229 342 306 789 966
D00 0.1170 142 209 930 1024
D00 0.1128 470 449 893 1012
D00 0.1083 886 730 1015 1012
D00 0.1001 502 131 896 844
D00 0.0993 194 478 671 1003
D00 0.0986 713 780 850 1016
D00 0.0945 98 315 544 958
D00 0.0809 210 156 666 862
D00 0.0762 910 779 996 984
D00 0.0700 13 12 248 158
D00 0.0686 752 812 833 950
D00 0.0679 625 253 996 947
D00 0.0679 362 38 792 694
D00 0.0624 0 0 676 994
D00 0.0595 484 611 623 852
D00 0.0577 678 706 992 1016
D00 0.0530 637 3 1001 669
D00 0.0508 96 26 525 692
D00 0.0505 933 812 1015 999
D00 0.0496 543 704 907 1011
D00 0.0491 596 810 859 1009
D00 0.0489 766 855 846 1012
D00 0.0471 502 705 654 983
D00 0.0436 76 62 213 145
D00 0.0430 404 417 702 907
D00 0.0428 6 139 404 835
D00 0.0426 8 544 344 1024
D00 0.0417 713 850 839 979
D00 0.0414 431 574 741 1015
D00 0.0384 387 311 471 354
D00 0.0379 794 791 1009 1011
D00 0.0378 504 562 696 885
D00 0.0375 921 864 996 1002
D00 0.0371 0 66 50 185
D00 0.0367 0 54 250 210
D00 0.0360 545 597 614 729
D00 0.0359 764 827 816 927
D00 0.0355 721 889 838 1021
D00 0.0354 654 272 803 505
D00 0.0354 741 789 813 923
D00 0.0351 496 347 739 835
D00 0.0351 731 816 928 1004
D00 0.0350 533 751 621 868
D00 0.0345 435 263 821 740
D00 0.0339 553 619 763 953
D00 0.0331 929 733 1017 928
D00 0.0331 58 32 202 122
D00 0.0326 55 573 258 931
D00 0.0326 508 0 897 551
D00 0.0322 610 205 864 606
D00 0.0312 658 152 924 533
D00 0.0311 439 646 634 919
D00 0.0308 5 396 306 866
D00 0.0308 60 48 303 168
D00 0.0308 541 627 633 828
D00 0.0307 725 87 979 490
D00 0.0304 528 505 664 776
D00 0.0299 796 677 1024 963
D00 0.0294 867 7 1023 260
D00 0.0288 361 683 535 986
D00 0.0288 0 17 83 138
D00 0.0286 925 908 1023 1020
D00 0.0284 751 821 809 896
D00 0.0282 54 470 252 791
D00 0.0281 453 480 646 832
D00 0.0279 575 249 778 569
D00 0.0278 525 628 601 765
D00 0.0277 513 653 592 809
D00 0.0272 378 268 486 361
D00 0.0272 571 479 763 829
D00 0.0271 876 762 980 960
D00 0.0269 778 843 830 938
D00 0.0267 773 378 1024 1018
D00 0.0266 369 538 613 886
D00 0.0263 260 411 582 874
D00 0.0258 924 838 977 974
D00 0.0256 103 611 553 1024
D00 0.0256 413 707 598 1023
D00 0.0256 656 725 843 977
D00 0.0256 29 1 180 78
D00 0.0255 218 0 653 551
D00 0.0254 363 246 576 359
D00 0.0253 748 241 959 565
D00 0.0253 0 12 121 195
D00 0.0252 0 62 107 166
D00 0.0251 532 768 790 993
D00 0.0251 734 820 882 937
D00 0.0250 685 816 825 943
D00 0.0250 67 70 373 212
D00 0.0248 23 78 184 154
D00 0.0246 602 336 866 780
D00 0.0246 690 367 762 503
D00 0.0246 900 752 975 902
D00 0.0242 9 516 199 849
D00 0.0239 9 54 325 348
D00 0.0237 480 218 755 614
D00 0.0237 100 536 312 862
D00 0.0234 87 80 185 130
D00 0.0233 944 2 1024 137
D00 0.0232 827 114 1013 458
D00 0.0231 103 8 222 113
D00 0.0229 930 51 1018 233
D00 0.0229 0 32 132 117
D00 0.0228 771 100 1024 791
D00 0.0228 1 0 114 92
D00 0.0226 313 163 553 337
D00 0.0225 608 56 867 435
D00 0.0223 85 91 227 167
D00 0.0222 9 622 206 978
D00 0.0219 757 941 841 1022
D00 0.0219 717 747 806 941
D00 0.0218 23 97 247 285
D00 0.0218 541 532 732 733
D00 0.0215 873 881 1020 1024
D00 0.0211 385 671 463 803
D00 0.0211 310 892 384 1024
D00 0.0211 683 306 904 636
D00 0.0210 27 295 275 715
D00 0.0210 539 775 639 976
D00 0.0208 38 58 173 119
D00 0.0206 914 908 980 1024
D00 0.0206 765 14 962 343
D00 0.0206 0 874 71 1024
D00 0.0205 26 86 445 473
D00 0.0205 726 671 835 948
D00 0.0204 291 696 456 988
D00 0.0204 549 548 908 899
D00 0.0203 909 828 964 952
D00 0.0203 537 673 672 886
D00 0.0203 197 252 505 795
D00 0.0201 558 619 605 713
D00 0.0200 864 839 993 985
D00 0.0200 394 707 478 841
D00 0.0200 137 444 405 835
D00 0.0198 363 280 617 759
D00 0.0198 825 235 1014 567
D00 0.0197 96 95 198 142
D00 0.0196 562 576 631 708
D00 0.0196 387 242 528 327
D00 0.0195 408 740 527 855
D00 0.0195 638 594 749 680
D00 0.0194 449 320 652 686
D00 0.0194 982 234 1020 327
D00 0.0194 762 539 969 895
D00 0.0193 918 95 1024 303
D00 0.0191 111 408 311 740
D00 0.0191 873 653 1024 899
D00 0.0191 717 793 847 896
D00 0.0190 651 428 942 865
D00 0.0188 4 58 154 259
D00 0.0187 969 207 1024 345
D00 0.0187 553 795 685 1008
D00 0.0186 4 395 191 724
D00 0.0186 835 521 1015 883
D00 0.0183 794 860 842 949
D00 0.0181 259 741 415 1024
D00 0.0181 672 0 931 386
D00 0.0180 76 115 312 231
D00 0.0180 222 526 492 889
D00 0.0180 328 568 528 857
D00 0.0180 401 617 594 828
D00 0.0179 541 640 592 728
D00 0.0179 394 286 459 349
D00 0.0178 726 334 992 751
D00 0.0178 50 148 273 262
D00 0.0178 892 26 998 201
D00 0.0177 597 781 824 924
D00 0.0175 3 656 45 740
D00 0.0175 275 183 583 675
D00 0.0174 668 834 797 997
D00 0.0174 550 608 708 695
D00 0.0173 969 922 1024 1024
D00 0.0173 781 870 879 994
D00 0.0173 980 27 1021 118
D00 0.0173 3 844 44 933
D00 0.0172 86 12 316 274
D00 0.0171 559 419 797 688
D00 0.0171 312 244 521 403
D00 0.0170 739 781 965 925
D00 0.0168 522 705 623 833
D00 0.0167 0 85 83 203
D00 0.0167 758 739 852 942
D00 0.0166 915 103 992 234
D00 0.0166 99 65 197 115
D00 0.0166 54 119 253 439
D00 0.0165 130 192 232 247
D00 0.0165 377 0 772 401
D00 0.0165 68 10 193 64
D00 0.0165 958 781 1024 971
D00 0.0164 511 600 752 784
D00 0.0164 323 261 510 347
D00 0.0163 560 494 683 705
D00 0.0163 388 699 532 793
D00 0.0162 0 612 54 752
D00 0.0162 720 168 885 409
D00 0.0160 398 182 587 323
D00 0.0160 116 38 269 109
D00 0.0160 196 388 269 515
D00 0.0160 604 10 758 248
D00 0.0160 787 908 851 1024
D00 0.0159 186 144 543 413
D00 0.0159 692 313 772 467
D00 0.0159 334 255 672 572
D00 0.0159 523 549 607 740
D00 0.0159 934 175 1020 353
D00 0.0157 894 797 955 916
D00 0.0157 109 36 232 177
D00 0.0156 426 206 657 473
D00 0.0156 820 821 943 997
D00 0.0156 91 225 345 658
D00 0.0156 96 39 177 139
D00 0.0155 564 754 647 872
D00 0.0155 116 0 508 392
D00 0.0154 188 336 379 682
D00 0.0154 125 50 228 130
D00 0.0152 770 857 969 971
D00 0.0152 0 21 249 534
D00 0.0152 797 109 1021 299
D00 0.0152 325 327 513 688
D00 0.0151 3 12 46 107
D00 0.0151 394 284 587 376
D00 0.0151 573 605 618 698
D00 0.0151 114 13 336 144
D00 0.0150 563 601 665 786
D00 0.0150 401 902 484 1024
D00 0.0149 259 331 445 685
D00 0.0149 86 26 204 86
D00 0.0149 550 788 631 875
D00 0.0147 603 887 693 1024
D00 0.0147 921 794 978 923
D00 0.0147 968 260 1024 417
D00 0.0147 918 871 964 967
D00 0.0146 649 619 749 708
D00 0.0146 63 102 184 162
D00 0.0146 306 851 379 986
D00 0.0145 0 785 52 934
D00 0.0145 521 786 617 903
D00 0.0145 293 477 364 589
D00 0.0144 100 65 242 255
D00 0.0144 348 279 605 424
D00 0.0143 368 193 507 355
D00 0.0143 831 372 1016 704
D00 0.0143 882 821 998 935
D00 0.0143 430 222 544 318
D00 0.0142 0 855 51 971
D00 0.0142 0 210 211 650
D00 0.0142 645 600 811 899
D00 0.0142 369 300 467 371
D00 0.0142 45 194 231 283
D00 0.0142 577 839 663 977
D00 0.0141 928 145 974 226
D00 0.0141 213 82 516 214
D00 0.0141 511 815 617 999
D00 0.0141 889 29 1022 113
D00 0.0140 764 724 917 961
D00 0.0140 657 609 729 671
D00 0.0140 623 83 869 279
D00 0.0140 980 203 1020 293
D00 0.0140 260 199 451 497
D00 0.0139 163 158 416 560
D00 0.0139 0 94 153 172
D00 0.0139 628 622 1003 884
D00 0.0139 375 155 583 410
D00 0.0138 330 740 497 950
D00 0.0138 0 781 164 1024
D00 0.0138 320 796 540 1021
D00 0.0138 898 693 999 847
D00 0.0137 913 776 960 877
D00 0.0137 80 159 353 390
D00 0.0137 887 143 1011 267
D00 0.0136 45 124 223 221
D00 0.0136 0 406 68 551
D00 0.0136 115 562 228 653
D00 0.0136 741 816 805 864
D00 0.0136 459 676 584 796
D00 0.0136 704 394 751 488
D00 0.0135 168 74 386 343
D00 0.0135 232 684 393 952
D00 0.0135 704 126 926 316
D00 0.0135 631 160 828 396
D00 0.0135 982 277 1020 368
D00 0.0135 305 498 350 578
D00 0.0135 371 201 556 291
D00 0.0134 534 736 742 910
D00 0.0134 588 585 782 714
D00 0.0134 905 152 1024 415
D00 0.0133 91 446 254 670
D00 0.0133 916 761 996 863
D00 0.0133 314 227 510 323
D00 0.0133 0 195 264 321
D00 0.0132 622 3 731 101
D00 0.0132 771 976 857 1022
D00 0.0132 1 667 78 799
D00 0.0132 117 4 287 71
D00 0.0131 229 637 481 811
D00 0.0131 707 39 936 260
D00 0.0131 789 829 871 959
D00 0.0131 941 887 1015 986
D00 0.0130 500 615 675 755
D00 0.0130 114 79 277 196
D00 0.0130 719 834 820 908
D00 0.0130 189 234 502 363
D00 0.0129 474 773 588 978
D00 0.0128 516 322 748 520
D00 0.0128 223 414 269 499
D00 0.0128 130 586 235 686
D00 0.0128 264 127 520 231
D00 0.0128 2 431 45 525
D00 0.0127 972 158 1024 265
D00 0.0127 754 791 800 884
D00 0.0127 0 664 121 953
D00 0.0127 971 45 1024 155
D00 0.0127 139 861 224 1014
D00 0.0127 38 16 141 60
D00 0.0127 573 781 650 927
D00 0.0126 336 435 421 477
D00 0.0126 570 630 716 858
D00 0.0126 896 335 1024 585
D00 0.0125 911 969 1020 1024
D00 0.0125 308 290 500 480
D00 0.0125 376 235 544 457
D00 0.0125 645 366 793 524
D00 0.0125 293 146 509 280
D00 0.0125 756 162 986 357
D00 0.0124 757 60 1024 235
D00 0.0123 0 363 111 623
D00 0.0123 44 226 234 310
D00 0.0123 816 745 1005 890
D00 0.0122 86 179 312 287
D00 0.0122 686 908 788 1024
D00 0.0122 97 169 226 243
D00 0.0122 693 636 884 890
D00 0.0121 768 863 902 950
D00 0.0121 251 83 454 347
D00 0.0121 542 630 695 726
D00 0.0120 758 644 1024 832
D00 0.0120 388 300 435 361
D00 0.0120 413 269 519 348
D00 0.0119 971 0 1024 95
D00 0.0119 7 485 152 692
D00 0.0119 947 948 1017 1017
D00 0.0118 798 27 981 194
D00 0.0118 132 137 336 262
D00 0.0118 98 111 199 156
D00 0.0118 320 910 437 1024
D00 0.0117 5 819 90 1004
D00 0.0117 260 282 496 376
D00 0.0117 209 400 255 484
D00 0.0117 627 619 719 684
D00 0.0117 633 10 857 213
D00 0.0116 167 27 428 196
D00 0.0116 490 632 619 736
D00 0.0116 10 0 132 54
D00 0.0116 924 45 1014 131
D00 0.0116 98 202 214 255
D00 0.0116 54 5 156 44
D00 0.0116 502 33 713 332
D00 0.0116 547 728 656 840
D00 0.0116 7 576 153 784
D00 0.0116 613 548 858 714
D00 0.0116 55 97 165 139
D00 0.0115 355 323 451 359
D00 0.0115 382 838 622 1024
D00 0.0115 87 64 162 159
D00 0.0114 929 160 1002 257
D00 0.0114 902 158 985 235
D00 0.0114 637 25 732 193
D00 0.0114 857 60 971 231
D00 0.0114 489 594 584 782
D00 0.0114 570 890 661 1023
D00 0.0114 561 634 625 750
D00 0.0113 100 50 197 95
D00 0.0112 523 195 738 411
D00 0.0112 763 842 830 897
D00 0.0111 711 809 808 875
D00 0.0111 768 855 858 926
D00 0.0111 0 488 56 639
D00 0.0111 131 692 340 951
D00 0.0111 268 322 608 488
D00 0.0110 132 583 389 785
D00 0.0110 24 111 185 186
D00 0.0110 0 270 53 405
D00 0.0110 100 505 338 678
D00 0.0110 434 256 586 335
D00 0.0110 133 400 685 765
D00 0.0109 954 39 1016 104
D00 0.0109 4 113 97 279
D00 0.0109 348 263 464 447
D00 0.0109 0 936 57 1024
D00 0.0108 498 296 610 398
D00 0.0108 800 0 916 107
D00 0.0108 14 339 553 676
D00 0.0107 321 27 518 303
D00 0.0107 926 447 1019 595
D00 0.0107 955 63 1016 174
D00 0.0107 384 778 482 981
D00 0.0107 377 159 621 269
D00 0.0107 759 193 875 297
D00 0.0106 648 759 840 885
D00 0.0106 865 496 1024 742
D00 0.0106 416 774 518 981
D00 0.0106 294 491 549 775
D00 0.0106 454 247 522 313
D00 0.0106 961 85 1024 257
D00 0.0106 125 261 470 427
D00 0.0106 593 0 720 174
D00 0.0105 558 603 612 671
D00 0.0105 956 979 1024 1022
D00 0.0105 935 781 1002 900
D00 0.0105 649 19 713 123
D00 0.0105 794 187 962 448
D00 0.0105 387 867 467 1000
D00 0.0105 363 493 736 769
D00 0.0104 496 445 644 700
D00 0.0104 293 540 447 805
D00 0.0104 10 16 103 61
D00 0.0104 382 31 583 314
D00 0.0104 917 622 1024 827
D00 0.0104 318 790 415 981
D00 0.0104 68 73 153 132
D00 0.0103 6 917 133 1024
D00 0.0103 371 294 493 415
D00 0.0103 770 931 888 1024
D00 0.0103 242 22 417 88
D00 0.0103 127 106 251 163
D00 0.0102 593 519 772 681
D00 0.0102 131 29 265 82
D00 0.0102 813 78 951 277
D00 0.0102 698 314 841 510
D00 0.0102 79 43 165 104
D00 0.0102 69 903 155 1024
D00 0.0102 780 203 865 351
D00 0.0101 532 433 722 638
D00 0.0101 629 1 792 156
D00 0.0101 150 103 377 190
D00 0.0101 606 61 706 218
D00 0.0101 625 797 753 977
D00 0.0101 307 114 610 254
D00 0.0101 657 607 839 750
D00 0.0101 549 534 621 688
D00 0.0100 580 478 650 616
D00 0.0100 399 684 449 773
D00 0.0100 3 6 69 71
D10 0.0612 542 836 871 1001
D10 0.0523 641 626 754 677
D10 0.0494 657 919 819 996
D10 0.0456 17 552 263 698
D10 0.0450 630 862 831 973
D10 0.0439 203 685 509 821
D10 0.0396 79 568 298 670
D10 0.0375 566 600 802 701
D10 0.0323 555 613 744 679
D10 0.0323 26 687 259 807
D10 0.0321 475 731 742 902
D10 0.0320 35 576 222 660
D10 0.0301 560 871 778 967
D10 0.0289 642 914 794 968
D10 0.0287 381 294 508 361
D10 0.0285 66 675 385 829
D10 0.0278 698 931 807 974
D10 0.0276 869 13 1010 67
D10 0.0269 593 897 730 950
D10 0.0268 920 177 1012 221
D10 0.0268 257 709 462 788
D10 0.0262 293 692 480 761
D10 0.0261 520 755 642 844
D10 0.0258 0 529 209 653
D10 0.0251 598 142 893 291
D10 0.0250 120 590 239 660
D10 0.0248 593 627 712 668
D10 0.0243 91 708 305 791
D10 0.0232 169 667 451 780
D10 0.0227 830 94 975 142
D10 0.0226 621 638 723 677
D10 0.0223 539 759 807 878
D10 0.0223 51 733 240 816
D10 0.0222 79 573 352 735
D10 0.0216 811 72 994 138
D10 0.0216 804 16 1014 134
D10 0.0216 902 160 1024 237
D10 0.0214 634 821 822 942
D10 0.0213 379 703 540 783
D10 0.0213 637 614 726 665
D10 0.0209 950 928 1024 969
D10 0.0205 699 159 930 273
D10 0.0205 8 702 182 791
D10 0.0198 541 809 794 956
D10 0.0197 881 33 999 72
D10 0.0196 898 364 1024 411
D10 0.0196 640 618 809 689
D10 0.0195 816 11 965 62
D10 0.0193 140 707 472 871
D10 0.0191 735 138 1024 288
D10 0.0190 6 697 137 756
D10 0.0188 521 582 769 742
D10 0.0187 614 576 854 691
D10 0.0186 870 712 1015 794
D10 0.0184 544 770 624 816
D10 0.0184 534 742 737 830
D10 0.0182 124 552 318 640
D10 0.0182 907 281 1024 336
D10 0.0179 0 737 161 806
D10 0.0179 539 10 674 57
D10 0.0177 936 940 1015 989
D10 0.0177 937 191 1018 239
D10 0.0177 206 13 349 60
D10 0.0176 935 163 1019 209
D10 0.0173 920 911 1024 992
D10 0.0172 99 599 280 695
D10 0.0172 0 596 160 664
D10 0.0170 650 168 854 250
D10 0.0169 712 917 819 961
D10 0.0169 822 163 1000 253
D10 0.0166 842 86 963 125
D10 0.0166 159 710 383 788
D10 0.0165 850 85 1008 158
D10 0.0164 923 735 1024 789
D10 0.0163 92 0 355 98
D10 0.0160 88 521 391 664
D10 0.0160 815 689 1024 843
D10 0.0159 0 403 409 732
D10 0.0158 588 633 779 720
D10 0.0157 941 209 1019 254
D10 0.0157 707 888 832 954
D10 0.0157 0 476 100 538
D10 0.0157 237 623 513 784
D10 0.0157 623 123 868 241
D10 0.0157 384 690 461 734
D10 0.0156 835 26 986 78
D10 0.0154 155 718 307 771
D10 0.0154 663 108 973 269
D10 0.0154 11 755 102 794
D10 0.0154 21 489 303 652
D10 0.0154 529 791 649 876
D10 0.0154 122 675 334 768
D10 0.0153 355 669 490 751
D10 0.0153 64 745 289 877
D10 0.0152 944 225 1021 264
D10 0.0151 4 731 119 789
D10 0.0151 647 607 894 715
D10 0.0150 0 721 254 910
D10 0.0150 381 678 460 715
D10 0.0150 776 715 900 766
D10 0.0150 757 186 908 262
D10 0.0148 658 643 768 700
D10 0.0148 102 747 220 804
D10 0.0148 397 710 497 761
D10 0.0147 0 213 204 317
D10 0.0147 843 736 1001 825
D10 0.0146 866 129 1013 227
D10 0.0146 526 72 713 137
D10 0.0146 678 641 789 683
D10 0.0146 547 748 655 810
D10 0.0146 494 660 781 846
D10 0.0144 265 732 449 820
D10 0.0143 13 89 162 146
D10 0.0143 628 773 809 859
D10 0.0142 369 232 526 306
D10 0.0141 900 187 1024 271
D10 0.0141 876 30 1024 109
D10 0.0140 0 528 156 606
D10 0.0140 124 735 340 821
D10 0.0139 0 482 138 562
D10 0.0139 320 705 451 749
D10 0.0137 944 275 1021 320
D10 0.0137 608 883 748 938
D10 0.0137 297 870 461 946
D10 0.0137 88 572 206 635
D10 0.0136 717 851 827 920
D10 0.0134 396 280 528 341
D10 0.0134 517 649 633 741
D10 0.0134 154 579 352 658
D10 0.0133 932 16 1015 60
D10 0.0133 328 423 484 484
D10 0.0132 553 310 753 376
D10 0.0131 557 764 678 822
D10 0.0131 779 191 972 285
D10 0.0130 325 311 477 366
D10 0.0130 564 630 701 688
D10 0.0129 247 182 424 247
D10 0.0129 262 39 432 102
D10 0.0129 7 611 107 650
D10 0.0128 128 621 390 757
D10 0.0128 318 727 460 784
D10 0.0127 133 4 302 66
D10 0.0127 537 671 609 716
D10 0.0127 539 826 704 933
D10 0.0127 581 881 685 941
D10 0.0126 810 837 973 913
D10 0.0126 344 435 438 477
D10 0.0126 773 196 868 243
D10 0.0125 153 334 704 674
D10 0.0125 885 99 985 138
D10 0.0125 869 170 987 227
D10 0.0124 157 26 425 123
D10 0.0124 14 602 185 703
D10 0.0122 830 5 942 45
D10 0.0122 716 359 887 426
D10 0.0122 0 520 115 579
D10 0.0122 191 270 493 394
D10 0.0122 713 64 1010 235
D10 0.0122 144 730 282 785
D10 0.0121 608 639 944 838
D10 0.0121 746 48 981 162
D10 0.0120 391 688 510 745
D10 0.0120 564 805 719 874
D10 0.0120 797 132 977 228
D10 0.0120 963 288 1024 332
D10 0.0119 390 427 672 551
D10 0.0119 918 48 1009 92
D10 0.0119 567 623 661 669
D10 0.0118 52 512 226 622
D10 0.0118 956 371 1024 410
D10 0.0117 846 347 1012 411
D10 0.0117 776 178 899 232
D10 0.0117 683 263 841 340
D10 0.0117 377 760 528 846
D10 0.0116 0 867 152 939
D10 0.0116 137 611 250 671
D10 0.0116 762 723 857 761
D10 0.0116 558 782 641 834
D10 0.0116 937 358 1024 401
D10 0.0116 136 703 261 759
D10 0.0115 0 245 154 309
D10 0.0115 548 92 688 143
D10 0.0115 749 204 885 289
D10 0.0114 681 798 817 885
D10 0.0114 77 120 198 177
D10 0.0114 0 461 185 598
D10 0.0114 535 5 641 43
D10 0.0113 209 20 375 82
D10 0.0113 794 708 986 789
D10 0.0113 14 719 103 767
D10 0.0113 831 61 978 117
D10 0.0113 716 238 862 325
D10 0.0113 934 32 1014 75
D10 0.0112 900 190 989 233
D10 0.0112 638 453 941 585
D10 0.0112 0 354 75 396
D10 0.0112 892 76 1012 133
D10 0.0112 902 162 984 213
D10 0.0112 724 816 803 864
D10 0.0111 0 467 67 514
D10 0.0111 635 902 757 942
D10 0.0111 931 545 1019 586
D10 0.0111 783 209 880 255
D10 0.0111 700 292 852 363
D10 0.0110 7 881 95 925
D10 0.0110 239 697 405 768
D10 0.0110 34 763 208 856
D10 0.0110 103 630 283 743
D10 0.0110 0 761 114 815
D10 0.0109 0 661 145 746
D10 0.0109 398 682 577 768
D10 0.0109 15 813 234 950
D10 0.0109 729 135 908 227
D10 0.0109 579 612 686 659
D10 0.0109 0 959 135 1020
D10 0.0108 729 829 808 881
D10 0.0108 354 449 458 485
D10 0.0108 836 107 968 160
D10 0.0108 924 375 1024 427
D10 0.0108 110 850 246 934
D10 0.0108 552 815 628 860
D10 0.0107 535 635 684 721
D10 0.0106 302 788 450 860
D10 0.0106 62 130 209 201
D10 0.0106 0 596 82 640
D10 0.0105 689 872 820 934
D10 0.0105 433 274 592 351
D10 0.0105 882 359 992 398
D10 0.0104 360 105 511 171
D10 0.0104 500 55 672 125
D10 0.0104 33 687 164 748
D10 0.0104 131 802 264 882
D10 0.0104 803 76 924 130
D10 0.0103 330 764 479 846
D10 0.0103 664 490 981 621
D10 0.0103 871 368 1024 440
D10 0.0103 1 104 137 163
D10 0.0103 125 392 279 460
D10 0.0102 876 289 1024 363
D10 0.0102 458 661 598 748
D10 0.0102 818 784 970 863
D10 0.0102 573 53 731 125
D10 0.0102 173 404 259 447
D10 0.0102 727 34 924 115
D10 0.0102 548 665 662 724
D10 0.0102 770 854 942 933
D10 0.0102 592 728 817 849
D10 0.0102 545 704 728 802
D10 0.0102 0 528 77 571
D10 0.0101 107 454 434 640
D10 0.0101 684 639 875 729
D10 0.0101 142 863 291 946
D10 0.0101 761 830 832 877
D10 0.0101 503 78 637 129
D10 0.0101 27 261 188 320
D10 0.0101 189 913 333 1004
D10 0.0101 292 60 425 109
D10 0.0100 344 911 495 996
D10 0.0100 532 671 674 753
D10 0.0100 286 516 432 584
D10 0.0100 8 386 302 585
D10 0.0100 483 897 641 978
D20 0.0512 29 282 1024 1009
D20 0.0421 29 26 1024 753
D20 0.0374 9 598 349 1024
D20 0.0355 556 814 853 1008
D20 0.0321 488 660 1000 1015
D20 0.0318 854 6 1022 72
D20 0.0243 0 0 696 502
D20 0.0241 0 532 696 1024
D20 0.0237 784 2 1024 155
D20 0.0237 285 0 1024 502
D20 0.0234 3 0 274 135
D20 0.0234 533 202 1024 1024
D20 0.0229 0 203 495 1024
D20 0.0228 46 598 286 814
D20 0.0216 702 574 1024 1024
D20 0.0209 0 455 70 572
D20 0.0204 51 651 237 907
D20 0.0204 937 135 1024 260
D20 0.0203 809 0 901 31
D20 0.0200 570 0 725 57
D20 0.0196 775 0 1024 388
D20 0.0184 0 830 55 963
D20 0.0183 787 0 953 54
D20 0.0180 647 0 1024 250
D20 0.0179 0 0 369 249
D20 0.0173 0 0 250 380
D20 0.0173 940 0 1024 101
D20 0.0168 658 0 1024 794
D20 0.0165 793 8 986 91
D20 0.0165 0 614 170 857
D20 0.0163 459 0 937 322
D20 0.0161 587 0 677 31
D20 0.0160 948 177 1024 319
D20 0.0157 182 0 700 318
D20 0.0157 494 6 757 149
D20 0.0156 64 0 378 112
D20 0.0155 876 15 1010 138
D20 0.0155 969 222 1024 355
D20 0.0152 0 658 77 786
D20 0.0146 924 102 1009 232
D20 0.0144 754 158 1024 314
D20 0.0143 611 5 712 45
D20 0.0141 0 404 55 549
D20 0.0140 889 148 1024 227
D20 0.0139 866 853 1024 1024
D20 0.0138 618 0 734 83
D20 0.0137 15 747 211 1024
D20 0.0134 914 134 992 255
D20 0.0134 512 0 681 62
D20 0.0132 903 0 1018 56
D20 0.0132 617 0 706 31
D20 0.0130 0 4 44 145
D20 0.0130 0 0 375 806
D20 0.0129 140 0 325 61
D20 0.0129 557 0 647 32
D20 0.0128 0 898 212 1024
D20 0.0128 539 8 717 88
D20 0.0126 652 618 781 698
D20 0.0126 753 0 904 41
D20 0.0125 807 55 1024 236
D20 0.0124 0 0 128 183
D20 0.0121 55 0 278 76
D20 0.0121 592 574 829 726
D20 0.0119 0 526 200 1024
D20 0.0119 209 0 387 62
D20 0.0116 581 601 725 686
D20 0.0116 767 0 853 31
D20 0.0116 961 96 1024 232
D20 0.0115 932 66 1024 324
D20 0.0115 917 500 1024 596
D20 0.0114 632 0 798 60
D20 0.0113 839 716 1024 1024
D20 0.0112 937 724 1024 836
D20 0.0110 818 33 1000 107
D20 0.0110 132 623 337 874
D20 0.0110 578 0 734 196
D20 0.0110 0 922 66 1024
D20 0.0109 651 0 738 30
D20 0.0108 836 180 1024 395
D20 0.0106 900 224 1024 493
D20 0.0105 419 41 731 182
D20 0.0105 950 256 1024 390
D20 0.0105 31 0 199 60
D20 0.0105 258 4 427 73
D20 0.0104 993 250 1024 338
D20 0.0102 0 832 327 1024
D20 0.0102 122 0 278 43
D20 0.0101 681 0 770 31
D20 0.0101 142 0 442 80
D20 0.0101 188 0 305 37
D20 0.0100 974 0 1024 29
D20 0.0100 0 0 77 118
D20 0.0100 0 687 132 1013
D40 0.3195 400 734 548 810
D40 0.3114 442 744 586 831
D40 0.2619 373 706 602 844
D40 0.2539 404 730 514 783
D40 0.2033 96 704 704 1008
D40 0.1769 480 719 615 844
D40 0.1597 429 749 538 796
D40 0.1577 341 698 883 1010
D40 0.1426 460 754 544 822
D40 0.1414 362 717 483 787
D40 0.1376 196 539 853 954
D40 0.1301 379 740 706 979
D40 0.1247 26 456 994 1023
D40 0.1208 336 710 557 797
D40 0.1146 271 695 671 915
D40 0.1129 489 759 605 828
D40 0.1043 333 160 886 428
D40 0.1018 31 636 648 907
D40 0.0972 387 733 476 779
D40 0.0935 455 198 971 501
D40 0.0931 432 818 800 1012
D40 0.0929 238 385 847 831
D40 0.0926 566 863 860 1013
D40 0.0918 422 700 751 909
D40 0.0893 723 869 840 1009
D40 0.0877 463 692 627 923
D40 0.0866 49 792 558 1023
D40 0.0857 208 720 527 995
D40 0.0793 305 814 675 1014
D40 0.0793 624 897 838 996
D40 0.0780 415 203 810 383
D40 0.0762 514 742 639 872
D40 0.0759 402 745 488 788
D40 0.0729 498 255 845 437
D40 0.0727 439 732 579 795
D40 0.0715 522 771 601 842
D40 0.0710 150 667 565 825
D40 0.0708 482 772 617 864
D40 0.0701 0 67 48 141
D40 0.0697 60 125 1015 871
D40 0.0680 385 752 552 849
D40 0.0671 552 791 968 1012
D40 0.0669 397 661 594 806
D40 0.0666 691 922 849 1012
D40 0.0656 66 352 617 895
D40 0.0656 446 529 1024 937
D40 0.0654 13 31 240 179
D40 0.0643 124 674 452 940
D40 0.0632 255 238 859 663
D40 0.0630 474 771 566 838
D40 0.0619 679 849 944 1017
D40 0.0608 311 720 550 897
D40 0.0604 624 248 927 451
D40 0.0594 413 766 606 905
D40 0.0587 593 278 969 533
D40 0.0586 68 722 370 1001
D40 0.0586 24 553 474 982
D40 0.0555 0 13 499 274
D40 0.0540 605 169 865 421
D40 0.0538 159 77 939 580
D40 0.0534 477 751 588 801
D40 0.0530 756 854 844 977
D40 0.0522 447 621 621 844
D40 0.0522 17 34 183 133
D40 0.0508 452 725 546 859
D40 0.0499 59 639 428 822
D40 0.0498 620 279 823 398
D40 0.0486 296 717 510 829
D40 0.0485 35 67 400 242
D40 0.0484 457 735 521 808
D40 0.0479 520 681 636 830
D40 0.0479 685 301 813 428
D40 0.0477 480 140 845 330
D40 0.0474 488 384 1024 799
D40 0.0468 195 108 820 358
D40 0.0465 918 892 1012 1012
D40 0.0462 524 885 773 1003
D40 0.0460 778 882 838 951
D40 0.0455 928 918 990 984
D40 0.0452 0 859 304 1024
D40 0.0452 38 249 667 668
D40 0.0439 395 706 463 770
D40 0.0439 519 744 595 814
D40 0.0437 505 56 930 436
D40 0.0433 419 284 830 514
D40 0.0423 0 49 76 154
D40 0.0419 574 306 801 421
D40 0.0416 103 858 405 1024
D40 0.0412 18 129 670 503
D40 0.0408 579 173 1023 734
D40 0.0407 95 577 220 650
D40 0.0394 652 256 811 489
D40 0.0392 502 649 612 807
D40 0.0387 507 747 572 837
D40 0.0386 35 13 328 150
D40 0.0382 36 599 293 874
D40 0.0380 679 854 828 978
D40 0.0379 89 909 329 1023
D40 0.0378 720 212 972 484
D40 0.0377 485 286 785 392
D40 0.0376 638 81 1011 492
D40 0.0375 89 926 216 1012
D40 0.0372 0 981 82 1022
D40 0.0369 50 108 528 319
D40 0.0364 579 123 891 564
D40 0.0362 295 147 700 318
D40 0.0362 0 549 378 802
D40 0.0362 292 235 752 443
D40 0.0358 639 378 948 565
D40 0.0352 559 905 699 987
D40 0.0351 0 63 130 144
D40 0.0350 388 684 571 982
D40 0.0348 138 149 471 257
D40 0.0348 443 625 873 888
D40 0.0348 408 712 513 837
D40 0.0342 198 976 317 1024
D40 0.0327 4 32 45 126
D40 0.0324 561 3 718 66
D40 0.0324 621 129 932 328
D40 0.0323 665 310 904 479
D40 0.0322 91 588 471 774
D40 0.0322 122 593 212 641
D40 0.0322 0 52 196 261
D40 0.0322 684 251 854 414
D40 0.0317 930 746 1024 871
D40 0.0316 73 39 735 300
D40 0.0315 371 894 742 1024
D40 0.0315 11 70 157 197
D40 0.0313 300 684 489 777
D40 0.0313 669 324 787 467
D40 0.0310 734 890 930 1000
D40 0.0308 18 568 262 746
D40 0.0304 870 5 1024 74
D40 0.0303 746 868 838 939
D40 0.0302 935 927 1015 971
D40 0.0301 381 725 504 884
D40 0.0300 246 204 635 364
D40 0.0298 14 122 334 299
D40 0.0296 1 664 258 823
D40 0.0296 376 58 835 292
D40 0.0295 622 925 783 1014
D40 0.0290 657 625 730 676
D40 0.0290 722 946 829 1020
D40 0.0289 583 17 690 55
D40 0.0288 513 314 791 477
D40 0.0287 466 140 767 261
D40 0.0285 126 80 544 247
D40 0.0285 86 26 249 140
D40 0.0284 55 891 248 1005
D40 0.0281 585 163 740 230
D40 0.0279 498 346 885 594
D40 0.0277 570 202 783 491
D40 0.0277 539 757 616 858
D40 0.0276 0 0 616 762
D40 0.0276 330 729 473 809
D40 0.0274 160 928 367 1017
D40 0.0273 599 417 986 666
D40 0.0273 538 824 718 997
D40 0.0272 936 753 1018 795
D40 0.0272 275 581 664 833
D40 0.0271 560 744 779 1014
D40 0.0269 686 300 1003 632
D40 0.0266 427 771 541 836
D40 0.0264 416 764 519 810
D40 0.0263 494 798 598 847
D40 0.0261 697 314 809 374
D40 0.0254 186 170 501 293
D40 0.0253 896 19 1008 61
D40 0.0252 587 910 675 960
D40 0.0252 367 236 667 373
D40 0.0252 0 95 48 167
D40 0.0252 526 663 587 731
D40 0.0252 127 872 285 1013
D40 0.0251 134 801 433 981
D40 0.0250 221 895 610 1024
D40 0.0250 534 720 670 850
D40 0.0249 895 727 1009 854
D40 0.0249 98 944 184 992
D40 0.0249 483 767 642 982
D40 0.0248 535 106 839 245
D40 0.0243 80 556 256 696
D40 0.0243 598 896 726 1003
D40 0.0243 456 585 753 789
D40 0.0240 369 740 502 825
D40 0.0240 331 699 468 761
D40 0.0238 191 169 421 244
D40 0.0236 779 875 1006 1008
D40 0.0234 733 97 975 364
D40 0.0234 2 484 64 552
D40 0.0234 511 322 755 404
D40 0.0233 0 65 69 114
D40 0.0233 519 636 604 756
D40 0.0233 676 932 803 999
D40 0.0232 668 215 926 383
D40 0.0232 706 451 1024 970
D40 0.0232 746 316 1024 510
D40 0.0232 37 563 202 679
D40 0.0231 127 129 405 228
D40 0.0231 427 172 745 304
D40 0.0229 0 912 211 1024
D40 0.0228 65 686 221 805
D40 0.0228 747 455 1024 577
D40 0.0226 211 876 442 1015
D40 0.0225 715 941 815 992
D40 0.0223 341 590 643 1000
D40 0.0223 947 759 1017 822
D40 0.0222 602 853 786 980
D40 0.0222 473 687 589 814
D40 0.0221 90 782 273 1024
D40 0.0220 656 248 807 372
D40 0.0220 289 83 681 258
D40 0.0217 0 723 247 998
D40 0.0217 0 690 154 766
D40 0.0217 706 320 890 410
D40 0.0217 691 346 855 447
D40 0.0216 803 3 908 41
D40 0.0214 402 292 724 421
D40 0.0213 541 503 951 737
D40 0.0212 15 141 220 268
D40 0.0211 488 162 724 426
D40 0.0209 732 899 836 967
D40 0.0207 475 659 733 848
D40 0.0206 914 739 1024 813
D40 0.0205 569 6 672 45
D40 0.0205 576 43 975 295
D40 0.0204 75 695 268 864
D40 0.0204 792 1 956 69
D40 0.0204 538 801 604 867
D40 0.0204 280 650 514 806
D40 0.0203 0 969 133 1024
D40 0.0202 179 5 353 62
D40 0.0202 594 154 848 260
D40 0.0201 968 772 1024 841
D40 0.0201 0 80 98 128
D40 0.0200 11 497 239 688
D40 0.0199 99 813 332 949
D40 0.0199 253 635 469 915
D40 0.0198 896 937 1024 1024
D40 0.0198 530 136 723 222
D40 0.0198 537 648 595 717
D40 0.0197 591 338 839 509
D40 0.0196 27 165 454 384
D40 0.0196 142 962 309 1024
D40 0.0195 710 288 882 380
D40 0.0195 965 744 1024 803
D40 0.0195 934 798 1024 915
D40 0.0194 15 122 174 221
D40 0.0191 4 680 66 744
D40 0.0191 920 167 983 227
D40 0.0191 567 876 677 971
D40 0.0191 610 176 713 222
D40 0.0191 643 295 759 444
D40 0.0189 568 98 780 394
D40 0.0188 409 751 480 815
D40 0.0188 552 265 782 356
D40 0.0188 0 661 341 939
D40 0.0187 53 517 374 713
D40 0.0187 969 823 1024 887
D40 0.0185 648 206 856 342
D40 0.0185 714 8 1022 146
D40 0.0184 484 67 758 220
D40 0.0184 612 920 752 981
D40 0.0183 573 925 664 970
D40 0.0183 917 902 978 969
D40 0.0183 795 148 1024 422
D40 0.0182 166 859 364 968
D40 0.0182 108 37 337 120
D40 0.0182 826 484 1008 570
D40 0.0182 669 180 885 304
D40 0.0181 927 930 1020 998
D40 0.0181 278 848 376 956
D40 0.0180 418 218 688 331
D40 0.0179 769 952 837 1018
D40 0.0178 475 380 781 549
D40 0.0178 749 973 832 1022
D40 0.0178 234 129 500 231
D40 0.0178 413 740 526 939
D40 0.0177 9 871 145 1013
D40 0.0177 1 628 179 796
D40 0.0176 845 840 1016 987
D40 0.0176 31 0 1024 397
D40 0.0176 701 838 834 937
D40 0.0176 599 165 701 207
D40 0.0176 709 338 960 458
D40 0.0175 483 167 710 243
D40 0.0174 0 957 57 1019
D40 0.0174 508 772 717 909
D40 0.0173 437 725 555 771
D40 0.0172 953 789 1016 860
D40 0.0172 916 932 980 1003
D40 0.0172 507 927 701 1013
D40 0.0172 106 957 196 1010
D40 0.0172 0 938 89 1024
D40 0.0171 947 169 1017 229
D40 0.0170 0 330 330 853
D40 0.0170 79 738 224 813
D40 0.0169 0 33 105 122
D40 0.0168 205 19 324 56
D40 0.0168 4 194 180 285
D40 0.0168 236 193 395 261
D40 0.0168 378 194 614 304
D40 0.0167 7 691 100 737
D40 0.0166 790 896 846 967
D40 0.0166 0 50 53 93
D40 0.0166 335 319 682 484
D40 0.0165 168 833 365 924
D40 0.0165 0 100 117 235
D40 0.0164 64 11 262 98
D40 0.0164 480 856 665 1014
D40 0.0164 588 15 733 90
D40 0.0163 70 611 223 762
D40 0.0163 615 118 747 232
D40 0.0163 132 185 292 247
D40 0.0163 727 207 870 288
D40 0.0162 964 920 1024 981
D40 0.0162 240 892 381 982
D40 0.0162 76 842 225 989
D40 0.0162 0 670 93 775
D40 0.0161 764 888 824 986
D40 0.0161 218 789 394 1024
D40 0.0161 708 334 798 383
D40 0.0161 542 452 840 631
D40 0.0161 35 713 189 835
D40 0.0160 629 18 724 58
D40 0.0159 68 951 183 1017
D40 0.0159 265 157 524 263
D40 0.0159 630 956 823 1024
D40 0.0159 684 518 994 686
D40 0.0158 92 165 380 290
D40 0.0158 471 788 545 850
D40 0.0158 899 712 1024 794
D40 0.0158 488 724 551 809
D40 0.0157 377 142 737 550
D40 0.0157 452 216 585 286
D40 0.0157 97 651 247 786
D40 0.0156 414 258 620 352
D40 0.0155 448 292 664 380
D40 0.0154 695 422 753 491
D40 0.0154 908 810 998 942
D40 0.0154 954 837 1015 905
D40 0.0154 128 934 200 1001
D40 0.0154 975 276 1023 341
D40 0.0152 751 794 1024 1024
D40 0.0151 297 874 392 998
D40 0.0151 608 915 681 980
D40 0.0151 636 620 707 673
D40 0.0151 72 924 187 987
D40 0.0151 556 764 625 829
D40 0.0151 946 833 1018 877
D40 0.0151 706 925 793 984
D40 0.0151 465 801 606 949
D40 0.0151 738 233 871 366
D40 0.0150 107 929 165 1011
D40 0.0150 519 5 780 152
D40 0.0150 5 212 228 316
D40 0.0150 860 510 1018 594
D40 0.0149 10 527 155 654
D40 0.0149 532 906 658 966
D40 0.0148 2 450 46 537
D40 0.0148 387 727 448 800
D40 0.0148 0 473 83 578
D40 0.0148 855 904 995 1016
D40 0.0148 915 841 958 940
D40 0.0148 247 863 413 965
D40 0.0147 121 14 448 137
D40 0.0147 835 17 992 135
D40 0.0146 516 824 659 931
D40 0.0145 146 236 597 451
D40 0.0145 676 376 819 486
D40 0.0145 82 887 172 1022
D40 0.0145 108 930 194 978
D40 0.0144 506 735 587 783
D40 0.0144 747 309 993 423
D40 0.0144 826 731 1024 932
D40 0.0143 587 933 707 997
D40 0.0143 757 860 824 915
D40 0.0143 530 214 792 336
D40 0.0142 929 181 1003 243
D40 0.0142 125 599 245 679
D40 0.0142 712 312 829 474
D40 0.0141 617 3 769 73
D40 0.0141 3 870 46 961
D40 0.0141 268 906 404 1022
D40 0.0141 885 784 999 898
D40 0.0140 103 725 303 915
D40 0.0140 142 783 380 917
D40 0.0140 473 263 711 353
D40 0.0140 297 870 358 933
D40 0.0139 766 33 960 116
D40 0.0139 910 860 1024 969
D40 0.0139 0 263 385 648
D40 0.0138 951 825 1024 955
D40 0.0138 930 155 1000 219
D40 0.0138 929 825 971 926
D40 0.0138 404 160 668 264
D40 0.0137 118 690 282 806
D40 0.0137 227 956 299 1020
D40 0.0137 107 778 246 920
D40 0.0137 373 792 532 889
D40 0.0137 727 202 949 332
D40 0.0137 569 179 819 293
D40 0.0137 91 957 247 1024
D40 0.0136 596 892 665 994
D40 0.0136 165 978 281 1020
D40 0.0136 663 402 757 498
D40 0.0136 161 94 435 203
D40 0.0136 704 341 808 409
D40 0.0135 911 527 995 578
D40 0.0135 807 0 870 36
D40 0.0135 608 598 761 701
D40 0.0135 120 885 209 1020
D40 0.0135 565 346 764 444
D40 0.0135 436 0 784 405
D40 0.0135 433 499 810 758
D40 0.0133 0 664 49 732
D40 0.0133 919 959 999 1013
D40 0.0133 835 357 1024 569
D40 0.0133 599 31 762 118
D40 0.0133 444 199 675 279
D40 0.0132 904 158 1014 257
D40 0.0132 279 695 427 803
D40 0.0131 438 966 596 1024
D40 0.0131 583 184 709 239
D40 0.0131 223 993 327 1024
D40 0.0131 592 79 719 208
D40 0.0130 833 338 1024 457
D40 0.0130 600 8 907 150
D40 0.0130 258 857 361 920
D40 0.0130 568 942 730 1020
D40 0.0129 971 181 1024 248
D40 0.0129 309 757 472 857
D40 0.0129 533 754 612 802
D40 0.0128 800 410 1024 660
D40 0.0128 708 488 1015 612
D40 0.0127 74 743 219 880
D40 0.0126 114 575 231 740
D40 0.0126 672 448 747 493
D40 0.0126 123 543 268 653
D40 0.0126 0 86 101 176
D40 0.0126 937 823 999 889
D40 0.0126 429 105 652 370
D40 0.0126 218 189 353 242
D40 0.0125 783 902 833 1006
D40 0.0125 882 11 963 64
D40 0.0125 259 829 536 1005
D40 0.0125 645 307 788 389
D40 0.0124 748 960 881 1024
D40 0.0124 135 937 231 1020
D40 0.0124 433 932 636 1015
D40 0.0124 974 215 1024 276
D40 0.0124 634 358 764 497
D40 0.0123 705 301 829 357
D40 0.0123 648 939 750 1023
D40 0.0123 13 584 158 724
D40 0.0123 783 355 971 441
D40 0.0122 472 713 582 779
D40 0.0122 950 8 1017 69
D40 0.0122 969 153 1024 216
D40 0.0122 950 900 1008 979
D40 0.0122 262 195 485 280
D40 0.0121 770 874 899 963
D40 0.0121 932 772 1004 843
D40 0.0121 527 681 578 783
D40 0.0121 953 199 1017 262
D40 0.0121 759 928 821 1015
D40 0.0121 0 0 128 171
D40 0.0121 717 158 859 273
D40 0.0121 344 639 556 776
D40 0.0121 911 464 1024 585
D40 0.0120 704 299 782 398
D40 0.0120 195 5 302 45
D40 0.0120 764 397 997 531
D40 0.0119 970 852 1024 922
D40 0.0119 601 273 726 408
D40 0.0119 919 544 1009 586
D40 0.0119 628 558 1012 799
D40 0.0119 794 15 891 53
D40 0.0117 311 926 464 1014
D40 0.0117 878 433 1010 562
D40 0.0117 574 55 738 273
D40 0.0117 114 798 305 892
D40 0.0117 147 0 643 216
D40 0.0117 608 0 685 51
D40 0.0116 14 886 58 984
D40 0.0116 600 291 769 370
D40 0.0116 934 887 995 958
D40 0.0116 211 858 332 1016
D40 0.0116 748 874 812 969
D40 0.0116 22 661 130 820
D40 0.0115 12 858 56 944
D40 0.0115 102 755 202 798
D40 0.0115 479 667 594 765
D40 0.0115 760 214 832 277
D40 0.0115 453 0 890 222
D40 0.0115 0 159 141 254
D40 0.0115 0 871 81 1000
D40 0.0114 267 701 446 867
D40 0.0114 490 980 582 1023
D40 0.0114 171 800 299 985
D40 0.0114 251 834 412 924
D40 0.0114 0 59 309 577
D40 0.0114 859 322 1017 406
D40 0.0114 751 210 848 255
D40 0.0114 256 829 361 1005
D40 0.0113 344 946 500 1024
D40 0.0113 554 158 691 215
D40 0.0113 699 922 984 1024
D40 0.0113 93 781 233 864
D40 0.0113 959 266 1018 327
D40 0.0113 0 993 50 1024
D40 0.0112 747 284 863 442
D40 0.0112 761 62 1024 254
D40 0.0112 896 841 955 906
D40 0.0112 773 176 905 302
D40 0.0112 488 301 628 412
D40 0.0111 925 866 975 941
D40 0.0111 753 0 909 51
D40 0.0111 588 897 645 971
D40 0.0111 596 64 897 231
D40 0.0111 651 973 779 1024
D40 0.0111 558 18 698 133
D40 0.0111 774 186 1024 599
D40 0.0110 173 45 482 181
D40 0.0109 366 931 564 1016
D40 0.0109 293 887 397 949
D40 0.0109 3 23 65 88
D40 0.0109 647 23 713 83
D40 0.0108 385 390 670 529
D40 0.0108 928 24 1008 82
D40 0.0108 447 756 505 843
D40 0.0108 0 128 165 318
D40 0.0108 587 398 785 516
D40 0.0108 0 5 53 72
D40 0.0108 123 194 426 326
D40 0.0108 916 739 1009 783
D40 0.0107 290 359 706 588
D40 0.0107 623 150 726 219
D40 0.0107 30 806 187 1018
D40 0.0106 29 696 106 757
D40 0.0106 5 51 101 93
D40 0.0106 632 944 735 990
D40 0.0106 772 268 907 392
D40 0.0106 751 234 990 360
D40 0.0106 262 816 467 946
D40 0.0105 922 760 990 825
D40 0.0105 601 31 702 74
D40 0.0105 9 67 130 110
D40 0.0105 846 366 984 502
D40 0.0104 676 923 759 981
D40 0.0104 942 840 990 943
D40 0.0104 752 186 841 307
D40 0.0104 319 30 663 428
D40 0.0104 300 882 384 924
D40 0.0104 546 933 657 996
D40 0.0104 606 422 765 495
D40 0.0104 3 501 45 591
D40 0.0103 469 228 563 267
D40 0.0103 515 194 736 273
D40 0.0103 216 967 387 1024
D40 0.0103 711 380 907 481
D40 0.0103 156 151 313 253
D40 0.0103 784 545 1024 702
D40 0.0103 366 693 445 782
D40 0.0103 738 929 827 974
D40 0.0103 623 43 731 100
D40 0.0102 259 22 430 90
D40 0.0102 445 335 683 442
D40 0.0101 942 521 1015 583
D40 0.0101 871 211 1024 481
D40 0.0101 202 924 300 1024
D40 0.0101 792 269 1014 393
D40 0.0101 343 770 475 917
D40 0.0101 368 807 580 946
D40 0.0100 899 978 986 1022
D40 0.0100 60 830 242 925
D40 0.0100 67 602 214 687
D40 0.0100 661 0 785 49
D40 0.0100 601 0 829 99
D40 0.0100 560 803 626 867
D40 0.0100 618 904 698 965
