D00 0.0927 334 331 373 371
D00 0.0917 173 421 217 496
D00 0.0844 122 405 216 562
D00 0.0751 179 436 209 490
D00 0.0687 336 341 400 378
D00 0.0648 103 434 196 600
D00 0.0638 329 322 361 367
D00 0.0588 143 434 206 545
D00 0.0574 150 413 228 527
D00 0.0563 317 324 409 378
D00 0.0486 330 336 422 391
D00 0.0485 161 436 210 515
D00 0.0450 135 430 217 500
D00 0.0444 330 321 375 348
D00 0.0444 337 329 388 359
D00 0.0428 357 339 409 386
D00 0.0397 328 327 434 437
D00 0.0379 332 318 377 387
D00 0.0351 339 339 364 386
D00 0.0348 127 469 186 589
D00 0.0346 107 398 268 600
D00 0.0341 370 367 422 393
D00 0.0340 349 338 413 428
D00 0.0340 347 333 387 375
D00 0.0339 367 395 391 442
D00 0.0322 358 348 422 402
D00 0.0313 177 451 206 504
D00 0.0300 343 355 401 382
D00 0.0296 2 257 24 311
D00 0.0295 126 456 200 525
D00 0.0295 318 318 356 352
D00 0.0292 355 328 397 363
D00 0.0286 367 357 419 386
D00 0.0283 181 427 218 468
D00 0.0279 152 443 214 486
D00 0.0278 359 370 402 449
D00 0.0276 311 315 373 369
D00 0.0274 177 420 240 516
D00 0.0274 150 467 201 590
D00 0.0270 167 448 219 569
D00 0.0265 188 436 221 485
D00 0.0263 325 314 363 344
D00 0.0255 494 364 600 473
D00 0.0253 176 457 214 487
D00 0.0249 372 347 405 390
D00 0.0249 106 466 184 534
D00 0.0237 165 411 251 594
D00 0.0232 104 491 171 596
D00 0.0229 0 233 29 319
D00 0.0225 359 402 385 448
D00 0.0224 299 320 413 409
D00 0.0220 321 325 350 372
D00 0.0216 163 461 200 533
D00 0.0213 517 402 593 473
D00 0.0213 358 412 401 440
D00 0.0213 170 444 244 492
D00 0.0213 119 366 170 391
D00 0.0210 60 535 130 600
D00 0.0210 342 363 428 462
D00 0.0202 143 523 181 600
D00 0.0198 543 374 598 468
D00 0.0197 351 394 392 463
D00 0.0196 317 337 367 366
D00 0.0196 300 314 353 335
D00 0.0192 7 439 148 582
D00 0.0191 492 371 596 563
D00 0.0187 2 3 26 64
D00 0.0186 114 389 223 489
D00 0.0184 268 374 301 407
D00 0.0180 276 379 310 413
D00 0.0180 20 385 197 591
D00 0.0179 57 501 123 577
D00 0.0179 339 320 403 350
D00 0.0178 154 471 192 541
D00 0.0178 368 364 429 430
D00 0.0177 3 484 111 593
D00 0.0177 127 358 179 383
D00 0.0176 364 348 417 375
D00 0.0174 344 349 474 419
D00 0.0171 124 445 187 504
D00 0.0170 527 380 600 523
D00 0.0168 511 431 597 597
D00 0.0167 96 343 235 561
D00 0.0166 439 355 582 578
D00 0.0166 379 358 414 399
D00 0.0164 238 425 276 500
D00 0.0162 488 394 588 452
D00 0.0162 159 393 297 555
D00 0.0160 0 535 58 600
D00 0.0160 315 341 394 416
D00 0.0159 348 341 465 392
D00 0.0158 66 469 145 579
D00 0.0158 268 345 515 573
D00 0.0157 17 545 109 600
D00 0.0154 183 429 240 480
D00 0.0152 121 526 170 600
D00 0.0150 150 348 247 496
D00 0.0149 164 393 226 487
D00 0.0149 554 529 600 600
D00 0.0149 333 314 382 336
D00 0.0148 573 374 599 427
D00 0.0148 90 501 155 568
D00 0.0148 3 0 84 155
D00 0.0147 365 383 412 436
D00 0.0147 151 434 288 507
D00 0.0146 246 449 267 494
D00 0.0145 293 345 491 445
D00 0.0145 523 360 586 454
D00 0.0145 382 371 427 402
D00 0.0145 326 310 423 360
D00 0.0145 307 342 375 374
D00 0.0144 290 351 412 475
D00 0.0144 320 355 461 500
D00 0.0144 352 405 395 433
D00 0.0144 76 521 148 595
D00 0.0143 139 547 173 600
D00 0.0142 117 491 184 555
D00 0.0140 290 376 316 418
D00 0.0139 537 326 600 449
D00 0.0138 353 396 435 440
D00 0.0138 307 364 414 555
D00 0.0138 535 416 600 491
D00 0.0138 65 428 160 555
D00 0.0138 62 485 125 546
D00 0.0137 159 374 430 591
D00 0.0137 119 374 168 399
D00 0.0136 324 355 373 380
D00 0.0136 296 328 376 394
D00 0.0135 61 377 203 492
D00 0.0135 530 384 600 437
D00 0.0135 145 569 178 600
D00 0.0133 170 425 202 478
D00 0.0132 349 324 431 367
D00 0.0132 297 311 375 348
D00 0.0131 69 523 109 594
D00 0.0131 524 412 579 461
D00 0.0130 125 414 175 484
D00 0.0130 109 456 168 513
D00 0.0130 158 419 214 467
D00 0.0130 469 413 578 464
D00 0.0130 253 366 314 414
D00 0.0130 83 471 236 590
D00 0.0129 141 451 262 528
D00 0.0129 332 403 410 448
D00 0.0129 187 449 237 567
D00 0.0128 195 411 261 500
D00 0.0128 320 319 487 390
D00 0.0127 335 367 398 489
D00 0.0127 96 484 161 536
D00 0.0127 107 358 180 396
D00 0.0125 491 407 589 497
D00 0.0125 144 451 312 600
D00 0.0125 0 545 33 600
D00 0.0125 181 451 227 500
D00 0.0124 406 375 590 481
D00 0.0124 181 371 359 509
D00 0.0124 68 495 107 563
D00 0.0123 112 338 247 392
D00 0.0123 40 4 78 97
D00 0.0123 0 282 25 319
D00 0.0122 311 309 337 346
D00 0.0122 358 374 505 598
D00 0.0122 0 436 74 600
D00 0.0121 367 321 420 392
D00 0.0121 329 371 414 433
D00 0.0121 573 552 598 600
D00 0.0121 546 360 600 427
D00 0.0121 0 430 33 515
D00 0.0121 36 512 105 588
D00 0.0120 357 347 563 446
D00 0.0120 0 211 27 288
D00 0.0119 342 338 583 540
D00 0.0119 264 368 289 409
D00 0.0119 376 355 444 404
D00 0.0118 129 440 161 491
D00 0.0118 408 374 532 559
D00 0.0118 324 333 366 407
D00 0.0118 538 403 594 452
D00 0.0117 236 389 396 536
D00 0.0117 338 351 389 397
D00 0.0117 16 0 72 95
D00 0.0117 213 398 342 577
D00 0.0117 108 412 183 506
D00 0.0116 6 0 52 79
D00 0.0116 356 322 411 343
D00 0.0115 546 439 596 551
D00 0.0113 340 396 446 587
D00 0.0113 91 363 236 465
D00 0.0112 365 370 467 457
D00 0.0111 446 573 523 600
D00 0.0111 283 360 306 406
D00 0.0111 273 378 298 426
D00 0.0111 95 371 161 403
D00 0.0111 99 353 225 411
D00 0.0110 308 322 345 360
D00 0.0110 159 446 194 501
D00 0.0110 0 266 17 317
D00 0.0110 273 371 328 422
D00 0.0110 274 346 313 418
D00 0.0109 0 418 112 549
D00 0.0109 121 350 203 387
D00 0.0107 185 460 213 514
D00 0.0107 365 353 397 397
D00 0.0107 106 494 147 555
D00 0.0107 100 436 168 497
D00 0.0106 364 339 418 365
D00 0.0106 8 11 33 70
D00 0.0106 46 462 139 541
D00 0.0105 107 509 145 583
D00 0.0105 117 574 173 598
D00 0.0105 547 482 596 587
D00 0.0104 300 305 348 327
D00 0.0104 562 388 600 484
D00 0.0104 468 360 573 450
D00 0.0104 96 555 182 600
D00 0.0104 0 46 66 212
D00 0.0104 148 500 182 569
D00 0.0103 234 329 262 375
D00 0.0103 127 364 177 408
D00 0.0103 527 463 581 572
D00 0.0103 522 553 600 600
D00 0.0102 338 403 383 473
D00 0.0102 0 266 31 348
D00 0.0102 176 469 204 525
D00 0.0102 190 438 275 600
D00 0.0102 356 391 390 430
D00 0.0102 220 326 258 359
D00 0.0102 351 309 401 378
D00 0.0101 281 413 370 566
D00 0.0101 18 28 71 130
D00 0.0101 495 314 600 426
D00 0.0101 160 493 199 574
D00 0.0100 551 574 600 599
D00 0.0100 203 330 254 354
D00 0.0100 246 430 270 483
D10 0.0601 0 53 70 82
D10 0.0596 176 424 226 445
D10 0.0566 182 416 239 437
D10 0.0469 0 49 48 73
D10 0.0457 179 419 252 448
D10 0.0439 185 412 264 440
D10 0.0426 134 417 226 475
D10 0.0416 104 428 212 491
D10 0.0405 165 418 239 465
D10 0.0367 78 495 170 543
D10 0.0350 158 425 214 447
D10 0.0344 92 461 193 528
D10 0.0341 171 430 216 458
D10 0.0339 0 57 37 78
D10 0.0335 126 437 197 472
D10 0.0297 364 366 416 391
D10 0.0285 149 427 217 465
D10 0.0285 96 506 156 533
D10 0.0283 172 457 210 487
D10 0.0280 162 414 230 445
D10 0.0275 373 374 424 397
D10 0.0267 136 444 213 484
D10 0.0266 136 432 200 459
D10 0.0249 192 406 247 432
D10 0.0247 123 449 176 475
D10 0.0240 53 541 161 595
D10 0.0240 259 378 308 403
D10 0.0234 107 490 179 531
D10 0.0233 363 360 439 400
D10 0.0233 150 399 242 453
D10 0.0231 97 515 152 541
D10 0.0229 162 448 211 479
D10 0.0228 128 472 196 512
D10 0.0224 63 503 151 555
D10 0.0221 66 410 207 479
D10 0.0219 201 423 268 444
D10 0.0212 140 461 206 503
D10 0.0210 0 568 73 600
D10 0.0209 96 497 159 525
D10 0.0208 169 466 207 495
D10 0.0206 247 369 298 394
D10 0.0205 269 384 315 410
D10 0.0202 29 461 170 538
D10 0.0202 117 442 170 467
D10 0.0198 105 509 176 545
D10 0.0198 213 416 276 438
D10 0.0192 42 424 189 498
D10 0.0190 534 408 596 444
D10 0.0187 76 519 169 589
D10 0.0187 120 483 203 536
D10 0.0186 184 431 242 457
D10 0.0186 288 314 346 334
D10 0.0185 382 368 439 393
D10 0.0185 354 403 448 442
D10 0.0183 0 40 55 97
D10 0.0183 62 447 178 508
D10 0.0183 124 487 182 515
D10 0.0178 134 459 199 486
D10 0.0174 54 550 120 587
D10 0.0172 16 559 109 596
D10 0.0172 101 472 174 512
D10 0.0172 0 65 46 91
D10 0.0171 100 501 184 562
D10 0.0169 90 481 167 523
D10 0.0169 363 412 411 438
D10 0.0167 70 506 130 534
D10 0.0167 278 379 325 403
D10 0.0167 161 452 228 502
D10 0.0163 112 463 183 503
D10 0.0163 205 373 280 401
D10 0.0162 140 425 198 450
D10 0.0160 369 405 425 432
D10 0.0158 520 412 597 462
D10 0.0157 513 536 600 581
D10 0.0156 108 392 228 467
D10 0.0155 251 452 338 491
D10 0.0155 171 402 239 436
D10 0.0154 121 458 175 485
D10 0.0154 341 359 410 392
D10 0.0153 158 476 200 505
D10 0.0152 64 558 142 596
D10 0.0150 186 398 283 438
D10 0.0149 146 486 193 513
D10 0.0148 551 403 598 431
D10 0.0146 534 445 598 480
D10 0.0146 0 195 63 226
D10 0.0144 13 410 168 469
D10 0.0144 88 525 285 600
D10 0.0144 191 415 292 453
D10 0.0142 24 500 134 572
D10 0.0142 267 460 324 484
D10 0.0140 98 524 149 549
D10 0.0139 168 447 266 491
D10 0.0138 92 442 176 490
D10 0.0137 99 427 185 472
D10 0.0137 533 421 585 449
D10 0.0136 0 42 28 77
D10 0.0136 344 364 425 410
D10 0.0136 1 37 44 68
D10 0.0136 25 48 72 74
D10 0.0135 285 540 386 577
D10 0.0134 184 431 300 486
D10 0.0133 509 428 596 480
D10 0.0133 266 445 364 483
D10 0.0131 55 491 138 539
D10 0.0130 62 539 130 577
D10 0.0130 453 574 530 600
D10 0.0130 247 359 296 382
D10 0.0129 124 505 178 534
D10 0.0129 0 55 85 103
D10 0.0128 540 545 594 567
D10 0.0128 0 188 48 212
D10 0.0128 374 414 439 437
D10 0.0126 0 178 50 203
D10 0.0126 276 453 332 478
D10 0.0125 237 434 343 485
D10 0.0125 101 469 160 495
D10 0.0124 289 321 349 342
D10 0.0123 107 478 323 591
D10 0.0122 374 383 424 408
D10 0.0119 136 441 366 560
D10 0.0119 148 471 221 525
D10 0.0118 181 467 228 493
D10 0.0117 266 313 329 332
D10 0.0117 73 554 133 581
D10 0.0116 532 531 598 566
D10 0.0116 135 495 184 524
D10 0.0116 483 406 578 452
D10 0.0115 79 527 145 565
D10 0.0115 249 373 335 411
D10 0.0115 0 488 43 513
D10 0.0115 106 450 161 476
D10 0.0115 150 416 204 440
D10 0.0114 0 478 75 525
D10 0.0114 27 573 99 597
D10 0.0113 229 423 282 446
D10 0.0113 100 545 194 597
D10 0.0112 368 372 441 420
D10 0.0112 204 368 261 392
D10 0.0112 215 406 274 431
D10 0.0111 269 369 315 395
D10 0.0111 239 384 295 407
D10 0.0110 30 431 155 482
D10 0.0109 0 24 76 76
D10 0.0108 0 165 64 200
D10 0.0108 532 430 585 460
D10 0.0107 382 372 457 402
D10 0.0107 168 376 262 430
D10 0.0107 20 470 132 521
D10 0.0107 525 414 578 442
D10 0.0107 184 450 241 478
D10 0.0106 348 375 402 395
D10 0.0106 0 161 47 188
D10 0.0106 67 498 117 525
D10 0.0106 32 420 106 449
D10 0.0105 129 502 206 552
D10 0.0105 212 380 285 410
D10 0.0105 223 440 357 506
D10 0.0104 0 207 44 232
D10 0.0104 15 65 70 91
D10 0.0104 1 526 88 580
D10 0.0103 34 538 106 578
D10 0.0103 0 198 37 223
D10 0.0103 340 413 390 439
D10 0.0103 0 178 72 220
D10 0.0102 125 470 238 547
D10 0.0102 40 554 103 582
D10 0.0101 461 421 588 485
D10 0.0101 499 526 589 569
D10 0.0101 533 548 598 586
D10 0.0101 550 459 599 484
D10 0.0101 202 396 254 422
D10 0.0101 3 547 83 590
D10 0.0101 0 169 40 196
D10 0.0101 286 385 335 410
D10 0.0101 250 461 307 486
D10 0.0100 195 376 248 399
D20 0.1702 41 413 219 589
D20 0.1344 98 420 218 540
D20 0.1164 0 403 389 574
D20 0.0912 34 467 172 597
D20 0.0686 77 453 190 577
D20 0.0676 129 417 235 504
D20 0.0584 0 518 161 599
D20 0.0548 82 400 276 566
D20 0.0502 324 328 395 374
D20 0.0383 125 432 218 482
D20 0.0378 146 393 596 580
D20 0.0361 296 322 409 382
D20 0.0346 138 400 297 491
D20 0.0345 155 414 250 475
D20 0.0337 95 380 356 517
D20 0.0337 65 359 534 536
D20 0.0333 4 473 294 600
D20 0.0325 119 438 195 512
D20 0.0314 52 403 217 501
D20 0.0303 178 415 230 488
D20 0.0290 80 496 229 600
D20 0.0289 147 373 245 515
D20 0.0278 108 457 185 529
D20 0.0267 69 506 164 593
D20 0.0259 312 317 381 361
D20 0.0244 0 552 94 600
D20 0.0243 0 424 142 588
D20 0.0240 87 477 168 541
D20 0.0240 0 333 224 534
D20 0.0225 50 439 189 523
D20 0.0220 224 327 413 402
D20 0.0211 68 489 149 550
D20 0.0205 41 491 139 582
D20 0.0205 127 422 182 495
D20 0.0205 0 0 40 80
D20 0.0201 163 428 273 489
D20 0.0189 61 523 131 595
D20 0.0185 156 353 274 476
D20 0.0182 122 437 282 539
D20 0.0178 339 357 495 444
D20 0.0176 0 32 42 107
D20 0.0175 294 318 366 348
D20 0.0173 226 371 321 408
D20 0.0172 278 333 426 427
D20 0.0172 206 340 289 384
D20 0.0169 177 403 245 457
D20 0.0169 0 0 408 294
D20 0.0166 160 407 213 487
D20 0.0166 2 0 84 129
D20 0.0165 261 322 376 374
D20 0.0162 368 453 600 600
D20 0.0162 167 0 600 294
D20 0.0161 146 428 339 512
D20 0.0161 57 511 144 567
D20 0.0159 103 414 201 486
D20 0.0158 114 430 167 504
D20 0.0158 0 165 557 591
D20 0.0157 90 494 145 575
D20 0.0156 133 344 402 473
D20 0.0155 312 118 600 600
D20 0.0154 0 277 154 587
D20 0.0149 4 494 94 597
D20 0.0148 101 438 350 600
D20 0.0146 185 391 254 443
D20 0.0143 0 118 290 600
D20 0.0142 106 485 160 559
D20 0.0142 173 344 326 427
D20 0.0142 85 426 184 504
D20 0.0141 272 332 600 528
D20 0.0138 0 0 600 434
D20 0.0136 455 367 600 600
D20 0.0134 454 0 600 218
D20 0.0131 187 359 285 400
D20 0.0131 0 538 49 600
D20 0.0130 24 531 113 588
D20 0.0129 269 309 368 341
D20 0.0129 16 409 169 531
D20 0.0129 251 369 299 408
D20 0.0128 169 369 288 439
D20 0.0128 187 331 268 374
D20 0.0126 530 421 599 481
D20 0.0124 192 334 312 400
D20 0.0123 0 0 144 220
D20 0.0122 135 333 291 409
D20 0.0122 548 388 600 463
D20 0.0121 0 173 45 248
D20 0.0120 231 306 405 369
D20 0.0119 306 338 558 457
D20 0.0117 218 339 474 460
D20 0.0117 287 369 453 465
D20 0.0116 192 377 295 472
D20 0.0116 216 335 277 369
D20 0.0114 20 385 195 469
D20 0.0113 0 449 33 528
D20 0.0113 194 416 381 500
D20 0.0110 221 331 313 375
D20 0.0110 0 135 45 208
D20 0.0110 295 333 369 368
D20 0.0109 86 454 158 520
D20 0.0108 527 322 600 363
D20 0.0108 448 531 600 600
D20 0.0105 335 0 600 178
D20 0.0102 242 336 287 405
D20 0.0102 232 346 297 378
D20 0.0100 528 0 600 110
D20 0.0100 192 387 282 431
D20 0.0100 220 350 362 412
D40 0.0580 6 532 143 597
D40 0.0521 230 368 285 393
D40 0.0381 214 361 302 398
D40 0.0335 44 553 128 598
D40 0.0325 231 359 282 384
D40 0.0273 238 377 294 400
D40 0.0272 60 573 115 597
D40 0.0240 67 558 109 595
D40 0.0218 71 528 162 597
D40 0.0200 47 516 119 596
D40 0.0183 128 438 168 473
D40 0.0182 0 561 110 600
D40 0.0170 0 573 53 598
D40 0.0166 0 545 60 600
D40 0.0161 229 371 270 401
D40 0.0160 224 348 276 391
D40 0.0151 197 368 290 406
D40 0.0149 257 365 292 398
D40 0.0146 9 523 81 598
D40 0.0144 134 430 176 466
D40 0.0133 232 349 280 374
D40 0.0132 243 360 272 398
D40 0.0129 59 565 167 600
D40 0.0122 220 363 261 395
D40 0.0122 0 557 33 597
D40 0.0121 73 549 117 587
D40 0.0116 0 416 100 460
D40 0.0110 422 409 510 445
D40 0.0108 50 567 97 598
D40 0.0104 28 538 97 600
D40 0.0102 119 445 160 482
D40 0.0100 0 435 30 471
