D00 0.1814 228 418 253 473
D00 0.1500 219 394 258 487
D00 0.1268 198 412 258 475
D00 0.1067 327 350 445 455
D00 0.1042 343 377 498 467
D00 0.1008 401 412 508 465
D00 0.0933 202 385 284 477
D00 0.0926 302 334 408 447
D00 0.0898 225 409 280 475
D00 0.0856 438 419 489 463
D00 0.0849 342 355 400 424
D00 0.0763 331 355 390 390
D00 0.0671 234 431 258 478
D00 0.0650 348 361 391 400
D00 0.0645 311 336 385 407
D00 0.0625 314 332 350 373
D00 0.0620 307 324 340 363
D00 0.0618 238 417 267 471
D00 0.0610 357 364 421 435
D00 0.0607 382 398 472 465
D00 0.0605 207 429 252 463
D00 0.0587 318 338 367 387
D00 0.0574 222 363 273 469
D00 0.0550 232 399 259 464
D00 0.0532 321 349 379 450
D00 0.0515 331 374 404 456
D00 0.0502 379 383 443 454
D00 0.0494 360 372 469 442
D00 0.0490 326 348 375 377
D00 0.0476 338 359 448 415
D00 0.0476 348 359 400 384
D00 0.0475 450 431 505 459
D00 0.0474 301 320 353 381
D00 0.0465 426 424 470 463
D00 0.0456 247 376 468 474
D00 0.0450 169 380 388 475
D00 0.0442 222 405 254 450
D00 0.0437 428 395 482 472
D00 0.0436 211 417 258 456
D00 0.0430 431 439 481 464
D00 0.0422 298 317 330 353
D00 0.0420 323 345 428 394
D00 0.0415 236 372 292 470
D00 0.0413 231 438 275 472
D00 0.0410 399 385 536 470
D00 0.0406 191 390 272 533
D00 0.0400 304 338 361 438
D00 0.0399 356 368 399 409
D00 0.0393 150 404 296 479
D00 0.0385 274 343 520 462
D00 0.0355 228 427 264 499
D00 0.0328 341 352 391 376
D00 0.0322 254 330 377 453
D00 0.0321 321 380 364 464
D00 0.0320 356 366 410 393
D00 0.0320 218 340 305 484
D00 0.0318 402 407 470 448
D00 0.0316 191 438 252 469
D00 0.0315 446 394 498 469
D00 0.0305 225 421 262 448
D00 0.0305 226 448 265 475
D00 0.0303 187 375 253 463
D00 0.0299 440 414 533 459
D00 0.0297 333 348 375 410
D00 0.0297 303 324 328 375
D00 0.0282 415 415 462 458
D00 0.0280 366 379 429 418
D00 0.0277 347 393 426 464
D00 0.0273 367 387 418 446
D00 0.0272 216 440 253 477
D00 0.0271 414 376 498 450
D00 0.0271 323 339 371 367
D00 0.0267 351 367 390 444
D00 0.0267 292 314 319 355
D00 0.0263 208 354 260 455
D00 0.0255 387 398 451 438
D00 0.0254 329 405 354 459
D00 0.0250 430 409 493 449
D00 0.0250 464 420 496 461
D00 0.0249 379 427 486 475
D00 0.0248 295 324 403 387
D00 0.0245 315 330 360 356
D00 0.0242 212 435 286 478
D00 0.0242 329 409 534 508
D00 0.0237 409 434 474 466
D00 0.0234 309 331 342 402
D00 0.0233 193 424 253 452
D00 0.0233 328 397 374 453
D00 0.0233 289 311 338 363
D00 0.0232 318 396 348 464
D00 0.0229 299 372 497 523
D00 0.0229 206 419 290 508
D00 0.0228 342 378 379 451
D00 0.0225 200 417 326 479
D00 0.0225 287 337 340 441
D00 0.0224 361 377 399 451
D00 0.0223 319 341 348 394
D00 0.0223 442 397 571 453
D00 0.0219 203 329 452 487
D00 0.0217 167 419 264 506
D00 0.0216 250 417 278 470
D00 0.0216 227 380 262 452
D00 0.0215 227 385 334 473
D00 0.0215 252 342 322 468
D00 0.0214 344 348 376 390
D00 0.0213 338 405 363 458
D00 0.0208 200 408 426 505
D00 0.0204 303 380 345 465
D00 0.0204 438 406 471 459
D00 0.0201 388 424 458 462
D00 0.0199 376 405 427 458
D00 0.0197 290 369 382 437
D00 0.0197 229 425 296 466
D00 0.0195 327 367 387 406
D00 0.0195 395 406 441 447
D00 0.0194 289 331 347 368
D00 0.0193 318 315 469 484
D00 0.0191 386 389 430 429
D00 0.0189 290 309 373 427
D00 0.0187 261 380 399 458
D00 0.0186 367 375 422 402
D00 0.0184 234 405 270 449
D00 0.0184 314 350 361 406
D00 0.0183 316 355 361 382
D00 0.0182 435 368 514 466
D00 0.0181 308 322 350 347
D00 0.0180 325 358 365 397
D00 0.0180 458 423 517 452
D00 0.0178 296 322 337 409
D00 0.0171 271 320 359 398
D00 0.0169 284 313 325 339
D00 0.0167 206 372 287 437
D00 0.0167 178 343 268 480
D00 0.0166 347 405 393 457
D00 0.0165 452 379 595 468
D00 0.0164 316 370 349 443
D00 0.0163 190 406 256 448
D00 0.0162 324 359 362 436
D00 0.0161 372 372 404 427
D00 0.0160 312 483 350 568
D00 0.0159 202 435 259 491
D00 0.0159 464 413 585 465
D00 0.0159 457 406 488 457
D00 0.0158 1 505 43 582
D00 0.0157 432 421 478 486
D00 0.0157 399 352 480 462
D00 0.0156 254 370 374 521
D00 0.0156 294 323 317 374
D00 0.0156 280 315 312 349
D00 0.0155 444 442 481 474
D00 0.0155 301 363 363 479
D00 0.0153 412 420 505 506
D00 0.0152 248 381 282 457
D00 0.0152 208 438 259 541
D00 0.0147 339 339 379 373
D00 0.0147 344 376 382 418
D00 0.0146 326 491 354 563
D00 0.0146 127 367 351 522
D00 0.0145 357 395 383 452
D00 0.0145 355 352 410 374
D00 0.0144 362 360 421 382
D00 0.0144 459 390 526 465
D00 0.0144 516 388 593 457
D00 0.0143 384 397 415 453
D00 0.0143 372 396 407 460
D00 0.0142 374 363 488 410
D00 0.0142 165 422 311 556
D00 0.0142 225 345 266 431
D00 0.0141 238 318 429 426
D00 0.0141 432 381 549 435
D00 0.0141 320 500 344 557
D00 0.0139 343 413 376 454
D00 0.0138 379 366 449 424
D00 0.0138 367 414 450 478
D00 0.0138 523 556 600 595
D00 0.0137 289 343 371 395
D00 0.0137 150 412 248 561
D00 0.0137 308 327 382 370
D00 0.0137 457 440 516 462
D00 0.0136 9 521 36 573
D00 0.0133 220 394 311 536
D00 0.0133 406 386 463 439
D00 0.0133 255 401 457 568
D00 0.0132 286 315 325 399
D00 0.0131 367 392 416 421
D00 0.0131 553 394 598 471
D00 0.0131 244 355 286 442
D00 0.0130 320 340 492 418
D00 0.0130 271 397 346 467
D00 0.0130 259 399 293 469
D00 0.0129 267 353 364 412
D00 0.0128 186 439 244 541
D00 0.0128 427 443 467 473
D00 0.0128 204 402 242 458
D00 0.0127 441 429 498 479
D00 0.0127 308 361 340 433
D00 0.0126 312 405 336 460
D00 0.0126 464 431 528 457
D00 0.0126 362 356 533 439
D00 0.0125 549 564 598 589
D00 0.0125 304 391 388 445
D00 0.0125 365 365 437 396
D00 0.0124 419 400 485 436
D00 0.0122 227 306 338 465
D00 0.0122 386 420 439 452
D00 0.0122 469 407 510 460
D00 0.0122 324 337 401 379
D00 0.0122 302 410 400 460
D00 0.0122 236 343 259 400
D00 0.0122 239 366 271 436
D00 0.0121 247 329 338 423
D00 0.0121 572 486 598 533
D00 0.0119 421 426 454 467
D00 0.0118 358 349 411 413
D00 0.0118 541 569 600 600
D00 0.0117 342 369 434 508
D00 0.0117 299 389 330 459
D00 0.0116 324 396 359 437
D00 0.0116 508 364 600 481
D00 0.0116 227 440 277 540
D00 0.0115 263 380 307 468
D00 0.0114 308 367 385 518
D00 0.0114 190 416 236 470
D00 0.0113 284 380 326 466
D00 0.0113 337 378 366 437
D00 0.0113 406 404 463 430
D00 0.0113 200 379 345 578
D00 0.0113 388 382 459 415
D00 0.0112 357 423 511 559
D00 0.0112 362 413 396 454
D00 0.0112 241 334 269 408
D00 0.0112 305 311 337 344
D00 0.0111 472 381 584 431
D00 0.0111 219 400 307 458
D00 0.0110 378 346 542 507
D00 0.0110 267 317 331 348
D00 0.0109 303 340 327 396
D00 0.0109 380 392 477 526
D00 0.0107 380 369 413 418
D00 0.0107 208 448 417 553
D00 0.0107 381 423 417 460
D00 0.0107 150 514 196 560
D00 0.0107 256 343 295 431
D00 0.0106 432 360 564 492
D00 0.0106 454 414 506 442
D00 0.0106 284 324 305 374
D00 0.0106 295 443 358 559
D00 0.0106 457 436 487 476
D00 0.0106 8 529 52 579
D00 0.0106 305 425 381 575
D00 0.0104 395 373 436 436
D00 0.0104 169 463 259 560
D00 0.0103 245 441 300 468
D00 0.0103 175 281 312 483
D00 0.0101 339 396 402 437
D00 0.0100 284 338 331 363
D00 0.0100 322 454 368 548
D00 0.0100 254 403 318 485
D00 0.0100 370 357 403 398
D00 0.0100 321 421 365 450
D10 0.0552 193 392 259 423
D10 0.0369 188 389 249 412
D10 0.0264 177 395 242 417
D10 0.0256 220 388 266 410
D10 0.0249 170 422 259 457
D10 0.0206 203 379 285 426
D10 0.0203 163 380 260 420
D10 0.0194 221 400 262 427
D10 0.0184 227 394 276 417
D10 0.0176 235 450 290 473
D10 0.0165 209 411 252 439
D10 0.0159 207 377 254 404
D10 0.0148 171 398 250 431
D10 0.0147 221 439 307 476
D10 0.0144 379 429 467 467
D10 0.0143 404 440 460 464
D10 0.0128 383 441 439 463
D10 0.0123 179 408 256 446
D10 0.0110 222 396 281 435
D10 0.0108 183 373 252 409
D10 0.0107 375 431 428 458
D10 0.0107 149 445 256 491
D10 0.0106 237 459 291 479
D10 0.0105 254 452 312 472
D10 0.0103 329 412 375 440
D10 0.0102 169 387 226 412
D10 0.0101 223 377 267 402
D10 0.0101 230 411 274 438
D20 0.1169 146 405 271 472
D20 0.0781 140 428 245 464
D20 0.0749 401 407 537 468
D20 0.0597 336 385 497 468
D20 0.0553 109 386 308 476
D20 0.0486 183 361 281 480
D20 0.0426 189 373 380 469
D20 0.0403 407 389 595 464
D20 0.0394 213 379 259 460
D20 0.0366 415 427 526 475
D20 0.0362 304 371 552 480
D20 0.0359 74 414 292 503
D20 0.0342 123 389 547 555
D20 0.0327 269 366 442 461
D20 0.0321 149 358 494 487
D20 0.0315 439 421 531 461
D20 0.0286 182 400 259 459
D20 0.0268 210 326 588 509
D20 0.0264 358 410 562 509
D20 0.0256 152 373 269 448
D20 0.0224 128 449 538 600
D20 0.0218 426 422 582 481
D20 0.0205 191 376 262 429
D20 0.0201 187 406 344 483
D20 0.0200 226 340 403 440
D20 0.0196 0 330 421 508
D20 0.0194 141 391 237 459
D20 0.0191 49 433 302 553
D20 0.0187 93 384 394 508
D20 0.0178 0 0 408 294
D20 0.0175 31 277 600 526
D20 0.0175 364 454 600 600
D20 0.0175 273 409 592 565
D20 0.0174 167 0 600 294
D20 0.0174 122 410 213 464
D20 0.0166 123 432 199 462
D20 0.0163 0 118 290 600
D20 0.0159 65 406 255 466
D20 0.0158 312 118 600 600
D20 0.0155 205 365 330 448
D20 0.0154 17 15 600 441
D20 0.0153 216 349 260 430
D20 0.0152 0 454 237 600
D20 0.0151 76 349 270 460
D20 0.0146 222 420 322 469
D20 0.0136 0 0 144 224
D20 0.0134 224 299 524 452
D20 0.0134 451 366 600 600
D20 0.0133 148 423 257 505
D20 0.0131 336 409 429 458
D20 0.0128 378 350 586 448
D20 0.0125 402 435 516 501
D20 0.0124 454 0 600 224
D20 0.0122 161 415 226 473
D20 0.0121 334 446 535 554
D20 0.0121 214 377 456 600
D20 0.0120 85 253 481 453
D20 0.0119 149 428 400 560
D20 0.0116 294 261 525 536
D20 0.0115 77 469 326 594
D20 0.0109 0 0 264 179
D20 0.0109 0 367 150 600
D20 0.0109 0 0 72 112
D20 0.0107 4 377 391 600
D20 0.0106 386 428 503 539
D20 0.0106 254 321 349 361
D20 0.0105 386 0 600 145
D20 0.0105 148 418 208 459
D20 0.0104 206 367 256 416
D20 0.0100 183 354 287 426
D40 0.0888 142 427 250 464
D40 0.0848 205 395 255 417
D40 0.0646 155 434 235 459
D40 0.0551 205 389 257 436
D40 0.0441 223 393 253 452
D40 0.0412 212 389 258 411
D40 0.0387 143 441 214 464
D40 0.0362 226 390 261 427
D40 0.0347 215 399 254 427
D40 0.0279 213 380 269 452
D40 0.0274 152 431 198 461
D40 0.0268 176 439 250 466
D40 0.0246 187 428 239 462
D40 0.0185 154 427 222 452
D40 0.0179 192 392 239 422
D40 0.0177 146 438 240 477
D40 0.0149 129 435 190 459
D40 0.0149 121 423 213 473
D40 0.0136 178 422 228 456
D40 0.0128 0 272 535 528
D40 0.0128 174 426 209 464
D40 0.0125 171 412 235 474
D40 0.0111 11 250 404 452
D40 0.0102 160 449 228 473
