D00 0.0768 266 368 301 462
D00 0.0762 275 369 296 433
D00 0.0597 266 398 288 454
D00 0.0476 258 398 295 482
D00 0.0476 268 339 303 430
D00 0.0462 263 498 289 545
D00 0.0438 281 362 304 419
D00 0.0422 275 344 295 404
D00 0.0377 256 477 295 548
D00 0.0372 272 406 295 462
D00 0.0360 259 340 315 466
D00 0.0339 279 336 307 412
D00 0.0333 275 325 295 381
D00 0.0332 257 575 314 598
D00 0.0324 236 388 309 568
D00 0.0314 265 424 288 480
D00 0.0309 245 366 303 507
D00 0.0307 267 363 290 421
D00 0.0295 256 507 296 535
D00 0.0285 274 312 296 355
D00 0.0278 239 476 306 598
D00 0.0276 283 326 305 380
D00 0.0275 242 497 299 558
D00 0.0272 282 313 306 354
D00 0.0268 263 415 303 502
D00 0.0261 270 394 297 440
D00 0.0253 269 362 318 438
D00 0.0250 274 389 307 457
D00 0.0245 261 527 309 600
D00 0.0243 268 311 302 398
D00 0.0235 250 419 297 541
D00 0.0232 550 575 600 598
D00 0.0227 264 386 292 429
D00 0.0227 264 336 291 410
D00 0.0225 256 492 284 539
D00 0.0219 286 317 320 347
D00 0.0219 229 567 323 600
D00 0.0216 278 309 311 341
D00 0.0215 242 393 298 457
D00 0.0211 216 362 342 591
D00 0.0210 249 342 298 445
D00 0.0205 259 514 305 541
D00 0.0202 250 555 304 599
D00 0.0199 269 490 296 539
D00 0.0198 264 442 310 557
D00 0.0196 0 462 93 600
D00 0.0195 290 355 314 407
D00 0.0194 268 402 313 480
D00 0.0194 256 410 283 459
D00 0.0190 267 325 287 380
D00 0.0190 241 352 337 481
D00 0.0190 276 385 306 428
D00 0.0190 254 373 288 452
D00 0.0187 264 502 302 565
D00 0.0186 225 523 320 600
D00 0.0185 290 320 316 363
D00 0.0183 287 329 318 397
D00 0.0180 545 551 600 600
D00 0.0179 11 507 75 597
D00 0.0176 574 555 599 600
D00 0.0175 278 368 328 468
D00 0.0170 261 381 366 575
D00 0.0168 262 445 291 524
D00 0.0167 276 308 313 382
D00 0.0161 257 422 296 449
D00 0.0159 194 414 301 591
D00 0.0158 248 417 292 467
D00 0.0158 24 536 92 599
D00 0.0156 288 321 337 343
D00 0.0156 258 516 293 557
D00 0.0155 435 574 492 599
D00 0.0154 277 350 332 413
D00 0.0153 271 434 296 489
D00 0.0152 288 371 314 425
D00 0.0150 258 494 322 549
D00 0.0150 201 572 284 600
D00 0.0147 272 556 299 599
D00 0.0147 2 485 58 588
D00 0.0146 566 531 600 600
D00 0.0145 265 321 312 343
D00 0.0145 267 566 321 595
D00 0.0144 480 503 541 559
D00 0.0143 1 379 109 567
D00 0.0142 47 534 112 600
D00 0.0141 266 312 287 354
D00 0.0141 247 570 292 599
D00 0.0139 0 516 37 600
D00 0.0139 229 370 287 467
D00 0.0137 252 397 321 520
D00 0.0137 235 514 298 578
D00 0.0136 574 466 600 514
D00 0.0135 0 544 29 593
D00 0.0135 212 548 291 600
D00 0.0135 247 504 354 596
D00 0.0135 203 394 426 600
D00 0.0133 215 345 304 483
D00 0.0133 193 576 252 599
D00 0.0132 85 575 148 597
D00 0.0131 19 555 76 597
D00 0.0131 492 521 527 557
D00 0.0131 267 553 339 600
D00 0.0131 254 426 287 494
D00 0.0128 295 325 329 356
D00 0.0127 0 399 37 486
D00 0.0127 273 296 298 336
D00 0.0125 29 416 141 590
D00 0.0125 120 392 349 599
D00 0.0124 0 344 173 600
D00 0.0124 43 554 98 598
D00 0.0124 13 468 74 571
D00 0.0122 299 314 326 351
D00 0.0122 0 375 61 502
D00 0.0122 289 312 336 336
D00 0.0122 248 499 291 529
D00 0.0121 6 539 51 598
D00 0.0121 237 581 301 600
D00 0.0121 261 483 290 524
D00 0.0121 210 471 346 600
D00 0.0121 275 374 313 402
D00 0.0120 411 568 502 600
D00 0.0120 279 322 333 385
D00 0.0120 258 417 314 454
D00 0.0117 283 381 318 449
D00 0.0117 274 319 335 439
D00 0.0116 230 449 287 554
D00 0.0115 59 569 100 598
D00 0.0115 278 417 305 468
D00 0.0114 275 328 318 351
D00 0.0114 484 512 519 549
D00 0.0114 190 508 303 597
D00 0.0113 268 383 304 409
D00 0.0113 261 308 292 339
D00 0.0112 279 566 308 600
D00 0.0111 95 572 175 599
D00 0.0111 247 534 288 600
D00 0.0111 521 461 600 502
D00 0.0110 231 404 286 514
D00 0.0110 300 329 325 375
D00 0.0110 292 420 405 591
D00 0.0109 488 510 532 579
D00 0.0108 490 480 600 595
D00 0.0108 69 549 144 600
D00 0.0107 217 491 301 538
D00 0.0105 29 568 70 597
D00 0.0105 1 522 27 580
D00 0.0104 448 433 502 455
D00 0.0104 125 576 184 598
D00 0.0104 217 337 240 386
D00 0.0104 300 347 325 394
D00 0.0103 261 456 335 584
D00 0.0102 568 468 600 542
D00 0.0102 275 366 315 392
D00 0.0102 0 431 64 559
D00 0.0102 40 493 122 599
D00 0.0102 348 524 391 600
D00 0.0102 38 515 99 588
D00 0.0102 28 354 144 534
D00 0.0101 558 459 600 518
D00 0.0101 0 354 40 443
D00 0.0101 42 523 79 598
D00 0.0101 19 495 102 576
D00 0.0101 257 401 339 453
D00 0.0101 438 424 494 447
D00 0.0100 557 469 600 594
D00 0.0100 227 337 248 386
D10 0.0402 203 369 256 389
D10 0.0305 33 518 90 538
D10 0.0294 226 540 292 569
D10 0.0262 27 509 109 549
D10 0.0260 195 376 246 397
D10 0.0257 217 368 279 388
D10 0.0227 0 557 96 598
D10 0.0226 242 536 291 560
D10 0.0207 188 361 278 395
D10 0.0207 217 572 304 600
D10 0.0204 213 359 265 385
D10 0.0204 188 369 238 391
D10 0.0200 15 574 80 596
D10 0.0198 42 508 96 533
D10 0.0195 39 574 101 597
D10 0.0193 210 376 267 396
D10 0.0186 224 545 322 597
D10 0.0179 269 423 316 448
D10 0.0179 264 508 316 535
D10 0.0179 248 514 294 540
D10 0.0176 50 571 129 599
D10 0.0172 462 424 524 446
D10 0.0170 235 431 289 455
D10 0.0169 241 521 333 589
D10 0.0168 200 537 293 581
D10 0.0164 523 568 600 600
D10 0.0164 261 560 365 598
D10 0.0163 251 501 335 544
D10 0.0163 29 565 88 593
D10 0.0162 237 507 292 533
D10 0.0161 251 507 355 563
D10 0.0160 220 499 302 545
D10 0.0158 1 554 47 584
D10 0.0157 248 422 291 450
D10 0.0156 61 518 111 540
D10 0.0154 246 524 292 554
D10 0.0152 233 504 314 565
D10 0.0152 181 368 265 406
D10 0.0151 219 421 300 464
D10 0.0150 248 544 299 564
D10 0.0149 553 564 599 595
D10 0.0148 19 504 88 537
D10 0.0146 232 552 287 579
D10 0.0145 74 575 139 597
D10 0.0145 240 564 297 595
D10 0.0144 147 543 305 600
D10 0.0144 43 525 95 548
D10 0.0144 52 564 107 593
D10 0.0143 473 415 531 439
D10 0.0142 420 563 492 596
D10 0.0140 198 359 245 386
D10 0.0137 234 494 413 581
D10 0.0137 260 525 382 584
D10 0.0137 264 430 304 457
D10 0.0137 446 417 539 450
D10 0.0135 259 413 350 458
D10 0.0134 10 513 78 543
D10 0.0131 64 479 114 501
D10 0.0129 377 425 437 448
D10 0.0129 229 359 285 383
D10 0.0128 195 557 295 600
D10 0.0127 273 566 332 594
D10 0.0127 277 414 329 440
D10 0.0127 275 431 328 457
D10 0.0126 278 575 344 597
D10 0.0124 215 545 274 566
D10 0.0124 112 488 160 513
D10 0.0123 19 521 85 553
D10 0.0123 270 516 330 541
D10 0.0122 280 375 325 402
D10 0.0122 282 366 326 392
D10 0.0121 57 547 171 595
D10 0.0121 266 511 381 548
D10 0.0119 269 507 353 537
D10 0.0118 252 485 394 554
D10 0.0118 529 458 600 488
D10 0.0116 243 367 294 389
D10 0.0115 80 479 132 502
D10 0.0114 261 499 303 528
D10 0.0114 64 567 167 600
D10 0.0113 283 423 340 447
D10 0.0113 178 377 228 399
D10 0.0113 62 508 110 533
D10 0.0113 112 480 160 505
D10 0.0112 428 557 483 580
D10 0.0111 363 433 418 454
D10 0.0111 265 412 303 442
D10 0.0111 289 566 354 592
D10 0.0109 253 518 311 556
D10 0.0108 404 548 515 596
D10 0.0108 359 417 457 452
D10 0.0107 5 504 92 564
D10 0.0107 73 470 123 496
D10 0.0107 342 528 440 569
D10 0.0107 114 575 176 598
D10 0.0107 284 411 359 442
D10 0.0107 180 497 309 575
D10 0.0107 466 408 554 443
D10 0.0106 87 565 146 592
D10 0.0106 306 521 400 561
D10 0.0106 242 548 306 587
D10 0.0105 43 516 129 564
D10 0.0104 279 384 324 410
D10 0.0104 197 519 298 563
D10 0.0104 63 525 111 550
D10 0.0104 41 498 128 544
D10 0.0103 63 513 130 545
D10 0.0102 15 487 112 537
D10 0.0102 227 582 293 600
D10 0.0101 118 551 241 596
D10 0.0101 269 440 315 467
D10 0.0101 272 394 372 449
D10 0.0100 489 423 549 445
D20 0.0299 0 545 97 598
D20 0.0266 0 526 145 600
D20 0.0266 0 531 48 600
D20 0.0231 0 406 384 592
D20 0.0214 201 495 321 599
D20 0.0209 281 321 328 343
D20 0.0207 0 483 92 600
D20 0.0194 274 313 319 337
D20 0.0188 116 414 534 593
D20 0.0169 21 476 311 600
D20 0.0167 226 507 396 597
D20 0.0163 225 536 354 600
D20 0.0155 0 491 198 593
D20 0.0148 262 340 340 485
D20 0.0147 42 556 140 599
D20 0.0140 371 455 600 600
D20 0.0139 0 0 408 294
D20 0.0136 167 0 600 294
D20 0.0135 129 535 324 600
D20 0.0133 154 373 318 466
D20 0.0131 0 564 32 591
D20 0.0128 219 334 322 458
D20 0.0126 269 315 346 350
D20 0.0124 0 563 58 600
D20 0.0123 167 311 600 600
D20 0.0122 0 118 290 600
D20 0.0122 0 375 149 600
D20 0.0120 40 538 183 599
D20 0.0120 150 478 403 599
D20 0.0120 220 562 324 600
D20 0.0120 232 521 285 600
D20 0.0119 312 118 600 600
D20 0.0119 53 525 281 600
D20 0.0117 252 376 414 462
D20 0.0117 17 457 140 583
D20 0.0117 249 466 348 600
D20 0.0116 158 472 318 569
D20 0.0114 0 545 25 600
D20 0.0113 0 0 600 434
D20 0.0110 455 0 600 216
D20 0.0110 258 319 323 346
D20 0.0109 249 307 335 343
D20 0.0108 0 236 516 600
D20 0.0108 273 303 319 328
D20 0.0108 283 310 343 339
D20 0.0105 0 0 147 217
D20 0.0104 264 392 347 451
D20 0.0104 569 582 600 600
D20 0.0104 38 513 122 593
D20 0.0103 160 347 318 429
D20 0.0103 452 377 600 600
D20 0.0103 214 467 574 600
D20 0.0102 448 532 600 600
D20 0.0102 379 0 600 146
D20 0.0102 268 365 348 414
D20 0.0101 170 555 308 600
D20 0.0100 103 415 304 590
D40 0.0725 0 572 51 597
D40 0.0450 0 556 69 598
D40 0.0330 0 560 37 595
D40 0.0228 391 358 443 382
D40 0.0199 17 568 61 597
D40 0.0167 382 352 455 386
D40 0.0140 0 581 42 600
D40 0.0134 385 351 434 374
D40 0.0131 398 366 452 389
D40 0.0127 7 550 51 589
D40 0.0126 0 399 41 487
D40 0.0117 239 531 280 565
D40 0.0116 0 455 33 492
D40 0.0114 0 416 29 472
D40 0.0107 9 581 67 600
D40 0.0107 29 560 70 595
D40 0.0102 0 561 20 600
