D00 0.1398 125 452 148 511
D00 0.1140 132 446 154 503
D00 0.1060 118 438 153 520
D00 0.0653 126 421 160 508
D00 0.0609 98 425 151 525
D00 0.0498 115 461 144 519
D00 0.0494 125 435 150 491
D00 0.0430 82 386 163 531
D00 0.0353 127 447 170 499
D00 0.0352 118 456 152 489
D00 0.0342 91 438 155 573
D00 0.0328 137 442 163 493
D00 0.0324 104 462 148 540
D00 0.0308 134 420 155 484
D00 0.0289 98 453 153 494
D00 0.0280 113 454 161 563
D00 0.0271 83 445 160 507
D00 0.0267 128 428 177 526
D00 0.0260 42 427 164 544
D00 0.0252 124 466 161 497
D00 0.0243 125 449 161 480
D00 0.0241 70 410 181 585
D00 0.0233 109 466 149 497
D00 0.0228 536 575 596 598
D00 0.0222 574 411 598 465
D00 0.0222 76 411 142 512
D00 0.0213 106 399 164 491
D00 0.0205 570 437 600 472
D00 0.0203 111 391 188 532
D00 0.0202 17 388 161 591
D00 0.0202 109 454 185 508
D00 0.0201 0 457 26 506
D00 0.0199 436 472 561 596
D00 0.0195 522 557 600 600
D00 0.0194 99 430 209 551
D00 0.0194 106 450 151 479
D00 0.0193 453 574 509 598
D00 0.0190 113 480 140 532
D00 0.0189 314 358 369 381
D00 0.0183 420 441 545 556
D00 0.0182 0 571 69 600
D00 0.0181 120 469 162 525
D00 0.0179 437 549 506 600
D00 0.0177 240 314 273 346
D00 0.0176 215 386 265 410
D00 0.0176 400 400 525 522
D00 0.0176 57 465 152 522
D00 0.0172 117 476 151 506
D00 0.0170 98 390 134 423
D00 0.0168 505 571 577 600
D00 0.0167 143 570 220 600
D00 0.0166 447 539 583 600
D00 0.0165 93 396 228 595
D00 0.0163 439 440 600 523
D00 0.0163 467 549 532 600
D00 0.0163 0 450 33 526
D00 0.0161 236 309 261 351
D00 0.0160 300 360 363 418
D00 0.0160 83 454 194 531
D00 0.0160 222 379 274 402
D00 0.0159 82 387 134 413
D00 0.0159 235 311 281 334
D00 0.0158 569 452 600 488
D00 0.0158 79 458 137 558
D00 0.0157 119 572 196 600
D00 0.0156 132 397 170 492
D00 0.0155 446 395 563 568
D00 0.0154 314 350 369 373
D00 0.0152 119 443 197 492
D00 0.0152 292 351 373 389
D00 0.0151 547 437 600 485
D00 0.0151 308 363 374 394
D00 0.0150 53 428 150 492
D00 0.0150 140 421 163 481
D00 0.0150 362 379 488 502
D00 0.0148 89 471 150 512
D00 0.0148 400 495 524 599
D00 0.0148 0 441 49 502
D00 0.0147 483 494 600 600
D00 0.0143 566 396 600 477
D00 0.0143 441 456 518 580
D00 0.0143 121 402 153 485
D00 0.0142 0 384 45 464
D00 0.0142 459 454 570 544
D00 0.0141 440 515 515 592
D00 0.0139 552 532 600 600
D00 0.0139 126 458 181 564
D00 0.0139 0 549 54 600
D00 0.0138 447 452 551 506
D00 0.0137 57 379 143 420
D00 0.0137 280 373 346 404
D00 0.0137 323 356 394 383
D00 0.0136 496 551 567 600
D00 0.0136 422 529 486 590
D00 0.0135 463 489 553 532
D00 0.0135 472 574 527 600
D00 0.0134 288 368 340 392
D00 0.0134 362 377 579 583
D00 0.0134 76 479 146 534
D00 0.0134 103 457 139 510
D00 0.0134 109 575 168 599
D00 0.0133 0 375 59 497
D00 0.0133 323 366 449 474
D00 0.0132 1 438 27 490
D00 0.0132 442 381 514 505
D00 0.0131 86 383 154 468
D00 0.0130 0 361 116 531
D00 0.0130 165 550 233 600
D00 0.0130 364 474 429 526
D00 0.0129 0 554 27 598
D00 0.0129 418 426 541 498
D00 0.0128 94 468 186 600
D00 0.0128 408 567 506 600
D00 0.0128 383 459 509 572
D00 0.0127 456 477 537 552
D00 0.0126 400 461 528 533
D00 0.0125 106 383 141 415
D00 0.0125 4 383 81 457
D00 0.0124 290 376 353 435
D00 0.0124 309 368 392 410
D00 0.0122 462 560 502 597
D00 0.0122 472 515 557 592
D00 0.0122 55 387 109 412
D00 0.0121 290 363 407 470
D00 0.0121 467 460 536 525
D00 0.0121 106 486 145 516
D00 0.0120 466 432 600 582
D00 0.0120 268 377 325 399
D00 0.0120 420 510 483 569
D00 0.0120 137 461 164 514
D00 0.0120 78 390 121 422
D00 0.0120 40 371 128 436
D00 0.0120 226 379 252 415
D00 0.0119 370 485 408 519
D00 0.0119 556 561 597 597
D00 0.0118 0 449 89 600
D00 0.0117 272 363 337 415
D00 0.0117 243 319 289 342
D00 0.0117 1 390 28 438
D00 0.0117 443 491 508 550
D00 0.0116 298 356 437 415
D00 0.0115 289 358 341 382
D00 0.0115 145 420 256 585
D00 0.0115 40 384 135 501
D00 0.0115 98 485 136 543
D00 0.0115 487 480 571 522
D00 0.0115 447 473 520 530
D00 0.0114 61 468 153 600
D00 0.0113 413 374 505 475
D00 0.0113 443 570 486 599
D00 0.0112 222 383 294 411
D00 0.0112 451 435 514 492
D00 0.0112 66 358 142 473
D00 0.0112 232 305 285 357
D00 0.0112 334 370 472 435
D00 0.0112 565 439 600 510
D00 0.0112 0 461 61 520
D00 0.0112 64 446 250 568
D00 0.0111 113 553 182 600
D00 0.0111 0 377 57 432
D00 0.0111 556 431 598 462
D00 0.0111 78 332 113 366
D00 0.0110 421 397 583 493
D00 0.0110 99 373 134 408
D00 0.0110 245 325 269 371
D00 0.0110 461 437 573 487
D00 0.0109 87 364 146 418
D00 0.0109 172 570 243 600
D00 0.0109 309 386 370 447
D00 0.0109 536 561 580 597
D00 0.0108 421 368 470 392
D00 0.0108 61 414 213 517
D00 0.0108 306 376 357 401
D00 0.0108 313 375 419 429
D00 0.0108 67 348 128 410
D00 0.0107 83 391 134 435
D00 0.0107 204 524 236 556
D00 0.0107 229 304 270 341
D00 0.0107 0 413 53 478
D00 0.0107 359 576 420 598
D00 0.0107 457 405 532 520
D00 0.0107 211 375 270 418
D00 0.0107 401 503 467 556
D00 0.0106 20 572 98 600
D00 0.0106 422 442 504 516
D00 0.0106 217 312 265 333
D00 0.0105 198 518 240 594
D00 0.0105 94 379 123 420
D00 0.0105 492 574 550 600
D00 0.0105 172 561 213 595
D00 0.0105 111 473 244 593
D00 0.0104 122 427 152 468
D00 0.0104 513 530 583 593
D00 0.0104 446 535 495 587
D00 0.0103 1 368 28 415
D00 0.0103 284 345 347 396
D00 0.0103 338 387 453 558
D00 0.0103 82 568 178 600
D00 0.0102 430 487 489 583
D00 0.0102 323 360 414 399
D00 0.0102 0 518 33 600
D00 0.0102 376 493 416 525
D00 0.0102 435 538 475 597
D00 0.0102 582 454 600 504
D00 0.0101 527 423 600 469
D00 0.0101 330 367 388 391
D00 0.0100 304 380 342 416
D00 0.0100 64 473 177 544
D00 0.0100 247 355 375 412
D00 0.0100 236 378 298 400
D00 0.0100 252 317 280 363
D00 0.0100 342 363 464 409
D00 0.0100 89 435 152 485
D00 0.0100 125 441 161 468
D00 0.0100 234 372 260 409
D00 0.0100 461 406 505 482
D00 0.0100 214 373 308 407
D10 0.0431 553 452 600 474
D10 0.0342 203 515 317 548
D10 0.0333 528 444 600 481
D10 0.0287 234 524 318 550
D10 0.0286 70 456 160 489
D10 0.0273 215 521 284 543
D10 0.0265 202 525 280 552
D10 0.0250 0 469 43 494
D10 0.0229 89 452 153 479
D10 0.0218 543 444 599 468
D10 0.0216 552 458 600 485
D10 0.0215 81 395 135 419
D10 0.0197 443 575 503 598
D10 0.0195 457 495 530 528
D10 0.0193 29 467 149 520
D10 0.0193 0 460 72 505
D10 0.0191 83 506 137 530
D10 0.0190 132 559 231 598
D10 0.0187 253 517 333 546
D10 0.0178 196 528 246 551
D10 0.0178 447 486 520 519
D10 0.0178 68 496 150 537
D10 0.0176 95 467 150 495
D10 0.0175 6 449 137 504
D10 0.0173 438 476 509 509
D10 0.0169 153 566 214 592
D10 0.0168 465 507 522 532
D10 0.0167 0 562 67 597
D10 0.0165 463 447 597 510
D10 0.0165 93 497 142 525
D10 0.0165 1 461 55 486
D10 0.0158 0 477 43 504
D10 0.0157 428 441 516 487
D10 0.0157 61 461 124 483
D10 0.0155 178 523 268 559
D10 0.0154 436 564 492 593
D10 0.0153 186 507 326 563
D10 0.0152 369 498 425 522
D10 0.0151 519 524 596 554
D10 0.0150 414 463 504 504
D10 0.0149 54 449 134 481
D10 0.0148 399 518 454 543
D10 0.0146 538 565 594 595
D10 0.0146 277 481 331 506
D10 0.0145 408 526 463 550
D10 0.0144 0 468 107 518
D10 0.0143 90 402 140 428
D10 0.0143 514 454 600 493
D10 0.0142 98 387 149 411
D10 0.0139 363 489 416 516
D10 0.0139 548 536 600 558
D10 0.0138 31 486 145 534
D10 0.0138 268 369 324 391
D10 0.0138 457 450 509 475
D10 0.0137 461 469 571 522
D10 0.0137 217 493 328 539
D10 0.0137 491 519 583 559
D10 0.0135 48 387 141 426
D10 0.0135 284 489 338 511
D10 0.0134 396 576 460 598
D10 0.0134 0 498 45 523
D10 0.0132 0 507 46 530
D10 0.0132 432 451 531 507
D10 0.0132 449 498 503 523
D10 0.0130 407 572 488 600
D10 0.0130 435 470 495 496
D10 0.0129 493 533 567 563
D10 0.0129 124 529 234 585
D10 0.0129 473 502 545 535
D10 0.0128 428 545 480 569
D10 0.0128 64 398 135 430
D10 0.0128 145 554 223 586
D10 0.0128 92 543 237 600
D10 0.0127 354 489 443 528
D10 0.0127 0 430 106 487
D10 0.0127 259 475 346 512
D10 0.0126 196 520 247 544
D10 0.0126 0 450 44 478
D10 0.0126 437 554 488 581
D10 0.0125 270 528 334 549
D10 0.0125 508 528 568 551
D10 0.0124 438 489 494 513
D10 0.0124 90 391 156 422
D10 0.0124 510 476 584 506
D10 0.0123 368 570 470 600
D10 0.0122 432 487 531 540
D10 0.0122 480 430 600 490
D10 0.0122 468 512 537 544
D10 0.0121 428 536 477 561
D10 0.0120 382 510 470 549
D10 0.0120 482 498 539 524
D10 0.0120 429 480 487 503
D10 0.0119 6 548 124 597
D10 0.0119 393 470 499 523
D10 0.0119 0 564 38 593
D10 0.0118 207 526 307 566
D10 0.0118 172 482 352 554
D10 0.0118 1 427 63 462
D10 0.0118 203 534 253 558
D10 0.0117 518 535 578 557
D10 0.0117 390 547 500 596
D10 0.0116 451 437 531 478
D10 0.0116 144 511 250 550
D10 0.0115 232 510 342 555
D10 0.0115 394 489 497 539
D10 0.0114 246 370 309 390
D10 0.0114 501 484 571 515
D10 0.0114 1 411 102 469
D10 0.0114 367 576 431 598
D10 0.0113 0 440 46 466
D10 0.0113 412 525 511 586
D10 0.0112 0 488 76 530
D10 0.0112 240 363 335 396
D10 0.0111 473 490 531 516
D10 0.0110 70 439 156 475
D10 0.0110 227 507 310 538
D10 0.0109 0 487 44 516
D10 0.0109 70 469 136 492
D10 0.0109 271 405 362 442
D10 0.0109 0 555 45 583
D10 0.0108 261 521 361 556
D10 0.0108 96 487 143 517
D10 0.0108 69 549 181 597
D10 0.0108 463 486 568 540
D10 0.0108 471 528 555 571
D10 0.0108 163 528 268 583
D10 0.0107 476 523 547 555
D10 0.0107 108 507 158 531
D10 0.0107 187 535 237 560
D10 0.0106 443 503 509 536
D10 0.0106 62 499 125 524
D10 0.0106 247 528 341 565
D10 0.0106 286 414 344 437
D10 0.0106 183 494 291 541
D10 0.0105 124 500 315 578
D10 0.0105 427 526 476 552
D10 0.0105 550 468 599 496
D10 0.0104 487 538 573 582
D10 0.0104 274 482 368 517
D10 0.0104 389 508 444 533
D10 0.0104 133 452 184 479
D10 0.0104 408 565 469 592
D10 0.0103 111 497 154 524
D10 0.0103 414 506 511 563
D10 0.0103 468 444 514 469
D10 0.0103 134 500 239 539
D10 0.0103 550 545 600 567
D10 0.0103 92 515 141 539
D10 0.0102 93 528 194 584
D10 0.0102 435 460 496 486
D10 0.0102 475 451 525 474
D10 0.0101 10 568 109 600
D10 0.0101 0 460 25 487
D10 0.0101 230 370 286 391
D10 0.0100 536 479 595 503
D10 0.0100 78 509 256 597
D10 0.0100 388 498 441 523
D10 0.0100 83 504 167 548
D10 0.0100 286 405 342 430
D20 0.0390 0 409 167 511
D20 0.0244 0 377 154 470
D20 0.0242 0 447 173 537
D20 0.0229 0 406 399 587
D20 0.0209 70 444 162 493
D20 0.0208 4 369 130 434
D20 0.0176 0 442 33 519
D20 0.0175 122 454 543 600
D20 0.0174 0 386 193 590
D20 0.0169 565 427 600 496
D20 0.0167 439 455 597 543
D20 0.0163 54 365 154 506
D20 0.0158 0 389 97 489
D20 0.0156 64 387 148 426
D20 0.0153 0 0 408 294
D20 0.0153 0 423 43 499
D20 0.0151 26 430 148 490
D20 0.0151 12 358 115 410
D20 0.0149 167 0 600 294
D20 0.0141 372 455 600 600
D20 0.0139 414 529 584 600
D20 0.0139 11 393 124 448
D20 0.0138 167 311 600 600
D20 0.0137 0 118 290 600
D20 0.0136 0 424 99 519
D20 0.0133 312 118 600 600
D20 0.0129 0 483 183 592
D20 0.0126 375 0 600 146
D20 0.0125 0 529 35 600
D20 0.0125 452 484 600 588
D20 0.0125 11 410 129 470
D20 0.0125 380 509 544 596
D20 0.0124 0 0 600 434
D20 0.0124 34 416 150 553
D20 0.0122 109 542 251 600
D20 0.0122 577 435 600 473
D20 0.0122 0 236 516 600
D20 0.0120 454 0 600 216
D20 0.0119 290 399 600 588
D20 0.0118 521 459 600 501
D20 0.0115 0 344 129 551
D20 0.0113 0 463 21 500
D20 0.0113 486 0 600 73
D20 0.0113 0 393 67 540
D20 0.0112 0 342 98 426
D20 0.0112 452 372 600 600
D20 0.0111 0 371 42 437
D20 0.0111 526 0 600 107
D20 0.0110 0 531 160 600
D20 0.0108 0 0 146 220
D20 0.0104 37 471 288 600
D20 0.0101 83 381 169 419
D20 0.0100 106 516 287 595
D40 0.0229 569 446 600 478
D40 0.0181 0 388 32 424
D40 0.0141 581 439 600 485
D40 0.0127 64 337 108 364
D40 0.0125 3 385 53 412
D40 0.0116 0 376 66 419
D40 0.0112 2 397 39 432
D40 0.0112 3 373 40 409
D40 0.0103 71 346 116 371
