D00 0.2545 488 358 593 581
D00 0.2136 409 334 600 597
D00 0.2120 461 344 600 482
D00 0.2085 504 399 597 517
D00 0.1525 524 414 600 600
D00 0.1313 464 457 594 598
D00 0.1302 530 434 594 507
D00 0.1056 441 323 574 446
D00 0.0980 457 418 600 537
D00 0.0957 497 533 568 600
D00 0.0944 496 390 568 460
D00 0.0909 542 453 600 518
D00 0.0860 511 425 586 488
D00 0.0823 194 451 276 600
D00 0.0801 442 522 599 597
D00 0.0793 543 392 600 546
D00 0.0760 227 498 265 600
D00 0.0716 481 370 544 451
D00 0.0715 146 332 260 550
D00 0.0709 543 449 595 580
D00 0.0705 0 435 91 590
D00 0.0698 392 300 592 487
D00 0.0695 518 305 600 512
D00 0.0684 237 405 272 506
D00 0.0665 515 405 595 472
D00 0.0639 229 464 266 565
D00 0.0637 517 449 591 534
D00 0.0635 508 559 585 600
D00 0.0633 559 420 600 528
D00 0.0623 450 339 517 407
D00 0.0617 201 272 286 451
D00 0.0614 112 287 285 598
D00 0.0614 330 431 600 599
D00 0.0611 461 349 562 417
D00 0.0608 562 459 600 550
D00 0.0585 519 473 584 590
D00 0.0583 495 361 594 453
D00 0.0572 407 309 536 429
D00 0.0554 107 378 233 577
D00 0.0544 176 299 291 512
D00 0.0534 211 496 293 597
D00 0.0522 238 383 273 469
D00 0.0519 550 397 600 484
D00 0.0507 248 290 284 387
D00 0.0503 477 483 524 575
D00 0.0496 495 388 534 454
D00 0.0493 210 386 286 563
D00 0.0487 221 365 280 507
D00 0.0485 11 476 75 584
D00 0.0484 7 410 206 593
D00 0.0479 412 490 572 595
D00 0.0472 484 417 575 466
D00 0.0464 158 298 263 454
D00 0.0457 514 571 565 599
D00 0.0457 198 296 264 407
D00 0.0456 450 356 532 445
D00 0.0451 224 494 256 569
D00 0.0438 131 425 273 587
D00 0.0438 222 303 277 427
D00 0.0432 246 407 268 467
D00 0.0428 121 358 251 486
D00 0.0414 235 500 259 563
D00 0.0413 235 284 297 442
D00 0.0405 431 377 562 462
D00 0.0404 553 461 594 504
D00 0.0400 195 297 339 579
D00 0.0396 165 380 304 598
D00 0.0392 193 327 269 474
D00 0.0391 7 495 116 592
D00 0.0390 528 512 599 593
D00 0.0389 229 436 267 519
D00 0.0379 220 437 306 600
D00 0.0377 498 438 575 557
D00 0.0377 217 545 276 600
D00 0.0377 461 512 551 589
D00 0.0373 180 312 248 424
D00 0.0369 564 470 598 511
D00 0.0367 502 413 543 454
D00 0.0364 228 340 276 464
D00 0.0362 247 360 283 460
D00 0.0361 144 341 398 600
D00 0.0360 461 481 521 541
D00 0.0357 257 294 280 353
D00 0.0355 238 424 261 489
D00 0.0355 31 482 246 592
D00 0.0354 413 444 567 565
D00 0.0352 449 317 586 391
D00 0.0351 256 277 292 368
D00 0.0348 211 509 256 600
D00 0.0337 231 283 280 361
D00 0.0337 493 500 542 585
D00 0.0335 0 510 48 597
D00 0.0334 116 438 207 594
D00 0.0333 9 452 82 543
D00 0.0333 164 386 278 518
D00 0.0332 84 389 210 526
D00 0.0332 238 344 295 495
D00 0.0327 136 334 239 439
D00 0.0323 28 415 129 584
D00 0.0322 359 321 550 561
D00 0.0319 46 348 246 550
D00 0.0317 378 291 512 406
D00 0.0317 436 328 501 398
D00 0.0314 245 431 267 496
D00 0.0314 265 293 286 354
D00 0.0314 228 516 252 584
D00 0.0312 546 445 584 501
D00 0.0311 159 405 209 429
D00 0.0311 122 502 166 584
D00 0.0305 176 323 225 398
D00 0.0301 108 384 234 453
D00 0.0301 118 496 291 600
D00 0.0299 401 347 544 472
D00 0.0296 415 395 569 521
D00 0.0296 130 400 239 513
D00 0.0295 206 384 264 496
D00 0.0294 169 342 218 439
D00 0.0293 488 373 571 432
D00 0.0289 482 404 563 510
D00 0.0287 463 562 567 600
D00 0.0287 221 401 271 475
D00 0.0285 171 537 302 599
D00 0.0284 445 217 600 527
D00 0.0282 123 376 202 501
D00 0.0282 97 479 191 586
D00 0.0278 576 464 600 530
D00 0.0276 479 461 554 577
D00 0.0276 494 395 553 439
D00 0.0275 175 502 343 598
D00 0.0275 140 379 210 436
D00 0.0272 465 367 524 426
D00 0.0270 475 304 600 430
D00 0.0265 434 319 537 379
D00 0.0265 536 391 600 448
D00 0.0263 554 492 596 589
D00 0.0261 525 581 583 600
D00 0.0259 238 401 262 456
D00 0.0258 187 564 281 600
D00 0.0256 485 539 548 591
D00 0.0256 463 359 530 401
D00 0.0254 215 297 272 349
D00 0.0251 430 330 509 456
D00 0.0250 325 316 404 481
D00 0.0249 185 336 216 389
D00 0.0245 235 526 260 590
D00 0.0245 155 394 212 451
D00 0.0244 109 405 182 549
D00 0.0244 474 492 509 530
D00 0.0244 111 289 238 468
D00 0.0241 453 348 501 433
D00 0.0241 253 317 280 401
D00 0.0238 207 478 258 564
D00 0.0238 463 408 554 457
D00 0.0238 186 477 252 590
D00 0.0238 244 400 290 509
D00 0.0238 0 522 178 600
D00 0.0237 192 522 278 589
D00 0.0236 443 473 529 588
D00 0.0235 5 527 86 597
D00 0.0234 253 398 276 456
D00 0.0231 209 423 263 529
D00 0.0231 164 265 498 574
D00 0.0230 434 269 583 417
D00 0.0228 515 547 562 589
D00 0.0228 260 307 287 393
D00 0.0227 547 533 598 600
D00 0.0227 243 491 267 553
D00 0.0226 138 264 271 410
D00 0.0226 339 318 381 405
D00 0.0225 306 282 520 471
D00 0.0225 208 573 265 598
D00 0.0224 333 295 394 428
D00 0.0224 319 455 449 579
D00 0.0221 504 333 597 412
D00 0.0221 0 475 47 571
D00 0.0221 233 369 265 451
D00 0.0221 378 344 521 418
D00 0.0220 260 327 366 547
D00 0.0220 128 361 195 451
D00 0.0219 455 358 497 400
D00 0.0219 469 383 540 488
D00 0.0218 549 470 591 541
D00 0.0218 208 296 409 508
D00 0.0218 208 298 249 362
D00 0.0218 238 454 261 508
D00 0.0215 114 390 349 553
D00 0.0215 240 460 292 582
D00 0.0214 38 399 167 528
D00 0.0214 228 540 254 596
D00 0.0213 562 452 598 496
D00 0.0213 256 287 316 438
D00 0.0213 240 455 270 530
D00 0.0213 117 463 171 572
D00 0.0211 168 451 383 576
D00 0.0211 292 498 436 596
D00 0.0211 350 476 503 590
D00 0.0211 23 435 99 523
D00 0.0211 468 462 535 528
D00 0.0210 49 450 161 597
D00 0.0210 211 324 319 479
D00 0.0210 341 344 389 459
D00 0.0209 50 441 110 559
D00 0.0205 326 251 408 405
D00 0.0204 346 268 465 388
D00 0.0204 247 378 269 443
D00 0.0204 500 537 542 578
D00 0.0203 250 333 476 541
D00 0.0202 242 297 273 350
D00 0.0200 11 182 231 544
D00 0.0200 531 538 581 600
D00 0.0199 54 428 104 514
D00 0.0199 482 386 543 428
D00 0.0199 496 513 525 570
D00 0.0198 49 383 212 469
D00 0.0198 485 492 514 549
D00 0.0196 178 369 249 478
D00 0.0195 462 366 506 408
D00 0.0192 306 540 458 597
D00 0.0192 129 492 184 595
D00 0.0189 72 442 179 556
D00 0.0189 124 474 196 557
D00 0.0189 220 295 254 341
D00 0.0188 133 422 188 533
D00 0.0188 506 424 558 461
D00 0.0186 324 328 372 437
D00 0.0186 133 496 169 560
D00 0.0185 187 283 252 371
D00 0.0184 238 471 261 535
D00 0.0184 256 411 368 591
D00 0.0183 106 398 186 478
D00 0.0183 439 534 533 594
D00 0.0182 486 576 558 600
D00 0.0181 119 407 218 467
D00 0.0180 347 508 456 593
D00 0.0180 105 515 210 600
D00 0.0178 163 386 218 431
D00 0.0178 428 360 513 411
D00 0.0177 568 488 599 570
D00 0.0177 233 507 273 574
D00 0.0177 317 279 378 410
D00 0.0176 405 325 487 403
D00 0.0176 541 567 589 600
D00 0.0176 98 241 298 466
D00 0.0175 357 316 495 445
D00 0.0174 495 562 556 592
D00 0.0174 253 348 279 431
D00 0.0174 151 394 196 491
D00 0.0173 445 341 507 383
D00 0.0173 576 438 600 507
D00 0.0173 198 306 240 376
D00 0.0173 282 443 419 561
D00 0.0172 356 326 404 437
D00 0.0172 348 337 393 412
D00 0.0171 41 544 162 593
D00 0.0171 15 481 107 547
D00 0.0170 77 395 186 447
D00 0.0169 243 414 281 476
D00 0.0169 215 354 261 440
D00 0.0169 480 472 516 534
D00 0.0169 228 301 268 376
D00 0.0168 340 305 463 502
D00 0.0168 24 553 116 597
D00 0.0168 130 518 159 573
D00 0.0166 152 410 200 435
D00 0.0166 562 352 600 463
D00 0.0166 469 386 526 444
D00 0.0165 86 510 166 589
D00 0.0165 375 537 440 596
D00 0.0165 486 357 533 429
D00 0.0165 27 493 172 577
D00 0.0164 452 450 516 521
D00 0.0164 461 489 511 580
D00 0.0163 339 276 391 383
D00 0.0163 462 438 553 517
D00 0.0163 99 344 205 471
D00 0.0163 235 516 329 589
D00 0.0163 301 330 412 542
D00 0.0163 486 404 528 446
D00 0.0161 447 571 525 600
D00 0.0161 303 564 399 600
D00 0.0161 449 499 516 535
D00 0.0160 444 419 526 542
D00 0.0160 18 454 146 537
D00 0.0160 416 298 546 369
D00 0.0160 355 291 407 396
D00 0.0160 496 552 553 580
D00 0.0160 168 395 197 437
D00 0.0159 217 273 304 368
D00 0.0159 185 344 229 412
D00 0.0159 462 356 518 385
D00 0.0159 162 345 215 396
D00 0.0158 490 531 554 570
D00 0.0158 453 500 532 557
D00 0.0158 240 438 284 517
D00 0.0158 169 295 236 389
D00 0.0156 8 509 58 570
D00 0.0156 193 326 225 382
D00 0.0155 148 396 202 425
D00 0.0154 464 339 549 390
D00 0.0154 499 508 575 583
D00 0.0154 356 366 406 472
D00 0.0154 310 393 499 547
D00 0.0153 55 340 245 448
D00 0.0153 256 329 292 425
D00 0.0152 57 472 97 564
D00 0.0152 345 556 447 596
D00 0.0151 344 471 420 590
D00 0.0151 538 333 600 445
D00 0.0151 269 486 391 584
D00 0.0150 115 392 164 440
D00 0.0149 87 543 193 595
D00 0.0148 172 361 246 429
D00 0.0147 244 331 274 406
D00 0.0147 367 518 527 600
D00 0.0147 381 456 508 544
D00 0.0147 114 502 211 564
D00 0.0147 215 445 264 500
D00 0.0146 53 454 90 528
D00 0.0146 567 487 598 528
D00 0.0146 336 341 368 410
D00 0.0146 193 265 337 408
D00 0.0146 447 343 488 406
D00 0.0145 37 464 87 556
D00 0.0145 264 565 366 600
D00 0.0145 276 389 434 597
D00 0.0144 197 335 238 401
D00 0.0144 263 293 301 384
D00 0.0144 331 430 476 529
D00 0.0144 229 557 309 600
D00 0.0144 154 364 195 433
D00 0.0144 257 379 288 452
D00 0.0143 150 508 246 592
D00 0.0143 140 399 194 447
D00 0.0143 235 398 330 556
D00 0.0143 263 342 309 461
D00 0.0142 246 309 272 371
D00 0.0142 331 300 372 387
D00 0.0142 189 468 262 539
D00 0.0141 388 300 494 357
D00 0.0141 126 383 186 434
D00 0.0140 218 511 246 570
D00 0.0140 386 291 447 353
D00 0.0139 353 310 450 413
D00 0.0139 548 442 600 484
D00 0.0139 24 419 146 499
D00 0.0139 282 284 434 446
D00 0.0139 231 463 339 578
D00 0.0138 111 529 173 600
D00 0.0138 206 336 252 419
D00 0.0138 50 563 144 600
D00 0.0138 417 513 512 587
D00 0.0137 0 563 91 600
D00 0.0137 422 311 487 379
D00 0.0137 324 366 375 472
D00 0.0137 513 382 582 441
D00 0.0136 226 373 353 498
D00 0.0136 0 332 135 575
D00 0.0136 384 560 451 593
D00 0.0136 324 519 408 587
D00 0.0136 364 329 430 467
D00 0.0136 72 461 135 572
D00 0.0136 481 370 552 409
D00 0.0136 358 276 483 347
D00 0.0135 299 296 360 429
D00 0.0135 11 421 84 504
D00 0.0135 145 347 211 418
D00 0.0134 419 480 513 551
D00 0.0133 197 258 272 367
D00 0.0133 71 423 132 537
D00 0.0133 362 287 438 367
D00 0.0133 312 537 389 595
D00 0.0132 513 363 596 420
D00 0.0132 120 427 217 488
D00 0.0132 508 406 566 448
D00 0.0132 45 501 94 588
D00 0.0131 557 427 590 492
D00 0.0131 286 316 374 478
D00 0.0130 486 479 527 544
D00 0.0130 277 293 339 433
D00 0.0129 92 406 154 514
D00 0.0129 168 195 303 438
D00 0.0129 160 386 190 432
D00 0.0129 345 350 376 418
D00 0.0128 242 282 286 334
D00 0.0128 348 334 372 391
D00 0.0127 504 210 600 472
D00 0.0127 311 573 375 597
D00 0.0127 492 320 593 373
D00 0.0126 154 250 381 469
D00 0.0126 542 338 600 397
D00 0.0126 566 522 600 592
D00 0.0125 528 435 572 492
D00 0.0124 371 316 477 377
D00 0.0123 245 483 281 557
D00 0.0123 53 411 160 467
D00 0.0123 496 392 546 419
D00 0.0122 483 523 526 586
D00 0.0122 241 309 283 335
D00 0.0122 224 500 315 571
D00 0.0122 332 479 483 550
D00 0.0122 382 571 436 596
D00 0.0122 347 270 420 348
D00 0.0121 213 266 284 335
D00 0.0121 0 404 68 534
D00 0.0121 144 468 211 538
D00 0.0121 74 410 119 495
D00 0.0120 219 310 257 392
D00 0.0120 447 482 508 525
D00 0.0120 259 384 309 489
D00 0.0119 489 477 569 542
D00 0.0119 53 527 104 600
D00 0.0119 123 410 169 497
D00 0.0119 119 399 155 467
D00 0.0119 285 519 377 586
D00 0.0118 3 548 62 599
D00 0.0118 244 509 282 590
D00 0.0118 328 548 411 600
D00 0.0118 339 392 392 483
D00 0.0117 264 281 288 333
D00 0.0117 87 374 169 481
D00 0.0117 21 300 183 537
D00 0.0116 230 303 289 341
D00 0.0116 276 266 543 399
D00 0.0116 8 519 38 577
D00 0.0116 0 538 34 600
D00 0.0116 185 398 300 481
D00 0.0116 499 521 536 561
D00 0.0115 152 281 270 349
D00 0.0115 383 471 458 589
D00 0.0114 495 0 600 170
D00 0.0114 563 488 590 549
D00 0.0113 395 569 475 598
D00 0.0113 434 575 500 597
D00 0.0113 98 499 169 563
D00 0.0113 463 554 526 595
D00 0.0113 181 574 249 598
D00 0.0113 363 439 435 555
D00 0.0111 249 550 336 599
D00 0.0111 426 351 495 390
D00 0.0110 336 466 395 569
D00 0.0110 322 436 404 490
D00 0.0109 257 261 368 439
D00 0.0109 214 287 246 333
D00 0.0109 162 405 189 462
D00 0.0109 142 485 180 554
D00 0.0109 227 435 257 494
D00 0.0109 443 358 488 444
D00 0.0108 339 568 420 599
D00 0.0108 277 540 357 595
D00 0.0108 461 299 592 366
D00 0.0108 375 275 436 337
D00 0.0108 384 328 454 462
D00 0.0108 541 523 590 580
D00 0.0107 169 339 201 388
D00 0.0107 478 503 559 562
D00 0.0107 164 400 239 467
D00 0.0106 113 209 232 398
D00 0.0106 408 288 472 382
D00 0.0106 343 361 401 428
D00 0.0106 474 476 509 513
D00 0.0106 527 0 600 120
D00 0.0106 356 343 382 397
D00 0.0106 353 305 384 382
D00 0.0106 304 346 355 456
D00 0.0105 247 359 269 421
D00 0.0105 451 293 540 411
D00 0.0105 572 393 600 474
D00 0.0105 178 358 207 420
D00 0.0105 362 355 397 415
D00 0.0105 65 490 107 585
D00 0.0105 479 509 508 567
D00 0.0105 396 537 484 596
D00 0.0105 229 285 263 333
D00 0.0105 581 490 600 546
D00 0.0105 477 424 527 508
D00 0.0105 326 334 360 403
D00 0.0104 136 452 201 514
D00 0.0104 63 426 110 486
D00 0.0104 406 357 484 440
D00 0.0103 154 467 233 571
D00 0.0103 57 455 117 525
D00 0.0103 219 514 256 543
D00 0.0103 237 318 278 384
D00 0.0103 210 493 284 553
D00 0.0103 35 446 89 504
D00 0.0103 141 508 178 582
D00 0.0102 16 387 113 526
D00 0.0102 73 427 176 485
D00 0.0102 69 573 127 599
D00 0.0102 560 548 592 598
D00 0.0102 503 373 536 433
D00 0.0102 426 371 503 494
D00 0.0102 505 548 541 598
D00 0.0101 189 395 270 458
D00 0.0101 272 294 295 352
D00 0.0101 205 295 239 342
D00 0.0101 259 573 327 597
D00 0.0101 167 333 225 372
D00 0.0101 219 552 248 599
D00 0.0101 264 338 285 400
D00 0.0101 135 358 175 431
D00 0.0100 73 529 124 600
D00 0.0100 373 484 428 582
D00 0.0100 43 406 124 482
D00 0.0100 468 383 522 410
D00 0.0100 88 570 164 600
D00 0.0100 303 554 367 595
D00 0.0100 18 518 63 590
D00 0.0100 0 379 171 486
D00 0.0100 261 270 313 365
D10 0.0895 511 420 590 480
D10 0.0864 521 462 600 514
D10 0.0700 430 404 593 511
D10 0.0696 133 460 264 529
D10 0.0688 217 557 321 595
D10 0.0646 543 476 596 505
D10 0.0587 215 540 370 595
D10 0.0578 496 443 594 505
D10 0.0557 155 472 266 510
D10 0.0523 523 432 586 456
D10 0.0522 231 565 292 591
D10 0.0517 536 467 592 497
D10 0.0510 156 450 262 503
D10 0.0496 465 410 572 464
D10 0.0483 460 430 572 483
D10 0.0480 311 437 425 482
D10 0.0465 427 490 521 531
D10 0.0455 275 447 427 502
D10 0.0450 463 453 592 534
D10 0.0427 154 395 248 436
D10 0.0421 491 475 595 522
D10 0.0421 325 431 484 486
D10 0.0407 383 428 552 488
D10 0.0391 517 547 586 587
D10 0.0391 407 537 573 596
D10 0.0390 251 422 449 495
D10 0.0388 391 434 586 530
D10 0.0384 301 439 479 515
D10 0.0382 213 301 264 330
D10 0.0379 366 394 571 481
D10 0.0374 235 556 291 583
D10 0.0373 465 480 561 526
D10 0.0371 185 465 265 501
D10 0.0370 215 437 417 517
D10 0.0355 326 453 442 497
D10 0.0350 492 424 566 460
D10 0.0349 237 522 413 588
D10 0.0348 434 437 539 472
D10 0.0344 552 485 595 512
D10 0.0341 455 449 570 504
D10 0.0339 229 283 281 304
D10 0.0337 245 453 377 495
D10 0.0337 535 416 595 454
D10 0.0335 527 437 583 467
D10 0.0331 501 433 578 470
D10 0.0327 479 475 567 509
D10 0.0315 133 381 257 456
D10 0.0313 214 292 264 319
D10 0.0310 511 478 581 504
D10 0.0309 170 480 251 502
D10 0.0308 445 498 508 523
D10 0.0308 162 405 219 428
D10 0.0305 460 486 524 520
D10 0.0303 249 553 337 585
D10 0.0302 406 416 532 462
D10 0.0297 295 556 390 595
D10 0.0294 111 465 270 572
D10 0.0293 221 525 321 588
D10 0.0291 570 477 600 506
D10 0.0282 336 458 419 487
D10 0.0281 345 446 448 483
D10 0.0280 527 457 585 490
D10 0.0279 513 423 584 450
D10 0.0278 413 446 517 481
D10 0.0277 389 481 549 550
D10 0.0276 202 450 287 499
D10 0.0274 202 468 288 512
D10 0.0270 460 542 556 590
D10 0.0268 229 464 341 501
D10 0.0266 360 447 531 511
D10 0.0266 477 436 557 467
D10 0.0265 453 444 516 464
D10 0.0264 212 469 261 496
D10 0.0261 239 478 288 500
D10 0.0257 115 395 212 438
D10 0.0250 137 414 263 504
D10 0.0249 478 489 539 514
D10 0.0248 247 434 374 484
D10 0.0244 225 478 267 499
D10 0.0241 159 482 258 539
D10 0.0241 286 540 440 596
D10 0.0239 482 500 580 570
D10 0.0238 233 462 389 526
D10 0.0237 234 470 275 496
D10 0.0236 389 438 504 473
D10 0.0235 9 543 124 593
D10 0.0233 323 430 402 461
D10 0.0233 488 431 547 456
D10 0.0233 458 429 537 460
D10 0.0232 245 472 302 495
D10 0.0231 87 427 260 532
D10 0.0231 522 486 587 512
D10 0.0229 283 414 548 528
D10 0.0228 213 277 294 320
D10 0.0228 375 445 479 480
D10 0.0227 528 479 600 535
D10 0.0227 437 558 540 595
D10 0.0225 343 410 507 472
D10 0.0223 211 316 263 346
D10 0.0222 473 442 536 463
D10 0.0222 184 458 303 526
D10 0.0222 332 417 435 470
D10 0.0221 164 545 275 596
D10 0.0221 227 308 275 336
D10 0.0219 169 352 249 406
D10 0.0218 532 445 583 481
D10 0.0218 162 447 328 554
D10 0.0217 241 563 372 600
D10 0.0217 259 453 437 545
D10 0.0216 227 473 284 505
D10 0.0215 215 284 265 307
D10 0.0212 544 552 591 579
D10 0.0210 552 426 594 465
D10 0.0210 493 528 585 581
D10 0.0209 536 545 586 572
D10 0.0209 164 403 276 449
D10 0.0208 204 441 335 508
D10 0.0207 286 551 368 584
D10 0.0206 432 445 498 466
D10 0.0206 514 490 589 526
D10 0.0205 179 364 272 414
D10 0.0204 402 472 534 524
D10 0.0204 508 544 570 571
D10 0.0203 506 405 587 449
D10 0.0202 119 470 219 522
D10 0.0200 168 397 230 424
D10 0.0200 497 488 567 512
D10 0.0200 243 475 323 502
D10 0.0197 258 564 329 590
D10 0.0197 202 308 251 336
D10 0.0196 249 283 298 304
D10 0.0195 180 426 266 492
D10 0.0195 229 538 298 597
D10 0.0194 22 524 143 583
D10 0.0193 240 276 289 298
D10 0.0192 345 453 413 477
D10 0.0191 398 499 501 538
D10 0.0191 192 418 268 454
D10 0.0191 474 481 528 505
D10 0.0191 312 455 512 542
D10 0.0189 235 572 305 596
D10 0.0189 181 365 234 391
D10 0.0189 308 461 403 503
D10 0.0189 554 474 600 524
D10 0.0187 556 458 597 488
D10 0.0187 144 407 251 470
D10 0.0184 191 337 240 362
D10 0.0184 278 408 423 477
D10 0.0183 456 447 530 476
D10 0.0182 549 462 587 512
D10 0.0182 105 533 258 600
D10 0.0181 146 469 227 501
D10 0.0181 502 469 571 496
D10 0.0180 310 565 375 589
D10 0.0180 215 422 263 448
D10 0.0179 443 452 505 472
D10 0.0179 202 375 254 399
D10 0.0177 332 518 428 561
D10 0.0173 100 506 174 557
D10 0.0173 473 415 544 453
D10 0.0172 531 560 586 593
D10 0.0171 170 413 371 529
D10 0.0170 353 510 442 550
D10 0.0170 176 390 258 426
D10 0.0169 425 563 509 592
D10 0.0168 225 549 277 588
D10 0.0167 327 555 432 597
D10 0.0166 479 497 535 522
D10 0.0166 195 327 242 355
D10 0.0166 376 549 514 593
D10 0.0165 117 486 215 543
D10 0.0164 178 324 252 381
D10 0.0163 475 554 540 579
D10 0.0163 240 290 286 316
D10 0.0163 557 422 599 447
D10 0.0162 357 434 463 475
D10 0.0161 159 371 247 426
D10 0.0161 406 504 534 564
D10 0.0161 263 468 351 496
D10 0.0161 416 391 527 451
D10 0.0160 120 451 219 503
D10 0.0158 545 495 592 521
D10 0.0158 188 399 265 434
D10 0.0156 346 357 432 401
D10 0.0156 449 552 529 584
D10 0.0155 411 453 481 472
D10 0.0154 117 524 162 551
D10 0.0153 376 453 438 475
D10 0.0153 297 534 386 582
D10 0.0153 454 566 518 590
D10 0.0151 436 491 503 516
D10 0.0151 245 377 488 480
D10 0.0151 243 542 324 578
D10 0.0150 187 481 259 516
D10 0.0150 222 430 312 488
D10 0.0149 318 434 375 457
D10 0.0149 326 425 381 449
D10 0.0149 183 346 230 375
D10 0.0148 524 345 600 393
D10 0.0148 315 526 410 573
D10 0.0147 202 362 268 398
D10 0.0147 337 442 403 468
D10 0.0147 214 456 264 506
D10 0.0146 488 443 567 481
D10 0.0146 503 492 593 547
D10 0.0146 170 373 364 481
D10 0.0146 237 421 272 447
D10 0.0146 434 506 501 530
D10 0.0145 330 467 439 521
D10 0.0145 451 477 517 512
D10 0.0145 181 374 237 399
D10 0.0145 193 312 277 369
D10 0.0144 194 311 252 353
D10 0.0144 224 275 273 299
D10 0.0143 202 431 262 456
D10 0.0142 228 429 265 455
D10 0.0142 356 370 419 403
D10 0.0140 14 559 93 594
D10 0.0140 207 483 287 539
D10 0.0140 403 444 468 467
D10 0.0140 199 460 260 489
D10 0.0139 366 452 465 492
D10 0.0139 155 482 235 516
D10 0.0138 360 470 490 522
D10 0.0137 227 459 265 489
D10 0.0137 541 504 600 564
D10 0.0137 355 366 404 393
D10 0.0135 187 298 252 332
D10 0.0135 187 559 264 598
D10 0.0135 507 387 583 427
D10 0.0135 164 356 213 384
D10 0.0135 206 411 280 464
D10 0.0134 199 413 262 439
D10 0.0134 210 327 261 354
D10 0.0133 366 461 427 483
D10 0.0132 540 453 579 505
D10 0.0132 394 561 476 592
D10 0.0131 332 420 410 453
D10 0.0131 479 544 537 571
D10 0.0128 252 414 368 469
D10 0.0128 203 392 283 446
D10 0.0128 474 494 561 549
D10 0.0128 370 337 481 391
D10 0.0128 173 487 247 510
D10 0.0128 377 508 476 548
D10 0.0127 166 411 232 435
D10 0.0126 550 356 597 383
D10 0.0126 228 413 266 441
D10 0.0126 291 426 392 468
D10 0.0125 497 497 562 520
D10 0.0124 33 549 105 585
D10 0.0124 189 355 241 386
D10 0.0123 546 422 585 480
D10 0.0123 355 345 501 415
D10 0.0123 163 571 248 600
D10 0.0121 482 563 551 591
D10 0.0121 500 535 557 563
D10 0.0121 45 504 159 566
D10 0.0120 443 422 532 491
D10 0.0120 137 395 195 425
D10 0.0120 320 550 399 587
D10 0.0119 202 373 281 429
D10 0.0119 512 513 594 572
D10 0.0118 233 502 345 571
D10 0.0118 222 374 268 399
D10 0.0118 163 285 260 337
D10 0.0117 446 435 506 459
D10 0.0117 240 299 284 329
D10 0.0117 6 547 82 586
D10 0.0117 202 383 254 411
D10 0.0116 340 337 431 391
D10 0.0115 547 411 593 442
D10 0.0115 322 462 387 485
D10 0.0114 536 540 600 593
D10 0.0114 130 515 171 544
D10 0.0114 413 572 500 599
D10 0.0112 200 394 256 420
D10 0.0112 223 475 360 557
D10 0.0112 371 518 425 542
D10 0.0112 105 517 161 543
D10 0.0112 195 434 264 473
D10 0.0111 297 467 378 497
D10 0.0111 239 544 289 573
D10 0.0111 348 433 410 457
D10 0.0111 526 395 592 439
D10 0.0111 73 486 177 545
D10 0.0111 555 448 597 476
D10 0.0110 184 265 286 333
D10 0.0110 219 424 270 462
D10 0.0110 267 506 390 568
D10 0.0110 250 422 295 447
D10 0.0109 230 475 305 529
D10 0.0109 540 534 586 564
D10 0.0109 209 337 261 360
D10 0.0108 476 505 522 530
D10 0.0108 125 567 225 600
D10 0.0108 89 522 168 575
D10 0.0107 235 410 317 462
D10 0.0107 245 457 324 492
D10 0.0106 230 416 280 453
D10 0.0106 558 544 600 571
D10 0.0106 350 527 410 549
D10 0.0106 230 269 317 309
D10 0.0106 373 516 458 561
D10 0.0105 0 473 72 533
D10 0.0105 213 404 262 430
D10 0.0105 200 332 278 392
D10 0.0105 235 486 275 509
D10 0.0105 286 546 348 571
D10 0.0105 214 486 259 509
D10 0.0105 61 536 159 586
D10 0.0104 402 345 499 394
D10 0.0104 349 375 396 400
D10 0.0104 379 443 437 467
D10 0.0104 241 459 285 489
D10 0.0103 560 365 600 389
D10 0.0103 199 346 250 372
D10 0.0103 162 367 224 404
D10 0.0103 426 370 513 420
D10 0.0103 505 459 571 488
D10 0.0102 572 496 600 522
D10 0.0102 568 431 600 455
D10 0.0102 490 501 565 535
D10 0.0102 180 384 238 413
D10 0.0102 537 498 593 538
D10 0.0102 290 442 392 487
D10 0.0101 120 510 197 565
D10 0.0101 323 451 386 478
D10 0.0100 469 465 539 503
D10 0.0100 245 412 282 440
D10 0.0100 181 504 262 559
D20 0.1785 195 359 600 586
D20 0.1542 363 290 600 593
D20 0.0867 287 437 600 596
D20 0.0771 3 381 465 585
D20 0.0658 390 504 589 594
D20 0.0613 174 283 275 421
D20 0.0602 40 237 600 579
D20 0.0536 231 307 600 503
D20 0.0522 422 466 596 575
D20 0.0494 131 459 542 599
D20 0.0472 451 354 600 600
D20 0.0451 202 293 264 356
D20 0.0435 201 512 414 592
D20 0.0435 147 308 263 451
D20 0.0421 455 168 600 556
D20 0.0414 0 444 304 600
D20 0.0411 221 491 510 588
D20 0.0396 11 0 441 600
D20 0.0393 161 0 591 600
D20 0.0391 349 474 553 562
D20 0.0375 141 387 272 516
D20 0.0355 106 495 280 600
D20 0.0346 375 366 565 467
D20 0.0337 0 318 346 544
D20 0.0306 157 421 271 582
D20 0.0300 115 298 436 511
D20 0.0299 184 280 284 352
D20 0.0298 385 239 600 466
D20 0.0276 0 479 177 587
D20 0.0275 183 311 234 397
D20 0.0265 204 285 278 333
D20 0.0264 202 414 430 591
D20 0.0251 202 269 290 395
D20 0.0250 219 471 360 593
D20 0.0248 345 532 556 600
D20 0.0226 211 298 253 335
D20 0.0225 288 512 478 593
D20 0.0223 0 0 408 294
D20 0.0221 167 0 600 294
D20 0.0210 158 337 231 390
D20 0.0209 365 32 600 561
D20 0.0208 201 303 251 399
D20 0.0205 275 474 419 590
D20 0.0202 335 333 528 431
D20 0.0200 386 428 548 537
D20 0.0199 0 342 193 600
D20 0.0198 304 379 432 490
D20 0.0198 96 284 295 443
D20 0.0197 131 523 351 600
D20 0.0190 49 520 231 600
D20 0.0183 178 307 253 363
D20 0.0182 252 318 466 600
D20 0.0180 0 467 45 559
D20 0.0180 156 294 268 370
D20 0.0179 217 395 418 485
D20 0.0176 75 486 414 600
D20 0.0175 0 129 267 583
D20 0.0174 230 274 281 347
D20 0.0172 238 530 374 596
D20 0.0171 217 289 259 326
D20 0.0168 149 282 385 443
D20 0.0162 301 468 476 567
D20 0.0160 316 373 508 470
D20 0.0158 318 416 416 547
D20 0.0158 233 529 289 600
D20 0.0158 0 435 59 585
D20 0.0157 190 273 335 366
D20 0.0154 0 525 117 600
D20 0.0152 456 0 600 226
D20 0.0150 189 440 268 503
D20 0.0148 264 354 398 481
D20 0.0148 0 451 36 529
D20 0.0146 255 428 411 530
D20 0.0143 331 410 475 507
D20 0.0140 214 265 264 342
D20 0.0139 0 448 117 569
D20 0.0139 216 287 508 441
D20 0.0138 0 0 147 224
D20 0.0136 328 296 498 395
D20 0.0136 159 368 322 481
D20 0.0135 184 408 368 508
D20 0.0132 384 0 600 144
D20 0.0127 353 361 443 502
D20 0.0126 0 110 600 484
D20 0.0122 0 159 154 529
D20 0.0122 0 0 265 180
D20 0.0121 221 277 273 323
D20 0.0121 193 414 270 481
D20 0.0118 282 388 383 519
D20 0.0118 0 0 258 418
D20 0.0117 139 354 219 408
D20 0.0116 523 527 600 600
D20 0.0114 0 238 228 453
D20 0.0113 288 350 453 457
D20 0.0113 196 265 300 332
D20 0.0107 295 120 542 506
D20 0.0105 323 427 401 483
D20 0.0103 262 552 351 600
D20 0.0102 0 506 56 600
D20 0.0102 292 316 458 415
D40 0.0719 230 571 280 598
D40 0.0616 226 555 295 597
D40 0.0346 234 555 264 598
D40 0.0335 204 563 281 600
D40 0.0326 195 538 321 598
D40 0.0319 66 467 331 599
D40 0.0315 180 349 219 391
D40 0.0289 171 336 229 400
D40 0.0278 164 400 202 432
D40 0.0266 128 517 162 557
D40 0.0265 215 303 258 342
D40 0.0257 114 393 205 439
D40 0.0255 151 363 241 441
D40 0.0249 199 457 267 532
D40 0.0243 234 462 263 502
D40 0.0236 154 426 269 526
D40 0.0236 21 258 426 467
D40 0.0224 235 416 264 456
D40 0.0221 143 462 248 530
D40 0.0211 560 470 592 523
D40 0.0209 219 435 278 514
D40 0.0196 104 477 234 554
D40 0.0194 164 358 224 394
D40 0.0192 168 381 258 459
D40 0.0184 110 505 168 570
D40 0.0181 186 340 228 382
D40 0.0179 542 547 588 586
D40 0.0177 244 454 267 508
D40 0.0171 119 405 156 441
D40 0.0169 126 404 188 431
D40 0.0168 173 473 260 556
D40 0.0164 209 310 249 352
D40 0.0163 136 439 223 514
D40 0.0154 217 580 268 600
D40 0.0152 120 412 174 436
D40 0.0151 99 401 179 446
D40 0.0148 12 509 87 583
D40 0.0148 191 323 241 381
D40 0.0145 257 538 356 593
D40 0.0144 0 481 30 521
D40 0.0141 374 555 462 595
D40 0.0140 173 399 221 431
D40 0.0139 258 279 291 311
D40 0.0139 341 428 419 487
D40 0.0135 325 444 406 505
D40 0.0130 556 539 593 579
D40 0.0130 244 556 279 595
D40 0.0129 234 581 290 600
D40 0.0127 241 551 329 600
D40 0.0127 190 353 245 406
D40 0.0126 554 555 595 596
D40 0.0124 124 373 208 429
D40 0.0121 119 526 158 567
D40 0.0121 304 538 393 594
D40 0.0116 0 102 547 471
D40 0.0115 37 489 94 568
D40 0.0113 224 425 262 464
D40 0.0112 19 172 399 374
D40 0.0111 248 566 297 598
D40 0.0109 179 367 220 407
D40 0.0108 358 443 438 507
D40 0.0108 223 453 261 494
D40 0.0105 237 280 276 312
D40 0.0104 0 149 262 339
D40 0.0103 174 393 242 437
D40 0.0101 211 361 247 399
D40 0.0100 0 473 43 531
